8795 3278 4896 2527 7190 3394 1912 4070 6573 7989 5693 2845 3202 8852 7068 2986 1597 4258 7059 834 7374 8655 2113 8077 9181 822 5697 1446 4547 5853 8544 765 3567 4291 9341 9085 9572 4898 9730 1347 445 1423 2594 9169 3962 9948 3155 6461 3543 9995 1379 3436 8956 8087 3562 1724 4228 6328 600 4375 6796 2534 9134 4076 621 9552 5830 9979 3499 8036 5543 2264 8128 1101 3215 956 8373 9931 7893 3222 7373 9833 1925 5345 3503 9521 4880 7913 2457 3574 5658 3286 1823 4780 8394 7295 9883 7832 9655 6446 
2409 9133 3268 9278 5605 3526 9785 1149 6133 5542 5978 2424 3074 6758 8715 5104 4966 1383 4347 2128 1188 125 3549 5053 9195 3948 5303 478 7536 6464 7674 5043 5129 5241 7160 7460 9095 8034 6944 1375 7519 5593 6611 5716 2487 5472 2416 2553 4418 5848 6231 7103 3028 6191 2238 7017 2043 552 5596 2565 7129 8356 4839 6666 3664 402 9415 3498 5630 8196 5791 4814 5729 2395 2411 8502 2482 3405 9091 2964 6890 9818 5996 6985 5393 6666 8659 2242 9545 4667 9026 6102 5800 4810 4548 6692 9794 3931 2957 9861 
1668 7743 1486 673 1653 117 6168 1190 5745 2134 3843 7824 7559 2665 8524 8515 1644 5886 1826 717 2214 4930 4368 4283 7176 69 2982 610 7402 5620 8186 670 4953 3281 8502 9077 8288 7469 1564 9322 7101 9352 2416 4627 6294 8044 9584 1152 2741 313 6270 6739 9525 2818 7572 1049 6046 968 5829 7595 1614 2643 853 2112 5349 8796 6321 8752 5012 2960 7308 7841 8473 3118 2005 9007 6636 9395 336 2483 6162 1836 9328 6791 4864 960 517 8978 1319 8139 2820 6289 8720 2976 294 1709 1264 8398 5691 378 
9673 4917 4490 1794 4338 8026 5510 5580 4746 1632 9925 239 2013 4059 1428 3152 5014 1566 8285 6650 5208 4748 1869 8142 684 8258 6445 8033 342 9066 7635 2148 4465 4871 2878 5083 1769 766 4922 6901 400 8203 1924 7323 7266 4714 7953 2914 7836 8168 991 9225 5789 9915 2283 5695 5307 2798 6890 4611 5048 3221 6816 2784 7204 5314 7308 2427 2323 7133 669 1883 9505 9224 278 8548 6710 7458 1102 4762 9525 3368 3539 3386 2891 1247 3640 8202 2012 6674 3528 7186 2530 1624 5974 7662 9373 614 3586 6573 
8651 1161 6095 5533 6864 3282 2092 7225 8029 1955 5086 7624 3979 5286 6512 777 4660 1391 2038 673 2373 9489 5051 2601 8009 3825 6323 2132 7688 1409 1307 5312 1741 599 449 6705 8192 5711 5096 8561 6384 2137 935 4571 5974 7101 7795 3117 3295 296 1540 8058 3087 3205 9799 2759 156 4404 7462 7753 3830 2667 1047 5378 5147 7112 9294 6582 3942 9620 5090 322 498 6778 8424 5260 5183 4427 9332 3209 5275 4813 6013 5830 9755 8712 394 2145 5354 5646 7863 598 202 6317 7571 1094 7538 5408 4131 958 
3442 7289 5212 1182 3487 7831 2445 9421 6775 6546 3170 720 1288 4924 2272 6189 1975 4449 9901 1896 3584 1794 7712 1765 2887 2487 1293 7025 6374 1889 2178 8436 5724 4483 2143 4107 4453 9037 942 1010 1976 6864 8547 4635 9328 4816 2753 4729 6387 4213 3411 8269 5090 5134 4812 1091 8714 9390 7827 8395 6681 4379 9533 9662 4594 410 117 9855 6675 6625 7356 5244 4224 6231 8745 8647 353 8016 9617 2344 9262 9152 9084 2833 1955 6552 9359 8849 9027 7357 8559 2886 1193 8942 6827 2046 5787 9242 3526 113 
8621 135 3080 9054 9995 6425 6408 3619 1452 8972 5710 4433 5763 1494 4539 6055 3876 9720 4660 4505 4611 4527 5674 2716 4269 5132 1866 5388 9942 7087 284 1150 7725 6336 8857 5119 9955 9430 9356 9412 2212 4002 639 2760 1842 6285 1704 6035 816 175 9735 3640 2381 5803 1444 8642 3382 3378 2448 4242 5212 7660 7607 7347 4062 7536 5409 768 2348 4138 4113 524 3380 8364 8655 2281 9868 6556 3757 9881 2641 3496 4484 5031 8248 9662 2905 1351 4040 541 5682 644 5129 3208 2494 664 3572 8477 7688 2390 
8840 6100 1178 4735 4760 8666 8585 9937 3065 4119 8277 6127 2115 9283 1956 9528 5919 6179 3428 8954 7254 4284 5751 3995 8172 925 57 6979 8759 5629 5105 9180 3592 3863 5556 9676 4082 8002 440 1137 6495 8463 5935 86 1352 5679 8271 4823 2682 8278 8278 4778 5625 2880 8846 9741 6102 9841 8255 6765 7544 2927 3838 1321 7245 2643 6893 3890 9389 589 5520 1111 6575 4049 4327 1364 2137 1132 4467 8268 109 841 9398 4575 6786 426 770 1869 6355 1836 7458 545 1989 9189 4225 6675 4984 3861 9527 5490 
3396 2502 4752 7319 2192 6129 6360 3189 3755 6645 7908 4398 8429 3083 3921 953 8587 4670 4983 8603 8457 9012 3605 1415 2022 1042 7676 7963 1599 3621 2227 2727 329 6595 4715 2244 3317 6128 4996 6232 3828 9911 1984 3399 3294 9041 5026 6677 6230 476 3394 3757 9912 8125 5509 8360 423 1671 7313 3085 246 8806 9681 8604 9435 8674 5954 4286 4414 3202 2472 3914 6447 3687 1570 8138 2802 5877 4304 5428 8681 736 3695 3325 2626 2091 922 6282 2439 7553 5010 9357 3610 1792 9766 7493 4514 7937 216 724 
2118 5497 8908 6504 4115 26 9317 6594 41 8939 8591 9406 9106 3058 4005 5068 9377 3368 6307 5247 5375 7097 6923 1159 2791 2148 624 1810 5259 207 7683 1827 8500 1637 6358 5389 1827 9037 8687 2171 4280 3384 8179 4555 8765 2099 3875 7022 6453 6480 4791 9974 2819 7688 2405 442 6978 1932 2770 9756 226 7554 1707 5528 9177 8492 5842 2267 6328 8071 8168 3940 7863 9293 9621 2860 7760 5520 9931 1989 5484 1196 9174 7650 3143 7446 9910 7325 7274 1739 8304 1731 5408 1368 7168 7018 2523 8363 3269 2354 
4873 7358 2080 1717 8257 4576 1426 3441 4860 3596 6961 5073 6676 966 9670 4933 7374 7840 961 3146 7330 7092 3604 3996 138 7542 3788 7989 2200 3925 3169 8796 8986 2165 4853 7174 6616 1412 5153 3131 7920 5303 5514 9562 8630 3026 1044 9038 5015 6090 1760 807 226 7268 3177 9258 3596 1610 4281 496 374 3749 4863 4065 2966 2658 539 9797 2931 7213 5908 7518 3090 8522 4146 3103 1392 3558 5582 7218 1107 1290 2954 6003 714 9851 3798 6740 5633 7451 2418 3514 7724 8750 2169 5894 7752 2393 1249 2742 
8377 932 564 3679 5570 1800 2453 8518 2108 9580 7513 8956 4558 6739 6305 1536 8560 7858 5264 9945 6552 6714 3557 4817 3840 8268 1169 8034 5297 8287 5922 5545 5633 279 7461 3496 9269 9696 1066 2955 544 9945 3239 5597 444 9517 8867 6651 2594 1904 9307 4601 2176 7636 7322 8625 2891 7785 5218 8645 7006 9140 5300 7276 8897 1650 5909 801 2557 6931 439 6258 4475 1131 5754 8509 380 7530 6523 3597 2522 5457 2887 8200 1947 771 2994 9019 4952 9113 7041 3190 6208 3048 1281 5232 2856 8320 1874 4121 
3278 9351 41 4814 3411 6141 8412 9589 1622 4228 9529 6100 8065 8276 9913 7627 6746 328 4589 2118 8801 5654 4942 4066 1458 4531 3439 3488 6867 2561 2276 4609 7691 3821 8976 7662 3288 9345 7008 5336 9429 2913 6503 8833 9463 7634 1788 5413 634 1911 7737 6230 2133 9692 8918 7697 6690 5470 606 6534 8348 7508 5914 1235 4849 6305 1618 1291 7030 8188 1086 8039 8562 5474 1660 8144 1716 9507 2278 2444 1608 4809 2661 1752 9964 2081 9570 3180 6518 5217 59 8163 4204 9025 9881 2478 3056 5926 839 7010 
5657 3318 5102 5703 7621 6782 2439 6390 505 9957 9692 7064 6274 8859 2720 4843 5484 6857 2198 9384 7880 1518 6652 9883 5885 6440 59 4349 9028 629 2691 3318 3233 4333 5784 8054 1510 9333 7595 9122 6013 5832 8739 228 4561 45 5300 8100 7313 8871 110 5704 8775 5281 9222 5133 9946 7259 3286 9866 2015 4258 9541 9307 6097 2343 4638 5577 154 2926 6489 3860 3331 1493 6976 1742 6453 8903 807 8454 7494 4264 753 2756 226 4789 593 4409 5309 5044 4249 4433 4350 3972 3366 1779 4357 4950 5711 8675 
4725 8684 6459 3487 1629 3406 2116 8601 6013 3339 5746 3482 7620 2610 8609 3184 5349 8131 770 7658 6312 9417 1779 40 269 7208 8848 4998 6298 459 5042 1615 2806 2826 3662 1955 6181 9810 615 6865 3323 1530 5935 4617 1817 9826 3785 2966 4705 2302 8649 6898 9220 8111 6865 8719 1062 4698 4278 7614 8524 4980 3683 7255 4669 3989 584 8816 6953 1573 8828 8422 9355 5416 8198 5438 6079 3328 3274 2924 5435 7350 5415 4848 1628 4682 1810 4531 6779 4361 553 5504 3042 2757 4981 5163 8439 2703 8976 1403 
9018 8865 7691 896 606 4841 6008 8453 6158 7507 5409 3972 619 4193 7646 8887 4389 9082 7404 5096 3644 3232 4834 5593 6776 6780 2459 7733 8738 1013 6102 928 9537 7058 9326 4422 7756 7614 3421 1142 2274 1009 8619 6069 5181 363 8770 6617 6403 3869 7291 288 4498 6426 2605 6790 1662 4127 3493 4048 809 1949 3990 4911 4699 5099 9465 8059 2126 1727 9491 4834 2224 8163 7824 8408 7740 4727 2900 5032 5689 3630 7741 1711 5308 7476 5224 3040 8013 8417 7436 8548 959 9223 971 1620 5989 6496 5252 2863 
1220 3339 3496 581 5209 4089 5325 4949 9406 8419 6604 1074 3077 8616 4307 1902 7439 6948 7171 6617 1857 7874 2914 3646 955 448 9460 6568 3977 7642 8960 3813 9118 3921 8933 6978 7702 4597 9352 910 1256 5581 1373 162 4019 5935 6965 7519 2661 3019 1550 811 7582 3346 5847 7113 785 2442 1346 8631 5194 5314 555 3956 9927 1048 1833 8829 7996 3684 3311 364 8036 540 3795 3948 4171 1284 9076 7145 7761 654 7833 6853 1658 4046 629 7822 9017 3077 7994 8076 8563 9583 8922 1449 1847 2333 7702 2442 