1779 9209 751 4691 496 504 4810 458 9924 8388 4437 958 5771 2178 3078 5053 1856 8024 6592 9905 8691 8138 3828 8563 6352 8537 5961 3435 4193 3741 3452 4960 4796 2360 7988 6303 8003 4150 52 8045 9058 7114 227 9480 7535 2020 2704 8930 6862 4227 1910 8550 7701 659 6975 8057 2848 4414 4143 6126 279 4371 2916 8968 3572 1206 3441 7352 9924 4912 2590 6573 5345 1051 6235 2498 449 4325 3942 8640 6558 1920 5355 970 3423 9267 2275 2600 3356 4884 8027 7026 2780 6749 7384 3744 1107 3293 6984 4326 
3772 9335 4103 4064 4377 5040 8509 266 3795 2614 5765 7167 8765 3009 1141 5697 8638 6052 5884 6912 5448 5629 8654 7816 9444 1404 313 522 6879 936 2132 6272 8774 308 8211 5818 3016 8152 372 7909 466 5261 4371 558 5463 1559 1602 7473 9637 8053 8220 9919 3298 589 6575 4049 1132 4091 3314 9915 1103 2370 6583 4057 4611 7863 8000 2728 7233 9427 8415 859 4150 9933 7654 8911 4903 6598 1107 5749 7015 8046 8594 3973 840 6178 6180 3808 9184 5123 8118 1634 7617 6041 7539 4824 8614 6355 6062 8726 
644 163 7022 2620 1301 7169 1153 4389 7082 8052 5298 1194 5875 4798 2012 8305 6394 9043 3434 3953 1728 9810 5119 358 5050 4797 7954 8259 5021 4868 2721 508 7599 5357 3213 8986 1599 8931 2189 9512 5972 7274 1135 8638 7718 6142 8850 1562 784 4793 2586 3096 924 2927 4931 6261 1750 8225 2318 6944 9007 3677 4352 8910 7671 9790 907 6836 6868 8015 5950 1395 7234 7342 3528 5597 5950 7234 9916 2032 2179 5950 8211 372 6332 1015 8258 9176 3057 5848 6540 3055 1494 8352 6415 1177 5095 8887 8060 8848 
509 6952 486 9049 5509 5487 4458 4396 5068 391 892 2236 2260 2442 4485 7123 3904 2050 7908 2997 2275 415 9692 1047 3828 5427 8152 964 4642 4868 3815 6579 5652 2626 7339 4870 2794 7692 7859 8304 2687 3462 1395 5398 7365 5029 8846 6563 846 4269 2475 211 7511 4518 7535 69 1454 9527 6970 8666 9666 4997 3584 7690 775 9927 3707 5588 905 892 4715 8649 9276 6983 1716 7138 6081 2212 2111 9375 3667 7330 6695 3390 5215 4600 2598 4775 5598 396 5433 6500 8082 9360 9545 1711 1298 2621 2106 6713 
5823 8428 7562 7437 3299 2220 4447 1236 5913 6798 8149 9447 9041 1850 8765 9017 4584 8984 4438 6052 8597 7961 9997 2424 3098 919 9255 3112 913 6232 6491 5257 4640 9649 5619 7802 7779 2718 9212 2643 9251 481 2217 7470 9482 8596 5626 2728 2215 586 1697 8346 5215 4924 2912 1624 2227 3620 905 4752 2267 9768 4760 9169 7353 3977 1316 3253 8524 8491 5876 3641 348 2963 2169 3087 3685 5745 66 6956 2662 5814 1977 7849 6990 5789 1078 5897 236 4358 2728 5467 8142 4864 7531 455 3051 6988 3640 9907 
7868 8261 8317 7872 6081 6991 6318 2681 2212 2204 1507 3127 8895 6058 6057 9551 2894 6522 2825 2563 1694 5753 5705 8832 6180 9046 6560 2605 9182 7218 644 7022 1301 699 7386 2230 5917 6004 2426 7679 4300 3600 2490 510 6695 2834 1485 1574 1363 170 5485 5802 9757 3656 4216 2370 6552 8198 2268 2094 8243 3270 2638 8954 6214 6542 8025 7499 8682 3995 8172 925 4801 57 1197 9881 5786 8759 9280 711 351 860 7041 5665 3592 8226 6985 3522 6632 6559 3296 8647 5095 3184 7656 5046 5679 7218 2112 8271 
558 5463 3170 1602 9767 9810 8952 6571 1524 5688 2450 2070 1187 1836 6567 2615 4713 1464 6105 5300 43 6044 7578 6364 8629 3008 3089 8586 859 8666 7197 9808 5110 6875 2515 3132 5346 4770 7370 4259 4717 3558 1621 2370 4014 5652 7991 1458 8632 7654 3634 1999 6364 8261 6075 8811 8798 9861 7602 5836 9353 1660 6216 3818 4142 1408 7620 1952 2190 3898 2169 9622 5838 7438 678 6295 1005 8564 7185 2188 5053 8650 9940 5599 94 7005 5635 8837 8729 309 188 2594 6796 4568 4200 2394 5892 8805 6005 6687 
8461 6802 1356 6874 9090 4000 1276 8223 2623 7072 8988 6241 3573 5810 9035 7042 270 375 3444 6543 2711 7650 8989 5985 5136 6374 8884 569 8341 5728 5549 9428 3118 9848 9677 9986 6778 2681 750 5574 2104 9097 5294 2254 7979 8414 3399 5470 6785 8221 6407 7537 1054 4960 1155 5559 983 635 5111 7084 3351 1514 3507 7181 5637 858 9991 8625 6793 6255 5447 524 2787 4690 465 8375 7384 9058 314 3131 4623 7086 9803 2643 1470 5351 7403 158 6530 4523 9978 8112 7438 5392 2347 5406 1678 6665 3818 4166 
673 9288 129 7492 3804 3662 6294 9015 7205 421 1022 4414 9333 3869 2070 8058 4542 6571 6366 7550 4340 9381 3250 4363 821 1715 5495 613 9572 4951 8236 5820 3181 735 349 7449 5845 7377 1444 8456 212 22 752 496 1413 9376 3347 2701 3467 5485 8088 8764 2605 8305 641 259 2195 8254 8684 4336 7316 9019 5557 7201 5860 9238 6720 1195 3810 3853 7992 1282 1261 161 9120 949 1031 5806 5581 1934 1705 6256 1371 5307 887 5244 2698 7375 1199 6360 4874 1368 2358 5373 8757 9559 9210 9331 9439 2347 
6121 7408 1211 8862 1374 2450 7770 945 8680 9064 6002 879 5133 8294 9946 3347 9866 2015 85 8866 9913 6414 4638 3829 5577 2932 154 3995 6489 3860 3331 6073 1493 8397 6305 1742 1050 807 988 4264 753 466 2380 5182 3439 1448 6236 3191 7704 2438 4576 3787 8573 4950 3365 6981 1907 5653 8441 788 6698 1794 4004 9045 9002 4182 3659 6305 9950 3031 458 7233 1713 9041 9255 1223 5779 2584 3688 8623 4526 2317 22 7564 645 4246 6030 3676 6207 513 2357 8367 2486 5377 1988 5467 2464 6930 280 3769 
4519 6696 7228 7677 1510 2664 2651 3255 2114 5685 3573 6670 7505 5112 7145 6752 8867 6082 393 2603 555 2070 5927 525 5637 3722 695 3200 8648 8666 2243 2231 5130 3552 2588 9751 7573 5217 9713 8481 6213 4811 3074 417 5648 9104 9484 5136 5206 5233 3848 6582 5935 6802 1228 4408 2413 6618 8965 5451 5873 7970 8737 1501 4543 9652 6904 4475 7279 4917 2126 3390 7068 4984 1178 6895 9144 7640 102 8863 3935 7083 8754 5158 4405 7025 7044 7541 9100 7835 3070 767 5623 2718 3627 9055 6697 9923 5203 384 
9458 2483 7056 8263 6016 2793 3630 5420 3916 8546 9070 8901 3916 5458 9151 2035 511 5124 2154 6958 2233 2863 12 2243 8915 4995 8939 7787 7335 7708 4179 535 8152 5757 3913 3523 6526 4894 9721 9370 2779 6613 7057 3469 6659 2239 5774 2562 676 3641 4287 7716 9908 5767 2992 9673 7431 1262 9177 9142 6493 9782 6787 7533 155 2300 4104 4615 9254 9558 7851 5013 7719 9056 6546 9095 1734 9109 8257 3340 247 8499 3264 2951 7739 9898 5256 4094 1046 5707 6538 8729 3285 977 8476 8905 6644 2305 7554 5269 
9362 5929 670 1587 19 3028 8877 5103 8542 4343 8215 5818 656 6442 5273 8725 5915 4977 2148 2286 4069 4599 4911 4229 5363 6192 306 9651 7216 8070 6290 9788 4168 7142 3263 3820 9960 1442 5186 4742 5800 5625 3957 5216 553 2530 1513 9263 5217 9637 8027 1762 5332 1444 4156 2022 7220 9252 3783 3531 612 1647 2562 5572 7589 3077 9546 3581 7318 6100 1124 8697 8451 8353 6352 1006 701 635 7007 3173 7132 3303 6892 2914 2664 3327 9017 6781 6640 2952 3167 5437 9208 3384 4395 7110 8337 6182 4979 332 
4489 2574 8110 3204 2109 8899 2835 9799 3560 5979 9252 4891 1744 6796 5114 1023 1579 6694 9650 6299 7885 6845 1629 8033 309 5068 1500 6075 3701 927 8377 5621 5162 8553 2909 1537 1662 8891 2563 9302 7330 7512 3547 6359 8616 720 116 789 3148 6824 9220 9696 470 1751 1074 8288 2736 3551 7586 1652 1268 413 8624 3432 5920 9344 3062 2492 7552 6567 2007 3124 2615 8830 4713 5137 1464 6211 1593 5300 5145 43 3304 1311 1006 7420 6127 7771 43 5388 9460 3105 2537 7010 800 9768 3955 5121 7748 8955 
3949 7054 3216 4112 1751 7794 9695 233 2362 7121 408 9232 8124 7007 756 8606 6578 7962 2448 419 3961 7067 4188 286 6083 4628 8413 4407 985 8137 8450 5907 790 1331 2941 7188 6432 8476 7985 8345 5170 4781 3644 2937 7506 3294 1439 7514 6714 677 4000 4057 9709 1432 4006 2098 1854 2445 2148 2438 7987 8629 7797 2430 2065 7563 9095 6047 908 5470 7115 2415 1881 1456 8811 105 8460 1591 4253 4996 78 6450 8585 7065 7045 1896 2344 2609 875 1242 3939 7544 9343 9832 8563 9361 3937 4421 8391 5169 
7960 5967 9863 6836 8017 3150 6830 434 4573 669 6050 1310 3654 8317 3291 8817 4741 6215 4480 6501 7220 3004 7203 3571 1163 6511 1894 4688 1758 6429 3632 7079 2696 2504 5941 4464 8351 856 4678 2829 3047 4358 8846 9678 6886 5467 4878 4668 7233 6148 5739 4864 9101 9577 7531 8004 4454 1864 1709 1719 6362 1082 8776 6096 4144 1781 5661 8504 3381 2747 9209 4691 496 7709 6591 5145 5815 9252 4632 4212 8260 5202 4572 5700 8140 7922 1902 69 5521 956 3558 7769 5033 3021 5074 1146 6407 458 2361 4670 
2067 4521 4691 6598 3441 1331 7102 9280 9543 9565 6389 341 3435 9346 6728 6737 6457 9030 4270 800 5842 9780 1336 8576 5058 4806 6352 8537 6931 1813 9919 4129 5616 5619 3741 4381 3446 1132 7469 875 9807 3416 7037 2663 6381 9324 1270 3968 825 3492 9560 6284 4093 1871 1186 2436 7521 2267 6129 9081 5396 8067 8922 1073 428 8386 9772 7266 4379 3863 8479 8340 6227 6293 4557 4081 6014 6718 1004 3343 6512 7690 4991 9072 7796 207 6438 5987 290 5224 5104 2450 1346 4208 4422 8802 9174 3456 9427 37 