2199 6828 2710 4923 2507 6663 2815 2449 5329 5931 4862 6611 4190 9741 7011 1689 7243 5586 5943 5531 5690 663 8255 4166 3192 6968 4863 6843 8276 1948 2024 4175 137 9157 3343 509 5213 6904 8195 9181 4747 4271 8977 1928 3615 8047 8063 4239 6298 2027 3554 7980 1191 1637 707 1724 117 7123 1438 150 1715 4227 9654 5283 1902 2862 784 988 2001 6633 8592 9763 7963 4427 333 9783 7405 3774 8149 1481 6802 827 4954 9222 8539 7981 6158 7959 537 8154 1653 9225 3362 603 2844 7234 8535 1963 1849 1401 
3644 4435 7744 2632 2078 5981 1362 9100 5672 1062 5194 9890 7120 4640 3383 6067 7393 2214 7183 396 1358 2286 5798 7054 9305 804 1208 4504 2384 7306 1010 793 4448 7669 4580 8255 6706 3921 8791 1938 1347 4837 6708 1373 7394 2839 2698 8824 1830 8020 3221 5100 3558 2490 6383 4670 4720 6211 8275 365 698 7418 9998 997 4448 6501 9764 3967 8520 8859 4158 4690 645 4740 9250 1340 4043 3580 9502 3839 5402 4475 9781 3696 7914 9746 6056 6166 64 3512 8189 3551 4139 1215 9188 1598 6306 6419 1907 3391 
4990 4560 7303 5990 3386 5747 6600 6196 2563 188 1893 6513 668 636 1579 7763 6112 9225 8667 462 1742 6493 6808 1371 9196 2988 6692 4086 5310 5669 9032 1029 4233 5345 6588 8279 3153 5488 3 7061 5043 5004 4414 4947 2690 787 5850 7376 9815 6533 189 5038 5627 2989 9834 3536 8934 3071 5496 8630 3180 9479 9909 3535 1821 9128 8990 2257 4821 459 6030 9844 373 9808 1228 1883 3303 8488 3673 6526 8053 2091 7837 8991 431 4173 9097 8441 8247 1441 9494 91 6216 22 2336 6373 847 9474 5289 8125 
3999 5053 5809 2061 8303 8510 7985 55 7945 4553 4316 7690 9772 7886 2100 1679 6880 8166 2720 9595 3381 2831 5874 8371 8365 9082 6580 9019 552 5469 4928 2230 8811 2266 4002 3780 3615 8828 5574 9354 7486 2279 4397 9533 1271 7135 9393 8377 670 8990 3942 2816 9802 6158 8099 9403 5367 6201 7366 2748 4867 7288 3156 4618 1099 6174 8944 6682 4801 6270 4072 764 1781 6612 5551 2818 812 4241 8626 3433 3416 3936 8353 5799 1405 2866 4656 8793 7858 7607 3839 8561 2445 2969 9825 9098 9806 8066 1124 9488 
513 5348 279 7585 5591 1685 1500 5323 5466 3768 1883 1718 546 1588 3654 9658 3365 7820 3121 9012 7616 3377 1953 8703 966 2582 6435 9824 3865 3126 392 4272 2376 227 1218 5284 1422 3305 2783 6446 5513 7893 9551 6441 5010 6099 5572 7350 4345 3500 4115 4678 3302 6619 4802 7717 5533 349 7809 8894 2816 4303 881 7881 1340 8035 9343 260 4755 5394 558 5087 579 2723 6197 5418 9280 4160 898 5487 9490 3492 1910 561 7811 1960 6632 7668 2794 1141 5454 2291 8539 4430 1718 1392 8996 3283 7842 1657 
6761 8545 3899 5927 6479 7626 5667 7211 8736 3061 7812 5645 7275 6588 1605 8003 4189 2157 5153 2507 308 7571 2 2119 7395 1956 9299 1318 633 1702 4191 8553 800 2132 5802 3862 9777 1946 1930 9725 5902 9104 947 9271 5025 9794 5456 891 2235 287 941 3232 4491 2587 8803 2805 9924 43 330 9489 9487 3065 9972 5473 3688 9358 8969 7548 8110 6865 7546 7352 455 1258 1586 4112 3696 6345 6632 7891 4979 6013 1964 7497 7439 9281 7098 6030 8025 2303 1155 8395 7925 4895 9039 4024 1173 7655 4781 1865 
1061 9621 6337 7933 7622 8656 6246 5220 5389 6371 2294 3667 8963 3992 6123 8780 6515 8256 4202 2943 1041 8837 4468 3790 7307 4276 8363 4596 2101 4522 4937 3495 230 8070 910 6005 8139 9087 7946 9423 9677 1017 5488 332 2677 3587 7721 7226 7679 7893 6191 711 4327 7076 9430 2085 6603 6419 4889 1875 1453 4119 3642 4610 4145 9928 2540 3151 8136 2369 1617 1933 6578 8381 949 4468 26 9489 9974 9683 5093 9436 1907 6445 6343 9714 5231 5170 2820 2551 3834 4917 7111 6019 2394 2394 9133 5950 5050 279 
6294 5962 3646 9889 9265 9796 2439 5260 9721 655 4019 2927 3134 3856 2858 4936 4097 5019 1923 4697 1375 5110 2649 4359 4094 1363 4630 8187 8456 6535 5006 4431 5053 5180 7763 8826 7197 5396 1703 5425 9625 6346 5305 6015 2220 7613 8200 21 5477 9243 8054 9630 7239 5095 24 8518 6233 7339 7882 4750 1307 5327 3411 602 4666 1047 559 8858 4567 2686 3807 6786 6833 7927 7807 3591 3704 8817 2336 6036 6629 970 5930 1923 3479 8198 2269 5981 7431 3338 1437 1560 7802 5021 2211 1050 9117 1676 8779 5129 
458 6480 9044 5055 6832 3079 7585 3697 3119 9186 3637 7774 3744 3804 1713 3656 3374 4 451 8772 8282 7771 9480 7719 8522 3358 8358 4596 1653 9597 8327 1151 1684 9047 467 677 414 5576 3924 2663 7894 7588 140 8540 7492 454 1003 8722 3761 8326 1598 5575 315 5930 1613 4899 739 2359 9673 2165 5573 7184 5577 5361 3570 2335 5642 7575 8276 469 7931 7315 4803 7827 4538 9758 8477 2346 8390 1470 1063 6315 4708 6401 5542 2054 679 1449 1083 1264 1382 1190 8236 5671 1551 6185 4147 854 664 7212 
6719 3064 8030 8034 7989 897 3885 4070 5717 4670 2565 864 4051 7088 3858 9882 6751 4758 3449 1913 544 2489 229 1549 2070 905 4330 5095 6587 9128 2503 699 1024 4487 459 4927 3638 8800 3425 550 6616 681 6863 8744 8088 8631 4606 447 5352 8659 6086 4143 6023 2642 2488 7895 3110 7102 9862 9383 4330 2339 6652 3654 4432 7686 7439 1180 182 6863 399 4085 797 4136 4035 6278 1596 2868 9755 8961 4269 8056 5448 4762 9438 9549 5340 3170 2826 4308 5122 8852 3461 3016 6548 4205 8368 89 8424 24 
8876 7849 3251 3369 3081 4404 2380 4982 7777 7581 6379 3782 5042 875 4126 2325 4194 1728 6242 8160 9422 7851 824 5531 8764 2926 8402 6631 4908 8743 2922 8034 8233 3320 9018 5862 4588 9659 4606 2385 6290 133 5893 7999 9553 2806 3379 8685 3078 9620 960 5635 8517 7210 6726 221 8500 4085 3928 6384 8147 9177 5294 5227 6163 8196 6747 3924 8240 8461 6102 9974 3633 9662 7744 4670 5346 6925 6540 4802 6765 5369 6194 168 6077 640 1728 3510 8862 1294 2853 2567 1559 6859 3247 1939 2032 2438 9117 1316 
5107 4029 7939 3969 2446 5585 8438 1800 1427 6974 9716 7117 333 1194 3238 9444 7787 6717 1796 4736 6804 2212 92 9255 3886 5616 92 8466 5168 8133 7388 5791 2599 8666 538 4596 3786 3218 9521 5759 778 9085 5826 2751 7996 7518 7726 886 1407 3323 6503 3753 6637 7349 1410 3736 8501 3118 5467 7085 200 4945 7874 4084 2957 2460 1121 5335 6448 7829 7716 2120 5029 1568 3598 706 4365 8463 8119 9648 2249 104 6877 9493 9508 1968 3621 7568 2563 5258 4176 5443 2546 6370 8981 9674 9357 396 9441 5006 
5103 2453 7641 7060 9593 6117 6580 1929 813 261 9742 6243 5732 1089 2035 8677 8270 1016 2972 8860 2942 8466 2479 5260 1280 7388 4596 2388 5781 4382 5759 1643 9485 4839 4362 9997 8142 386 8665 169 9985 9119 6233 157 7283 7706 9245 8060 5982 370 7103 1797 2876 1709 6711 1615 7560 7378 7778 4054 3836 7342 2487 9757 8843 2735 6590 9047 2539 467 7596 677 7652 2539 7409 9616 3109 5469 6652 9294 2545 4667 4132 7048 8338 2269 3025 1437 5021 3277 6788 9287 7333 2468 8793 7641 9956 8575 7828 7384 
8328 9318 8704 4473 3800 2235 6340 2686 2870 3875 4028 961 6979 4017 513 7733 2184 378 6329 6317 8571 1867 5437 6413 9487 2946 1213 3349 9512 5192 3628 320 9136 1737 2537 9843 6593 60 3983 5720 8380 3920 6201 1312 7789 5586 142 4684 2214 817 2241 1534 4078 2685 9705 2163 7510 6070 2278 5250 8665 5790 7719 1988 5184 4122 8027 2207 5099 7641 3764 9211 2981 8664 4409 4468 6226 4527 6542 7349 6979 9094 6407 5887 5349 397 8600 6106 8920 3196 7436 6926 9667 5754 5765 3994 3698 1499 6136 6007 
3674 7580 6923 4559 8391 2473 9342 4548 8506 4213 3565 2303 975 1761 4900 3614 9615 3012 3303 9361 8953 6232 7573 1956 3077 72 4110 2326 8531 7427 6477 4479 226 1447 8284 5413 8722 304 2789 55 6167 134 2428 617 9339 508 2894 5959 8712 9420 5589 3044 3752 6126 9753 2905 8693 1866 974 1206 847 2994 7899 899 9120 4780 5062 2385 1114 6623 9699 7702 8841 4706 9486 6539 8924 3229 2928 9448 3042 6826 6776 2795 9249 6507 4677 1642 4528 4737 7121 5885 7796 1499 5913 8301 7769 7269 4841 2375 
4411 2409 3095 8033 7761 2142 4443 9801 6719 2768 882 4566 944 7197 346 5823 1254 1531 3830 7382 3502 3393 8755 4863 8566 1363 6026 3952 3971 7325 4138 2858 4097 8551 4262 3379 7421 6529 6418 3556 617 4755 3353 1582 5975 2479 9397 4055 8898 8981 2643 3809 9766 5735 9418 8602 651 8787 4919 8858 2345 762 2461 9293 8576 4247 5083 5303 1257 7643 4680 8834 2636 8882 3016 7850 9163 9825 1151 5093 7101 9038 9653 2906 9700 113 5366 2889 5751 1345 1096 1416 1493 6332 9541 2549 3924 4299 4480 9022 
6295 8538 1514 2216 2492 1350 4432 6179 5144 3010 3035 6163 2026 6847 8150 6343 1676 759 1146 5800 791 6728 7527 9439 5782 4015 6329 2392 2043 6288 3069 3362 3079 6681 7861 6589 9270 2711 8460 6600 6391 1669 4232 8152 5683 8890 9349 6152 438 6138 2737 6259 5761 3552 4737 4726 6638 1265 5766 6507 5896 3578 4225 6391 1518 6441 1832 505 842 677 1378 5289 2620 7640 2632 1081 8177 1257 8400 5216 9245 1079 8243 1097 1044 6494 7502 4135 8503 6594 1234 8154 1009 9398 5289 5729 275 1810 500 9439 
6423 268 343 9547 9540 6858 8642 3036 3848 4874 9355 7582 4752 9660 7040 7047 6256 1311 8237 6247 8323 4406 7783 3751 2303 5508 3206 3514 8603 7733 552 2963 5103 7197 5889 1504 3931 2059 3881 5080 2233 2322 4925 9217 1799 9800 6218 1188 3543 7014 6217 8383 1034 2571 2723 586 3563 4370 9934 4881 7764 5367 4447 1584 143 6526 8523 9097 8633 1772 6820 4796 7839 6201 7582 2970 8451 7601 5773 3406 9637 1061 3842 8381 8253 6555 202 4723 5401 9951 6845 7608 7843 1467 5408 6923 1927 1762 3936 4218 
8968 5375 954 1662 1123 8980 4772 1488 7920 1858 5885 530 3 1552 8454 4431 4467 4568 8093 5220 6144 6341 8570 5925 3453 1188 1362 1805 4686 4518 9252 9176 2633 5586 1512 9952 1788 5216 3548 3862 649 2051 7342 280 2920 6556 3033 9847 1533 9091 8239 6570 7929 5689 7316 8677 7965 4518 5189 8557 6486 2073 5742 221 2443 2635 6625 2447 9814 860 6474 4278 4197 8098 2543 5986 5941 5361 2278 9534 3758 9868 1933 1017 3272 1673 2258 2030 1767 2699 8901 2817 4665 7129 6324 348 4455 5326 5147 6593 
179 6879 1034 1038 17 9834 2740 4691 4834 8989 2736 7250 8317 6549 2445 5316 3214 2686 5227 6847 4807 5736 1276 2106 5556 649 2112 3614 6081 1842 8140 6511 895 5120 9555 1688 4291 2337 4036 9047 2620 4699 6996 992 2584 6143 2698 9206 4648 6354 930 7611 2604 7887 9381 3503 3192 2503 2933 7068 5442 1785 2597 7513 513 58 9711 6486 2347 3591 8021 3130 6657 5710 823 2026 8714 9449 8192 5209 6174 3913 4646 3994 1210 7547 8343 8922 865 4664 8033 44 5042 2633 2097 4806 1837 9521 4563 5556 
2011 3826 6608 3131 6016 354 4377 9364 1433 8979 323 4916 1879 963 8665 6751 3136 2754 8451 3164 7922 7667 9865 5712 2193 6708 963 7576 4482 441 4631 9988 1551 1149 2753 7858 1421 1685 8736 54 4536 452 7902 622 3278 3424 9621 2577 9405 2764 7084 896 8858 2250 3804 8955 2624 1656 9565 667 3745 6230 3007 1299 5564 1713 4412 6036 2284 8021 3308 2047 173 2747 5878 4984 790 7092 3731 122 9819 4804 3877 8961 9513 1487 3143 4802 2650 2866 7334 3893 8510 3502 8474 8755 2486 9788 331 3209 
2946 7678 1704 5007 3376 6343 8874 1676 6878 1146 8374 7756 9421 5279 2616 8921 1137 8307 6964 1853 1120 6234 3008 409 6630 6123 7996 5300 967 4341 9345 5917 8666 4871 8123 6354 5258 8685 9508 1008 3721 8272 1875 7975 8718 1969 3049 9719 4525 9834 8678 1065 4429 7844 7360 1419 5083 3435 3606 7651 4012 2023 7104 9049 1868 5299 2505 6739 3363 9123 8938 9624 8185 6478 4263 6686 8821 7469 1555 2246 5757 6779 2158 611 1500 8112 5325 255 408 1027 1639 9157 5750 6281 8337 8151 1277 2924 9205 5770 
9613 5509 9502 7069 9221 548 6392 5959 7438 8934 2812 5183 7515 8266 3782 2163 2834 5397 2953 6869 1724 1391 4983 3203 738 3625 9028 8712 1748 9001 7869 4598 3069 6450 8897 467 3947 6847 984 3198 1383 6169 2388 1286 9333 7661 1507 9462 28 4849 6308 5727 1486 8690 425 8846 7149 5291 5593 8513 6684 604 7664 3604 1126 8570 2580 5941 7460 1561 3144 9211 7152 783 6847 2941 6024 6867 8200 7025 3125 790 2749 9651 5313 929 8442 4944 7536 5963 1932 8419 8577 9654 8185 8618 6809 5478 8649 8090 
3881 2938 5644 7217 3982 7091 5437 6413 331 9487 7678 1213 954 482 8351 5404 5192 6904 320 1248 5658 1737 3525 2537 1059 5762 6593 1112 5465 9196 553 5240 9988 7639 1194 9417 7564 4106 4153 5593 2808 5054 9846 4257 8511 5639 6549 8719 9607 4984 61 1253 6107 2977 806 3107 1283 1512 3728 3779 4268 6615 1865 5102 1249 7154 9878 6426 6160 5655 1459 5864 5754 5529 4809 672 2750 2017 922 6883 5235 7964 1418 7124 9534 3485 5321 6350 6510 3484 5312 2416 1468 7197 4993 5159 836 7188 8856 9154 
7526 8995 8329 2814 4156 4464 3311 3675 2034 5702 730 8922 7517 8346 8416 3906 157 3966 530 278 903 7776 6832 2833 8743 3698 8015 7982 9425 6233 4663 8037 1417 3519 9743 934 1183 5925 1699 7137 6277 2552 5109 8347 9835 4605 2073 8382 6729 6734 2509 1270 1149 6134 4814 1549 7046 7046 8459 1334 8110 795 6624 4001 2607 7889 6502 1339 2951 2324 1244 4331 4061 8999 816 2290 4070 1122 8933 8825 2486 4993 4902 2185 4733 3427 8369 2804 5580 8571 3389 781 9540 8055 9788 5539 4783 2023 5846 2300 
8156 1648 7752 7921 4750 4899 9890 5697 7624 6114 2818 5783 6047 8348 1452 1441 5623 9003 3915 2691 3257 8610 8618 7805 4749 3036 9183 6632 5933 588 9574 8754 4131 2283 7718 6948 3106 7261 4080 2535 9259 5521 4511 8262 1800 2693 6763 9572 498 8960 6034 4893 6622 5196 3288 6196 3772 4832 4373 720 7938 7986 5744 5003 3939 9421 3266 7574 571 6069 4337 143 2920 2201 9103 5306 6697 349 1928 8245 3637 4477 4900 7409 5661 9273 4481 9951 3611 6856 5695 5677 699 5968 7540 1480 269 11 7600 1027 
9127 2000 7467 321 6743 1652 3565 2303 3331 564 8279 86 4832 3939 7574 2920 3611 5968 5114 7384 4356 6344 8277 8753 7253 6320 2430 7894 5941 7310 6949 1518 4225 8001 1324 8000 1801 5994 4917 5023 9375 3054 3188 3510 7331 2144 4449 1513 3529 9851 6431 5842 329 5654 8260 8612 3398 6856 7703 3073 830 7028 2370 6016 9332 1203 5028 8146 1548 6688 3434 9289 8653 2332 1807 9693 3801 1527 5505 5800 3720 6529 4753 8802 5548 6654 597 3411 233 6085 8118 6708 808 4678 8233 7406 4531 4355 7990 8804 
719 7684 1423 3396 4645 7027 6121 5050 3327 279 6294 7013 3646 2158 9033 8067 3511 9796 2439 7490 9444 5738 5724 7945 2751 1395 8120 6821 5362 9459 6668 789 6325 9565 5575 3136 8339 9692 7116 1951 1627 3938 2520 4222 9563 5217 4705 8264 1451 3338 7802 4763 2211 6788 7333 4729 4906 7146 6743 8598 1773 6335 3494 1996 4912 8144 1810 9009 4805 1298 8573 8150 8878 9777 1691 4882 7729 3209 7509 5498 6643 2378 538 277 2339 864 1945 8549 9460 8325 6279 7442 6976 1222 1250 5465 1311 2247 5612 9532 
6927 9576 5049 5838 1736 2643 4502 3529 8192 3240 7559 5706 9632 7721 6755 648 5193 2556 5835 4764 4186 3147 3360 3125 7255 2520 7737 9116 279 5738 7388 1544 9072 7047 7278 2607 3755 3508 3403 3423 3414 8060 730 6321 7168 1235 5733 6006 3964 5483 8873 3078 8334 5968 8988 8690 114 2406 5460 4672 5666 7475 8381 8329 8563 2180 9572 9226 1368 1728 270 2567 9707 3730 8558 1867 2336 9313 8069 3630 4418 7558 8390 3828 2549 3884 6315 4708 3811 5863 493 1582 13 3786 5841 9848 9097 4259 4387 5733 
2035 6932 1108 8157 3914 4169 2903 754 7654 839 7418 3421 9379 9614 6270 4421 9141 8477 1207 5681 8506 8390 3828 1470 1063 4708 3257 8964 465 8435 1764 8858 3800 8594 7927 5525 7807 5340 3098 8069 3630 5681 7879 6909 5863 1207 679 147 1083 5148 8055 1382 1205 1475 9050 6038 8909 3044 2866 3 6399 7401 6449 5969 5545 6866 3571 5961 6375 258 7041 2116 751 1429 3652 8880 9534 6183 6990 2493 4640 5711 9846 938 5066 7208 177 6683 252 4031 7220 3315 3310 1931 4368 3214 2373 8423 9361 4721 
8588 6203 9995 6600 5832 8678 3820 8340 1078 4992 298 8637 1031 3828 3249 9289 9762 1606 9049 8944 847 8707 6076 3166 4772 9806 1486 6386 3474 3930 8931 3022 2634 5550 4481 476 4804 7496 8810 6220 5911 1482 2992 7851 1828 3063 6023 9983 5807 3531 946 8637 9406 4784 6699 3985 225 8189 6439 1256 663 9198 7049 9240 156 6872 3985 7319 4181 4731 2127 2131 9764 3719 8036 2660 9488 8290 9509 4026 9497 4564 6570 7908 8325 2121 121 8012 6884 2883 2346 9857 8895 9708 7846 4284 4945 9564 9282 4108 
2013 1322 3767 5064 5983 4496 7008 4953 3984 9507 9210 4395 1726 7102 4644 4339 3035 6361 9142 7387 3359 4265 6994 4519 3542 3349 1299 6473 3094 1369 5871 6213 9894 9328 2357 1718 3215 3142 8027 4067 7237 4695 2854 1094 2671 926 1398 7483 2429 2741 2661 431 9996 6324 6031 8754 6964 2676 9901 7813 465 7357 9818 789 1776 6556 4399 1654 9873 6509 6885 3697 9652 3204 5234 862 6313 2515 1528 8707 1996 4796 672 7174 8412 4188 1616 6235 60 3714 5749 5332 9895 9552 9618 3291 2513 19 983 8401 
9329 5593 5612 445 9180 7888 1642 3970 7285 7566 6746 2587 2774 8447 3139 8906 4082 8052 8190 884 160 4659 2540 1205 6862 8048 5996 9068 6625 9832 448 2261 7764 8832 9891 6298 272 5497 4865 4988 8624 6921 1081 6520 8586 9978 971 5742 2662 6408 7530 6141 7382 9861 7058 2581 8354 7007 8430 2251 9384 310 4466 5834 6103 2353 4838 5188 7259 27 5320 1538 8514 196 3029 3873 8687 2987 1103 7766 943 4120 8941 963 2065 2856 8077 9555 5433 1797 3435 9017 958 9205 338 3098 6935 9717 7778 165 
6612 3674 715 3336 3533 1212 4617 7847 4421 8989 813 4276 1225 4758 5247 4168 6772 6349 3389 9773 268 1756 7222 224 2602 6903 8747 4301 3856 3 9322 2382 5535 6720 5928 2834 9737 9354 9563 9821 4031 5495 9612 8644 9708 306 6934 8572 3033 1577 3686 4137 6756 6296 9832 3574 3313 4066 6698 3240 1723 8193 6021 1090 9172 9150 5098 4842 520 9332 2716 860 5129 4148 7558 5688 9824 6445 3288 5897 6253 7445 9391 1776 5686 8919 4922 7366 6084 8764 6540 8661 4658 936 3803 456 2407 3504 210 9994 