763 7466 8967 586 2023 4974 6972 5043 2947 5577 3593 4762 501 3220 2091 5628 8007 9515 157 3155 4749 2172 1585 2934 9205 7297 8158 5290 7181 5213 6519 2109 6363 9876 4525 387 4016 2126 236 9693 3474 3671 1068 5123 8545 7948 5982 8764 9210 6377 426 2932 7296 1006 5539 3780 1738 8015 9978 864 8851 6083 5789 8753 8454 8078 7355 834 7643 1462 6545 2346 8657 7176 6950 1507 8213 5206 694 21 9569 9747 9220 93 9855 8518 4770 9302 4823 4632 7261 6852 4760 34 9544 9938 1077 7866 60 4969 
2743 4433 7396 447 3100 9670 3746 5472 3451 8947 685 5390 2231 4390 1061 9453 7126 5484 6020 273 1036 3207 5414 4867 4002 8304 9204 6552 5603 8188 5247 1321 4686 5322 2418 7830 5591 5894 2290 6538 7473 646 7992 9667 6856 7017 3185 9095 9073 2007 6555 2051 5221 6417 2068 906 7165 1759 8324 3949 729 9686 7779 9624 9779 2574 6075 855 4148 8020 9225 5220 7107 8299 8483 5293 5641 3919 1287 6207 6113 671 3979 2654 5487 2544 1123 8784 2665 2630 6811 6833 7150 60 6981 8362 8470 6255 5924 9156 
4449 9942 2570 1323 6976 2915 8494 43 7887 3891 1997 3563 644 1626 6413 6201 6526 7447 2935 4025 4631 8226 2673 4859 9661 9500 2565 3676 1292 768 269 1721 6535 9733 6526 7221 1116 3965 8432 619 4401 1432 1667 7610 170 6123 3512 5830 8574 7744 1775 3284 8983 3345 3012 8932 6253 5171 4346 3186 1059 5956 9801 3021 8022 8241 3239 5370 7013 9743 3784 1472 9000 573 6262 2640 5045 4863 3662 3601 8514 8890 7343 7438 4703 9238 5494 2453 5969 5968 3874 592 295 6310 4206 6936 9170 3253 6200 7078 
6304 8252 7057 9969 4411 8656 7074 2862 1650 5583 2582 444 315 4244 1000 9803 539 6882 9595 2159 685 3298 3072 5195 7930 8827 4239 2232 2561 107 5215 2158 5619 9223 8459 6213 789 4114 2483 7772 4690 9920 191 450 5378 4731 7311 4023 9570 7340 4882 6681 2587 7870 9128 9407 8404 4397 1634 9141 6804 7364 5890 4045 9392 8391 6893 2337 8362 9078 3595 7834 100 8179 2786 6719 4642 9461 25 3958 1995 2798 5247 2285 905 4835 9743 5412 1290 8237 7535 2931 2965 6547 7151 5697 6289 2416 4713 1877 
1090 4040 5809 2729 4875 4189 7317 4067 1831 7954 4762 4858 7271 359 6056 5188 712 4825 6253 6702 3696 2885 5099 3277 1491 6367 215 5869 6853 7857 9594 7182 3389 5517 9727 238 9147 5294 9384 788 2538 9956 1921 6062 9402 7055 2936 4475 8594 9435 9630 571 1500 5234 483 1227 5843 7074 7490 28 9435 6375 1533 1857 2107 6625 6531 9162 1180 9467 8487 5656 7922 1638 4985 7098 6572 7582 717 2415 1008 6257 3818 1309 2937 7097 9012 822 9854 1599 8313 3846 7476 5027 7597 2315 683 6590 2321 3349 
3688 1812 9921 7622 2529 8688 8630 9973 8801 1282 7583 8379 6596 8912 4586 3817 6863 7664 1345 6727 2691 5294 3374 1985 7007 3859 6928 6000 6389 1968 982 2714 3266 3996 850 8728 3314 0 2565 8927 9293 2992 4688 1344 298 3025 9744 1402 6937 7402 6344 8905 8385 9058 2172 4520 3022 4487 6820 4153 6718 9581 6011 2573 699 9223 8298 6751 1512 4758 7069 6321 5496 2341 294 8670 7864 1180 2415 7181 3480 1075 3965 7762 666 1582 2589 8515 1220 270 1972 1002 422 879 370 4191 463 6112 4215 37 
936 7964 3018 3055 6122 3996 483 4131 397 4969 3060 394 4474 7079 3447 2626 2661 4034 6362 4314 6474 4810 5810 4702 3688 4093 8195 5099 1584 7004 5193 8696 9004 1145 4423 8224 7142 4467 3020 9758 1012 8389 7785 2008 7552 103 7277 7010 9444 6288 3206 9591 533 8934 1126 7441 7631 7351 4594 4562 9372 1038 6282 8901 243 6237 5159 6782 326 5905 1471 9083 1187 4632 6263 7467 9437 4236 4839 9928 6824 2351 5533 544 6534 7036 1829 5005 9622 6789 6351 5941 6535 2941 9067 9869 6584 9279 5646 1078 
1015 2343 5057 747 5608 3588 9479 7684 8534 1023 1383 6503 8585 9497 7158 4463 7048 1540 7305 1952 3183 9829 526 8695 1009 517 7603 5450 3449 455 5017 5418 933 685 9989 9824 3251 6555 3363 8712 8601 923 2676 3573 7748 8282 2869 7268 5959 5798 61 624 8376 22 3729 8419 8317 4590 3576 7793 4985 3948 8094 7529 7424 5728 5525 6793 2906 514 7897 3002 765 7443 4569 9198 3495 1549 357 6795 3109 1376 1254 3951 8851 3830 8978 7382 5998 8434 1960 2141 4238 8216 2592 955 5728 9415 6561 911 
4684 2420 6988 1811 6504 9958 980 5147 5829 1220 188 1980 8549 937 4058 324 5997 7043 748 9707 2564 3768 8770 8189 2661 4405 2767 3814 5591 5095 8518 6039 7090 3710 7001 2030 5845 3612 5327 3952 4150 5252 2507 6170 9707 8443 6378 2651 7456 8049 9601 3803 843 7421 7261 2660 7885 8956 2679 2310 2397 3869 9054 9407 3216 1133 6962 7110 256 7621 3821 1207 162 1849 6532 7271 9419 8914 9332 4984 6796 4850 2874 7438 8951 3730 7979 7585 2364 4412 8835 6203 544 4652 3455 5365 4608 8556 8313 8183 
2146 2387 9677 9011 9555 3645 6264 5693 8212 1451 856 5732 2415 5939 1548 3280 2534 1155 8943 7939 84 8954 8529 3369 981 3736 238 8158 5402 4230 4958 7560 2524 905 5906 5095 6587 7387 7613 6423 4280 4265 7760 1038 4469 6616 6994 4570 1576 5906 9891 358 3349 897 7652 118 6473 2253 7706 3094 5059 4413 4658 1791 2688 2668 7711 5989 4374 9894 5719 9328 1346 3741 2357 8662 8238 6704 7143 2965 1180 4071 1569 5243 7212 505 1089 1537 9055 3716 8049 3346 6260 6683 9261 5425 6514 4310 919 5667 
1582 6086 9148 6165 2049 7072 3079 4576 9 4963 1773 9186 7347 3587 7823 7442 2875 2985 7699 9886 2457 6623 7188 972 2619 5497 286 6814 4729 5728 6659 6767 8090 8759 7305 7489 8538 5525 6265 1929 2190 3390 7340 1563 1550 8124 3123 2479 2847 5853 9178 1904 2683 7184 5410 4984 7265 9725 4936 8049 585 4262 6769 2889 1362 1286 5478 7153 9805 3356 7261 493 6909 8650 2425 9651 2479 6805 8898 1471 5841 3438 9891 998 4409 4068 5075 6354 5750 792 5560 7176 4663 4341 1124 9241 1314 4934 4642 3930 
7882 7907 4422 9902 9209 4651 1434 266 5271 5753 700 281 4311 5253 6533 7307 1226 5015 5877 6449 9087 6367 8860 4402 4479 3699 5935 8249 5305 6472 1837 8875 9214 6317 138 7546 1366 2977 8119 1940 9282 6478 6562 8524 9876 7594 1089 1537 9055 2008 3346 6260 3681 6109 7704 4917 5422 6514 4310 8797 5667 7779 1717 7826 1883 3380 4926 1263 5641 6704 6465 111 6739 7707 2171 2198 1175 1057 5602 4596 9481 3380 498 4963 1702 9542 5374 9057 6167 6944 4439 7992 6858 783 7658 4871 7658 2291 1143 6729 
7441 5723 1739 1510 4246 9048 6393 6764 6987 6858 2090 7054 2555 836 6638 6216 2202 6030 1700 8379 2013 5237 8130 3376 7335 8924 4772 3161 4187 6838 4362 5508 6438 2131 1770 5950 9676 5080 698 5161 1795 2025 3670 9640 6536 2222 695 8868 8770 764 8262 6649 3069 5686 6450 3750 8012 2328 1662 4942 5593 7465 9192 7873 667 7878 3122 9541 8685 6005 1404 5086 2546 4590 2717 2521 7759 6703 9040 6600 2271 2257 9298 1604 5715 6771 689 2290 5759 4070 9372 5917 2830 1306 1394 8533 7523 27 8618 8292 
1933 7412 6902 777 3169 2164 275 4603 6913 4420 4782 4065 4021 2394 9367 9624 2111 9088 9615 8453 4803 6353 9854 6861 9449 2567 4260 7768 4936 5356 9126 8827 1447 717 1747 7634 740 9706 6403 9275 8790 4274 6021 4959 5183 7582 4312 5315 8170 9495 544 8313 7409 2543 7841 8771 5251 731 1777 5612 5080 5609 2537 481 6284 7649 7614 655 746 820 8796 3360 4511 2929 6957 3342 5904 8817 4299 8445 5921 3361 3059 2248 7018 3425 550 7217 6616 7719 1263 8131 4380 8084 8092 2322 6503 785 4915 4975 
4606 1133 9889 8868 9032 3952 5736 1606 5597 2332 4796 3996 3266 8030 3060 1560 2842 63 470 5624 496 8979 3556 1981 8727 2903 4421 7263 7173 6838 2013 6901 3866 688 6207 5155 6008 9211 2642 1263 8345 6105 8719 1649 2946 1045 6829 3879 5401 4391 7776 3885 123 961 8272 3878 7805 8547 6663 8479 8776 665 1680 4679 8166 354 4768 6808 6999 934 4147 6255 7746 3928 5477 5213 4208 3579 3905 6696 2560 552 1885 2980 1649 9656 2849 9133 4437 4578 5852 4046 237 6616 9170 4533 794 8229 2963 6828 
7819 226 3289 3308 6776 9524 1964 7737 7284 4912 7776 8915 1060 4692 2799 4097 5786 1936 8514 5291 5509 4261 4803 6586 4763 486 1104 4583 1754 2355 9357 7399 701 5877 7066 2950 6505 5136 9512 7647 2087 7395 4083 8515 6604 4464 5032 4388 849 8326 9933 2969 7959 8995 4887 4461 9221 627 9120 9897 8726 380 5653 906 1817 5680 990 569 5691 8942 39 2169 3033 4175 6125 958 2675 7539 5467 5789 7938 5865 5390 304 2882 4488 9091 89 4129 7496 4209 398 4495 7895 3125 8569 7737 6216 9805 3604 
5941 7753 1561 4039 1208 950 7152 871 7563 6812 2643 6298 3923 7731 9618 9189 1318 8903 8553 1496 7362 992 1763 4652 7404 3034 3439 5032 8719 8335 285 6944 9576 799 7432 9409 8237 8323 7917 5670 2214 4046 7838 6067 5880 2528 5134 8997 7745 606 8777 760 5168 481 5675 6705 8058 2749 3177 8747 6772 1456 7791 3021 4149 9958 9219 1376 4631 9412 5304 8869 9843 3524 7570 3551 2245 3170 7670 3588 8058 8532 7564 1151 3673 4493 3109 625 5823 2650 8851 3502 8474 3393 6943 4863 3349 9540 9972 1349 
1696 9977 4370 5407 793 3266 9287 8651 4099 8149 5183 2661 2221 6061 4249 6184 3330 5975 1035 9184 3148 5702 1707 7441 4163 4224 8566 9375 2630 9785 6319 7718 9344 2457 8943 7939 564 4855 9796 1746 1405 3311 3496 903 9457 1463 8751 1970 6704 4811 6435 2393 790 5097 3461 430 1939 5856 7973 4677 149 8440 9505 8103 7927 7807 8817 4421 4059 2601 9472 1207 463 287 6401 7844 147 8885 2150 1902 8125 1382 9998 1190 1205 1475 6038 9196 8909 2569 3549 2416 2596 3650 5338 7214 4090 6436 644 9769 
5146 7626 5247 2876 290 5725 8837 2649 8019 3517 7507 7623 4710 1568 3762 2259 9788 1218 7376 799 9870 9568 8394 5936 8075 3471 3580 4525 8028 5206 2211 7925 4142 4901 5359 4324 7229 5497 2742 5047 7747 1027 3323 7152 3251 5558 709 3452 1462 6952 2569 1801 5053 1886 9779 3285 7942 7297 216 1226 1753 8322 1262 4570 2295 2372 2111 5886 5148 5181 3835 230 3202 5743 2839 6305 1411 1062 1483 8909 3963 5390 5163 2381 9899 2257 7495 9740 6399 5979 4042 8419 396 1913 4445 949 7191 5519 1918 2461 
8619 9279 3468 123 5415 9425 1412 988 2906 1720 6450 7708 2311 7830 4411 5389 8914 4025 867 6283 2432 9371 1400 2126 5021 3909 5981 4796 9981 6860 6402 9879 10 9463 9598 3994 8576 8381 9753 4249 2905 455 1176 518 9745 1815 8130 4981 8272 1433 2178 4461 9109 8881 6805 6164 211 3528 6888 2486 7319 853 1945 8331 6901 1862 8657 9746 4579 4748 8291 1953 5905 2090 7689 6762 9217 4899 8444 4019 4054 9577 3900 3562 3863 6544 1132 5027 2679 3186 4333 3654 1880 5764 4856 5397 1210 2884 2717 1660 
7482 9217 7584 7026 8107 9837 6843 9054 2432 1657 1056 7476 9373 3247 1926 1542 7204 3519 2964 7046 4052 9643 4840 912 6072 7307 2976 8280 3184 8186 9700 5012 1760 1692 501 2610 4743 6406 590 3679 4780 8990 5333 8132 5968 2064 4093 2128 2297 1016 1802 8259 7561 5935 7128 8765 5448 5832 9927 3862 1083 8915 2286 2299 6766 1150 3317 7578 4405 879 3972 7401 6846 6432 6060 4612 4474 8307 3985 269 7305 3952 4050 4849 6851 8375 4879 3374 6313 4946 4373 5824 8119 8219 17 631 2369 8240 8853 8484 
9298 2231 5577 303 3159 1399 1815 5366 5379 4654 232 8518 7865 9800 263 9751 2905 2950 9989 4832 1438 3608 8746 9397 6065 6474 283 3229 5205 8017 5128 1027 1670 8363 9889 6493 2725 9943 2946 5787 9422 1146 8933 6434 7415 834 4487 665 3149 9057 1928 7385 9662 3537 1309 4209 1899 4084 3685 5738 7190 8278 1092 2699 7949 4730 6444 2964 2970 7591 8405 3227 9709 822 1501 5495 4963 784 9641 8745 8841 9210 4904 180 3412 2176 882 4168 7856 600 3944 4363 6084 9209 9983 9259 9609 2768 5030 9019 
333 7234 5011 590 8442 6343 1715 8087 1014 5221 5514 1894 8434 4708 3601 5023 3958 3910 1374 2116 5150 8576 9327 6077 8819 2050 1190 7553 2620 8083 8710 2773 4175 4536 2960 7274 2843 5934 4334 3045 4840 5665 521 8963 8201 4876 6720 350 9086 3008 6520 6746 7267 8219 4605 1664 1596 9275 9229 5124 5262 9439 9755 7764 786 9846 334 1441 7885 9438 9549 5340 3406 3170 7344 5978 397 2437 9119 8787 1671 4461 6949 147 3380 7467 4726 7683 170 6145 8546 3319 9997 6519 8577 8101 3484 5906 2389 6111 
1100 9610 5911 6104 7910 6724 2682 9018 130 715 9924 7680 4278 428 3504 1029 1101 9379 94 8151 6042 4803 4132 6143 9373 5853 6626 4099 6951 766 9781 3812 8340 1825 5957 8894 9033 6596 4327 2916 8114 713 3558 8328 805 8352 4703 9507 4491 4408 4458 6854 7773 4144 9046 9694 7280 5772 1283 1780 1271 1917 4354 2393 505 4796 456 4388 3325 4864 9839 4488 5010 3519 7664 6939 9568 5272 8621 4167 4273 6119 7193 5516 13 5085 1637 3313 9963 2357 6589 9614 6629 3552 9574 7894 2094 7206 360 1519 
1754 9714 4276 4884 7567 7288 7619 7899 446 8466 8473 9376 4200 1466 7965 1936 2248 8707 8205 1953 9923 5113 8144 860 4289 6923 8531 9913 5711 5324 3816 3062 8549 5496 8764 5943 6891 6487 9395 7999 6883 9828 6073 9553 2661 8776 9508 4679 8557 4962 8332 7945 6598 6613 3630 9820 1608 1250 2564 4469 5757 8126 433 882 1332 8473 4197 6982 918 8650 5482 6462 2219 7702 3189 6546 3321 5908 3038 2821 8276 1861 3355 7703 4428 3168 7701 3276 1804 3741 1405 4031 9443 9848 6471 7274 8365 4745 9495 562 
5392 8742 2537 7954 8785 2686 8508 2573 618 5232 7260 2308 3365 2830 9032 7874 5196 9351 4195 2216 8038 1041 1121 7674 1538 8232 5905 7943 7829 8651 6669 1568 6316 2289 3986 4365 4606 9133 6925 8612 5653 8286 7716 1784 2392 4047 8435 1442 850 5393 1504 4338 7235 3610 18 4797 6562 2396 6063 14 798 8865 4721 1615 5226 4593 2990 4140 9024 702 9303 5092 5569 7152 7438 3999 2657 4011 472 5126 3826 4945 8041 3273 5411 3565 1828 3144 2335 8478 7509 4002 5548 1560 7263 1944 2099 9528 6716 3425 
9080 1249 6464 5088 1572 7742 1278 7651 2152 2911 5005 1426 3984 1311 1174 2299 2806 7877 694 9465 3928 397 2723 2512 1555 9730 5594 7976 9067 7465 4742 1247 8225 8453 5501 3352 8537 3279 9620 1528 4099 3401 1030 3161 2892 3502 2943 6199 805 9887 252 9830 3868 3358 3299 758 9193 5101 8589 8369 8256 2221 1928 9930 5092 5627 3061 195 7036 2363 694 4534 556 2803 9457 185 512 4872 5993 5053 8100 5148 4023 2731 4583 4572 1074 1935 7658 4871 2051 6456 3112 7753 6718 6944 7432 8237 1349 9107 
9358 1713 5412 9485 1837 5954 6046 5455 3292 8213 7903 4788 3909 6389 2544 239 6285 4126 8096 6242 4945 2551 9058 6835 8028 8880 647 5588 4493 3830 3893 5998 8163 5942 7432 4527 2704 3678 768 2824 4593 7740 4218 5196 2235 7313 2216 8038 2033 3910 8860 7024 1671 5499 7730 9244 2640 4803 6458 2830 8718 3023 9578 2996 9828 8158 2917 5022 4054 7182 5614 8417 2017 2534 2726 9292 7773 4599 7218 215 641 7657 5899 398 4871 3326 6354 5258 7874 7975 2451 1969 3049 6442 4735 4223 846 6896 5079 9382 
553 3967 899 9988 7754 7639 1194 1917 9417 7134 7835 6316 4464 3541 6254 980 8619 9813 2337 3610 7255 9924 5658 6264 7244 2215 601 5281 6024 696 193 4753 3742 1905 2853 1285 2370 4003 3465 853 1930 1237 7052 8863 5163 4664 5286 8705 6266 6363 6421 7355 2475 8096 1140 5636 3020 8108 509 2392 1648 2853 5577 9942 4499 685 9156 1528 1292 4249 2011 4051 2978 3206 5372 7778 4604 5075 7932 3007 6377 6471 9080 6035 9128 8609 4719 2195 9430 3785 8603 5448 8671 9417 6044 6822 4651 5903 5081 6796 
3459 2086 7645 786 8056 5448 4369 9549 5340 2826 7713 8499 8611 1159 6785 4376 4847 7333 3238 6152 9381 2502 8955 9881 5763 4372 4330 6652 3654 7686 6486 9989 1188 3201 1597 6649 1574 1077 6450 7299 3365 467 2202 1298 1145 8573 8294 8513 3547 350 4662 9686 7729 7848 5316 2704 5314 7848 7265 7732 2378 6432 889 1683 4061 4326 5118 3357 1597 4633 1480 4923 1591 5968 2208 3991 8052 6313 5010 1432 8217 8413 1938 9333 2460 6418 7247 4941 8376 5139 2367 3745 6772 5197 792 4927 8995 8288 5938 6434 
2973 5947 69 3928 5797 7389 3519 8107 3489 7728 1502 6082 7820 4167 7550 305 483 8077 6051 2087 1213 3562 1072 3156 490 9316 7289 9472 8833 3365 7238 2892 2026 9857 4848 5273 8557 7690 4928 4029 6591 3767 1151 8862 835 8187 8954 3739 4147 8267 2165 6928 5178 921 6719 7631 5250 8993 1211 2249 6437 447 4143 5180 3365 7671 3110 7102 2201 9616 3109 5469 7704 1944 3796 6903 5848 6422 6726 326 3863 6903 5491 8519 1698 1531 7334 3893 9573 5998 8434 7537 1960 2141 4238 8216 2766 2592 955 9368 
911 9001 4800 4684 7313 6825 8783 6988 2887 4656 377 1548 6448 6310 9548 1050 7206 9212 5059 9459 7974 4139 4933 8690 8070 2429 2233 9696 7369 3950 2679 3551 9213 7946 429 863 7959 7790 3277 6750 7040 8673 4915 819 3804 5990 5631 9600 5687 8820 1596 4779 3887 7994 6733 3695 9078 9849 7553 5658 4692 2863 2387 337 2784 361 3779 5017 6623 2123 638 3605 2522 3498 1518 2435 5408 9456 2258 4473 882 2421 5132 9535 7904 2924 4921 9389 4840 43 5760 6945 5485 8069 9871 7355 2859 7976 3087 7968 
5894 389 7606 5315 9777 3742 8239 4556 9496 3946 4889 4336 3989 1282 73 8838 4494 5061 4886 7354 9214 7379 444 8225 9080 4472 4842 2404 6937 4578 9460 3938 2185 2332 5755 8235 9610 3727 9751 1616 9659 9947 7865 2294 6137 3080 246 7973 6901 688 807 6028 4740 6333 9287 4422 6286 5753 700 4666 2245 7307 1226 5015 9792 3738 2699 4763 8860 6875 9033 3916 4479 3699 9843 4147 4094 1685 1841 7301 6864 8724 2942 3891 5686 2235 1666 1041 1121 7970 5905 7943 7829 8651 7716 5029 4365 8463 6144 8612 
5653 9872 6488 4437 6250 7532 4245 35 2830 9653 9485 1194 991 9233 7683 1040 7338 1345 568 8566 3907 3655 5995 8038 2723 7952 451 7593 5498 8586 6944 1470 2932 8634 4936 3609 8571 6413 9894 4464 2134 5066 9845 4096 472 4262 7199 3920 6129 9651 8075 5860 4944 7763 613 2829 1076 8833 2741 8950 6231 6130 1256 6493 2280 4324 9659 1361 3795 5806 4639 6067 1455 7984 7624 9273 9588 250 4395 7473 1375 1527 6814 4359 1788 6659 2157 4194 7305 7489 6807 5525 1929 2190 1534 9146 3508 7847 5285 7829 