9279 3558 8711 775 533 4290 4877 3310 2734 95 8024 5325 9726 8240 4909 2076 5684 2026 787 6850 1135 6728 7293 4775 5989 6934 6535 4574 4490 4231 769 8048 2029 8162 4493 8371 8827 9447 4603 1700 3140 2626 3926 5651 1126 2543 8898 9075 8283 5966 684 633 4266 6610 2603 4898 580 2958 8641 1014 746 6148 6307 7218 6369 9948 5450 4023 4939 1020 6370 2355 6393 1943 2197 1517 1905 5210 2428 8631 5304 6060 3528 9057 4388 361 8147 8910 9697 7955 5169 6104 8333 1145 3790 9184 2106 573 8569 5992 
6413 3474 3667 3629 7211 1951 6779 5871 2635 4094 1081 7726 8223 775 7466 6699 6160 3705 4843 9076 2020 5860 4617 1785 3365 6017 9946 5270 304 703 4646 6583 8368 3403 5931 3791 147 3007 2124 3244 9647 6230 3668 1275 431 663 852 8068 1275 3559 7924 7867 8098 1793 9788 8508 8668 775 5280 9807 3349 9145 7775 3265 2866 7802 1060 2193 2751 7281 4 7590 9318 4605 9530 6138 9404 8742 210 2598 2372 3758 7578 443 6846 7645 4941 9145 5367 8909 5758 5043 5721 2225 9288 1197 6785 716 9054 3943 
6527 5356 9469 7272 9073 3431 2829 2130 9267 9289 9090 208 702 1925 4775 3365 3221 370 6908 6209 434 9859 7263 5232 3000 4994 3906 6584 275 5899 9096 1692 9549 2705 9902 2153 6633 1021 438 1485 1690 5511 7465 5293 8983 7027 6794 4805 200 5448 7481 9442 9774 836 8033 4971 5662 6086 9062 5424 2742 2487 3043 3008 717 3448 3382 9274 8676 2062 5745 6181 447 4745 2276 257 9478 5310 2531 8769 4060 6181 5563 2424 8422 3531 5094 7341 3547 6134 7988 9903 9211 6347 8817 3259 9193 3408 65 6290 
2216 5219 7832 4345 2742 4146 9531 5396 7062 6949 7189 6976 4111 5791 8441 5914 7575 9816 58 6253 2909 6000 6831 3730 6815 2517 9293 6971 3165 459 453 3781 9575 9000 8807 5661 1866 7927 67 4288 5429 5095 7520 8799 8996 4377 2445 2643 9047 6450 3222 9081 3145 1910 9374 6164 1489 8242 6209 3070 6075 6641 9613 4107 2299 7905 9407 6310 7984 5273 4850 3900 7411 201 4035 8536 4741 6670 8164 8742 2549 911 1168 8278 7105 8559 2545 2306 5374 4777 5949 3935 1827 7519 1716 325 7751 2626 4325 8532 
2679 8991 650 7966 0 4506 5053 4196 2969 732 3704 2538 6307 6243 9211 341 6813 5097 4312 4215 6444 7246 9784 1883 7608 4478 1172 8268 9555 8507 9166 9700 4699 4304 7917 5094 6534 5335 1305 8697 5223 4913 3470 6518 6673 6213 6445 7442 7191 4656 3220 4219 6003 9937 3289 4642 8176 8139 5839 4039 8194 5587 3536 3772 1121 8095 6405 3779 5853 4978 6036 9617 6111 7142 6879 9300 7480 7303 1766 7473 2237 6386 9650 7229 1101 5080 3906 3733 3003 6438 5554 3388 1112 9892 2404 9451 8345 2019 4207 4107 
3733 9745 7509 9993 5284 3530 3714 6276 1969 8327 582 6658 2676 3209 7004 7909 2884 1314 3885 5617 5003 3406 2318 5140 4309 3846 7904 6752 7397 8669 729 8246 9081 5246 1669 9647 2380 5473 3357 1627 225 4405 9534 590 2839 2444 3586 3905 2556 3350 9672 284 7293 4397 9231 5490 2640 1299 1090 2083 7973 2866 2398 9845 6160 4094 8555 340 9345 8784 101 9052 1741 2608 3809 2431 4040 7665 9541 1388 771 1310 8068 3761 2685 8723 6428 3984 7578 9034 1738 2759 463 7504 4042 5191 6492 7170 8368 7645 
9739 4941 3445 6006 3819 781 77 9451 7819 5465 3107 4845 6686 9288 9273 3267 2016 2888 1931 8445 7859 4198 1929 3591 6650 4408 3710 18 9305 9974 8255 9200 5936 1594 339 7573 2820 3205 9722 2804 583 838 3236 772 6654 436 8237 7341 4602 8849 5360 520 1984 729 7190 8967 5174 2950 9477 9060 9553 2424 4860 6142 7669 9740 1341 7006 6142 3890 1000 4726 3994 2086 6879 8615 4383 8376 5306 3858 2202 3081 1678 8438 2318 1235 8427 4387 3926 645 7095 1589 1135 5675 2350 9134 8866 4929 811 6818 
8139 2722 7164 4193 229 5642 4342 3525 9391 4073 6613 6558 1104 4732 1551 5686 5055 2439 611 7080 4568 4917 5395 982 1289 318 1219 4708 2965 4712 2548 475 8315 76 8463 5578 5708 4721 256 2918 5832 4137 2733 4403 4052 5505 5403 3289 9869 9847 2312 8752 9011 802 9146 3020 3907 8690 555 3384 3356 4028 1834 3487 2422 430 4809 1239 4282 1647 2367 8486 3416 9182 8352 4354 7663 4885 9294 4705 3672 3541 5269 6929 386 664 3451 775 4173 8441 8247 3617 8253 2183 6593 2524 1911 2336 6025 4306 
7725 6373 5601 2888 9104 840 7061 5324 8125 9515 5116 6855 8905 3108 5636 7312 5134 6208 2830 8884 2974 1896 5587 7575 9566 6688 8243 7127 7580 4223 1514 2913 4809 5859 701 9662 8322 4636 8008 6932 8372 5229 1602 6242 9722 2316 7148 2963 3221 7992 2894 5611 6238 2086 1442 8781 8025 3137 2121 3226 9312 2522 1223 8039 6913 7558 1495 7249 1230 3397 456 6204 9784 5394 3977 5810 4970 4223 5811 2253 7087 7778 5733 2817 420 5856 2074 58 8299 1559 7965 111 3903 4728 6798 6095 5631 2287 5284 2003 
5838 9273 5822 5977 2440 5393 5072 7583 7284 6060 9267 5820 810 7650 7456 5967 2017 7642 1535 2320 7348 4602 1484 2482 2555 6599 7031 601 4552 6569 5040 5571 5080 6615 738 2396 8596 1187 868 916 8715 8248 9793 4703 5542 2017 6955 9279 4982 8284 3894 2822 1894 2030 7696 9676 1477 8027 7306 207 2774 1727 897 5067 3931 3597 8197 1783 7400 7857 8836 2918 2954 2811 3213 5216 3411 1329 2177 3131 7244 3012 2282 9000 1049 4267 5565 4003 4346 4652 6499 1640 2122 4089 8853 1067 7772 6352 9929 3559 
141 7560 2590 2052 8404 6946 7514 9481 564 332 4458 1317 148 6590 9075 4116 1020 8420 1522 7136 1482 4269 4254 7024 5305 4194 943 8982 451 1111 5642 4869 9524 7614 2919 1428 539 5879 3902 8155 9606 7680 9424 3073 9970 1982 4665 1331 2002 2361 1488 1319 5074 9970 484 6621 3237 7082 9793 1235 4228 9708 7591 5642 317 8925 7369 4307 3081 8924 1810 4158 3236 6972 480 3721 4971 6316 3544 4560 6033 4634 7565 2093 8940 1509 7735 5610 2303 2979 1093 8798 424 8173 5984 70 6211 7042 6691 5646 
1663 1157 2575 1713 846 4960 7054 9921 4789 7250 3059 3444 6581 7006 8326 9059 662 6838 5270 3881 1961 8233 7846 196 9004 8904 6202 3864 4609 966 2602 887 6204 298 5504 2786 4450 9128 867 5203 9791 473 2378 1586 8786 612 9433 5115 7160 4789 5421 991 7883 6383 1958 9197 7214 9496 9070 679 298 3169 6823 9427 4036 2026 1742 8851 4300 9680 7638 4912 2753 8424 6606 198 7598 7359 6581 5908 1918 9811 7305 5150 491 7604 8319 7314 3383 9341 6802 4544 3253 6482 2182 4518 8300 1287 2942 4906 
763 8123 6073 4764 636 4343 2574 4155 6231 1866 998 187 6537 8312 3570 4005 2523 2047 8550 5777 4882 6647 3182 5941 5487 3610 7859 8061 2203 6987 3667 2710 3219 3708 3406 6977 20 2378 5852 8419 7280 7981 3301 716 2835 5440 570 7280 2356 4221 7242 215 8634 7841 8770 5622 7860 1480 5193 9745 1540 8599 4520 9913 1928 892 4133 9311 5923 2114 8965 6639 3095 1800 8432 3665 9076 5919 853 3630 135 779 9567 2987 76 9972 7967 57 5354 9688 9786 5177 3569 870 4182 5246 6296 7803 3342 2072 
4656 7505 8040 5956 1557 9041 8027 9186 5823 8781 1376 2650 1254 1531 8851 2866 3830 8978 3893 9573 4496 8187 8783 4395 1726 7102 2588 9986 5943 5968 921 46 8747 4469 5905 3286 1041 9460 2914 5503 6000 2889 669 9287 1490 699 6234 981 3427 5751 8369 1345 2804 2074 5916 6317 3389 8558 8055 7834 4783 9487 1755 2946 6950 9619 5533 1356 1378 728 730 431 2637 685 3748 6714 3095 5194 2177 3200 8037 8067 7109 3505 7668 8560 8619 2408 5950 1131 7426 8603 9724 4712 4629 7649 3714 7586 6697 3037 
520 8053 7789 6823 1481 8717 3894 83 4236 6393 131 3009 9383 3711 4376 106 232 5473 2228 1791 8218 7097 9360 1762 5968 7841 4425 8285 4848 3198 6138 5748 5480 1716 2457 5703 9614 4724 5924 2284 7905 7269 8159 2883 5159 7314 1676 1708 2147 6721 8871 3834 49 4227 7413 699 4794 8170 7890 733 6371 470 5507 3491 3279 6983 1182 1293 155 6526 6530 1055 1001 6901 392 8725 7831 6341 8811 7876 7262 9417 316 399 6519 9398 635 3581 7359 5906 6242 7057 9149 3752 2018 4143 8978 2730 9782 3449 
1405 4031 187 2273 5251 2438 5801 5689 506 867 662 499 1737 4434 3635 2889 2904 6102 2940 9821 8663 2086 4007 980 6092 222 1980 4492 2267 7806 5010 3724 4422 9209 4651 1434 6286 700 6154 8341 9229 5262 9755 7764 9846 4258 8130 9073 3270 7792 6413 3697 1915 8516 1259 7418 4387 1234 4767 205 2089 2367 2045 9272 5815 6602 3843 9857 2989 6709 7312 6750 6065 2232 9721 4112 3270 7173 615 5509 5657 2407 5704 9597 280 2480 5750 5926 751 7194 8361 768 5392 660 811 6427 7387 1010 1623 1654 
3002 1049 2793 7864 8585 643 2324 2415 7374 2593 6237 6768 3818 3821 9286 1611 1121 3950 4266 4141 498 8171 966 6155 8546 2082 3319 4435 5343 6372 2087 605 4346 9355 5221 1632 3687 5028 7890 485 5803 2723 2671 3630 3933 5424 1041 3491 6983 4208 6507 8428 9815 2571 2092 4804 958 5966 3891 8295 8507 3293 4092 3754 3429 1175 4228 7339 612 7826 3950 3937 9689 4457 503 3596 732 8131 2582 5794 7938 9938 5760 842 3928 1664 3090 9603 776 7250 4578 299 2808 7952 310 6543 1732 4048 3576 4762 
5902 1379 1324 6854 3913 7437 1333 8628 7416 4215 6252 8428 3408 4771 4031 7182 9845 7341 6674 5976 5393 2218 4802 625 2066 4959 9050 4288 3583 2214 7545 130 3994 250 5019 1846 4697 7664 286 1057 5866 4757 2686 8508 8691 9412 7853 2308 7238 2892 2026 5744 7314 8400 9712 2110 5665 7690 4928 2487 8231 9276 3767 5064 835 9507 8783 5780 8450 4644 2288 7963 949 4200 9439 5814 3835 1009 7301 7940 7132 8618 8080 4692 5854 7964 8512 6452 5785 2810 7507 6914 6130 1978 6516 2702 5592 5361 602 5506 
8374 1419 1047 5350 8612 6775 5842 7573 1662 4759 4782 8923 1841 5964 3971 6184 8443 4172 585 2889 7421 6529 2907 7757 3353 7118 8898 223 9707 1050 7437 7829 3832 2308 3654 4477 3507 1578 341 5362 5435 7788 8132 5350 4229 1529 8663 9804 3965 3176 7762 6581 76 2531 2741 4026 1277 5292 3789 7318 820 7271 4514 8379 6841 3716 5180 1981 900 6029 6972 2311 5281 2380 8677 3442 6635 3656 4480 3687 5505 278 9345 1812 6889 3324 7565 4368 3761 298 6403 8093 4982 2139 2859 3302 7890 342 6982 455 
7717 5533 8894 9530 8709 5730 1087 8493 4731 4410 847 2660 2955 6681 1562 2000 1978 6414 1907 3398 6521 4097 3908 1400 8355 7626 4632 294 6195 9596 6525 371 6624 7660 2248 8966 6609 1272 8445 4502 8157 432 3410 8285 7713 8945 3904 1816 7156 9476 1558 4390 7008 698 1002 714 8290 1472 4905 3839 7455 7202 8688 5725 8960 8575 5143 3869 3661 9543 3563 34 3433 3935 6547 2875 6722 2100 2750 4678 4262 3348 748 2388 505 7866 8210 9367 1799 6180 912 4908 7841 1270 5303 7656 2291 915 4178 3160 
1529 9785 3531 3082 8148 2474 891 52 6765 589 1151 6238 7534 3298 9917 5730 1254 300 1451 2075 7928 1226 8889 4375 9393 4111 2402 9540 4906 9486 5288 3959 2242 2032 7433 7994 728 4264 7140 7205 544 7444 7370 7144 8604 96 7946 5279 4697 7254 5752 3940 5658 4863 2791 3500 2114 2727 7696 1812 9957 2905 9256 7171 1288 2193 3541 7184 5852 3024 9975 5251 2438 3355 469 7931 7315 4859 8443 3225 3737 7664 46 3713 2156 9652 5169 3427 42 2931 9540 7834 3236 1284 4436 5675 9642 384 7839 487 
9184 3737 7539 4372 21 6836 1754 3673 2857 5425 811 3614 8956 690 2810 8070 186 8071 7284 9534 1284 9791 446 8964 5329 2562 9932 5768 6424 2018 5239 713 2341 1413 1589 8796 8761 6119 2885 7065 1945 2723 4140 4528 1512 4582 773 7839 3120 5790 3672 2127 6476 1794 9055 8421 4431 1468 6403 9273 5412 9468 7890 9604 3703 8609 5254 5002 9915 8320 2776 226 4002 1046 9706 2086 7645 9242 3280 4768 6607 302 5100 3479 1847 4494 5242 6997 6722 2601 9093 3012 2721 7413 3546 1987 2077 7618 5740 764 
2932 7447 3806 2976 1971 9691 1792 3280 4558 7097 8598 3615 4019 9909 1645 488 9254 6585 88 7439 2788 8705 1892 8968 5375 954 1123 8980 6390 7876 7586 4227 1666 2336 5340 9141 9313 7558 3828 6401 284 6707 2150 9998 6038 1075 664 2723 206 5381 4898 1444 3104 4778 666 795 2446 9394 6707 568 5785 929 9753 7402 5644 3485 1097 8005 4098 7820 7616 1449 4277 6248 6679 4103 620 4566 3408 3681 5030 7269 3517 2550 6886 8390 2477 8432 6688 3612 1363 2144 3971 6170 8352 3852 8103 6145 1640 3697 
2789 3828 5171 8591 1130 8429 3466 3522 7358 4497 3809 3995 375 9215 3418 6247 7506 8851 4301 7710 3541 457 37 8316 1187 2497 8030 9576 1208 6195 5770 4653 4109 27 9195 7789 2158 7532 5852 4947 1390 5052 8514 6866 4263 4554 6978 9047 9312 2263 8863 8843 716 7569 2976 8250 6981 4830 7671 3189 1580 9862 4542 5469 6652 9294 2494 2858 7439 5762 5202 9645 8336 3051 3835 5446 8868 6962 764 8262 5956 317 9058 1077 3319 9351 465 7927 2336 457 15 2191 7900 9000 2765 6198 706 5164 7446 6633 
662 1642 224 5577 6727 9277 6373 2880 5813 2950 8487 3311 4853 3446 3569 5258 9664 8883 9635 3081 2081 9925 7938 5822 9515 7970 5334 1035 2829 3530 706 9723 8566 5829 5010 5149 2313 3232 5161 6637 7118 1912 7694 2760 8226 6190 3245 6805 9472 4925 9 3327 5405 5542 2304 2711 3387 4195 1616 7713 2375 7631 7379 4411 3095 2126 2142 8185 9801 5407 9021 6610 3028 1397 8567 9449 1970 3493 1259 1923 7724 9470 2553 5592 7779 6827 3166 5008 3660 584 5976 3471 9063 5740 2927 5692 6593 915 4966 1713 
3777 5717 8570 8189 6394 9499 4768 6808 4214 1470 7491 5953 4833 9472 995 5405 2304 4033 8678 1886 1174 8765 9912 5913 8929 6986 8177 5770 8950 4661 69 2776 8677 7269 2679 6018 5012 9765 1616 6535 903 523 1590 3433 5439 6943 8190 9345 4204 2562 1268 4514 5373 5247 3562 6579 6666 2134 4132 6103 6908 6775 8959 4475 1856 9390 2197 5947 3615 9598 4772 5245 9965 6683 7 6432 7244 5084 2060 1684 6859 1605 3921 3126 7377 4103 6224 1399 5024 3246 2351 8585 4506 1775 4520 5871 1250 5758 7796 6382 
8977 4525 3019 7539 1692 6373 819 2760 6938 5915 932 4828 6477 9697 6547 9256 6164 9297 5390 6536 2222 7691 695 6767 8474 7686 9422 9533 8336 4365 3835 5446 3024 5966 1087 8770 3201 510 7300 8262 1597 5281 6649 2990 6236 1574 4598 3069 1077 1587 7299 3319 2202 3754 2145 5217 3109 573 7116 9622 3576 4403 257 2399 6563 1690 3092 9319 8766 1847 1567 4378 5698 9203 28 4134 2098 2527 863 6561 7526 8261 5140 1298 1512 3610 8921 9744 7926 6844 8743 810 6456 4183 5663 7796 2311 9196 727 5679 
9937 2664 6551 2061 4640 596 8360 672 5953 7889 8079 8571 4031 8953 7172 7213 6411 9296 6743 8810 3954 7253 6558 2348 4788 8084 4101 313 7799 6934 2538 9566 8869 3512 6799 950 3511 1340 5369 9293 2803 4506 6556 2656 6499 266 7110 7205 1308 3536 1208 5472 4534 6380 1310 2117 7386 9481 5054 3635 8318 5089 2649 3552 105 7181 8576 6414 743 7508 9821 1749 9809 1075 7517 666 2996 3739 5100 3250 2960 8291 4942 4539 5037 7101 6679 6581 188 1808 3261 3250 6210 7569 8184 9270 1236 8165 3727 8862 
9025 1587 5916 4883 190 7057 351 8068 8780 1917 3404 1541 7144 6697 6106 5060 6205 7090 1759 3794 7674 6898 3192 7683 1145 471 2839 7618 2525 5043 3306 1531 3154 2912 1167 2575 3339 2196 252 1565 7935 4148 8668 3120 1507 5003 384 9444 6765 3691 7328 9919 5357 6525 416 7377 5452 1867 6788 4175 7066 1002 4122 8966 1342 5478 688 1726 4922 7453 8602 8372 9817 8265 6837 6585 5642 8641 6692 7509 2564 3091 4538 4991 7906 5541 6015 9083 1493 8565 7162 6018 1370 1682 5913 1921 8850 3512 2428 5520 
4341 9778 6899 7823 6603 6988 1867 7432 5696 2178 9984 7585 4197 9079 2544 6186 2787 2558 2486 4726 9785 5213 714 5009 9407 4673 9444 5082 9912 8943 4275 5602 1359 2126 2763 9007 6689 4431 8706 9371 6337 6682 6424 9171 4530 1655 5372 6087 3421 8792 1870 4580 3851 7427 4337 6798 5228 9301 457 6522 7139 8681 5679 2959 9381 5645 2353 5447 7230 6662 4442 1181 1815 9345 3219 5396 8742 7359 8382 2862 2192 4007 835 3937 1111 8351 4048 385 7744 3819 8899 6320 6979 9986 2997 3648 320 6608 4125 6165 
9551 3551 3780 4205 1220 631 6601 7867 9384 8486 1772 6739 4151 133 4661 9339 6800 2460 4027 7823 8996 7967 9809 527 8681 1391 2300 5536 4843 5074 1378 4363 9530 4436 5816 2249 5863 5839 6706 4391 6023 8849 9009 5405 131 9515 9282 1132 3878 3180 7648 2375 6399 2254 7274 9138 4455 9142 6388 6126 5466 1462 3967 344 8959 6464 6430 4159 834 44 8885 9821 4560 5855 6485 2949 7062 5731 4761 3101 1396 8650 3887 9550 1583 4492 7632 9386 8090 5253 3162 5900 3211 8064 1704 6648 8076 7958 7209 1494 
2482 8399 8006 7063 9371 3317 9585 7731 1937 3983 9966 5520 8227 1856 4974 6641 7438 4134 3617 3490 8478 8020 6540 4464 8649 4711 2100 1329 3793 6087 1601 6312 1646 523 5858 8892 4748 597 9250 71 6604 5222 1981 8064 6931 8534 1813 9546 5839 7338 2502 602 413 8869 6334 8043 1110 928 3589 1334 6066 8274 5331 314 9134 9089 9508 201 4089 7759 7261 8892 7180 3031 1213 8007 3748 6444 2382 4423 7058 2015 8475 3783 9589 605 6477 4633 2821 8127 2998 7461 5959 3681 7250 6705 2666 9374 6013 6308 
3580 5397 9512 1445 4954 4948 4289 1818 4191 5769 9026 1188 6485 8850 620 4342 9665 2660 9509 2804 4919 9261 6570 289 7960 9364 8777 1716 6983 344 4901 1852 6788 7154 4741 8474 6764 7603 4906 1528 1011 502 7656 428 4799 5591 6849 5090 958 551 6994 1647 7030 7154 9119 380 1801 5511 3598 5147 8999 5945 1135 7103 1797 5200 1709 1615 2180 9254 7967 8737 6802 2349 965 7288 2656 9588 8325 189 3431 2018 8899 2334 7356 9933 9611 1501 1424 9584 5264 3161 3264 2781 5433 4557 2529 9385 6806 3210 
7308 6477 1728 2016 464 9978 4511 1466 6249 3337 2195 58 4501 2924 73 9565 1675 7509 455 814 7550 4424 4573 9258 9705 4870 3771 8560 3329 9363 6360 8307 3098 3157 2398 5318 8679 489 2085 1230 5426 2559 7280 8917 5681 9190 1141 6006 1992 2634 9613 6548 9344 8426 7228 8383 6772 5744 3357 8540 6057 9581 8259 5079 4360 8505 2351 9160 1049 9442 2304 8654 7358 6407 5204 9641 1777 4179 3646 2163 3409 1675 9033 3536 8407 8519 5518 8280 3128 6432 6717 5673 9698 5573 9006 6920 7428 9294 9609 4635 
8650 6443 6306 1676 8363 7475 8927 1788 8184 7721 9396 376 1121 3937 4266 595 7266 4289 3119 2871 8760 759 112 8716 6037 6325 7131 352 6014 1067 2484 9171 3815 1645 8030 3513 5903 7810 4941 1411 6033 3350 5639 2708 8976 746 3408 482 4838 2631 9443 472 5885 6827 1789 8823 4881 3819 2048 1669 142 7391 2367 720 6141 8495 6491 6348 8258 9427 9255 9856 3140 1152 2641 9107 8163 8193 5918 2660 4519 3006 8226 9405 1763 2180 7003 6578 4829 5605 5717 658 2792 7824 3065 3804 6536 8506 7879 2549 
9752 3957 1501 9076 5481 4266 4141 7150 2789 5834 8160 730 1223 3769 3717 1091 6668 3423 6073 206 2908 9083 2223 2139 7304 9643 3439 6097 703 318 8132 680 6275 7166 4143 4561 6342 3088 6865 3413 2327 159 1249 5088 2456 1572 7742 711 239 7947 557 1049 3566 2457 4913 6932 7149 9563 8090 3746 2611 5467 7840 1198 2000 4288 3649 9894 4374 3741 547 242 2308 5157 2854 224 1268 3938 762 1046 1500 9242 6701 3587 179 8978 8434 2141 4863 5417 6877 5728 6561 5072 4684 6825 8783 6988 4714 2858 
6590 5390 5642 6486 6536 2222 9533 3051 5446 3024 5966 8770 3201 6040 5712 6945 5956 2990 9001 1574 4598 2372 5686 7358 9750 3750 8012 1205 3365 2661 2202 3245 7314 2043 7215 9982 9192 1898 5384 4058 7328 6247 9590 7649 4796 3105 4511 2929 9402 8734 3342 3720 9642 9624 4502 7807 2431 1289 5340 3098 2601 8477 9472 1207 7558 1470 3957 3257 3577 284 7844 1449 3525 1006 1087 2150 7816 4959 4147 7516 897 7706 3952 3971 5252 2507 6378 585 4262 5865 3353 8650 13 3711 5975 3438 5993 9424 1386 5170 
9675 6317 9205 8764 5291 5607 5080 3658 7757 8708 2257 5051 7304 7117 1680 4091 5204 5438 6742 6771 1416 5917 8933 5731 7618 741 6811 6168 1010 6769 7067 927 2174 1706 1640 9076 3697 8081 8825 9619 5917 7655 2715 6840 5697 6058 5768 3559 4343 3576 2328 4582 6953 8795 7207 4372 5038 4394 5380 9807 8343 6467 7251 620 3808 9158 7365 4577 52 7410 5198 7123 3831 5015 2949 8810 360 3596 578 7095 4653 8338 7639 8185 7126 4825 8862 4094 9959 3821 5303 3937 7081 3899 1225 1576 3897 6779 8448 2722 
5506 5809 8600 3318 1777 3450 186 8277 320 879 3837 2317 7149 191 8320 8048 7059 3247 5575 22 8086 7626 290 7302 2649 7507 8909 7120 7524 6144 7407 6390 2340 3448 6136 6820 7449 5961 1633 6164 6172 9316 9584 8725 7945 7811 2330 8245 1097 5150 7736 4320 1658 5554 7032 1591 595 3497 8477 110 6600 424 9124 6093 2668 1123 4024 8304 3441 9445 6222 235 717 6353 43 3512 7798 4405 9476 3736 3294 88 611 3051 1698 9862 7945 3355 3264 8834 7301 9240 5504 365 9597 1337 8998 1296 2929 3664 
6148 2206 1257 6636 6989 1184 9060 3549 8214 5818 562 2827 7646 9999 6348 6955 5489 1435 6267 4889 2935 4961 562 7083 5339 6654 7519 3052 4329 3806 2651 1962 9350 183 7631 391 9095 9196 4252 5098 8904 1618 9696 6117 4460 5221 1632 5793 9788 6686 7890 733 7442 5544 9284 4578 3594 5077 870 7859 155 6526 2145 1394 6425 8443 5876 4814 6901 7876 5393 1473 4251 120 2348 7182 179 8930 7542 4805 3991 2218 506 890 2752 9000 5170 524 8114 9408 6036 7683 1765 3562 3849 721 8065 4316 845 3661 
9543 3563 9903 6338 5477 8496 4137 8353 1614 5799 5020 9550 5564 5529 3136 2866 4656 5876 8793 4229 7858 9272 2065 5161 3441 9701 9590 3515 4033 388 2078 8904 2477 7335 9464 3480 6755 1641 1891 6487 6057 7464 2890 1717 3708 3298 7440 3522 5433 6251 7486 5389 3128 1169 8795 599 3656 1228 4372 5038 4394 5030 7149 6473 724 4950 4596 1070 2668 5871 824 3649 7640 5719 778 3741 2357 78 9030 9870 9416 6991 4498 4070 277 3246 4493 5823 3951 8851 3830 8978 7382 7421 3502 8474 3393 8755 6943 4863 
5417 2486 6316 6561 3490 5072 4800 2214 5498 8595 1611 2320 9422 5791 250 7664 1527 5110 5728 6316 5900 1496 7376 8140 8790 9721 6188 7981 8064 6077 7999 4942 4899 6502 1955 1456 9977 734 7733 9458 2123 6538 362 5839 3112 321 6515 7747 5657 2806 1776 7393 404 8776 8756 1516 2488 3235 9899 9614 8621 2360 6386 5423 8017 839 9101 6849 2204 2215 529 8452 2639 4385 236 7762 7001 7229 7001 4370 6915 1987 4102 575 4789 9092 8149 9692 5485 753 3806 2937 5318 7339 6297 9219 5245 1323 5340 127 
8434 3349 7221 3519 5180 6179 7172 9319 4639 8793 4133 5130 8491 7486 4512 5424 8939 58 7747 3827 1313 8806 358 3154 5593 8019 8362 7245 3036 50 7181 7270 3083 4129 3631 542 9003 6538 537 8088 4338 5223 5563 4998 6048 2842 262 6800 6066 8481 3648 9705 5268 5230 7783 1886 6510 7099 9093 2765 1560 4219 956 7420 9016 1685 7519 7132 2942 8080 2227 239 4859 8512 5145 307 4061 7413 5169 3896 5751 8369 2804 2931 3730 116 2702 8055 4475 5125 6991 1151 3673 8843 2735 5425 8940 8990 811 467 
1596 3176 2930 4953 41 352 9342 8655 5265 3778 5210 6935 6948 681 182 1075 8744 440 4684 990 5029 9921 5352 933 6086 4143 2642 5560 63 3109 6652 4432 2320 9422 6452 7754 9704 2085 8717 7928 9335 5746 4459 9610 2608 8090 4747 1834 7540 8093 9798 5385 6506 7576 3317 4945 7849 9239 7379 2619 3764 4289 7190 1692 8099 1485 2211 780 6000 4213 1890 9792 2945 3978 5137 575 2446 926 7796 9638 8310 9336 4615 5141 4001 5809 7299 1596 9248 2309 2019 9283 9873 376 7735 9650 409 3531 926 3607 
255 4630 5396 8300 9233 4872 1126 8613 7573 8004 5619 1662 8466 6594 7755 7120 614 3124 3597 9107 7804 4771 5133 8398 8246 3222 3341 2313 2530 3701 5368 8860 7258 4393 1788 7079 6851 7104 95 1613 2921 5033 2118 3410 4525 944 5402 9436 8761 2653 5845 8556 4771 7810 7552 5366 1036 1878 313 9213 6459 2374 8042 8964 3547 1781 6885 9297 225 9475 4170 7646 1401 4565 5437 8743 7637 2561 2011 722 9524 4524 3923 3079 8819 683 4323 4767 564 4801 8844 8665 126 4889 810 2100 3307 7102 2409 615 
5880 471 908 4055 8156 2872 6535 6445 6383 7382 1216 3800 2029 1104 7497 6721 3444 5607 3245 9691 3425 1443 2058 3483 7705 2080 6989 5139 4934 6515 6410 4378 4879 9581 6180 597 7961 8766 4730 1106 6168 905 4507 4082 867 8231 1036 2102 6310 1368 86 3550 9607 4481 2636 7874 4141 5598 854 8728 2267 9320 5519 6054 7105 3387 1361 5290 9925 3523 5724 7059 2561 6640 1464 1686 6524 9230 9407 7847 2553 8966 9891 603 357 1306 2003 8186 1133 6983 4993 4273 9189 1821 8850 7638 6844 8376 9109 8731 
6667 4840 1687 9497 9351 4426 1056 3358 9441 5155 9658 6659 9450 428 5167 4610 9423 5636 178 8255 5321 6453 7994 6904 8001 7409 5905 635 8677 8349 8805 9710 4420 6747 808 649 1034 4488 8731 5825 866 936 3639 3158 1090 4614 8619 1745 5769 4272 2657 8540 6467 6212 2386 5834 1150 2565 8295 6343 9041 8750 6791 9717 3466 6488 4695 3256 76 8981 8524 1685 1493 6537 2354 5479 3168 9921 6493 7954 6302 2769 8218 8614 1452 3903 4150 2299 2785 7096 5156 8528 8175 4312 9299 224 8120 8944 189 4184 
2933 4102 2390 2643 3547 4580 4466 142 6010 3993 5597 7715 533 5699 798 5006 8091 6695 560 2898 4967 1539 2073 6484 5852 7023 1360 3114 5387 3265 3134 5546 6626 643 3388 2669 9120 51 3176 7416 4364 8443 4944 8157 6146 260 2356 745 6954 934 2429 8449 9321 9458 7852 1642 3970 1358 2427 877 2774 5063 4688 2412 6793 1578 395 8080 3890 2998 6395 1040 8346 8117 6623 8967 2093 6920 8718 5067 9964 540 9066 845 533 1799 3809 3544 5736 2262 3352 7155 3438 761 5471 1994 6344 2465 5440 4572 
3862 7671 4457 476 385 8494 8753 4918 5842 4555 8972 3510 3603 584 2430 2983 8451 1690 5857 9460 7911 1683 3527 1733 8974 7479 2356 82 6712 2985 2596 775 3334 7060 5328 3560 6209 5068 5457 5796 643 1385 1509 3981 1380 8960 293 4814 6555 6883 8303 2643 4768 8173 2426 8418 7549 5036 3996 4839 7746 7113 4184 4547 8839 3607 235 2136 858 4450 9075 9795 3857 6913 8075 4865 9888 3153 6656 5258 9923 208 1752 2868 9979 3557 6420 5430 159 391 6566 2738 8645 3816 1264 5692 1483 1498 8567 6024 
7533 7897 1745 2180 9228 878 6502 5855 8479 8913 6810 8143 6675 9730 5359 7942 9166 9193 52 9007 6192 6352 8768 4751 3217 2988 4518 2410 2230 4818 2744 5085 4364 4956 5079 1871 9157 9220 7996 9886 806 653 9873 1386 296 724 3545 3431 1897 8676 4972 8301 3693 9373 2467 6710 9911 4404 2581 3575 5636 1597 2505 8576 4072 2502 5506 7278 1900 7160 834 4819 735 6339 1837 3222 6801 4938 9010 7470 7797 2044 2824 5693 3861 776 4074 4162 8825 9791 2479 2118 2641 9188 1233 6884 9079 7398 3899 9716 
8608 5275 2926 6121 2689 8880 917 5004 8206 181 1520 8319 8909 1333 2626 1431 787 8141 9777 8589 9289 4584 6119 5720 1474 3902 7709 6923 4718 3269 6220 2726 5706 1262 5286 2951 6699 5928 6372 3709 5959 6209 7166 8034 4631 9143 805 8538 5496 2224 5739 9756 5058 3362 1877 2305 5365 3005 4600 7404 8201 6797 8095 2939 9321 6868 196 3386 8853 4619 2023 2010 7794 6113 2210 9742 2830 55 2067 561 7335 3513 8156 7604 6528 7130 2007 3301 7490 2410 6094 9547 9385 6203 7928 2989 8860 7266 9802 2795 