8522 8033 6853 3151 6584 4407 5289 8125 4150 4658 9336 9515 7199 8303 9151 1970 2850 8341 3264 8504 9329 60 3054 3257 6106 4200 9632 3135 3816 4181 7243 1799 7948 1224 7904 5625 8669 5935 1436 6324 3789 999 6396 7324 6376 3375 3695 1410 6006 3819 9163 9451 2628 6638 5218 7826 4311 2241 5063 9012 2252 6398 5367 7171 3002 3535 4121 4845 8669 1041 1027 3362 3259 4915 4168 5360 4155 8947 6958 9796 6395 7669 4030 2035 4976 3504 1265 4756 7022 9606 5269 391 6870 1762 8077 4332 5583 3713 6672 9894 
4451 7178 747 8240 7208 8911 4414 6919 9900 9035 5382 1739 1506 5515 990 1698 4599 777 6680 6048 1717 5981 3727 8713 794 2733 1327 2116 2359 9643 7713 5988 5977 6881 7583 39 7348 8620 2555 5080 2774 6015 2948 857 1692 7661 125 1690 7465 8983 2092 4755 4072 4161 1389 2316 6877 489 6381 2563 6778 950 7624 5049 2556 4558 2702 5607 843 6293 6060 2687 9057 8695 4388 9697 3637 3790 9184 2106 573 7280 789 2957 6648 6413 652 1542 6123 1962 2989 335 529 5275 5849 8223 3727 3071 2139 2773 
55 1051 9647 5147 1669 6209 5162 6239 1253 2715 5372 7623 3819 9153 4848 3748 6309 7563 6630 1185 8083 5160 9029 1451 833 7682 8007 7952 9403 6360 3500 6931 7758 9080 3840 7292 4004 1783 564 9510 6375 2597 4943 1739 2942 4071 8505 639 5010 2994 1499 6296 548 4483 483 4156 1831 2642 9189 4917 1551 6071 9125 4441 86 9242 4305 7956 7942 3524 149 8405 8817 2216 7832 4146 7189 5049 195 3527 8121 139 1695 7735 5549 2643 6267 476 1378 8943 2546 4904 8071 9971 282 6042 3342 2736 8556 5160 
4014 6669 1523 6509 6657 8581 656 551 4150 605 7484 5385 5952 5244 4528 1976 5832 734 1248 3884 5270 1750 6515 6408 4760 7059 9180 6755 5615 1760 2544 2026 1626 8975 6465 9754 8850 1667 5626 8464 8161 8034 3781 9575 9537 4431 3080 6876 8762 3206 5282 2474 7289 3924 6409 8609 1079 2546 2152 1033 4099 3539 2974 3048 8641 905 5571 5688 1484 2780 7571 8577 6735 1962 414 6528 8744 2722 3533 4404 377 3873 6720 8731 9971 6776 1087 2377 3009 5583 8145 4981 7788 374 1363 1504 5453 533 4022 2380 
5841 964 3285 4331 6284 1954 3291 2784 2163 5060 8396 7500 7737 9663 809 6082 7065 6539 2300 5981 5241 8932 2551 4914 7174 9280 3783 1411 7311 4861 5999 7044 8713 2625 4036 5551 6699 6986 3620 1230 8108 8660 5326 1351 1114 1603 9122 7339 9171 7286 6571 5529 3082 1669 75 1984 6999 5101 1342 3052 31 2513 9787 5665 5450 6592 3784 7005 7033 461 7467 7593 2610 9603 7462 1422 101 5656 4203 46 1905 9518 444 6328 3920 9119 492 4392 7928 6478 2461 6078 8981 5377 3877 233 7225 5813 5193 5850 
5681 7181 2527 8806 6119 2301 3458 4165 558 610 6392 5828 8223 7684 4155 2507 6598 195 4848 4406 724 6729 3239 1743 7336 6657 3631 6868 8530 3713 1456 1328 4032 6929 3388 2642 2687 664 5672 1897 1141 5139 3387 1871 7899 6326 3280 4348 9240 4600 393 7889 5920 4620 1212 1857 8896 2499 6303 4534 913 3500 1409 880 2734 5236 3964 8902 9705 9498 9909 7091 253 6413 703 3012 3791 6188 951 373 663 775 9915 763 8678 6160 8359 3705 9204 2049 7985 8684 763 8206 175 5899 2348 9096 857 8447 
4540 1490 6016 2593 5184 4558 149 6829 8909 50 8795 3231 5998 5939 6562 893 9714 2534 1230 7360 3586 7687 7481 8370 9424 3957 2332 2348 3028 495 7799 195 3869 1785 4103 1971 3878 1884 9428 9419 5075 4562 3599 3265 8853 4684 5871 4532 854 3311 7011 1585 7436 4448 6379 7592 9977 9627 5349 1818 534 7381 507 2406 4629 127 9064 8359 9861 6563 9833 5677 1890 9401 4294 4384 5800 8617 9927 2397 4449 3740 9527 1888 1502 3509 8020 908 3841 6270 7098 2367 6964 9131 6488 3214 7044 9753 1856 1834 
4113 7196 8851 5360 8481 4448 6820 8871 6200 1311 2240 3349 9589 661 8000 7239 7789 3237 29 2369 4434 6048 3196 2216 9821 232 6942 6432 2542 1642 1134 4992 3413 1748 1475 5925 8427 1794 9516 5032 1116 2597 3552 3383 5953 3033 3195 9637 1601 3016 8543 2312 2653 1086 3955 6748 8947 6513 9296 7047 7123 2972 8918 8840 7935 3950 9956 6884 3854 6146 6159 5531 9814 2028 5143 4670 9466 1418 749 7335 7796 4872 811 7120 9729 4527 31 7764 3885 4767 4383 45 299 4198 3784 7859 5812 8524 2529 5279 
327 300 9670 1076 4584 7005 8873 5808 4168 2345 2400 8306 3280 1044 4166 1695 563 8346 9625 2756 2130 3006 4295 5849 9574 8210 2501 9244 7085 2601 4511 9245 3122 1646 7019 1515 4926 3652 8443 5970 7818 6491 4733 4837 7375 3841 6968 6733 4616 3541 9178 9137 8465 8948 1738 9328 8193 1212 2537 9839 4584 405 8236 5200 2406 1691 4837 2881 8564 6201 5297 6266 7503 7357 5444 3014 6494 1962 4584 5942 5797 4831 6347 381 1588 6789 1023 9389 4514 7713 4305 3914 5955 6340 4082 8573 3843 1439 4017 7933 
2518 2925 8032 7756 4380 5048 1845 3665 2486 6397 1040 3670 2139 7736 3752 8002 8751 92 7324 288 3524 9850 4677 1374 328 7602 5759 4995 139 6395 7407 1984 6412 9893 4733 7452 3224 7652 3110 5654 1124 9555 4801 6195 1264 8847 6045 9074 3524 5754 7101 9188 6021 9848 4357 6260 9091 8667 9422 409 1040 6064 8517 8439 3803 9670 4634 1419 7031 8393 803 8951 2223 2404 1411 2707 7064 8512 7201 2507 4928 7527 4350 4067 9374 8852 4237 6683 2307 3782 5418 9346 7908 1302 3747 6387 2272 8459 9960 9951 
8072 9289 6248 5826 8963 6077 9669 3838 3105 792 3016 3942 941 6582 1602 1420 4712 9163 4121 3091 3923 9825 2841 1753 5055 5401 9700 113 5366 467 1822 9910 9896 3833 4560 163 6890 4657 4528 277 8451 3666 3040 7413 134 5458 2728 591 2775 4831 2834 8729 8314 6914 6194 16 2522 7295 2777 6757 7875 703 2957 4201 8163 2650 1487 1628 4729 8197 6398 1543 7291 8128 7436 8376 8445 5998 4917 8311 3770 886 5750 5551 8509 978 1123 6879 1317 4368 3892 2889 1232 2019 2777 8019 9522 107 6709 1454 
9615 527 6781 6451 9346 99 1796 6363 4519 6444 3559 687 7981 7719 4524 6205 926 8228 9824 272 7601 6600 6391 6159 917 285 4407 5251 3697 7613 1746 981 3966 8657 6678 4927 8613 2679 8277 6861 2167 3039 3010 3328 6639 8722 2458 1489 2070 5109 6486 2441 7689 687 2634 8334 6734 1672 9082 6098 5218 4485 2175 1857 6734 9147 7938 4821 6474 2449 3286 5144 2290 132 9133 5790 3699 810 7785 7875 855 8393 6766 1243 3060 1617 3608 7362 640 6083 8458 5723 1220 9895 5938 1972 212 414 2031 9460 
3699 7413 9381 2230 945 8998 4204 4158 1397 2811 5645 9036 547 4357 2809 1751 8903 2838 5469 4714 1611 9422 5642 6536 2222 9533 8336 695 4365 3211 5446 1304 1188 6962 764 6040 5712 6945 5492 7077 4757 9555 7308 6213 778 2080 4689 9030 4295 585 4002 1268 1046 5943 8618 8080 4692 5854 3891 2208 4690 9016 1039 8775 8217 8413 1938 6861 2460 6055 2573 7149 3745 6772 3085 3044 2360 2988 3396 6470 5475 8130 2290 9916 9073 2072 4802 1376 7933 8851 8978 9573 7421 3502 1960 2141 4238 8216 2766 2592 
6877 2486 6316 6561 5072 9001 4684 1623 8831 4804 1153 7629 4748 2341 2260 4480 4596 1070 8721 5871 5989 8013 9617 9328 547 9870 9416 927 8082 242 4616 6368 7237 4002 224 7346 1268 762 1046 9706 2086 1999 2006 6701 3280 6092 1832 4768 7358 3068 302 8471 1999 3694 625 1832 9729 447 885 127 859 260 7437 302 1333 8628 8471 1363 304 7416 9398 6252 5098 5228 8456 5893 6430 3479 3408 2620 3251 1981 955 6534 3896 6388 7051 7831 2277 552 9514 3860 5827 6486 3152 8232 907 2985 9344 1155 
84 9861 3369 1405 981 4257 6678 4927 1689 2679 5654 5569 6508 7333 2976 5352 2215 6086 4143 5180 3754 7215 5231 9627 7997 1596 9275 9229 5262 8961 4762 4066 2620 3251 4980 784 6637 226 532 7645 6480 447 885 3068 6607 6385 5098 4779 5794 1847 5738 3633 7376 3135 779 4964 8073 4952 4934 7552 7281 8787 4477 6773 9548 6677 1349 5563 4585 2241 544 3832 4883 4201 2147 7978 3825 2256 2636 3648 7387 732 7099 8800 2063 6432 8411 9512 5350 3558 2000 7174 4655 9808 5952 1826 2840 3706 2457 9838 
89 5826 4915 4488 7430 636 3386 1500 2086 1999 8064 6701 3280 6383 9694 4768 8853 3913 7437 302 3753 628 323 6385 5098 3285 54 9155 5842 3572 1682 6711 2221 4789 3551 7019 4162 9696 9762 4535 3835 8204 1947 6090 5090 3843 1624 3772 2557 3610 9698 1924 5627 2400 4960 4964 3422 1291 8348 4438 3064 4378 1071 6455 1415 6749 8364 6789 912 9888 8600 886 7543 9759 5477 6952 8841 5029 3454 2589 1429 6312 6867 7435 5248 98 6480 147 3660 1935 125 2511 5266 8813 5482 5726 885 9436 5141 2480 
3940 7295 1793 7247 9229 6142 27 58 5580 1902 3218 1363 3526 1403 4075 7425 53 9778 3757 2155 2630 7855 8031 514 8075 9587 2012 4954 8016 7299 5963 3538 7161 1555 6599 6472 3250 4536 344 4838 6586 4198 797 885 9640 6278 9229 7372 9439 8180 9755 8365 4745 760 5932 545 8319 227 8742 2385 5265 5619 6776 5866 6411 8872 1556 9021 1441 4169 458 6067 5921 5514 5055 6832 8720 7585 2714 3697 3119 9186 804 2378 3744 3804 6476 9857 2965 4802 8978 5998 7421 8434 3502 7537 8474 1960 3393 2141 
2325 7728 468 1941 6294 715 3752 8384 8869 5741 8857 3288 4643 2499 8583 9181 7656 1308 2961 2025 2068 6550 164 8103 4414 3800 3807 8594 2500 1902 1190 1551 664 5337 8034 3610 295 6092 5019 5108 7592 326 8519 5019 1375 5728 4393 2096 1970 2146 1923 5592 7562 117 6136 9063 6745 5427 4966 1713 1362 628 8544 444 6374 8619 672 8142 4075 9237 9418 5039 4570 7885 2216 3150 3976 2810 6805 8070 7370 7866 7490 7569 1284 446 2536 6397 2562 618 6187 6606 3131 5947 5128 5414 4524 3048 1170 3271 
8129 7292 7518 8635 9855 7105 5770 3942 8667 6901 1014 9354 5619 7931 117 3689 5806 6792 8216 7156 5183 2914 9273 8093 5412 5088 2139 5362 9468 7846 5836 9615 9687 5495 1698 4600 1517 3025 2634 3446 2229 5371 770 6855 3653 2888 8367 8373 8195 2570 9377 1627 8939 9081 6342 6349 8887 4019 6001 9168 6811 9516 2860 7446 510 3444 5636 4088 9801 8982 9008 6896 9568 5477 319 3409 63 9203 1424 170 1135 1359 5950 9744 163 2271 9914 9095 6057 1636 4518 4266 9610 8851 3543 6434 7747 3127 3323 5558 
9162 1572 79 1247 2569 5376 3390 9418 9779 4851 4489 3998 4904 9241 1723 7885 2266 8650 3830 6637 5610 1912 6388 852 3109 5823 7933 1531 2866 7334 9573 5998 8434 7537 1960 2141 6943 5417 2486 6316 897 8657 3127 4503 724 4658 2668 4374 778 5531 1124 9603 7582 3839 2687 2666 1171 943 7241 9769 8712 5186 701 4846 2626 4462 7371 4896 9100 9887 9456 799 7980 3798 56 7689 1403 2021 9926 9318 8451 4646 5966 4840 1126 3304 74 4858 2114 1467 3829 4147 6641 3710 118 2863 447 3471 1605 9555 
7246 1450 3054 3658 8882 8149 9928 1360 1228 4903 6297 5421 9934 7481 9312 227 131 8518 1813 2768 1969 4921 6659 6743 6628 8689 6560 5957 8857 6495 6560 3685 3314 7465 4742 2928 8225 8648 2797 179 216 5981 2560 9620 9447 2244 9601 7954 5013 994 5749 4038 1963 5165 1410 2892 7961 7976 5792 945 7229 252 2412 7408 6349 1514 7133 758 7140 9193 5101 1882 9842 6418 679 5141 2547 408 9133 1666 7092 7440 4335 5282 2379 2244 5571 517 8048 9626 5520 9267 6707 8504 1849 3608 9167 8604 705 588 
1699 8091 7747 977 3595 9206 5660 7140 9600 1623 5129 2276 1885 739 5543 2096 8875 9853 364 268 8951 6325 2173 5509 2279 3202 2166 890 211 474 8933 6480 5931 6077 7551 7958 6980 1366 3346 6570 7118 265 3433 6078 2587 3866 9119 6452 2163 7788 5178 3757 3882 554 297 1501 6679 7306 2934 3714 9378 7050 9422 782 8179 3751 5288 9438 4476 1593 2849 6235 4306 4973 8724 364 8196 9968 3545 7142 4467 7821 8002 5750 7478 8046 7454 9188 2517 9895 47 5508 975 9188 3374 5541 6761 7048 6846 165 
6436 250 8722 2720 2277 4547 6176 2967 9484 3376 8489 5733 304 8335 8870 5766 9666 2043 5638 5404 7578 2206 5214 794 86 8873 8007 4959 4786 7121 3276 5439 248 3461 1016 1529 5648 2215 5290 7108 9277 9090 3753 4811 785 3959 9696 8830 3097 3528 8421 9209 7057 1914 175 5276 3264 7243 6042 348 3853 7232 7953 5149 4432 7578 3162 8873 5412 9061 1925 381 937 9185 3304 5579 6860 4964 599 845 901 2661 4249 1905 2617 632 4532 5299 5736 2915 4583 812 8449 5750 7405 3384 5864 3611 7984 8331 
8852 9649 8883 3496 8311 2116 9718 416 154 1727 2102 7445 2487 7827 2774 4998 3261 14 7484 3435 8789 4947 9652 6877 391 4835 398 1599 7799 8344 1015 5163 9325 6703 2624 3811 9946 1492 8741 9739 8609 5063 8890 8691 3154 6734 2004 6619 1812 5651 3937 5017 8316 556 993 6435 6540 3508 6016 9816 8025 5065 1016 1666 8522 8018 5472 5032 3965 3130 9854 3601 3238 64 4106 7549 7504 6667 9819 7884 568 7466 8898 1609 984 5119 1437 6696 8200 4191 5036 1671 1277 2384 9902 4634 2999 7164 9495 9420 
9926 5975 670 7017 5645 4024 9741 2013 7686 1540 8618 9228 1003 6774 9113 8363 8620 2824 7303 7292 6084 9152 2356 9881 1360 1244 5212 2798 5567 1027 3511 7170 1104 1064 1331 8253 856 1949 6031 3488 1579 4666 233 4643 1941 8275 2821 7319 3368 9953 5792 1658 6448 3262 7636 6849 2894 8772 829 6576 2558 7040 380 3048 55 927 8481 9386 53 8900 5637 6461 2087 6421 8319 8227 342 183 1827 2728 2002 4265 7258 4675 8421 1280 9643 3576 2167 1400 9847 3349 5304 3345 2527 4282 5462 6837 6769 2889 
1362 7421 4144 5865 1920 7153 6418 3356 7477 9049 1164 6754 6322 4226 662 8463 4922 3725 9817 5642 5246 6296 5615 3794 752 9067 2218 2685 383 5259 4562 4913 5542 1450 3611 1361 8523 228 7892 3873 3781 1971 4560 8539 4862 1618 491 4215 2765 7877 5013 1876 4483 3522 5435 3098 2325 3394 8265 3093 9996 3259 6648 448 3090 3536 7601 1277 2776 6285 8595 6245 4929 6158 2159 5156 5553 1475 1638 4667 5897 8862 6768 7148 7538 1883 6381 4589 8674 3136 8776 744 606 1404 149 6645 9615 4760 3093 3347 
2492 9123 5628 1006 3789 4184 8543 3797 9058 52 1244 7410 5364 2753 7123 5288 8885 1427 3685 8810 7485 2430 720 1858 7901 1206 4653 1023 6668 7639 9864 1812 6256 1388 816 5980 8718 1111 3864 7978 8285 2428 4868 6212 8545 8795 7210 9830 2838 9562 3671 7248 2435 5300 2111 5423 9280 7402 7876 5393 7922 4031 7152 179 4993 3991 9728 43 180 2752 7393 573 9637 9610 2847 5675 8435 4627 2744 1534 1522 2885 4641 8326 6415 764 2235 2324 1244 7211 7494 2453 3324 6125 6478 9909 3933 9659 3341 8296 
621 8870 8715 7161 2281 3931 8778 6331 4932 5798 928 8624 5849 630 6950 2332 4335 6605 5719 1776 9131 9514 2029 2404 3799 9020 7790 4480 6154 8733 5468 1063 7307 5877 6449 9087 6367 7156 4287 7172 4479 3133 5935 1374 2601 1685 1841 7301 6654 1781 9363 9153 1733 5711 2945 7147 8850 9692 8725 5337 7993 7108 295 5136 3348 7610 4577 8369 3875 5516 9784 5343 5173 6750 6372 2087 9639 7395 4253 4993 4384 2348 7152 9845 2067 582 8504 180 2752 9179 1367 8114 4217 7 7961 5792 805 8151 339 7320 
88 4106 6349 3358 7133 758 5911 3429 8213 7759 83 5725 8960 8065 337 4241 3563 8393 9159 4647 3416 4137 2712 7855 5564 5529 5971 7838 8835 2046 4041 5357 2645 1482 4586 6463 455 2920 6853 4561 2175 5399 3457 4597 6015 6697 1956 2920 263 2648 4257 153 8461 4416 4139 2536 766 9377 4908 1987 1449 6776 7284 4348 3848 8299 2109 3241 5136 1513 8336 1301 3577 1174 3647 731 6112 8258 7681 9468 641 4182 3463 8942 4931 7218 3396 9390 2398 7417 1857 1375 5110 7743 8090 9788 8538 4471 5812 7461 
8897 9454 330 6989 6793 7368 4257 2906 7847 1007 5141 7305 9831 733 5839 5189 9249 7803 2001 543 7458 3550 6590 3794 5956 3303 4470 6232 3193 4954 3211 3872 4350 5469 2412 7684 7098 8931 6794 2246 8111 8813 7721 2028 4656 4503 9540 6046 8367 1899 4298 9620 4628 957 503 8604 8955 6194 5054 3620 61 7717 353 2769 8490 5785 106 1469 3411 6006 7575 8448 3538 1935 3643 4964 4706 6553 6561 9704 5860 4722 6344 1231 2817 3226 2468 8979 9223 7991 7173 4470 2013 4222 6614 6168 9938 3995 6930 9162 
6114 2818 2887 6047 7593 1909 2360 1812 947 6461 9015 2567 5386 1828 1600 187 2069 1090 8637 5177 3461 3927 2227 4333 5187 3098 7769 7623 9850 7759 7307 5402 6476 5612 4899 4427 1256 7642 8593 8567 121 5053 1923 2492 7677 9531 4910 7043 6298 8664 8998 7340 395 8932 7560 357 785 4330 3596 8890 7613 4280 741 1045 4108 2013 3767 5064 9210 8570 5425 7706 3358 4413 4658 1369 8664 8721 7697 824 2215 3845 3622 1920 8327 2735 6590 811 9104 7409 2930 41 4764 5576 8655 5265 3778 5210 7367 7102 
7894 7588 3164 114 7492 2348 454 8919 746 3686 4298 6334 6193 1525 788 6324 7071 8240 8783 2057 5557 9621 6423 2358 4702 2699 6389 2443 9880 7488 2096 8033 1454 2831 1454 9214 35 1877 9086 8266 8274 9485 2764 9566 4790 1527 1530 8485 3345 9079 8621 7304 3540 4509 3661 3794 3555 5225 231 8363 3674 4412 924 4479 9145 7748 8620 6223 6035 5471 9610 9616 111 517 2169 9832 8838 3581 5663 5935 4069 789 8646 7450 5291 3939 3981 731 5746 3100 7704 3059 365 6808 2007 1999 6293 9797 4599 48 
5402 569 2769 4899 9342 4427 6736 8961 7920 5231 1918 443 4604 6003 1063 7606 5896 8999 9258 2891 749 776 2216 3147 5089 2196 7850 8668 6841 9284 4891 6067 289 6952 1015 5264 1325 9083 7442 8313 1265 5046 1887 4200 1466 7482 7929 7023 8069 8421 6923 1730 8218 3109 9312 2885 1175 1361 7646 3257 7369 8291 1773 1433 5118 8828 6486 6161 5912 8329 2948 2003 8928 7826 8042 5480 8107 5961 446 2142 3285 4655 567 8179 7634 4162 7656 6664 2485 8921 9073 374 9717 5284 9207 71 9721 7798 788 5064 
6447 426 1987 9056 583 7923 3798 6302 9533 4597 7584 9017 8337 3906 3439 157 3994 3698 8095 571 6007 8490 2128 7580 7372 4559 1761 7526 8877 7335 1321 4548 5026 5053 2461 1701 2709 2003 1452 5623 5741 5157 3654 2776 4477 3507 224 2317 9555 779 1304 442 7317 3830 6637 6388 8770 9119 4169 147 3380 5017 2146 9677 3275 5693 1451 856 5732 2415 5939 1475 9259 486 2534 3165 5586 6303 4854 6524 5212 6055 7812 3751 7354 634 4936 6146 1499 3316 839 6554 6903 6935 320 8506 2549 6315 4238 4863 
9361 465 6371 785 5964 6995 2025 6958 6856 6096 3830 7376 8647 4487 5325 2157 2458 4867 1683 1606 8135 6957 1261 6926 3834 3481 8905 209 3665 7233 9120 4017 8253 8580 9980 984 7914 9577 1843 7967 8737 8624 8673 247 2349 8274 5445 4689 990 9588 8325 3431 2018 6539 8888 9168 1328 1071 1440 1630 2228 3785 2294 7223 996 7451 3725 2598 4960 5108 6548 781 5284 4913 3622 8576 1941 4596 6667 4829 3872 5184 4466 2397 961 5017 1008 7067 1157 4156 8703 8738 8812 1536 5087 3934 8951 6560 8584 2128 
2805 7720 4209 4231 4877 2934 3689 2738 7403 7547 2050 5770 5291 4372 418 3194 3658 9480 1670 3552 8708 1123 4746 6904 3006 7148 7712 4104 8327 3221 3859 3529 762 470 8622 2680 4702 2562 2443 5328 7488 6729 9842 1211 2831 1454 2955 1877 5274 3027 1348 8109 941 1848 5620 366 7233 1142 2896 1643 414 8282 7828 1863 6683 3401 7553 3613 629 6742 1057 3869 7786 8810 4587 2724 2378 2105 8099 5812 9480 7045 4455 6478 8064 478 2336 3275 207 8789 8962 8807 451 7730 5846 8677 9294 2705 9551 2946 
9932 964 9702 9157 839 4552 4463 3981 2442 6379 9265 7423 9428 9565 1742 8284 8325 4939 9519 9229 4081 8178 4727 9285 3146 5878 4203 8179 2743 5361 2273 8761 9149 5498 142 9138 6532 5380 881 2730 9782 8398 4436 6437 3449 8759 8495 4031 9212 1131 9157 885 6182 8319 6022 2385 7392 7344 2412 8611 3904 8069 4390 8143 7470 2545 5902 8015 6962 7398 1212 4720 4244 8125 9689 3761 431 510 3823 7987 626 945 1944 622 326 3863 3266 5491 6609 1272 773 4502 8157 3914 319 3661 3059 2248 7418 6554 
3425 7826 2715 550 5243 9496 4399 9032 9603 8423 7205 7563 3093 6670 9065 5541 137 3967 544 3350 1579 5878 3147 2271 8447 687 8337 2923 783 5670 2025 1937 7988 2620 8355 732 8347 8950 8848 2796 4669 8103 3274 5141 2682 1526 4238 5665 5779 3069 392 2916 801 4385 4057 6230 2689 9421 1496 7690 4910 931 2450 628 6331 1422 2109 8289 4605 4917 4600 1750 4178 9583 9243 5574 4978 9286 7392 4535 3117 4162 2740 8099 8752 3020 7408 3140 2903 2184 862 3632 2985 4562 5809 2407 4585 533 1383 982 
1402 4468 6876 6305 3543 2079 1637 9686 8081 5597 3006 628 7547 8362 2183 9015 1608 4291 9386 516 8728 2605 9306 2411 1824 6396 1195 4615 7354 4023 3571 1099 7138 5304 5234 5884 8367 3051 187 1106 8653 5587 4685 9293 5605 3927 3465 5121 7709 8978 5886 5090 2751 9970 749 931 5925 7450 3087 5558 1336 7658 3222 5442 4707 1657 993 3608 236 9223 1696 3528 6237 2150 6963 8620 4290 7367 2564 8111 9777 394 4339 7673 5804 676 4686 9279 3168 140 3294 4640 4522 8047 9284 5243 3431 3834 6365 5367 
5279 8535 7673 5823 968 463 3001 560 2645 7363 2831 3289 1030 5917 8092 3454 8758 2474 3780 1315 5680 6395 7575 95 7050 6647 7870 9593 8024 4003 3167 2175 4117 4212 3792 5795 5866 506 8530 4424 1746 2960 7491 314 6927 9031 1214 1508 8867 3257 9492 9934 7755 2773 5187 9942 4543 8289 1849 3648 7696 5351 1064 947 4487 9934 2851 5513 2000 3787 431 9352 7010 4611 1135 5801 7002 9917 2012 8517 3011 1276 6203 2859 3000 7177 5314 7070 4547 8799 145 9164 2726 8952 4847 8657 8883 602 4178 5455 
2143 8587 6206 492 6402 1162 3686 7795 3989 9005 7403 9474 6270 4997 3060 797 9010 1775 7672 8449 3852 3891 3286 7776 2723 1308 8462 2742 1652 7513 4534 6247 6916 7605 1128 2343 568 3942 2949 1622 2161 2807 7089 2938 601 1257 9418 2588 3133 7077 1332 5561 5314 7623 6985 5913 6829 6403 6164 8364 265 7530 8132 2257 300 4146 5789 2835 3511 3559 7052 2169 329 1127 6254 886 2129 8224 183 4416 5491 6647 9120 8813 71 8943 162 7475 7043 7116 4981 3928 9712 5854 5204 4595 9761 8591 3325 4799 
9112 4877 3349 408 2591 1730 1662 2545 9053 7896 7151 9652 8434 9648 4206 3879 1651 103 5388 3046 1481 6190 5443 8422 8637 9480 3726 1483 5963 1587 6465 3703 5792 7427 6443 7867 3581 4150 260 2661 7684 6422 3353 4164 7486 8515 5958 9811 8264 539 7516 8328 7377 2737 6573 1618 8768 3570 1738 6354 3605 2973 7837 194 488 278 5620 8527 1084 6411 155 4747 795 6973 4142 4630 4529 1261 1729 1946 4851 2883 1379 3114 1943 2232 3527 7021 9135 7524 7390 9175 9473 3207 6435 7543 8717 2459 432 7214 
5880 6684 1973 4031 9099 5803 1085 1202 915 6741 5162 236 4618 8567 6487 6966 3968 8933 3296 8173 5516 2198 1109 9702 9784 3390 3852 6729 7245 3979 1585 3824 5262 2501 9275 2963 3252 9412 1633 3088 9861 4533 371 5530 1175 8366 9330 8716 6177 5301 7725 9731 6825 2474 8404 5319 9139 8963 8059 6774 8964 6633 6642 9356 9614 6248 3499 7506 6902 1721 1143 8921 6854 1507 6972 8906 1900 7608 5104 2899 5571 535 7553 4297 2055 6436 5080 1564 9507 7754 1449 4805 8418 6213 2250 9826 8532 905 4022 9165 
5387 546 9046 9210 3200 8666 6821 4185 7639 6057 4472 4213 9135 2645 4319 4595 5323 3526 5712 7178 5613 5672 4765 400 7498 3810 1643 8994 867 6387 7014 9065 6094 2478 2175 8766 570 583 1237 7970 7734 2664 3176 4714 571 6192 3254 5108 9998 2058 4778 6362 5484 4293 2493 8644 3161 5383 9236 9202 7228 451 2049 7577 5998 3878 4277 2648 8878 7496 5156 5607 6964 5947 1860 8353 9831 4347 7328 371 2989 120 9619 4740 4236 8023 5524 4139 5448 9433 6524 3925 483 2200 2918 3386 2008 3265 2814 9622 
2254 55 8402 1789 7603 5943 3436 2319 5735 6027 48 7413 811 3430 404 663 6655 1752 3228 6902 821 8699 7589 2006 6549 6987 2751 856 3273 6045 3935 9477 7193 2657 8707 892 7640 208 9081 9552 5565 7827 528 8531 5414 4478 6100 178 5897 3632 3833 3020 5892 5029 1336 6220 8269 4728 355 1856 601 9695 8460 9327 9940 382 1972 4353 8061 9070 1064 1612 9692 9794 255 6548 688 7753 4793 6405 4851 2292 2047 4726 5444 1872 1393 1255 6336 4963 3607 2602 9963 3748 6930 5465 5651 4328 688 4326 
2165 5228 7635 9095 3146 4654 874 690 6006 5395 706 4459 6717 8536 8315 8670 5713 4534 4722 9508 7100 2507 7395 7732 213 6813 6203 1499 2615 2903 8040 103 7690 1648 5532 9908 5730 8205 2693 629 9680 9908 6272 7005 9218 3672 9937 3964 1336 341 4653 2479 8634 8787 703 9035 3564 6064 28 4155 3283 1351 3680 2850 2698 5359 2244 8290 431 4677 8 9643 7531 756 4469 8908 1233 5252 9770 2867 1713 425 4889 1815 1221 1841 2851 2372 1253 845 5081 1268 9811 4167 8474 8871 8745 2734 5166 2744 
5739 9277 1418 3662 2210 4706 6600 5024 2826 7029 5992 2658 1687 1160 2579 2179 1141 7362 8887 8800 1018 6460 5980 6916 8397 4629 623 1641 185 6075 1657 6397 1509 9569 19 3186 347 3888 778 864 8939 7443 800 1693 7403 7898 1770 3874 4718 1129 1803 2363 1912 20 4270 5271 5175 4977 4515 8284 6045 4309 7255 6050 5980 8039 6202 839 3904 9967 9690 1292 3466 6603 8127 2799 6254 9212 2247 7814 7410 863 7390 7466 3640 422 1106 9962 6994 3030 1473 5392 2600 6233 6445 5972 5002 9832 9242 320 
5713 5101 8298 308 3062 1651 9788 213 2647 2538 5153 8140 4377 5442 5141 9396 1828 6388 9035 932 8319 5791 6391 6848 8219 2432 3546 6607 4452 9247 5051 9638 7088 7881 5581 5067 8507 9338 5995 7909 1075 441 8498 6802 9158 3526 1044 1988 9500 4350 3302 2349 5886 1239 1166 772 8945 4021 3197 3877 2559 4222 8629 5017 663 4787 198 9097 6450 5471 8658 5150 6046 5169 5012 6956 1413 5729 5680 1463 853 5816 6128 3015 9821 3720 6568 1363 403 7671 6811 8300 8518 8905 508 15 3571 4174 5722 9389 
9632 7212 8803 5511 1517 944 2528 897 7834 1985 8722 1776 1050 8820 1007 7450 5729 1222 494 6000 8987 1285 7406 6281 6281 6111 7446 8175 6480 6936 9118 9097 2479 4114 6954 5172 5359 6408 2986 5726 4567 1189 8273 8144 7628 9310 7242 8154 2052 3475 9198 6163 1983 6764 5951 1712 9209 9813 7577 2053 2604 8294 3466 9807 7739 8468 370 9322 2303 3481 3977 2785 4790 1114 4554 1410 7412 8843 1029 1901 672 3503 6791 6225 1029 8031 8296 8200 2221 5755 4653 6639 6139 4176 4601 869 6230 6193 2567 76 
2982 3769 5948 3635 6996 2075 7486 4755 9425 6847 350 7995 4122 5854 9461 6815 5501 7578 2235 6636 7904 3049 3360 8545 4891 8013 1786 9277 5366 6735 1969 4328 7423 7330 3290 6058 7246 9725 4512 593 3473 1833 7239 1878 1092 4617 5788 9005 5720 3370 2516 5505 6593 1811 1868 8779 9119 1388 3074 1919 983 3432 1803 2719 7221 2848 1293 4793 9526 6724 3484 7303 6651 405 1892 3822 6078 8682 4914 1610 4957 9826 9540 9212 3585 4943 5364 2709 4637 165 2369 3194 5142 1576 947 8564 6158 48 3454 2020 
7512 4468 5015 2272 4040 5766 4504 2839 9051 1664 4394 7552 398 1268 5573 283 6816 2147 1596 6204 2295 2693 2081 8374 7549 2611 9595 388 9172 3368 5624 9724 8991 235 8330 3933 6209 5768 1236 9322 82 5898 8019 9275 1321 2659 829 6661 9599 3809 6315 4026 550 6462 963 9552 2540 5008 8417 8667 9024 3732 8219 780 4344 2675 5029 9986 4486 3974 9002 5173 9799 3887 6195 4033 7383 2335 4787 8656 4337 6329 679 4715 6874 6508 804 4525 7780 43 9025 3825 681 815 548 9449 3218 1727 848 4391 