3276 2412 2643 1203 9883 6570 6680 1722 9339 2459 5948 9249 8027 8045 4319 2054 9462 4923 7156 7498 1620 6376 4069 9747 2447 8241 8662 1886 26 9618 794 5184 7072 1743 9322 8759 5712 6122 7223 4094 4834 7507 5055 2108 5155 7419 3967 3171 5303 5487 1584 8010 4778 6739 81 6468 4905 7435 8021 449 2806 9186 4063 5703 9131 9796 6577 9638 6323 913 178 6430 2244 6813 3705 7607 1412 7428 9217 4315 8210 2537 2786 901 7318 4433 8854 5487 9169 6493 2052 570 5821 1567 3649 9614 1563 3007 7548 7144 
3591 4038 8384 9397 252 8012 4866 4129 5992 8654 5681 4082 2168 5897 9165 1158 6349 364 8406 5704 3313 5434 3610 3667 1885 2378 7280 716 2835 6842 1819 3181 8936 3501 7976 9125 9170 6888 5004 5349 255 93 8113 8878 1989 6272 4787 6613 4805 7750 6395 6533 6188 9193 5618 6183 5277 9680 7265 8856 5569 227 7975 9480 988 7743 1949 9500 6117 6085 6976 266 5340 3583 1687 8943 4351 7699 1142 5000 1043 6262 3905 7119 1242 4264 2553 537 5032 643 270 8644 8732 1022 6178 8637 7111 2754 4799 9439 
3332 5379 5953 1886 505 7798 5025 3865 8455 2950 4383 597 414 7985 8684 7466 586 7057 6699 6160 8359 3705 9204 4843 9076 2020 5860 8056 1870 2602 7050 9252 303 9427 5010 9946 4145 8925 4846 5270 4556 703 4646 6583 37 6414 3972 5931 3832 6413 8053 2831 9387 4934 8682 7590 4617 1870 7985 1805 5853 9725 8963 128 4781 5614 8568 5345 7290 5714 7310 7813 4417 4987 1820 9468 6719 666 8779 1406 3105 2390 3212 4564 1591 460 6552 3620 6166 7896 4575 4395 4543 9667 2085 3185 9079 6608 5633 6555 
3070 5221 8263 3856 9875 2105 1235 6207 6315 7252 9939 5684 6972 3386 8510 1722 305 6555 3369 3311 3197 8613 8361 5569 3039 6508 765 8115 4630 7416 4215 4518 5794 463 5242 5738 2661 4405 7090 2030 3050 8119 1537 5760 5216 8444 4699 4520 7615 4002 5921 3500 4420 7159 651 802 8945 2507 1062 1549 7149 2367 2634 4941 8871 262 9976 9923 9389 5828 8158 9624 1419 1202 1181 792 1881 4746 487 2689 2815 6763 6622 3288 302 4832 7938 5744 5003 9421 3376 2920 1928 3637 7409 9273 3611 5695 1767 5968 
9344 713 9657 8067 6745 7516 4058 8332 940 3979 3935 6616 8508 7706 4883 7683 471 3306 5019 5090 9009 2761 7094 415 9910 8817 9513 7594 9493 97 8717 4078 5667 1383 9870 8628 8769 5395 1853 5031 4807 1120 9450 6234 7835 3008 3701 409 7647 6123 7996 2982 4365 7657 9510 1170 4871 6540 8957 6925 6482 7975 8718 3049 9719 9933 5951 3829 9814 7634 9555 4774 768 3737 388 7370 2378 8531 8058 4266 4106 2129 2808 2451 4431 9846 1668 4257 5715 1504 5472 5837 8988 1430 2312 6991 5279 951 901 6790 
2959 649 5756 3262 8683 5051 3582 4883 2576 2591 5992 1572 5445 5134 3594 2715 6840 1895 9414 8306 1991 5697 4403 6863 8384 5714 5611 1183 6946 8234 2328 9642 4582 4046 3088 2795 2045 7888 4929 5481 9280 5124 4098 925 5522 4230 7060 7205 8934 1645 3882 3649 6362 5157 3311 5078 5953 8284 733 8913 1090 2411 4538 4502 55 4807 1495 8555 3227 5855 9873 5761 1733 3921 5720 1870 6798 9301 5645 4734 7457 4792 591 8162 4089 1181 1815 7468 2403 5362 9810 7359 2093 3937 1111 9997 3825 6993 6321 7603 
728 7602 7146 5982 7715 4070 8990 4410 255 100 8110 3531 8333 450 804 9280 9927 9277 9456 37 3537 2258 4537 9788 393 127 7720 284 691 1088 2223 3736 5922 3567 9402 7841 2296 9947 3383 8297 4933 7309 5885 1369 3100 3038 8712 3809 2580 7831 206 1190 6126 9753 1573 493 7186 2395 9408 3467 8218 6495 2271 153 5294 3001 4268 6049 8381 1334 5419 5367 7214 215 3395 7922 9323 634 1725 1401 915 9053 6835 3534 1055 696 1070 3863 1998 4778 8834 9902 6737 2441 5847 5302 9128 8702 8269 4396 
9091 6562 8197 1909 3677 6720 7786 7531 2005 7089 744 7273 8941 9217 6381 5192 1047 5205 4365 8649 5104 7990 7172 7193 3690 9543 7533 129 2316 3117 4684 3802 8980 2408 3752 4511 8324 9285 2057 2754 6596 2639 5361 6248 6407 9965 638 6006 5867 2092 6753 6437 2702 1009 2833 1907 1434 7121 4281 2591 6866 9823 3389 3268 6573 3196 7783 9102 9733 8507 4536 8089 7791 3726 1895 3109 6838 8667 3367 8471 8080 3181 6090 2269 7008 4192 9301 7381 8735 4663 3083 1434 9918 8580 1190 9232 2071 7051 13 2714 
1448 6625 5930 1080 4483 1190 781 4515 5535 8984 9430 5730 3189 69 1915 9590 3027 3369 9525 2407 5451 592 7157 3637 2190 9546 61 4075 9754 5727 3614 2679 2310 7432 880 3660 7370 7866 4067 5101 3670 7573 4327 1284 2172 6397 2562 6187 6606 3781 5128 5414 2282 4730 7292 8623 4834 2397 9848 9097 934 3216 4387 756 6962 9086 8597 7621 2035 3821 1207 162 6532 8259 2491 9419 8616 7186 4099 5296 9162 4872 8866 8373 1909 5285 7305 3552 4926 7503 5363 7259 6684 1727 8684 4577 6316 3149 9147 8701 
9136 8435 5658 6563 4972 6593 7083 339 9740 8560 3983 5720 2005 6828 1324 1064 4670 2729 9805 8577 8444 4348 6504 1808 5498 6903 6909 7118 3786 474 9735 510 3823 4295 7592 622 8843 3583 3266 7545 5491 1368 8519 5497 250 2194 7473 5110 4729 4493 5728 4119 6946 8820 3349 8351 9142 6913 7220 3209 9550 8621 1683 2479 2707 2952 7198 7489 1345 3270 1944 5848 6422 326 3863 3797 2214 3266 5491 5281 1884 9532 2991 9907 5593 2043 8321 1362 5478 6418 6321 850 239 6378 3075 5220 5880 3071 2731 7278 
921 9541 6024 3952 440 2220 3897 7820 2767 4029 3814 5591 8054 4108 3710 7461 9278 7368 7340 3508 5141 3552 733 5363 8822 7641 7986 3739 6055 6384 8417 9048 7649 212 4714 9294 5774 6452 2222 695 4365 1304 1003 7569 8659 6023 6928 7102 5173 9639 3774 4083 4548 8515 3735 5260 9396 8720 3079 525 3201 9886 8943 3358 4490 9495 4691 5392 2350 2537 5265 9539 5866 6411 8131 1555 9730 9059 6117 3679 7866 6474 1335 2919 1769 3716 8972 9807 9675 6711 7967 1324 4789 6681 8061 7822 1706 3992 4825 9603 
4938 5733 4948 3622 4642 2091 4876 6083 4068 9808 4799 8213 8706 1327 104 5189 3425 5089 3128 5800 3479 6108 1644 4843 9838 909 1694 1067 2210 4661 6476 2560 9486 1452 4227 6190 2652 5051 5348 2571 2724 2420 3516 3087 9703 9991 2533 5524 9833 589 5538 1151 4861 7534 3298 9641 1395 9755 1254 2978 1451 2391 2075 7928 4458 782 9913 4067 9016 8038 8616 7735 5294 9119 60 1671 7786 6792 4169 8314 84 3709 445 7798 6155 3623 8505 7938 3319 9997 4203 2696 5536 1424 1717 6519 8144 896 1407 8280 
9830 7581 4576 2645 8738 6907 7062 361 7565 4970 1979 8500 3526 8928 251 7363 4318 3467 722 4482 2951 2888 8406 7518 4980 4670 247 7228 9119 809 6254 8081 7505 6098 2948 128 376 5631 4504 8937 226 7923 284 1731 3785 2028 2079 1731 3222 9004 4973 5597 4419 780 1728 6430 4832 7635 6994 6957 1499 3720 9642 8817 5045 3410 754 7381 3375 3800 7217 8522 1075 6858 716 2291 8471 4278 4691 8262 3956 2146 5897 3582 4131 649 407 2132 572 5315 8313 3273 4877 4055 2473 2154 8854 2967 908 2194 
5260 5646 7823 7787 8545 4448 1349 872 1526 5846 3303 1778 7696 4037 4185 4789 9686 1573 8797 4721 2662 2272 6568 4764 5205 4238 5138 6322 8110 1459 8543 201 5166 3578 2443 5830 2823 661 9061 5053 6511 8499 4708 5587 3454 9476 1558 5254 8706 2994 1379 3111 1302 1108 4855 2789 9143 9573 431 4068 2642 5669 6454 6354 204 792 5560 4341 1124 2666 6238 1314 7536 7176 8376 1971 3462 1792 2825 3947 8036 9471 8887 2126 3615 4019 8117 7737 376 9086 1678 13 6787 2610 3236 9782 7432 4130 621 3990 
3041 5458 4477 4623 1798 5728 4758 8408 4152 5857 912 5622 4545 1941 9679 2023 7157 4510 7809 8597 2782 1971 6076 3945 9438 8424 552 5186 4694 485 9145 1833 3355 137 9221 8910 4171 9413 7587 1985 7348 4839 2608 4459 158 2003 7031 970 7507 6158 4906 8896 8872 5542 3600 8803 3878 860 4854 9571 6791 1326 4160 8091 6013 1532 7020 9609 3467 6743 1234 8154 2744 1009 1718 2587 9398 5236 544 5289 1984 275 6247 9184 7713 6653 3791 6075 9858 60 9083 5855 1406 7899 5884 828 4408 817 1692 9472 
7931 7700 5750 8403 4239 6800 6838 2308 3578 6154 4098 4767 6943 3556 493 4130 7076 6025 8668 7463 681 3735 4464 3257 3023 3528 394 7171 1857 1358 7714 8406 3840 2676 6474 5760 939 2449 3286 6233 7598 2335 2466 299 2808 2127 3228 310 4134 119 486 3396 9351 127 4080 2398 2697 8679 4308 8409 5895 4828 9291 8824 8969 4290 3984 9674 5179 7685 5216 9925 6632 3441 2036 5671 9505 1560 2469 9753 1166 1028 4718 6741 6587 4313 8142 9400 1751 3538 7381 4067 7191 8986 4081 7517 5706 501 8445 8579 
8769 4426 7651 7514 629 7034 250 4492 2940 6350 6613 1813 6438 890 1812 1647 2703 118 3872 5243 3094 1070 2668 5989 6213 8013 6673 1622 564 9750 3365 467 7441 5645 6279 5984 9776 1680 8867 1859 4933 5518 7959 3341 7796 9284 1599 825 2111 2305 8104 9785 7763 9584 5833 6905 986 3581 9584 3473 4709 4686 1712 8963 5569 5034 6683 257 6989 4612 5699 6581 3713 1882 3465 3717 7619 978 9918 4519 2585 5554 5468 9048 1150 87 1839 5117 6797 6946 7659 4169 3375 6554 2715 681 4684 9921 2514 2976 
5469 8474 4714 9780 1486 6211 8376 2838 4397 8521 8884 920 7958 7465 7012 9529 3399 4714 6797 8800 896 818 8149 7450 4762 91 4016 4483 5852 133 2434 1001 2569 9373 4135 4457 4192 6977 2278 8514 6660 7662 6583 4012 3888 6443 5542 6719 5170 4519 8913 6847 1157 1845 7995 8256 6325 5795 2299 3471 8756 8215 7693 4421 5552 2125 5552 5293 1976 3497 5872 7740 604 6100 330 2994 1064 7411 7399 2112 3620 5487 2122 1003 2373 5483 7218 5629 8283 104 8783 6137 582 7732 2524 3203 5258 9664 6754 4195 
1576 925 7489 5602 5634 8560 918 221 4126 2586 8691 691 8618 2485 11 3612 3112 6027 6361 4057 5858 4144 4449 1470 8232 87 5005 5657 270 835 2171 7779 8143 6015 6101 7112 6031 1291 9137 3851 8413 266 6106 3517 1819 7019 3797 9800 7853 152 8855 4408 9166 5303 3518 6035 8297 9862 9335 157 7455 3052 1032 3249 5376 9234 490 6446 6797 9083 6105 9794 9332 4988 430 9287 3986 8292 6539 8700 1648 2911 8254 3695 8372 5944 2238 5588 2162 2183 1615 38 7486 3269 2605 4571 9800 7877 4565 4798 
7172 7448 1802 9465 9357 3928 80 6841 4891 8067 3941 1775 989 5333 1459 3358 8744 7666 8200 2822 8283 8959 3281 832 6419 8761 6163 9816 7171 2031 704 7482 3961 4951 4244 1474 4915 4314 7980 9252 2983 7098 1435 6942 1227 4379 1650 1541 3809 2738 5125 2004 2735 3415 394 3694 7634 9679 2454 2406 6115 437 2378 9370 4279 2612 1167 1022 7022 5151 4804 9939 8141 485 4664 1976 6268 6285 8076 1710 2601 4501 5028 5294 2789 7046 4956 1326 9691 9734 7458 8614 9162 4967 3744 5899 5527 60 4680 3017 
151 8171 6858 2261 3529 9083 2083 6115 7610 2773 9454 4519 3383 5413 585 7305 4779 9097 9360 3014 8347 7865 3973 8619 5500 8845 8886 4935 4582 9594 6964 1141 4253 7577 7372 4857 928 5484 6625 5181 1457 6931 4944 6027 4718 5924 4454 6043 617 180 3 8660 280 5099 408 7208 3385 4574 1230 9337 322 6418 9889 1120 4439 7664 9134 1543 7240 3967 9875 7851 5551 2460 6784 7172 1112 7339 972 604 5397 5259 9466 3259 9246 9350 8628 5624 3572 7401 7490 4319 1882 742 2921 9571 242 9184 1644 9358 
2927 9221 9689 9573 3415 5075 8678 2631 204 7859 8035 6156 4663 8082 4295 4616 7028 8027 4067 3507 7346 532 9881 7413 8386 8825 5665 7939 3461 7409 8920 3196 7436 3439 1120 3039 7498 6672 3737 3522 932 7987 7373 6476 6790 5839 9233 2576 1403 8951 7655 4294 5697 6863 6058 5768 1183 6946 6953 3088 5033 7655 4590 3972 1772 8097 7382 3882 1828 926 9898 3311 5078 9936 2282 1881 3719 4839 1090 320 9460 2353 2888 1430 7773 5177 8421 9162 3927 2346 7188 8431 6373 2814 6428 2190 2712 3115 8846 2262 
6018 6197 146 7621 2158 4489 7576 4075 9274 401 5060 9528 1633 4063 2199 9518 6543 1560 6016 372 5065 5146 7830 9102 3273 8324 3262 4875 4715 2304 1611 76 6171 5498 2345 5356 930 997 2606 2710 3652 6132 8081 5362 4856 8037 7490 735 1854 1699 1742 2215 5054 952 6039 3530 9098 4775 8278 8762 7730 8231 4592 5798 5497 8171 3571 314 5575 1434 9838 8993 7421 4386 9204 5681 3016 2841 9416 7260 4822 2265 1292 1976 9956 5524 7477 6431 9820 7798 730 4477 1582 8423 2120 8224 8571 9284 929 4876 
8361 8454 5351 4375 2304 4328 1794 1532 469 7994 9988 7353 5344 8546 249 2553 692 3154 7500 8123 8279 6533 2868 2699 2209 3419 6875 1366 5240 5047 5935 9901 4147 8910 8267 7301 5112 1907 4611 9475 1632 7696 4929 319 8228 5308 4282 2957 9805 4667 9622 1053 870 6479 9535 5375 4168 6747 7249 4230 9068 4430 927 8149 4743 2175 7077 6086 1663 3570 549 3978 8120 1504 3207 6501 5642 1401 2873 9345 6560 3281 3563 1055 4401 3863 8834 9529 7382 5568 8702 8865 8269 4396 8472 4740 4921 5348 1782 5480 
758 5085 7745 289 2443 9309 3394 3371 8715 1204 8815 9562 6546 4713 7777 3714 2128 7019 3827 7427 3494 5799 960 9236 7210 6913 5417 7647 8358 9302 9297 2346 6195 47 4395 9985 2090 594 2327 7515 2703 3647 9806 2665 872 9843 9411 8968 954 9153 4830 9337 3520 3088 140 8457 8808 1007 8920 1284 6307 4967 7344 6954 7483 4643 9447 7727 4258 4474 4992 1030 994 3161 5721 1693 7319 5891 9489 2892 3502 5953 1289 320 8477 4418 8506 7879 1064 4670 4348 7444 6504 1808 5147 5829 1645 1220 188 1980 
8778 3714 3325 3496 4995 5557 4787 8397 505 4851 4642 6868 3420 5156 2057 1805 3724 9209 571 1509 6286 4097 982 4311 5942 9009 8860 1671 4479 5894 8845 6110 492 3329 7991 3866 9016 1120 3039 9306 3737 5884 8352 8947 7518 6497 321 2702 9191 5007 829 9916 1528 3649 5834 5811 6564 9686 1927 4583 7015 5991 8809 3228 1849 895 1878 9952 8265 1219 2370 1950 2545 8553 4012 6765 8925 8069 8414 9901 4518 728 4621 1726 4971 5719 9530 8455 5582 1159 8258 6785 9522 4157 9133 742 920 5476 2502 4259 
6145 1868 4074 4802 5311 8854 8961 4288 5867 7693 4929 1527 8671 5081 2564 1166 2163 2475 37 9891 5645 8811 4490 2009 3442 9902 76 6729 5950 3953 2537 8837 1548 9802 1084 6027 1535 9046 3499 9087 9355 5979 8304 8494 9731 6633 892 9565 6624 5400 9385 8696 5971 6886 1243 9721 5640 2504 4948 1473 3175 3229 4051 4233 290 2782 6661 1549 1906 4258 1184 6451 7189 2574 3086 8129 2789 7290 2264 1771 3352 110 1114 5413 8071 1870 5811 6219 6732 680 1553 7841 5045 4670 612 3592 9318 9187 1383 9380 
9227 9024 8097 3939 1216 8062 2968 3794 9162 7830 7118 7409 8920 7239 8023 5698 814 5678 4035 4072 331 6476 9614 6612 474 5210 3193 7568 8945 2521 7759 9541 5842 3859 1345 8213 7332 7534 2223 6199 7364 4981 1484 1391 3939 100 1801 3039 3855 6260 8339 9026 6769 4058 8332 9367 6578 3019 7929 5329 9511 6374 3535 5936 5927 493 8263 948 5016 7432 754 5533 349 8195 8894 9530 8021 881 3494 1837 4682 2699 3200 4263 9729 2017 5952 2314 2743 408 3501 3464 985 7425 7084 3165 447 7240 9984 7585 
6122 4057 6186 3270 7970 2558 2370 6150 216 8510 275 2425 2837 7007 7420 7686 9796 8415 8706 6071 9532 6634 4902 9031 5089 7778 7035 6438 3295 7081 8984 842 2527 3008 7516 145 2610 4738 8679 1866 7811 4428 5895 3228 4048 2735 145 127 5011 2043 4738 4428 8895 8824 4711 3016 4263 7066 7280 8876 3081 9403 4404 719 150 9814 5042 2891 540 363 513 6448 2980 5076 1942 5837 464 235 6278 8295 7922 660 2650 821 4940 6441 923 8214 6980 5922 9733 2632 8868 3808 9374 5536 2477 1788 706 3528 
8326 675 2427 2485 2565 6646 5743 4852 1271 5708 1483 6492 8882 1228 7036 1901 1829 3513 9622 8210 1155 2543 4027 7540 4731 9659 8869 3337 8247 5639 8142 8935 3544 6633 4967 2111 7334 4501 8102 9565 7935 4135 5454 8344 8363 3753 1190 3813 2631 5358 9766 5123 845 2758 3134 2115 309 450 5989 1053 9660 6852 7413 4619 7618 9895 1337 5342 7447 2095 2976 4995 7051 7521 9456 4485 7326 5063 362 2613 9442 1453 3054 7789 9244 2636 347 3401 3490 1217 396 5420 5766 175 8386 3131 1270 9128 3545 1216 
7778 4840 1333 1528 5583 2500 8101 1667 7147 7746 4260 2083 8671 6417 9941 52 1302 7173 7512 4646 1562 6664 4382 3312 8666 4453 6963 6784 2097 7406 3939 587 8111 2989 8991 9130 8376 2839 3005 6328 9398 3743 5106 6540 2162 8000 8076 9617 3279 8363 4664 1534 4640 1960 3955 6768 8187 6448 8651 5029 1459 6925 8612 729 5653 8286 1522 3166 8400 2392 4047 9822 8435 9328 9481 7618 1504 7548 5187 7235 3610 4797 14 8404 9244 4256 1441 2026 5978 2252 3329 4390 5545 4298 2476 854 942 6804 5305 6047 
553 2350 3000 7096 893 5925 6682 3938 9644 4298 5178 8977 3663 2181 8005 4887 3685 809 3710 9123 2673 4491 4458 3231 6632 6146 7898 3740 1937 6848 3161 5388 655 5629 8943 8667 9834 5881 8039 7819 1021 4971 5350 7134 6536 4202 4187 7848 3992 4165 5827 3519 9928 1735 1971 4671 8291 7348 6159 4948 8 4156 2720 9391 6146 1776 6278 8746 7200 4922 208 3264 7345 8661 8316 4658 354 1078 5452 8278 3016 4187 5941 6058 902 4043 3214 3417 4030 661 8850 4182 8720 5727 1361 5217 1611 9925 3523 4762 
8037 5774 2416 130 4869 2336 2156 9723 9251 3342 2914 6680 8465 1625 9613 2070 8360 3124 3006 6308 3888 9053 3831 3970 8505 6906 5932 3554 7618 616 5083 6383 4117 2504 6209 136 7237 7398 9990 2699 8397 5223 8421 7655 9185 2915 3671 2470 9694 2477 1636 2620 164 8603 6691 5587 3175 8502 3656 9124 2684 9112 7296 9684 6505 8444 362 3330 2463 1565 2235 7496 9560 6230 6706 5500 4293 378 1445 3882 3049 3941 8045 2412 2397 4892 5992 3095 1982 8041 5298 284 3102 2970 8456 1894 9249 6726 8024 9156 
5210 1691 6690 4794 1409 870 6010 7802 6624 8465 6316 3408 9236 9749 2955 5394 7168 8149 1960 7181 3799 6754 6897 8415 7684 678 3688 6682 1960 2331 480 7377 4074 7336 4792 5014 8049 3551 5866 4263 4069 5264 3040 7942 9957 1407 3042 1488 3254 9890 6313 4186 6597 8962 6721 1837 4920 9593 1167 334 7782 4741 5769 5945 2929 4180 2914 3770 684 1776 1897 8305 6582 7065 6121 8499 536 4855 4180 7777 3197 2767 3041 8295 9974 6125 1402 461 2122 7946 7907 7625 8604 5256 7074 9881 4246 4119 6543 7003 