9731 2259 1915 6699 3021 7834 5 9885 535 1150 5403 1323 8736 7041 262 3161 2637 597 2747 925 9803 2249 3099 6758 9676 7708 9976 4575 8090 7925 5397 5992 7261 3698 4616 5038 9479 9619 4514 1834 5183 3808 2015 7940 4309 3343 4616 343 6090 9751 5257 1233 1447 6702 4471 3718 7581 6269 4504 1389 1527 2311 5734 7870 9128 1660 425 5971 2049 4394 7020 6116 982 2896 2116 2945 5521 8799 7298 2723 324 6773 6813 960 7193 9920 1304 6948 8923 4489 8035 5765 7460 121 8781 2489 686 1554 4358 1252 
5005 4682 4288 8388 2657 2186 7323 9227 6074 4912 198 5908 9811 7604 6482 1287 763 1866 8550 4724 6945 6987 3708 5852 924 1803 4534 6989 3400 6286 4561 2198 4208 5433 9740 363 6737 1471 1961 1134 5153 1822 8411 8783 4207 2900 2346 6515 7746 7894 6637 8924 1003 551 3647 9868 7900 402 2361 250 8758 7067 3144 3556 2529 7085 7061 4789 9970 7162 3243 2956 9475 8820 6623 3244 1004 6649 6311 3148 5628 9267 4445 6710 307 4210 1629 9915 3483 8678 8359 3705 4843 3644 1909 1870 2602 7050 9946 5860 
1785 3365 6017 8105 9721 3 6194 5270 4843 4556 304 6465 8368 8110 2139 9876 4631 4313 9476 1832 201 1322 3291 382 4515 9626 7615 2378 1193 3985 8003 9096 2835 1483 6638 6545 3861 467 6137 9443 1201 9538 9689 937 2686 8760 8518 1145 4662 9998 3682 7569 2863 797 5890 6234 9491 2851 9930 1544 2210 8931 7054 5697 9208 7541 9731 2411 2107 7472 8731 3359 7175 1517 379 6361 8515 7894 6913 4599 3209 193 9550 2380 6567 2479 5192 8084 2143 7198 4631 7840 664 7029 2002 5963 8815 8567 9986 1274 
3354 5131 595 7270 6470 5475 6830 2593 1989 9084 2072 3270 3556 8666 655 6700 2023 1207 6090 1849 5525 9257 8515 6593 9765 9924 256 8898 3821 1529 8663 2453 3281 76 2531 2741 4147 3682 9692 5797 2630 9570 2329 1956 3129 1528 6718 6290 2971 5428 6202 3805 7785 8470 8516 6738 5364 7501 6642 5650 4752 9049 6595 733 6182 4156 121 3324 6478 7546 1216 6058 8689 1690 1654 251 9275 9842 5533 2965 7517 6236 9171 8413 5024 3848 8896 892 307 6671 8450 7103 5581 9254 4694 3113 7219 273 677 7520 
6232 7766 3426 6451 967 7336 4444 2570 9780 2051 2711 2633 8077 3091 5643 4305 3855 9823 8194 1833 4643 8375 5124 5497 406 6488 4609 1279 9123 7343 489 5407 4643 6763 4839 6781 3106 238 7435 1161 7025 1950 3125 5186 7429 3135 6129 2216 5104 8075 9768 5467 7763 1544 7536 2800 2741 1484 6130 9882 9712 6833 2136 1861 7474 1569 6439 8065 2149 251 1407 5544 1006 5730 3327 8574 4013 2664 991 8540 8260 9452 9669 1163 9675 8873 5080 7398 7788 8779 6374 986 4675 2598 5163 5699 7206 5269 3261 9350 
2192 9870 4816 9630 5169 2452 3871 4653 3178 8908 6495 1093 4446 4713 800 8494 430 1902 3663 8976 2815 7688 4861 9607 3178 2815 3450 559 2496 4506 8511 6379 7290 6358 1426 1077 3615 8136 1381 9042 5889 9945 8113 1295 7290 9372 933 4226 2697 1040 7839 3897 924 821 8504 5670 2136 3176 256 8165 2356 4837 669 1282 242 8961 4023 3380 2962 4739 2600 953 5287 1215 3765 9228 4603 1595 2129 6255 3273 9279 7731 9644 7550 1933 6350 8680 4924 4203 2812 3960 1539 2057 2715 9755 1415 752 1179 2248 
1090 3006 691 24 1979 6937 5150 6413 2153 18 3861 5386 3599 4778 7258 8951 2602 845 868 1191 6465 4561 503 8493 2404 7343 5739 4974 2971 9186 3597 3559 4088 8157 7788 868 6649 9126 5341 2656 3650 4839 9738 2079 1454 6166 4995 6246 8616 6096 2898 4218 2628 7221 9756 2703 9875 8685 7725 2158 396 3024 1943 826 3008 7952 3768 6388 8141 2029 5199 2404 5550 9964 5218 4095 4485 2491 7735 5294 1671 5445 3492 7786 275 6949 6368 5979 4726 84 7683 7117 7798 6155 399 2737 2082 4446 9912 9398 
9477 7057 9149 3259 3958 9138 9804 4143 8120 5903 6795 625 1376 1254 3830 8978 3502 8216 2766 3349 2592 5417 6877 6561 9858 4684 7313 2420 8783 121 1293 377 131 1548 963 465 3635 1318 1680 4392 5226 3822 5603 1658 9503 1174 6040 5281 8519 9231 9184 1065 7689 687 7789 7382 8474 8755 8216 2766 2592 955 5728 6316 7565 3149 911 9001 8193 2420 121 3647 337 1293 1548 8265 482 2931 4044 6246 3209 7491 4025 9698 9551 1526 4181 4129 8857 6389 2042 4444 9826 8743 2922 8034 740 4167 5425 285 
3333 2076 7536 3461 411 8493 2572 7751 8107 9619 9928 6381 3380 3304 4373 5136 3795 116 9319 8660 2197 8790 9762 5657 2407 5704 9597 1769 3931 469 9303 8361 4348 7444 2170 3329 1229 3363 6133 1645 222 1980 2681 368 8778 2904 6414 6102 2940 1749 1798 3965 7517 3281 462 6581 2996 2531 5268 5076 6278 9387 2160 4167 6679 188 4590 3261 9790 1509 4158 2267 5557 5010 6868 4701 3610 7684 9373 9311 1869 6041 7033 4847 4319 19 4399 7282 3890 2306 2766 944 5498 6903 3771 1316 7684 9373 6092 9311 
8088 9921 6991 226 532 4085 1999 6480 7309 3280 4049 7098 6915 7358 268 1333 4927 2138 8319 6457 2336 1405 3197 1689 6861 5402 2458 7118 7822 7838 4110 8219 5169 1499 4903 5467 9269 6581 4945 6694 4218 4084 6542 961 4899 4369 4036 5133 5335 5905 9342 8651 2017 2022 1816 3829 593 2582 9555 6138 6712 7062 3013 4223 7203 8782 31 4211 7639 583 5700 238 9849 8200 6407 5441 2278 5507 6714 5135 2728 2678 3259 9986 74 5262 9739 2228 6447 9411 5087 5894 7978 550 1572 5233 6238 2000 8770 7255 
6940 2601 6648 5422 448 8250 7028 2776 4695 2854 3507 224 2317 399 9706 1999 6480 7309 9532 1076 7687 7774 295 9311 9476 3060 9270 8460 8533 6427 1924 288 2122 5090 2798 1729 2241 2608 8673 2916 9009 7359 7305 1458 338 2869 7820 1153 2130 6943 6800 6788 3923 1549 5679 1863 9612 8200 3350 3578 4060 1699 974 3694 9701 5199 6728 7127 8012 2070 7529 5530 8961 3403 5661 25 8154 5693 2015 8635 7781 8336 8421 3113 7351 842 2190 5142 3859 7482 6074 5005 3855 9315 8543 494 6986 7908 8049 6381 
5810 5321 4589 7787 5531 1998 744 5204 3866 1404 6645 9615 8504 4694 5470 4145 17 3789 747 1012 7605 2542 3242 9264 52 7410 5223 5198 5432 6111 7123 3487 5015 2238 4047 4995 2067 3414 3703 1148 1718 4295 2308 7028 8027 9913 4067 2776 3507 7125 399 1277 1999 8064 7309 4049 2943 4718 6915 2057 8267 8119 5112 8724 9133 9642 9486 4692 9805 2300 8050 6123 1978 6516 9391 8308 466 2444 8374 1047 2363 1927 7288 8788 3811 4602 7426 4826 6389 504 6563 1356 1057 9843 1539 5762 8520 6304 9740 8560 
6134 3983 3116 2005 9417 9701 3286 656 7418 550 7066 4299 8163 9295 2533 7247 3085 3807 8200 3078 9236 3815 7223 6747 3924 8461 9694 9974 3294 9556 259 5887 7598 4497 2090 7573 9926 5380 9807 2935 6467 1409 3817 4229 3323 9605 7161 2281 7680 9790 8303 7963 6158 8099 1577 5293 7638 8653 3931 9124 548 6331 4932 687 928 7908 237 5849 630 6308 6950 6700 944 9098 9557 3235 8973 1284 2341 8289 866 6429 6890 9942 7455 7413 2117 232 961 3896 6637 4593 5101 6183 4172 7432 1456 2633 2948 1653 
7386 3832 6821 1281 5600 5065 847 2992 1026 3561 8006 8457 8221 4750 1571 6679 6204 2701 875 4496 8934 312 825 3906 7308 5534 2730 9224 2743 427 3675 9770 9386 289 2653 8949 749 2392 9409 5666 2132 8048 9120 1038 3073 270 8417 2853 8079 4029 3487 9703 6792 889 5776 2885 4911 5712 866 2761 8121 6201 8473 8673 8888 697 1197 8630 1921 4000 3921 9109 6866 1195 6872 4643 2706 9755 6475 8629 47 1744 2873 9345 5015 1567 1070 5319 7176 3596 6081 1750 4120 1288 3391 6705 9179 1687 1386 1442 
4348 5649 4021 5813 3163 1797 4073 5721 7163 2201 4556 3576 2512 3676 8393 7303 5556 1493 2519 6354 9508 6925 7997 6482 3098 1969 9656 8124 6131 8196 4635 6605 6062 3431 1500 8064 7168 6757 7098 6383 9729 6854 5003 6183 6385 5228 5893 3479 3408 4771 2743 7763 6680 6412 9820 7197 7810 6903 8595 7441 6600 7688 4361 3750 2661 2220 3814 9630 4318 69 9649 862 4277 6199 9652 5619 1516 4777 7796 6877 391 4835 9782 1599 1548 3667 9860 7571 6703 3678 1492 5608 6462 2638 8608 7527 6668 6073 7348 3308 
2372 3673 1269 1840 9032 5932 2765 302 7986 5744 4910 3939 7574 6069 2470 9705 7339 7317 8296 729 7827 3134 4519 8 8977 9095 8297 7867 1396 8027 5180 5560 9815 8816 2377 7917 3064 5954 8847 6923 3809 3995 8055 3418 2177 6885 9954 1559 4834 4518 8503 4037 4185 4789 9686 3591 1573 5335 7638 9799 6693 6793 6737 3572 1713 680 2955 2710 1253 6448 4955 9210 7865 7318 2091 3922 2087 7704 365 8457 4493 5856 4320 5499 7951 9051 517 5673 6345 4647 6512 4671 6907 5815 5751 9980 7942 5120 3248 2853 
449 8827 5993 1490 3029 9920 2975 6436 2522 8945 6914 3361 8452 3958 4425 991 5378 7381 2910 5386 5951 5971 5346 2794 6396 7894 7076 5338 9887 7407 6390 2340 3728 6231 3167 7640 546 8835 1203 8146 5742 1235 5398 6635 5207 4795 157 162 3206 3863 2882 678 1361 1723 1056 3729 1193 8109 9033 1044 7054 4534 9282 9001 9741 1099 1095 7552 6686 2376 8315 9117 2844 1315 2702 2637 1322 305 5139 5736 6327 7008 6649 5532 7580 2984 6733 8241 943 9019 8495 9532 9996 1818 3714 6373 7795 7185 9972 6402 
9541 2295 4657 9109 6250 8757 3141 2170 8215 2566 3460 3354 4066 7854 8322 504 538 1693 2613 184 103 8130 5584 3484 7208 9006 9383 7052 4295 9976 6171 2035 7579 2565 1031 1217 3149 200 8814 990 2296 934 1102 711 3801 1513 1255 9731 9819 1146 3927 1074 2377 7691 1929 4724 1158 2389 5597 6985 2768 6309 6963 8886 6508 9750 9724 59 101 6957 4368 443 8655 8421 1085 5412 7846 5836 4802 3946 3394 8606 5420 1270 6838 3226 1873 3915 428 3504 2176 3280 2024 8253 5446 8104 5326 6386 4798 1649 
917 8868 1015 3809 6566 5930 6653 9766 5327 7947 9215 1380 8717 4437 2726 4919 2236 2461 8576 3466 6820 469 9157 8235 3728 2279 7051 7826 8738 8469 5233 2128 2805 9013 9264 3689 3034 5919 6612 5913 5569 4049 2004 3894 3338 1333 8261 50 4652 8546 9066 7386 4480 4228 3312 9271 1335 8216 8248 2729 9873 4569 8035 9956 7685 7167 2904 3635 4771 5693 3000 8787 8820 7682 189 3743 9329 3458 8670 5195 6522 9774 2369 6466 6333 5554 3270 9532 4259 4985 2284 7429 3410 6110 554 1390 468 5808 5275 5382 
7025 7691 9600 2167 1125 8960 4204 778 6548 8479 8094 4582 6173 5 4263 6049 438 5101 6866 1925 8546 1965 6235 4086 1122 8688 2377 6926 9159 8269 5761 9462 8638 7706 1096 6725 8826 3989 1084 1991 9262 4118 9998 3569 3490 5684 1730 1157 2689 5641 7139 2845 1371 9779 9773 9805 98 2888 3482 7268 9286 7835 3966 7753 4108 7975 2895 9770 4736 1904 3246 196 3993 2622 1195 6373 1026 8613 4170 4440 1785 961 8247 6461 3266 7059 1944 3863 4288 3583 5491 130 2468 4586 7664 737 3713 504 1659 1887 
2777 6581 7062 1949 3086 8263 2597 1119 2644 6234 2514 3931 5834 7123 6417 7938 3752 2180 8951 2702 7223 9449 5229 6128 6545 5292 6771 5722 4276 1703 6222 8930 9055 3313 1133 5361 6026 7837 6506 3224 7282 8389 892 5931 4946 5740 8394 809 1864 374 9505 7796 1138 8269 1370 4845 9809 8188 6376 9739 6083 3679 8782 6289 2447 9855 8813 1630 885 6472 3616 6991 6673 7529 6440 3430 4022 8569 6800 3321 5430 7112 6426 6809 9657 3445 1836 3401 9350 7522 5530 3532 5773 1268 1832 9332 9313 9243 3606 2900 
5189 7994 6514 9761 1380 3973 384 1646 3192 7890 3104 8708 7100 6154 4025 4422 1413 2945 8873 8322 7458 8751 7626 6752 5293 8654 7866 8272 6352 2563 7423 3503 8294 6567 5582 8145 5295 5716 4491 2190 6088 7869 7796 3218 7956 9847 3526 6570 8060 4370 1403 1430 6243 7607 1977 8842 5160 6966 6730 6856 4577 4317 6915 3779 4967 3541 6512 2105 9098 2241 9755 9191 8797 8850 9575 6826 4262 8129 1446 4750 2701 4899 1048 2522 7915 9890 7615 449 2385 262 6336 5828 1419 953 8960 302 4832 5744 3266 9103 
8245 7409 9273 5677 699 7540 317 5114 1766 587 9824 3435 6761 6396 4129 8895 8753 1915 2629 4899 4887 8000 7346 5941 5350 8790 6750 2801 3649 5278 2071 7008 9699 1209 1470 6463 8571 7823 8113 3617 1103 1290 18 7130 2384 4822 3618 413 390 5671 5680 2070 800 7196 3590 5408 2548 8157 3173 8024 4990 8099 6743 2236 9565 2732 4706 544 2542 5289 1984 275 4534 5710 4059 6731 7775 2770 8744 2134 9491 4085 5045 6987 8073 5286 8058 7152 894 1879 9567 9572 4931 755 5180 1530 496 360 6122 7728 
3799 483 4131 8950 6047 4320 2169 6125 2675 7539 2397 5789 7938 264 5243 6708 8415 6842 2840 302 8095 8491 40 5481 3441 1152 4674 8421 7653 610 4741 257 3465 5557 6389 813 3652 26 2904 602 9126 7134 3716 1827 4547 1756 5413 1274 9416 8542 7171 738 5526 8726 3945 3264 3872 5969 1160 1067 7710 2792 3078 2945 1028 523 7821 9272 5161 7607 9051 6082 3714 1205 467 2202 2991 7314 5593 6330 2145 5228 5231 6436 667 9541 1676 5425 8872 1450 1556 1441 6067 5921 9858 7313 2420 3647 2591 1293 
131 6448 785 3635 1318 1680 4218 5226 3822 8858 3197 8613 1764 1763 1082 8727 5603 8858 3800 9503 1805 3807 1368 3994 2194 4697 1375 286 5663 5110 3525 1539 6593 8520 6304 339 9093 60 2331 1215 1792 7076 8133 6025 8668 6393 4670 2729 3464 4788 7184 3352 4472 1250 9564 4168 2572 170 484 3608 2610 475 1827 853 4495 4129 506 4122 6997 5027 6999 5276 4214 5953 8686 8923 1669 3039 4407 7880 8152 7962 7613 7418 4767 205 2290 6965 9964 2605 4249 1078 8109 4926 3676 5813 1883 8171 1120 7328 
1759 6666 1798 4302 3342 7706 1781 4455 1145 3603 9506 8691 4388 6179 5156 7614 1390 7534 1601 3593 2144 1792 6532 9412 1071 1070 4085 1508 7433 7716 9115 1369 4806 6708 5856 4830 6301 4807 149 8440 8353 4617 6310 2261 7388 419 2000 9847 482 5671 5910 4755 9841 7342 5304 2455 1591 1042 744 2562 8235 2242 9908 9749 9130 4434 971 7429 8110 5207 4567 2165 4841 3838 6669 3986 2759 7696 7607 469 7525 1096 2672 7289 3788 6796 3647 5335 4144 7551 7475 3511 63 4299 7770 6321 1584 3129 4145 9306 
2490 3864 4985 7198 4056 1826 192 9440 5380 5408 8329 4782 2185 3611 3140 1325 8338 4491 3827 3724 4706 5365 9580 459 2834 310 1739 4495 8649 1572 6074 9523 1851 4425 8909 1209 1444 1743 1088 2037 2577 6312 5541 8791 2509 1051 7482 3157 2278 3725 7002 1376 960 5841 9891 8898 3059 1323 3211 9214 6019 5516 2643 8507 4810 7940 9486 6374 239 9805 2300 1564 8295 8050 8551 2673 9140 5592 3508 7367 5361 5222 9393 4343 602 5022 8374 1419 951 7316 699 558 3811 4602 4826 1789 504 8016 6805 4468 
212 8477 1987 5963 4238 8462 4704 1210 2131 4712 1680 2248 6777 6650 6375 4198 8614 5776 8081 1146 1713 1016 5072 5293 9802 3052 7789 9244 4584 142 2214 5514 7796 8077 8119 5292 5673 8253 5430 1788 7678 1132 5216 9079 37 3298 2331 2725 1218 4733 4705 5726 882 1582 13 8115 5841 9397 4055 998 4409 8898 2842 3211 1945 9147 7313 6825 121 6988 2887 4656 9468 1548 6371 5964 6995 2981 7743 7305 7489 2377 7254 5373 3975 9379 4501 3317 3359 8445 7175 8187 1291 3381 3020 7894 4858 3209 193 2380 
1683 2479 7192 8084 7032 2127 7516 7309 4049 7098 9694 6654 5541 7975 9048 3098 2601 5681 7879 9752 6401 3577 2054 4863 2592 955 9368 4684 9949 1599 4925 1634 3620 7316 6701 1996 8195 4518 1951 3704 6486 1326 7016 9010 8607 4007 6625 1181 1004 9814 7560 8830 2076 5876 7024 1559 7040 9092 1311 8995 4178 8323 2410 7783 6173 5614 8650 7733 400 9414 5889 3931 6804 9356 9226 3170 2125 5103 2655 3019 8857 9824 5047 3349 4119 4129 9928 8365 8850 7390 6291 3327 6294 7013 7624 9889 4192 9633 2747 3072 
7490 4939 9444 1983 5724 7943 4381 3391 7267 207 1092 1687 8269 4589 7480 9556 3164 1797 5816 5481 816 8265 1698 4348 6980 1797 6689 1080 9937 552 2201 4556 7493 6904 3576 2512 5324 657 8806 3762 3024 6540 1055 1712 4173 1933 3842 7140 1853 3022 723 1719 2109 9296 2700 5750 7757 7621 42 1932 4067 4229 5929 2022 6875 7398 6129 7622 5313 9976 6227 3397 1330 1310 6854 4078 4919 3497 5488 5152 4445 7154 9276 7871 988 8952 1755 4008 6382 3536 5590 7790 1299 8289 9053 2699 528 4259 3391 2730 
6651 5637 6056 1929 34 4351 884 9122 8577 2084 895 1878 9952 6058 1666 2370 2545 4012 8925 8189 775 274 7099 9509 2737 3429 7934 3409 7166 2484 5582 1159 5714 6785 9522 4847 7333 3238 920 2991 5476 755 5311 8955 4702 9881 5763 9225 7911 4701 8543 231 8363 6619 5451 4412 646 5465 6071 1381 74 3726 7748 5652 7378 4057 8620 5092 6223 1988 5092 2262 5673 9824 1923 6659 4194 9700 7434 6491 8592 6384 5959 6801 8868 131 92 3722 3699 3327 7608 8110 8 4868 2154 7054 6006 5328 2871 8350 
1503 6780 82 1759 8008 1645 1524 594 252 930 421 3997 1536 5290 7145 2290 5959 3649 6959 4285 8736 3698 4203 1798 1330 7442 4490 7011 5356 3334 5012 2856 5167 1117 1458 4554 4775 4044 9992 7385 746 3975 2072 1909 1286 6703 3686 7840 4465 7782 6970 6546 2668 9372 3757 8397 2177 2673 4292 6918 2373 8438 2298 6208 6659 9182 1786 9561 975 6158 4213 3929 3309 1883 3878 5190 5089 1386 7598 4411 7558 1436 2979 2721 7266 4321 8752 4500 1420 6043 3363 1826 5884 2494 1925 1886 7976 4311 9154 2969 
2586 3991 8124 4892 7128 2289 3228 9466 8787 5883 1056 9382 6535 686 3373 3183 6350 5039 6630 4526 5137 871 7518 4847 906 6592 7028 8324 1996 8779 7582 7137 7595 7880 499 3451 8154 9291 6906 4000 6378 654 1166 7896 3554 3349 8181 7960 282 6451 9508 425 6743 5931 1700 4821 9327 3485 8614 3727 9680 2982 2290 7549 4073 8792 394 236 6752 4349 9289 8178 3640 1189 8324 506 3068 4108 9521 6500 6749 4341 6841 796 9385 5051 7025 9692 3545 5748 8 2542 8038 1467 4902 968 3839 2267 4415 2106 
3623 1743 3676 3410 9804 8243 9521 4089 3273 1472 8991 2109 7585 1933 2972 8458 6897 3438 8781 2669 1401 6944 6502 2259 817 8562 321 6670 2140 6093 2250 5043 1236 2926 1936 7594 3695 5292 3471 2617 9747 1716 7557 3212 362 2164 2409 356 1826 8589 7936 6617 4999 6941 9998 8068 6473 7785 4670 3431 4544 1504 6757 4903 2410 61 1413 454 3898 7247 2383 4341 6218 3937 787 1576 4402 3185 6164 1339 8089 8881 5228 9784 3397 545 8463 3317 582 1271 5903 8817 5764 1703 3836 1928 6603 1799 2632 4695 