8591 2014 8057 7806 1481 1106 2491 1067 8247 7169 6374 8275 6461 9017 9629 2494 3276 7466 1690 4060 140 308 9715 6557 9993 5284 3530 3714 1722 2592 2094 571 668 2758 3820 8404 8255 3826 7319 582 2676 1607 5766 133 7004 9672 1131 31 8381 9538 7169 6160 891 6351 5968 6278 5825 2545 4605 340 2017 1667 1513 5665 3824 5042 9400 5520 8583 5074 3316 8742 7095 771 1310 8193 8808 9425 331 3315 5737 7258 3796 8965 1382 3267 4473 6015 8235 8724 7660 1631 1268 8315 231 4583 7500 2888 6226 2309 
2125 1033 3321 2784 4816 113 8096 3773 6402 6358 6310 5549 6996 3965 6221 1738 7373 8381 1223 1358 6178 4303 1817 4392 1582 980 1939 320 7604 830 7606 4325 5213 3148 6190 88 7439 5293 8698 6893 6477 906 6233 3726 6030 170 2323 7304 6864 6275 3989 3397 6100 558 2895 6179 5501 7818 2563 8158 8053 4224 6221 3976 4896 4533 1798 5723 7283 3027 2390 8716 2396 2113 1536 4848 9023 784 1027 9943 925 460 6681 8718 1529 1578 9679 6887 5629 2336 2810 3312 645 9607 5116 110 532 1928 7447 8085 
5967 2892 2121 5646 6545 9008 3082 3226 989 5562 5334 6118 8161 8595 1742 8202 1620 5086 5139 9067 7936 2993 5890 5418 571 6408 2061 1031 1742 3273 2591 5744 9313 257 4260 7015 5415 2462 6577 3387 3900 1716 9776 8169 6742 1619 6800 9109 3405 2219 9680 2522 8627 8094 9905 6721 9312 7111 9600 937 7368 3860 4304 2674 8950 1328 2703 7119 8071 4323 4634 1223 3432 3442 6913 6818 7159 2389 6706 9758 4120 5448 8603 1095 4728 889 7851 1641 5663 5410 4812 7158 688 1918 3077 9187 8247 7518 785 4193 
9417 8440 6705 7345 6848 2929 5948 3537 4024 4335 4618 2187 2611 3949 7423 438 4637 8982 1799 37 5206 8737 4799 6648 6645 8594 8741 5568 6876 7977 1873 7746 9776 4135 9550 6926 499 7686 3340 4996 4237 7881 1213 1571 5897 3875 7811 1947 1497 3599 1524 655 8143 6893 5766 8790 8685 3789 3337 5589 185 7420 6816 1097 2386 5097 2535 7169 3255 8759 3087 4472 6288 6194 2355 7084 431 5476 8019 8750 4315 4165 5408 4189 297 2342 6531 3622 6017 8387 9415 7488 3016 5178 4997 1807 6464 578 4375 3649 
725 1423 8404 4249 7066 9845 1097 2203 4954 8541 7323 2269 1250 3583 3357 3247 9726 8240 462 4909 7791 9791 2076 1641 9237 9127 5207 787 514 1135 3471 1022 7750 4271 5713 4980 6584 175 3248 1789 3976 6366 2767 9614 9549 390 2705 2387 9902 9333 706 2153 4167 8847 1021 438 1485 2786 6934 5511 8682 5892 7027 7626 5401 1655 2374 1221 8623 7221 4397 1018 3906 1248 6465 3706 7015 1345 4630 6680 3244 6230 951 852 8215 7782 5316 5345 5068 7650 5068 509 6229 2224 3625 640 921 7101 1883 3673 
6526 8384 8053 6721 4025 7837 8991 431 4173 9097 5618 7066 8441 8253 3999 8335 2524 3239 1911 576 2336 4306 7931 7353 847 939 9104 4537 7061 5311 3999 4658 9336 1985 9151 7686 2223 3108 7312 866 9601 2974 829 7012 1896 801 7575 9566 4700 2469 1799 2442 4223 6907 3919 7985 763 8967 6355 7057 6699 6040 9204 2049 4843 7258 9076 3644 8682 5860 8056 4617 8967 3483 6160 2049 7258 3644 902 6970 3668 3792 7650 921 1450 6201 7837 8441 1064 2183 2524 22 940 6373 3999 9336 7686 7312 5138 4888 
6313 6688 1799 4223 1514 2913 9657 1539 4210 5529 2690 3663 5406 4777 6954 5391 1035 2248 8067 3272 3274 568 1085 3567 2304 9870 7792 7709 1313 4480 8475 3857 1095 3647 1008 4475 1063 3044 8484 7372 9199 9597 1164 6205 4082 1624 309 665 9884 8181 4286 9535 787 8896 2297 9098 1730 2071 5372 4485 6134 55 5272 6679 8098 7502 625 4752 5443 46 983 4784 5362 5466 7127 2053 6000 9488 9849 3054 7443 2201 5143 4206 9000 6496 799 5346 7774 1670 412 4979 5951 672 7598 5864 4141 5156 4059 3832 
3820 6110 8022 3230 5622 8400 1849 8870 9122 7125 6321 8591 170 9293 805 6397 7304 5890 571 9117 8421 8752 5419 1906 1338 8387 6301 7057 5860 3510 5522 322 5526 5963 9409 6941 4270 5515 7150 7480 1053 6775 7345 9532 1215 5073 7673 8981 9245 7066 9845 6819 7281 8541 8620 3929 9527 8396 7251 6894 4476 360 6060 5436 9080 5411 8157 7962 3200 9198 7121 8058 5981 4515 6993 7611 6600 5876 9678 1981 2160 6729 3956 2072 6205 3093 4782 5131 2976 2007 3265 3359 7927 6008 1985 5924 2480 1932 5737 4035 
6378 15 5390 9934 3839 9040 3100 2833 9090 8176 624 4776 3812 3827 8385 6526 229 5137 5050 6145 8577 1028 1031 3824 6735 7153 1921 1529 6683 9820 5695 7911 7892 9567 3003 3675 8843 4559 1581 3641 4866 7066 6755 6840 6090 7339 5445 9405 377 1789 7854 6933 5595 5461 1884 1815 4119 8133 3943 1637 5759 7521 3613 1968 7903 9911 5823 973 9917 5016 9010 6543 5707 9938 5792 7796 8101 5906 9555 2734 2137 7244 9954 2104 4624 5773 97 7208 1696 8452 8706 2441 1690 6381 4031 3756 5155 9421 1136 9749 
6829 7605 6068 3244 9811 7015 3984 9940 2435 5104 2015 1805 3742 3711 6272 4687 5540 1976 6578 1472 7106 1268 9638 5284 9439 131 140 7034 9079 6563 1574 8449 4636 1851 8415 4948 1702 4081 569 8271 931 162 3296 9591 6774 5676 3070 4093 5356 2295 6737 8959 1015 5978 7543 4361 8108 6284 3636 4879 4739 9954 8413 5177 5771 662 4293 377 5121 6409 5882 4960 746 7186 7303 6080 9834 8539 8515 9238 5400 7582 6287 8055 2105 8882 8114 9378 8569 9401 4097 7800 7096 1190 5016 3474 9105 8466 3202 257 
2446 853 3690 3463 7288 2419 9595 2940 8035 9982 4300 6323 2977 1596 2389 6388 8891 5159 9466 1133 8207 3343 8871 6659 4430 3321 3910 3158 6825 2572 7669 486 3717 2318 4797 7665 5648 8043 942 4868 3514 9722 8432 1026 394 7015 5940 3007 1345 2124 6188 4934 951 2452 3559 5289 8125 3999 7199 1985 8510 9151 7836 6442 6855 5916 2223 8905 3108 5636 657 2209 5134 1425 5636 4228 7291 8689 7012 3097 5587 7575 6688 7663 7127 4223 6907 8695 7795 9682 5810 1384 5336 9666 2068 4739 7206 2971 1983 1542 
4641 8958 3191 4872 4862 568 4804 1085 4663 3567 2304 9870 2857 7709 1363 6106 7009 5904 3271 597 366 4096 5158 3403 466 4479 7840 7464 1016 1464 8565 5740 9932 7396 1033 2497 2831 3546 8475 2967 3397 8575 6186 6762 9128 584 1605 9647 459 5671 8209 6877 6838 1688 8046 8837 8415 3030 4415 3543 2833 683 4117 5096 3436 8898 718 6546 2595 4493 8036 4565 3774 5040 7767 4441 9882 2925 4880 8287 80 6205 1063 9611 7689 8486 5377 3941 3999 5211 5513 9454 952 210 8512 4189 7884 7951 4567 8181 
699 9206 6379 4840 3434 2499 3500 6880 6720 5861 9098 5272 3921 5725 4969 2161 5753 1991 9794 870 174 6132 8695 129 3356 6741 2900 7330 4156 8136 864 3183 6523 7526 1134 1813 4865 7756 3634 2799 4640 257 8587 3910 2442 4530 6613 4981 9446 4174 1249 915 2945 2874 3202 2058 5050 7059 1173 8142 2560 2405 682 3548 2667 2413 9196 5109 4643 8276 1608 5830 6084 5127 4147 8958 4682 2557 2992 6681 7420 517 1175 9148 683 1834 3952 853 5962 6012 6957 3562 5941 3553 2202 8377 3176 7216 419 8867 
9697 9477 5020 1428 418 2287 8455 7153 6496 173 1302 6347 7243 916 9839 5899 8216 2647 8635 4687 5106 9707 7347 332 8258 9997 1577 6708 1534 5707 7824 2054 1419 8307 1258 5441 4206 5826 8088 26 814 3717 4714 5176 3882 1447 4172 4980 8119 9647 1116 7812 4185 3521 7690 2814 8036 3010 6462 9590 3815 642 3065 4142 5956 5958 619 4380 5608 2252 5159 3891 5243 24 4917 1911 2126 5249 4572 6778 5067 5424 5471 9723 7732 2791 43 612 6874 3187 8143 7266 6407 7587 8867 2159 8685 7226 7422 508 
5154 7580 5271 5968 2434 7003 9246 1931 4682 7894 5481 7167 3992 2813 5606 7571 6587 6114 873 1741 9670 3291 2805 8571 5239 3596 3628 837 7922 1911 2604 8338 7517 7523 8071 8093 3342 7236 913 3823 8138 1917 7808 9799 4475 4722 9604 8071 4703 442 6614 4949 1304 7582 2205 8828 277 6921 6626 3865 7540 4041 6786 5958 9351 6191 7518 7233 2342 1883 1709 7839 1767 4633 2126 4734 1050 7075 2390 9281 1218 1916 5910 6127 1464 168 4602 817 2478 1187 9350 9248 6071 4582 3091 1933 6125 6255 4241 8773 
9149 7600 1274 5936 4964 5311 9604 7268 573 5030 8349 8222 818 1078 3007 9984 8943 6730 5468 260 8010 7131 2731 7614 6901 6136 6114 9756 6539 6688 1569 4202 4443 4029 714 5107 7034 9939 6275 998 8985 3005 5597 9949 4680 3202 7168 5620 9317 2777 80 2225 3331 3624 6668 4338 4249 1372 4188 8956 7766 3103 2773 8700 9075 1227 548 3824 5358 5549 6104 5168 9681 9750 7153 30 5208 5710 8043 2053 1367 9722 842 1776 8432 4147 9421 3074 5951 5826 6798 5013 8263 815 7802 264 5768 3062 9528 3533 
2928 895 9607 2671 8039 2186 8381 1607 2226 7735 4530 9913 1328 851 2143 1115 5774 9543 4263 5302 3076 7191 3837 352 8373 9307 4584 6169 1683 7836 9868 419 7698 6574 6708 7116 5489 8856 4515 585 2749 782 9488 9900 2997 6839 1329 4382 6439 2828 6197 883 5055 8514 5353 3324 7784 7497 2692 3292 7667 2807 4590 8752 8618 7140 4998 6504 5161 2006 4258 7329 2414 4311 7254 739 4459 536 1786 5582 8879 1085 7221 4992 2767 8641 7198 3981 922 922 9508 67 7454 9345 5015 3127 1567 6781 2886 5510 
9988 4463 7164 5657 4740 45 3 9182 8970 6145 361 7268 9962 8390 5237 8646 9367 7049 7723 9037 4402 6333 5859 5282 1057 5624 1689 8882 1561 2398 9355 852 882 7756 8523 9263 6498 7727 560 5176 1683 3375 1071 894 4455 2987 9637 419 5378 2546 1059 4297 2263 2620 3663 9505 7945 2399 1123 7260 3247 7933 296 1324 8118 4635 1278 7366 6179 2924 9389 8069 5894 9777 4336 6793 5033 7887 8043 1392 11 1271 9327 3027 2523 7519 611 9995 7629 4403 302 2924 7124 433 3266 7860 6038 1354 907 8104 
6123 3324 1644 9967 7015 5913 357 3216 7393 1391 7878 6684 6360 1851 4950 9116 9473 2339 4080 8296 1473 2865 160 6907 1748 5163 8108 7044 7801 7196 6119 8804 8628 3623 1173 1383 5527 9326 6076 8313 2000 4498 6476 7353 442 9756 232 3896 6637 4593 1912 8961 8770 7851 8141 6067 8720 3851 3697 3119 3744 1199 576 4128 2728 3656 551 1304 9501 8668 7319 8112 2069 7413 2225 7454 6534 232 961 3896 6637 4593 9358 3768 6388 5101 852 7051 8006 3771 2651 8049 3421 5476 3317 3359 5549 5594 7175 8187 
1839 1291 3381 1457 7894 6913 3312 3209 9550 2380 1683 7192 8084 6649 5727 4223 1059 8699 3044 4794 1274 3396 3929 7270 8006 9073 2638 1929 573 8130 7952 6269 2290 8629 9073 8822 1322 6251 4493 2650 8978 9573 8755 8775 7126 5141 7835 3799 3884 3906 7903 9480 2544 8499 1893 3094 7519 2971 5428 4069 4485 2304 5364 6642 7802 2507 6119 6065 2858 1050 7456 7282 9820 7197 5396 8595 5425 4409 2220 21 3259 527 1480 5425 574 4289 6918 7268 8760 6572 9279 8094 5797 9061 5222 5981 3338 1560 6591 8154 
7032 4158 458 2267 6102 657 3142 8397 4218 8727 8858 4567 2686 8727 8379 4530 426 111 9843 1390 7393 307 4234 1968 2889 9287 5169 4733 4624 42 116 9487 3349 5404 3115 1222 9843 1539 7083 6304 339 9196 8133 2618 7463 9280 4726 1124 3454 4670 5152 888 8444 2934 1811 4788 2205 5594 1839 3861 8477 1987 4238 5954 2113 3538 2131 1680 344 6375 9542 8141 9989 877 9640 6278 8341 9229 7372 1540 7147 7684 1407 120 4135 6688 1304 3348 4577 8369 2456 1306 5481 6750 1645 7843 792 3774 4993 8736 
6604 4263 3735 6356 3257 5032 5587 3023 4368 9690 1058 8311 9695 1065 8518 6039 7090 7882 7001 8779 9913 2273 3355 469 2148 8443 3851 9186 4128 3656 3869 4259 8807 4387 3533 7410 8597 6932 2382 162 7271 4799 6374 9688 6750 7864 5066 1017 8387 9098 798 9324 9550 1123 3283 8301 2710 1253 9210 5014 913 8619 3946 2677 3480 3301 5063 5777 8589 116 3968 5798 9482 6775 8716 9402 1842 9166 3247 3457 5278 7360 6482 8929 6472 5330 7497 552 3647 9308 313 9650 1331 3421 5398 576 542 1304 7319 4475 
8112 4109 7022 472 2958 295 3904 4525 983 6395 4295 945 9821 4602 4487 4826 2933 6389 2231 3638 7875 9890 7977 3762 1483 864 5107 1853 2842 8549 8298 6751 4677 3449 9149 2311 7418 5798 4061 2332 2228 1663 5456 6448 7510 6301 3283 2771 4313 5971 8783 8012 7441 5186 6971 780 7174 3828 9599 1087 7210 4778 490 906 9016 7137 4711 7466 8372 3588 9219 7547 6852 4393 4645 2946 12 9033 8407 2908 6542 993 3128 5673 209 3745 4323 9006 8950 3621 9294 9609 4269 8630 8701 9117 8959 6176 7553 4396 
898 7935 5234 5811 676 1361 3690 6821 2164 6230 7407 2455 5813 5373 8496 8844 9592 937 9046 4058 2043 9192 8594 5516 919 1887 2777 213 1587 1908 2743 3696 5852 3123 1363 2479 2692 5625 8206 5007 7705 9472 7879 287 1329 6652 6343 1676 4245 1684 7439 3988 7839 6280 3149 4799 4975 9696 3636 1452 1895 7679 5742 7330 9010 3330 9059 5010 7561 8646 7748 1092 6709 9905 854 2239 4528 3740 9604 351 1676 9506 2749 8081 8190 162 2349 9341 5948 5520 3902 9412 1544 2936 7466 8016 8560 5109 6659 8855 
9109 3392 8477 4252 3232 7161 2131 6472 4536 6650 8966 1272 3232 9989 9640 1664 9275 3637 786 4258 4369 4762 5340 5793 5322 7756 4931 202 7250 513 2948 7585 1710 6658 1713 5194 9684 7399 400 9296 3519 7554 5882 4460 2323 6157 8436 3154 8420 1247 9162 6029 9198 8813 9261 5439 278 3651 1006 6217 4204 3190 2999 1940 5412 5954 6046 1001 5591 9625 5295 9480 2544 7346 6929 1116 5119 3781 5491 6002 8196 8458 6642 1588 2846 6595 6595 2870 4425 9446 8772 121 9148 1619 1980 4935 1100 7123 8098 1253 
5738 3210 1717 8872 6724 4525 6989 3001 3771 8963 9891 70 926 7399 9296 7554 6535 8354 2836 5594 8056 1357 7005 2777 6157 67 8436 66 8420 5336 5374 5112 8211 8154 2967 3586 2239 4310 8421 7600 737 3704 273 1650 6074 2362 9315 8543 5089 7520 6232 7822 967 5730 2341 6517 3363 6442 9780 2604 6014 3932 1039 7959 4748 7556 7846 9676 9918 8874 8186 5652 9485 6304 6416 8901 9948 4767 1524 1343 5846 257 3465 6389 813 1357 26 5861 7590 2517 6381 1589 7134 3716 1274 8229 8405 5539 670 5414 
7648 8531 6834 3264 482 4355 4173 6441 1534 3177 8425 8076 9617 3279 4664 1359 9651 2801 1259 4387 4771 720 1912 5520 506 8910 8570 5394 9208 5027 5276 2311 4932 687 5798 6070 8624 5849 6308 6700 1945 8227 5456 7510 9394 986 6016 7429 3089 4572 6228 2983 2946 6488 4448 1383 6449 6488 5010 1583 4790 5864 4045 1717 2033 8280 8835 2311 2045 5088 6860 475 8860 1939 6356 1870 3574 3751 1128 2669 3404 6154 2641 2781 8308 3219 9538 2957 2111 2187 3118 7464 196 8453 6495 2912 4803 9497 6353 4375 
5788 2751 7337 5709 2567 8969 7768 5356 1231 3726 6199 967 7249 6698 8065 720 1230 3396 1835 5941 7960 186 9799 2420 3 2514 7558 4183 2358 7083 5937 480 20 221 6162 677 4307 8210 1468 7620 9655 6493 1623 3202 3682 6747 2770 5970 906 3406 9889 9211 9245 1263 5741 8345 9761 1849 3968 1038 7280 1738 9288 732 2825 7598 6222 7706 4497 6133 1055 7420 3025 4810 4340 5057 2090 5379 4866 4230 7573 1950 4477 4775 6078 4086 1792 8133 1848 216 7250 299 2808 306 4898 9034 4277 6225 198 2936 
5049 7023 402 3676 7992 1190 5671 1551 8919 8030 7022 474 326 4288 1368 4395 1527 2649 1788 4471 6247 26 6793 1007 1550 9831 3002 8147 5294 5399 4794 3521 8461 1962 109 6597 3275 1566 3203 5920 2517 8467 7603 655 2867 3002 3808 5669 8609 1370 6809 9126 1447 8976 7752 9597 4041 3878 8547 8479 6318 3649 2369 3300 8883 9461 416 5672 8372 6705 8739 2599 3411 4904 5689 7251 8790 3581 9325 9125 6084 8408 6378 1447 7667 2320 5908 4536 7791 663 6652 7372 3919 199 4114 5840 3510 6450 3181 7397 
4281 1868 2269 7008 1999 4192 5219 1427 4779 8735 6463 8209 8477 7667 4969 7841 3353 1822 1210 4077 2025 7011 7985 1254 4952 3139 3559 3834 4552 1509 1140 4149 5027 1381 7307 1805 3741 3986 144 8254 2768 4891 3786 7762 8634 9404 131 6822 9522 5038 718 6454 9045 7794 2752 7321 6784 7319 8526 2348 2437 4276 5068 4137 6284 3008 1532 8237 1495 8652 5298 2515 1101 2287 8053 4657 6753 1822 2168 5307 9422 5390 5642 6536 2222 9533 4359 3051 9989 3835 3211 9658 5337 1304 1188 5095 8770 1597 5281 4684 
317 1574 7869 1622 4598 3069 564 4157 6450 9750 7299 7047 2328 3319 2661 2202 2041 9532 176 7314 5593 4743 7465 7215 2145 5228 7873 1238 3122 7487 9541 9528 5425 8872 1450 8779 1556 725 9021 2768 1459 2589 1441 4169 458 6672 1284 9848 6832 3851 3697 8319 3119 1773 6828 3856 8657 8358 2080 9030 9870 927 8082 4616 8027 5157 7237 4477 3507 7125 224 7346 3938 4172 4144 1920 617 699 6592 1024 7426 4826 2933 6389 7875 391 1051 3230 5963 7161 3771 3547 2398 2004 6375 1272 5714 877 7997 9439 
9755 7764 8961 786 9846 5448 1441 4762 9438 4131 4560 8285 7344 7724 3451 7713 591 2412 4860 5470 4708 9667 8071 5587 3454 9476 1558 430 8706 2994 8015 7398 1302 4855 2789 2155 9689 9573 4068 2642 662 5075 5669 8678 2631 6354 204 5742 5750 7859 792 3314 5319 175 6156 7176 4663 6320 4341 4777 2245 1124 9241 6238 6081 9904 1314 1750 4934 4120 4381 1288 677 6475 3391 4888 7267 6705 207 9179 1092 6734 1687 2703 4589 2079 7480 3186 9556 5852 8285 5053 1333 35 1805 768 3980 2482 7243 3723 
428 6393 1521 8081 784 731 6834 269 6390 5692 6122 5711 759 2945 7044 5637 7915 7684 1511 9692 1407 8725 7993 9552 7108 4866 5136 3875 9512 9784 5343 5173 6372 1645 7843 792 3774 4083 5387 8515 8812 8254 6817 9606 6356 7188 3257 5032 5587 3023 2863 4368 4388 849 8326 9690 1292 6841 9510 7164 1126 5848 1905 2477 3347 7173 4003 3465 1190 4770 8937 1520 9667 8514 9336 6870 1593 4350 6581 3572 1845 4536 3977 1991 7785 6510 2265 1963 7852 9063 6409 3325 4147 2335 7162 1874 308 8327 141 6127 
5804 6303 6679 1296 5906 7611 3064 9721 2085 7032 2341 9076 5632 5790 3831 8043 5162 2311 1194 2630 5517 9640 1669 2702 2637 9688 5736 5963 7580 7793 6853 9996 4135 9027 9834 9293 740 5343 4181 5353 1704 6565 3231 1114 5756 7136 6474 3816 5576 4780 978 5465 8233 4943 6618 6786 8219 7458 2106 4856 3599 7747 5668 6246 1440 132 9471 3598 7732 383 3228 9066 5191 9919 3177 8197 992 9608 9923 7863 2923 8943 9493 5999 6914 7751 611 2959 9860 8820 120 8463 5103 9649 1295 812 8043 175 6782 4393 
4866 4307 9749 9430 4044 7909 3757 4568 4048 1342 2351 6500 9837 7307 8668 491 6152 6238 3959 4263 9327 5501 3098 8191 3605 2240 7192 803 6898 8517 5274 4894 349 1909 2 1043 5664 1064 9390 4426 422 5499 1712 4935 1355 2775 3920 994 793 9591 7353 792 2128 6450 4280 9268 2235 3931 1446 1444 4894 7936 1068 8329 7597 8080 931 7286 4495 2323 6172 2240 1341 5898 4926 7200 260 53 6691 9241 3933 86 5121 8193 8741 8169 3341 7134 4893 5621 4704 7719 3971 2597 4357 9648 6782 8027 6073 8842 
9191 5390 9549 3162 6484 4498 2672 515 3350 4454 6144 2176 1868 419 4955 2453 8117 8937 1514 7961 4578 7463 8153 723 2217 6845 6887 6879 4906 9360 7580 8291 6473 942 7524 8197 4339 859 7504 7140 532 9369 5062 2712 2993 8447 3897 1915 1953 4091 8883 6024 1007 5051 3051 8677 8448 3930 1892 8984 3981 9182 736 2853 4333 4447 5626 6252 6704 2813 7591 5000 6525 4574 8734 3378 2697 2840 1307 1536 6452 8073 7727 9092 9821 7850 1257 571 6914 3516 1360 2810 9199 8652 1342 5631 6779 2733 983 4828 
6829 4837 7835 7418 2089 2849 7737 5394 2586 2290 5271 8315 1355 4721 49 1400 4820 9841 2255 2773 2475 7227 6897 7662 6583 4012 3888 6443 1140 1054 5431 6865 363 7907 2263 9511 3409 743 192 9686 1816 8532 1114 2801 4575 8291 5656 4494 5356 8800 9325 8872 7037 9390 4034 5619 2120 8094 7423 3919 2258 492 6671 4364 7071 4154 7264 1438 9025 9185 84 5493 9766 534 2364 25 5478 8090 2448 2555 2166 8783 7808 3488 9831 7578 1640 7684 3772 6514 1947 3275 334 4370 4318 4059 8215 8224 2719 345 
6923 9861 2267 6432 6082 8719 9952 4804 8116 3600 8637 3828 3780 9973 4000 5373 8739 7643 1450 4563 8189 8482 6297 552 9610 5221 9762 2918 6792 1564 5017 8106 498 6012 8171 4963 966 7466 399 3357 3482 6804 2749 7324 9466 4374 8557 9173 1335 486 1104 9411 4678 9947 7297 7887 211 8763 8084 248 7433 4939 1304 6954 4394 5906 9962 8162 4377 9906 4300 3821 4438 8671 9334 6747 8714 5661 8569 266 4819 2551 8294 9378 4077 2175 4189 3503 7817 9410 1663 7547 5590 2767 549 7721 8120 3999 6046 601 
4628 7740 6424 957 8373 2876 9043 1519 9143 3862 3921 3029 1166 2086 4781 9517 5258 1072 6898 5401 1725 3198 470 9836 7168 5125 141 1390 6758 2246 1359 9243 631 4265 6403 315 2376 5930 1923 4823 3374 6140 244 9588 739 4552 9396 3189 2669 3515 1446 4611 8619 6732 9386 2377 8079 7955 8583 9017 8296 9340 1183 6311 5342 2479 9476 4398 8464 4081 1146 3866 5457 2536 2770 2338 3905 1 7727 5952 8870 8399 935 8169 4613 9693 6947 3666 8701 6320 6671 1555 5971 4943 450 7439 4979 506 2118 9892 
9509 2181 2835 5721 2789 1062 9923 8927 857 6866 6589 520 5455 6535 4095 5833 4530 6174 1529 9804 3965 3176 2379 462 5391 2741 3250 2960 9387 2160 8223 8724 417 1926 2928 1611 7702 7752 6916 9083 6699 635 5141 2131 6671 737 9706 2679 9701 716 4696 2318 6713 7204 4390 7776 976 2277 7484 4663 1860 8737 5018 3788 3030 2941 3577 8769 4458 9598 9949 6958 6856 6096 3233 4461 147 8106 4726 84 3709 8171 4963 4066 7798 6155 8546 6860 6556 1430 8156 1648 7921 970 5930 6339 9481 1048 1923 7915 
4823 5697 3374 8166 739 9192 4071 5243 6312 7594 2392 505 7795 3716 4620 2843 9281 7585 6109 7704 1926 4318 6514 919 5667 7779 9157 5581 7826 1883 486 700 3928 3090 9603 2527 7250 299 8841 3581 7952 7516 9277 6543 1732 9351 127 4080 5011 2697 2043 1857 4738 9809 8438 9124 7217 8552 610 5524 2837 6762 4898 9748 6598 2809 1422 3679 4515 5256 5705 1853 7760 6634 1394 9017 4057 3228 9628 7506 147 6066 4912 9412 981 8171 457 8316 8660 7887 7003 7865 3946 1103 3480 3301 2638 7650 3133 8147 
4290 5126 9261 8796 8340 9443 3304 7715 8010 3073 8839 9216 8467 7184 2310 7458 7353 1767 7313 2504 8072 4079 2101 7270 9807 3631 542 7079 136 6300 4338 5223 4998 6418 6483 5740 2842 7834 486 3690 8481 9705 5901 3825 9624 873 652 4482 5284 578 3779 3456 9416 662 7730 9820 2580 5498 7826 3771 4420 8595 9625 2832 9112 5305 2683 6015 2220 4405 7613 8200 21 9243 8429 5591 8054 7239 7341 4108 1803 9305 6233 198 2030 5845 4375 7788 8018 1609 2415 8951 5588 3766 5214 9293 7654 7142 2730 7397 
9714 487 7018 3899 4702 4996 8713 8631 2613 9754 8745 141 6011 3062 8203 6379 3644 7104 2344 8734 7787 788 3631 7166 4064 9758 8389 3125 1095 2448 6250 555 4854 8054 2828 6325 8323 2648 5363 3741 7340 3547 9439 7600 5338 6696 562 4608 6230 5194 1764 7275 1766 3456 2040 1302 323 4325 8127 1988 2244 5679 9569 3504 9399 4469 7930 149 66 2593 1636 2854 3690 9773 1206 1114 985 7946 1459 5093 3266 5372 9244 2287 1797 1032 4774 7061 2119 3180 6471 5793 9847 4717 2683 1788 5627 4473 3276 3212 
248 7584 3541 8135 4906 1016 2739 9737 3211 8487 5648 846 1948 6616 7127 369 1306 3050 5664 4580 3083 3534 8016 7974 4486 8140 9049 8428 3657 9884 8050 6294 6512 98 2036 1485 6348 3694 1981 3249 767 6134 4179 6407 5873 9342 3808 8655 3778 7102 140 3206 1797 7492 4559 8877 8391 7335 1321 4548 6545 4068 8985 9384 2816 2610 1288 9673 5393 9384 1473 5324 4031 2105 7182 179 9845 8930 7350 2302 5853 9834 5410 3081 4850 4994 3952 7170 7193 2177 4801 7979 4526 7585 2881 563 1207 4615 3109 3746 
1722 4843 3144 5682 6506 1558 8301 2710 8660 8566 3221 3541 6254 4587 4436 6560 9813 8612 9641 3610 8811 4152 7247 7453 2856 2751 1394 8313 2518 2635 3842 1101 1853 1612 2280 7211 9957 510 5953 9001 1622 7358 9750 2661 9532 9907 2145 5231 7487 1852 8779 1393 1090 1927 1159 3807 972 3997 7948 451 5348 7593 1691 8586 6944 4789 6964 5183 185 3606 8355 4188 9128 8206 2348 655 5122 3872 8553 8785 3976 4670 8077 6024 3091 5643 2777 4079 6335 3774 7212 3307 648 4054 4797 1967 7015 1030 2948 5159 
3393 5167 7384 1602 5089 8227 1425 3189 9495 4503 7880 9340 2785 3788 2998 1009 7747 2630 2143 6333 1913 2765 3334 222 2705 9436 2431 3267 8048 9131 7846 5405 3576 8292 9665 8440 8295 840 2058 2045 1036 5974 9801 8480 9037 7355 4638 3424 6842 3274 2579 8732 7598 3243 1782 7845 5483 5319 4362 2965 5341 5199 8814 6269 1943 3935 2539 278 6989 1938 5701 626 5826 9669 4480 4162 7850 9396 6945 993 6785 151 7152 5489 1768 8538 7394 5955 8138 9626 3179 9943 7477 9318 5182 1541 4020 3916 3703 1377 
1215 4157 7259 525 6787 1744 8271 6780 8309 9245 9115 9283 3984 2702 1359 8350 2116 2534 6545 750 1046 6583 4550 9760 9821 3667 7156 1108 4521 466 7339 5589 2034 3085 5044 9198 5095 8062 3651 7147 3154 1657 7849 3230 397 7256 7555 7666 7880 7909 9338 5840 2727 7425 2361 3108 8428 4862 3728 9805 9450 6252 8348 3919 2623 3494 3641 1723 6305 9635 6959 2493 1025 6757 1783 6613 5529 7768 5504 4289 3022 1759 9243 6560 9223 2247 1861 9663 8635 146 4862 457 3276 1804 3956 816 6601 6342 7602 7852 
6738 2397 1624 9816 2419 8930 8883 1470 1246 6526 7565 4561 9758 1255 6715 1725 1095 554 555 7277 7226 8054 7531 2904 4365 1529 3480 9804 7517 3281 2996 3739 6391 8915 3250 4326 8291 9973 9955 7527 5814 5373 5648 3314 6117 9986 9960 6452 7963 1323 8792 8747 4469 3286 731 6122 8850 1511 2420 4656 1548 963 2881 465 6995 8128 3832 9240 1874 8013 4258 1513 9252 4007 7206 7150 3184 9216 8527 1344 5554 9392 6778 352 2550 4444 1329 4214 104 1923 4391 748 5097 4601 8259 2038 6810 6961 5301 6966 
9225 7952 9647 9686 4288 9427 4686 957 933 6878 4156 1499 8559 936 8874 2436 9621 6778 5643 2165 1201 8611 1637 5850 449 2873 5174 2718 7400 504 466 4277 5779 8574 2462 635 417 7764 1143 3722 2626 6021 1800 9761 5383 9586 7768 311 8985 7963 4459 3443 8082 8012 6552 9403 8508 1048 5517 7031 5058 640 7296 5804 1928 602 4611 7590 7682 4886 8015 5754 1778 7914 4079 8242 1770 9741 3124 487 595 8215 3984 7 1752 9507 2609 5076 7837 969 5615 5986 8680 6407 8316 7300 4695 9601 2351 3960 
8755 2528 1955 9285 5896 2223 9514 8350 9271 1503 8930 1759 8008 1524 819 3951 3653 3378 1060 5024 2826 7029 3932 5052 814 5442 6665 4758 9750 6646 2627 1008 7220 9345 6512 8462 8376 1362 5001 3163 3600 8017 4368 6783 1629 9454 6286 7542 9067 8099 8437 5629 9455 8724 507 209 3116 8322 2503 7494 5749 3109 7996 372 2734 57 9211 2450 9614 581 7223 4787 3589 3321 5266 4601 6975 8263 7544 6407 8697 7377 8118 3953 2262 7166 9333 7005 6768 743 4272 9262 2166 294 713 8267 1996 9625 957 4826 
8412 8608 8573 1616 502 7490 9324 473 5749 5332 6809 5417 1958 8194 7735 3494 9618 900 9646 5165 1726 4635 8131 3614 4291 6044 8123 231 1105 5753 3989 4828 4877 3435 7431 4045 7487 9238 2755 6839 3909 5371 5510 4104 4037 7053 7675 8199 9594 3699 6414 451 6894 3122 8494 3125 1137 5187 9915 8000 4738 9841 9321 3491 6977 5213 7595 1627 5624 3710 4800 8837 7955 6168 582 8453 4073 228 2140 1410 7624 9308 4485 9836 1778 9184 4082 8245 7810 988 2766 7820 117 9353 8524 7621 5180 678 653 1588 