9289 2442 7580 1514 8962 6030 5957 86 64 6989 6062 4026 4966 1127 334 5653 5136 4414 5390 2558 8958 501 4206 5788 8111 8171 7447 3379 4321 4249 2864 3499 5648 1401 628 6525 7148 5959 2051 4719 8093 7150 8490 392 462 6016 2110 2387 2153 8847 7661 2427 2786 841 9232 8935 4123 9979 6111 3754 3081 4270 8073 7264 8625 4470 2039 3234 3856 8199 3254 5972 9781 5448 6249 2092 8041 8279 5083 9667 8176 5838 7328 1722 6355 7603 2819 6266 9179 3112 7249 2557 945 9399 764 7923 775 7466 586 7057 
6699 8359 9204 7258 3644 1909 8366 1785 3365 6017 1959 8105 5486 4335 6645 431 1909 9252 9427 8105 9721 775 9915 763 586 7057 6160 3705 4843 8682 7590 1870 3365 6017 8105 6194 703 1083 3403 2432 5931 7493 3791 3365 9946 9915 7985 763 8967 775 7733 5378 8449 1341 6169 1494 7090 3232 7143 1602 1069 7309 6580 3745 3036 420 2579 7763 3290 2694 9722 5611 459 2309 207 6738 5490 6833 2086 6125 7892 1688 744 3137 1799 2498 4566 5588 1409 6135 6481 2546 7548 6466 4206 8873 799 1718 934 1670 
4979 1711 5070 1773 4450 5184 7182 5481 2145 9344 5359 1738 8990 8478 3762 7373 8381 4437 8099 5058 1358 6178 4236 4303 4696 1825 3167 6701 1152 830 7606 8195 9112 3148 6190 2658 9330 9373 5293 8698 2151 1784 6005 8718 9604 6887 5629 4345 1084 8077 7804 7981 9418 9879 7901 6554 1253 8755 9650 3204 8746 970 6276 7730 9633 3704 1779 4686 1965 9444 3673 8254 4056 1212 1844 5845 6720 6958 1524 319 4375 3973 8647 3006 520 1258 8568 8070 93 4731 6954 7072 507 4054 7003 519 3742 9945 1972 55 
8444 1297 7049 8603 8915 8950 6076 3396 4487 6941 9315 1742 1244 8111 5271 1157 657 5474 3240 6209 7038 2633 4332 8363 2247 8405 3939 6367 6558 5041 7184 7593 3838 7023 4471 1780 1075 2733 956 5956 3304 9515 7893 8794 495 4749 5266 9652 4996 3304 4621 1052 4037 2496 4318 2447 4296 3082 1692 1215 9720 8885 6189 5796 1866 5187 5587 8931 3875 9624 8425 3852 2895 7607 5330 5377 5934 8262 220 357 3324 1943 8801 5829 9922 1962 7097 7765 9996 6275 4297 5708 246 7273 9138 9054 5397 7623 2625 3752 
6946 2866 9245 5151 1060 5863 4402 3621 6356 5386 7074 5048 6514 938 9741 2451 9832 1912 9965 2950 4941 6316 2250 4968 6081 535 67 1130 3260 5301 4745 3367 8763 6142 9910 9736 1664 7889 8378 2211 345 9214 4161 7815 1412 7006 9721 7015 9940 197 2435 5423 7872 5052 881 9649 5049 8862 6655 4935 7254 6496 7590 2232 2820 8781 29 7925 8429 9940 4352 1868 3810 9405 6882 6047 5517 2935 5141 4132 8248 9433 759 5397 6070 8773 1059 2112 3036 1078 5431 7885 4318 4846 335 1698 5379 7791 2928 4759 
9986 9744 4595 2187 7351 8048 4667 8966 8488 2831 431 2314 9097 4700 9144 4486 9289 8243 580 7580 3919 3567 7712 4739 1983 775 6355 6699 3705 4843 3644 5860 9915 8359 9204 9076 2020 1909 8366 9915 6749 219 7474 3276 5204 1203 4910 8150 276 827 6905 6036 7604 4714 6124 6420 5650 7992 3222 564 2057 2246 4838 335 2142 7432 20 7039 9994 9381 96 3773 9121 5614 7950 9118 5123 1830 30 4047 1480 4505 3888 2425 8947 8421 3373 6826 6970 3526 8922 9170 7160 3261 5496 3485 1907 7730 3545 2934 
9175 9574 9639 1546 8130 4705 1316 5709 3496 8472 2119 4175 8408 212 9434 4788 8404 5725 3149 9787 9401 6309 7912 3904 2267 6649 8316 4376 4362 9443 7873 6455 4299 4787 1415 6284 8862 369 5013 1522 8324 5643 4419 7322 5671 2713 3713 6175 8811 2117 3011 8003 4013 6903 447 6733 7615 3010 9178 9328 1212 9839 405 8236 7087 1691 7139 8564 7825 8021 8489 1492 5575 6006 242 6917 2624 1133 3703 8182 6266 753 9711 5539 7772 2311 6427 4088 8925 940 4550 9402 324 3746 8200 4499 4952 9219 4383 7562 
691 7171 5221 8725 4480 9732 4108 9278 7486 5664 8640 6958 7311 8911 5815 2457 2603 6812 3117 473 8528 4056 5419 352 5776 382 8000 3801 2477 7019 3743 1948 6828 2332 9688 2260 8301 8692 4228 9097 5831 8308 5100 257 4482 8400 7866 7282 5166 698 9777 1129 5563 3565 7096 2432 3725 2923 5650 8932 6286 7346 6662 5579 1293 1428 4958 6331 2569 8179 9783 7432 1793 5350 7980 5333 9142 1230 6676 205 3336 8958 3197 6169 9193 7714 2444 9187 6287 1943 209 9365 9065 4642 4741 4507 507 772 2530 7626 
4268 4207 8715 2587 7985 586 3483 6160 6040 4843 8682 1909 7590 8366 1785 3365 6017 3786 8105 9721 3276 8868 2145 927 8751 477 3252 1963 2981 9915 599 3984 5838 7745 1737 9672 9512 1530 6987 3479 9808 1641 2056 8523 2651 7619 7475 3545 5427 8897 2909 4949 7881 650 5349 9109 6271 2918 3905 8232 2803 3869 7346 1816 6377 3275 6523 2443 7197 5785 3783 2984 8029 2015 7212 1751 5761 3751 1723 5945 4050 7255 1377 1192 9545 8277 5608 1577 2131 5544 6592 8766 9093 8729 2549 2077 916 4862 6678 5768 
5155 6386 5794 3930 8560 7228 6208 6672 5421 3927 2403 8803 527 2615 5472 3114 4032 3249 6815 9909 7465 8292 1831 1081 634 1056 5074 7979 7283 1361 5869 9184 3828 5839 1456 5724 7150 2535 4534 4049 4955 5203 6564 1636 7260 4472 6809 575 2223 2738 5532 3774 2915 5042 8531 2589 8384 4148 6968 1408 2224 364 7851 8930 3612 308 127 3570 5019 3588 5090 731 4398 6847 2241 8673 7305 7094 422 3084 4101 3890 5153 8402 8244 8352 9855 7105 7972 6374 7780 4349 6280 4905 2984 1275 4362 2827 9595 5154 
1528 3777 2731 326 6606 6690 8730 4281 8982 7967 3596 4627 5142 8225 8111 4863 9368 9415 3149 5072 9858 4800 8193 8783 121 6988 2887 2591 9468 131 1548 6448 785 5964 3502 2141 6795 8755 2766 6877 9415 6561 3490 911 9001 3647 2591 465 963 6371 3635 2981 7404 4978 1763 4218 6315 6401 6909 3797 4798 3266 4191 6616 7719 6935 8522 8369 182 7640 2976 5352 8659 5180 6928 5560 2201 4372 9383 4330 3211 5446 3024 5966 1087 2352 764 6040 5712 6945 5953 5956 4684 8519 317 7869 4598 3069 2372 1077 
9750 3750 8012 8897 1205 2661 467 2041 4942 7314 5593 2043 2145 5228 1898 6436 667 2728 4475 1981 7317 2069 955 3783 2117 784 8618 2564 4593 9358 7051 8006 8141 2404 6997 3799 8910 7567 9514 9020 8854 325 2331 6359 7140 5827 2253 3750 3805 6154 1328 5793 8232 9712 8733 1622 4767 3201 9344 1191 2726 6318 7772 571 1639 4147 8931 4612 4897 5407 830 9577 9067 9665 7084 6416 8723 4448 8069 1607 5979 7043 7120 345 7873 6274 7503 8578 7477 1972 7952 7634 7706 5815 8081 3541 4587 980 6560 9641 
4338 5155 9497 1059 3593 4040 2590 1727 6453 6085 9554 958 4177 2130 4246 6943 4239 6800 5578 4453 6788 2396 2308 7116 9506 3350 5481 3506 3622 7446 6083 4068 4440 5441 3057 6275 2623 1146 8928 5880 5349 6284 564 4593 8763 2393 8084 7621 248 7926 4939 1304 3552 2254 8548 7508 7057 4176 6830 242 9787 7535 8289 9413 1892 5784 8556 3178 9672 9796 8515 6271 3815 3122 1951 8354 3450 7679 9261 8390 6975 7739 5791 6316 1971 6318 6076 8054 1079 8424 141 6910 9360 485 9145 8521 4374 112 1192 4479 
4620 3491 2773 3 8284 1978 9960 5360 5835 6100 6633 8105 6873 468 4133 9494 9910 2927 614 2005 7016 839 1456 1144 4396 7239 6126 1340 2884 7140 89 7111 6916 1491 4685 8964 1392 4302 6125 3959 1240 8868 4630 9576 8538 6949 9633 1102 9515 2521 2353 4893 3551 4668 2496 8838 7459 13 6870 75 1320 3753 8952 548 5217 1555 1854 8706 7283 7083 1884 4831 6988 7110 7034 1193 7469 4181 4317 7377 6052 1357 4690 2425 6965 2832 6651 8408 6222 2622 2548 8091 8157 6013 6774 6126 4990 8099 8780 9609 
3467 4745 1234 2236 1009 2732 2542 553 1284 8241 1384 6747 3368 4665 4819 9083 1565 9657 1406 7899 5197 3092 4196 9259 9368 4236 2306 8487 4806 9740 2468 7953 3363 3013 2547 533 1366 9671 5249 4839 7763 4447 6191 6239 8936 9539 2786 1667 1686 305 2965 8545 3325 7046 7162 6252 6245 603 13 141 877 6299 4850 591 3880 8755 16 7861 5566 5232 1832 4918 1217 7837 8020 7104 8514 9113 7591 2412 1006 9145 7113 2143 5775 9061 3434 2313 4017 5407 5877 1877 7061 4645 5996 3672 7530 7631 8869 461 
2729 7020 4729 923 5329 57 4245 6925 632 8119 8760 4936 8219 4275 5059 412 631 3492 2925 6742 8240 2094 9521 7212 8853 7073 3849 4741 4204 7460 4704 9729 8656 4440 5893 9042 6023 6856 1749 2103 4294 895 7877 6873 821 5843 6984 6027 9905 3846 7851 1214 532 4086 2874 1826 9626 3512 1430 7146 8650 5534 1495 5902 2639 3421 1600 1263 4234 6612 8391 3645 6442 9581 1508 9829 6207 8048 3671 1415 1190 6794 4854 6982 411 3191 6643 2850 5408 9275 3995 2450 9460 667 7682 4446 2324 3989 3582 5095 
9335 374 4483 7271 5217 2692 4999 5666 7896 8035 9812 3027 5545 804 1338 28 3878 1942 2746 8737 4896 1576 115 8192 3650 4034 8272 4189 492 8206 5007 7079 9098 9578 5537 4867 714 1566 5625 6296 8435 384 8873 1534 4122 4662 5943 7894 8618 5739 2227 6374 5854 4859 7366 9528 618 9412 7853 7260 2308 9729 1680 6424 2892 9857 7341 8504 2752 524 8493 9382 1501 8265 2 8891 3018 1279 1164 6980 3666 4073 5721 9937 552 2201 4556 6549 8040 511 2994 4856 3676 4804 7846 5278 5004 6540 8741 1651 
6271 4137 6903 4191 6616 7719 8522 681 6863 6858 440 990 7308 8088 716 1212 3872 6297 3316 7345 2304 8549 875 1855 2302 9321 5853 8054 9178 867 8212 9834 7184 6865 3428 3393 4984 3729 5672 7475 7752 9670 547 5601 2642 7179 7895 7102 9383 6652 2494 1611 7686 7439 9422 6452 5202 2351 155 9790 9760 5922 1463 6726 4860 80 5696 5021 4246 2803 7930 9853 9927 4135 6303 7458 8863 7191 8131 7531 5653 3271 186 7866 7490 173 8071 3296 4339 4037 7350 2304 8549 3324 4802 625 1471 4055 4409 5993 
2842 3211 1945 4026 6317 1898 1265 2643 1264 1902 8125 5327 4959 1205 3365 8236 6038 9196 8909 854 664 8919 8678 4963 7795 4514 741 3081 4713 8146 4404 2380 155 4888 9790 9814 5759 875 498 9927 3275 8212 3179 249 2945 1548 1475 486 7469 39 6303 4854 6524 8927 2420 1788 888 7354 1330 7721 376 4204 5815 2797 937 6602 6151 9120 6843 2965 9308 4721 6709 5080 7312 1822 972 7716 116 2619 7852 6065 9319 1549 2197 3270 9183 7173 615 373 318 9762 4502 2407 5945 9597 1769 5268 3931 2480 
8753 3783 469 7194 2704 2824 6898 431 5978 3893 9419 3757 78 3103 5045 9916 4185 3465 5575 6629 7752 315 2376 6221 4899 1923 5697 7624 4 244 9588 7291 7171 1288 367 725 9021 1459 1266 6480 5055 9848 5277 7199 3851 4576 2714 3697 525 8319 1343 2378 3744 576 8876 6490 6793 7847 5285 7305 2449 733 7897 2703 5609 547 1596 9275 9229 2323 5124 9439 7380 605 2913 4108 4570 9355 1830 5783 1632 3687 9788 6686 5028 7890 5803 5193 6371 2671 3630 5507 5077 1080 3279 5603 6983 5322 4799 9976 
4205 6227 925 3397 6196 149 3366 3745 3223 3202 3317 5610 9102 1322 8944 5984 31 463 3089 6840 1854 4307 9733 7995 9637 6150 8358 7211 1518 271 941 555 2089 4560 8700 649 9674 1192 7314 142 6383 6580 6762 3659 4632 3930 3010 8723 9434 513 6467 7850 4893 6121 3553 2609 8211 9593 4229 4039 6618 7383 9461 9750 2995 476 645 1626 6837 779 1101 8784 6814 6967 9638 4945 6796 3318 3725 2556 7029 8277 320 879 269 7238 3837 7372 1590 191 4864 544 877 8048 3921 8377 9693 2394 6208 8740 
5254 7470 8117 3415 6354 5742 7859 3314 5560 175 4341 2245 3596 9241 1750 4120 1288 6475 4888 6705 6734 8269 3186 1076 8797 3667 5053 35 3980 7243 7370 428 6393 8081 9790 731 4616 5692 2945 5637 7684 9692 7993 4135 8131 9330 5653 6891 7343 1667 6389 2042 3202 4805 4905 3765 9208 9018 8202 6472 3390 3959 8525 5378 5185 4119 7706 6133 5821 7420 4340 2090 5379 4230 1950 4477 9926 4086 8583 8484 6270 8025 1622 6680 9997 8281 7240 5845 8346 6830 1413 7570 3935 8709 1395 2989 9755 2978 2677 4240 
6019 2488 7018 4996 6991 6479 1348 5667 4450 8304 3558 3465 8158 8194 6986 8698 7723 4403 6741 1965 7342 0 7770 2486 7367 1921 5398 4112 7792 3968 1486 1487 1967 8279 8403 6627 432 8706 8408 8027 7763 8388 75 7555 7456 3373 3571 355 9061 2970 6472 7879 8147 7732 1639 1395 719 9941 7475 4873 8551 4262 8321 2889 1286 5478 5865 1920 2907 7261 3556 6862 2815 7877 6371 6995 6423 7949 7760 1038 9512 2758 6945 7083 320 1248 8884 3711 8115 9891 998 7316 8875 1987 5954 8956 2679 2810 9173 6805 
880 186 2264 3129 7585 8363 8819 5506 8835 5700 9725 7737 4608 8556 4348 1811 7444 2205 6504 1808 6354 980 397 6737 9119 60 6594 8943 4461 7786 6949 4830 1011 3380 5017 8106 8314 6017 4316 4926 4085 6384 3659 3184 5294 6865 6163 8196 6714 2764 3521 1026 8240 1194 6102 109 4368 879 1241 1328 326 9262 178 6874 9399 9208 3440 1282 2304 6552 5796 8119 7541 7256 1514 3029 8203 6800 40 8726 3627 4623 6259 5712 5725 6883 3974 6311 2088 5698 5678 4035 8658 1062 6787 6612 474 800 3193 4565 
3267 7759 54 5842 3859 685 7837 4679 5409 1867 4156 1807 2970 9083 8477 7759 83 2818 8960 2449 4316 5143 845 3869 5469 8393 3433 5477 8496 4137 8353 5799 2866 9272 7085 4711 6082 3714 8561 2969 9825 9098 5322 7756 8066 1595 1944 4930 4931 8285 202 1124 9523 6665 5948 6817 4810 5999 513 1499 279 5810 1685 5323 4200 1465 1883 634 7231 6768 4707 7644 9730 6560 7976 7179 9067 5185 4742 6628 9748 7570 8453 5501 9357 7448 3686 8558 9024 9056 9172 2968 583 7923 4358 3571 2741 1376 7584 3351 
1449 9084 6106 3638 7436 3439 157 9667 3994 3161 571 6868 2240 2113 478 2128 7372 7080 578 8877 3104 8391 7335 5927 4548 9786 4417 5531 4068 9384 2816 467 7289 4749 9183 588 8395 4131 7573 7427 3820 4714 1505 3248 3589 7961 5953 8151 2412 4106 7408 5864 5104 6092 6195 2783 6422 1050 2739 550 5309 4920 5889 8457 2458 7972 6852 5969 977 2436 2995 4657 2621 8045 5371 6010 3515 2862 5587 2916 5353 5648 1427 820 9208 1379 6230 1893 8712 5247 6702 4067 2844 1651 4934 4725 7831 8681 5658 2809 
812 115 3604 8140 3699 6367 6563 2256 9248 1389 1383 6978 3648 732 5936 5321 6798 8519 9909 4903 8658 5836 401 3310 3762 4590 8629 7678 8460 9269 7598 7173 7020 1455 688 1893 7872 9238 554 3977 4764 7982 8555 7576 8382 6675 2263 5032 1619 8119 7157 2519 4967 8225 6663 5804 5909 9094 713 7235 8708 5200 2956 6730 715 6843 1583 4042 3719 1242 6983 8971 7222 7878 4588 4610 6509 4615 2611 5190 1301 4589 3691 6078 7551 9047 3181 6750 2113 4349 6025 2066 4905 3540 4170 1275 425 7149 8123 9070 
4395 8243 1510 9985 543 9771 386 4813 311 3970 8445 5811 6814 3099 2131 5782 8254 2629 9458 5171 9001 8754 5094 2489 7726 1422 6508 961 6979 2328 9496 1990 513 1608 3054 7432 4858 2184 2887 5983 3175 2338 8902 5556 955 367 1205 5088 3047 5726 5381 2126 9014 5108 4390 9075 3782 3885 961 5952 8272 1452 68 9427 8723 6905 1583 4987 9475 8089 1995 1423 8170 6293 9046 2459 2130 4189 8818 6693 6168 2968 4379 816 1204 604 4831 9574 49 2255 6344 8585 7875 9499 9927 5990 5853 1362 6453 2264 
9036 2560 7432 175 4360 8219 3041 5458 4477 3520 4243 2763 7570 7796 6016 5439 8532 6071 5261 6144 8729 2987 7312 8301 6354 7859 5319 6156 4777 4248 2614 1469 903 5200 8265 482 5053 7596 5881 7866 2919 4904 3357 6216 5319 8157 2420 3168 4754 8015 9807 2176 6920 1324 6681 8179 1645 8153 9660 7196 3403 5684 4815 9012 230 2017 1854 1953 9472 270 966 593 7543 1831 6319 2802 8155 6361 4747 4207 4389 7203 8186 6896 7986 274 7750 31 3967 5635 7639 1194 1917 9417 7134 560 9003 4599 6874 8241 
8619 9641 8851 9503 1805 9692 7807 3704 8817 2336 1289 4059 6981 933 9230 4830 5180 3365 7671 8903 8566 9140 9391 7367 7220 4343 602 791 5972 559 9578 5322 7316 5624 7198 6215 6591 558 1024 9052 9821 7426 2374 2933 9120 8028 7304 7313 7312 1822 3795 116 1569 4179 9464 7972 6223 2113 4349 2066 6280 9191 2265 5007 5007 4362 2827 7593 7373 8363 7648 3997 9216 6988 1760 1853 2535 9396 7536 5779 3033 314 6492 8073 7014 1229 9827 319 9652 2720 898 4269 5950 3492 919 8774 150 5267 5749 4508 
4304 4871 1548 3978 3940 9144 2464 7785 3716 232 4188 9128 6200 9853 8553 7439 4712 4670 7340 8077 3091 5643 2777 3855 8686 6335 4322 8234 6020 7179 3875 6628 6851 5085 3896 4110 7034 7371 8676 5705 7196 4941 7800 1095 8467 4411 3973 4109 542 1580 4164 2238 9685 4047 2067 3703 5823 2343 1359 7815 2347 5914 9783 5189 3061 5198 2968 8908 7992 5735 4028 343 6427 8553 1369 7350 5640 2324 4345 4833 2623 4115 8066 9947 5003 6201 6899 2393 7621 5303 8221 9195 8042 8425 5374 9623 8217 3884 1058 7002 
9900 2830 9141 4929 9611 4669 1604 366 4857 7275 1546 7268 8139 8856 3991 7526 8995 8329 8319 1444 8259 1656 2482 9509 9292 5872 5976 9728 432 1413 5456 7418 8263 7565 6196 8327 6242 37 2554 8197 8698 1104 5628 3677 6821 1130 4387 3085 6929 2746 7171 7074 8065 8658 3616 100 6433 6312 7780 1827 2068 5547 8719 4625 5669 7024 3335 1952 2069 4186 1690 8235 3989 3842 1483 4992 9751 4600 1616 4246 7475 8315 9005 7476 2674 826 193 1981 5565 9401 6271 3532 5277 2957 369 4214 8173 9171 1088 6976 
7503 7810 5325 1703 2710 7688 8189 2832 9112 2683 6015 3897 7820 8200 21 5477 9243 5591 9799 24 8518 9305 3710 7339 198 5657 2030 3612 7921 2415 8951 6493 8453 6089 2144 4150 3971 7802 5252 7325 6184 4031 2507 8381 6065 5747 1424 2651 4172 8049 9601 6769 3379 5478 5865 2907 6418 9805 6943 7757 493 3353 1582 7118 13 3711 5975 9651 2479 8115 5841 9397 4055 4409 2887 7880 6802 7705 3221 7958 9447 9529 2961 6797 8800 5684 3251 7446 510 2864 5636 4088 1109 4272 9178 5073 3000 2977 8402 9054 
9260 7511 6396 4146 773 9417 2902 3399 5567 879 7489 8256 7766 9059 1548 9833 3387 1899 4013 6577 5452 1448 5381 7377 6468 5267 9109 3005 905 2120 9712 8933 8724 7058 9089 6486 1753 9488 6174 4090 5974 2299 3969 7693 5507 2722 5364 1703 3189 7155 5034 9483 479 5104 9197 566 9756 8854 5840 2368 1559 9597 4631 9427 9600 9433 5129 5753 1946 1885 9689 3175 5543 2705 6707 9551 2946 9932 1527 4954 6925 2706 5263 5224 8267 1561 8460 3915 7372 6826 4830 5278 6506 9656 3128 7920 2248 3431 925 7489 
6874 9507 1462 9182 1639 7783 6816 4668 6868 8116 5483 4088 7764 8110 2833 6657 2575 6268 8829 2945 7076 4237 7979 4107 2661 2954 3476 6596 4015 8952 9913 9210 4458 1081 6271 9225 4730 38 6642 1767 2932 7257 6849 9528 9769 1972 9816 1970 9406 4102 3811 548 6776 5193 3848 7900 11 1343 3478 7734 2287 6753 8943 8596 8606 5054 8274 3565 8036 5224 9850 5645 6578 376 9612 4526 112 6478 6433 9444 8751 920 2904 4958 2512 8355 560 971 897 7505 4918 259 6712 8547 7132 1512 5436 4638 4252 3923 
1532 1790 7673 745 236 8169 7961 1356 7313 4086 5618 6949 2002 171 3658 16 6872 5247 6101 5199 2364 6827 1752 6765 5813 7037 1675 9598 8191 4637 9442 9595 4970 2091 9578 5138 115 38 9086 2932 1656 7626 294 7739 4433 9452 1398 8543 8889 6322 635 4432 1793 3007 871 4158 3045 7734 9471 12 7021 1135 1870 8309 4837 6936 8250 4088 9801 9151 1109 1748 4272 5073 4558 3000 2004 8606 955 9054 9018 6931 7403 9260 9004 7104 5597 1715 8334 486 3093 5931 9841 9190 3292 6217 3043 1955 5398 4061 
5207 1841 8138 5718 1116 3664 4876 1126 3893 2903 215 5643 7922 634 4569 106 6441 915 9053 2112 6560 6781 9117 1893 5521 8323 1603 326 5905 7128 4546 1471 2348 1205 9554 979 9796 9685 3070 4913 7958 9280 2271 8420 8666 577 300 5165 7457 822 8471 1764 8140 4997 8138 684 7477 5160 5182 1541 3916 8143 3703 1377 1215 4157 1077 382 9066 4224 2117 7260 2827 9190 66 4273 4052 8919 1676 8183 9842 3080 9896 7287 646 1273 5481 1654 4824 9367 2470 3479 7466 7199 9219 869 7471 185 50 7181 
7135 6101 3083 5068 8033 2450 9003 537 8088 4338 2437 6805 6960 126 2842 7834 8130 9705 5901 6915 2709 7426 6482 9012 8718 1049 4228 6957 2702 9839 6727 2373 7612 8499 3020 6720 6536 5336 5433 1691 4950 5034 21 8029 6795 7176 1124 4493 7933 2866 8978 8434 3393 8216 2592 6877 8587 9415 3490 9147 8193 2420 121 4656 377 8964 963 5964 1318 1680 2981 7404 4392 3822 5371 3800 9503 3807 8594 8121 1690 3602 6821 9130 6633 4383 9545 3360 2403 9650 4362 939 2467 1765 7671 1178 3434 4864 2000 7467 
8829 8506 3565 4729 975 2374 1761 6110 380 3411 9615 3012 6827 949 7573 7248 2846 5308 6207 1454 3126 9075 8607 7340 1509 6726 5331 4695 7409 9709 9830 2114 2932 1812 9074 7459 920 5317 3158 5366 9303 6790 8427 1287 2678 9469 3391 9995 2221 5205 6563 4469 415 7093 9834 7521 3830 8865 4494 6530 3257 1364 9696 466 2976 7245 4904 319 9847 2227 1497 2420 8015 841 2176 9675 6711 1901 481 6369 5341 1176 6444 4464 6796 3712 842 8178 9160 5328 3163 7775 6613 6544 1456 8157 9572 4771 3685 4447 
8810 360 2144 936 2430 720 7718 8205 7901 983 4653 8338 6650 9319 4342 9864 3695 4834 5673 1989 548 252 2455 8426 8496 8844 9592 9627 7364 2935 1199 1321 5026 6545 4068 1701 9384 2612 1452 5623 9003 8610 4749 9183 6632 588 8395 8754 2283 6948 7261 897 5243 8664 3649 7640 1346 2080 1148 4802 5823 1376 7933 3893 5998 3502 8474 8755 6943 4863 3349 5417 6877 2486 8587 9415 3149 9147 9001 7313 2420 121 2887 1293 6448 1764 4218 3822 8858 1658 172 3807 6833 5525 3591 2431 4421 320 9472 4418 
8506 3884 6315 3957 3257 5863 27 6954 761 9534 2443 3060 5769 610 3743 5667 294 3853 3421 6556 5818 6135 448 3894 2569 7110 7205 55 1640 2070 8849 1276 5089 5698 9167 331 6787 2809 2749 9541 5842 1682 3203 1867 9317 9322 8213 1277 8688 5725 2818 8960 4862 8575 9689 5926 8853 3524 9300 5614 2243 6896 8276 5809 3145 4714 6797 8800 3251 8247 3373 7473 6962 3052 5852 2434 9908 2569 1030 3889 7148 4697 4825 4192 393 2278 8514 2270 7208 6630 9999 891 1140 5542 1054 1158 8877 8249 6529 8846 
3524 9977 7598 5500 5933 3843 1624 1987 7216 3610 9698 9209 8253 6177 8638 3212 622 1318 9244 825 5822 8428 9729 3164 8791 9525 3115 8249 7182 9813 8678 3181 4765 5255 2553 3014 8750 2856 3268 7026 3022 2164 2160 6471 7036 2822 5220 8928 6948 2281 5566 5531 5532 9396 5807 145 2160 2921 8082 8454 4099 1022 7776 8953 9721 9937 3032 1491 1675 3736 2376 790 730 9422 8179 5288 9438 4476 1081 5714 9634 1035 2544 9094 215 9723 9520 6213 5034 1985 5705 2313 3684 2225 5797 5949 4020 1912 9880 1937 
5225 7450 4778 8017 9600 8586 3056 9288 6716 3637 2994 2044 3174 6655 6482 1459 2203 6948 1925 8642 1163 4398 4157 8193 9449 2078 5202 8933 6560 4963 3221 396 1629 3561 7760 54 9685 1523 8313 3971 4809 651 959 4407 5707 9151 3206 4648 7324 267 5498 614 2224 4822 6576 1929 6599 3265 6378 3050 9105 1678 9945 4263 6807 1407 34 4804 5492 3973 7018 1074 2067 1690 7933 4785 9904 352 2417 2742 6664 263 4455 2230 6759 6515 8368 7896 4625 236 7161 5931 801 5765 7939 8203 2842 9066 4113 8411 
5790 2468 4802 6919 1364 5919 7105 4071 6300 1348 5366 4627 4382 1940 3295 7791 2223 2000 9716 3867 2920 3147 9630 8445 6271 3727 1376 2862 5819 6604 5648 7127 1427 820 5781 7209 7720 637 5097 5962 6563 4984 8014 9670 547 9633 8141 9472 1192 2908 3627 592 9481 2088 2729 7516 5325 4439 542 626 4082 9166 6931 6425 3507 402 8616 1907 319 8687 6843 7690 9123 5450 363 8099 5406 3808 5516 5673 7621 2432 2299 9396 7204 2323 184 7819 7288 2912 9374 9284 3377 9819 4592 9604 1329 4109 8655 8138 
7922 4425 8210 8167 3470 7399 2535 9104 5735 4573 654 7512 2157 938 5592 6081 744 7025 3479 1367 4213 1160 8212 8322 6167 2702 441 7127 5680 8608 6949 6053 1180 9582 5617 237 3130 7525 420 1179 1164 8205 8770 4459 3444 8428 9042 1456 6298 2586 1556 4615 3406 7065 2158 155 3903 3990 2953 1124 7565 682 9805 8577 888 316 2934 1811 4788 7444 8435 2566 8052 5010 8217 1938 9333 1108 6901 8725 6584 4814 8195 9425 1473 5324 4031 2105 2348 118 8930 3158 6674 5976 5393 2218 2752 9934 53 524 
7243 5384 9311 7193 7130 9382 6241 3483 9142 4816 3023 8265 1698 4348 3018 3989 7434 1857 6734 8406 2676 5760 2449 3286 1813 6233 3928 2335 2466 4578 8841 6572 8294 9148 316 3294 7940 5465 9980 9997 9693 4465 4659 7630 2225 3077 1399 3096 2551 7541 8196 575 6407 9938 7038 3613 3647 1533 7458 8417 5127 7075 9890 289 236 1191 7299 8709 7226 1685 59 7082 8968 7463 155 3582 3472 2214 6842 9651 3094 5299 2173 5608 9423 3948 9278 2021 1719 4851 8256 5900 6937 909 2231 6389 7865 1517 8226 5591 
9189 620 5540 6701 357 9162 9529 7060 7396 8454 8092 9551 9537 2529 1691 7673 7101 3228 8691 6087 9734 4178 9566 3896 8393 9726 1620 5969 9256 5342 8847 2318 6215 4136 7820 7556 1185 439 9087 357 9162 5623 9674 9529 7060 7396 8454 9956 8092 5803 1691 8286 3699 3228 513 6087 9734 8620 2530 4831 866 19 9579 2768 1612 4011 6979 8789 565 9754 7282 2464 533 8837 6148 6910 9448 1402 2270 6876 6305 7494 3543 8338 2359 3659 189 4651 5175 4393 7885 4416 1925 5025 1330 9389 9668 3781 9514 1355 
9477 3741 6420 9241 6035 2966 1355 1379 8118 712 210 4494 7527 5901 8125 9726 9883 1752 2739 1655 347 3109 4417 4707 4599 6491 951 2437 7791 500 1891 9389 4583 6239 9348 7068 6973 5072 6024 5176 2580 330 27 4805 1796 5247 9057 6475 5790 3581 9658 5579 4874 2643 4756 3443 6594 1558 7255 9598 2821 991 2771 8419 8837 6522 5715 7215 6864 9788 7354 1038 6234 3455 8544 5436 5325 8892 6939 9518 2432 4441 7873 45 7483 1214 4015 3645 4891 9886 7391 6366 4718 6271 6466 2196 3257 9980 5756 7312 
7199 4517 7914 1090 632 8326 3044 2327 6400 9282 7178 7622 478 4660 5816 5380 638 3596 6844 2399 594 5985 9506 3848 5076 4866 6405 9836 8561 477 7224 1964 9 5291 6741 2004 4603 7658 2073 4439 1496 8586 392 3702 5746 3642 5964 8265 2828 4604 9285 2314 9279 9332 3012 5424 6490 8299 7979 8268 7454 7870 5645 6253 5804 4419 3884 4419 6610 2719 3012 698 3996 6891 6575 9036 9612 5647 5883 299 3018 97 3663 4514 6658 3024 9382 8981 5879 393 8797 8907 7841 627 2836 209 9710 6757 3538 1897 
2310 1675 7771 3098 6585 9805 1660 289 380 910 4981 1379 8848 3562 9212 5361 1011 6412 5188 4409 2250 4205 1734 3840 8565 1707 5683 490 1402 9681 7020 3941 4243 1327 8322 3379 8018 3034 7178 7981 7132 6935 1529 5425 7644 9778 3600 3696 4467 7362 5947 494 135 1495 516 2226 1784 1060 4324 2964 6154 2010 3794 1225 6408 5607 2652 2736 9442 4252 7658 3321 8691 852 5049 5643 309 975 1579 3247 7257 4431 4723 5842 8321 9722 1961 6872 1876 1672 4629 7913 5485 5306 5570 888 712 5110 6299 4919 
1890 5875 8130 9222 7530 7612 2032 6102 7534 8580 6459 353 1502 6812 1294 6535 8613 4003 6458 1198 5495 3805 533 9872 7185 7638 4047 1399 1110 817 6015 7459 1088 6090 2314 6566 7636 8574 2723 8236 3116 8843 610 8957 6461 3829 4592 3715 6993 269 9187 9541 9861 1712 6618 4533 4890 5965 8716 5301 7725 2479 4333 2058 6776 4968 4758 3567 1040 9980 8807 735 8548 4723 1050 9013 4339 2607 2601 5850 4006 2218 8495 9078 3034 6974 9228 3140 3620 1656 934 6912 4026 3127 3211 2066 6776 3993 3000 4201 