8981 5687 329 9670 8438 6652 2674 3751 240 9937 9277 7309 1244 1116 4322 5644 7050 8273 5665 8824 8572 4640 3455 983 4144 3935 7639 4648 5896 9660 8167 2562 526 4771 179 2987 8697 5014 2386 6137 2439 804 1375 5281 6432 2573 8619 9734 2370 3741 8843 5144 4572 8131 9621 4037 6869 6526 7267 4026 9355 6376 5463 8546 9462 4663 4978 5904 5961 4523 3323 7064 3526 7988 1824 2938 8694 4073 9464 4354 9842 3709 6218 2354 1798 4228 1260 8891 2231 3517 2479 4544 8040 2154 9227 5570 9105 3930 3558 5755 
7520 945 4449 7945 6762 6604 8865 5620 9175 7571 9755 4823 5031 4998 8548 3829 4302 6589 9881 1959 5539 455 5713 1516 3717 1118 8257 216 6299 3559 3293 9098 4572 2934 5531 9404 2241 1351 4381 9689 1124 5613 6656 4540 1180 4505 2249 261 9648 1308 984 3339 7124 223 7534 8019 7078 5052 2386 1460 15 3505 6763 3183 8915 2832 2911 6171 2813 9727 6996 7314 8559 2549 9963 1287 4693 7655 9706 4550 5147 1929 9295 5045 8228 4625 9567 7412 5818 9935 6702 1898 6931 6090 5112 3404 23 4010 4148 1650 
4680 9305 2411 9230 4452 692 5602 3747 5737 4399 3249 7138 7666 3840 8035 4597 6282 3148 2411 6038 2773 187 9510 4423 6540 3728 9772 4532 5995 5374 4631 1733 350 9031 2051 9952 6133 3442 3799 3635 9917 3023 7160 5956 6194 6285 2057 709 5387 2599 789 2372 6685 4098 8418 801 6821 4686 2955 4195 7830 4207 7719 5618 8903 1066 4290 8207 8999 8017 8916 5440 531 7848 8077 4834 9822 9634 6980 2941 5494 8210 7286 6285 5519 7688 9184 9131 459 3546 9712 6488 8417 7805 9077 4997 7099 6844 5309 3221 
8246 9506 7827 4987 8687 9468 817 2760 5253 1840 3616 8700 6923 4276 6515 3767 3650 430 1958 8473 6039 9425 3628 1845 3556 2713 1422 6610 3570 2052 4510 5657 9405 7447 3980 3949 4811 7470 4256 3230 3293 3535 6136 4192 7360 2063 3132 8506 1777 2934 6303 2141 649 9873 992 8065 7530 8459 5690 4749 323 1826 4515 3999 5707 4576 5415 7965 9434 76 9920 1618 589 3610 5378 1634 4589 4305 7185 7596 4062 7153 1901 1176 7824 2035 4868 3823 5385 274 221 3250 1952 591 1168 3821 6227 5889 7928 6768 
8977 6694 6514 1542 3879 2476 873 6443 72 4935 8326 2661 7476 6150 4696 6325 2619 9683 4571 7137 851 4744 9716 6741 9187 8001 6376 6113 417 8925 6970 8026 5360 4774 5155 3375 6240 9497 2199 4761 6692 8157 91 3515 6412 6244 4269 6165 727 4841 1763 8566 8389 8734 7417 446 2192 7923 8432 7420 2373 2763 7614 3486 5807 7995 7321 8494 1591 6924 4164 4069 3025 863 1559 1108 1809 1887 8044 2546 9250 572 6095 4904 3092 834 8239 6008 3042 4634 561 5393 4114 1301 3078 1870 5066 7438 747 929 
5563 2477 7870 3064 2782 8684 3593 9912 2818 5485 8601 7355 8330 7111 2648 3037 8023 6412 4643 1381 9794 9299 7088 3689 21 4530 9195 398 9951 4695 9624 6416 9312 1566 6589 7646 323 5022 2625 8207 3149 1159 8337 4929 9543 3885 4122 6815 4446 8912 2554 6550 4700 8278 8545 7248 2649 3744 7997 9943 870 2891 4987 6055 3868 9944 7851 1782 9708 9063 5745 1576 2274 8976 5763 5942 1742 3390 135 9004 1129 8910 7296 1912 1906 4717 6535 236 6368 6896 133 1065 5554 564 1401 3214 6361 8510 1632 3478 
2983 9357 6424 7286 8338 7786 5054 4566 1199 808 3690 7192 2635 3332 487 1656 3347 9756 2662 3685 8549 2424 1480 9942 544 6579 9709 4965 5359 8033 779 3615 5468 9145 2384 6885 7863 4688 1241 2020 5481 1137 5502 4473 8377 8653 8915 6251 5770 3912 2447 8494 8362 4292 9971 8559 7348 5236 7203 5236 1571 9012 5841 6145 9700 5126 3666 7431 1730 1585 8848 808 3499 8609 5006 7727 4229 8407 2493 5957 5830 7744 466 1902 9752 1758 2538 7121 9904 5019 4854 34 3936 2712 8691 5799 5613 542 6798 3136 
5675 5588 523 8793 2065 5072 8140 9952 1219 2370 2948 1950 3832 7439 8189 7099 3409 7166 5719 1837 3605 8258 7767 9522 4157 3754 920 2991 3149 2502 4259 4216 755 4074 4874 4527 8549 4702 2178 7911 3555 3357 3135 5650 4109 27 1612 1959 4437 2158 4578 903 5852 4046 4507 2785 2163 6419 6291 4533 3792 6921 9079 4179 1734 2537 9672 2861 8668 8737 3233 3412 9912 5482 2986 5727 7752 7453 2680 2104 1944 8846 5291 5593 7915 1510 9985 3419 411 6260 3104 4402 3455 6676 9838 6790 2162 9713 6561 6557 
3515 5789 4257 1459 8776 9386 4841 3797 3231 9017 8296 9340 6632 6072 6311 8816 3247 2479 9476 3930 3905 4626 3037 572 5438 4393 1137 6913 3406 9889 1695 8345 6105 8427 8719 7280 3288 2499 7598 2959 1055 5201 4810 5057 7289 5379 4866 7573 4984 6133 8932 5359 781 9859 1777 6973 3084 8152 6499 7526 3762 7866 3595 7868 6017 2990 547 9236 6877 5923 6776 3017 6723 8195 2625 4386 9204 909 6408 8548 7101 5888 2274 4574 410 8771 8624 1022 3148 5686 5245 1951 639 3953 8921 3671 3144 4825 7150 9474 
3976 283 7274 945 9835 2363 957 8766 398 1766 6977 5671 9457 4303 6731 4029 21 7235 8121 1948 4872 6064 2702 9679 8643 5053 9356 3388 5915 1658 2496 6235 65 5151 516 4946 2086 979 2569 7209 2123 8314 7157 3431 8950 6936 8342 7526 1438 2280 4324 6039 3578 4639 3767 6039 2934 7974 3714 5449 9378 7050 1652 1561 8460 3915 1702 6152 290 9349 1095 4895 4275 2953 1601 2987 6566 1285 1576 42 8709 3783 8737 7720 7104 3446 2144 8294 2458 1828 8157 5774 8037 253 4946 759 8926 1800 2702 7859 
4263 2101 8385 470 3803 9351 9071 651 5592 68 8899 9184 7735 9433 5529 8964 9667 7793 1958 8046 222 5255 4478 6488 6363 8882 6775 9123 2205 5210 4285 5692 1955 4891 8526 2183 613 494 3411 2601 4065 6686 9872 2685 2861 765 3792 673 706 6222 7457 4162 4377 5103 7788 6938 5561 720 1833 7077 8555 7482 8586 1470 5169 989 49 8085 7436 4514 9453 4734 7819 7923 6787 6710 4399 6743 3471 7786 5064 7877 6211 2829 5952 7946 4893 8742 8971 9276 3683 2401 150 1148 8274 7043 2927 2146 8735 1044 
1631 4229 3745 6665 1693 9452 6567 3873 424 2888 4560 6268 3459 5167 10 2898 8006 679 9965 6076 6183 6439 3345 3562 5980 3832 1281 2992 721 1571 4802 625 8781 2650 1531 3893 8510 3502 8474 3393 2766 9368 7565 9147 9858 4800 7313 6825 8783 337 9468 1548 6448 5964 8435 4857 4978 4392 4218 4354 5603 3800 1805 5153 6833 1690 3021 7807 3591 3704 8817 4421 4059 9141 8477 9472 2346 4863 3441 6568 2128 9619 7840 30 7743 6667 2560 8440 6732 7066 4299 2256 4641 2721 4607 3857 9295 8993 1441 5921 
9848 5277 2714 3119 6457 2378 2336 3956 576 1713 3656 7353 9501 5975 2620 7319 8158 4980 7317 7413 955 7989 7454 3338 3914 2903 3059 2248 7018 1317 2715 4768 2789 2155 9689 8819 8117 3415 5075 8678 2631 204 1800 2789 8131 4778 8728 4526 8160 3874 2544 7642 2777 2661 9497 713 4588 307 6183 8628 1363 304 6385 4215 6252 5106 4518 8187 8456 6127 3479 1662 8800 5053 463 7282 7763 3890 6412 9820 944 7197 2580 1060 635 9477 2538 140 5910 1827 7182 5262 7835 3813 3906 862 4150 6957 3743 5667 
6481 2656 8380 3894 9034 9326 6847 4993 9808 6700 6664 5045 5291 1791 5253 2069 8334 8142 6672 5055 3851 2714 525 3119 1773 9186 2378 3804 576 6476 8876 1713 8668 442 8158 4475 955 7989 7454 3830 190 961 6637 9358 5101 8770 1664 9275 9439 786 9846 5448 4762 5340 3406 2082 8285 7344 7713 9667 3904 3454 7156 9476 4390 1333 2994 7227 7389 849 2616 2186 5294 3125 1906 5484 5211 3320 4316 3286 8855 8855 1308 8325 8025 1208 7823 5472 8168 7442 5319 7184 1222 912 7325 6119 6170 4138 6378 7456 
8551 4262 4186 2889 1362 1286 4144 5865 1920 2907 1212 4768 4855 2789 9689 8819 679 1006 8885 1264 1087 7763 6672 6213 2988 3741 1148 1718 5741 4616 2308 6368 3654 226 4002 1578 2317 532 7083 9740 3983 4130 4007 2005 8133 6828 7556 2618 7463 1123 3286 4670 2729 7184 7644 9826 7827 6503 3847 2541 4975 1728 5742 3348 1530 8034 740 3320 4167 5862 285 9958 980 5147 6092 4942 7314 4743 6330 5228 6436 5217 667 3122 5425 1450 1556 2768 2589 1441 458 8331 6480 5055 9848 8720 3851 4635 2714 3697 
8319 2336 6476 4128 1713 779 7353 9501 8668 2620 8158 4980 2225 3999 9153 7975 4026 431 2642 8678 6354 5742 792 6156 7176 4663 4341 1124 6081 4934 4381 677 3391 9179 8269 7480 3186 9556 3667 1333 5490 3915 8618 8395 4131 7718 3106 7261 1454 4511 9436 953 498 8144 6196 4373 7986 3376 571 4337 2201 4900 4481 699 1038 4356 7187 4869 6046 9840 1704 8458 8309 2937 7121 2838 7708 106 9632 9078 1835 751 2631 8588 1018 8894 8017 3377 6242 2255 7815 5168 7401 2798 7894 2069 3853 767 7002 9428 
8763 1097 5271 9274 6514 4177 919 5667 9157 5840 804 2378 6476 6807 7461 3390 919 506 9934 1367 5335 403 2739 5735 9470 2685 9186 953 1666 6112 936 1983 6189 1691 9907 6122 4796 6599 8950 3266 8172 6763 5894 4474 5087 2842 8756 9805 63 3072 470 8727 2903 7827 4470 2013 6901 9363 6207 4222 6460 4688 9941 2583 9938 3553 6930 7290 9162 9907 6114 5783 2887 6047 7593 8373 2368 2360 947 194 9167 9015 5386 2662 507 6376 7102 1068 1829 1947 2337 6645 7452 9622 1053 6633 2110 3212 9949 3203 
2443 5928 7266 9146 9605 6032 9524 763 5402 1091 7710 8937 1975 4899 698 3065 6084 1878 7667 5310 6018 3961 314 9312 6459 8831 9768 4301 9456 4575 3326 7440 9720 4295 3365 8909 4201 3064 207 3610 7022 472 5517 9373 6092 3904 9518 7552 4978 1082 8858 172 5468 4091 6608 6951 1669 4780 4253 884 6492 7232 5893 1286 5728 4205 5878 4613 1817 2370 1965 8553 581 6765 8925 8069 775 1670 4518 1459 4621 7166 9530 7416 311 6678 2327 9704 2378 6018 89 855 4074 8529 5523 6578 5254 5329 9511 1258 
5936 5927 8263 948 4676 3584 3253 1847 4277 9944 3836 4877 4813 8066 450 4562 6904 4913 7155 7143 8739 6065 6638 85 6479 6950 9047 3847 3878 3385 4101 3784 2080 2613 5230 6896 4830 6301 2253 3348 1334 7852 8353 2959 6310 3690 5847 752 7680 7902 1753 3039 4413 5792 8769 5796 1669 6701 8005 158 5841 5834 3525 9650 9686 1927 6207 882 7010 6406 6904 2959 5984 9706 7983 2705 4810 5057 6776 4230 681 3952 663 8744 4684 990 5029 8088 716 9921 6991 620 5352 6981 3547 9349 8742 1892 3598 4365 
6925 7104 5653 3529 2871 713 7505 820 7171 6920 1589 8880 2775 5864 4562 5774 5071 6088 7761 5962 8321 4743 8326 4384 6294 9568 3789 9215 2745 7355 4954 3634 7029 1882 2034 303 6697 9656 3149 4393 1749 6956 244 1198 9038 647 2044 4749 624 4772 5983 8136 2142 5977 5311 7437 6117 4182 7102 8239 8414 9094 5197 5475 5612 2055 49 3359 5151 811 6705 6966 516 1446 693 9564 934 7556 2002 6131 7788 5658 3456 3751 9939 9346 7225 7152 1160 8675 2915 45 7827 3485 4272 5720 7044 7412 7552 7007 
9435 6658 5320 311 3226 2151 4759 8285 8527 9815 3108 7231 6504 2989 6309 7981 6499 8064 6077 2981 4392 8727 5371 2686 172 3807 8594 8121 3021 3591 3704 2896 9840 4602 1292 190 7137 1058 4770 3372 1468 9623 5392 940 5541 5676 7387 91 4817 9318 11 8794 5026 6191 8668 1246 9436 8379 7123 3752 875 5229 344 4805 2962 757 6771 7187 2633 2853 8827 811 9920 5306 9631 6605 5719 6105 5946 5400 284 7551 5180 336 9967 4789 1124 3408 9541 6029 8397 2218 3002 1478 9325 6684 5544 1727 8684 2539 
9363 5541 2066 9153 7975 2765 9048 5922 9628 7614 3015 820 8796 4511 4959 9983 7145 6464 5730 390 2862 982 3844 1928 1489 8491 8159 3606 1633 7236 528 2477 6872 4355 7578 2080 1022 2090 2638 4455 5227 3652 550 5285 2617 6338 8873 4118 5412 2181 1110 9061 4551 9210 6026 2468 7615 2461 8489 5796 9448 4599 2200 6311 4471 5374 8755 1210 9968 2464 2532 4148 1585 7896 8061 1837 1509 4259 9366 6942 917 1127 7912 5681 8472 9083 687 9281 3925 2395 4661 7205 5117 7277 6346 1402 5966 3652 586 2933 
4983 2374 7388 3618 8402 9571 148 6943 3217 3554 4979 2117 6607 6381 6386 2148 2424 3006 9871 1424 4363 1152 9521 4617 2295 8313 6694 5869 4419 8866 7301 3174 7792 1252 285 863 3930 9258 1109 1478 6514 4310 4378 8797 3763 5667 5840 1883 3380 4050 8238 7077 3978 7136 4087 4033 2152 6614 3091 461 6093 1763 5545 9197 9709 8235 1102 6369 3475 90 5918 6153 8449 2107 2392 627 6458 2957 7667 3965 5255 8514 4222 3859 9712 6550 6263 527 9592 7087 6002 1592 9248 4481 645 47 3198 4248 6994 3063 
4057 5004 5696 4577 9547 7506 6066 8851 4301 8171 2702 457 6960 5202 9665 1187 2497 5179 6536 8183 476 3461 1344 6492 3191 4717 7403 4111 6625 7547 5876 4372 9358 3643 9480 3552 5229 2344 6167 6858 6207 783 4871 4453 3112 7845 7753 9292 3167 4385 6944 8879 5380 2892 9409 8237 1349 9358 1713 7833 9485 5670 3569 1263 8345 6115 2746 6799 3388 2082 5840 2807 7922 7124 7384 4863 8539 7102 8420 9912 7661 5655 5253 2644 2610 2691 1862 2536 6689 4343 9369 6154 8893 8638 3413 4672 3596 2095 4256 5180 
9347 7842 3873 4388 6570 4879 7348 1415 498 1579 7652 1841 3201 210 870 9014 6343 8013 4247 810 1611 4799 1749 5383 1396 7259 6941 4105 8768 1996 8528 5749 1033 3013 4569 1162 1641 3036 2024 593 6375 7003 9428 4472 9556 788 2726 9049 8057 4730 7772 1639 8931 4612 4897 5407 830 9577 9067 1634 8301 6969 3017 6850 3417 6739 7363 6732 9015 8942 8394 752 1640 2036 7804 3970 3325 2849 2350 5140 8975 5114 2585 1845 3495 886 6123 4604 8449 3929 2851 6003 1864 1063 2306 9234 3023 4971 2064 6805 
1473 9000 7031 7367 7216 8679 4647 9004 3106 3111 7933 470 9173 784 4555 5554 6933 2688 2940 3667 2695 4511 6110 8246 2346 3654 7857 6283 2406 5568 9927 8615 6037 9971 4623 3387 6862 9451 5497 8730 6350 2987 6698 2791 7178 278 5308 25 1890 4778 3928 5022 5914 1692 450 7240 2342 6529 8863 1487 9711 3782 6624 6306 8333 9408 903 6422 8917 790 9105 6699 5444 7419 510 3962 7682 3859 8548 7046 2287 7895 6347 3161 8435 9053 8427 9158 1281 2378 1713 7353 9501 5975 7319 4475 1981 9756 3783 5291 
6331 1166 1669 6587 4780 8142 3250 4326 1766 2160 8223 4167 7101 5601 6457 8510 1960 4238 955 9368 9415 3490 4800 8193 121 3647 337 9468 8964 5964 6995 4983 2582 5526 5645 8680 7060 5773 3604 7329 2077 1256 2174 7322 4652 7703 1972 1598 9882 2386 6184 9423 8560 5707 7697 4403 9082 9968 5892 5115 4910 1171 2348 9441 2355 3695 8406 4843 5732 4343 101 8324 1311 7612 4076 3846 3358 1472 9258 15 4632 2068 1333 1193 3454 1362 772 4006 4497 9074 4573 9705 1993 8560 1462 1197 5700 2492 2455 7991 
4188 7776 2561 868 8254 4419 3197 8970 2847 9642 9089 884 6304 2902 6363 4507 9688 2528 8408 2932 3189 6990 9716 9475 4567 6879 1018 1993 7032 1850 3519 151 3213 7981 5788 1486 4518 6855 3189 1335 3270 5242 5396 9586 9056 8079 4661 4052 6086 8871 1844 8374 353 9318 2100 7071 5816 6129 4139 4958 389 192 2924 5287 116 469 6122 1190 4063 9344 8089 2031 8575 6408 2876 3838 3524 7859 8391 9492 5457 8452 2735 6801 3999 6266 753 3356 5151 608 4886 7860 9474 6 3531 844 4105 7461 8788 905 
5964 7741 4554 9582 2917 5003 3353 6997 808 7851 167 9816 1258 1477 8102 9960 2375 1930 8098 5283 3563 410 540 5044 9792 7995 7020 7701 3096 8163 5693 4103 8319 2864 4702 3015 2427 41 5761 5498 5948 8845 9160 417 4343 8655 5896 2195 1178 6891 9346 4134 9084 5631 8643 5229 8768 8108 6986 1966 6634 1722 3258 7539 9120 1253 8741 2192 4158 1613 8443 4876 3969 3309 8402 4895 4309 4655 106 3220 6984 6053 8617 3371 6081 4169 6289 1258 9709 7317 7146 9857 1749 2752 7940 8922 3206 4878 7492 454 
6766 746 2353 8431 8855 8648 9357 2807 8924 3279 8403 9620 4099 2244 5013 9881 7 5792 9371 7133 3299 7140 4260 8256 1441 679 597 1578 7304 4335 2581 9955 2232 2379 5492 2244 5571 517 2173 8859 7453 1945 3504 3662 7494 5443 8007 4394 4606 39 8759 9623 1712 8162 3993 3769 8195 6354 9906 4934 809 9142 7505 8434 2304 8325 7952 9727 2071 3291 7008 6944 7670 2620 9259 6121 2136 3038 6560 9223 2821 7291 9935 259 2965 6832 5612 6673 8386 6590 601 549 9413 9419 5631 8285 9046 746 9991 7104 
3919 7289 4624 9541 1525 3413 3080 5521 3240 8023 3845 785 4082 9399 7930 5418 1352 1636 4376 4090 279 7168 7379 5254 8225 2437 6799 9866 8839 3938 5170 8981 557 9096 1534 8453 1555 9518 8799 5876 5197 4843 5725 1386 4563 6726 2545 1212 4311 8328 5464 2280 4780 1059 2508 4816 9247 4756 9093 8473 7489 2269 9593 1456 3978 5948 5306 6592 5450 8514 5870 5458 6243 6709 8126 5010 1837 1361 1179 6442 9253 8410 7435 6582 9684 5115 5246 9 8312 9575 7428 5751 592 9733 8919 5300 3253 1270 276 3902 
1544 1278 2936 7730 9390 1262 3720 9109 7335 5178 4807 9478 4257 403 5960 2030 1568 4926 3596 7728 5082 5298 6218 2054 4961 9295 3310 3762 6192 9788 1584 3018 116 6234 3896 4624 2074 3389 5539 3236 6950 9619 8701 7386 3832 5600 847 9068 1421 1363 8221 9480 9865 6204 3582 2701 3189 3586 8761 5410 3085 6434 1349 5797 8938 6656 5642 373 9656 9842 1831 7996 9133 2205 5790 3699 6491 8583 6430 5075 5217 1555 9858 1854 6792 7283 7083 4154 416 3511 6883 8157 604 644 8060 8461 6410 5934 6525 9407 
851 1523 2127 1994 230 6051 9119 7379 9665 1913 3795 9488 7834 9509 4026 9497 7665 1218 659 3470 8657 6355 8478 8100 1131 3414 3406 2034 9023 1848 9092 3574 2308 4926 5075 5569 8408 4469 8772 4129 7365 1757 2388 3827 1807 1681 9860 1248 310 4896 6889 1925 6510 2229 3490 9051 4854 8561 418 2445 2969 7394 9825 1604 9443 9808 8774 6478 4423 5511 3755 6946 1123 9563 4216 7340 5993 2975 8790 1475 969 731 9533 6997 8679 3667 2066 4227 7045 6967 5757 3177 1456 7791 842 1376 4631 9412 3568 3293 
4868 251 334 1290 1356 2482 8730 2116 7146 6222 336 9921 760 8110 8333 4205 3047 1854 8653 1312 9616 3967 9848 8720 7585 4576 3697 525 4963 2029 6639 3525 1006 8885 6995 8055 2066 1382 1190 1475 5671 1551 8909 2162 664 2257 3064 4896 2901 9532 4109 7022 472 5517 7774 6092 1898 4209 7000 941 1920 4372 4475 3590 1920 4238 3349 5417 2486 9415 3149 9147 9001 4684 8193 2420 6988 2591 377 1548 5964 6995 2981 7404 1082 5226 5603 3800 172 5153 8121 9692 7807 8514 2431 4059 3098 6221 7110 7214 
5060 9686 7424 7090 3794 7674 6898 9015 3496 6282 3076 475 6848 2085 8597 1939 860 9292 4289 4206 8531 332 7371 5139 1623 5698 2924 8898 3816 7335 4596 2842 7852 4448 1933 4384 7227 8771 3789 3242 4954 5560 6488 8034 343 1420 7764 8862 6456 9071 3824 6377 1706 1823 749 2596 934 2457 6281 6699 1561 1883 3706 635 4392 5141 8513 6671 3541 676 9701 1076 6211 4088 621 1080 99 682 388 4551 7653 1457 2053 9999 6018 8531 3723 4074 7625 7161 2872 7566 1847 3145 995 962 6578 8454 9453 3489 
1502 8758 1488 7316 699 8831 9570 4299 4480 1724 6330 3390 6074 8538 1514 4585 8791 4137 4354 6179 8264 8301 3035 2483 1704 5007 3376 2051 8743 8601 3765 7442 4431 5043 5731 6582 1471 504 7712 4441 7423 6983 6615 7303 1771 5172 9859 9194 9015 5842 8957 3077 7874 7287 7502 984 8812 3445 3782 9254 808 3984 7967 87 6675 8717 8624 6802 8083 6541 965 8274 5445 8417 4689 2656 5555 8325 189 3127 2222 1399 9990 9986 7818 7838 3870 5972 3196 6612 7262 4640 7585 978 6453 1008 3248 7439 6644 9514 
1970 1144 9141 9747 750 7483 1406 2859 5994 5595 1324 2089 2282 5670 9938 4519 7603 3865 496 3829 7052 8750 2486 5834 1833 1487 957 6808 9981 903 6346 5823 3796 7999 5051 3889 7450 3872 3484 2516 3105 8908 4395 8735 953 9535 211 4635 4199 7875 9922 6403 453 8834 1647 2869 9556 1516 4327 3346 4620 8049 6109 1478 1378 3312 8945 5781 1379 5846 1798 6608 1444 6563 1423 4984 8683 332 2970 8014 2572 6966 2077 5377 3190 8240 1870 5863 5405 5542 2304 8042 2320 6452 3130 6833 4354 3106 9990 6683 
554 3224 5635 3975 4007 6623 4213 8815 1456 3022 5537 2597 5696 9071 8937 9937 4483 3203 8555 6656 6823 6387 5152 1110 2443 7266 4006 2971 6032 1969 6697 441 4710 1407 9472 2653 4575 1765 7666 9746 9729 7373 3769 8003 5802 6079 5709 892 3157 9480 9085 7295 4068 5775 141 9591 9153 8671 3770 3365 7587 8562 5427 275 864 9226 7757 8730 3312 271 2382 7960 961 2912 3279 2210 9734 1809 9918 3173 9631 6856 6801 9320 8848 8121 4170 9916 1482 8868 5333 5797 8246 7291 921 6507 3598 7952 6143 4389 
5112 9772 8581 2426 1788 9948 5743 2272 3148 8817 4323 4541 9343 8782 5265 8981 3724 2018 7208 2922 9328 8792 227 5990 9476 1797 5359 2219 9150 1866 2827 960 6071 3502 7218 612 6934 6307 5716 6174 4545 8220 6878 4100 6723 4469 6418 1857 3730 4907 1244 4235 578 9125 3105 7352 774 1961 1523 1976 8414 3321 2429 1415 8522 46 290 8374 2065 7647 3169 8624 5772 2088 5677 870 9134 7203 550 9315 9014 9813 1599 9945 8625 3178 6343 2629 9820 4717 8013 4247 1316 2219 7603 4635 670 9188 2694 1397 
7017 6082 2625 3230 6029 4448 261 4568 8055 2683 844 3112 2780 577 462 765 2782 933 5781 3895 1150 755 9511 3434 5524 9187 2644 9043 1778 3120 3741 193 6973 7737 837 5654 1080 4056 7421 9581 2222 3160 5939 1219 4114 1334 2997 4015 2488 3293 9278 9620 4343 7937 8330 5468 8345 7926 9860 2805 6501 3486 2782 7069 7072 6798 160 5913 3444 2941 3997 9929 3161 8679 1506 783 5785 6995 6959 2286 2055 2362 8995 7836 7794 7442 6978 3839 5795 2071 9838 1183 8303 4842 4485 3515 7292 4033 768 682 
388 9344 2078 1428 9037 7653 6683 9231 2053 6018 855 9285 569 5502 8529 2639 5523 371 3019 5755 1258 493 948 3403 9628 5585 7364 5269 6611 1444 6206 3805 8730 3496 271 2382 3682 2138 9158 2824 9840 2061 9797 9844 3480 1596 3336 4137 6206 2532 705 3609 5604 8916 847 9994 2994 137 1783 3366 9512 4780 1693 1114 6623 9699 1601 6521 7993 8841 4706 9486 3229 2928 1746 1728 6826 1035 5376 3888 8952 9913 9210 4458 1081 7495 3781 7257 8327 1972 7447 3811 3036 5193 3478 1089 4514 2843 2126 5760 
6260 3681 5250 7704 1478 4917 4318 6514 3311 1041 4177 4378 8797 3763 6544 1899 1717 5840 7183 1680 4978 3822 5371 1658 1805 3807 5525 4059 8477 3630 5681 7558 7879 1063 9752 6401 3257 1207 147 1264 7816 1382 9998 1205 1475 8236 5671 8909 2162 5337 2664 1395 6798 2901 9532 5517 840 9311 4525 7609 9683 6925 5108 626 7704 7592 6726 4288 7545 7059 8519 2194 4697 7473 1375 5110 6814 2649 4729 4359 1788 9015 4701 7882 7252 561 5606 5371 3948 4423 3046 378 4351 925 6038 9381 4149 6107 8658 9274 
9590 9447 1791 4697 3895 8126 1741 4677 6069 9595 3661 9673 6812 6647 5453 8330 5460 6517 4680 3519 1039 9484 4302 7207 4930 6564 4198 3287 5830 9539 5188 1292 5605 1518 5631 6155 4867 7498 609 6453 6103 3232 3650 1003 2093 5733 6784 9846 2950 7417 4210 9996 5924 7430 1895 1236 4389 5213 3620 4123 2546 2057 5751 3864 8130 2509 1795 9931 6050 4981 8466 6743 3092 9956 1068 2816 4030 3889 7845 8888 3814 1746 6543 8455 6155 6779 3834 8846 1273 8401 998 5375 2583 2961 7000 8340 1578 1324 1789 8643 
5765 4663 7234 1686 2183 6643 8293 3505 1954 9978 3778 201 6528 2676 5574 59 4593 2181 4850 9955 4716 3638 6528 6829 8401 9572 9307 9524 8025 3628 4766 87 3865 8283 5509 5200 8312 5417 6816 909 8042 647 8340 6838 4346 7369 2006 9704 2454 584 6194 8284 7767 4849 1830 8330 3567 1356 6248 1684 3865 4298 5770 2430 8899 6062 5936 6737 3850 8590 5620 8459 9696 3565 5853 7687 6723 726 8483 9943 6188 2113 1798 6843 5363 2768 8416 1720 7468 4817 3634 7870 1830 252 7397 3585 4495 5175 4003 2434 
9767 2517 2338 3446 4909 6766 8349 2348 2220 8282 9643 2178 2759 4774 4611 9153 5200 3582 3967 7149 2344 9592 8220 1771 6832 5334 1695 5726 526 4847 9339 9827 1437 8793 3467 7678 9595 2101 3837 9406 8759 8657 9027 5562 8980 8828 9050 6718 9366 3016 7054 7792 8295 7917 5961 1324 2551 5409 494 1100 8977 3823 2682 1663 6492 6751 4028 7651 7183 4023 4178 1257 6855 2137 9954 9638 1744 9663 7273 563 9939 9935 3363 251 721 5605 43 8096 2777 3616 7407 4512 921 7859 139 7546 6294 8150 7001 2491 
9944 5985 3806 6095 5435 8277 1381 8965 3729 1573 9724 6358 7279 928 9871 9655 8211 8967 4843 2052 9865 8929 2500 8548 6881 6036 9029 9028 879 5615 8435 8401 9922 4262 348 7975 9159 9964 2175 34 2240 9988 1648 6242 7822 1436 7372 8433 8013 7799 6094 8810 8491 2637 5044 5352 4746 3903 7627 7979 5806 4961 7035 252 3886 8930 1732 4266 3477 5889 3558 837 8327 1715 5477 7977 8919 1929 3876 7637 1559 1903 5907 1796 3431 3271 922 9643 4952 8266 2048 6879 6239 5858 5920 8137 7923 4011 6151 7988 
9657 1872 1418 8053 9502 6895 7599 3959 8531 1056 6360 4585 9677 6027 5898 2425 5673 3692 7135 266 4886 5942 8655 1406 196 5996 3670 959 1205 5752 5952 1678 1645 7820 3238 5173 87 3199 1175 101 5116 95 3836 4209 9620 1139 8326 1212 7741 5116 8380 1459 6843 3290 8971 322 7814 8954 2417 2222 9779 1739 3748 3071 3607 3057 2064 330 9356 7796 8116 3771 5782 6242 6295 6976 2859 8140 4575 4054 465 9682 2257 285 3181 7664 6222 2686 6926 418 884 4765 3486 636 6209 7084 7824 3902 3335 6418 
6328 5859 3387 7043 9662 6958 3379 5817 5751 2436 3471 8327 731 1817 6289 7978 9152 7759 3473 1357 2553 9723 6977 8602 8762 4632 8424 6350 3760 7427 5755 3280 8182 9569 2507 6057 3663 5520 4975 5503 1332 3746 3118 3763 5682 7579 2762 6446 8301 6141 3857 389 1503 1914 5862 9844 9130 9275 6808 9343 1257 5806 4808 7114 4023 6977 5409 5703 4767 2072 1510 3166 398 5452 7751 8786 8189 1863 7696 7723 9354 3677 4870 3352 9697 7260 4601 4320 4384 298 4790 2881 490 6156 8201 9601 3401 1297 453 257 
474 788 6047 4192 5686 3970 9827 6926 9087 7445 7933 9532 8753 3487 3274 5905 6993 9822 2952 1145 4031 6451 5485 1207 2380 3966 9532 3044 57 9244 1325 9193 2016 9725 9112 7066 6157 1840 4093 4873 505 599 5444 8969 490 809 2369 1759 9333 3321 5275 6467 328 9617 6366 6107 6296 2441 8097 844 2633 2919 4641 9745 4115 9888 8361 7541 9399 8869 7783 5554 3733 3694 2718 6353 9956 4304 6508 420 1361 6493 9905 4653 3821 4756 7554 273 5354 2507 2326 5310 6220 3881 3138 3516 7172 7865 9754 8861 
5600 4550 246 8336 4146 8540 9500 4810 7496 6986 9847 9864 7593 6899 2500 2903 3149 8711 7753 3413 5663 7376 6519 5437 463 4124 796 3643 3578 7262 6316 5080 1787 5152 9408 9437 4929 2338 5201 6047 1064 6072 5556 9399 2088 7783 5554 3733 4874 5827 3261 6016 7410 6872 1918 808 4328 6790 7030 8900 9373 7752 3951 6602 8502 3283 8639 2508 3302 2071 9728 6331 3306 1997 5301 9608 4289 329 3632 9903 8 5074 5679 4735 1485 5021 8578 2449 3574 2441 844 2633 2919 7359 2262 2204 8361 7783 3712 4180 
2910 5696 7554 273 7767 2326 6220 6752 8861 5600 246 7521 4420 8540 866 9570 6322 6425 4871 7362 3333 9327 3711 2211 1572 698 1419 3549 8833 7186 6348 3838 454 3099 1787 685 28 7663 6511 282 5240 5624 7990 5102 9800 2612 8720 9078 7513 126 248 172 9335 4857 7979 8219 1781 8647 7162 1090 2815 6091 2936 3993 6927 7496 1788 2447 2516 6068 5362 6320 4990 9846 4710 2225 997 6171 3990 7350 392 9680 3866 8585 3384 6672 4239 6755 3685 5423 5027 1951 2619 9873 5535 3256 1620 18 3313 4089 