9144 9687 7663 8243 580 7580 4641 6864 6326 3093 6574 558 6179 7818 1531 4630 8053 4224 275 6221 3976 4533 2390 4962 1536 784 2407 925 1201 6681 1529 3653 2056 4345 1084 4906 8185 645 110 7447 2892 6545 3226 1863 1681 4206 6015 3096 4006 3691 7447 6031 834 3243 2639 97 4575 4279 6266 213 8742 6109 7799 8573 2218 8032 591 1372 9991 9493 2251 7306 2774 5431 3583 7909 5249 6613 2294 3357 283 8553 4181 7941 3913 5557 4834 3494 9096 9782 1692 9614 390 2387 2153 8847 7661 1021 125 2786 
5511 8399 7987 7049 8196 8800 5016 434 5541 2698 5171 6456 2092 9607 8825 4089 5117 9830 4967 2156 4132 762 8239 5546 3865 5935 5135 291 1744 5457 8862 2792 5047 9195 4300 944 5579 9102 4945 1170 6562 9576 8852 5475 585 4439 4405 2264 6091 2230 1420 2615 9356 4295 8337 1635 3290 828 8825 9223 3850 5594 725 7471 2575 2201 6116 2647 8204 6837 5214 6292 5340 5452 1784 6964 8748 3582 1985 7163 2290 836 1709 6883 2863 1734 3982 2063 5450 2060 6627 8333 2139 55 1240 3274 8813 8513 3341 9907 
8598 5280 8652 3067 4783 8094 1642 2122 2867 9214 2818 6488 2692 7525 5570 2555 1086 6417 4906 9684 8050 9757 2509 4092 8007 9724 6790 9847 7952 9403 5859 3545 5455 9926 4421 4783 1972 5084 1297 4654 3317 8950 294 3810 8202 9270 9259 4662 2908 7071 2351 95 9748 6277 1473 2599 249 94 2445 2234 5672 3458 6682 6700 1993 5887 2327 2720 2293 8310 6427 7353 8762 7808 2195 5008 7807 4864 247 6898 1136 534 8231 3465 8860 8887 9011 3712 7177 4836 1871 2603 6190 8270 4697 5885 1944 4328 4774 5711 
9996 5247 8014 9640 3005 9453 8148 158 9436 2994 9561 7231 3550 429 1848 3587 7033 1062 650 4912 6678 8735 8205 4604 2177 1591 9729 3633 3845 1855 6130 9896 4688 3457 8658 2902 387 6046 7042 6171 8237 4737 7831 7029 3010 6651 6743 6980 1489 8168 58 5191 4720 1165 4255 7564 3663 6238 1669 7330 2189 4779 8685 1341 4808 5849 2862 5753 9685 7659 2533 8945 9718 4012 5358 3508 9925 5141 5871 2766 8890 8044 6626 955 5144 2467 8587 4424 9180 3984 7389 2929 4038 6505 7754 763 3651 2888 3028 2883 
5155 2509 8683 4300 7548 8935 1813 4131 3172 7783 8873 811 2537 7046 9683 7005 2393 7458 2666 7369 4794 4208 5488 1863 1260 4740 4242 4753 2663 4675 1047 2513 4367 2951 148 7005 6053 6134 758 6505 7267 8222 440 9862 3199 4090 1551 5617 646 3735 8015 2982 3367 9979 377 7389 952 9242 7566 1613 7776 6147 3957 451 9708 2835 2857 818 8813 2358 4332 2133 7615 8849 6233 6233 1176 5628 5482 1254 2951 3287 6394 7686 2377 3061 712 3030 6938 2224 8481 4239 1717 8579 1325 1921 9432 2577 5907 1162 
5088 2519 3411 60 2290 5838 5770 8997 5204 3043 9847 2133 4381 5932 19 8222 1814 8409 7395 2062 7171 1579 2366 1478 6761 8575 1424 9838 4116 2514 466 1721 2045 7805 8351 1123 3483 6801 3562 2570 346 5684 7969 1631 2363 1047 2217 1544 6976 200 8718 3053 6006 1145 3646 3737 7507 835 1592 4690 2534 4913 6890 5608 3697 5603 3666 7312 9428 3735 4271 4251 9685 7297 1779 5445 8916 8344 8032 9051 3322 897 2555 903 8542 6629 8319 7224 7363 477 8573 8437 1369 4640 4493 6181 9200 8310 6844 6181 
492 128 702 1298 6538 8361 1151 6193 8018 9595 7424 2875 6609 4141 2627 5271 2763 2313 8344 4443 4134 3640 3678 6070 2621 5236 7240 8337 4458 4456 2005 403 7827 4428 4957 9291 3761 3575 3865 3346 3728 6093 1392 8462 535 4297 8271 3181 7872 3252 2934 5308 8361 8368 2432 8211 7293 5865 2517 210 9730 667 6355 6699 8678 6160 8359 3705 9204 4843 7258 9076 2020 7590 2602 1785 7050 3365 303 9427 5010 9721 3 8925 6194 6183 4843 304 6465 4646 3972 461 3007 6188 7057 9921 199 6935 668 7160 
2629 6562 6839 1645 5475 491 585 914 4439 2264 6091 1254 3901 7673 3913 8337 1635 3290 828 5118 6566 3611 938 845 3112 6453 8958 7907 7121 8058 200 2557 817 5987 1600 4114 2063 3068 1078 3703 3811 2434 7608 2386 1401 7466 8283 1471 9871 3985 6383 8685 841 1221 7491 4738 8756 2209 6709 4353 9886 5360 9600 5279 2566 9322 1001 1999 821 3596 9180 802 5141 4926 2064 5479 8574 1154 7754 3028 2883 2844 5155 3219 6938 8683 4300 644 1180 7548 8935 3584 9633 7783 2340 4508 6020 5628 5208 9976 
3615 8991 9421 6211 1894 4899 9871 2172 1136 4287 2808 8600 9862 2621 8653 7161 1131 5557 5215 5361 8520 5400 8784 773 3609 6445 7442 6117 2090 1811 431 9173 4188 2597 1998 8208 3559 2964 9830 2351 4847 7878 6413 5385 2529 3592 5626 8014 3019 650 7424 5108 3006 8410 4200 2798 339 7008 8231 9028 1154 8107 4363 215 1360 2777 2252 5042 1251 5572 6688 5831 8254 1280 2471 3967 2253 9745 6828 5623 3474 4207 6515 7894 5133 3397 2773 747 6594 6343 261 1983 9803 8129 4648 4692 5322 5313 4205 9888 
9592 4440 9248 933 645 3168 7937 47 7254 4949 286 6954 1394 8704 8640 3708 3228 4577 8895 937 9547 7506 6066 8851 4301 981 8171 3541 3111 37 4242 8030 656 9951 3444 7971 117 5008 6268 8874 2762 8327 5993 6625 2261 6636 2914 2927 915 8994 680 7350 5963 7291 1412 4384 9980 9224 155 981 9862 5008 1817 3408 2614 1697 6637 6792 2915 5436 9133 2832 2540 5401 2427 5782 8279 8590 5078 6554 6616 1263 681 1075 440 1459 7308 8088 8631 7640 2514 2976 8250 6981 8783 9443 116 8010 4836 3699 
7184 2310 3448 8764 5798 7353 8793 5264 8011 9199 3260 5281 7853 1117 2380 3442 3020 9777 4480 3687 4281 2673 3674 8658 2208 6731 5462 9743 4827 5192 4596 1430 1359 3596 4627 23 5142 2214 8669 634 5259 6915 3654 3416 4036 102 1611 8413 2724 5457 1948 7482 7026 2272 8013 730 6929 6159 7432 5696 3247 7420 1843 8415 2978 5104 8557 5336 8961 8940 3128 7778 7035 1644 9393 7019 4048 7127 6891 8108 6991 6623 9528 6057 1604 7368 3226 9795 7203 1273 5389 4644 6687 2220 7825 4440 1803 5237 8709 300 
9645 434 4789 3924 6764 2978 1958 3408 7088 7522 8900 554 6653 6886 8390 2477 7089 770 8070 8721 227 6202 5782 2509 4114 5748 2146 4138 976 8057 8827 2827 1202 7404 5148 5565 4609 3985 8125 5071 7049 7049 2262 7703 1688 187 2093 8532 9480 2030 2917 6743 620 2890 9082 6465 359 835 6667 3924 8252 5599 3473 8808 1995 5553 3241 8760 2545 1032 8760 4123 6589 8990 9269 8863 3204 8402 8031 8994 6280 6150 8198 8431 1078 6439 2854 4098 9406 7896 9330 9077 4394 4454 3168 8271 5145 7328 7131 596 
2554 6216 5198 173 182 1951 5402 2260 2322 1900 8630 1152 1433 2808 8857 1411 9330 5624 7030 3400 444 4165 7044 7441 6773 761 321 1468 6314 186 9668 5397 6696 6084 4937 6113 6049 2465 558 9196 7236 725 9346 4432 2477 4355 7578 1022 2638 6245 3162 5285 6338 4118 1110 9210 7029 6026 1925 2468 381 7615 8489 68 9448 4599 6311 1723 4471 224 9866 1058 7970 9634 3338 9153 1035 4519 3016 2544 3241 2829 7080 9094 257 3996 9293 2740 5353 5507 7928 1114 7136 6474 3816 4247 7559 8280 3050 766 
1055 5000 9182 1469 7641 254 5199 2635 2694 4608 6202 4068 5531 5095 2175 2494 1824 3456 892 1454 4899 5860 2090 9259 9855 3301 833 2874 3349 7150 4803 8402 7919 6970 7626 4573 4721 5076 1298 7882 8017 694 30 2126 6912 9960 8291 722 9980 9191 8359 9405 2523 6926 4482 4179 8925 8433 8369 8353 7758 202 2718 6772 3018 7511 6436 2765 1697 135 4480 5254 7973 2753 4383 688 807 9697 62 1659 4084 5343 6403 1822 313 3480 2004 4729 1822 7481 1241 5412 1336 5766 2854 9802 115 2110 118 4580 
2331 5114 5724 8768 2930 9809 5265 9715 3924 1128 8606 5093 114 8540 2348 3653 6636 5536 6766 746 2353 8431 3686 9530 7728 4298 6334 6635 575 5883 689 4033 1920 3433 5178 5362 6324 2128 5435 7071 3457 8240 7622 4123 5350 8783 1242 8036 9573 8612 5653 7573 8897 1662 4759 5070 9855 1055 1076 7684 7774 295 9311 9518 1869 7609 9720 8417 6395 3792 3948 679 597 7251 1625 7819 7792 5403 7092 7400 2613 4335 5282 8880 4640 1522 234 6448 9481 9651 2980 1240 1197 5403 190 1912 6388 5101 852 9273 
203 6324 3354 9652 3424 5545 3542 8193 1534 8764 2059 3752 1641 5594 3314 5849 8225 8723 8648 2797 179 216 7396 3352 2807 8924 2373 1528 4643 4055 5064 9323 3673 835 9955 8187 8783 1726 8570 4644 9960 7963 8792 5905 1041 2767 2914 1054 5594 4234 4061 8549 2889 2313 9287 1490 699 981 4739 1493 6332 8336 3427 742 9469 3060 8181 6743 3494 7519 4912 8533 1642 2105 2973 1298 6298 8573 8664 3547 350 4662 7729 7848 5316 2704 5314 7300 5281 6673 317 7869 1622 3069 1077 9674 8361 5569 3039 684 
5402 411 6639 6611 319 2458 1489 9198 8540 3287 9379 8417 3317 3359 5549 5594 3889 4263 7835 1839 1291 7840 7391 2002 4794 9986 2988 7770 6830 9099 1101 6269 2290 9084 9073 3270 3552 5769 826 1933 7818 2533 8452 6338 8438 6761 9430 1463 7752 7217 1111 3670 1663 4236 5056 8860 4130 9417 1848 6828 7556 2618 9701 9280 1064 9421 656 5152 9805 7939 5406 8444 9701 1064 3286 6673 2729 9160 8577 5406 8987 9958 1220 504 4492 4177 3508 1563 9615 5478 7829 9831 1642 2449 733 8619 7503 1617 2703 1478 
7676 6384 3590 1920 21 6836 1754 3004 2735 2218 8417 1220 2108 504 9790 4158 7014 3325 657 4995 5525 6069 7509 7519 6976 445 3352 2302 4218 5603 8858 4567 2686 1020 5468 7927 6270 8817 2431 1289 2948 9313 9472 4418 5681 8506 6233 198 5657 7001 7788 8018 7289 2415 8951 2198 2889 9287 5193 5169 981 5193 5169 4733 5353 3896 5751 8369 1345 472 2958 840 474 4525 7609 8417 3823 1365 3158 4805 3991 2218 8504 180 890 6416 2875 6102 7699 1191 4830 2642 6928 3110 2201 4542 3109 5469 6652 4714 
4432 5774 7686 6163 6847 984 8874 6878 8374 7756 6728 8432 7527 5782 2392 8921 4890 3362 3079 6589 9824 272 2217 5545 7601 503 8306 6853 3733 737 5722 3043 7450 5108 1470 4215 5894 4698 9993 2963 4141 9608 159 6025 6998 9920 970 1231 7020 9425 8289 1699 3038 63 8324 9410 4535 5120 6682 5255 3014 3268 6457 6308 362 7201 8885 7681 9655 8948 6436 5863 4848 9164 6380 3776 2538 1709 6697 1784 4289 7242 4754 4576 8189 5194 9464 116 5711 1806 6010 6633 6381 1924 5663 9547 3790 5814 2959 3268 
9995 3521 2638 9685 8370 2699 8236 4573 6974 1027 8265 2292 3093 4231 3259 547 7058 470 1323 1023 3686 7728 7119 6334 575 689 5262 3045 3799 3813 7996 4129 8468 862 506 8570 6394 3921 4768 3556 6808 1470 5484 1384 6620 4912 3479 8396 3667 2635 5591 5024 2144 4578 5852 4046 8191 2785 6419 3792 1734 6082 8382 321 3084 2370 6677 5014 518 8199 3926 7755 5724 4909 8449 1650 5026 6318 7654 7142 2730 3435 8399 8169 219 4096 9693 6239 2554 5279 6947 4893 5162 1672 7839 4028 9420 3044 6126 4365 
7186 4800 7664 8205 8777 4441 3515 7423 470 5865 2907 9805 7757 493 2815 497 3786 4207 8856 6805 6610 1471 9397 4055 998 9438 5340 3406 8294 7724 3451 591 2907 6957 207 3760 3081 3568 7927 3021 7807 3704 8817 2336 7072 3079 4635 2598 1773 9186 804 2378 3956 3804 6476 9555 3656 1304 5975 442 8158 4475 1981 9626 2812 566 6327 9878 8132 1325 358 5860 9780 7212 9318 7427 682 1842 1450 7386 9195 7468 5948 5959 7194 3091 9567 7818 145 4368 6980 7289 8839 7685 5499 2606 8077 1008 9051 8119 
1376 2221 5292 457 1610 2441 5425 2238 4031 8940 5534 464 6755 8126 7988 304 600 6541 5481 2416 1152 4674 2663 2292 5384 4062 3519 9885 5714 501 1575 1853 3824 2877 8683 4825 6977 2829 2411 2270 5227 3781 5691 8478 2253 7249 1662 4800 2914 4089 2961 748 1308 9934 3584 9174 5872 7157 6222 7530 9396 8166 4735 9330 8319 3784 9300 2650 3240 9004 9474 8505 3280 5052 9368 4263 9693 8844 8549 9627 2210 5997 7043 8573 6321 5496 850 6181 8183 8507 5979 6771 6038 4070 9850 5917 5565 1331 6589 3359 
2243 3084 2930 3437 7418 597 521 1313 4826 2946 8382 3441 1237 2029 3524 5346 6683 6242 9624 2390 8758 923 4586 4951 1954 5014 4866 1691 168 1170 338 3121 1153 9012 230 2017 1854 5951 2022 9476 270 966 7543 7634 5139 9108 2802 8155 4223 9885 4291 8186 7442 6896 8027 6046 8367 601 4628 6424 8031 761 8533 3159 7898 7743 5108 7148 7538 9697 5321 9757 4589 9577 9145 3136 744 4504 9372 8591 2748 210 7714 4431 1656 431 9448 7505 3274 6938 3181 4164 4374 4549 1862 7725 5077 3562 3385 2105 
3417 6202 3041 7581 4914 4470 3173 5167 4642 1991 5615 1805 622 7730 3724 9281 7087 571 1509 7280 8279 8163 2218 1575 2868 9792 6449 58 2699 6367 2209 4402 4372 5415 3658 5481 7027 6065 1535 5781 8708 5229 134 6730 9826 6262 1692 1770 9371 5553 5374 101 9057 2306 5456 2112 1074 1450 9919 9712 9209 9247 7388 1782 6915 8302 2898 8900 4560 2549 6315 4708 6401 3257 3860 4498 7636 4190 2253 3805 6486 4768 859 3913 307 7437 5448 4863 6049 3579 2708 7458 3488 3335 3523 2772 1453 9610 5306 9398 
9236 3445 8536 6071 3695 2905 9532 104 5336 1472 4935 4369 4902 8940 1620 3795 7035 3583 7797 4630 9887 9820 7101 5133 82 4164 4851 4315 7443 3971 2828 2632 2274 3743 912 5622 799 4545 1941 2512 7809 8597 1858 2782 8529 1875 2474 4448 7574 7770 9135 586 1853 3251 9279 906 7267 9316 3765 1659 4711 9472 2850 8813 8372 3588 289 9585 8038 3706 1985 7471 1420 1113 5371 2837 7241 7522 8015 5068 9003 3822 4998 6418 8292 6960 2842 6800 6086 266 388 6482 8718 338 2702 9990 9839 3780 9809 8111 
1196 9955 8783 5780 8450 7102 8570 9960 5968 8792 3224 4912 8144 1642 968 2047 4746 9739 8573 903 8786 237 2785 6060 3200 1593 8436 8774 4803 3980 4423 3957 2141 5959 6234 71 8107 8532 4368 6841 8628 570 6406 5987 8980 9070 6358 5515 2983 206 5799 7238 8791 7214 7470 6197 5261 6144 8729 4581 9680 129 198 2747 2074 2948 3482 8063 4511 3160 3289 3708 9524 6122 9383 3317 6590 9640 5762 2222 9533 8336 695 4365 3835 3211 5446 8868 3024 8954 7590 949 5905 3679 9460 2767 2484 3832 8718 847 
2992 2843 5477 1421 487 6353 3833 3096 7166 9480 6641 3670 75 9917 3358 2721 1063 9784 6965 5209 9327 2605 3428 5840 5502 9358 2038 9320 9516 5213 4122 8976 3408 482 891 6597 9443 1789 7427 2707 4100 4889 4101 8689 6106 8301 5769 4752 8724 6520 7769 9910 3157 4224 8333 1089 3734 740 2827 6868 6672 2766 2760 6745 9813 7657 9692 1952 7568 780 4566 8961 8048 3340 5796 1961 5694 1824 6116 7870 8678 8332 7656 1169 2426 1949 3567 9941 5125 7086 2654 1052 8922 6926 3431 4600 1069 3708 164 8956 
8103 1658 5190 28 1080 2384 8699 2 4410 4414 3588 6482 2441 7625 5343 1245 7687 6553 2432 665 2233 4828 9300 311 3146 9329 4507 7244 3244 6764 7654 4273 7530 5495 7861 4013 1838 9632 9523 1866 7210 8419 3924 4228 1589 9349 6417 5457 9660 5915 1138 519 3160 1548 3763 1807 4664 7769 6080 2194 9616 3941 2559 3905 2131 3537 5046 5217 5305 7814 4177 1158 9604 1412 9563 1872 4432 9325 3142 6011 6588 5244 1874 983 9831 3505 5951 4580 9943 8346 2478 4631 2530 6860 8673 780 3660 2108 831 7874 
158 8089 9306 7308 3572 2261 5427 1645 9210 5014 6910 3192 9473 5063 2364 8796 2211 9204 7458 4445 1887 3547 2680 8962 3271 645 4368 5539 380 3056 1133 6662 1072 7397 181 1003 686 9441 2453 3815 5884 8354 3778 7049 4109 2624 6651 7679 797 9985 4532 1905 259 5412 2965 3585 6548 5612 7906 6673 9174 3706 3657 2739 9350 4524 2400 5183 8367 1271 7479 9473 6788 6685 7082 4637 3442 9394 8151 1708 6751 4230 9158 9661 3246 4160 6285 337 366 4859 1580 3606 7765 9820 9481 4500 3491 902 7073 3861 
4021 2062 6704 887 7245 2184 6541 8448 9558 7238 4311 1667 9771 970 951 8190 3171 5250 4210 2168 7339 1241 8451 1751 4396 7957 6395 9705 4888 5849 8031 705 111 9622 5455 8202 3117 8006 3039 3317 3962 2444 9379 3824 8935 3544 9086 7325 3644 3476 2825 7503 1264 8333 9478 6053 2641 5211 9866 8507 1611 0 5438 4757 729 8065 8440 2932 4014 7119 6344 8307 633 603 2690 3884 5395 5467 7275 9312 4004 7197 1224 1289 8277 3295 938 5513 9681 8386 7788 2549 3633 9476 9126 8735 2656 3882 3846 7790 
4007 4839 8820 728 2782 178 5979 8903 7061 7820 5733 9390 2134 3115 926 5653 2059 2839 1523 8548 4590 3804 4277 9616 5593 7465 2145 5228 1898 6436 667 9541 9528 1852 367 9021 1459 4169 8331 6480 9044 5277 7153 3356 6862 617 4755 3353 13 3786 4207 8856 8115 1471 223 9397 8240 4055 4554 8040 2994 4856 3676 1138 8393 8346 7477 8350 6322 4226 3122 1310 724 4328 6881 5041 2649 3552 2904 2277 3099 8254 290 7392 1396 5477 8213 2278 9537 8284 4362 3781 5691 2039 9470 2385 1971 3023 2189 7245 
5872 4238 3067 5138 1601 9121 6322 6222 1814 8166 9330 4095 3784 2650 3866 2317 6216 8505 5052 3593 9484 2134 2590 4140 6995 8148 5192 7182 2946 850 9483 6694 1956 6961 9023 7124 4391 4117 6382 1238 7864 541 9845 8625 900 4419 3572 6584 8265 8963 8967 2525 3866 9620 2536 6054 1340 161 5523 2771 3905 6628 8968 7727 419 1594 8870 6105 5077 477 4445 3706 9090 219 4613 5982 9693 6201 6239 2554 2868 6947 3666 4893 8003 4314 116 6771 8515 4889 5162 5860 9887 5050 6079 6016 9080 2728 1672 5798 
5282 892 3157 9480 3175 7483 7489 5553 7295 4260 2184 6222 8087 3137 9591 1042 1215 45 6351 6048 2050 5927 1253 2982 4562 2783 6494 6628 7826 8624 3424 9850 7231 6148 8016 196 7341 8847 6726 3910 3698 7554 795 9824 3500 3500 3785 7383 4773 8193 8745 8020 7050 6134 1827 1506 9841 7030 8192 302 4479 7756 365 2929 6148 9508 3884 8526 7569 2904 4299 5810 3279 5636 2885 425 3137 8568 4347 3898 1605 5742 3137 7909 8625 1867 8824 1594 6091 9756 4926 7915 9896 4914 1915 5424 5070 5909 8099 7672 
8543 6359 5251 7300 2959 5218 5184 9583 4404 9248 3112 9370 6519 6300 4652 1641 146 563 6002 7726 3814 1956 1681 7257 3287 2469 6770 6555 3628 711 4986 8781 4476 6583 4281 8614 9085 3545 4782 8891 6506 1127 6503 593 1525 2093 7728 6964 2456 6159 3097 503 9645 5069 3414 6418 8106 7551 189 5111 8136 8208 621 5523 4853 4620 178 4636 1874 1938 4834 6691 7480 8233 5073 812 3978 6414 86 8528 1615 8043 7387 9131 6375 1572 4400 7207 8233 3692 8470 6733 2511 3576 7888 7480 9409 6128 8733 9218 
9160 479 9246 6843 3200 7964 1779 54 8336 9426 420 2162 2070 4472 2916 7359 8381 6802 4633 8471 3743 5098 5228 8187 2582 5086 5794 3479 3408 3015 4468 391 6968 3520 8477 3230 1987 4238 3232 1210 9729 6424 5216 4848 1310 2117 306 499 4328 4434 4240 3635 5041 5089 7618 4176 6811 641 4471 4365 796 1092 5899 398 1170 5427 9009 7393 9817 3151 8035 5443 5626 3555 8981 4176 6542 4087 5408 7108 9674 7148 2877 8995 3920 2818 9606 3219 9106 9741 8836 4357 7720 9490 4828 1976 9653 9880 8712 760 
1375 9318 1630 5675 3253 1183 8707 3096 1539 3306 2713 1240 6989 3613 4305 4684 7048 9119 5859 9433 3452 7661 5655 9920 7445 1634 4178 5869 2926 1120 2712 1296 7966 2787 1216 482 3089 7512 9348 8063 1699 3065 1792 8239 6453 1370 6264 5752 4603 3026 7608 3879 1674 4665 7337 1768 7360 1065 1976 7199 4747 7865 4865 4598 2392 8376 7298 7964 9440 7424 4841 1964 5740 6839 8997 9959 218 348 5329 57 4728 8206 9892 489 5961 9546 5354 1131 5901 3004 4790 7694 5030 8679 4831 1680 3966 2853 3304 7340 
4768 4674 3936 5982 5277 5844 8734 2201 7503 6241 3474 2315 7991 5473 4764 4326 4853 2286 3153 2092 3989 4363 4019 172 7099 8661 576 6988 2705 8224 4560 3150 5907 3725 323 6252 601 8311 8474 9947 687 8334 6734 224 530 6098 4734 9964 5218 4485 6283 2175 7434 702 1857 1358 7714 8406 7126 4821 4031 3587 3684 7274 1131 8365 7019 545 8319 8742 2537 5961 1638 5619 336 2713 6860 1803 8131 9499 116 6856 6905 8077 849 764 6185 2367 2689 6773 514 4019 4290 1179 3984 9674 3207 3724 5621 6807 
6247 8897 2190 3390 26 6793 7368 4257 1563 9615 5285 5141 1550 9831 1642 733 514 2218 3002 7259 7641 5544 1727 6654 2539 5541 2066 6055 1733 8417 6932 6284 7649 655 8055 4959 3365 5671 279 2162 824 8013 9617 5719 778 3741 2357 7239 78 5531 1148 1718 548 3184 4606 3369 3889 1839 3381 8496 3643 3861 4599 3209 9550 2380 6567 7192 8084 5727 4223 2138 7489 5451 4631 7840 7391 3044 2002 9240 3010 2277 2026 8150 5559 3198 1268 6142 1146 5800 7345 8119 5447 3324 4511 574 9254 4301 8760 2400 
9279 759 5797 5291 4206 6768 4707 5594 9067 7465 2422 4804 7448 2807 3279 9620 4198 2921 2244 7954 6306 7432 3484 1693 5165 2892 3502 6199 7393 5258 4176 1870 5238 8007 3510 8034 8346 8415 8829 6006 9376 3417 5931 4432 4603 8643 833 1428 7165 2671 7197 1929 3649 6559 9557 6907 8651 5069 1470 524 9166 7903 3106 6018 2213 1988 7449 2767 3473 2814 6683 554 6569 3224 8782 4007 1456 4928 8495 1178 70 7230 9365 581 2630 7560 6669 7889 8653 5065 5212 4842 3524 5950 8790 6578 2465 4617 841 3535 
8043 863 5834 608 6375 4250 576 5181 3617 6160 8049 4307 8295 7922 7254 5373 3975 9379 4501 8417 3317 3359 5989 5594 8445 3889 4263 7835 1839 1291 6361 4540 8515 4599 5253 4182 5246 8985 2312 7204 4922 8758 3911 5304 1424 9133 9980 8867 265 5280 2446 6372 8650 7658 8724 7109 7658 9547 4123 3838 3191 7426 9572 1835 9466 3425 5902 5096 8588 7988 6672 8618 4298 7434 9433 9689 2757 1596 265 597 3925 1960 4040 2669 4720 7256 7909 5949 3457 7894 8546 5639 4977 3832 1593 6331 4350 6581 3572 1871 
2265 1963 9831 4321 662 5898 6600 4806 3868 7525 9644 1582 1007 9312 4116 1405 7060 6925 7764 132 7544 8984 8875 5625 9769 458 9703 5078 6204 5859 7987 9744 1858 6021 8631 6991 620 8250 8659 2215 933 6023 2642 2488 6928 8338 5981 7578 6415 6881 3842 6672 7740 296 4218 2957 1666 7313 2216 4036 2110 5905 7943 7829 6417 9470 4721 1671 5822 1262 7406 9754 3588 8058 8532 4254 4266 4153 4304 2808 2451 5621 9487 4292 7183 5715 1504 9069 5837 4182 6991 1271 9437 4115 3749 8461 9700 5766 7803 37 
8407 6031 5674 555 8711 608 9916 3677 1845 612 2511 8113 8125 5295 6290 579 4368 2400 9914 1210 1003 6045 9340 4636 6185 1543 7212 7337 2664 207 1395 8508 7022 7684 7774 295 6092 3904 4525 2697 1976 5204 3677 4308 8409 4828 5019 4697 286 5110 2649 4493 6659 8090 5525 5812 8897 1534 6793 7340 3508 7847 5285 1550 4926 3832 514 7897 7259 8822 2356 5544 1376 8978 7382 8510 7421 8474 8755 6943 4863 3349 5417 6877 2486 8587 6316 7565 3490 911 8193 121 2887 2591 4656 131 6448 1318 4392 4218 
2271 2257 9298 1693 7117 1680 1604 4091 5495 1276 7016 4467 6398 142 9266 4061 8999 7330 2381 2290 7000 1122 8933 7730 9520 741 4246 3718 9255 6456 1568 1485 3824 4466 3390 136 2736 3812 1926 3279 2928 6070 1611 749 2596 5622 7107 1020 8331 7704 6903 3797 5791 5663 7927 7807 8514 2431 4421 9141 8069 3630 8390 287 6909 1264 4959 6038 1551 9196 6185 8909 1075 2162 7212 3064 1395 6798 2901 9532 472 9373 6092 9518 983 3823 4295 626 6841 198 3566 2227 4276 1632 89 7111 8255 225 344 4685 
62 2642 2488 7179 3189 5560 1580 4372 4330 8474 4432 1611 7686 5642 9989 3024 5966 1165 8415 7644 6853 6560 4742 9748 7570 8453 5501 9357 3096 3352 2807 2798 2655 1661 9607 4403 9492 7111 62 2075 1849 6340 7794 9427 1329 5784 1592 8288 6162 2061 4753 5514 5064 4941 161 4243 2297 8335 8568 781 3649 8247 1489 2833 4009 6855 881 1386 6162 5888 2068 4498 571 6918 437 1650 5469 7951 3321 7167 6454 3589 3479 9663 5317 5392 6245 9189 6620 3284 1688 8743 5207 1661 5250 6850 8134 5881 986 175 
6269 5075 5057 1314 3111 3545 8924 9800 6075 53 3440 3285 2307 5418 6989 9346 1938 812 3869 6494 3729 3124 3592 8459 9960 3404 6745 626 6248 5826 8963 2218 6077 8137 9669 3838 3016 4196 1742 307 6582 1602 9242 9396 6945 9163 4121 7704 3923 1151 7101 2906 113 9373 9948 8097 219 8013 5179 6062 9570 7313 4464 5862 6778 8131 9699 5008 3856 1397 7278 1086 3171 3 3342 5100 2824 531 3153 89 9720 1868 7798 6662 476 7667 9580 7377 693 3162 4605 7325 3815 1486 1370 1887 1704 186 314 3470 
1192 3079 3565 7782 4592 214 5101 6267 1092 1045 7582 5803 9547 6754 4007 4552 3353 8285 7718 9804 617 6519 8162 8130 4652 8160 3481 905 77 2993 9084 8733 4536 6131 2650 3291 485 7433 5478 2540 8891 1770 3859 6850 6251 2163 5228 3050 4284 1359 2561 7730 7667 4209 4591 1172 3672 4305 7048 982 7102 492 8420 9433 8078 9912 7661 8977 5253 2644 7445 2691 5869 1137 6752 8705 5416 9499 4768 8383 7684 5886 2656 19 7612 2380 7781 9708 4026 9549 9653 6466 7554 4316 2947 376 3363 6272 6293 1084 
8930 6485 2261 3212 3465 9410 750 1305 9702 2182 4025 1542 1182 1546 7891 7853 6016 5643 5080 7184 6404 7379 4239 1547 8018 3679 8691 8759 1452 7037 1270 7720 4483 7629 6563 7273 2165 1037 5111 6563 6980 5211 2264 9001 9877 4978 6460 8603 8894 2002 3039 4502 4409 1323 9424 1945 4026 8494 6317 138 7546 7382 1366 7143 1031 3429 9282 1569 7594 505 4963 7795 2843 3346 9658 1478 5425 4378 3763 5667 1899 5581 7826 1454 8662 4050 2325 6075 2334 4467 8108 2582 4976 8409 4115 5957 4798 6721 9764 3700 
6383 9029 9375 9418 3953 5813 9045 6068 3217 5521 5004 1892 7806 9651 693 3625 1225 2581 8937 5906 4150 6462 5960 3148 7584 4825 4773 3653 3374 8837 61 1394 8711 275 3295 6350 9226 8215 7491 3682 3790 5654 5757 4136 2056 4630 4551 6304 7653 3880 6168 9940 9165 9423 5433 7408 2172 2170 8787 65 7920 1659 5995 3435 3961 3384 390 1020 181 6795 8958 8557 5196 5068 7365 1692 7745 5878 4488 7676 8549 4566 4106 901 2184 8037 7213 812 561 4840 5509 6608 7287 2454 453 6433 1687 9295 4823 9971 
5785 2331 4101 1301 3260 5562 8383 8295 1372 4155 9182 1330 5773 727 4212 7188 1592 3761 3037 7406 3093 2593 4670 579 275 443 9436 4113 924 8492 1527 9923 7160 1485 4295 2674 7917 8781 3648 6796 7911 117 9676 3059 8525 8744 7879 873 9370 201 6012 6594 9485 9438 1722 8062 6629 4172 1211 2504 93 8168 8450 1518 5631 9826 9417 8973 9429 883 2343 6366 3215 1471 3742 8064 6398 9043 956 4854 2547 3828 3337 3190 6606 1340 8080 7128 5232 5444 3944 7549 4283 4835 2418 9461 2229 3147 3894 6627 
2784 5361 6812 4204 3380 9469 6000 5955 2790 9930 595 7966 2798 4796 7437 4295 8858 6817 5294 1694 7125 808 6027 8774 9004 3982 3800 1420 4447 9000 1722 7754 7051 6682 5402 8745 6167 816 1503 9786 4980 9409 7850 5788 230 5039 5408 4897 1902 9639 7254 2216 7713 6474 6484 9172 824 7562 6487 6932 5177 9946 9432 7981 523 1053 2744 6962 7962 9632 354 4022 9904 6658 6319 578 198 4861 2412 4237 3574 5831 5706 5926 15 9952 3266 5636 8194 3301 5335 6395 5313 3248 311 4654 3049 3476 2453 5972 
5224 9899 3962 6637 9728 1999 8850 5520 3812 5338 1935 3205 8598 8569 9529 9271 3426 2428 6199 7912 7943 4622 4168 5248 6838 8101 6127 6663 519 2668 4708 2676 3172 5381 1503 4196 55 5139 5121 5722 8391 5039 7849 4795 7425 2090 2861 1873 7782 478 8180 5033 7860 5285 5391 5098 4311 3161 7295 5296 4385 6234 424 7549 3689 3768 9513 9863 528 3775 3504 8808 8042 8375 172 6425 3526 8977 2590 4840 9687 4968 4300 4944 7008 3370 5792 9381 2325 1137 2397 9175 9473 2843 774 4396 7572 2556 8781 7400 