2998 8154 9511 1318 3370 58 6408 2061 1031 3273 2591 5272 4260 5415 6577 8169 7514 5813 7683 5733 5775 420 5856 8299 839 3981 683 2648 2463 3623 8982 1799 37 9062 5472 4799 6648 4558 9529 5579 6335 578 4872 2529 3579 5009 501 8372 2180 9367 1275 3348 2003 8689 2740 4942 2461 4567 7187 2592 844 3000 8262 5425 6919 4750 7396 586 2342 6017 6018 3064 88 3449 3918 2267 4920 2221 9829 4362 5936 6382 3430 3988 8572 8894 8017 6516 5019 6586 9807 8694 6040 7756 4543 1287 9913 7981 5427 436 
9418 5260 8462 9879 5030 6554 5132 9799 9800 5439 938 9764 5388 5492 1327 3326 8719 1097 2522 4954 7323 2269 1686 2560 9684 3833 3467 286 4607 1132 8873 1704 8961 8534 9031 4296 285 9246 9462 8178 5727 7671 9129 8670 7140 9464 8542 6261 8211 503 3322 213 9678 8280 3696 2555 5080 7696 6857 5224 8138 4409 5752 6015 3218 2565 1879 5035 2948 1930 6580 5121 1959 4422 7355 7593 6082 232 3555 7373 4574 9866 8792 2879 771 5958 4437 195 3611 8564 3370 170 8842 8950 2070 6844 2816 9972 9155 3179 
2673 9674 2819 6266 807 9930 9654 3339 8377 4188 2405 2295 6534 6571 7716 2706 3535 3887 8311 8174 153 5021 4593 8409 974 2193 9296 9535 7099 1272 6859 6931 2854 331 1217 8000 3394 6350 979 1859 7104 5570 9708 3265 7651 4871 3199 1303 6119 4450 2520 7864 1258 8568 6321 7421 6688 5604 8960 3561 770 1815 5626 5487 2176 7201 8650 312 3121 5054 9063 9930 919 9986 8932 551 326 4735 5644 9031 3821 8787 7865 1409 210 8658 5907 4807 7919 4092 2713 2283 7224 7965 1938 2703 4430 289 7604 55 
291 5987 1600 4114 3068 6984 1300 7608 4422 18 827 8606 9205 1739 6143 4219 2942 1395 9281 5945 7479 817 6864 3825 3993 9464 3309 9750 4871 2877 9279 9199 8527 7050 9778 1075 4087 7011 7931 956 9044 3101 9409 5956 3287 6779 7893 8794 7092 3377 3673 8836 8258 9280 6090 592 5533 6654 3705 5365 4620 4617 770 3243 6997 3740 5022 9492 2032 729 2214 1496 92 2053 4236 295 287 3689 2647 4968 4528 3606 6126 6570 4740 7960 3117 6838 4145 7293 6888 7248 4088 6556 5289 5201 7708 7647 5280 8251 
5042 2652 8975 447 6534 516 8267 63 6656 6688 4377 8670 2626 4331 6033 818 6456 4578 456 1146 4050 2359 4662 8382 489 4910 9892 4296 3788 5392 905 6782 9883 3733 3334 6438 165 3388 7173 3138 4239 3528 1473 9245 5151 5863 6956 9294 4421 7534 304 4924 7045 9571 3217 4115 3727 7436 2600 7011 6218 7478 4494 9710 5670 9285 7002 2438 6046 8858 4154 3930 13 3421 896 3175 3205 2824 9393 4666 3372 19 3263 819 1270 149 4111 5852 3824 638 6568 8394 8783 8413 1314 4204 567 5484 8014 4128 
5701 4625 3647 5522 4028 2323 9700 5595 967 1654 1144 6494 7972 9262 1514 4113 8503 5648 5701 689 3196 1677 9626 7269 6507 2754 52 1552 9080 765 9105 9833 5397 8338 14 5263 2380 4213 3453 720 1609 8681 1448 8813 9115 9230 8894 2324 8314 3606 9102 1861 1687 1086 7406 7747 3214 9707 5558 9644 4451 7232 6990 7974 659 9448 8442 4534 7385 5509 2769 1691 8492 8096 940 8996 8714 3879 1238 1520 1497 6289 2279 7648 6204 2703 1361 3706 8839 9791 2378 3469 5448 4547 5859 1865 2731 6136 6114 6539 
5853 4202 3544 4443 4029 1229 7034 9939 3785 6275 8985 3005 5597 2629 7712 6291 1277 1666 9499 2417 3752 3046 7198 542 4471 688 8239 1211 4003 3311 4446 915 7000 2035 8246 5565 559 1741 9512 8500 8783 5976 2121 5663 7847 9488 5719 6206 535 8293 7439 1994 907 6588 4817 8858 4138 8383 1395 5577 9356 7652 9234 1187 2411 7721 5223 7933 9057 8152 4856 2540 7261 590 2665 5130 6741 2342 7570 7050 438 3723 2978 7841 9045 2522 7546 7650 637 9340 2274 9503 5710 5065 1724 1975 2088 5519 637 4574 
576 7931 7353 3570 3972 2432 3706 5931 8211 7293 147 3244 7890 6230 6970 7924 852 6979 8068 7867 3792 8215 3808 3152 2284 2101 9068 4813 9587 8098 6841 4953 2962 6501 921 7101 9808 7433 4785 2066 8404 5624 2769 2738 8497 1131 4234 1513 9800 6863 8929 5729 6513 5073 7373 9464 8542 9436 5515 3233 3983 3322 213 8659 6780 6490 1667 6543 1524 1437 3419 7734 4363 2019 7704 5429 4827 2755 4448 7246 9814 815 4881 6112 8700 5230 8283 103 3527 6225 7581 4984 8636 5439 7502 944 6253 5259 6068 9889 
2218 3098 7771 8635 1721 9846 7453 9637 2947 5441 8381 615 7413 6204 4689 9222 5285 5687 5802 8128 8539 535 1149 1855 391 6309 5390 8286 2665 4988 6615 9834 8768 176 8173 8201 5933 6156 9300 1766 5170 4547 9702 4288 400 350 3102 789 6303 4162 4832 9169 9816 998 7494 5374 1325 1331 428 7148 9877 1490 223 977 5159 7370 7676 2785 8970 5858 3649 3881 2380 9960 5749 1352 370 7064 6052 6364 663 896 1836 2114 9399 969 3596 9783 5454 9318 962 7976 3173 8253 3623 945 9079 7476 691 475 
5520 9210 5652 696 3508 6502 4658 3193 4676 6052 6112 855 7081 1680 8209 6638 9339 9266 8670 4839 6603 9115 2681 3696 7362 432 2755 6734 2149 9596 1473 3544 5579 4655 9972 9870 9282 5884 8357 322 49 3591 8564 8388 7649 8739 2873 1408 5130 7847 2743 3929 933 7548 9435 7144 3337 2979 9076 5400 6357 7637 1066 3591 4038 8384 9397 252 8717 8012 4866 5859 7609 4129 3145 5157 2580 8654 5681 1911 4082 2168 5897 9482 9165 7119 9591 2756 7493 112 3337 364 8377 5704 588 3313 9087 4822 7113 928 
3910 6825 9745 510 5991 101 7053 2592 839 3403 2281 4241 7040 2284 9945 1998 9610 1086 9310 784 2518 9256 1617 6082 6972 2127 8425 189 3524 915 1986 1754 1102 8142 7946 2279 7171 8241 7579 2834 9026 6449 1162 5991 8784 6770 3218 401 191 8881 3814 7506 7647 5800 6327 3894 7429 1416 6228 9362 2886 2348 2127 5149 3234 4470 3933 7689 687 9209 7880 9568 4612 9734 696 2259 1886 7023 5780 9429 2009 2729 5144 6869 4382 6454 1347 9688 9272 5280 6044 6961 5967 1605 1887 4796 1621 1844 9860 5220 
2430 5640 6025 8212 4001 5106 1995 6501 2936 1267 8133 8980 4581 4101 586 2340 7932 314 2349 174 8798 2166 1175 6168 2633 3390 1589 583 3095 9093 8930 5948 2029 198 4082 1010 4535 6905 6875 9682 4837 3541 3260 3538 3715 8411 4670 4013 2050 8572 5769 5440 1614 2376 9609 7060 5557 9089 7856 9639 99 4399 5893 7402 4081 7082 7342 621 2105 5291 6893 8043 5656 5295 2967 1425 7087 9481 9392 5815 5442 6452 999 5541 1330 6991 1993 7517 6392 2563 1271 6826 9645 8567 520 5930 2625 9175 7020 4470 
6340 5343 7909 2173 1087 3725 7615 7539 7199 8614 9433 8529 7778 5199 9475 522 7762 7098 7348 7868 7947 493 8640 3866 2558 1592 206 5854 6346 9232 6778 4960 1659 3270 2795 6859 9097 3318 6195 666 4733 8213 8535 5112 2512 104 5598 2662 7579 6915 3433 887 9364 7841 2494 8546 2858 4154 1816 5654 1673 4186 2610 4640 173 8208 3654 7752 365 6921 1186 7604 5530 6902 4838 3371 9397 3932 2834 6073 196 8848 9851 9636 1405 961 391 7176 1174 2671 3963 1201 2641 6738 3107 4455 5041 7650 5065 8593 
680 6795 4493 4802 3492 4405 7818 8200 6984 6055 2407 6323 9417 6116 4048 8716 18 2302 5645 2253 2764 2417 2122 4597 7172 6297 3976 1984 4833 9815 7991 1722 9361 3363 3565 9400 3358 1050 3034 7179 1225 4904 5813 9671 5888 3281 1519 7019 1041 2199 516 372 7314 6061 8813 1374 2496 7648 6804 6342 6093 7796 8763 308 1482 7800 5575 6869 8157 1110 6660 2967 283 1487 1600 3484 1290 2992 9139 7128 7016 781 9202 1863 5347 6703 332 6595 7621 9094 3189 7024 9245 6545 1105 3882 1388 1745 4405 2608 
3227 2885 7958 9914 8219 1468 1158 2513 1631 6950 6962 5533 954 482 9708 2145 8443 5953 4684 2990 6236 317 7869 4598 3069 7358 9750 7299 7047 2328 4231 467 2041 176 9907 4743 2145 5231 1238 7878 7487 1450 1556 2589 9461 6480 5514 3967 6832 7199 4576 2714 525 8319 1343 6457 6822 3637 7774 542 5975 442 8158 3251 4475 1981 955 3783 190 5610 8961 943 4172 5305 7831 8063 3786 2277 8910 9514 9020 7790 4480 4190 5827 2253 6154 1328 3152 5793 6416 1622 4767 2985 2421 2140 7939 84 8978 1746 
981 4606 8657 6678 3197 3736 3986 9674 8277 4802 3109 625 5823 1376 1254 1531 3830 8978 7382 8510 8434 7537 1960 2945 8850 5969 1511 1407 120 7993 9552 7108 6688 295 1304 3037 3348 7610 9060 3875 9512 3012 4299 449 8672 2721 3857 9295 551 2750 1441 3025 1337 5342 7447 2095 3806 8110 7416 7284 2614 9301 2052 2499 7904 4995 9004 698 7661 2485 806 4318 193 4351 9049 106 6754 15 4226 48 6380 662 1376 8851 8978 7421 8474 3393 8755 6943 4863 3349 5417 6877 2486 8587 9415 6561 3490 9147 
6825 121 8822 3552 277 3762 4670 1483 7586 5107 4051 5575 7088 9882 9913 2608 3380 3449 6448 4660 7963 921 8747 5905 5837 7667 3570 195 3355 469 2148 9225 4586 9860 6368 3737 1991 9758 9237 1279 2688 3741 4002 7346 1268 762 7896 9706 2086 7645 8064 6701 7309 3280 625 2943 9694 6854 127 268 7437 6183 628 1363 304 7416 3743 1003 8919 1023 3686 7728 7119 6635 6193 4033 7860 4075 9418 3272 7885 690 3976 2310 6805 8070 7370 7866 5101 8071 3296 2252 4327 446 8964 2562 9932 4837 6606 7554 
4259 1133 9889 6962 7110 256 7410 9086 2035 3821 1108 7251 2534 2809 8312 7676 2765 6932 6284 7614 2136 820 8796 6065 9001 7869 4598 564 4157 1077 1587 9750 3750 8012 8897 2328 3319 2661 1662 9532 4942 9192 6436 667 7878 7487 3957 6909 78 9030 547 9870 9416 927 8082 782 4616 7028 8027 5157 2776 226 1578 341 2317 3938 762 1046 1500 1277 7645 8064 6701 3694 4049 8746 6092 4718 9694 741 4768 7358 885 8853 260 307 7437 302 1333 8628 1363 8006 9583 3879 9480 6204 3582 2865 7855 7351 
6817 9518 9059 2721 9784 622 6422 8843 3583 5791 5663 5497 250 5858 3342 1991 3930 7297 7882 622 7907 1375 5110 4729 1788 9788 7305 7489 8538 6265 5812 5998 6247 7461 2190 330 1534 4616 6368 7237 1763 2198 8441 7488 5866 9528 2573 618 7826 7853 7260 2308 9729 1680 1688 6626 9673 6300 5573 5327 7184 3024 9913 2273 5251 3355 5801 2148 4859 8443 4586 968 4374 6368 3737 9758 46 9237 1279 2355 1676 7803 1159 3342 2072 8040 7319 7172 4892 8220 5162 4411 5075 5187 9541 3804 571 8492 8650 8602 
1418 4772 669 1825 1495 8894 1275 3480 6631 1103 3114 8136 8310 2163 6002 2610 604 5079 7219 9393 9533 4207 8089 6833 3892 1630 4048 5143 3821 3453 742 288 8130 7618 1888 4765 7687 2955 9504 6158 3004 7179 63 7045 6652 9294 4411 8604 8657 7720 3142 1742 8156 6629 7752 315 2376 5429 5930 9481 1048 2522 9890 6910 7291 8393 5446 6626 6111 9673 6300 2165 2410 6928 7667 9355 5361 3570 195 2273 9975 3682 7575 5521 5541 1064 3562 8270 7496 3944 9334 1129 5609 8446 2690 2893 3165 8586 9376 497 
2416 6135 6221 9164 2449 5996 7869 7638 4467 7891 7522 6182 7517 8782 1645 7038 6889 6781 8522 9016 3875 4033 7515 1884 238 1422 6508 3305 2051 8099 5254 895 8324 8976 2227 1997 6656 9609 6706 8332 6886 6387 8938 3606 9112 145 59 4824 8287 2810 5139 1969 6705 7120 4655 6302 2167 138 6835 3550 9750 9427 6309 2937 9122 4532 2801 6109 5666 8372 2991 7314 5593 2145 9192 3681 1478 4917 4318 5633 3311 4177 919 6386 9157 5581 7183 8662 3152 4050 4926 6036 1263 2415 4348 8379 8604 6247 7720 3461 
1344 4176 9309 8368 3176 4263 9431 3581 7178 5906 9118 7057 3259 5212 3958 1603 8502 5862 1830 8170 5028 7847 5803 2723 2671 3594 5507 1080 5603 3059 9424 1386 6590 5762 6536 2222 3051 3211 8868 1188 4942 3991 1018 9834 3885 9332 2086 5410 7265 7404 3822 9601 9939 2994 3111 8698 1108 4720 2155 431 4068 8863 4728 2226 2544 239 3985 7346 8093 6929 5119 1831 9102 4908 3805 2304 8470 6002 6642 6595 2689 1127 8273 237 2905 4197 3059 1644 8525 3689 6968 4929 925 7060 1772 5461 5052 1064 4369 1828 
926 5157 1600 4135 4686 6165 8913 5435 1090 320 9460 3490 911 4800 6825 7212 505 7704 4917 4318 4310 919 3763 7779 5581 7826 1454 8662 2940 1175 698 4757 7366 9528 618 9412 5232 5145 9028 1680 7238 9120 2965 726 5097 7312 9480 972 116 2476 6065 1670 8708 9826 1770 336 1981 900 7031 6249 1421 3301 8650 6650 9423 4415 4878 5933 4759 2996 3041 5044 4054 5564 497 2416 6135 6221 9284 3165 3176 999 1511 4739 874 9633 4418 3702 2504 7898 7546 9149 7478 4023 3111 9707 7418 550 4428 8051 
6935 6948 7933 182 6863 2370 270 8184 6146 9967 9396 3866 4204 5815 2797 8659 6048 9660 9930 9120 6843 2989 6709 9480 2619 7852 6065 9319 8660 829 4788 4376 393 6583 4012 891 7388 1140 2280 6472 5431 7907 2529 6090 8846 9977 7598 5500 4878 7371 4113 3772 2557 7216 9209 8253 6177 5353 2747 8834 4836 622 2324 9613 9466 5268 3918 6809 2740 1967 4987 7930 5143 266 1412 4384 3258 4949 8690 981 5477 1411 726 6238 6974 4955 6637 4758 5436 6339 5568 22 2832 2780 4209 2789 2566 1725 9085 4266 
9462 1628 8316 9685 4828 3703 9902 9777 7177 2058 4316 3638 1337 9927 9613 2529 1437 3504 7690 3358 5688 6902 9464 6664 4960 1576 3722 2067 8614 7495 3732 6436 4699 9915 5727 5747 8250 5181 2420 4360 7642 4418 5469 7398 9797 9477 9957 3884 2644 9431 7359 7153 2389 9118 5270 3259 9523 3958 142 9138 424 8502 5862 3309 6532 2413 2802 302 4162 6493 6793 1136 6666 8030 2020 4010 7561 7414 5695 5812 9814 817 8834 7969 3540 1835 641 7071 2033 1453 6244 7229 1034 7668 9904 820 4884 9180 8511 5470 
6046 3277 6937 1753 2599 9999 1578 6181 253 8965 6742 4273 3973 6646 9342 1145 1361 4226 6893 8079 6249 87 6185 2296 9463 3617 1421 1723 5352 7772 7885 2266 4627 8650 2591 1273 7992 3736 8571 911 5879 6597 9423 6552 9198 5862 2737 9179 8552 5512 2797 3285 872 1057 4173 5434 9169 436 5383 6794 8429 5780 2889 3379 6529 6478 7671 2578 505 4963 7795 4514 3526 9281 3681 9261 1926 5425 5422 4310 4177 919 8797 3763 2241 1717 5840 1454 8662 3152 2415 6704 4530 6465 8657 5461 3775 9530 6635 5883 
689 4169 1564 5979 8416 7225 4774 2593 2992 9068 3561 8457 8221 1571 6641 6679 6204 872 5092 7144 3189 3374 2665 8714 8761 4922 8473 9917 3358 9059 5630 6378 2702 3064 4298 5220 7697 739 2878 1416 8361 5351 4583 1493 921 4761 8831 5250 4480 2249 5395 1176 3390 3643 2937 3586 1123 9826 1029 4186 7064 7634 7404 5092 7429 2296 3180 9638 7494 1032 2453 4710 3324 6125 67 151 3192 8874 7513 7080 1277 4787 1263 681 182 3952 1075 1459 7461 5518 8631 7640 7339 6591 9338 9973 5983 4496 835 7468 
9955 9507 2308 3654 5236 3306 2103 5203 8577 1057 1334 3595 7276 4862 6439 34 7965 1097 4191 6129 1270 5303 704 4367 1160 6970 6233 4198 6870 8137 3858 2308 3654 5632 3695 9385 4325 9881 2312 2399 9700 7699 7797 9624 7166 7176 4153 2075 4564 3925 7976 3673 1949 9057 6676 6973 3531 1403 1123 1815 5133 747 808 4265 4336 2900 9353 2715 2992 969 9605 7671 1987 9462 2500 3308 2002 6232 2864 4342 3456 8266 9939 9179 1160 3611 5223 5243 7827 3578 2984 3293 2538 1854 3335 561 4159 9435 6658 311 
8779 2151 8285 9978 8215 9750 3280 5267 7470 7701 7814 8066 5532 2935 6618 660 4363 3016 121 5145 4307 5859 8716 1431 7812 3393 7756 5431 1997 4292 8586 1320 9420 3656 950 5075 5719 8465 2344 5090 8445 7070 4251 4154 3511 6883 8157 6988 7110 644 1633 3775 2988 4876 9324 7507 7024 394 5625 5787 9672 7987 8850 5708 5804 1032 8063 7539 6807 6286 2863 8089 7762 1886 2162 9797 8882 6634 4218 8380 5641 1050 8821 2158 1637 8212 7036 538 4956 4241 6601 3593 4193 811 6698 1870 3322 7433 9070 7994 
1440 1978 1672 8274 411 5962 7220 6287 5883 3842 1276 2818 7203 8865 5338 4069 7572 7893 8400 2360 5027 9493 6770 1462 345 4412 2412 5622 1383 4955 9642 4254 1351 5301 9663 8903 8645 6095 2785 5042 480 554 1888 4974 5848 6253 5030 9861 4048 2911 2832 5382 3936 9754 8089 8191 4517 210 172 3116 5773 6595 2287 8489 7109 1361 7998 6185 1722 3277 3543 5027 5971 954 152 9664 4799 4277 1756 6119 4682 3338 4687 8912 2629 7778 4300 4144 1776 1451 7570 130 1079 5891 1155 7925 7040 5703 5896 4780 
7556 4781 9906 5282 3207 4649 7622 4935 4206 2193 5960 7720 4828 8777 9653 2555 5085 8712 760 1375 7889 1262 1531 1630 5675 9496 1760 1518 2555 3235 5259 5447 6975 153 9730 8722 289 2653 8451 9430 9749 8844 5397 6137 9537 9564 5799 3839 12 5149 6643 4579 5309 2673 8562 9967 2427 3045 4927 8981 2643 7508 8507 8307 1366 3293 2570 4092 8119 9282 6478 5340 7344 3451 8499 5470 6957 9667 6149 5587 1816 3454 7156 9476 6917 8706 1333 6081 1379 6962 7398 9396 8698 1108 4855 2789 2155 431 8117 3415 
5669 5742 7859 792 5319 5560 175 7176 4663 3507 2214 3401 817 5514 4758 1534 2470 9705 1610 799 5671 6439 9786 2183 7827 5910 3894 3616 3105 369 4089 2784 3507 7462 8579 7286 7524 2424 257 3547 7489 6936 4398 358 2443 7348 2274 1050 7671 7875 5203 4155 7831 2708 2637 664 9698 4323 1402 7939 2051 5821 7555 7755 8805 589 2145 1570 1194 1472 3751 1796 8911 6966 2666 4564 496 2221 6059 6663 7180 5707 9109 2345 5194 2885 7304 8630 2002 5846 1210 9822 4609 135 6158 2129 9879 5074 2759 3168 
1798 4093 658 918 6933 4288 1596 352 9342 3808 9809 3134 8275 4808 7792 5769 8549 7987 8253 5253 2458 2015 3778 61 1907 4075 9418 5039 3272 2216 5727 3150 3614 8956 690 9112 9173 2090 7432 4067 3332 8071 7573 4327 9862 2172 2536 4688 9814 8710 543 9555 9108 4735 1842 1774 2477 3347 6206 7173 4003 7945 8641 6325 4770 3843 8211 8261 7174 6873 4272 7622 2217 7210 4955 3519 9016 1991 3533 3519 7564 9102 789 1322 5984 6252 1641 9968 463 4746 9010 8450 8335 8852 223 2996 508 9614 6376 100 
2076 5160 3780 9069 923 1518 271 8517 6057 4232 9510 25 7875 5705 1699 6670 63 8324 9325 9410 5219 7172 5120 1981 2941 8328 9318 7216 8704 9253 6028 7108 8665 1115 2432 8473 138 9177 4885 5480 758 7745 7079 4362 5341 4921 6061 1821 6728 1400 3139 9944 6819 2045 4612 8278 259 5214 1731 3543 8040 7914 9099 7595 7130 9869 8809 3364 7825 3747 8971 4354 7602 951 2833 53 4690 4288 2399 5405 318 3226 4800 5822 512 8572 1240 6065 8350 6670 8354 9402 7860 151 9541 4064 5477 1965 1426 6928 
9947 9014 5245 4430 5254 3080 5045 246 6349 757 8933 6901 4383 688 9697 6028 62 8257 9039 4740 6333 9287 4101 5351 8427 4308 3558 4893 8061 5221 7126 3447 2643 5031 2034 6877 5091 1291 1039 7646 3257 6226 5326 6194 2916 8474 4802 625 5823 8781 1376 1254 3951 8851 3830 8978 3893 7382 9573 8510 5998 8434 3502 8474 3393 8755 6943 4863 3349 341 5171 9483 9164 1093 4821 4249 2797 645 8109 6863 4997 7258 1467 3616 8865 7598 6297 4386 9466 7953 2105 1445 3417 8228 1759 4076 5906 3792 6202 9856 
4914 4470 1174 867 5181 7471 781 3173 856 5167 2770 986 4238 8939 5331 8355 376 6777 4956 8552 7215 7071 1005 9388 2179 6608 9650 8909 3036 8834 7275 1496 3761 1972 6177 9998 4071 995 5977 4231 7643 6282 1241 6654 2019 427 9463 2781 7484 1447 6672 9103 3219 4015 6975 3180 2564 8937 9651 9056 496 13 1975 7894 672 3056 3242 7851 5940 2683 1062 1280 9493 1767 4451 1865 5465 4447 3827 6986 3890 40 9613 7733 304 7038 3565 8402 3507 4711 4531 3309 6993 9902 4780 9908 3394 383 8008 9582 
237 3117 8528 995 2155 4674 4561 6593 7590 3923 9996 5613 8225 1081 2533 6791 7705 4298 9990 9025 3880 1951 2625 7838 2416 8003 4197 1392 5485 4301 5934 1540 3864 7063 9769 7076 4802 484 7656 5739 9999 8312 4549 8635 5303 2763 4191 635 8042 7756 4649 4049 565 8404 6468 3105 2444 8287 2944 6633 1534 1486 6321 3536 2694 5981 137 881 8263 5669 3134 8480 1229 9963 5986 7033 7138 518 6658 7001 791 1996 3662 5257 8389 3284 6603 8774 2701 5262 5663 8568 3782 1012 7435 6764 6484 1610 363 775 
4385 2243 723 55 8529 299 19 9351 6241 1754 1342 8862 119 3843 7145 1492 373 2596 1458 8157 1616 4775 3550 3710 5247 8978 1575 1460 9271 898 5292 3107 2778 9871 4522 5767 6459 870 8850 7419 9822 2773 23 12 4784 2423 6490 1882 7552 2999 1866 6624 7792 1381 1254 5182 8533 5445 4901 309 1117 5362 4821 8632 3137 7823 7444 7838 2824 8937 784 6178 9582 5407 5911 3825 558 5853 9394 7232 2127 777 5905 3088 6956 7906 9665 8365 8341 1621 5373 4933 711 891 479 6361 3391 2831 7090 4700 
2434 9240 6381 6337 5578 9405 7567 2271 5771 72 3261 7939 1252 4129 5136 2261 1805 2482 7370 1521 6834 759 5637 1511 8725 4135 6688 3875 5516 9784 5343 5173 6372 1645 2087 792 3774 4083 760 3280 1674 5156 305 1939 9051 3260 7662 8677 5473 6635 2040 5752 116 4480 8730 2278 4263 5820 2673 1804 6833 3468 1253 698 4355 2544 4057 7960 9135 3231 4695 6166 8236 5420 5868 8471 4175 7114 5384 2820 5275 4275 8863 9672 4017 1444 4361 576 8984 8938 741 1162 6381 3635 489 3040 1734 4704 9494 4067 
1716 9301 4591 515 2348 745 5525 6581 963 5444 4544 632 8296 5687 9910 9675 1385 3070 4391 5159 559 8338 1826 4212 843 1169 2707 9951 6733 2602 5471 3695 162 9078 4827 6071 2436 4445 5375 1116 7643 6704 2246 4429 3326 2322 6098 7561 4567 4998 5615 2638 1998 147 7189 8068 4970 5600 8697 5418 3211 6744 7387 1708 9857 2687 3662 2055 1737 1469 1471 7266 7695 5105 763 8704 9163 9669 9751 7631 8825 2612 2905 4893 5024 1176 5017 2170 2950 518 5428 8040 547 9416 6592 782 585 9913 4067 7237 
4002 3938 762 1046 1500 4085 6701 7098 1832 447 6854 8853 3068 6607 268 307 302 1333 1363 6385 5098 5228 2317 8456 6127 5794 8428 6535 4431 1847 8800 4494 7515 463 3095 6804 5814 315 9346 959 7881 4589 304 6400 1696 5391 33 2618 8224 6928 8995 8144 6263 1867 8543 9275 2343 5895 9266 3648 1494 5213 7586 5936 2917 9095 647 7132 3498 1075 7664 6119 2438 5649 4164 8948 2313 3305 6328 1243 6466 8605 7052 3069 4157 7358 7047 1205 2661 1662 9532 2991 3245 3754 4743 9982 9192 1898 5217 667 
7487 9528 1852 367 4033 725 2768 6672 9461 5921 5514 3967 9848 7199 4635 8319 3119 1343 6457 3637 3956 3744 3804 4128 1713 3656 551 3524 7101 7443 3971 5793 8795 2274 5857 5365 7103 9438 8424 1388 6910 878 6477 4394 6365 919 4374 112 9702 1192 6126 3566 7140 5115 1632 3089 7111 6916 8778 2016 344 4685 1272 7826 1392 4302 6125 3959 5784 6009 2934 8288 8538 6491 5126 2061 1367 5514 692 2922 4243 9047 8825 3739 6268 3007 7590 6648 8138 984 9191 3521 9074 2863 4304 6005 118 5487 3511 4228 
5866 5602 612 8691 7826 5232 7853 2308 7238 2892 2026 5216 5744 8895 9708 7309 3807 2340 8333 2806 8743 8685 5635 9532 3043 6726 8500 3928 8147 6262 4862 5811 9926 5382 7247 9053 2044 9839 4125 9835 4649 132 6357 2943 4193 4420 6340 6882 3329 9584 935 3876 6243 8999 9120 3030 8827 3055 3904 6825 7992 1680 5324 9795 6767 5782 7274 9491 6577 4587 2927 1152 8129 1281 3480 6115 1784 4653 6111 7321 8400 7102 3351 9822 1151 6804 6457 9328 9481 7618 1095 8416 1002 9563 4890 18 4797 9621 6063 5866 
4757 7366 8419 8691 5514 8056 5448 4762 4131 8264 4339 6306 3947 1704 9708 2715 279 4147 2162 3044 5337 3064 4269 8034 3705 3610 4109 7022 1316 7774 6092 7552 7609 6395 3797 7059 1698 2468 902 5615 9242 2869 2492 2213 9827 8264 3411 8301 3010 3035 3947 2483 6163 1704 5007 3376 984 2505 6343 1849 8874 1676 759 1146 8374 5800 1385 791 9421 8432 2616 9439 3835 1009 2043 7088 9891 2043 6288 3069 5563 7800 6477 890 2047 7601 503 3959 7880 5251 7962 7613 7706 8384 6449 634 536 6400 5213 6556 
1729 5536 3136 6939 6519 8144 1407 8280 9403 2996 2045 7581 4576 1377 3877 2691 6463 2938 4496 7951 28 5399 5856 3533 7033 4288 6390 9885 1765 7591 6061 1676 7299 9096 2774 8660 9582 3669 889 6720 624 4099 4382 1152 6165 9372 9107 1846 2468 4083 6814 2649 4729 1788 284 6767 2157 4194 7305 8052 8538 4471 5812 1929 7461 8897 330 6989 6793 7368 4257 1563 395 1007 5141 7829 3832 7897 7259 8822 2356 6684 7236 788 9590 9363 9153 1733 9048 9628 3425 655 3015 746 3105 2179 3976 1047 5194 2885 
3981 1163 6415 9462 8357 2963 4362 8496 5987 250 8239 9663 2116 5414 3506 8253 7085 8380 9432 42 5190 6037 8699 2862 9885 9605 2048 5646 8878 4627 6724 9177 4885 7960 5480 5085 1527 5483 8693 5277 2755 7277 4681 8834 1140 8211 7413 6028 2141 4659 7625 7463 6815 7553 7282 7488 1736 4886 1429 5355 6730 6088 7408 5442 7738 6402 2658 6181 7522 1427 3501 2258 454 4576 6598 2604 9340 256 9109 7072 6915 4035 2825 6150 4102 4789 7658 4256 7672 3688 9368 9755 1742 5498 6723 1599 7820 5492 3469 3240 
9820 9620 7728 3664 4617 5154 6261 5854 8427 2417 6989 7336 3682 4560 9917 5361 4374 9154 8206 4456 1638 6597 9555 473 1033 1941 6123 2057 854 8725 7620 9687 8234 6507 6634 5619 4726 2041 8428 2539 6721 2092 4804 8901 5452 8257 4617 1124 5851 1878 2938 1469 4372 8972 8461 4678 4664 3112 7702 4907 2872 257 3457 5557 6423 2358 4702 5328 6729 7488 2096 8033 1454 7427 2955 7981 7955 8583 9192 5441 9017 8296 9340 3483 2869 3247 9476 3224 3930 95 7626 4626 319 6038 105 8496 9386 8194 8451 9496 
8949 1853 2392 7580 961 9880 6633 3736 1156 8531 1854 4285 544 5619 5894 7158 7780 2166 6576 5781 7071 5869 8887 5388 3378 3626 3919 691 9423 60 9022 5250 2031 585 7496 647 4095 1424 9120 5556 7722 2714 2908 650 4848 9980 5688 7069 7429 2493 1348 8269 4681 6713 6541 7965 2751 423 5465 6665 286 8531 7715 5415 5242 9809 3562 6579 8405 5441 2134 7930 2450 7164 6908 1825 3069 9751 4998 2210 3721 1633 5942 3319 2834 3318 4958 4319 869 755 9806 8066 6761 439 1879 9307 5882 2367 4323 7983 
7871 6964 988 6876 6760 6442 8083 1755 1594 2531 4008 499 1475 5208 3946 3536 9632 5550 7842 5709 3803 2983 9704 242 6649 9481 4669 870 7817 9168 1460 6142 9945 2346 2477 9318 5770 682 27 4423 8849 2361 6530 8703 7921 4186 8840 7450 6883 7559 3415 3839 6624 2979 1559 1067 522 4166 6997 4841 8021 8309 8026 9843 9845 6380 3914 3925 7839 8882 75 6790 7592 5435 5280 4396 8952 9091 3473 1909 611 7861 8190 8407 6504 6584 4816 773 5226 845 5871 5277 4423 2071 8157 5273 523 9988 4516 9471 
1315 9944 7188 5386 7812 6617 9467 9990 4747 3525 570 7862 3771 4136 6535 6138 5253 972 3842 7256 6595 4684 4386 6516 7982 1653 6130 7988 2617 9824 3056 4708 3904 1816 9718 8069 6354 1333 8015 7398 9396 8698 4768 4244 8125 4488 8895 6860 7904 546 7380 2819 1604 6920 3999 2913 4862 4365 4410 743 7508 9821 3480 8663 1202 1075 3965 7517 3281 2379 462 9801 3739 6391 8915 8140 6804 2960 8921 4942 8223 5037 7101 6679 188 2961 5926 4593 9300 2243 7688 7019 9432 7339 6916 9886 9696 3848 3670 1452 
5558 8060 7626 6752 3249 6346 2582 1639 3157 573 7866 568 9400 809 9870 3435 7423 7436 8444 6881 2193 8294 1770 5582 8145 5779 9070 5716 794 5543 8767 7351 7017 8408 8544 9364 7044 2980 1428 3411 9623 7221 8060 7251 9500 9881 7471 4655 7461 2712 3784 7425 6673 7419 53 6286 9656 8842 9222 2062 442 7317 955 7454 2117 3830 784 8618 2564 9358 943 5305 3786 552 9020 7790 4480 4498 4190 9964 2253 7856 6486 5793 6416 8733 1622 4767 3201 9344 2140 4906 8943 564 8529 4606 8657 6678 3197 4927 
7443 8932 4958 9198 357 5109 267 7660 3596 5095 6587 7387 7613 3359 4265 6616 7899 5906 8115 8912 183 3349 897 5043 5448 3094 8358 4950 4490 5871 2215 6213 5719 2080 5531 9870 3215 8082 2308 6368 5157 3654 7237 4695 2854 3507 224 3938 7896 9706 1277 7645 3280 8746 9694 7358 8853 3068 6607 260 3913 307 7437 1333 8628 323 9398 3743 8187 5794 8428 4108 4771 1662 1847 8800 6511 7282 6680 7983 9820 944 346 7826 5325 3771 3414 4235 2710 5425 9625 6346 4361 2683 7502 2220 4405 7820 4029 5477 
8429 9630 5095 6039 9305 6233 7882 8830 1307 1609 2415 6493 8453 4150 5252 6119 4091 8443 1050 1424 6378 4172 8049 8945 7421 4144 6529 6418 3356 2660 4755 2425 9651 2479 8115 6610 3438 998 8875 3059 1323 2842 5170 8494 8981 7546 6706 5920 3754 6478 4071 5243 6312 2392 4963 7795 4514 4620 2843 3346 7585 5250 1478 4917 1041 4378 8797 357 7409 7060 7396 8454 5803 5265 9991 2049 7673 4123 2047 513 8620 9660 1227 3043 7600 6387 3723 5267 3967 8689 5300 2824 2153 3388 3697 6632 1076 7929 5116 127 
1246 5749 7401 8644 2926 349 2774 7594 5815 1963 3209 9017 6854 1129 3048 6011 8457 3817 1208 4417 7266 6666 8132 8090 9817 1994 2683 22 3453 7444 5701 8666 8468 989 1506 4237 4387 4539 6723 7663 1631 3337 1376 8833 6211 4342 9504 2722 6078 9445 1173 1377 9604 9662 44 316 7762 7375 2482 8003 7982 6070 2900 415 1427 1417 7947 8369 2397 3807 2619 7636 5323 495 4990 5759 6124 8475 6416 3152 453 2455 4895 7371 712 6462 6905 8293 8639 8429 5092 4216 7843 6579 5001 3535 3985 5294 6532 571 
3661 9317 6843 2174 856 6278 6398 2279 7348 7893 2148 308 1118 333 2108 7991 1451 6055 7498 6177 2635 7736 9257 7574 635 8597 3108 1070 402 2780 4712 6792 5992 1304 2794 3430 2027 9085 5839 9348 888 9774 2722 6406 7710 9511 7995 8657 6125 8439 7049 6819 4620 1996 6442 3796 4645 1824 2297 48 4017 600 3372 9978 1116 9264 2016 2952 8064 7754 1190 9582 7089 4513 4048 9686 2921 4363 1474 7581 4874 3861 3136 1649 2341 2461 6218 5263 3233 5904 8364 5698 6774 4446 7012 4560 9473 5856 5403 8751 
9931 3109 2192 9057 1743 3225 24 7833 1279 4979 508 7911 5636 2982 9649 2532 4709 9652 3447 2018 8224 9850 300 6183 892 7088 1893 1559 3454 5728 6580 1512 1888 8100 4083 2018 1082 5973 5691 8923 5323 5460 1173 4643 4059 1828 6488 5411 9679 485 6911 7861 7587 8796 1976 8706 6035 2015 4246 2943 6922 6949 6628 5729 6067 8116 9065 53 3477 9364 5285 854 386 6189 2572 3029 5242 8310 3170 7156 2872 1986 497 8445 2084 2542 9885 8692 3956 5167 3480 6773 5852 3619 8448 372 4751 7195 6728 3418 
6532 4661 5404 6338 8528 5030 5441 7608 3394 3444 5711 7620 8788 6710 9475 4703 9667 450 8927 4848 9775 522 8793 7767 6864 5736 550 8684 3804 9363 8419 697 1371 9138 9150 6257 1078 3166 336 5604 800 9102 87 4039 9747 5384 9135 8914 6301 8049 6350 4423 5573 3168 4622 1980 8661 8667 5354 3849 9927 6511 413 1537 778 9474 6061 7726 1881 1108 543 1391 5218 2640 4888 2502 7960 7099 4564 3021 2494 7838 1346 382 5676 2628 6657 6389 3593 3685 714 5380 1847 6863 6388 9137 1932 9331 1005 4373 
9516 1833 4883 6565 1 8297 5724 714 4782 6538 9753 6870 8402 39 8362 4445 2849 1244 4491 165 3387 2680 4755 9654 9549 7499 9722 1905 3423 1106 9563 3189 7438 270 1483 2129 5506 7925 784 1348 8055 1181 8488 6250 7254 1985 1058 6578 1910 1427 7097 5502 2175 2282 800 8853 2934 9774 59 9685 6614 7405 2864 5694 3142 1247 8697 4973 5933 7045 2049 2114 6041 3681 3324 1667 7038 7275 8788 9303 861 1699 2508 5061 3822 7893 2148 731 3319 910 3309 3673 8012 7468 1208 872 219 5275 7399 7687 
3372 2684 5292 6849 5360 5579 8024 3616 7633 1385 6465 7049 6705 396 5212 9140 441 4332 3422 4586 8507 4693 6241 5175 1968 7957 5492 9231 1732 3999 2678 9025 6036 7318 2310 8378 2440 2622 4664 1384 6097 8194 5589 4035 5464 8058 8083 9391 1183 5460 4288 3134 7886 2665 3785 1128 3307 3287 1738 6428 6900 2351 7923 544 3038 7197 5288 1553 1951 9650 3401 5343 3121 9018 6433 6564 5172 8390 2479 688 2819 3602 6962 3764 5214 3653 5739 1770 7253 4884 3985 8528 9568 259 9948 9344 5212 6003 7239 3963 
5625 4475 6246 1771 2892 7580 535 8264 8715 2025 5538 1059 6991 1797 8962 9819 8021 8050 7516 7832 1440 3330 5534 8123 1079 7982 7190 9442 3178 8825 1784 4407 2518 8312 7133 3761 669 4059 210 1173 6988 7308 8297 7213 9662 4659 3129 3942 2094 3267 6930 8255 2609 6269 8242 884 4054 134 3324 4832 5126 5116 6899 4628 7278 2082 22 9176 4486 8595 7347 1371 3098 7210 1131 920 2221 4209 9248 3605 7703 363 1163 4540 447 2477 5748 3021 8431 4633 2648 6611 5434 586 9352 2095 3700 9177 9098 5392 
4951 8762 2726 6410 6369 421 7594 1838 3372 623 5817 1811 9466 1851 1129 6011 6888 3817 9244 2007 4417 1707 1875 8046 5119 2121 6666 8132 8841 8090 3863 3107 5981 667 976 7391 7666 208 9071 5701 2563 9239 2368 3724 6873 1814 9642 2029 3903 1488 3593 5035 7427 4860 7424 4453 3111 4061 6829 271 3212 362 2164 6697 915 2409 6819 5164 9327 3755 5196 4544 9440 1413 860 6056 472 3089 3986 3585 9597 636 3324 1507 5152 4039 4025 3594 8476 6734 6552 5395 9310 7170 5517 5894 3906 1796 9278 5703 
9095 8048 3896 8393 8250 6163 3794 5133 8137 1166 5590 4168 6288 567 2096 4324 6143 8976 297 2866 5545 9869 1952 5846 5445 7047 9914 1129 6156 2309 119 8755 8806 7757 8282 790 7342 7085 5686 8331 7749 3410 2165 6221 6601 9646 8594 3604 1614 8769 8973 7392 4581 7150 4548 3258 3410 1710 8203 9094 1900 2843 9333 9964 9076 3290 7731 2904 5628 3913 9232 7310 8239 1720 9671 9174 6901 1021 29 6128 5005 2398 5698 819 3283 3592 8836 9416 4136 837 1358 9505 7510 1019 6787 1645 9475 4043 8609 5737 
2429 7257 3841 1975 6980 3622 1767 1501 7827 8457 1521 4313 5035 9986 5439 373 3788 7435 7217 9325 3739 6226 2702 1282 780 8746 269 9541 5322 5239 7001 8533 3485 2747 4029 424 6720 8303 3890 3888 6635 1225 5880 4716 5282 1545 2146 9031 3849 4460 9083 1932 2434 5089 9941 8603 7537 2037 1625 8475 8169 7303 7477 2632 6872 3236 1192 1992 4668 888 2454 4208 734 6181 4789 4460 4981 8577 3151 8368 6135 1506 3873 6580 402 2974 3353 947 9414 7498 3701 6832 6121 1222 1693 1375 6455 1795 5496 5746 
9488 4997 2878 8909 9443 6313 4942 575 177 6131 5286 4678 3611 3055 7455 3639 7257 4005 8683 7094 1490 8627 9300 5389 8896 466 4840 2707 8108 5758 2205 5668 2234 1599 5238 5931 1346 2622 9164 8568 5439 7614 6609 9440 7631 2195 9554 930 4864 6731 6555 428 7903 1618 6451 269 3891 4145 8820 570 4863 3474 9480 6576 6352 7925 7568 4739 6067 7328 4716 7975 8542 3423 1149 7289 3175 2300 8888 5823 8156 4818 6641 6869 4214 3694 1174 1856 8886 8271 8906 8242 12 9305 214 1383 1027 815 7865 8342 
2167 8902 8833 2402 1478 1072 2277 1961 154 7042 9539 9190 3975 1769 2979 2908 7367 7008 3138 7017 5965 6904 7947 608 3013 6822 1014 4188 3679 177 4195 5027 898 9678 6701 922 6408 1745 4163 8797 9926 6200 4850 4431 6487 16 6715 4394 4257 8944 5515 8304 5648 1634 7798 7825 909 5234 3830 60 1776 9185 258 9991 6630 2202 4232 7289 6834 7136 4474 4635 9708 3189 3941 785 8877 5256 6672 2084 94 6497 7363 5555 6885 5574 6536 1143 371 3416 1437 9502 5460 4011 9017 925 3541 3210 3978 9971 
3445 3012 9078 4180 975 3142 1121 7608 568 4534 1239 6302 4778 4 2957 4506 1511 2448 1174 4242 965 2949 3370 9542 4049 1913 4489 9878 6797 2723 7344 7042 7459 3685 5703 2920 1771 4820 5806 2810 5799 1315 6214 6680 1022 9572 1122 433 8196 9264 5528 4962 8618 8479 2320 2454 3505 9854 8062 952 854 3283 9365 4845 6638 8630 3665 9800 7673 9457 34 7978 4733 9991 7733 5591 1281 9658 5589 9919 5486 4112 8068 7949 6613 3782 3163 1470 234 4701 1980 8369 6148 2920 8484 7266 6290 4827 3910 8953 
6074 5347 9258 4572 9287 7225 3796 976 9810 4370 878 1746 8823 2664 763 6994 6417 404 6518 1673 33 5827 1031 379 8390 3438 8328 7504 3543 7474 5069 6574 6656 1012 121 1530 6449 3296 7682 2434 5555 3462 2113 3603 8508 616 2069 8742 4347 5121 588 5282 1772 2996 6599 7104 4027 2076 5948 2151 4958 8066 8168 9514 4116 7170 7652 2969 7095 8540 6816 9056 8775 2779 2885 4197 4754 6832 447 3948 9124 6056 9432 5406 6568 9990 7117 3107 2229 7307 2703 1827 8756 9784 2192 4756 1860 9862 7044 2782 
6252 4093 6697 879 5635 9460 7765 5272 5933 8353 8839 6760 4096 7483 9620 7378 3755 1083 5235 7732 5151 1125 2488 4367 9056 339 3008 5751 830 3058 8523 20 3470 6586 4872 1760 2585 9447 7588 4971 7161 2706 5004 8527 189 8361 9041 150 9700 1635 2709 4928 8855 7797 5094 5010 3733 7045 6309 7035 462 8997 2628 7966 6910 2908 1870 8426 3582 3825 4287 847 4925 2743 2039 191 6728 6144 8164 1570 3469 4858 6442 7890 1100 5862 505 2935 7305 4633 4326 5611 5352 17 9147 5863 6591 5649 6393 7694 