8096 9634 8872 7928 9871 1095 889 5410 4976 7778 8012 3136 8628 2074 7208 8911 9822 5097 2535 7169 2885 4912 6283 2816 5828 3036 4493 2600 6500 5452 5060 5081 8117 794 2733 8097 4859 7031 6569 4938 2580 738 3964 3351 1187 9807 417 8206 2056 6881 1689 4490 664 5550 2178 2514 8065 7328 6355 8447 4859 9661 9685 1285 8623 7221 4397 1230 4089 8675 3529 3900 7256 2266 1747 5803 2518 1233 7406 7522 1495 6227 5094 9980 6400 232 9 9394 9116 8802 8604 3 5472 1692 7647 7135 8596 4193 2853 3874 
3156 7844 9267 8110 519 4881 8861 8700 5230 10 711 7581 7032 5439 6520 662 5714 2637 270 5503 6839 491 914 3363 1566 1254 3913 1435 4900 9807 129 1957 5502 9410 5217 790 4607 2216 6258 2355 1943 9042 5210 5910 843 2360 8910 3629 1844 2989 6779 2635 5849 8223 5089 7862 9441 3355 7843 1377 6566 619 1432 170 938 5830 380 26 8143 7744 3845 2943 3683 3015 4468 9778 4064 5293 678 542 2163 4833 9635 2230 2265 7820 575 6931 967 5373 3325 3840 6410 9510 6000 3981 2333 4024 2068 3842 
4309 9780 3230 2741 6760 2036 6210 2788 4854 7938 6723 968 3296 2879 2000 3951 3454 5802 546 1926 2171 2193 4076 2126 3695 759 2208 1382 2888 8484 5780 5792 5565 5241 5584 1281 1529 1399 8017 3277 2992 7786 3546 7899 8633 8186 7652 3839 705 2896 7578 4874 4075 3332 2726 2286 4040 5113 1569 9520 6283 3015 4588 9433 9726 7012 9738 5176 7436 5922 6186 6854 4666 3958 8026 1401 7828 7961 5372 5855 2960 6006 8243 9902 4906 2445 53 2377 6731 4071 1644 449 1276 9582 137 6742 6879 2135 4033 1086 
2299 9111 1499 2475 9712 3575 133 3211 9823 9806 8216 1766 7232 9275 2803 1552 3164 6655 124 5325 8210 1843 5729 2945 6171 4002 360 4030 6191 6573 7869 2871 6642 2528 5953 3361 8673 7301 7174 3109 620 3491 8174 5270 4114 1137 3442 1167 7716 1242 8990 6884 5670 7564 5650 848 8636 8884 3108 2467 1044 5892 7773 9534 7611 3337 7280 7718 7333 2360 9654 9065 5424 2753 2202 6121 251 8609 3729 544 4037 2496 6469 3560 1501 756 4993 1147 1451 9539 308 2232 3912 7781 7855 9986 2490 4602 4567 2735 
175 524 4716 566 2336 4826 8308 9482 4580 6209 396 3299 1908 2003 139 958 431 8841 7522 812 6266 7775 3897 6032 2906 8276 8683 4635 5593 2110 8181 8418 1220 5313 2002 2020 8288 2374 9464 1875 8313 8956 8088 2913 4099 4498 4882 5394 1597 3103 9911 5960 1399 562 3209 5941 9784 3144 4735 7960 8989 3007 4288 858 303 5094 2818 2742 5715 6053 3477 1557 6587 8030 215 6736 2730 9791 2661 6082 9984 1264 6069 26 1952 3915 230 9664 9697 3237 4031 1170 7840 339 7769 2532 6884 7724 5320 7857 
3853 6777 8526 4116 9478 6468 9354 2304 459 8310 6156 1034 2001 2333 4485 1658 3987 9247 2831 4421 4711 7364 6049 4747 3859 170 1254 6894 175 8589 8154 5819 4491 9238 2501 2361 4994 1521 1909 4486 4769 8847 5623 6319 8678 861 6730 8010 6901 9756 6688 5633 736 8248 9618 5889 9410 3495 4766 7856 8750 7236 3674 2064 4373 2674 212 8254 2913 5040 6018 3254 628 4670 140 3927 7888 9366 3025 2565 7491 2620 272 8129 5055 8203 9556 574 5842 7834 3307 2846 8624 3353 1317 7225 62 9169 855 2305 
8362 6987 5972 6200 457 5854 5800 2687 1118 5181 2385 3028 7498 7006 7502 6369 7575 2957 7715 625 7451 9775 100 3046 3519 6147 280 1446 7450 9171 6002 8155 8417 1074 8458 4462 7907 187 2994 5347 8774 7011 6321 416 3190 472 2597 6837 6426 7032 4418 1556 271 3764 6632 9111 5718 2762 328 1249 1931 7570 5990 5273 4338 4815 7412 3839 265 2224 1035 6764 1152 1482 4501 7345 9672 199 901 7482 1590 7738 5292 5465 8890 1096 5838 3198 5456 245 4778 7908 7580 4637 9817 6230 775 4476 9731 1481 
9549 6464 3893 2111 8747 3973 5790 5283 5138 2110 425 3548 8392 4911 7474 4814 6224 1106 8243 7762 7299 325 468 7625 4447 6878 9731 8341 7062 9127 758 8777 1804 8024 9780 8885 9131 6605 262 5591 7262 2495 5963 7587 8802 3369 5973 8210 4858 1698 7357 2708 9072 6272 7733 6699 6490 5944 82 7987 9694 5878 7791 877 9546 2111 2899 9252 5163 6644 2251 9888 7747 3771 6184 7190 1627 6661 4107 1824 6057 9795 6069 4741 560 3396 2129 7026 2830 9376 1637 4852 1637 9644 7881 4020 760 1756 6829 689 
3955 3196 3778 7893 6507 8145 6477 4441 9962 8338 7390 6837 6496 3711 8082 5263 5447 2380 4170 4213 3453 9628 5393 2511 1609 1373 8681 4202 8644 9211 6138 2953 8017 9450 6901 3182 3161 8714 8519 3508 9237 2732 251 7362 216 1551 9350 4551 1830 9294 328 8456 6986 4380 9305 876 478 5030 3351 9734 4126 5380 4091 5708 6257 3021 8780 5026 9446 3157 3826 4022 1055 638 9712 9303 2497 9244 7261 1540 3445 1194 2433 8194 119 3092 9809 408 4152 3152 2024 3550 2842 2841 7274 580 4384 3116 5022 7525 
7786 6828 284 441 6640 8249 3886 7834 682 2080 322 4115 7082 2029 7267 5458 5579 109 8420 3735 9156 3204 5654 531 3440 1644 3909 3724 8353 4350 6602 902 6668 5208 3958 4544 5675 7392 6573 2942 9202 9403 9849 9491 7429 2433 3083 9316 9776 2875 960 37 9313 739 9668 5327 5904 8347 2131 2891 7100 673 9011 3950 2346 2792 2736 1393 2227 2052 7521 3910 4649 427 7298 9976 998 9481 9416 7567 7287 9375 9736 4387 2185 409 7242 5941 9800 3686 5271 8204 1208 6725 7569 1470 6120 1559 9898 6096 
8909 3100 772 8390 4691 2029 8244 4427 2768 6781 1188 6362 4329 1900 2303 8052 5990 2644 6257 9369 3826 5020 6426 7492 2676 9941 3673 2128 713 2063 997 444 9241 6183 3212 6022 7371 5624 4076 3676 572 6720 9933 4122 2441 112 9295 2890 2987 7707 5567 7733 7695 9993 9796 8692 1749 4285 7932 9805 1656 5732 7010 7280 1086 887 4158 3594 6600 3706 6857 2247 6196 8515 5477 4039 2563 5470 188 7607 3572 6781 1893 2938 8552 8671 5563 8986 453 9873 3512 399 1235 457 4444 8711 3405 641 8273 9057 
7188 7940 9245 1512 2378 3017 5316 7945 8881 3508 2026 9325 2861 8831 6373 9230 9687 1231 1548 9444 8224 2918 4069 8327 1257 2282 3924 2405 147 1797 9516 1618 9742 8397 1958 9602 423 1283 2464 6834 8837 4836 9973 1204 6672 5780 8845 741 6474 1999 5108 1096 756 5255 7398 2553 5369 8648 3169 7327 9944 7066 9199 1797 387 1770 283 7615 9326 6210 4287 1458 1408 7932 8580 3379 3040 6029 4135 8296 9779 3041 3067 5148 1689 6236 8827 9939 6181 3790 7006 1732 1939 9262 8471 61 6086 2107 373 3515 
1754 1481 8448 5133 4521 4477 2817 608 2310 2237 2109 3999 8473 936 290 3648 9369 9262 3914 5782 5159 0 7873 7267 1422 8480 2903 1934 3613 7425 6411 6594 7896 5481 8247 3657 2769 8538 1015 8538 5921 7801 372 1704 2960 6724 5929 3450 7352 3714 5648 1896 384 8412 7482 6979 8136 5379 2162 3617 2171 2738 2938 3407 5997 5212 1208 2721 4168 9197 2896 2901 814 1178 9509 2814 9426 7578 3261 3224 4992 1739 5683 3910 9839 3449 4064 3246 9276 4454 8519 2544 4974 7965 8094 2074 7213 9240 4743 504 
2055 6750 5985 3783 9974 8052 8775 1713 87 3745 5624 4861 5425 5278 3182 1224 4554 7636 6095 2611 4060 1545 1037 2540 278 6017 9397 8685 6539 6147 6674 6121 9074 5514 9811 375 5483 1588 8665 9164 6560 2654 5260 6363 1617 9320 7908 2932 9315 9845 1617 2206 5992 2640 8880 8466 681 3580 2579 8816 308 8062 404 3080 9569 2086 1588 3703 501 9496 3799 6297 1994 2494 9963 4839 2603 6904 3305 7022 3937 6517 1126 910 1530 3224 4011 7451 8449 2449 2280 38 2504 9134 9534 9285 2183 7208 8752 4678 
3523 9517 2479 3681 9174 9501 1484 103 487 2610 1419 4140 4238 1782 1592 9039 4232 3088 4964 8302 4996 1862 3748 8177 524 7694 7865 557 3220 4704 3821 1367 7314 4835 2786 5425 5751 817 1505 5975 9894 1686 1210 9248 4710 1110 2887 2848 10 6934 7065 568 154 783 1448 4859 4605 2815 8525 6332 2875 2083 8387 4411 4633 8973 5844 8221 554 5684 8617 3441 8532 6727 1950 5547 6882 9085 8093 3690 6163 6618 5835 2951 992 1386 1792 5372 5797 697 4598 8621 8919 81 5527 4603 30 5696 7789 5577 
8930 6875 8925 7023 6917 5088 3642 2752 9557 2945 6157 4331 4301 2273 6481 2970 2052 1889 7513 7580 2844 8915 8684 8945 4949 6473 875 3880 9800 903 266 1240 9370 7149 3842 7698 4526 6181 9971 7359 9612 9293 4790 1665 9245 379 1219 9063 164 7095 1889 7391 1589 4583 1855 1135 5480 7578 8284 5675 9458 5982 201 5639 2305 7560 1599 3269 9134 1006 9513 2225 7364 4929 8741 811 6818 2485 8407 2722 6615 4554 4193 5448 229 7783 430 6440 4342 3598 4391 3045 6867 3525 403 2085 9391 8980 5801 4320 
4073 6613 6558 1104 2249 2587 178 8864 9751 4732 9409 9412 5686 1744 5055 2127 2439 8653 6518 1836 1873 6396 2239 310 5787 6112 6459 9077 301 8203 6533 790 6711 1415 6893 7795 824 4796 9109 237 7206 1644 2610 6649 5480 7833 4874 1876 6424 5185 4015 7649 6826 5639 6726 3842 9678 984 1093 4117 8269 2674 3227 4858 3157 6785 2854 2782 9504 7599 6967 730 5828 3391 6195 3564 3022 9377 6642 149 9827 3300 508 1818 5653 7284 5155 7044 4603 8781 2862 2400 192 3950 5549 7890 366 7189 8098 7541 
8528 2073 4375 1924 8263 2088 8193 4489 7237 4791 3791 5069 2681 509 779 2736 6152 5443 8061 6841 5797 5023 4408 3551 6864 8784 5128 4115 2173 2308 4757 5762 8180 9548 5905 8581 8213 5713 717 1156 7212 7997 9361 3735 5889 4384 2174 298 9038 5434 9763 518 9043 8209 8436 6390 7063 2344 2918 3478 557 4983 2629 2491 6193 7712 6840 5554 2730 9973 9380 4227 342 715 4022 1277 6795 9201 1735 5803 8713 4151 9010 7949 7678 2535 9209 6302 2942 5076 141 7084 8732 6368 4302 3161 4056 472 6348 3215 
2122 7170 6 5985 9229 6231 7352 2903 5766 7537 8084 4722 821 546 6507 5853 4341 2605 5896 2489 7558 3578 2037 2713 5066 3150 4225 2378 5238 2187 1827 4647 5416 9479 7017 2625 8687 4301 6029 4448 263 8591 4973 6340 7013 1054 2463 4377 176 6058 427 7338 462 174 7833 4594 8228 5751 8770 2591 2659 5965 835 5457 1443 4672 2900 1721 8573 1613 9273 6528 7985 5551 4854 1985 3032 4751 3259 4923 1860 8766 1192 5100 3849 4396 5350 3364 2173 8589 9719 5886 6448 7989 100 6918 4496 5907 2173 3016 
6162 1683 7805 9949 5310 1261 3910 800 5060 5106 8124 1315 2130 7670 1587 6436 6146 250 8722 5840 4547 2708 2062 6704 7245 6541 6812 4311 8407 1553 9771 970 5250 4617 9129 9792 1241 1640 3445 1979 1751 2556 4396 2586 4189 2333 6395 6793 5849 6529 1480 6280 8031 6777 9004 1727 111 8194 6672 4889 2663 1339 5131 2890 9112 2386 5817 8740 1651 1397 1560 782 7018 3104 5155 3315 9248 5350 8613 2906 717 277 5484 2056 9636 8965 2702 6092 8261 1222 1439 8395 6001 7648 7688 8993 3308 5626 8662 6924 
5937 8291 2136 1621 7080 2588 2881 7926 4748 5072 3516 1592 5205 8673 3185 15 3232 7518 2928 2861 26 4368 5335 9718 1287 3867 9781 2895 3688 8498 8548 1828 1482 4107 9168 1303 2814 6549 6783 3687 5397 9979 191 4313 4357 9593 8064 3903 6817 7182 4993 3158 5976 1367 8114 4217 8090 7305 8052 8538 4471 5812 1929 7461 8897 9454 26 9278 9146 7368 2976 2215 4830 2642 3365 7179 7895 8903 2201 4761 7631 3924 4299 1724 8056 9759 9022 6074 2869 8791 4137 8763 9827 3411 5144 2093 2277 2026 6847 2505 
1849 6142 1383 759 1146 8374 7756 4245 7799 5279 7358 9439 5782 2392 3069 3362 2047 9824 6791 8306 3959 3746 5438 4407 8435 4978 1763 4218 4354 5371 4228 7366 8508 5514 7826 5145 2308 3365 7056 9857 5273 3411 5845 466 791 4666 1419 1047 559 9578 2363 5624 6215 6592 8788 1024 4602 4487 4826 1789 6587 9890 8016 3015 3681 4452 4570 9143 5983 6338 2367 4792 7407 6613 1813 6438 7773 1647 7631 5674 9273 5679 744 1265 4286 4263 1517 9560 379 3381 8515 7894 3312 193 434 8621 1683 5727 4223 4631 
7029 5963 8815 2360 444 7270 2638 1929 2070 1430 3232 7061 3640 5636 3397 595 4338 3128 345 6563 9770 2871 9175 4301 9689 7714 2400 112 8716 774 7338 2685 4437 6550 3479 1706 2078 4132 7747 8198 4770 3025 9489 7431 4112 7802 41 8242 5021 8727 2211 6223 913 6669 9357 3427 7230 9805 7757 617 3353 7118 3711 5975 9651 8898 998 1323 2842 1945 6019 9675 5516 138 8307 7143 6706 1940 9282 1180 8524 9876 7212 1537 9055 3716 3526 2008 2126 5760 9658 6260 6109 5425 1041 8797 2241 1899 1717 7826 
4087 6036 2415 1213 8111 7308 8657 2734 3894 3775 9790 6834 5692 2945 7915 9692 5337 7993 7108 4866 1304 2209 1107 7546 1878 6331 808 5789 7853 2234 9578 869 8352 6476 5789 9715 2092 714 4036 1566 2847 8166 7708 9642 6692 4627 2744 8706 7160 4004 4209 8565 2370 3845 4372 1846 2468 7664 1375 1527 4083 2649 5728 9788 7305 5525 5998 5095 9454 4511 8734 1499 548 3184 8817 6609 7485 4770 8474 8644 1672 5822 4095 4485 3752 9138 4143 8120 7356 6380 1265 7508 367 8307 5617 9728 1031 4092 3661 3705 
3610 4109 472 2958 840 9518 5019 983 8417 4295 945 3796 6903 5848 622 6726 4288 7545 130 3994 1846 7473 286 6814 4729 4493 1788 284 8759 7305 6807 6265 1929 5095 8897 2190 3390 9146 7340 3508 1563 395 9615 5285 7829 4926 7503 2356 1727 7986 6608 1733 9048 5922 7614 3015 746 6957 9194 7995 8101 422 6429 8447 3664 9036 8962 2384 1076 963 5104 8640 2891 4656 4090 1742 4123 8604 2944 6798 477 9323 6926 2785 9413 7587 4879 9217 4839 2136 3623 7031 7507 9876 7594 4963 2008 5760 6832 3697 
4963 357 785 267 7660 5095 8890 7613 3359 2991 4265 7760 1038 6616 6994 3103 949 9916 2031 1095 6961 5736 1212 3636 3289 8339 2491 2329 1956 4140 2868 1431 6579 2669 123 7259 5085 8257 9746 6118 1742 3698 3781 6742 8079 2296 3617 1723 7885 2266 2591 3736 8571 9198 2737 5512 6657 4173 2792 6794 3352 2 2906 2476 1625 1527 8936 9404 2166 1159 1719 9374 5647 6323 2426 3748 1216 3634 5380 2519 7412 5241 4753 2511 9990 7106 3726 4373 5238 8007 3114 9460 5754 6685 5271 3362 1217 2355 9333 9803 
900 4003 524 9346 6695 9286 304 8144 7929 4167 5337 1294 554 8246 3623 1638 9800 1268 7682 1208 1093 1662 7472 3234 4653 5123 6041 440 8119 1470 6315 4708 6401 6909 3577 284 7844 1449 3525 1006 8537 1264 5148 6995 8125 1382 9998 1190 3365 8236 6038 6185 1075 1543 3044 4201 8919 2664 8030 4269 8858 3705 9532 4109 8618 6544 7826 1454 3380 4050 6036 7077 5641 1213 399 8604 111 2734 3745 7239 9933 8023 814 4072 764 9729 2876 5210 3463 7568 6092 2717 8945 2749 2308 8991 9761 3193 3572 1682 
843 6792 8216 1844 9956 2175 9008 9050 9385 73 8687 8677 2055 4599 7982 7551 8248 9724 59 5453 1583 286 2181 6016 5767 5903 6957 7552 5536 5092 9948 5569 5350 3660 6795 2884 3752 3276 1887 3188 2707 2512 6834 2889 5814 5239 9936 7384 4448 643 1712 7120 7873 8315 8123 8583 7343 721 9340 1183 6072 2869 5342 5816 9341 5948 819 8878 4351 2287 9234 2094 7187 3886 6046 4217 5239 1581 1704 5401 8458 7098 2684 9299 4027 7992 7708 106 9722 4962 1538 7565 9078 3110 4255 736 1945 8549 1512 4677 
8023 7290 5296 4872 9094 5326 6047 7593 463 9015 3613 1609 9808 8929 4010 7541 5124 4602 2235 5211 7839 3052 4997 4238 4665 6434 2492 4323 1982 5639 8593 3733 2362 8464 9987 3889 4989 6470 3464 4447 1470 9161 1523 1510 9048 9632 2405 5869 9826 552 9308 313 7987 1331 1299 9572 3094 6212 1646 9394 9385 7541 6474 61 2399 3719 9700 7699 8963 2769 3003 4190 9401 8266 6545 6935 8904 9162 3584 9492 8541 6708 5515 9606 7108 8802 2507 2236 1672 1274 2110 1443 1978 3330 1086 3984 950 5642 1966 3631 
4825 7127 7389 1640 4681 1128 4747 7588 140 114 2348 746 1023 8431 3686 6193 4033 1920 3433 5178 5362 2128 3457 8094 8132 5350 8036 4229 1809 5653 7860 7367 9347 4759 4782 3600 2628 6545 8247 6283 4139 3630 8775 3191 7126 4855 8932 2532 725 7094 6593 5341 7091 7939 761 6727 3559 3580 2443 9005 3060 6099 7792 2803 743 610 3743 1461 294 9841 3853 7551 2649 6481 2656 448 2569 7432 266 7110 9034 3205 55 1640 1845 9581 224 762 1500 2086 4085 5658 1356 9843 1539 5762 7083 5465 9093 2331 
3983 5720 4007 8133 6828 7556 1064 1123 3454 9421 8792 6063 5800 6219 2591 3461 9815 1602 1922 8331 48 7261 9342 7920 5053 2492 2438 8294 1970 3764 4068 982 2680 9567 6141 8049 1887 5080 908 8732 7641 1294 9712 858 3783 6421 7671 2167 6743 4041 3616 7089 2042 7273 7990 6596 2092 6466 2288 663 3726 5219 5473 285 3636 8798 7533 9686 5056 8139 8963 5120 3678 343 5865 1418 9884 9415 7013 9475 2254 2463 5510 4377 176 6058 4566 1759 8360 427 7338 1712 4594 8416 8723 7660 1103 1653 2269 9941 
4653 7287 5693 1906 5566 3221 3216 3519 2072 3136 6728 5320 1299 3700 4383 1938 9312 7782 6434 4789 9874 6721 9864 5760 8654 22 5221 8596 8368 9550 6768 2583 3518 7084 8197 1897 310 5150 4861 7007 8935 2535 8116 2666 8047 7123 494 5319 8935 9395 6791 2683 4026 6458 6666 8139 7573 4714 7879 8914 3248 6745 3411 7885 5610 7802 3690 3720 221 6422 593 2582 7776 4526 4097 5786 1936 2236 1167 7375 6586 486 1104 6278 6086 1386 5324 2105 118 6674 5393 2218 43 890 5170 1367 8114 4217 2892 9465 
3921 7923 2817 410 4608 2151 1099 163 7536 8633 7724 9470 5592 7650 7380 2364 3981 9261 5090 1364 1987 5361 3610 9698 9209 1924 2227 3501 1971 1267 7045 6808 8058 63 7791 6573 4631 8869 9843 7179 5560 1580 7102 9616 63 7045 5469 8474 3654 2858 7686 7439 6452 7515 5242 6680 6672 3207 4566 2580 5498 6903 3771 4420 1703 6600 9625 6346 4361 3750 3025 6160 6147 4112 6227 2822 9544 9287 6152 7987 9381 5476 2324 4986 9802 4216 1868 4074 4874 4802 9721 1860 8549 8961 9881 9225 5984 1060 8525 6410 
6548 4916 9544 5585 6279 7275 1478 1583 3994 2247 6325 7131 117 9918 9694 2484 9171 490 99 8580 7074 8896 1411 3947 9485 2246 9489 7583 4368 8655 1468 2480 4467 4568 9273 8093 5412 9468 7846 5836 6619 8536 6373 2907 9924 915 7925 1797 5418 1307 1642 2803 4818 9220 8175 6698 6469 6098 8195 6736 9838 2625 8218 1348 8329 5477 8318 1934 7854 8753 7247 1289 9071 9163 3988 8806 4579 4600 6700 5119 868 4212 5780 7467 4074 2906 9800 3768 1860 3985 7319 1411 8256 4505 5085 2469 8587 5380 8978 259 
5932 545 8319 2350 6022 1683 6385 7586 8284 3840 6837 5670 1659 497 3544 3336 3446 8491 253 1429 3111 5986 6893 7054 2555 6638 2202 9309 3582 2132 1538 2707 9806 1660 2820 7006 1058 1080 1897 2376 1777 9789 6743 152 918 8348 3064 6141 8107 5327 39 7446 5202 2743 5412 9431 7975 4908 5049 8833 2089 8492 2053 419 6748 886 9033 800 4609 7291 2910 4999 9812 332 3762 3505 4875 8153 5633 1472 1729 8344 1179 1459 3358 4802 8200 2822 1257 9974 8957 1838 8463 6055 4110 8499 8659 7523 2461 2832 
1500 3245 4480 4193 4915 3921 5040 2569 9607 341 8107 9153 4914 7959 9862 1455 7035 9196 6245 6653 7086 2083 6998 1309 4848 6089 1881 5089 6684 4359 3620 5635 1783 627 6525 9159 1434 2875 6559 2234 2935 9990 7703 9216 3463 9429 3409 5273 3855 4088 764 8290 680 4779 5061 9959 127 5596 7997 2868 2323 3637 8961 4269 8056 5448 4762 3941 2082 8294 7724 7749 2973 6255 9692 5797 2630 5213 6656 1494 3905 6696 2560 373 5702 3235 2336 3103 9296 6743 9678 339 6869 6684 8267 1364 6558 1514 2348 4788 
9951 7790 691 3666 7 3667 1090 2857 3833 9768 938 6155 9442 2830 3215 9805 590 736 7974 9340 6258 5818 8208 803 4850 8202 5189 8954 1977 714 9799 8564 5403 4704 6106 2571 64 1031 2904 8416 530 7096 3265 1465 3134 2975 3520 2543 7053 8315 7668 4468 8068 9595 9156 9683 4233 3195 6623 5748 5364 9145 1762 814 7732 2469 6207 2663 4756 1659 6760 2318 9076 716 4974 7043 2927 7376 7277 8801 8408 191 970 2277 2068 7237 6483 2516 166 8967 3710 2092 2547 4299 25 4049 8630 7469 28 4075 
2433 1717 3197 7747 6195 5200 1149 7870 1533 3870 5837 2032 6601 3974 1261 9539 9105 2340 5418 402 9832 6290 6355 9493 1914 2922 1274 1704 7509 2840 7955 4664 6840 3169 4209 4094 4820 676 3939 6286 950 9777 7382 7761 7134 7878 3212 6292 3203 7713 9764 8717 4243 2263 7612 8973 1617 4571 1034 3975 6619 1578 1246 9569 9934 9369 4709 9022 6326 5738 411 9277 2209 7467 7794 911 8985 9064 7600 1420 3164 4782 3861 811 7272 9960 5742 5411 2710 6007 5891 165 3578 5499 3357 7684 4562 6945 9388 2232 
7363 3552 1044 8212 9480 9831 4673 727 6808 4305 569 7959 5905 9938 5450 8116 2124 1968 2855 8814 5084 5236 9197 7679 6778 6689 1949 2762 2227 4183 1194 7450 5421 2061 3232 5957 3896 7279 4987 6204 5898 1747 4630 8433 7899 4519 4488 8912 9891 3856 3542 4174 7652 5043 118 5425 5243 3358 5059 4950 4201 5337 6713 8441 4228 9302 3280 8508 2573 618 5232 5921 8359 8735 3216 2736 7159 8961 2178 6046 5650 5574 7131 1381 868 4430 843 2646 9921 9770 7155 1415 5408 6924 8428 5613 5284 4539 8436 1218 
9689 6478 3840 5542 3364 5866 4403 2384 2846 1856 928 5505 2957 8705 9499 9982 3081 1067 1590 2107 4232 9251 7569 6103 278 8256 2008 6648 9688 6083 7303 7119 4005 6378 3469 2551 5278 4241 4532 8312 8458 8259 2405 6688 9408 4564 9741 1140 7084 6746 2183 8769 2173 4980 5371 7194 4904 5483 7265 1454 5236 350 6607 2655 1602 4471 5165 8782 1868 464 9169 6195 695 1855 7225 4668 7216 447 2753 9743 1154 4677 6524 2812 4755 863 3387 4500 1664 8193 7936 7840 7370 338 7237 2178 3155 3894 6728 477 
880 6506 7422 3608 8179 565 7486 9460 6898 5880 2528 4657 3909 7630 4136 7745 2276 1340 2305 7011 8161 2151 2937 3200 8275 8551 2690 8244 8400 7824 9339 8774 9760 1712 9802 5471 3907 5511 2531 458 6625 4366 8517 6911 6671 167 5818 7277 7385 8959 2922 6865 2485 8528 5749 8772 7269 6522 9026 9416 9049 5524 808 4171 2825 3947 6689 7584 3898 8163 4914 7815 6129 4323 1500 9956 2187 2397 9816 8930 6526 4802 3109 625 8781 2650 1254 7933 1531 2866 8978 9573 3502 1960 2141 6943 5417 6877 2486 8587 
9415 3490 9858 4800 8193 8783 6988 9979 7021 4061 9412 1909 9642 3373 452 4762 91 4016 4965 8296 381 1014 7685 5499 2606 7951 8077 1008 8119 9999 5292 595 457 6345 4647 6512 1243 1447 3595 7152 9221 8196 3163 871 6812 3967 5175 6197 2708 2050 5936 7897 8020 548 3822 7315 1868 5577 5229 5161 7370 8604 96 7946 5279 3215 5403 7280 1567 5689 5881 1157 1998 6648 2579 5972 4784 9554 7643 1241 8812 7947 1666 2904 7933 3125 5223 6512 514 574 6693 5782 9780 2986 8286 4131 7763 9093 1050 2872 
2650 2089 1032 995 3147 6046 5148 9679 1538 4241 1171 5062 6406 5706 7741 5053 8527 8013 629 2721 4137 8353 1614 5799 5020 5613 8780 865 6697 4015 4429 1759 3794 6858 9185 9345 8704 7185 9950 9157 3051 1660 4768 999 2381 9061 8696 2415 9129 4744 615 833 9964 4303 5701 7021 8595 1403 9937 1680 5259 1956 1014 8457 5233 3326 5366 2742 8493 1616 7148 7075 5980 2801 2849 7737 2241 1533 1355 9574 4824 964 4721 49 4820 9841 2255 2773 7875 7227 8761 5990 9197 9607 1007 849 764 2367 4932 783 
4501 514 5219 3035 9674 7228 5294 9074 803 0 3125 1906 5925 3894 9034 9326 9808 6700 4494 6062 2265 5045 9530 7987 1791 7842 1398 2458 2069 8334 1907 4075 7854 6154 5253 2245 1323 2868 6734 3528 8068 7171 1857 6734 8406 3840 6474 6438 6101 3286 484 7748 3608 5910 1827 7703 3799 3906 4129 8468 862 4482 7333 5092 4122 6997 6394 3921 9208 9735 6999 4214 4447 9161 9993 2963 9968 3203 2551 7485 8955 92 9898 1090 4970 7282 8005 2359 2052 6588 514 8928 626 1944 622 326 3863 3797 4798 7059 
5497 250 9861 981 8657 3197 1689 9674 238 2167 2029 3010 7443 8722 4230 2458 4569 9198 2524 785 905 7822 5906 267 7660 7387 7613 6423 4280 7760 9498 1038 6616 6994 7899 9891 183 358 4174 8657 118 6473 5425 5448 5101 852 6183 8141 8063 2029 2277 3799 8910 1650 457 4480 6359 3750 5793 6416 2875 2985 2421 8248 2140 8943 6623 841 55 2795 4368 8326 1292 6456 6795 7485 306 4770 3372 8167 106 1065 9947 5433 8644 5365 2206 6734 224 530 1653 5822 4485 394 7171 4123 9747 6138 6068 7731 
9618 3118 2962 4537 4074 4421 3279 6598 9281 5356 3242 884 4926 7383 7107 8943 1070 8834 6737 7382 8702 4091 9067 6954 8952 7219 37 3944 1909 611 6720 8919 2694 4338 3616 7033 932 8941 8970 5632 4100 7149 5205 3432 4360 5104 7172 8495 9367 5208 5238 6597 6362 5346 7683 9543 5859 1057 5896 804 7922 2653 9958 7430 1269 5534 9570 8390 8579 61 535 3868 8943 491 2404 6463 4241 1270 6341 8179 7328 2626 6444 605 5792 5480 501 3719 9850 1859 4199 3169 4320 4149 6731 566 9113 488 1498 7557 
9515 9282 1132 3878 5352 2375 1224 3886 814 3104 7282 5823 7943 1492 3760 2833 4305 5152 4183 8685 5136 1766 2343 9262 1677 2558 3799 9514 8854 3860 2253 3750 5642 8414 6416 1691 2367 3997 5211 6613 6438 7773 9709 1812 7695 8042 8407 1429 5109 1649 1831 6974 4912 7723 8396 3505 1658 5753 7937 5024 2144 1513 4485 560 3275 7206 1965 2057 6765 8069 2970 1002 1769 8372 9817 3481 4538 7906 1524 1493 911 1202 6974 4758 6446 2063 2566 730 2130 1725 8362 195 9840 5632 4849 2831 7584 2986 5727 3595 
2680 2104 1944 9307 7121 7149 5291 9070 2515 7915 1510 543 2090 4813 6253 6678 5713 5811 8262 6814 3099 1541 6022 7535 3482 5171 40 4655 7484 2408 1353 3451 1211 2249 6437 9759 6330 3390 9022 902 8538 5615 1514 7439 6728 4585 4038 9242 3947 8969 370 9381 8728 7039 1431 8257 5542 4223 7636 3781 7838 3001 4110 8219 1783 6234 1595 7756 202 5948 9488 8918 6090 279 278 4702 4200 7231 3862 8603 9903 6091 1414 3293 3592 7113 1664 6858 397 6978 2280 491 6098 9725 4387 9888 7220 5776 7710 3054 
3287 9244 5586 9932 5709 3685 667 142 4684 3401 5047 817 8738 7278 7062 9725 9898 7565 5296 1090 2062 5452 9926 3900 9100 2359 2713 9476 6588 9423 3526 8928 9397 5556 4151 8508 7570 2663 6983 9179 6029 9373 5853 4625 6626 8306 4099 8602 1418 669 7654 5495 1838 9632 1866 7210 3924 7231 412 5801 5255 7487 6457 5704 7280 9487 9333 1336 6895 832 9655 8948 8539 6013 4780 8844 9206 2188 5796 1635 3275 6522 3631 6177 1313 9882 5729 8123 2250 7781 7099 1042 1486 3326 4559 2089 2166 4875 8737 8738 
9668 3703 8508 9551 6278 1153 6241 7563 6705 1980 9506 5112 7558 5821 8945 5598 6726 2285 8614 4672 3561 9395 7567 8710 4260 3121 981 2889 7671 2812 4442 4974 5534 9451 9762 9525 6964 817 2834 563 4728 416 188 4083 5448 1562 1292 8031 896 630 1407 5971 9830 9403 2996 6475 3660 3542 4054 1979 7227 5656 6049 7831 3658 9790 5824 6997 7574 7506 3421 9827 4189 2906 4306 8432 2102 1291 4888 7382 8508 5752 6011 4667 4793 3492 2856 1958 7481 2157 7142 1163 8307 6418 2063 4891 9421 4007 3217 7060 
9272 6911 6809 9045 4559 4976 5625 5787 310 9804 9744 5708 5804 1858 3688 499 2863 8089 2162 7339 4376 5155 5196 866 6721 656 5600 2362 1088 8563 2320 1001 4081 6047 8410 9470 5675 975 9534 5073 2457 8016 4468 6968 8567 9986 3929 8006 2638 1929 573 1989 1101 3723 2290 9073 8822 5769 3775 6251 1726 9721 3244 8300 2023 4057 1598 7024 2300 1742 8551 8156 7752 315 970 5930 4750 2701 9725 1923 2702 8308 4343 602 4666 559 2503 2363 6082 5624 3303 699 6592 3546 9532 7465 2145 5228 1898 1238 
1375 9397 3333 4867 621 3190 7395 1002 6421 5625 8166 7708 9642 5103 6692 7196 7694 1475 2451 2744 2323 1534 7197 9845 533 6895 2370 5378 9597 9743 7194 9896 3401 60 3547 3391 317 1909 9445 8753 6401 8479 4999 7572 9267 9010 8407 3474 5848 1368 9048 36 5386 5406 3204 7024 8138 9076 793 5095 2329 1535 640 44 6862 1353 8425 9966 7527 6114 8922 6813 7671 8173 167 5085 4368 4515 5609 1126 2230 8628 1765 2958 1020 2824 2057 7200 8116 3083 5410 2461 9189 990 6919 8504 7120 6820 4047 9709 
7051 8966 4466 647 8246 5837 7273 4736 3230 3129 3889 6186 2270 1677 6595 9674 6626 6643 8134 5716 7295 1242 6082 2000 9991 3427 7414 2049 9091 664 9373 2255 2386 6407 3607 2581 3575 3939 4541 2778 1384 9327 6767 4276 8640 8288 4689 7839 1834 48 6557 6152 9177 3322 3398 8380 8450 4264 2499 7479 1610 9553 3547 4202 396 3950 7878 9691 6328 6800 2314 9732 2999 97 4374 4649 9602 2754 4988 3582 4363 6434 4425 4510 6893 2754 2286 5750 1835 4440 5739 7635 4683 6434 1110 7545 6189 5759 9293 9217 
8894 6121 9966 4536 7699 1970 2249 3524 275 9790 6018 2957 6072 8581 1100 2194 3654 9672 3406 7615 2542 2919 6614 7516 2353 5020 8307 1582 29 5360 8000 5118 4635 6271 964 8861 3428 8087 2535 7830 2340 9433 6957 8989 2683 4194 1394 6580 122 9178 7079 2499 1352 5405 9069 7882 826 2298 3293 6595 3175 8230 5997 2754 4026 4277 8951 4019 1032 9740 2335 3263 2835 5632 2684 8673 6249 4544 4531 6550 3231 7218 8225 3080 3477 1291 9923 9495 8455 1699 1290 7792 9333 8006 2705 8187 1765 1166 2062 8307 
7306 5507 1387 5436 5336 9031 1711 1184 61 9235 1208 1456 7027 7987 7142 7503 4170 1500 3266 9823 4398 1937 911 3479 3582 786 778 7933 8754 9962 1175 8010 9556 3083 8194 9404 8953 8997 2902 6931 5588 8469 8723 4053 19 1815 2623 9545 9683 5279 2736 6016 9308 6735 1349 9398 1834 3881 9663 659 6167 7218 7129 8766 9084 2664 9573 9449 5687 3712 814 434 6483 4669 6078 847 2306 8692 6341 6293 3874 2795 1842 4293 2448 8321 3908 2439 3625 2281 9880 2340 9371 1780 4712 4716 8669 8868 682 1765 
6137 8052 296 7389 8827 7501 7490 1573 6108 1161 2439 9570 6974 9133 3718 2806 7874 1781 7163 3419 8513 5876 7234 6622 2800 4952 7146 6447 5271 4378 1889 8998 4224 3706 6121 8365 2842 9167 8859 3859 6472 3167 1763 6540 708 9081 6948 8794 6631 55 3914 1323 8926 8225 5198 3005 8696 5456 8714 5303 4113 6871 2225 5658 7509 4659 8995 2999 2040 9812 8585 5235 2151 3152 9271 4414 8897 6929 1206 8747 685 8537 7655 6932 6853 9838 9369 1016 237 9160 3048 1272 7084 7366 3888 665 1827 8203 5893 375 
551 2388 9031 9994 6866 8697 4720 1585 3202 9498 5207 6919 2064 6888 5541 5534 2077 946 4944 2541 698 1444 3148 4656 4464 7366 3600 9916 4735 4679 6906 7371 240 6277 6588 7302 6514 5357 4821 8411 1167 2394 3375 1693 2769 9059 6384 1384 2293 3607 1828 7393 6250 988 1693 5494 8729 9269 1419 8288 9797 1355 1958 9496 9354 457 4820 5373 517 6058 7471 1353 4179 4313 5449 2709 4788 3164 1457 188 5020 2430 4326 3672 5785 8805 2825 5429 3630 9550 1980 4151 4370 2941 5591 7089 9424 6354 3146 9302 
2780 1133 4715 7360 1265 620 5787 9437 1098 4333 5922 3296 8153 7806 4140 5660 2631 3939 442 6653 4299 1405 7636 3457 5727 2738 4144 5642 1420 632 9548 6716 7608 1282 600 1216 7421 7076 2167 569 1263 1309 9120 9124 9994 1971 2755 6551 6938 648 9741 8719 8630 6070 1153 335 861 7281 9653 2787 2393 6542 7895 8273 9505 2183 4864 1086 4601 3039 5532 3095 1048 5885 5403 7539 6280 2110 8957 6645 9547 4005 8994 5811 1483 2279 6635 8028 5271 4433 7915 8077 9599 6810 9244 228 4986 2227 6450 5840 
4439 9666 2548 2686 4120 5458 763 8167 103 7439 1550 3379 2846 5550 697 9513 3246 3765 8579 389 4967 8456 8785 2247 4069 8499 3998 4314 2739 7989 3170 6797 5221 5055 2031 7877 1236 7742 2612 6205 434 5315 9159 2970 165 5477 2372 7606 7991 4340 6211 9265 504 69 5178 4409 9736 2471 1496 8852 4495 2514 8440 9444 9360 8696 5683 6517 4950 5095 6883 8678 3660 7015 1181 2063 6848 792 6579 8912 4933 495 2191 9453 713 4274 989 9076 7050 3112 9928 4304 2598 3461 5349 915 5608 649 8521 2917 
3050 933 5730 1499 1766 8975 4557 3813 2742 2216 4826 9306 4161 357 6266 4991 2158 9513 1650 2457 967 2122 8154 6259 6464 3105 3682 4120 4998 9925 4738 2447 6404 8140 5790 6277 5917 547 138 1662 405 5461 322 99 8197 6419 9528 2417 2548 452 6573 1663 9268 5687 2086 8107 6734 194 3251 7186 9092 112 1775 947 8729 602 7200 8371 6814 3211 2556 3671 1185 3316 2014 3390 4673 4036 1313 5589 5626 4348 4208 4369 1541 7967 9375 3985 4559 5674 7220 1116 1681 8500 5362 2848 5922 6658 9393 318 
374 2184 2768 3719 1612 7175 2172 3753 7440 5753 7096 4127 6659 5821 398 2985 6500 2969 5074 9615 5679 4932 6018 3276 6440 600 3018 8657 1627 7292 3205 7635 5382 983 9835 1264 4243 2518 3391 8664 9698 1111 6198 197 1258 2028 8594 6652 7556 3110 439 9087 3889 2270 9162 5623 6595 9674 6626 9529 6643 8134 5716 7295 1242 6082 2000 5265 9537 705 2529 2049 1691 9091 4123 3699 7101 3228 513 6230 7411 8620 2530 4831 5536 9302 5087 1569 8868 1773 4848 6816 6483 9256 5084 5342 8847 9049 8046 7266 
2121 6598 9817 3863 9986 667 3777 976 2083 5701 9239 9161 7561 6553 5875 6244 4970 1359 3384 7200 9209 2241 5487 6274 9766 3965 5834 4473 5743 2912 6449 5562 6202 550 1899 872 4269 7761 6449 2991 342 8340 8066 3327 2314 2696 4620 3199 8354 7804 7896 5904 7215 3267 3533 8847 9409 3689 9532 3614 221 8815 7032 7989 8486 8538 9582 7637 1809 9255 8347 168 4385 3787 2245 2661 669 2325 3782 8618 4654 5242 7969 1466 4169 6860 662 4412 119 1582 6753 7114 8492 5160 4367 9068 7971 4732 6399 3859 
6367 5965 6770 3554 7774 6022 714 4704 6635 5508 4236 5114 5246 7326 4340 3737 1392 3704 1660 7719 601 6562 4624 3043 6780 1980 4624 4247 2018 9086 6231 5184 5427 7506 1646 889 8967 3671 7731 8620 7757 8730 1939 8017 5516 8179 3779 9418 2348 2750 4245 2638 1710 5600 2666 2491 7912 4140 7422 733 3109 9330 2510 5770 5827 4536 4374 6861 7222 9476 6061 2359 1904 422 3743 6960 2829 4323 545 440 3866 2818 6350 5061 5596 800 4845 669 5479 3185 56 3368 5181 7290 6048 2825 4478 3354 752 9147 
9170 8732 6995 8101 7278 6888 5377 2261 1408 1106 1767 8762 7533 7489 9781 6513 7720 7845 8625 1319 3896 3534 384 165 5388 4707 6057 253 1653 4036 8123 4006 248 694 3700 4471 1769 9410 7946 8209 3793 9922 3865 1816 1621 4187 7430 1512 7570 7787 2874 8699 1112 1611 2230 5052 4494 5153 1914 2559 7285 593 5218 2500 4248 5133 4044 8303 5457 7641 1961 4779 7331 1742 2384 2343 2678 8967 3361 8550 7405 9835 7692 1685 7172 652 7087 7255 4210 2438 8077 5143 8147 975 2706 3384 7869 3837 2377 6720 
1853 9403 2707 725 6461 3869 529 6128 3406 5259 7792 3137 4861 7765 5411 5455 4807 2002 5203 9525 5836 324 307 8854 8399 4443 2211 5101 2231 970 3676 3410 2407 2165 5793 895 938 7139 1407 6603 2616 5342 7264 2778 9521 3803 3532 9304 163 6794 8949 8892 4421 4639 5903 9293 8247 2865 822 7618 317 2823 2409 5319 2479 5160 7984 9870 1195 7423 751 5615 9563 9417 5818 9393 4790 2232 4230 2682 5111 7294 3722 6816 3394 3099 836 4121 1250 4163 3841 3337 9253 4818 2382 456 5155 7477 9692 4428 
3427 9865 5131 3883 443 4029 4757 5291 4921 996 4752 8443 3012 8834 8461 7737 5237 2032 1592 2036 2908 5399 2933 1275 7312 2134 4468 6606 1493 5782 460 2977 5220 1331 5497 3367 6487 1271 3399 9101 3756 6448 4542 9316 2330 7433 8393 6748 8118 6691 6774 3449 1499 1120 998 2648 7569 2515 4820 3386 9377 7713 5690 6032 3629 9443 1509 5431 5748 6075 7746 3509 1258 8351 7460 3066 388 4633 3664 6040 4946 2379 4989 8450 7233 4693 5361 1203 2637 4370 5892 2682 2779 9990 1703 4593 1148 1514 1251 5128 
2713 2480 1364 8353 2707 3856 5904 924 737 5247 9608 202 1497 3213 1551 4258 9666 7725 9587 4599 7609 1119 2397 647 5427 1334 1609 9729 8113 7830 4758 6834 6276 6196 318 6687 8417 7738 7539 22 9838 9342 8672 9804 7399 7574 2239 7016 1660 5446 3370 6785 1869 4312 8563 341 7656 3024 9823 797 1330 2117 9450 5016 7924 2798 1584 7380 4378 6323 9347 7178 2131 3381 1933 9263 9550 4628 2183 8708 9626 2888 2424 9628 90 8095 7731 1277 3281 1010 5214 1896 1918 6762 7383 2753 2467 9532 2727 8360 
9473 7913 4675 1752 8411 6519 857 5338 8023 3850 5436 9053 6410 9952 3721 3577 7134 8379 4024 2102 3995 6338 1265 3414 3759 9 8251 5458 3537 5620 5381 351 5757 5605 5953 414 947 7797 8827 5820 4597 1440 1791 4934 1020 8043 5166 7813 4380 9759 8542 1007 9965 1439 7368 1473 9904 8471 8989 1599 5179 3268 3581 8621 2094 7634 3668 1112 8462 4465 574 6489 6862 4458 8698 5303 8578 2657 9869 2090 844 7228 8014 8522 9452 4093 444 6663 5547 4 5336 8155 4021 7377 1098 1211 483 421 7340 3147 