8359 6040 3705 9204 2049 4843 7258 9076 3644 2020 8682 5860 1909 8056 7590 1870 8366 2602 1785 7050 3365 9252 6017 303 1959 9915 974 8500 3698 2680 7775 5673 9026 4330 5633 6390 3451 9675 3660 4000 4117 5799 804 719 9580 6546 8039 5116 8890 9397 1916 6116 897 2399 7812 3989 7257 4877 161 6929 2578 9835 9467 1256 3867 3042 8708 5234 9946 2292 52 7680 3555 5997 625 6708 9950 1323 180 7841 1728 8582 9552 9597 124 5292 2589 5999 610 8613 8673 7059 847 8937 9557 4963 3643 8514 7372 7327 
1102 4328 6856 4481 728 6605 4715 3159 7587 4192 81 1899 8826 4643 2653 8949 7459 6606 8431 1398 2347 1245 382 7678 4825 163 4806 6393 6306 6307 2116 7266 7908 2843 1498 7658 2655 632 1420 3256 3290 4072 5438 6500 5955 1585 6673 6651 4740 2912 6378 8800 4965 5389 7804 9666 3246 6611 7470 3642 8796 1707 6672 8276 5726 336 3299 7446 8011 348 2625 5873 6896 6098 624 8603 7150 134 7396 3689 4393 9966 7647 5093 5609 231 4559 8109 6227 96 6451 6733 451 4331 3913 5321 2630 6149 9679 8041 
7261 3997 7119 7890 4461 7446 5999 6516 6613 5288 7790 5739 9700 7636 3026 7901 8155 4699 4304 731 7917 5274 5094 4113 6534 2984 5335 8055 2198 8848 3974 8899 4443 8725 526 4116 4209 1400 6691 6767 2780 5879 2729 4025 9371 8707 5573 3621 1007 2753 1841 4409 1970 2152 6157 9325 8419 5458 3560 4325 8985 265 3101 5270 5297 3886 8051 6541 5848 6609 4411 3976 7473 6271 227 8661 9734 1803 7405 7690 1305 3596 9627 2676 5437 9255 450 4470 9174 9389 927 9858 4733 676 9426 9527 7266 8592 8555 3081 
4030 7811 6171 832 5660 4056 7463 7359 4477 2905 3100 687 4801 39 2936 1011 6496 7669 6841 7172 5308 6267 3051 8926 7959 2008 5770 8179 6074 7729 5946 4503 9046 9246 4654 6637 7212 5807 3029 148 5877 12 6279 2453 4756 1139 6764 2733 8886 4943 8808 6669 3530 2889 1448 9122 7046 3776 7863 4258 892 759 2754 6770 4928 9118 6172 7110 5397 4977 2889 8094 8630 5622 6980 9925 4430 3649 3455 3672 8268 9283 5120 7391 7519 8372 2776 3455 3535 2561 8739 1679 4911 1926 7076 6240 144 4334 5588 8699 
8506 42 4141 1514 9680 4650 7199 9374 2809 654 1343 2696 9567 3864 1246 1345 4675 7586 2286 8272 1060 2932 5939 6111 969 5697 5897 5110 7212 6112 2776 1839 6405 9783 5454 9350 3265 9318 6949 962 7976 4900 8968 3173 7512 8253 5464 3623 7556 5424 945 9605 1321 6055 3169 6898 8520 6766 359 3171 5810 9893 4977 1512 4296 4813 8523 2525 7499 564 4377 7342 8670 6593 1764 2224 123 8751 2923 1270 3966 7091 6484 9749 5973 2566 9398 8742 1431 9072 795 117 3808 366 2001 8661 8066 7944 1883 4596 
3082 1499 4718 2988 7116 3388 6199 2311 4235 5018 6384 905 6815 3885 9909 7465 4031 6491 9775 8292 1831 8910 1081 4235 634 9884 1056 1161 5074 7296 410 7283 3659 9095 3896 8097 9378 1361 8481 7489 6998 9037 3828 8406 9091 5839 1456 9725 5724 2512 7150 2535 4049 514 4944 1333 9521 1890 5203 3971 6564 405 1817 7260 1085 6985 3336 575 2223 5109 2738 6405 5694 5532 3774 2915 5538 5042 7990 5979 5370 8384 6968 1400 4745 1214 1912 5320 1525 6781 2238 3225 7932 9500 6517 1390 279 5733 8810 1289 
8064 9673 2212 7501 7425 9972 1906 9472 7913 6389 7349 2049 3170 9588 5274 2708 7520 6310 3372 5621 2827 1115 6848 9169 1595 3476 5448 2620 3448 3706 4517 3178 6535 906 528 8584 6468 210 3136 340 6947 3713 2568 4977 1180 4820 2856 4380 5882 5644 3830 7220 9278 6192 8920 9337 4813 9789 2515 695 9395 2636 1123 5863 2847 611 6204 9794 6409 6269 8714 7738 3534 594 8181 2620 9598 6192 9297 2384 8217 3549 1250 9181 2528 5044 3085 9491 7600 9231 221 7945 9990 7831 6936 2203 3600 9556 3198 2100 
1677 4779 836 6246 9345 4386 604 5636 2009 8312 5874 889 9708 8960 380 8191 2489 8974 7905 6672 5911 6460 272 1819 8841 272 6870 954 1108 3117 6652 5494 3721 5783 2083 4095 9709 2972 3803 5021 7464 9564 8689 1347 2053 4016 9252 5078 9927 2064 5350 8098 905 1525 7776 2480 7245 1325 7318 1267 5160 9401 5362 4869 2374 2079 2982 9454 4329 7860 1136 9933 2938 7415 1997 5514 9255 2518 1350 628 482 7946 1749 8905 3700 3463 6074 6368 4505 5822 1625 2643 34 9114 2576 6529 926 2043 2835 9916 
4185 4699 6896 1019 1194 7349 2583 7475 7320 7915 3843 1825 9878 9803 8873 8917 8081 8728 9609 2522 8560 1144 3393 4920 6719 2345 5063 4901 5353 9692 5061 5698 279 3095 9748 7114 1937 9763 6449 8381 3753 2313 8558 5000 4650 1503 4993 6931 1824 3401 2445 2738 2004 6048 8683 9718 5938 1100 4215 6086 2087 5488 4383 8938 9560 2917 966 328 5620 4396 3550 5016 4347 3804 9542 2752 1382 5304 8938 4850 2681 260 2122 3206 4446 8366 4522 9212 3725 3031 3016 322 2489 1982 2980 9515 2968 4317 4816 9745 
100 7967 2542 5814 4251 8691 3366 4177 9597 7107 1069 7184 4100 9091 2707 774 1580 2757 2395 3563 9978 8264 135 2583 7720 6553 8250 4517 8936 5357 5586 8893 6039 453 1600 2034 1594 5922 9299 3807 9532 337 8233 9510 8601 5941 7536 3750 4537 4370 9457 923 6072 326 7781 2264 6674 4655 8027 7821 6413 6221 3743 2064 28 8413 2999 1107 5318 3400 2854 7821 7937 3576 5644 3746 852 8068 7063 5850 6337 989 8876 7344 5369 3503 5165 8134 9724 5261 199 6104 1795 6469 2902 8139 7097 2654 993 1270 
592 922 6914 4338 1774 1335 4763 8837 7452 6179 2413 4796 1548 2269 6034 1993 5223 6233 8098 5249 8029 919 8275 7283 9059 1724 9938 6404 2994 6882 7326 6261 7572 5452 7596 2335 642 7485 9787 6821 6250 936 4721 8519 755 2473 4963 1196 9889 2655 499 1775 9740 3451 1201 2218 2376 9528 4766 1069 7526 6533 6117 6212 4256 1454 4291 1023 8466 888 5879 625 5188 3107 4455 420 7368 7941 8389 8783 5004 7543 1441 7084 8061 2203 3219 3406 8372 20 8419 7981 4628 570 7280 4221 7242 8770 8599 9913 
892 4133 2114 3095 8432 5712 3297 1359 1360 402 8330 7864 2748 7336 5546 6349 4382 4827 2213 1123 7997 6958 8196 2109 7787 6022 7640 1482 4941 8695 4361 9154 81 5889 1084 2269 9761 7531 3228 8873 7391 6944 9197 1968 2798 1824 8211 7963 1653 1477 3075 254 8232 8151 2395 5323 1124 5299 647 7791 3579 5092 8364 6625 9930 6445 1173 2222 6901 1744 6648 1400 2940 3857 6804 2842 3847 2391 5529 3451 4000 881 1232 6198 8080 1491 7931 5529 775 7985 763 7466 8967 586 7057 6699 6160 9204 9076 8682 
7590 3365 6017 1959 3 6183 4556 6465 4646 6583 3012 8368 2432 7057 7263 1747 17 297 7396 3273 9930 112 2349 4379 4689 2108 7270 445 5080 7174 8083 145 965 6957 9665 6222 4514 4454 7782 2509 8441 4092 7013 9253 9724 6790 1950 8876 9403 926 3500 3545 5455 9926 4421 7271 5722 360 7758 6060 5436 9080 5434 2019 7691 2101 3919 6808 787 598 8971 6825 767 4172 3300 8298 1080 6009 1618 5049 5808 8204 4376 2608 4009 8786 7904 1355 4689 4118 6299 5465 6032 7459 6742 645 6907 7604 2053 194 
5081 3888 2328 7239 3785 5956 7211 7592 6825 3666 8876 4351 6865 9938 6782 5792 1557 6156 6133 3015 8473 2817 9245 176 4671 7676 1003 3915 337 9407 4667 8598 9798 5266 444 5792 3077 6541 371 4559 8456 5573 3463 1422 3717 5830 6311 8432 819 9151 6254 9068 3276 3462 770 9386 1638 5072 5553 4698 2887 6538 6736 2212 1887 5208 6346 3123 9631 1639 7206 4367 1230 9840 8995 4404 7734 2881 6811 3779 2409 7195 120 4786 1910 5025 7942 305 7994 5267 609 9490 8360 5464 6426 2233 2632 7855 6448 5517 
2078 2631 5931 5451 3473 6251 705 7417 8006 3178 4819 7493 104 7598 9041 8153 8734 3490 5010 5251 3619 3419 236 8470 889 5976 489 5175 5063 362 8115 8569 5636 2324 2296 1404 3180 9638 9844 7494 1032 1979 2453 388 67 3192 9659 8869 5329 7626 153 2111 4112 9215 3066 548 781 1559 6247 400 8643 1105 1897 4780 4550 2239 4956 6676 1349 6345 1551 2425 3283 5767 4135 1573 8797 4462 254 5008 5069 8363 6651 4211 3277 6937 1753 8782 2882 5673 2150 1896 5069 6771 5722 6241 1703 2023 4160 2801 
2122 4333 7482 3170 4618 83 1630 5702 5165 7553 3848 5493 9540 1902 7305 9831 2449 5839 8619 5363 7259 8822 2356 7641 2163 7236 1727 788 2358 6608 5541 7676 1733 2765 4026 6932 6995 4480 9302 4296 3862 4158 2787 8933 7205 2442 8294 2233 7163 822 9923 7740 2565 7594 2286 149 3313 9891 957 6314 5730 4315 1599 3355 9671 9542 949 4518 1561 5242 7404 5120 6334 2675 6963 8873 7863 1319 1263 1100 4576 2168 1751 1190 6040 4749 6673 1305 3571 9345 7629 7016 5088 4987 3021 1395 8869 8646 1265 836 
5269 9316 2140 4245 7906 856 7610 5426 6727 5879 9150 353 4121 7603 5936 9096 6427 2355 8480 5378 31 569 3255 5773 3638 2455 9472 1445 220 1575 7204 1568 480 7103 621 5183 9608 4087 6621 4151 9788 4294 2386 227 3054 9098 7312 5997 6360 9013 3264 7017 4209 4547 909 372 1103 2396 5621 4695 6570 1762 7315 8310 6689 2539 704 8159 7978 8767 622 5337 3965 5612 3177 5254 1291 165 5570 54 1523 4047 5007 6351 415 8008 5727 8139 9106 2293 4039 6343 8714 2734 4977 3745 3384 1310 2171 2162 
5216 7846 4284 9564 7690 6338 6797 4029 9856 3767 9338 1151 8862 4496 4953 3984 9955 9210 4395 3116 1848 7556 6393 1124 3454 656 634 3821 4958 181 1121 3950 2107 3935 4266 1629 4141 4158 2332 5834 4778 5604 9318 4526 567 2617 730 1223 3769 6557 1091 3423 6073 5023 2895 3308 2372 3673 4264 5263 2217 5932 6096 192 1163 3833 9225 5266 3312 1469 903 9457 1463 6726 482 2931 5053 5021 1185 4044 9593 175 1727 6303 8863 3884 3209 9330 5653 4380 8106 2416 4129 3279 5022 4646 7644 2322 9241 2541 
4975 1393 3670 7284 4327 9862 446 6397 2562 1671 3492 6792 4169 3380 7467 1377 5262 3104 3813 3884 720 1972 5357 506 3265 7333 867 354 6997 122 6394 3921 9208 5569 8433 4998 7168 1280 3687 3397 9778 3799 6047 925 6763 4474 5087 9182 63 8477 4418 5681 8506 2549 3884 6909 679 3525 1083 6707 5148 6995 1902 8125 1382 1205 1475 9050 9196 854 7212 3064 4269 8858 4701 3610 4109 7022 472 7684 295 9311 474 4525 7552 5019 983 510 9683 6925 3823 3948 4295 626 945 7704 1944 5848 6422 8843 
6461 3863 3797 4798 2214 7545 1368 8519 130 5497 1397 4083 9350 7313 8818 4893 4357 4147 8306 3148 8851 9573 8322 9568 2367 1736 4545 6568 1611 8510 3502 1960 2141 4238 8216 2766 2592 955 9368 5728 6316 7565 3149 5072 9858 9001 7313 8783 3647 337 2591 9468 131 8964 2881 9361 6371 5964 6995 8435 3147 7509 4910 3917 1490 4825 5144 6025 8335 2445 1499 1896 8895 4921 1456 2633 4808 3060 7792 2803 743 1461 9648 6761 2742 7551 2649 367 9728 2977 8119 1940 5297 1180 1205 8909 4147 854 4201 8919 
5337 7337 6713 2664 207 4269 1395 8034 3705 4896 4701 2901 7433 3610 4109 1316 7684 9373 6092 3904 2789 2642 6454 3314 7176 6623 3658 6620 5481 7027 6065 2940 1175 7488 1057 4476 5557 698 8557 7899 1001 4702 183 4174 8657 5043 7308 6247 7720 2309 5461 1929 8897 9454 6793 4257 7847 1007 1550 7829 1642 2449 514 7503 5363 1617 1478 2356 6344 6654 8170 1064 6673 5733 7338 1207 6090 1849 7271 2491 2811 8038 5978 4643 3452 7735 2437 6737 9897 9119 60 7786 4169 9047 9982 5231 7873 5217 4493 1376 
8978 7382 9573 8510 5998 7421 8434 3502 7537 8474 3393 4238 8216 2766 2592 955 9368 5728 6316 7565 3149 9147 9001 4684 8193 2420 121 3647 4656 9468 131 8964 8414 907 6102 2985 7699 2421 8248 5945 6623 84 4855 9796 8529 1405 4606 6200 3736 8277 8361 5569 7315 684 3010 5402 765 7443 8932 9198 357 785 7822 267 5095 8890 7613 2991 8023 7121 9597 3931 8248 5926 7194 2704 1468 3678 768 9443 9772 4593 8787 3428 9350 3807 2340 2979 1905 8333 5427 8743 7710 3228 4577 9547 4912 3541 6960 5202 
5171 6610 3028 5965 9912 6462 5482 6024 4040 4907 2033 9554 958 4246 6526 6636 6838 3923 2308 3578 4475 1654 6683 8991 5421 9 6380 6082 1563 617 2627 2470 912 4590 7319 1833 3590 5605 389 1828 3144 2335 8478 4594 8004 4539 4564 5393 9179 6337 747 808 4336 2900 9353 2715 3917 2992 8896 8621 3251 50 664 2002 8815 8567 1274 3354 7270 6470 2593 9099 3723 9084 3556 826 3775 7792 3244 8666 655 665 1566 5122 8551 6629 6777 7921 970 5429 4596 6339 9481 9725 1923 7915 5697 3374 4 9588 
6910 7291 9192 4497 3573 3859 3995 4112 9464 3066 548 79 4834 8643 2194 1897 5646 4550 2923 1551 7253 3303 1778 2425 4185 5767 1973 3591 1293 8797 3213 9189 4604 9789 5305 2433 9090 2405 3544 7798 9799 485 2514 4183 2358 8712 4124 6162 4307 2267 7235 7813 6718 4051 4840 6869 2940 4391 453 1533 3384 5913 9297 7543 5684 3636 2597 483 784 465 1565 5546 4055 65 698 5151 2014 8972 6098 5544 5477 6725 612 5773 3118 9616 4542 9383 4330 2339 7686 7439 6486 3051 9989 3211 5446 8868 3024 5966 
8770 2352 3201 4585 2869 2492 1350 2183 4432 8651 4874 9827 8264 3411 8301 4330 2494 1611 8779 5845 3612 1307 8018 7289 2384 8453 4150 7802 7325 4031 5377 5220 7060 7570 8453 216 7396 8537 3279 1126 4198 6972 7745 4819 1199 5223 1103 9531 7851 42 6739 9496 9260 8933 9053 6086 9048 5324 1623 5698 2924 3816 2252 3062 3432 635 5943 1695 6891 6487 6032 7999 7464 2890 4720 2029 3298 7491 8908 5681 9880 5916 5186 9032 5553 7668 2860 8570 1570 838 9093 1409 755 9073 4764 9911 4141 3032 3051 9172 
268 4787 5503 1380 2368 5400 6258 4803 284 7551 823 5180 9459 8523 320 6615 2326 7973 9243 4955 4394 460 7466 8237 7119 6528 9496 9083 9924 8313 4278 1873 8305 428 2976 5844 3842 3973 9379 2024 9214 8151 6894 2816 2663 6042 3568 4803 4132 9179 6029 3524 4004 8650 6951 1418 9781 3812 8160 8689 5957 8894 2100 7569 844 794 3878 1030 7721 4918 7459 7976 8685 3416 946 5888 9550 5564 5250 6033 3223 5610 6278 2292 5302 1400 7433 7438 4644 6516 5593 6801 542 4260 5188 9539 2722 4063 5406 4107 
3402 5228 9585 9124 4223 3472 8978 5402 7301 703 4378 9188 3614 8811 3905 5952 5457 5077 477 3706 6215 6241 4753 5192 1382 4913 8140 4974 6859 1266 7239 2884 1267 6916 1491 4302 7794 3959 9427 1329 5784 3408 1592 2934 6558 2165 1654 757 2947 2786 1667 4978 6344 6654 1781 8684 3999 6608 5541 2066 6055 5472 9137 4750 3352 912 4472 355 7497 3018 3707 696 4182 191 9454 7030 7220 324 5306 4405 116 1383 7798 4341 8823 8558 426 1987 9024 3939 3794 4820 7388 7923 9162 3798 4358 3571 7830 4597 
2741 5597 7975 7118 1449 9017 8337 7279 7436 9095 4389 9691 9226 3161 1499 2240 5206 2113 478 9564 7372 1761 9186 3104 9342 4417 2461 2612 467 9003 2691 9183 9574 1454 9436 953 9572 4893 302 7938 2066 4910 3939 6069 4337 9103 3637 5661 9231 7049 2624 453 5400 8838 5994 5627 9742 1089 2035 3150 6745 4904 3526 514 3917 2530 1950 3861 1304 3779 8423 641 9005 4099 2402 3541 7304 7515 6212 2338 9522 8034 598 5902 8016 1021 6352 2157 4651 8211 8134 7988 251 5784 3674 619 7979 2687 6234 5473 
1229 4697 98 3996 9112 5230 1461 1747 6515 4755 2408 1971 5587 3411 360 1546 8348 4049 484 7723 7832 1284 2054 6871 7518 4452 8576 4551 4052 9781 2480 9150 7880 8995 2636 4815 6361 2422 3703 4110 4987 8552 981 2431 5433 5266 1008 9984 5049 6118 8151 4199 350 7146 4033 2986 5839 7561 9717 5934 2430 1225 8708 4928 4854 6268 9758 1477 1936 6743 9549 8273 2414 950 565 4741 9183 4080 2613 1374 1641 8682 5732 6957 2284 6172 8990 4506 9600 5983 8142 1078 2727 9351 4994 5061 901 2970 9467 3734 
3738 6512 6467 7066 514 574 8488 5797 2105 5782 8879 5053 8818 5268 4131 7763 2987 1032 3181 8090 6970 4016 1905 4723 7485 4307 9171 7370 620 4049 7932 6611 776 8458 8120 1118 2774 2385 9889 2099 9545 2642 9256 9525 1541 5766 5097 3082 4162 2485 4516 398 5575 1546 7451 2339 1015 5163 7866 6855 972 2624 1364 3811 201 1207 162 7008 5978 6594 9770 4937 1146 1640 3697 6646 3828 5171 3540 9011 9531 2251 5652 4497 3809 3573 5828 3859 3995 4112 375 584 9215 3066 548 2177 781 2537 5903 4834 
8643 325 3777 8854 2967 2978 8041 5260 4550 2239 4956 6515 1349 6345 5846 4518 1778 4037 1592 5767 1973 4135 9799 9060 2802 5352 6069 2487 1136 6666 8030 7859 627 5695 5812 9814 817 9556 259 2104 1328 5203 4319 4075 2586 6765 6874 6194 9737 9399 640 1429 9097 6888 652 4972 2304 3275 318 1566 3210 1354 2172 4709 4994 7256 7278 681 9118 9771 4743 3627 2001 1546 4623 6259 6771 5712 4379 3253 7239 9912 3974 7983 5404 8023 2088 1527 6270 331 379 2809 3463 7568 3267 2717 8714 1884 2308 3285 
9541 54 3193 4679 3203 7164 9317 2970 1277 7759 8688 5725 2449 7832 3661 5469 3563 34 7793 6338 8103 4647 3416 3936 946 5799 5613 1371 542 6798 9199 3136 5675 5876 7821 7858 9272 1587 4711 6082 3714 4854 512 9390 8561 418 3368 2969 7142 1604 9098 755 8477 8000 986 8285 8005 3601 5948 4810 5348 2948 5608 9154 278 5544 1500 4702 5323 8118 1465 1883 7231 4093 3016 9647 6091 1414 3293 3592 7113 2007 1664 6858 7612 9511 6464 8741 4387 9454 7220 5306 6971 4405 1263 3421 8558 5234 1987 9534 
3939 1216 583 4820 9162 3571 7830 2798 4597 2741 5597 7975 3351 2517 9017 6106 34 8453 7429 2493 1139 1091 8848 2693 9433 3712 7965 4938 3521 423 5465 8245 9664 5242 6228 1056 9809 8993 4174 3522 5441 618 1825 1684 3721 699 8360 3318 3610 6408 4585 4958 460 1062 554 6605 7478 2441 4908 6451 5983 9356 5928 4552 7465 9875 831 921 227 1314 8574 5533 3789 7978 2191 6748 8673 9097 5677 407 9331 3251 1921 7732 8193 9050 7328 9707 7069 8552 6321 4870 2011 2785 6181 8183 1782 9932 5377 6378 
5575 3075 4298 5220 7697 5880 6293 1096 4023 2878 2731 6845 9930 2799 6983 5477 4056 8160 819 3676 2546 7873 9212 8940 7403 5625 7547 9865 2050 9516 9358 3113 7771 5481 7027 3552 5781 5229 4746 8497 1702 101 2306 4439 7992 3036 6207 783 2051 4453 963 7845 6718 3906 5380 8237 407 2193 7917 5670 5954 5591 8213 7903 4788 3909 5295 4450 395 2650 1487 730 4729 7182 8421 5889 5090 5971 1182 3273 9355 1024 9459 7043 3024 1183 7842 1820 933 4866 3948 3792 6633 8616 1141 8246 8155 6817 5718 778 
2839 5946 9849 8815 929 3652 4539 9011 1253 4209 8334 4536 8303 5649 9977 3028 5144 5266 412 4948 2914 7926 1013 2654 6048 696 5276 2369 7270 711 4284 8333 3234 944 7826 3414 4235 5829 8862 3325 4995 7176 5010 3342 4851 6023 6868 1991 3930 7297 6000 3562 7386 8772 5166 2593 3832 8718 847 2843 9460 370 9725 9147 4800 7313 6825 8783 6988 2887 2591 4656 9468 131 8964 963 9361 6371 5964 6995 1680 1764 1763 5603 2686 1020 5153 9692 7807 8514 2431 1289 2948 9141 2601 8477 8069 2717 2652 9084 
7061 3223 7949 8749 7847 2942 6852 8814 433 4917 1055 579 3110 4350 2114 481 3512 171 8899 2429 8793 9433 5342 8183 5035 4903 5959 5421 7536 7400 227 131 8518 451 5487 5380 4689 205 8048 6681 5340 1202 2277 6619 3233 7803 5000 1219 3463 7664 6622 7053 8454 7081 9859 9285 6109 2730 5712 2485 319 7233 4896 5609 9774 6639 1434 2998 252 6875 2196 1037 3201 5436 2426 2557 6930 7161 9046 1233 8484 4010 2572 6931 1550 7715 2446 9262 34 4281 5638 9673 22 5351 9671 4613 6098 4889 4152 5354 
695 7700 2107 8670 5104 4583 4795 6498 3598 6433 2898 9113 9617 6763 476 4206 8129 9942 3241 7908 8456 6469 9664 3353 3254 1649 5015 1468 8129 4392 9653 6212 3286 1125 3227 3914 5114 7820 3649 5520 9780 9065 7180 4588 9712 2 5901 784 1076 382 5176 6388 9133 9981 1428 7070 9281 1153 236 5401 3770 3379 8019 2409 6654 1744 1204 6567 3400 126 6603 540 7603 8395 4160 9830 8605 9104 7086 68 8460 3490 2429 7934 204 6367 1245 5977 5279 6662 3775 2414 335 991 554 220 5344 4917 197 1657 
1785 8826 5084 1654 95 6796 7620 5370 1292 2361 1276 4342 1122 8515 2439 9504 9103 9438 8282 3307 2093 8047 5107 4840 5522 649 7550 9253 91 3653 5191 2580 8304 1466 7045 7314 3874 4315 5280 6574 6275 8636 1110 4733 0 9121 3739 503 2069 3920 3732 1459 2545 3178 1990 4838 9882 8001 6872 5856 1570 5168 7611 4686 6396 1720 2091 6380 9137 7968 452 4750 6162 4770 812 2116 5063 3939 4761 8115 4960 973 4510 4665 1459 3575 1766 5706 8157 6489 7366 1461 1333 6081 6962 3111 1212 4720 2789 2155 
431 4068 1920 449 2128 7071 8094 7622 8783 9573 5653 7860 1294 8897 9347 3791 3600 7112 8247 3558 5469 1247 7403 7679 9456 1345 115 8115 8569 3180 9638 7211 7494 1032 4710 67 9909 8874 628 1708 4556 9522 2955 444 3217 2710 1253 7169 8660 6374 7003 8204 8619 5872 9166 6425 402 249 1542 7204 2964 2932 1954 8625 1183 8966 508 5925 8142 7775 1699 6277 2810 5180 8591 2522 3857 5247 3601 8103 4067 3876 6206 16 6690 3647 4639 4546 6569 3975 1456 9870 8990 6927 8206 7382 9128 8103 4091 352 
257 7219 3473 9988 5598 8298 6720 2694 4338 827 4740 6305 9014 7033 932 9782 1548 7866 3451 1750 201 3678 5586 7039 7032 5351 4893 8373 9096 5269 543 1503 4611 6314 3107 3389 1547 3047 1711 4463 7305 9829 526 3063 1104 8871 7538 4937 4766 542 8300 7498 1102 3097 5155 2522 7295 2777 6757 8417 350 4450 4033 1487 6729 9307 8197 3716 8232 6349 5578 8128 7436 5462 2922 7030 9960 8515 2505 6142 5800 1684 9421 8432 7799 7527 7358 9439 5782 1453 1904 142 2636 347 2214 8099 4758 1534 2685 6281 
7317 8296 2163 3026 729 6428 7510 3384 7420 1843 6165 2978 4857 5104 3695 2905 2499 5077 5336 1472 8995 9818 2518 4651 8722 4892 3209 8711 7278 7711 2512 9746 9693 8195 6648 375 6512 3402 1184 4643 8365 351 9259 4862 3135 6869 635 2480 7792 4796 9229 1237 1647 262 8299 3893 2419 4874 1867 9663 7895 3013 5172 6055 2777 1368 7824 348 2767 605 4635 4556 1800 5043 5095 3390 26 6989 6793 3508 9615 5478 7305 3552 4926 733 514 7503 7259 8822 2356 6684 2163 7236 1727 3739 2215 2488 6928 9841 
6499 4527 9034 1389 6015 7132 3411 4037 9377 6986 9616 7221 9909 2078 7566 3145 8454 5329 5755 1258 1488 5301 4646 3755 975 5515 1988 9785 5692 7624 7381 4055 1439 7231 2357 8092 8016 2667 1416 3446 6888 4591 6001 2341 3022 473 1668 8299 2336 1242 4885 6329 2930 5089 4689 6345 6558 2165 5683 7694 3277 2947 6753 9619 8609 6163 6097 6269 5245 9222 2022 9030 2762 2022 1023 8621 5005 9239 5416 1651 6303 8126 7049 6608 611 1370 5923 6167 8400 129 1586 1663 1168 5456 6890 9776 8866 891 236 287 
2806 4361 3232 6369 4491 2587 604 7909 4294 9328 6100 2338 330 3279 5858 3342 8149 7435 2563 2606 1214 7610 3920 7429 1608 3135 2522 790 4279 9891 929 8294 7968 5860 4944 7183 1739 6670 7536 2800 2741 6130 7526 1438 789 68 708 5711 2326 7587 9426 9615 5089 1103 9888 3020 1698 1227 238 1065 1764 8044 7050 1449 2101 5706 434 6672 4789 3924 7094 6490 7781 2451 2323 9012 3091 6200 610 1663 404 8156 6665 6817 9903 9122 3592 7113 7215 5231 7873 9541 5425 1450 1556 1459 1266 9461 5921 5277 
4635 2714 1773 6822 2378 3956 1199 576 8876 9555 551 1304 9501 5975 3251 7317 2214 5491 5791 8519 130 3994 2194 2468 1375 1527 5663 5110 4359 1788 6659 6767 7305 7489 6807 9278 7340 2906 9615 5478 7829 1642 5839 2218 7503 5363 9931 6344 696 788 2726 8031 5720 6318 4730 7772 4994 4897 9665 7001 7043 8436 8578 1972 7142 8988 8397 8667 1758 3262 5839 5800 4883 2354 5445 3127 4503 724 5243 3094 5059 4413 1369 1791 8721 2668 7697 5871 824 3649 4374 8013 9617 2988 778 3741 2357 7239 9030 547 
5741 8082 4295 4616 8027 7237 4477 226 4002 224 4525 7552 9735 5019 983 9720 8417 9683 6395 6925 3792 3948 5108 7987 626 945 4752 7592 3796 4658 1369 1791 8721 5871 824 2215 3649 6213 7640 4374 8013 9894 9617 2988 1346 3741 2080 2357 4689 7239 78 5531 9030 547 5741 927 3142 4295 585 6368 9913 4067 7237 4695 2854 3507 4002 7125 1578 341 2317 6319 1456 7475 4841 1610 6619 1812 1704 5599 3489 1077 712 9078 4602 6841 1058 7016 9184 8878 2441 5508 6553 665 4828 3146 7244 6775 9117 7928 
3950 9922 788 2841 4207 1205 5150 4987 654 7712 530 6804 8138 7082 6808 3135 3353 9615 9229 7580 262 9698 5580 5689 1902 4296 3526 1403 2476 6100 3322 9630 9130 6286 9656 8842 5160 6856 5565 5887 2630 1312 1106 6426 2916 8140 628 9979 4501 5942 6388 859 1915 655 4831 6530 4956 3034 5806 1211 8344 463 1691 240 9075 5094 5332 5024 8274 2130 3429 4848 4470 9077 1595 6140 2343 9883 4705 953 1558 6115 4410 1313 8603 526 2624 473 3286 3434 2518 2341 3712 9374 51 5603 31 6383 9618 9077 
5640 7575 413 6825 3450 8043 7438 5730 4456 5321 4143 5683 8896 3416 1680 5616 8705 1564 7507 8756 6914 9339 6130 6451 6821 5477 6353 4283 3096 3695 1571 2819 8525 5962 3428 8829 3393 8953 5672 8816 3501 3937 9689 1977 503 8746 9774 5953 7380 7612 7707 5719 1837 5714 5488 4424 4445 7154 4323 7983 6964 5036 6442 1594 4410 1475 6314 7909 9161 1523 9968 4778 9791 2946 8382 995 630 5780 3914 6683 4709 6242 556 4836 9753 717 1954 111 6348 8939 9899 7762 5768 2896 3559 6946 3985 9642 3088 5033 
1623 2622 7021 8367 3116 9122 2592 9078 4431 3839 1916 6624 2979 8695 5672 4873 833 8047 7711 303 6927 8204 6380 8191 5331 8884 5392 5859 2514 6795 625 8781 2650 7933 8851 3830 8978 7382 8510 7421 8474 3393 8755 6943 4863 3349 5417 6877 6570 5064 8862 4496 835 7468 9125 8187 4395 1726 7102 8570 9960 7963 2120 8747 1684 5512 39 2809 7475 2420 1591 5751 2804 2931 3389 5437 5539 9487 8816 4436 6950 9619 3349 482 5404 5192 6904 3628 1248 1222 6563 2537 5762 1112 6304 339 4730 8560 9196 4130 
5720 7076 1376 1254 6661 700 5677 7046 6097 3253 8001 8944 3172 1839 4636 3247 1926 724 1542 111 1482 7528 3519 2964 8131 2932 6521 6413 9743 5270 2742 2370 9985 6660 7775 1699 6972 5268 5093 7515 4959 2810 7701 2254 4987 8539 4527 1984 7909 7381 4518 9610 4703 1159 2243 9131 4788 3184 3394 4524 1477 5334 4052 9643 7247 9053 2044 7987 1654 4125 9835 2709 4649 7346 4952 132 3317 1880 2943 4193 217 4420 3081 6106 6622 7134 8509 6265 3221 3623 1162 2019 4676 1001 3673 8802 2734 3451 7686 3584 
4043 8548 3339 8765 7759 5037 1847 3866 1659 5333 8727 4277 8554 4484 4252 5243 5646 6648 5074 3836 2678 4877 8371 6716 5039 7111 8066 9940 450 4562 6904 4913 7143 9794 3638 8659 6638 2361 85 1391 5198 4194 6529 2411 6583 8491 1363 7081 6121 2863 2963 7974 4411 4468 988 2575 1066 8364 1227 8039 480 6151 7627 4054 2513 9091 3925 5034 7728 1847 2898 2216 4809 7140 7351 4582 3285 5135 9746 8709 8431 550 325 5596 3127 831 3727 2318 3017 403 836 7738 6402 2658 1580 6181 7522 4252 612 2859 
7913 4461 2234 2151 149 147 7955 1887 9845 5817 2986 9084 1331 1583 6325 352 8699 8955 2484 3815 9284 716 2885 4260 8495 5188 9539 5485 4063 8918 5406 8343 1163 7383 9461 9750 2995 476 3176 6189 9827 9829 3487 1416 8866 6217 6312 6939 7380 8683 874 3300 9807 871 9828 9204 6652 3278 8064 8393 8452 8033 1164 8822 2887 6180 6833 1567 1573 5773 1685 3676 4948 22 3521 6033 8925 4601 6248 5504 7933 7876 9161 4496 988 6854 1802 2964 6993 2733 8926 4387 8793 7954 4072 2813 7041 6835 4334 5430 