9001 1574 564 5686 9750 7299 1205 3986 2507 4758 6706 2977 8119 2965 3429 5297 1180 7671 1569 9876 7212 505 1041 3763 5667 6544 5840 7183 1968 2889 1490 4733 981 4624 8369 5916 8187 9560 7894 2707 2952 6629 315 5429 6339 9481 9725 1455 9890 6140 8166 739 8393 7171 1288 6626 1688 2165 1513 790 6210 2742 3421 6556 2656 8380 448 9398 7178 7153 3259 3594 7402 24 1924 2348 5976 43 2777 4256 9592 9518 1063 324 7126 7802 8183 5630 5029 445 3352 9140 2656 4990 3547 7538 7982 2683 7354 7721 
4502 5945 5704 149 1769 3931 8248 469 7082 5970 4248 2614 5922 4576 4575 5696 8743 9728 5862 5006 5842 3461 7232 1286 7743 3012 4641 8225 8163 3857 3532 1987 2750 9895 344 7447 5494 2052 8240 3317 1508 2685 608 4437 3479 7887 5517 9938 3995 8023 5296 9162 5711 1926 439 7439 1060 4570 6950 2787 2587 1802 625 7521 7403 308 8600 5063 4026 8569 4697 3043 3815 4926 8500 1289 1376 2517 8337 8920 7436 3188 7331 1513 3529 9851 4485 6431 560 4141 5503 8470 3789 7318 1608 3780 1939 9651 5856 545 
6301 8275 2690 8244 8400 6166 7741 8774 380 7359 5815 5085 9900 7876 9322 628 1708 1080 9522 8301 2710 6448 4955 8660 6374 7865 3192 9473 672 6190 8933 6253 8972 2679 9910 7292 1080 875 9246 1570 1507 5348 4636 9167 1883 3853 9452 5874 8176 9468 1117 4295 7903 1177 2349 9522 1854 819 2287 9234 2094 3258 3886 4951 3157 1187 8752 6934 9299 4027 7708 3659 7565 6176 2280 5625 5570 9764 6378 5060 2051 59 3090 3330 4698 1999 2455 6961 3077 72 2450 4067 879 6395 7776 5952 1452 3878 7805 3414 
9904 3004 1183 4854 5362 1025 9734 6115 4868 5370 140 4112 4473 1994 8531 2380 390 7147 8971 1340 61 3748 7 6854 9624 7660 8496 5577 9235 8706 5429 8406 717 1406 990 1973 7589 8864 987 6179 7697 1604 4857 7275 8170 9635 9988 7327 9194 6866 1443 8282 5928 1059 8037 1732 8762 5933 7105 4601 3968 7200 8496 4265 5987 250 8239 9663 5504 8903 8606 9889 2851 992 7469 4025 6673 7029 7579 5401 175 7896 5544 648 1716 6473 6399 4229 7009 5532 9235 1365 6493 4310 796 9033 1079 2032 4413 3804 
5411 9272 4030 580 5558 1367 4007 2198 1617 7313 7971 9585 5491 3549 5732 3872 5394 8364 6723 9966 2308 7747 204 9813 37 7032 1447 8627 7304 9556 5201 4049 1067 4529 1505 2615 4171 1119 4398 9599 7532 3423 7952 7494 2517 8087 1119 4213 7998 789 6185 2602 213 1722 3543 5971 954 7792 4799 6096 1767 4412 3827 6986 1275 9677 40 117 9319 6835 4178 6278 3565 8402 3507 4711 9954 4912 9570 8270 5234 3311 5260 4506 3043 8360 6785 7114 5771 2292 6854 7065 9660 4333 603 7879 8798 58 5666 4357 
3434 3180 1606 8732 2359 9276 9071 2256 5248 8269 4955 5262 1321 1085 3016 6329 6677 3666 1146 9557 2477 7534 5286 3726 8073 1872 2055 4622 6007 3835 7345 2684 4832 5293 6351 3526 9435 7208 3802 3107 4743 6207 4745 5381 4384 9806 1464 1813 5654 2966 1661 1486 6780 7796 9750 1919 4961 6897 537 2890 906 266 2245 7307 1226 9087 2209 3916 8118 4493 4802 625 8781 2650 7933 1531 2866 7334 3893 9573 5998 8434 8474 2141 4238 6943 4863 5417 6877 2486 8587 9415 6561 3490 5072 911 9001 4684 8193 2420 
6988 2887 337 9468 6448 2881 465 785 1318 1680 4392 4218 5029 4606 3365 7895 8903 63 9383 8474 2494 2858 7439 9640 9314 6933 6556 2300 8551 5324 657 7303 5556 678 5070 1541 5512 6324 5545 8193 1534 2059 3752 3510 2591 2356 3789 9795 6873 1130 5879 3450 8156 7554 3631 7132 2777 4246 4070 5717 612 6322 3612 9654 145 5446 8047 375 8578 1479 1124 3321 2664 8034 6798 2901 3610 8898 223 9397 4365 1304 5966 6040 1597 8519 1622 4157 7358 4231 467 9532 9982 7487 367 6067 5921 5514 9044 4576 
9782 8398 4436 5535 6998 3587 6471 9157 1887 4691 5392 2350 9314 5533 8351 5192 6680 7983 9820 944 5325 8595 6039 7339 7882 5845 3612 7921 2384 1363 6026 2144 7802 4031 6065 8443 1424 4097 8049 8551 3803 8321 843 12 5893 466 1419 101 951 2363 1927 7288 4021 3676 1138 8806 7846 3762 5004 6540 1642 8547 1541 7816 5327 4959 1190 1205 1475 9050 5671 1551 6185 3750 8336 1304 1188 2352 8262 8519 1574 1587 3319 2661 467 2202 2991 3245 7314 1898 5217 667 1703 6600 4361 5305 2683 4409 7502 4405 
7613 8200 1089 1537 9055 2843 9281 5760 6260 3681 5250 8668 7319 3251 4980 8112 955 7989 7454 3338 6534 190 8618 4593 9358 3768 6388 8770 7851 7831 6472 2029 2277 8910 9514 9020 8854 3860 325 2331 6359 9964 7856 6486 8232 9712 6416 4767 2985 9344 1191 1155 2457 8943 7939 564 8954 3369 3835 1188 7645 6489 5576 41 352 4764 3808 5265 9715 4563 3924 7102 1128 7560 7118 2524 7822 7660 4424 7480 3667 1805 1521 5711 9692 2353 7108 295 5136 3348 4577 3875 9784 2087 746 4511 5904 6609 1272 3914 
3316 5226 3822 5603 5371 2686 1020 172 5153 8594 7927 1690 5525 3021 3704 2431 4421 5340 3098 320 9313 8069 463 8506 3884 3957 5863 2054 5685 1006 999 2727 4096 4034 2070 7338 2150 9661 5533 6994 5947 8968 6281 7317 8296 4239 6428 7827 3384 5250 2272 5872 5937 8110 8791 8166 9330 8319 6860 5061 6461 154 3576 4119 2415 2680 900 1215 3395 7422 9000 2237 1701 5277 5748 5712 1512 7674 6062 2551 8586 9203 7279 7661 330 1274 4130 9069 3082 1622 1476 7019 9702 7127 9277 7554 9528 8123 9383 4432 
1611 5774 2858 5858 6590 6452 1662 4399 6062 5053 9593 2743 5180 7282 7763 6680 7983 6672 2306 9820 944 2580 2026 6343 1268 8874 1450 4245 7358 6215 4015 6329 2392 8921 2647 6288 3069 3362 6477 2754 2711 7601 578 8306 3390 4407 7880 3697 8516 1259 9565 4767 2089 9857 7737 2241 2586 3356 199 1533 139 4824 4721 1400 5118 2415 4340 1215 3395 7422 9000 2237 5277 5748 734 2863 6659 8289 1914 5218 9442 8386 4722 3595 7419 1605 2154 4614 8105 1480 1210 2657 7294 4800 7148 472 4451 3609 754 3826 
7543 6650 1812 2172 7791 3544 3017 6458 8947 7582 4397 6247 1018 7364 8868 2564 515 408 3887 3415 8012 5231 5217 667 3122 9528 8779 2157 8052 3390 26 9146 7340 395 1007 5141 7829 4926 3832 5839 7503 5363 2703 7259 1478 8822 9325 8438 9931 4471 5095 9454 26 9146 9831 1642 3832 3002 2703 8438 3648 5438 3039 4407 7962 1259 9565 1377 4485 6497 2089 2849 7737 2586 199 8315 9574 4824 4721 8982 2475 5260 116 4940 4705 270 6905 9891 7108 2045 783 6773 4822 4019 1179 2186 1043 803 732 1906 
5211 6390 4929 2230 8256 1390 8294 3033 9062 1970 4068 2934 6632 2087 9527 4542 3383 59 3978 6630 5916 1982 8175 7702 391 6397 2303 4333 691 9483 8668 9270 8721 940 9177 3982 5575 2709 6882 9276 1322 2437 5294 9119 60 6594 275 4830 147 1011 3380 8425 8402 9986 2697 8452 7232 3176 6381 3304 1728 30 3062 7743 6018 3656 127 4098 4333 3170 4618 8367 2643 6847 3408 4301 9983 5598 4089 8917 4567 3439 322 6956 5911 9398 9236 6407 7201 6058 5933 2053 7751 5856 7654 4455 1842 6413 4783 3209 
1284 7678 9314 5533 5649 2758 6904 3628 3115 8435 6563 4972 1356 9843 339 4730 1215 4130 3116 6025 2590 7463 9280 3286 6673 2729 9160 3789 2515 7915 8499 2048 543 5658 7432 5524 3970 6526 9704 5811 3726 6761 5214 5782 8279 8590 5659 6956 9458 5171 7334 4655 1276 7613 5608 491 5751 3702 1270 5004 797 3319 1278 6746 8016 8560 5109 6659 1262 8886 5000 7167 525 9930 1694 6960 8643 2805 3987 2522 9687 5252 2420 4405 7719 5100 5657 3958 991 7053 6427 5185 5004 3351 2574 9898 7172 2336 1175 2551 
1970 4446 1510 5253 6795 3109 5823 1376 7933 2866 7334 3893 9573 8434 8474 3393 8755 8216 2592 955 9368 5728 6316 9147 6448 9361 465 785 3635 1318 6806 1766 9494 8768 7385 5661 8959 2831 7453 3674 8690 6669 7149 47 8123 98 4395 543 2090 594 386 6253 5658 7432 5524 6526 9704 8262 6761 5214 8279 2629 7405 7727 3482 7334 4655 1276 7484 688 3528 4961 598 8796 72 4610 282 1540 9730 3227 8983 4679 4791 5653 3849 8996 420 8693 5756 3818 1366 5249 3534 8250 3008 6693 2940 8441 4228 5557 
5866 698 4757 7508 9455 4935 3475 6976 1040 9916 5768 169 1035 5569 6025 8960 9249 5770 4268 1792 7462 55 3183 5514 8309 686 4673 2342 1877 7767 7482 4978 1743 5034 8783 3508 6405 1260 9263 8546 8967 9385 4590 5764 3655 1951 8732 405 3042 998 7316 4409 8898 5993 1386 5170 9214 8494 5516 1265 7546 367 5617 9728 2570 4092 5920 3754 3429 9282 6562 4071 8524 2578 6312 505 4963 7795 2126 9658 4784 4911 4588 8195 4437 7728 9535 6073 6196 4178 4021 8213 9537 6837 5670 5549 5221 4246 651 3299 
6553 3390 3812 1823 3279 6070 7752 2530 5230 6699 1561 1883 9250 5917 5239 2739 2318 612 3558 8798 8933 536 5761 2379 1313 1983 5622 4796 6599 483 397 8030 925 3002 9182 855 4827 88 787 23 4057 5914 8111 8927 1394 9896 6271 8618 5114 8075 5820 3897 3978 441 5809 34 4856 5217 1097 2493 4191 1270 7459 1990 3494 2123 5457 9343 260 1948 4329 7482 7584 2131 8013 5088 6035 4094 4122 7301 7984 9273 7291 1782 5377 6754 2702 4912 1401 5880 4218 961 2460 9351 7638 1312 5612 4870 3931 9124 
1663 5456 6448 7510 4099 9394 4678 403 5913 4140 3089 870 3670 5094 2948 2983 5351 2946 531 8916 6488 6405 5705 9683 9744 5087 6852 5402 2295 4269 3862 1588 6291 2007 7861 6464 1195 7388 3798 7830 2741 7118 3638 3698 1499 6007 9564 9384 9941 1977 1245 5508 2432 7654 7099 6588 5406 3306 6784 910 2604 2051 4829 8309 1943 3776 5354 1868 812 7377 5030 2228 7049 1638 9373 2904 5685 5563 8678 343 4546 8843 5923 4361 8847 6323 7983 899 3065 8406 6826 917 1836 9817 3190 3913 1492 8797 4186 2183 
5697 6663 4863 3752 3722 83 4641 207 1575 2952 3954 779 3780 7042 607 5635 9703 3894 996 2959 3245 8495 4078 5031 3504 2112 714 6150 8283 4513 3168 9677 2730 560 320 8137 6639 863 7376 7277 2446 380 9479 2052 22 6098 4152 7700 2107 8670 4097 6375 2987 3504 3473 4935 9039 1533 1777 7593 3344 1575 6978 1310 9860 292 3954 5191 4071 6451 4873 653 7191 781 9769 7717 1379 9184 1065 6594 3492 7786 6949 6630 7908 2793 8585 1180 2964 2415 7374 5495 1828 4170 6768 3821 222 1611 3501 4493 
3109 679 2500 1083 8885 1075 440 7308 8088 9921 7640 5006 4431 9402 1847 8800 9593 2743 5180 5242 7763 6680 9210 5780 8558 5658 4972 1356 7565 9009 2209 3419 7156 5678 6543 4479 2706 4519 68 542 6966 8668 5048 9572 861 184 2096 585 4757 3559 4231 323 6887 9857 8990 457 8728 1876 956 5753 3965 7735 3112 2490 1563 9729 658 6435 6321 4533 333 1192 7839 6427 8354 530 3969 2777 3201 394 8220 7775 7153 3400 5845 3839 6131 6330 8191 5141 1865 1942 2559 7376 3238 4194 1258 7389 3353 5506 
7896 1100 2965 6405 1259 8964 9719 7241 5701 5050 9197 7094 8421 6317 9604 8551 3459 2259 1250 8071 3842 7025 8329 6538 4265 8421 5696 3475 3447 1804 5754 7927 2707 8731 5543 4828 854 2546 3965 5979 2799 6348 3817 2853 7545 8714 4321 2743 5724 5032 128 6447 9090 6848 5072 3592 5868 6368 7915 5096 9751 490 1596 2758 1306 9986 6905 8990 8366 759 1861 5098 2933 8776 1909 9136 6952 9846 3149 665 6757 733 18 3343 7101 3945 1473 7750 2338 6729 8246 7215 9628 361 8428 1881 373 9978 4994 2264 
8993 6217 6513 8817 3719 1854 3733 8652 7289 369 5062 5672 9680 7611 3274 3082 7794 467 3754 9982 1898 6436 684 3328 411 6189 1489 1549 7118 7822 7660 4424 8890 9128 2991 7949 9498 4469 4519 8115 8912 183 3542 2938 6466 1469 851 4372 2945 3772 8461 4678 8620 6609 9700 4027 5564 585 1437 3257 4313 9487 5008 8327 1958 5740 6636 5427 1652 6024 8525 3689 2711 7054 2045 5001 7888 6952 3164 5124 925 4230 7060 7205 8934 1645 9700 1064 840 5738 2091 6891 5953 6242 3394 4117 5950 3748 4800 9707 
363 7070 480 9604 3002 8609 9126 8930 8682 1054 602 4473 5849 1759 577 174 1712 7057 4226 6036 8885 9836 1348 3040 1322 9255 1680 4428 4028 7131 4690 2459 2447 5945 2130 6687 5542 2338 3170 6202 7053 5935 1811 3866 4657 3726 2546 684 7346 6619 5069 3233 7250 7803 9331 7259 9493 4778 2959 930 7611 889 4038 792 8436 7942 5526 8439 8159 3264 6440 3946 1187 9271 3760 8548 5078 4313 7935 891 4167 8853 9818 8068 8064 600 592 6910 2846 2256 2368 4319 9639 4091 681 5260 3257 5032 5587 4368 
8326 6511 463 7282 7763 5738 2496 4130 6317 116 9540 7834 4783 9487 1755 7678 9619 954 9512 8351 2758 5192 3628 320 1248 1222 8435 5866 6411 9465 5291 3510 3186 2600 3893 3240 713 5050 888 5193 5657 6102 1808 9166 9630 5033 8769 3047 4613 8349 5533 1051 7009 7482 3419 3725 8172 6401 5350 9693 5911 5490 5784 381 1204 2140 8943 7939 4855 1746 3369 3311 3197 4927 7355 3736 2679 8361 2167 684 5402 6189 2458 4569 4958 3495 2070 9278 3508 395 5141 7305 3552 733 514 5363 7259 2356 6684 2163 
6344 1727 788 7986 7779 9157 1454 8662 3152 4087 4926 601 8238 2415 4348 8379 399 7308 8604 537 2309 3342 5156 5615 1805 622 3724 9902 571 6289 8163 6533 1323 1226 5877 9009 6367 2576 1830 6686 7890 5803 8659 6602 3843 9857 7304 726 4721 5097 5080 5653 8675 1828 9349 6152 7394 5723 5889 9658 9034 5612 6225 198 1651 1736 3871 7853 9630 4081 7517 7415 9778 9422 5050 9632 7721 9841 6755 1474 7456 5015 2291 7853 8765 6896 4900 8946 5291 7684 9129 5460 1215 8251 7422 2730 8175 9500 5445 4791 
6098 8195 574 1859 5763 9270 7296 1328 9347 3465 6695 9413 4388 7348 1605 7974 742 7028 9913 7442 5223 3261 4615 7005 4135 8651 7203 5197 1260 3554 3729 1350 4849 5327 3365 9196 4147 3044 7212 2257 8034 3245 5593 7465 7215 2145 7557 4794 9986 1238 3122 5617 3293 6706 8119 6562 4071 1569 2392 1537 4788 1700 9497 2215 6009 9669 8542 5739 4035 3855 5670 6304 1063 9591 2672 6641 7826 243 6302 2697 5459 4471 9661 6925 2205 1230 9866 6674 8504 7811 2988 898 4244 751 7764 9846 4258 4431 9957 3167 
5380 799 7561 2505 1119 1835 7308 5662 254 7668 9904 820 9677 6651 191 5370 6937 253 8218 6808 2909 8058 8754 7172 8747 5792 159 6990 4046 5130 9219 6618 4051 5641 956 6541 7495 6576 6608 7508 381 3363 9242 7945 7320 4784 474 527 4845 8570 8188 8569 2850 9739 9059 8308 779 8668 3251 7317 955 6534 3427 5253 7973 7873 9269 7646 1214 250 3681 1954 7052 843 681 3257 4218 1082 5226 5222 1092 2079 5852 3667 1333 768 7243 7370 428 9790 784 5711 2945 5637 5969 9692 8725 5119 4135 4866 
1304 4577 9512 1306 9784 2527 776 2466 40 8841 3581 7952 3228 3941 310 4134 6543 119 6513 4908 5742 9728 4079 4167 5862 1940 2076 8183 8828 3461 1344 6492 5893 8107 47 9928 3380 1286 5457 7651 1728 30 3062 6257 4338 1700 1059 6764 7244 2215 8381 601 9023 772 7724 428 5582 4710 9245 5779 9567 4491 1450 6141 5996 7869 7891 3381 2627 3728 7592 6903 6422 4288 2214 7545 5663 5141 514 7897 7259 9325 2356 8438 7641 2163 7236 1727 6654 8170 5371 6466 5762 7491 516 3376 6449 2441 5343 7685 
1245 7687 6553 2432 6818 8769 4828 9300 311 3146 9899 6354 9906 4300 3821 2581 3443 6208 4438 3898 8921 1743 6105 2085 9844 2128 5906 9412 692 9547 5418 8083 7148 8380 7854 7750 3721 9217 6126 4929 9163 8721 682 2830 2190 2234 9593 9785 4359 4201 8535 8144 7596 2311 6688 5776 257 7717 4321 6632 866 3978 6180 2715 9591 1729 64 5996 8469 1230 665 6670 4915 7929 1093 3038 4950 2761 3263 3732 6436 4699 9915 5727 7767 5234 4418 4231 7643 6282 7401 8812 1099 1750 860 8735 8346 23 5650 9 
3733 3982 16 8469 1832 3303 339 1548 3976 1942 3069 4525 4864 9839 3967 5010 3519 3128 7751 930 3881 5252 301 1027 9633 9847 1932 4208 3803 6996 8456 8518 6012 2987 7002 5579 8845 6155 1765 3916 772 983 5157 8164 7154 8876 3469 6459 802 2082 3048 7413 1010 194 6710 1167 6308 8795 7934 7756 9580 7650 5448 3870 1308 93 4795 8543 445 617 3387 7692 9729 379 3463 5551 3267 8714 2521 9541 9155 5134 4679 2248 1867 7164 9317 4854 5711 2396 7158 4698 5700 8386 206 8630 5665 7033 6584 8567 
7142 4956 4206 1555 8415 5373 5594 6155 7339 7317 2163 6428 6070 3134 4519 8665 8977 5790 5234 5184 7157 6650 9072 580 3277 7641 3764 8615 1400 701 9741 5751 4680 7470 7349 6559 6617 6407 5887 4565 7263 1618 5349 1180 5969 7508 8454 7268 6014 5511 959 7925 1710 4554 5669 8300 5358 8779 6206 9161 8632 2488 2374 7212 1932 1171 351 1755 2197 7230 2394 2955 9659 1828 2766 9986 3766 4062 5893 586 9441 3997 167 2933 986 272 3723 9877 8725 9672 1605 3815 2062 2150 3286 7682 2484 5503 5594 1968 
2889 2313 1490 6234 981 3570 4624 9240 9057 1123 1815 747 808 4336 8490 7645 9343 2858 5383 8050 548 744 3865 7073 420 4577 9555 7794 3959 1329 4630 2223 713 4753 2922 6652 6412 9346 4979 6174 2697 9600 813 8547 302 4220 5601 861 1562 9086 3047 4971 9256 7660 5965 8178 6375 3475 5871 6998 4553 8998 5470 186 6285 6043 9415 8404 6831 1007 6522 9681 102 2363 1556 8763 823 4894 1217 861 3603 8392 5751 707 9424 8248 6168 1362 7787 6177 3864 1761 4532 9935 8312 1905 2814 2965 2405 5612 
3706 4482 2739 1710 9350 635 4524 7808 2783 711 9660 3979 9374 6878 8304 1418 8994 4541 5228 3929 5464 5468 5515 2394 9330 1987 2881 7237 4410 8818 1491 4800 4501 8763 8412 7911 6813 3735 7536 2725 3576 1321 4227 1085 6695 805 7600 6371 4645 9629 2055 6351 9907 7175 7742 1661 8950 3266 4969 8030 9233 925 8079 3420 5894 5087 9182 3313 9805 6110 492 3796 3201 7991 2013 3866 688 6207 6460 7887 6946 556 1406 5359 450 1339 8439 2978 4903 7304 7731 4688 1651 1948 720 1204 5869 5250 5207 4769 
6724 9916 8296 5945 9035 8814 2184 4174 6472 849 9284 9913 8251 4689 5802 50 5872 4091 9163 2089 5394 8315 1398 8550 8982 4519 7227 9499 5990 4705 270 6905 8077 4253 9219 6492 2572 7751 9692 5337 9552 4866 7312 1909 6799 4112 9183 4719 4486 8790 9762 8023 2407 7121 149 1769 5268 2480 5750 5926 7194 1468 3678 9443 4593 8787 940 1269 5676 7387 91 8831 1654 1924 2341 2260 4480 294 8670 643 2964 4587 3571 4879 9364 1231 7406 8007 7634 8944 9771 7740 5563 7445 2974 4205 416 6882 8941 9270 