6833 9692 2431 3098 8069 5681 8506 3884 9752 3957 6401 3257 5542 679 7844 1087 5148 6995 1213 482 7083 8039 1248 5658 4972 1356 9843 1539 5762 6828 7463 1324 4726 9421 7565 2729 9160 7939 4348 4788 5380 2170 9958 6801 9379 3643 4858 9550 2143 8443 4538 1991 5279 773 504 1659 2777 1908 2984 2743 761 6099 743 4506 9648 5818 9967 9581 7987 2458 8142 2216 7451 1087 5484 2282 522 1133 7008 431 445 6145 618 2865 4485 3433 5840 1972 8189 9598 7491 1475 2534 3165 7304 5653 7852 2332 4410 1808 
7569 7976 3308 6809 1236 7329 4430 5192 5916 9032 4734 1965 5736 9479 6983 6643 891 9979 1683 9642 433 46 5214 1591 5325 3991 4690 6313 1432 6246 1811 1837 4805 536 6114 15 2368 5683 7394 4713 9658 8116 3484 7319 9489 7 7961 5953 7178 3227 4034 6853 2736 6011 807 2892 1578 3928 9177 3184 893 5294 6865 6163 8196 6747 247 9694 9974 4368 5203 4319 2561 6194 1170 9208 9097 6888 3275 6552 1354 7541 5309 8092 4920 977 2436 8544 6603 9968 6459 8794 5026 5410 6310 565 5880 3909 4136 606 
1103 2151 9735 1593 8436 6903 9556 9443 2806 7824 9339 5782 145 3729 1782 8532 6121 5987 2983 2661 5799 2139 8398 3104 666 7893 7029 6404 2446 3441 9394 6345 5425 2332 7418 4938 1333 5239 5362 1887 5991 7426 8282 645 670 3771 399 4260 8495 5188 2722 4063 8918 2404 3402 8418 5418 775 2825 2652 8334 6061 5735 8857 8995 8456 8298 9490 4176 3087 2879 2170 3291 2625 3101 1770 292 6850 2163 9000 5656 1359 5974 599 7207 4372 5038 5380 8343 5913 6467 8211 6618 2000 2658 1890 7787 8776 8266 149 
6645 4760 3089 6619 514 8178 937 8712 8812 2087 8102 5708 3931 5252 4539 2776 604 6410 4731 1488 8895 8388 3007 9764 4855 1913 3795 1648 581 7834 9509 9497 4564 289 6173 1159 1887 6262 1117 7661 4238 8355 8124 7071 5958 8257 5489 1711 1634 737 2545 3323 9071 4601 7669 5631 2029 4655 8449 3929 6003 4117 1063 2306 9234 1892 6805 6524 7031 7367 3370 571 9505 7921 2515 4059 5460 9283 5206 4299 2154 3699 7410 4512 332 1286 3206 6121 7296 5942 4760 6046 828 7258 4093 7493 9668 6384 8974 238 
3261 6544 189 1927 6205 2327 9580 9915 5712 1148 63 4664 774 9047 7781 1611 4026 8761 7426 7213 2561 2956 9567 7476 3343 8240 2620 1918 6517 6826 3112 9036 513 1739 321 8652 5170 3795 9776 8935 3544 9558 9847 5526 8439 8634 7751 9440 1728 3201 6250 7139 1222 1232 5282 3386 4667 7746 7948 2461 4822 8780 9284 7643 8522 9584 806 8713 438 2782 4395 2641 9302 6006 5817 3353 1934 610 5207 1739 4381 802 9827 9556 8238 9171 1814 8405 2905 9182 6051 4958 5816 7352 7960 220 4961 8812 4026 4747 
1394 6425 1502 24 4814 6901 8195 4384 7059 5663 5497 7427 1846 286 4083 5110 2649 284 2157 8759 663 4684 990 5029 7333 8659 933 4143 5209 619 4249 7181 3608 7407 796 2810 5178 8496 8844 733 5363 1617 7259 8822 8438 6344 788 9590 8170 3739 8684 2539 4867 6071 698 9637 9610 5625 5103 6692 384 7450 2744 2323 7160 7197 4209 5636 6895 941 7539 3845 8637 6991 6836 9757 3946 5425 9047 8474 811 4847 9526 677 1596 9989 1839 6361 3020 7894 3312 7220 193 9550 5953 6236 317 4598 564 7358 
5846 108 2300 3559 9005 3169 9653 7792 9162 5769 2803 1345 6526 3743 1461 6761 9479 3620 838 2377 6886 1409 2928 1161 7231 3016 1588 1147 1414 3293 7113 1664 6978 9511 191 8741 7220 9187 3789 6971 3119 8889 5348 1263 3593 4341 788 8860 1366 6158 8015 4176 4205 9309 4263 7248 2569 4001 5557 9790 3782 9760 4126 540 6097 9058 6998 8238 4194 234 780 5827 5047 9901 4094 4810 4122 1685 5193 7301 6864 8119 9791 618 6606 7451 5484 522 8129 3576 9936 1703 7001 2949 9848 9097 9407 8301 2093 2483 
1704 3376 984 3198 1268 1849 8874 6142 1676 1383 6878 8374 7118 3792 773 6919 2903 9498 3930 5615 1805 8497 4890 552 2250 6549 2721 1685 9295 9 2598 3119 9186 804 2336 3744 6476 542 551 1304 8668 4475 2069 955 3783 2117 6534 232 961 784 8618 9601 3803 8321 843 5478 9805 6943 7261 3556 2660 617 4368 3060 5667 8380 8736 2390 681 8616 9848 4259 4387 3533 7480 8797 6339 7243 9790 6122 5711 7044 8850 5969 9692 5337 7993 9552 295 3037 7647 7395 8006 5305 7831 8063 7398 8698 4720 2789 
2155 9689 3761 9573 431 8819 4068 2642 662 8678 2631 204 1878 9486 2368 1162 7793 8345 9578 6970 869 2171 621 6071 612 8508 8360 8522 8369 681 182 9268 7392 6278 4000 2377 4298 7300 3645 6264 5693 3179 249 2415 1548 9532 2936 3186 1651 1736 3871 3893 9630 4081 6046 4162 6143 9778 1 4410 4542 4464 9874 7606 3013 7147 740 3077 685 1509 1056 6010 5439 154 4551 9661 4305 6603 6938 9919 9497 9712 3290 4827 7489 7561 5459 3261 4987 836 2052 8999 8402 4226 3068 310 6683 3753 15 2979 
2191 9064 6123 4164 7090 5102 7294 6195 5905 4652 6868 9477 1951 639 422 7021 1027 3671 8072 1313 7150 7515 2697 7811 9291 8015 4176 8424 24 3369 9403 2351 5557 3981 5042 2551 4194 9481 5076 2589 8816 2377 7300 7808 3975 9614 5549 8445 3195 6177 522 5314 5396 1924 6071 7015 1566 4264 2957 6463 1574 2190 3790 2519 1230 5842 6935 1059 6036 4667 9006 4051 2369 1237 6121 9593 6010 3323 6618 8223 2995 4056 1086 1731 8853 2989 9313 6246 7730 467 8346 4207 7608 9203 3490 1705 4723 9747 5105 2713 
5897 504 368 1509 4158 7014 3395 3325 3496 3142 7806 5010 505 4851 482 3420 5156 7297 1805 7907 9281 9902 571 266 7280 700 281 2218 5942 1575 7860 6300 1662 7822 1803 8491 9468 284 426 9843 3894 3775 9214 8052 8538 4471 5812 6247 2190 3390 1534 9146 7847 9615 5285 9553 7664 267 737 9237 3713 7491 2044 6966 1173 2128 9721 5671 6089 505 2177 7979 7585 8363 8835 5700 4652 6267 8556 2445 2166 547 6545 7851 5019 4618 8367 4398 1390 2761 1458 7094 9910 8817 4518 8307 756 1120 7835 6630 
4365 796 7657 398 2804 2991 5313 2625 7433 6655 4702 183 3349 897 7149 9846 1816 5254 8143 7470 6081 8015 7398 4720 2155 8819 8678 5560 6156 9241 9904 924 1199 9342 6545 4470 8348 1441 8610 3757 854 845 1407 4193 8988 4115 9506 6950 8190 9731 9802 3052 4254 7856 9894 2212 7716 9899 2848 1369 3688 6914 8415 1233 6139 5871 277 2597 8960 9000 4288 996 2154 2097 2877 2515 9434 4072 1841 5513 1231 9120 564 1620 8279 6169 4656 4041 9129 4915 7831 3825 3985 9519 5873 3929 8560 2569 2160 6347 
3126 392 3105 2919 2658 5113 4273 9342 1361 6893 5686 3549 87 9463 3301 8025 8986 6650 9423 9198 8552 2797 3285 6657 4173 5434 9169 3164 4190 6719 9021 5054 4949 4300 882 6610 4208 8478 2385 1971 7198 980 3023 9934 4764 7245 5915 3160 4664 6080 8802 2733 4910 4373 7234 6954 7447 1628 9732 7110 3523 6899 7171 6193 2066 3348 6950 6311 8978 2277 5934 1896 6919 4769 799 2395 1307 3409 3830 5730 9453 3021 4791 8195 6736 574 8993 1689 8873 9458 7725 2091 1397 1445 6190 2652 7733 562 2420 217 
9991 5126 4792 4463 6765 589 6238 5078 7534 7570 3298 3935 9917 2174 3501 5730 7924 7592 7928 8889 9393 8489 2765 8227 3142 8089 945 493 9799 2287 5698 1778 833 1428 5947 7872 8403 6029 4235 5069 9669 4354 9832 2213 1988 3246 3666 6853 9990 7747 554 349 6623 4928 7961 7118 7026 8157 5537 3620 13 4454 9525 6856 3724 5532 4808 9005 3169 9653 5769 610 9648 294 7163 2201 4556 7493 6904 3576 5324 4804 3337 3762 3024 5215 5556 8741 678 5070 9855 6865 5084 5512 4173 8636 3549 203 7082 9623 
660 1269 3371 91 8831 1654 3754 7908 7864 1180 4587 4879 6237 3638 3289 9839 6341 8339 1956 6000 4140 2868 640 6579 7259 3232 9746 7636 9366 5242 2994 1251 9416 3044 7032 4150 1735 1497 9047 2579 5858 8684 426 7976 653 4657 2744 4242 8027 3764 3576 897 3127 4503 5425 724 2253 3358 4413 4950 4596 1369 1791 8664 8721 7697 3358 5963 4845 809 1780 9768 5467 4944 8326 6936 9659 3795 8465 7551 9245 9581 6450 6570 5337 7683 9367 6280 2275 6678 7843 9171 6044 4415 2644 8856 8583 6563 595 6515 
4568 5904 3720 548 9642 3667 5053 315 4750 2701 4823 653 4657 7034 336 8027 3576 2968 5713 4065 7745 4021 2049 6639 4987 8463 6774 9729 3380 8160 8978 2546 3241 7873 6045 9808 7779 530 3841 5357 1137 9837 6525 6872 5770 5291 9516 418 5415 3113 3643 9480 6065 1535 8708 5762 1123 4746 6904 6262 9624 5728 1702 9542 2344 530 2112 468 1867 7813 1941 561 8717 2057 1853 7760 3684 6507 4726 2092 1918 327 8901 8257 1124 9838 4461 4496 8934 2211 7951 257 4953 689 709 2694 2368 7662 4649 3020 
9777 116 6024 4891 2278 2673 1804 3674 1881 8658 9757 5758 4820 2555 8046 9211 2219 2215 6133 4413 744 9483 9564 6497 8668 936 2271 6814 4493 3479 7077 1213 4530 6247 8657 3173 6795 625 8781 2650 7933 8851 3830 8978 7382 8510 8434 3502 8474 3393 4863 5417 6877 2486 8587 9415 3018 696 780 9781 475 3045 3813 7996 720 1972 862 5520 7333 354 6997 122 3921 9208 3556 6999 9598 633 6632 8686 5080 3714 8483 9862 5671 3494 9932 1109 1037 8644 2406 2386 3538 4569 6628 8988 2996 2816 3815 7711 
4062 5405 586 2980 9155 2964 4647 1388 7705 4000 3178 9877 9672 9796 8515 6271 2610 2777 1933 6709 2520 2111 710 6881 919 1159 9374 304 7735 6052 2789 2580 8332 4982 8858 8432 7948 2439 8201 1164 6175 9705 2500 1438 3999 6424 957 9143 309 5529 5720 2627 399 2750 4525 1077 3611 4654 6602 1829 932 6892 8098 6819 9177 8486 7650 9168 4028 9477 1498 3996 7668 4061 4737 3087 2997 1539 2945 6230 5572 9035 1009 4219 1204 8231 6233 2752 9237 442 6080 8676 4985 8291 9235 4942 1888 2996 997 2301 
7628 8697 2142 8561 5163 9390 8802 6653 5323 1597 3419 4279 3848 5734 9216 700 8959 2940 2246 3909 4592 5463 2395 8956 6868 9555 8910 9674 4285 9217 1763 732 9690 3640 5211 6390 4929 4802 3109 625 8781 2650 7933 8851 3893 9573 5998 8434 8755 4863 5417 6877 4942 4743 6330 5228 5231 5217 7878 1676 5425 1450 5129 2589 4169 9461 5514 5055 9848 7199 4635 2598 8319 1343 804 3744 4128 7172 8118 5047 625 4493 3109 8665 5258 3055 3442 6413 8030 5569 3136 5065 502 7050 9519 4645 4743 7525 832 4704 
1176 7683 9603 699 3040 693 4570 9383 3146 1354 6486 8247 9082 8316 4346 827 5713 4332 6875 1400 9134 2686 158 5481 1249 2301 4829 5670 6815 2224 5342 9136 3242 1295 7697 7971 3509 7495 2580 4610 3693 7090 5833 7880 7577 7847 41 1131 5980 1293 3354 1198 1057 4897 8317 6486 5895 2846 2979 6528 1501 285 6050 2466 5772 2431 3689 4754 2359 5962 2674 7332 3867 314 7695 3222 1770 4776 3247 2727 8989 377 1975 781 3496 6657 4553 8842 9117 4026 8990 7362 7588 7487 7172 443 448 4252 1290 9754 
6146 9417 7838 26 8433 1514 6519 7925 287 5543 9780 3135 8055 7868 9383 4045 9870 5210 3407 3947 1078 2728 7638 2987 1130 6131 1265 1136 8752 6965 958 7601 7382 6170 5550 8077 5387 9868 8814 7123 8881 9743 1847 6511 5180 7763 5738 6861 6591 4055 9323 198 2030 5845 3612 1307 7921 1609 2384 8566 5327 1363 6026 4150 7802 7325 2507 6170 4138 9707 2858 1050 4936 6378 4097 7456 6613 8551 3755 9939 8321 4805 2962 757 9289 6241 7851 2023 3612 288 1594 8072 4079 2101 7995 9189 9983 2770 7574 4534 
6956 3421 9827 3048 6407 1858 8855 5933 6532 2053 7751 5856 9800 7003 8558 9703 1069 971 4606 961 76 7289 7165 6729 9402 7830 124 2126 8707 5358 2647 8795 6164 7535 8536 8347 7161 9514 7747 1930 8895 8942 6328 6095 3200 1494 6919 3702 1984 879 2328 1764 9578 7776 9781 2277 6138 8531 1279 6685 28 2300 8176 4230 4805 3246 5020 7300 6402 5881 9609 954 1390 4323 7431 4522 2834 8729 497 7409 9562 6582 9178 5099 8454 2713 6434 1297 1690 9719 4675 6635 5189 3525 8954 2637 2693 1977 3541 5978 
601 5403 6383 4704 8016 6245 2813 7716 64 543 2701 5371 1031 8416 5369 7096 327 4695 7710 5497 904 9694 8382 8647 5529 5453 9469 3180 3185 5034 9893 9913 9785 6839 6273 3961 4828 8576 7946 5913 4225 4987 2326 6799 1529 8119 2249 8339 1730 1968 2607 3621 5453 9009 7744 7568 9817 5348 8035 7884 2546 4301 7261 3378 7148 1881 6731 38 5434 3854 6074 1930 1237 2459 8942 2061 1022 6328 6095 7852 7752 6919 3702 5967 1984 6156 879 8085 3959 1374 2514 2242 8919 3097 5888 9070 3291 5010 4487 4162 
4868 8637 4588 4537 1927 4342 9696 9864 8100 312 6386 548 2941 3482 74 656 6705 4965 2177 871 1214 8070 4158 3210 9471 867 8159 3726 7437 1600 6022 4147 1962 2233 9696 9967 592 3683 6632 8502 6454 724 4434 487 3893 2824 5117 9840 5665 5782 3480 8479 4137 6206 6989 5648 9633 1102 5133 5335 7716 3330 6705 6848 3993 9878 3441 1962 7759 7683 5725 8960 4862 8065 845 3869 4241 8626 6338 8103 6192 2496 391 9913 8445 1655 6199 4308 8337 668 4310 3898 691 5597 9441 7969 6659 1921 4605 1098 
7304 739 5342 5481 687 2404 8594 4733 8182 3099 5460 9560 1139 1339 8385 4021 1888 371 1061 6328 2923 1581 9843 2032 5804 6245 2830 9643 9859 8782 2131 953 1664 9060 3520 5008 3364 2702 9164 311 7440 8551 4123 3005 1057 2948 4489 4474 1239 4485 6168 2147 4926 6195 1033 9810 1759 1403 2872 7770 9518 659 1034 8741 3866 7902 6539 6802 8717 7543 8818 4437 1090 9538 2104 82 2106 842 7606 2210 3245 3132 3561 627 7247 120 9845 7341 3991 2218 8504 43 506 4294 2752 9934 53 524 4217 7243 
7130 9382 3483 5816 9142 348 7224 4348 3484 3018 1279 1164 5813 1797 8497 5721 552 4554 2250 6549 6904 2994 657 4804 7846 7420 2072 213 8432 9473 1020 6985 4573 2191 5889 3307 7197 1929 6471 4235 5069 9669 6835 7825 524 6471 3869 2656 5080 773 8242 6223 7449 7644 3472 2767 2814 7206 349 547 4928 8495 7961 4413 8815 7118 1026 457 8232 708 7026 5808 2164 3620 8548 4860 4454 3761 5220 2147 2281 9307 1468 6603 134 864 1384 4542 4330 2339 4432 2320 9640 5390 8181 4563 7102 2663 9735 3823 
1534 6989 1563 9615 9831 4926 5839 3002 2703 8822 9931 7236 788 6654 8170 2358 6608 2066 8417 9048 6284 8796 6065 4511 2929 6283 3630 9472 6421 8440 5141 2532 2049 124 7017 3283 6495 5160 4480 9111 9235 2916 463 1632 2161 5922 88 8904 2004 1457 2477 9999 89 9475 7625 2872 4667 2338 6801 6861 7638 3424 2887 5922 3097 499 9717 3707 6999 2290 3409 8469 2225 3408 1847 8069 7879 4708 6401 6909 1207 7844 1264 5148 1902 9998 8236 4147 8919 2664 4139 2041 7978 2682 9018 130 8278 715 9924 4278 
2518 2280 3407 3838 9435 6620 83 9575 1269 7617 4163 4196 2858 4846 6673 9173 8834 6479 7249 4230 2725 4388 9068 304 4819 8294 4077 2847 802 5621 4374 737 6918 9175 2400 4937 1146 759 4437 1086 9694 1952 8643 83 8058 5926 4125 7368 5484 8634 3362 1865 3450 1657 9624 632 9829 8959 3788 3907 6037 8347 243 2509 5297 4812 2469 4306 6776 7232 4823 8334 3631 2546 9476 7215 6993 8410 1994 1190 5876 2443 484 1886 8769 7099 9093 939 1301 4219 3412 6562 847 7169 6285 4881 3060 8834 5036 499 
9408 2681 3418 5553 6019 4760 6067 5386 2953 4730 1649 337 2225 8696 9719 9914 4450 2285 5060 1495 9166 6940 5307 8565 6947 3550 2565 4446 2966 7985 7049 8374 428 407 1504 7372 2886 4987 8305 5354 4895 2883 9637 3045 3495 1621 1735 5809 2023 1707 3030 9577 8050 874 1455 6653 7086 3780 8634 1883 2365 1762 513 1605 6067 9094 2287 8978 4385 5513 8516 3415 498 966 7466 7798 3623 2737 3235 6202 9997 1460 4714 5858 9422 5202 9533 8336 695 4365 3835 9658 6962 8770 3201 7300 1597 6649 2990 6236 
7311 1630 4357 6462 7271 7250 2648 6681 7751 384 7328 5357 416 6788 4705 3483 8966 688 7453 3725 2510 2624 1164 9211 2399 4056 9569 1945 1965 1102 4489 7987 7877 621 58 9758 9841 2736 8855 3524 1704 9181 1405 2426 3567 2977 5125 2654 8188 8248 2025 8060 4600 1069 3708 164 8956 3464 3329 5147 1472 5675 7708 1475 8706 9401 6826 9853 2633 8533 7233 2574 9410 6820 2155 8469 9647 2414 217 3768 4302 5760 8411 6768 7832 7242 460 1194 4192 732 7044 2022 7611 1673 1313 2025 9161 5430 8477 3460 
7423 3171 2102 1638 6878 5291 309 1741 6557 7203 4265 879 3044 5481 4265 9333 2 8612 2405 1646 8877 121 7575 1517 8591 606 6989 1953 7924 3155 257 6563 930 1690 3092 3615 5886 2333 4659 2048 9319 8766 8070 1847 7815 5938 4378 8405 5308 7388 6699 5183 8557 968 7389 8363 9374 9009 2756 6924 4999 9638 9756 5336 2963 6953 9315 4260 4914 7532 5603 1273 8079 4583 2277 2794 5615 2169 516 976 7669 9624 4407 7721 6548 7359 9163 9047 7166 2468 8124 3819 3854 6171 468 984 6912 4271 8443 4878 
7795 6088 6693 7511 2864 1002 5681 4581 116 5189 3638 58 2077 3596 539 2249 4913 6643 7210 8034 885 9627 6278 8341 8039 2868 2323 5124 9439 9755 7764 4269 8878 7827 9860 3225 7664 267 9562 9652 919 1659 537 1587 2984 3806 7416 962 9301 2052 2499 8240 929 6332 698 7661 8346 193 9049 1164 6322 4226 3612 1721 3122 724 306 1395 7386 9481 4434 3635 1141 5894 1510 4141 159 5100 2551 5869 7485 4973 7846 9920 1054 7810 485 439 7119 1231 1005 6887 7570 9490 3826 4536 530 3548 461 4631 
5927 2868 2212 2545 7660 276 8082 764 2159 9953 79 6061 1676 3031 5886 9888 1618 6063 6497 115 311 3354 4535 7389 734 239 7509 289 6134 2425 3866 3500 3723 2524 2431 2948 2601 1207 8506 8390 3828 1470 8800 4494 9593 2743 5180 7282 5242 4771 4399 6062 8860 6997 611 2601 8895 7822 1579 9284 3594 5424 7859 5875 1182 6487 8383 7515 5242 3890 6324 7622 8783 7860 1294 8182 2628 7112 826 3191 4166 3540 3883 5034 8688 3615 4738 5329 9431 756 4731 3549 3059 7118 944 595 2967 1355 9101 7531 
8391 7301 5382 8550 7216 4975 162 1000 1651 6063 3719 9224 5669 1163 5255 4958 1067 5937 119 4633 9303 7919 1299 8596 4618 981 3193 9146 9017 2624 2235 8581 7891 1638 6568 6805 426 297 4740 5027 2943 7367 9050 6616 1192 7995 3806 6231 8729 4683 7237 3742 4524 7493 1840 6676 2171 8060 505 599 5124 9685 4481 809 9782 2981 3521 6446 6893 2222 8918 99 3088 332 2982 6857 6634 6073 809 7621 9843 606 7452 1564 8249 4591 3818 8741 4115 4647 720 1761 8909 8703 4095 2718 871 6970 6587 9737 