7527 128 9196 985 795 9668 4943 1891 2312 5988 5391 4712 3639 4281 3291 4724 5239 6188 3020 4302 4362 6007 2820 5600 3583 2106 417 3634 2799 4388 4640 1802 768 2066 2863 8316 3493 5661 4325 6142 9866 5898 4140 4156 784 460 1201 9604 3653 7435 5629 2336 3370 4906 3312 645 5116 532 4962 5967 5646 989 5562 2998 6118 7514 2219 9680 8627 9905 9600 688 8766 6779 8737 6312 8028 8143 6893 5766 6958 619 8790 4769 623 6716 4565 7882 5579 4847 4575 765 6266 4090 4219 3929 5893 6189 9488 2180 
9367 591 2006 8278 4750 6531 6500 5526 9994 8586 7480 722 8798 1253 8755 7290 5593 6276 1844 5543 5845 3016 578 777 3227 1137 8404 4249 5624 2769 2738 8497 3380 7 6225 6621 1315 3467 6894 4607 1132 5988 81 9481 1857 9991 1209 9246 583 9678 8757 6549 5118 2953 4728 5631 5284 1965 2003 5838 9273 5144 9461 2440 7583 6060 9267 2663 4667 2320 7348 2482 3696 2555 1078 7031 6569 5040 5080 8596 1187 2004 3842 6274 3218 6265 2294 4498 7391 6155 6608 9596 5771 6368 1893 413 1264 9950 1693 462 
9399 8653 9791 445 41 7412 3780 1219 3573 8587 6964 9369 410 8867 1233 5815 5427 1495 166 5585 6400 7128 9394 4294 244 8979 758 9373 819 5323 8669 7194 1115 1698 3200 738 7907 200 4253 5981 2226 5 6993 7611 6052 5248 6600 9459 8918 6076 2680 7985 7466 586 6355 3483 8359 2049 7258 3644 8682 1909 4617 7050 9252 303 9427 5010 9946 4145 8925 3999 829 7575 9908 6313 6688 4486 9289 2442 9946 8925 6183 4843 6465 4646 6414 3706 7493 952 682 9822 2647 9630 4081 5112 992 3313 7324 2083 
5276 9503 7400 7343 3162 9851 6663 6859 9295 4957 4186 7398 2343 8297 7406 7412 4673 2663 1369 7318 1505 9547 4713 8243 3762 8017 657 8968 5843 4493 9986 6526 5378 8951 3362 478 5915 3715 5993 3210 2565 149 4506 7685 3676 5932 5024 5724 7474 5696 7809 7451 9285 1809 3199 4450 3820 4780 6438 8204 1145 3790 8496 7280 789 2957 6648 7368 2697 4121 9045 9472 2923 1221 5770 2327 7965 9810 5043 7062 5176 5253 2213 8448 3142 4538 8775 872 6257 5666 5305 5118 195 9603 3869 3527 6307 2357 4103 8121 
6576 3581 8825 370 179 2044 9623 5005 5472 4762 6785 1619 1104 8966 1447 2959 8919 1533 4691 8508 9111 6656 6860 2780 5050 2716 1167 1716 6164 6735 9801 5059 4600 8524 13 4441 3214 1706 2073 2944 1874 8299 8003 7139 2603 4657 300 8010 4377 4293 4699 2926 2294 5814 2533 2257 8945 5095 4012 3179 5358 3182 9649 9356 9925 9544 4458 9150 7562 3344 7660 5141 1455 6053 2346 9610 5479 2428 9240 8435 1206 6708 6829 5778 4336 7217 1588 6943 760 4339 9173 8097 9281 918 1569 6631 8918 5351 4373 8044 
8709 8604 1752 5047 1973 7416 4515 8560 3009 7899 1914 4874 1505 7749 7267 2231 2146 4527 3644 8116 2995 9515 9809 8773 8112 6783 7180 1537 8812 629 6784 3555 9052 7683 9340 9049 6137 5034 5816 415 2454 4686 885 3835 8289 5392 8634 4724 9129 8823 1726 2657 6543 6758 4377 8549 2419 586 5952 4004 2641 2782 6249 5369 8328 6588 1216 9705 1559 5941 5444 4881 7669 7756 1898 6317 6262 6132 6618 3238 6568 4237 382 8562 8873 50 6306 597 366 3403 913 7985 1331 4234 6887 4593 7958 7718 71 1490 
223 6732 3881 1607 940 5046 9158 9382 7416 4026 1049 5565 4003 2384 7327 2590 961 2052 6881 3810 1455 4414 8008 2115 1458 7040 7113 1117 7282 8936 5948 3866 687 277 3751 5319 4201 906 2217 2083 9084 9065 9541 3268 533 1539 4947 6789 161 6557 4777 6339 1056 6440 2061 7377 1947 7037 6834 7751 5815 8940 7645 9496 8151 5920 3652 7381 8221 4914 6246 9491 3631 5670 3809 2571 8134 8357 4720 7999 1651 4156 9032 996 3365 299 7665 9611 6218 8854 8709 1719 4379 1258 642 5744 3736 8282 8013 4077 
8284 1059 5416 7465 8408 7764 6073 4744 7783 2291 252 6637 249 4692 5346 7698 6411 3405 1052 6967 5193 779 5250 3207 1208 9886 4467 3289 946 754 1368 8518 2464 2653 2716 5643 7408 7341 8370 171 3419 3679 3576 1228 1083 543 1862 5980 8384 2712 3034 754 3167 3589 5934 2984 4261 9694 6217 3745 2663 9793 4973 98 6689 7746 5186 3570 6878 448 9252 9913 3914 640 8602 3807 238 3749 2524 8928 8010 2219 6994 2999 6009 7623 2070 4421 9161 2149 9084 2605 5293 2312 7825 5488 2550 1226 4233 9701 
7174 4003 2235 3197 4068 3194 574 6658 3756 6793 9394 4623 2269 442 8966 2764 2383 7401 3672 1610 928 8279 706 8842 5357 4727 8037 9687 6578 8282 3884 6787 2891 9766 3624 9502 6261 2236 8781 3482 9918 8295 150 2725 1440 3490 2209 6412 6301 3662 4754 9037 2319 3904 2576 2976 3613 8504 6092 80 6140 2831 8493 8364 4328 2274 2530 308 3075 6407 6433 5702 2760 1386 4006 1943 1653 8525 3960 4188 6309 6739 6167 3741 5141 9684 5412 2965 6547 1078 2416 1877 224 5471 5809 4875 3311 1831 7954 4858 
7757 6056 4825 7995 4420 510 2687 1664 7415 6862 1366 8134 4041 1652 5664 4798 620 2811 4472 4442 81 8230 1628 549 9695 345 5114 3612 1632 842 6102 3094 7452 7019 9076 9890 4918 8109 9395 5769 3066 7692 9128 6731 873 1185 2329 3316 1776 3088 5977 3906 8046 8900 8244 27 849 9926 1181 4269 7659 5904 1574 7953 2650 3940 8760 2515 8580 4236 5571 9092 2411 1526 1574 7016 3289 7932 6260 709 1756 2701 8783 8756 340 861 3935 5272 7343 6679 3075 385 6923 6891 8442 5623 4434 7811 2618 9094 
1733 9624 3760 4455 157 8599 5038 3411 2268 8335 8434 8776 7569 7681 8394 3287 1583 1574 4942 9087 2857 4823 8627 6280 6844 6278 5428 3657 3372 908 8483 1804 2273 578 1460 8428 6489 9383 3243 8718 6112 2931 5319 2655 9188 3563 7214 9139 2983 3681 2223 7985 8834 3970 1285 5746 4084 4721 1186 4937 9599 9318 2269 8068 9247 4114 6583 6650 6313 4091 1378 5034 5799 8443 5632 5452 7264 5832 9986 5954 5415 6040 1839 410 8041 5305 3598 2736 1829 2866 4007 2033 1607 5920 8288 905 6443 2816 3534 2780 
7421 9342 6474 882 4136 8896 6022 8604 5346 882 4198 9892 1000 3767 5188 7975 8105 8719 4065 8122 8744 9615 6640 9723 3533 7472 8587 4404 892 9783 8924 5319 7924 1830 1597 8035 6003 5960 1399 562 3209 5941 7120 4098 4910 1595 5877 3793 4055 2538 2099 2248 6813 9860 160 4215 6444 9444 2948 3555 4745 1525 4135 6781 9538 7932 5110 7250 9500 6517 1390 279 8700 8810 1289 8064 533 9673 2212 7501 1979 3404 3567 573 7980 6559 4355 9846 6372 2239 6555 6665 2689 7667 2141 2417 4005 8307 4394 4936 
1218 1064 2468 2016 2953 9960 2184 1491 3196 9577 5012 7329 4652 3620 9642 5641 7655 8277 3301 6731 8108 5785 5027 7120 5732 6006 3975 9011 8664 3664 4381 3852 9754 7973 9088 1317 7826 7217 4137 8522 8369 7933 6024 4056 663 8744 4684 990 5029 8088 716 9921 6991 2514 8250 2215 6086 4143 2642 7671 7895 3110 8903 2201 2838 7045 5469 8474 4714 2494 1611 6452 5202 9645 7691 695 4365 3211 5446 3024 5095 6962 8770 3201 510 7300 8262 1597 5281 6649 6673 8519 9001 1574 1622 9058 564 4157 6450 9750 
8012 8897 1205 3365 2661 467 2202 7314 7465 9535 1703 5010 6475 2045 7581 3529 4780 9291 2680 5901 2569 6726 9880 9842 1211 7427 1454 4245 9086 5274 9653 3027 1348 9485 9548 8075 1044 7315 5933 3373 6706 2527 3627 9512 2227 6913 3893 4354 8858 4567 1805 5153 8121 3591 1289 2948 7488 924 1669 9615 8151 3298 3154 5317 1820 9034 1966 6630 5738 5586 7039 5212 7749 8644 5351 4893 2677 9096 543 8976 1503 6015 1903 40 4611 6314 1363 8555 3389 1547 3047 1711 2494 585 2237 1349 575 4357 1136 9036 
1285 992 5669 197 6695 238 5255 4973 1464 7219 6450 3715 2276 3461 5141 3819 6406 1379 1874 4238 137 5512 8315 6815 7998 9348 3663 9559 7838 8287 145 7947 3804 9541 4215 4037 5083 9139 5174 1819 4574 9307 9878 5757 2989 7589 375 3203 3650 575 7052 3394 98 9528 4585 9490 8552 8490 3996 511 609 6489 1372 7900 2981 2112 1916 9829 9672 3029 3540 501 3719 9850 7607 8363 1859 577 3169 4149 7350 8733 9113 8830 8901 9708 6132 1017 6020 6805 954 1534 7368 4257 7847 9615 5478 9831 2449 2666 
4934 4381 677 3391 7267 207 6734 4589 7480 8797 3948 8453 3971 6119 8443 1050 8146 6613 6769 8294 3451 6856 7697 5880 6293 3071 6912 4572 7636 5219 6719 2514 9570 4480 6330 902 8538 5615 7439 4585 2216 9748 6791 2183 2213 8651 4874 2509 8849 8301 3010 3035 3947 2483 6163 5007 3376 984 3198 1268 8874 1676 5800 791 6728 4200 9207 3924 2249 3390 5615 4038 9748 1350 4137 4265 9460 7899 5906 8912 9891 183 3542 3349 897 7652 7149 118 3872 5243 4413 4658 1369 1070 7711 3649 9894 3741 9030 5741 
8082 8027 5157 3654 2776 4477 2854 4002 341 399 7896 9706 7645 8064 6757 625 6092 9694 6915 9729 4131 3406 2082 7344 2826 591 4860 2907 6957 6149 3904 1816 7156 9476 8504 890 9934 53 8114 9408 9311 7130 7775 9382 5743 9163 1401 6293 3071 8208 6081 3103 949 1618 2031 4185 1199 5428 1212 8531 7790 3872 9834 207 1071 9725 2251 8104 4678 5696 6977 7838 7193 9844 1979 6125 151 3192 3375 8296 621 7179 5560 2621 1344 5001 8415 8368 89 1269 7248 8549 187 2754 8815 8228 9270 2217 5545 7601 
4232 9777 9968 1534 1522 4004 9845 4209 533 203 6895 941 7539 3845 4372 3590 1920 3442 6991 8993 1151 3202 9757 5106 8433 4998 7168 3687 612 9470 9877 3558 6679 5461 8933 7287 9150 536 2425 7994 5781 7720 2342 746 8759 6614 5962 4830 6563 8953 2572 2077 7583 4157 5377 3190 6805 789 8240 1192 9 3327 4584 5542 2304 2711 8005 3387 4685 2907 6614 3091 461 6093 5545 9197 9709 8235 6956 1102 5417 8358 3475 90 7425 3994 7664 1788 7305 4471 5998 6989 7368 1563 9660 9120 6843 2965 4143 5560 
9862 63 4542 9383 4330 6652 4432 1611 2858 9196 3983 4130 4007 1848 797 2891 1728 4945 9058 6430 6149 513 647 1522 2000 6448 2690 8940 1370 9481 1930 5019 3948 626 945 1944 5848 6726 7102 2288 7963 1323 8519 9058 8444 1811 4788 2205 3329 3363 5829 1980 504 4492 1936 3325 6102 657 4995 4787 6704 537 1299 5425 5243 4950 4596 1791 2688 7697 5871 2509 6163 6727 3060 7799 2616 5782 6329 8921 4890 3552 5055 7199 3851 4576 9 4963 3119 1343 6457 6822 7774 3744 3804 8876 4128 9555 1713 779 
7353 550 4428 4191 6616 7719 1263 8369 681 182 4056 3952 663 8240 7316 4945 6097 6998 8028 8880 4400 234 7157 780 2690 7635 9651 2980 9815 2316 1942 2589 6589 8816 5265 6278 2985 2421 8248 2140 4906 8943 9857 7314 716 7333 620 8792 8747 3286 1041 9460 2484 1054 7393 307 4234 6000 4061 2889 9287 7413 2186 6378 4298 59 2425 9719 4215 1313 8547 1983 6189 6122 6599 1661 3266 8030 3652 3060 3420 394 8845 8273 9182 855 3313 5430 63 6110 2468 8979 9223 3201 6583 6802 1795 9680 6895 129 
2747 2074 4307 4570 8971 1907 4958 4340 754 9072 1271 1899 9997 1142 9910 8519 7491 305 3315 9796 1671 4604 9000 9786 6765 4888 5523 8508 6011 7422 7329 9002 8269 1023 2420 5504 1236 4835 1463 6310 6226 1222 6000 8860 8582 4942 4136 2939 7130 6247 2190 3390 9278 7340 2906 7847 5285 5478 9831 3552 4926 514 2218 3209 9550 2865 4222 6998 210 75 9592 4260 437 7552 9664 6848 5802 8154 9878 8132 2360 9531 6596 7390 838 4361 7207 3944 8634 9985 5212 2234 5375 1425 1206 7068 2174 5095 7626 273 
2588 3016 8654 3157 8295 6357 2943 217 1239 7134 3221 3623 1162 3673 8548 7446 8765 5037 8727 4252 5646 6271 330 6588 3625 2232 951 6205 6652 5430 2590 4324 6392 202 1746 1826 7319 4667 3296 6424 4460 6430 9355 5630 9522 8781 5897 7633 1736 1836 6255 3480 8443 8704 996 4966 794 1162 366 2838 3063 8332 9003 4901 8018 2415 6493 1367 2144 5252 6184 2507 6119 7704 6514 3311 1041 8797 3763 6544 1899 5840 1883 4087 4926 4348 8379 8657 8158 2029 411 6189 319 8932 4589 1638 9539 8460 6600 6791 
8306 917 1669 3390 285 9651 7880 2891 3469 3469 7418 4387 9857 3433 2241 139 1398 5840 6046 2255 7875 8761 5990 5853 9197 9607 1007 8077 7478 253 5444 5986 5670 6987 2090 33 6904 909 6216 8379 9330 4900 7197 4208 2284 7015 441 2332 2039 4800 2914 1964 748 7198 2662 6568 7245 7157 6322 6222 7530 1814 8319 3784 7994 605 4947 2766 1390 4263 2144 5928 9693 274 2590 1727 9496 6453 6085 9554 6144 5069 241 4246 2829 6918 1347 8092 1316 891 5640 2896 2548 3981 535 813 8522 8990 7704 974 
759 5972 8457 4493 8296 381 8839 8301 7719 6860 5499 2606 8077 1008 1541 1376 9999 595 5673 1610 9296 5425 2332 1243 1487 6552 4107 5751 7776 7942 3248 4743 6259 6883 9912 3974 5404 2088 5678 764 1062 4703 4445 622 2504 9259 4079 3829 8168 8580 992 8472 9530 8978 9161 8632 2103 5203 9329 2043 9016 1334 3595 4717 1365 727 9847 4033 3113 2374 1857 4147 7965 1944 2099 2653 6212 2112 3910 6464 6509 8473 3699 5643 3939 711 2944 4344 8158 4622 2105 2304 7065 764 4913 5204 8148 6232 2474 1063 
1185 6935 9876 6604 1348 6641 6238 2053 7603 1872 1463 243 2877 6302 2697 4292 557 7660 5322 1615 9905 7440 5759 6427 2637 8486 4074 4474 8902 1469 6195 7932 1729 8553 7013 1391 2872 3912 224 9917 7872 8491 9518 5877 1459 8383 1034 8741 7173 8062 4331 8259 2491 5065 8616 7735 6737 9897 1384 6594 8943 7786 6792 4830 6368 147 3380 1002 8966 688 1726 8602 9817 2564 7924 4991 7906 6206 6015 1493 8565 2768 3656 5913 8850 3512 1425 5376 1807 7823 6603 8436 6159 5454 7841 9065 2577 9968 6878 6910 
1685 897 9946 926 7552 9720 510 6395 3792 626 7592 326 4288 3583 2214 7545 7059 5791 130 1923 4697 7664 1527 5110 2649 5728 4194 7305 6807 8435 3230 1371 1987 4238 5954 8462 2113 4704 7161 1555 2131 176 6599 1680 3484 3771 3547 6777 6650 344 6375 1272 3048 5714 4198 797 4136 4035 7164 6278 8039 2323 6288 1421 6353 4019 9555 2186 1043 7228 5294 803 5189 3125 3640 4279 2725 4820 8212 856 2945 1548 1684 5512 6394 3165 1854 9212 7779 530 5357 7547 1956 9865 5770 6063 9516 5415 5794 3851 
9480 7757 1670 5781 5229 8497 5728 1702 9542 2344 101 2402 6167 530 201 7992 6858 3036 9012 7616 783 7658 8609 4018 963 793 6718 6204 6944 2351 6538 799 7432 8237 8323 9358 5412 5670 6046 5455 5591 5235 3292 1978 7889 4178 9053 4021 2223 6199 7364 4981 5183 7374 1484 1391 5859 6542 1271 7634 2628 3855 1393 6260 5769 7516 4058 8332 940 3979 3170 3935 6547 8508 2875 3728 2048 5572 4679 4791 3849 9458 420 7805 5531 6938 8743 2267 4597 9308 9267 8053 8134 2141 5959 7194 3091 1684 1570 7818 
3419 1320 8992 3729 1782 139 275 4776 7389 8964 2890 9677 6786 3284 8705 304 3277 600 6221 8491 8723 40 6490 5481 2416 1152 4674 511 7466 5242 5112 9269 1103 3381 4042 4249 1112 5258 4876 2529 925 1575 6991 1853 1402 2877 7205 3791 1612 2280 3104 7211 5625 9957 7526 5570 9764 6378 6995 5060 7182 59 1045 850 8895 1999 572 9901 1445 4678 8531 7587 7569 9230 6928 3110 63 9383 2339 2494 1611 5858 2320 9422 5762 6536 8715 7936 2281 3942 2816 6158 1816 3338 4374 3937 4039 2498 5573 9598 
747 5925 1983 8599 6694 1681 1113 286 6954 1394 8704 3037 3870 3708 2090 6519 3984 937 5533 8850 5969 1511 8725 5337 9552 4866 9060 9512 7647 6750 7395 4253 4548 6481 8736 8515 8812 2390 4263 7188 2896 8779 2863 4388 8326 6456 6795 7485 4770 2441 8474 9947 5433 8644 3702 5294 6620 9485 5179 7388 2987 8935 5015 1307 2382 3867 5253 3541 2913 5189 5246 7803 3829 105 939 8496 9386 8194 6631 3732 6827 3303 4470 6232 7573 7248 5863 9335 6207 1454 8080 5164 9471 6292 5855 4583 8813 1196 8901 7735 
2490 3649 3980 6849 7126 8103 2247 2624 1879 2708 7353 3496 3498 9355 3408 3076 6298 475 8368 1988 4289 6923 332 5711 7371 1623 6972 3896 7999 1905 8333 2806 8685 9765 9620 960 5635 9532 6726 221 5294 863 5399 3521 247 6102 8839 109 4368 879 259 1328 4394 2301 1062 2279 6499 9885 7257 7759 5333 4484 5243 7111 8705 4913 6827 7211 5036 3808 5548 1560 7263 2869 2653 4713 374 222 6482 2187 1756 5986 6777 525 7699 4792 3111 5062 1381 9920 7738 5251 7148 6005 2530 6926 8615 3036 1680 5375 
6763 4878 9383 6926 3295 6943 5295 8974 579 7569 1805 768 2482 3723 428 3930 1521 9790 731 5969 1511 1407 5119 9552 7108 6688 7843 4253 8736 8812 6604 9606 4734 6283 2175 1857 1358 7126 939 6549 5144 1813 7081 266 6233 7598 3090 216 9245 7250 4578 299 3581 7952 3941 8895 973 5232 9970 6548 9309 5184 8699 6747 6674 506 2860 5153 8064 4952 6135 9369 4949 4138 1689 2227 2019 1455 9230 2734 5221 2797 3517 5642 8835 7956 183 2934 6535 3167 9016 2533 1120 3039 6242 9753 4951 1954 5014 4866 
8576 4260 7762 3713 3559 4389 1681 6946 4046 6755 5107 3269 7974 6492 1528 9274 7505 7126 2720 7763 5737 3964 8428 5284 9729 3164 1167 7767 4950 1099 2012 8962 2194 3364 4972 539 4403 7237 2142 4089 1856 7437 5505 6117 4182 6585 9228 8239 2922 9805 3323 8487 4667 2777 4238 8243 2177 4471 5857 1860 2916 415 8140 1698 628 9810 506 8876 7927 7859 295 5704 1915 2921 1459 7888 3337 2939 4041 8434 3159 130 2656 9499 9292 6222 2380 1611 7726 8739 3427 5212 4767 7179 4853 7299 8016 8494 6089 9489 
5439 3794 5581 3250 6902 7559 4854 9113 8875 766 5004 8969 2131 8857 2652 5361 8567 1866 3133 3408 1655 3040 227 483 8966 6622 3499 9073 8993 7807 234 1318 6944 571 8840 5347 2622 430 5072 319 3580 4071 778 3487 3815 8010 9945 3220 7673 9678 3912 1201 3446 4528 266 5654 705 6895 8091 1380 1432 8599 2390 1066 7718 4271 4353 9190 5808 9805 1382 9340 8941 7548 5702 2218 6971 9761 8761 9316 9515 111 9624 5992 6122 9101 1607 9786 1905 5692 4541 4146 7363 8320 4790 733 6462 779 5686 6931 
9919 1345 4817 2674 6129 1735 2981 5489 8890 8691 3154 1879 3224 7993 3082 4252 5683 1812 6141 6513 6382 3251 7024 1228 9623 8104 4915 4514 556 8293 3700 6143 4013 7807 9518 8771 3885 1560 7014 6141 6125 9816 7289 3999 2932 8922 3285 3651 1016 1666 8522 1488 3314 1684 9703 2124 43 3241 1475 2558 7803 986 1941 7206 6596 99 7408 5347 1719 3991 5658 5252 320 9680 4398 752 2257 9614 555 2009 3614 2203 6081 5120 9555 1688 4291 4036 9047 7573 6008 2620 9149 1539 179 2584 4894 9185 4606 3699 
9042 9093 1978 9687 8478 4105 7088 3921 7564 5661 9498 7730 7421 9846 3987 9487 5284 1078 962 9640 908 3905 2341 5973 2072 4225 403 7994 4669 702 6386 111 6962 659 3977 9751 6303 6292 6964 5341 7971 8760 6476 454 6032 534 8851 395 4081 9156 4746 4879 9223 7574 667 7329 6157 1137 3645 7426 3159 1965 6064 5723 6223 8779 8224 7146 4560 9403 7451 5907 3725 6240 9238 7442 884 5043 5408 3886 6386 5762 7048 9917 2925 773 6270 3818 9517 861 9987 1211 6469 8831 9544 8819 6395 264 6154 1273 
2607 3602 9425 28 7383 6583 8926 1521 307 966 8811 3194 6257 6754 4942 5002 1802 371 3533 4771 1627 5223 2127 6149 2213 5996 6229 7229 728 2485 4321 6542 4273 8427 7900 7983 6105 3002 3280 1800 6135 2264 3271 699 8974 3275 6567 5888 6584 6062 15 7449 3518 7698 8209 2272 9426 6625 2539 9412 4866 804 7415 2137 8588 8922 8032 6213 5900 138 824 3971 2238 6081 3362 9224 8587 5297 1046 3166 3169 4657 6903 251 6232 9072 8081 2973 5697 97 8623 2240 5293 4258 6198 7169 9955 7318 9518 1869 
5019 510 6395 3419 725 9186 7774 1199 576 3656 551 9501 2620 7319 3251 8112 7413 7989 7454 3338 6534 232 961 8618 3768 943 7051 3786 1837 3799 9514 8854 3860 325 2331 7636 5827 2253 3750 3805 6154 5793 8414 4098 8733 1622 2875 6102 8433 9344 1191 8248 1155 2140 5945 1060 564 9796 8529 1405 3966 6678 8613 5654 8361 5569 2167 3010 5402 6639 319 8932 4958 9198 3495 7560 802 7803 6208 5183 367 9652 5732 5728 4627 116 8286 9821 1882 4404 3610 2889 9413 6834 5617 8657 4529 2763 5416 3846 
462 6152 560 1917 6020 3160 9964 7222 5879 687 2774 4331 7850 9774 4307 2178 2142 1303 4477 698 7173 4466 7280 5044 1669 5156 2702 6 2909 6649 2395 9164 6477 1005 9818 9019 1113 4023 9996 1881 6373 487 747 9242 7420 2577 806 1790 4672 5284 2060 3337 7679 2331 1495 4381 4527 7016 4987 9844 8869 620 8436 1978 6727 1071 8700 5054 998 8340 7185 3129 4933 2228 1998 6892 2830 4262 4809 3738 4539 308 5014 6930 3834 262 9038 4253 7619 1741 712 328 7707 5137 3025 2611 9583 7564 9271 2579 
3934 5861 3699 95 9695 949 6310 6339 9408 5110 5451 1748 3153 7864 428 407 1087 7372 2886 3043 4350 6163 3959 9726 2973 5354 6078 8136 4960 4382 6400 2121 8987 821 7813 671 6749 60 6412 9976 6069 6179 9061 2020 7561 7414 9814 817 1119 9348 1835 641 2033 6244 7229 1034 5276 3866 3131 6917 6771 2010 5255 2553 8896 2856 3268 6457 6919 8885 8216 5642 1640 1336 7681 832 9655 5482 6436 4780 1206 9206 2478 5820 1635 6380 2799 6522 7000 3830 2778 6150 9739 2605 6091 2555 821 7599 6318 51 
1915 4190 830 433 6545 2901 5830 7853 9711 2538 2873 6879 8503 3926 3498 9962 1581 5809 6092 7059 1820 1046 2699 7194 741 885 3913 6421 5141 5966 6814 4194 9214 7305 4471 5812 1929 9454 26 9278 9146 7340 6489 4953 5873 4764 3808 9809 6181 5210 3924 4747 612 3164 3206 4878 454 1003 8919 6766 746 8965 822 5686 6965 6400 1723 4424 4430 598 755 2646 3411 9002 1712 5471 6764 4885 9728 836 1060 909 2202 1700 3256 3555 4478 6687 6415 8670 367 2431 627 4594 7400 8492 3025 9744 5749 3610 
836 2889 9413 6834 7710 2857 9938 4529 7522 6182 3519 6852 7517 6258 1771 2581 9874 6628 9471 5625 2277 5642 1404 2597 8183 8869 419 4475 1767 3847 7473 9468 1315 3354 1736 3887 2229 6051 5704 7647 7994 2933 6924 2602 3001 7455 4751 1946 4175 6488 4135 1016 1154 4734 2790 8513 7591 4181 7438 641 5217 2723 3752 3029 7010 9882 2250 1419 1202 73 2482 3898 4822 7732 4146 487 4657 8381 6197 5248 3835 958 6374 7943 5635 8962 2070 451 4808 8387 798 6027 7210 58 5722 2986 7552 5018 6705 6848 
3441 1986 5573 8559 1112 1399 5243 5122 9896 1858 4453 2489 5870 9645 3031 7865 9339 1576 9786 3009 3064 3152 6363 8219 3521 2638 2421 8248 2457 1060 6623 4855 8978 9796 1746 3369 981 4606 3197 7355 3736 3986 9674 5654 8361 8158 8637 5525 8515 5144 6025 8335 4094 9959 5416 8895 1456 6439 1653 451 2843 9815 464 8816 5265 4307 2896 8295 8903 4372 5469 2494 1611 2858 5858 2320 6590 5390 2222 7691 695 9989 3211 8868 1087 764 6040 5712 6945 5953 2646 280 8620 1204 1081 8814 1988 7985 9610 9616 
5170 5976 8953 718 3471 9063 6625 3572 5740 6636 1645 4265 1766 4635 1327 6062 969 5700 8948 6997 5825 1719 7576 2066 4075 4227 7045 4367 7699 6808 6092 9694 9729 447 885 6385 5106 6430 6535 4108 4257 2087 5427 2733 4820 3978 2563 4847 3036 4842 4329 7482 1456 7026 2131 9266 5088 9237 6929 2879 6159 5736 9837 5589 9054 9525 5954 1056 9670 2057 4619 2163 5389 443 9632 599 9006 1228 4051 5030 2741 1704 2935 5913 5253 7850 2829 3553 2609 8211 5010 4039 705 8343 1163 7383 476 3176 6189 9829 
4056 2191 7526 1416 5867 9737 8866 8616 6217 6312 6939 8853 1740 5228 9106 7297 2343 7417 481 6338 1252 3567 5152 8035 4239 6706 6904 2949 583 3219 5374 3175 2007 4680 7198 3826 4160 7864 4550 2416 6776 5752 944 3736 1324 9759 5814 5413 315 959 7881 9286 698 7735 4601 2428 617 1134 2334 2894 9819 6115 2126 116 3674 3219 9455 9634 9277 5271 2115 7052 395 8313 6747 4722 7747 3595 9206 2596 6795 819 2327 5338 7507 2016 4820 6810 5671 5680 7371 800 765 5191 9729 6535 8600 4802 22 8233 
7748 6970 9509 8421 6409 4551 5495 5011 3602 4388 8063 4699 7762 5009 7103 3133 4925 9997 2985 3912 1510 1773 7522 3335 7184 1466 1030 6495 9463 4526 6630 1161 449 2835 9473 6139 7854 8497 7318 1320 1726 8883 8403 9752 1818 1388 575 8430 9042 5253 6634 4704 20 5256 304 9662 2039 3607 4182 2612 3310 3903 1264 7184 541 5989 545 861 9440 3778 89 4517 9127 5147 8112 7869 8230 1696 8771 4366 4037 9228 8353 1412 5942 2629 604 2852 7999 5092 2742 1632 2517 4866 447 9601 8482 6806 6297 3405 
552 5592 3884 4112 4350 8913 5715 6664 2950 7441 846 3638 7750 2812 9230 5371 4981 8928 2164 8109 3676 8641 8426 8171 8549 5997 7043 6839 748 7069 7126 5496 6181 8183 3113 3658 7071 2539 4785 6795 6662 5236 3471 8962 4656 8290 5654 9901 6087 336 4605 2073 874 1644 2821 5829 1456 6134 6190 983 9103 368 300 5165 2381 678 3243 4316 8519 9175 1736 366 5790 657 5078 3646 9595 2209 7654 9401 5662 2088 2953 6246 8641 5220 7840 7735 2085 125 7914 4667 2389 1172 9612 239 4383 2677 4939 6189 
8786 2124 8013 4931 6062 1720 4770 9783 2215 5687 5856 4342 4665 1448 6996 49 5046 2362 737 5722 3311 9116 6470 3464 4447 4215 965 9161 1523 252 4246 9608 9048 9632 3203 6025 8955 92 2577 737 6727 7020 9425 2467 8289 9952 6620 9485 7325 8751 6946 2006 7746 6 3930 1796 1654 6738 3494 3016 3307 267 3214 6550 2850 4646 2652 2448 6875 5505 6061 8220 5735 8857 9412 5969 7687 9818 131 8823 8544 4176 8307 5500 2170 2804 3291 7433 3916 2460 4625 5342 1839 4589 9556 5852 1333 6339 1805 2358 
6055 1733 6384 2765 8417 6734 2079 9556 1076 2913 4570 5221 1632 9788 6686 8016 7847 485 733 7442 6371 9284 3630 3491 5603 5875 2713 503 9774 7150 732 2789 8131 5604 7316 2301 2938 9811 8535 8312 8178 5571 6112 350 889 2260 9318 6959 6663 4110 2034 6457 9090 3081 5191 4284 4657 3987 2390 6168 5346 2684 4833 1546 6068 2046 4800 2507 5960 3663 990 6935 825 3087 957 2341 437 2967 8017 8413 7605 698 7470 5887 4975 2641 1334 2647 5241 2718 7646 8767 7008 633 2523 3221 6097 2831 337 3559 
1198 168 554 311 4286 2383 815 1618 3162 403 5859 8332 1263 6206 8215 9994 6551 7327 3628 6527 7667 1649 903 6487 8660 8857 905 8822 6619 9928 3375 9735 6270 4633 7221 6201 343 1665 8804 1194 7940 2954 4446 502 3329 4250 7601 8442 8780 9330 8637 1901 5548 3587 8077 5137 2521 963 6161 8706 1143 6410 349 5569 1898 6477 3827 653 2730 6941 264 9462 8464 3177 6838 9570 4851 3235 1732 9464 8056 7712 3388 5515 6718 7941 1074 2597 4551 6455 3214 8412 4248 9147 1058 4324 5915 8299 4228 8773 
8758 4752 7698 5185 650 9510 3619 7049 5606 7620 2097 4006 3803 9627 2347 3932 8281 5638 2597 9559 4495 7938 1633 4898 6255 5000 9924 6519 4876 2999 3413 7739 686 1654 1313 4314 9441 3136 5730 5006 719 2672 9078 2273 1840 1979 6657 6389 5192 8483 5178 4418 8615 2920 4319 6316 1392 4794 8709 5080 1787 9151 8573 8402 7389 9600 2508 3302 2905 5865 2135 3306 4676 2813 9207 1279 1167 7144 906 1758 2960 5519 2535 5858 5253 7231 3983 4750 6198 757 6979 9588 787 8971 4586 3154 3252 8204 7165 446 
8645 1989 8184 8968 4402 324 8881 5228 6232 8323 3958 8463 3317 1501 5903 8817 8286 205 1703 7800 6124 2455 7495 6239 7371 8006 9527 8387 8601 5540 2145 4167 4668 1620 8197 8226 7064 8417 1773 5376 831 8488 6250 6214 7734 7380 8190 8965 7418 6825 5978 6749 5214 1820 3810 6395 3169 7575 888 5230 4081 4784 9593 4003 3167 9877 2175 2624 4117 6552 614 1261 9092 5866 3173 9268 4149 2020 8660 7523 9669 5392 9080 6079 7525 6599 619 3222 5932 9695 9349 4520 6409 7835 4199 5534 6090 1713 3552 5603 