3006 9588 6083 696 9914 7877 5731 5952 3056 1756 2541 8909 4983 8419 8751 8134 5438 8755 7455 5916 7209 9863 1999 8762 3801 3643 228 1120 3924 4562 3387 4122 7490 9937 9679 4080 9531 2510 1833 2918 1458 8123 5289 2446 465 8598 232 5546 6218 2928 6130 3343 9030 2486 7365 1493 9485 8520 245 8741 3767 7234 3652 6502 4266 4371 3294 2585 2043 2954 2810 6596 2655 849 2577 8687 6764 7398 195 4451 2547 2470 665 3645 3888 716 4187 8876 9069 3668 5278 1447 1527 4912 3476 1123 8181 1583 3393 9602 
3791 1409 4035 2086 3962 8767 4661 5613 7396 6887 3615 2438 2435 8252 2694 3102 3387 4107 1360 5776 6725 8079 8190 9795 4170 6052 2544 2506 4117 733 6312 6606 9025 7614 493 7933 3242 2035 4610 8428 7679 2970 8081 526 3046 2439 3998 8843 8362 3717 7765 1849 106 8470 3727 5966 4996 4966 462 9058 929 1034 9715 61 82 49 7019 2825 3839 1346 6339 5966 3357 3069 2274 5813 5454 5290 9199 8630 2859 2221 1513 9837 2824 9711 9272 7456 7095 4249 1322 6329 4446 8491 3637 7880 1647 7421 3767 1151 
8862 835 7468 9125 9507 9210 5780 2588 9986 7590 2288 5943 949 1323 921 3286 1041 9460 2484 8073 2717 307 4234 6000 4061 3521 2889 7413 5169 981 3896 5751 8369 5580 8074 6329 7651 2931 1899 3730 116 1867 9788 1284 4436 6950 6962 1213 3349 5649 9512 8701 2758 5192 6904 3628 320 1248 1222 6563 2537 1057 9355 6593 8520 6304 339 9093 60 6134 4130 3116 2005 1848 6025 2590 9701 9280 1064 3286 6673 656 682 9039 5406 2934 1811 7444 6504 6354 980 6092 1645 188 1980 6904 4492 458 3325 9465 
7176 8397 505 4851 4642 5156 2057 7297 7882 7907 1279 2726 9281 9209 4651 1434 5753 4097 8163 2218 6533 1226 6449 9009 6367 4763 2209 8860 4402 7156 3916 4479 3699 5047 5935 9901 4147 4094 4810 4122 8267 5193 7940 8724 9133 9642 2942 905 5739 2227 6374 5854 7964 4859 9084 3676 6452 5785 2810 7507 8756 6914 9339 8551 628 2702 3508 253 5222 5893 466 5506 791 1419 101 5322 7316 1024 4927 1789 5899 8759 109 1241 259 1328 4394 326 6925 4075 2586 178 6765 5369 3425 6077 1429 6544 8765 6614 
3091 461 6093 1763 3657 8260 7715 6913 8843 6369 8684 3475 1592 5013 8449 2107 9501 6458 3338 7495 2984 6009 8514 4222 4039 9351 4314 2371 2522 9888 5573 4901 9598 7087 747 5925 9248 722 4481 5147 1697 7937 1514 3198 6360 1029 6954 4248 3708 3228 5004 5696 4577 7506 8851 4301 7710 396 3541 37 9665 2731 7579 891 6865 8249 2263 6090 4415 4878 9565 2433 1035 352 7096 3829 8168 8580 9948 992 3298 3821 4772 3525 4374 1003 6907 6638 4623 1427 361 9898 7565 1090 1265 5752 4970 361 7282 2359 
1979 9400 6232 9333 5001 6528 1109 4467 8523 4067 5254 4280 5776 5640 698 1807 8284 6781 9016 8754 4033 7515 4028 2489 7726 6508 702 6979 1551 8332 7733 4943 7132 7616 7288 5931 4495 4476 8931 6189 9829 3487 7526 2222 1548 6217 6784 6312 7380 8683 874 123 2343 6284 1252 8035 6706 6904 9195 2845 8042 5735 3219 2226 8217 9881 3884 1058 4432 3734 2996 8509 686 6662 8081 6205 5236 5441 9043 7565 3171 8315 2944 3565 8290 3363 7225 9201 9346 755 7860 9738 9733 4778 7724 2852 2085 9507 949 6610 
9967 7362 5341 9218 5568 4394 5954 859 3609 5560 4553 1188 4591 2341 3022 2468 4695 2712 4863 8223 3500 1548 1556 1703 4375 2569 8778 5802 6115 6650 6450 520 3130 3572 5274 4188 2275 142 3876 6678 3248 7843 9759 249 1459 5523 2815 4235 2746 6840 8315 7918 7018 4655 461 4902 4358 2430 1225 8708 4854 6268 9758 151 8541 6743 9549 8273 2414 950 4391 565 4741 4080 1374 8682 6957 8238 8990 2243 542 6061 421 5054 2485 230 8776 3936 7233 4214 7468 569 2681 5488 856 1635 521 8372 8276 4705 
3611 735 5419 8852 6754 69 8883 9361 2116 7805 9718 9932 4864 8155 2294 456 6784 4110 8548 5299 3069 6471 891 7798 2962 470 6869 5095 6079 6158 9835 586 8425 3428 8387 1178 102 1998 7887 9423 7612 2255 5819 751 3934 9346 5140 2873 6778 9701 142 1795 2079 8014 3729 3431 371 4646 4930 1705 4915 5418 4025 2098 1748 6436 4867 7667 4678 5418 5789 9665 3537 1206 5916 1912 6915 1295 3877 9142 3881 5252 4819 7006 3556 3569 7944 547 9497 1319 3236 5223 7017 1704 5943 4133 2077 5388 868 5947 
7845 7996 8929 2719 5918 4358 6263 7318 283 7930 3393 2787 6245 9037 8742 3615 3992 665 9337 6665 6731 5558 5490 1000 8841 7268 8010 4997 1497 3258 4857 1190 8236 8909 1075 1543 664 5337 207 1395 8858 3705 7433 9532 1076 8718 9987 1421 5029 3414 4137 8360 8522 6948 7933 6863 6858 440 1459 7308 7461 716 9921 6991 620 2514 8250 8659 933 4830 2642 5560 1580 7102 9862 4542 8474 4432 6590 6536 3051 1304 8262 5953 6649 8519 9001 564 1077 9750 2328 2661 9907 6330 6436 667 9528 5129 458 5921 
3967 5055 9848 7199 1805 6786 3704 8817 320 9472 1207 7558 7879 1470 4708 3257 5542 6368 1991 7892 737 2479 1107 5007 1878 9486 8652 5537 8993 3004 3946 1579 2735 8113 9047 2539 8474 605 9526 8097 4433 7652 8714 2539 2387 414 1596 6489 712 5576 41 352 8982 4764 9342 3808 5576 9809 6181 8181 9715 4563 3924 1128 4747 612 8606 7787 2488 7976 5576 8829 3132 6954 761 3559 9005 3169 9653 7792 9162 2803 1345 6181 294 9841 6556 6135 3894 6499 266 4527 6792 7205 9326 3205 9967 2797 4494 6062 
2265 5045 5291 6963 7842 2458 5980 9237 9418 5039 3272 4570 7611 7897 5727 3614 690 9112 9173 7432 8070 782 585 6368 4067 7237 4695 226 7125 6997 185 2798 3409 2601 2777 3346 8181 897 4498 3885 4857 4070 1615 6868 1599 5717 2339 2565 612 1853 5575 9460 3858 9882 1512 9348 4977 7388 2777 1683 6041 3421 7033 5379 4319 19 4910 7126 6898 3931 595 2445 3594 2242 2945 5646 4448 872 1526 1551 6197 1973 9686 5335 3213 7052 8715 1838 2413 2802 302 4162 6493 6793 1136 6666 7414 9814 9348 334 
2971 2033 6244 254 5008 5069 8363 9677 7501 191 5370 6937 1107 2593 4480 294 2793 8585 2964 243 4170 6237 6768 4676 3821 7426 4958 181 378 7227 7171 6734 8406 3840 6474 6438 6101 2509 3286 3295 3212 8984 6233 7598 2527 9245 3008 2127 3228 7516 4134 486 145 5262 4080 2043 5204 8409 5895 4995 4711 7246 4534 2304 875 679 2500 399 8604 6247 2309 5461 6739 4977 3384 1310 2171 2162 3366 7488 9302 612 9528 8419 8552 9012 973 2613 7371 1141 3552 9563 4365 743 7508 9821 5966 242 4616 7028 
9913 4067 3507 1578 7896 1277 4085 1999 8064 6480 6701 3280 8746 7098 2943 1832 741 4768 7358 885 127 260 2863 6841 9231 6795 7485 6590 5642 4359 695 4365 3835 3211 7444 9530 2458 2015 3778 61 1907 6401 138 7854 9754 7885 2216 3150 3976 2810 9173 2090 8070 880 3660 9604 7490 173 7569 7284 9534 1284 9791 2172 6958 3583 7059 5663 3994 250 5019 1923 4697 4083 2649 4493 6659 6767 8759 7676 9048 5922 9628 3425 3015 746 820 6065 9189 1272 4502 319 803 754 2580 5498 7826 3771 4420 8595 
2710 8862 6346 9112 3635 1680 2981 1763 1082 5371 3800 9503 5468 7927 9692 6270 8514 9141 9313 8069 3630 4418 8390 2549 1063 6315 9752 3957 3257 5542 2054 7844 147 1083 6707 2066 9998 1475 6038 9196 8909 1075 664 6713 3064 8034 3705 4701 7140 5637 2694 2876 5459 1714 6776 5858 6008 6572 1849 8265 2370 2948 5917 1922 1560 6995 9018 3541 676 8807 1076 9590 9824 4774 682 6161 766 9344 9045 1428 680 9613 4707 1150 1497 1372 5495 6263 4986 940 2798 6394 7881 8537 5532 4651 6635 7776 5902 4518 
9297 3761 8390 6024 6863 990 7461 761 4802 5823 1254 2866 3893 5998 7537 1960 2141 2766 2592 9368 9415 6561 3490 9858 4684 8193 8783 6988 2887 4656 377 1548 963 6371 1318 2981 7404 4978 1763 8727 5603 4790 4987 6191 3185 4547 8842 8951 7223 5229 3777 3487 6545 7031 6771 5722 3612 308 6289 4279 9167 6588 4313 2264 780 4733 7266 831 4167 158 5653 378 6007 5237 4002 4269 4621 9421 2139 6485 2465 8728 6663 3157 3601 16 6690 7043 1342 7393 83 560 1313 6453 5391 5786 9003 1793 8431 1062 
3351 6881 6569 8340 541 8353 8362 6055 7933 9831 7206 1802 6550 3026 1658 1784 5174 9459 8793 7974 7805 4072 6767 7305 8538 6265 6989 7368 9615 4926 3832 5839 7503 9325 5544 1727 2358 4577 9048 6932 6284 7649 2136 4511 9402 8734 3342 9642 6609 2784 5045 3410 2903 7654 7018 1317 4428 8051 6935 681 3952 6858 5029 5518 8631 7333 2976 933 4143 2642 3365 7671 6928 5560 2201 2838 4372 5469 2339 3654 2494 2858 5858 2320 6590 6452 5202 7691 1848 6055 2965 449 4641 2721 3857 7952 9633 8087 5437 3532 
8993 1987 2077 7618 9895 4417 5740 344 3025 1337 5342 9949 2095 3806 2976 8110 5494 7416 962 2629 9301 9517 1058 2052 2499 8299 7904 4995 6332 213 698 390 7661 2485 1342 806 4318 8917 193 1734 7477 9049 106 2834 6754 6322 5053 4607 1508 6380 662 9382 1310 2117 1395 499 8530 4434 6881 2267 9308 8053 780 5871 277 176 2597 6983 4173 376 996 7028 2877 2515 2723 4248 9823 564 5793 6169 4656 8324 8976 7634 740 9568 1736 4545 1876 3744 9857 8326 8492 6672 7740 9241 3385 8525 6608 2737 
3190 3474 6805 5903 8544 5931 3471 3350 3825 7640 2708 2134 746 8079 5842 4838 2631 5885 6827 1162 2908 8065 3547 3627 389 3271 9416 6372 4574 5080 2088 2729 7516 2919 8732 4129 542 7079 2450 9003 3822 8815 6049 6805 6221 4750 9481 1048 1923 3374 4 9588 6910 739 9192 9653 1365 7171 2359 6626 6111 9673 2165 1513 7184 5577 5361 9913 7575 8392 5183 7646 3939 7130 2628 1393 7592 9976 7657 3028 1522 1925 4263 2673 8699 3468 6455 1031 4355 2324 7558 5462 5845 3637 9090 6440 5410 7865 4109 1359 
787 23 4057 8225 5914 6134 9538 9546 2111 7464 2043 2010 8896 6308 6919 9487 1640 1336 7681 832 9655 503 8846 5361 6731 185 1823 8347 7235 1495 512 1948 6064 622 322 8835 8643 8047 2016 2202 1322 3961 314 9312 1933 7581 9456 1407 6591 3575 7363 7316 9554 8489 2354 6203 1438 5802 1719 5508 4618 5514 9818 7045 6478 478 1131 1511 5337 7993 4135 4866 9735 6808 2850 6861 6764 3351 5847 6804 1442 9328 7618 1504 9904 2536 6728 4037 9377 9909 1563 8237 9358 417 2928 5142 9788 7702 3617 6281 
1719 9428 1355 6478 3933 9659 8296 8364 621 7626 153 3716 9605 5540 7613 3286 9790 8303 2816 9802 6832 1487 5072 6131 9403 1854 1312 5612 4870 3931 4244 2463 687 5798 928 7908 8624 4061 630 7921 760 3427 5916 4130 2931 116 1867 8055 7834 5539 9487 8816 1284 9701 2540 507 6008 2360 4291 3113 3499 2315 1920 515 2756 6503 2257 9890 645 9020 8224 7495 9355 9740 6399 7312 5979 3036 3281 4042 909 396 734 7871 3846 9006 1913 2428 2853 949 1037 1668 1682 8023 6258 5519 1919 5998 9231 2461 
8619 1611 6504 6382 9279 3502 2474 5415 220 4195 9425 4221 5232 1093 1412 3266 9117 9525 988 2247 1875 2906 7831 1720 6450 8169 4576 2331 4551 207 8020 5287 9177 1861 9670 1798 942 7196 8355 9538 6230 465 1190 5530 8860 6799 3376 9222 8489 5733 304 554 2565 3428 7668 6728 1771 8510 5818 821 9152 6149 8425 9967 4704 7643 7881 3230 2620 9985 5212 5794 3517 9510 5281 5971 7724 1636 4753 3742 2853 7289 8369 585 4262 4186 8945 843 7421 4144 6529 7153 6418 9333 472 1473 4031 2348 179 9845 
7341 4942 5976 4805 582 506 4294 6652 8018 7126 2532 3128 7094 7976 5576 8005 3132 3134 5625 1630 9865 5770 6063 418 5794 7771 3586 134 9826 5553 5374 7386 9057 3592 7766 2413 9524 2337 4827 9090 5410 1430 88 787 5142 2347 1616 3687 8111 2938 8380 142 3524 1306 6543 9896 749 6069 12 72 1119 6516 1772 2278 4312 9455 7544 1128 5145 8313 7409 4883 6916 9551 2543 3208 4213 9902 4886 1352 5417 536 814 561 2151 3108 8790 3265 4854 7242 7039 4396 1795 6414 0 8434 7367 5398 3060 9801 
7792 1486 5882 5609 9710 3065 432 8706 3916 2237 75 7555 7914 3524 3234 6213 355 4562 371 7879 4816 8147 6060 3405 6536 7732 5811 1395 4506 719 1945 3654 6511 3095 6128 9019 2142 4443 3164 6719 7782 272 118 7657 3028 3233 3412 2615 1676 5125 7109 145 8992 3729 7289 2746 275 4776 4076 71 8964 2890 9677 6786 6121 8980 1995 206 2223 2139 7850 8398 393 8798 666 795 7893 7029 9627 6404 2446 995 8846 4598 2990 3815 6173 7415 8492 5104 6314 3320 2732 2 4665 1600 1291 8805 649 1796 
985 4273 6332 7503 5990 6500 8527 8604 7576 3448 3892 3926 3079 5346 8543 5996 7627 3820 2351 8645 5421 3642 7450 2422 8402 5598 9027 5017 4783 4338 9897 3808 9294 2191 7737 2743 6769 3021 5514 8468 8266 816 5544 3167 4189 3859 3161 7992 7915 3590 6040 6942 1873 9655 1960 3993 6817 9640 8735 6484 1756 1998 2495 6025 6616 7922 8703 2111 5993 5196 46 851 8271 7243 9163 1280 7372 4449 7229 7772 5964 608 9382 4072 1878 5575 1542 630 4373 2835 9545 4741 4275 5689 3960 641 5240 9866 4365 6041 
7095 8489 1396 9411 9098 9835 8057 6285 657 615 1276 3493 160 1643 1253 2270 4825 9934 3748 2211 741 2077 1458 6419 5524 7816 1287 9045 4947 1123 3454 308 3760 4418 406 4263 566 3399 1819 8752 8224 2042 7428 4758 7734 6188 8557 6376 9180 174 4948 3518 7978 653 6048 1096 3179 2536 9967 7593 5309 7535 9603 7991 4537 1199 7759 37 2912 8386 3367 4805 7137 4503 5392 1277 1159 1273 2191 5580 2361 2577 9756 9896 4914 6098 9500 1915 5424 9934 2230 5842 4568 4718 529 5642 5467 1504 7752 2837 
5738 5389 4715 8862 4251 4487 2768 458 6832 7585 551 2620 3251 4980 7317 2069 7989 3830 190 784 8618 4593 9358 7463 1064 3286 656 5152 9160 9039 888 8444 5783 1632 5793 636 962 2629 9517 1058 7135 8240 6332 6385 8579 8769 5094 5878 3704 4421 4059 3957 3097 8046 3676 9347 7253 8348 9277 1781 4891 804 6305 4784 7521 6134 5034 7918 5152 1599 8900 6266 4982 2777 2146 7286 9120 3030 8827 175 9208 4317 4784 4609 4039 709 7372 3475 1907 8852 5770 9371 4570 805 8765 5380 5348 3608 7789 1690 
8054 5008 384 9149 3081 3818 9879 8691 1994 4279 2838 1756 6764 5281 4103 4090 7978 9971 8071 6792 6945 4569 3299 5154 278 8721 6188 5903 2128 1461 7442 7242 5270 4525 5193 2321 3810 3048 6117 9663 2692 9724 3054 5324 8814 5674 4578 990 6054 1762 3618 2491 8217 7624 6944 3839 6519 4981 7313 765 9033 5298 9994 7296 4426 2347 610 4079 7814 4158 2989 9433 8130 5813 6745 4151 2486 756 5558 2058 6702 7325 106 6814 7554 522 438 7587 4727 9983 3714 4067 1392 4941 9436 8108 4012 4450 3140 5684 
372 3230 4261 2188 2547 4564 294 71 7654 3013 3610 5798 833 7128 3135 8274 6445 8296 8009 1102 2783 8023 9233 4446 4689 7759 1502 1637 2543 2990 4092 7407 2681 6258 9872 7158 9754 8221 5917 7895 5739 9100 8419 4184 1971 6720 3951 2891 2422 5051 9559 512 8935 2296 1135 2156 4901 4292 7675 7491 5852 2531 367 9231 7895 6180 6386 2479 7187 6438 838 9536 8430 89 1751 3628 8127 2492 642 7131 8040 6005 9319 5450 4193 5800 2714 190 7284 447 1764 6677 6363 4485 1670 3039 3603 7566 2117 5085 
1205 1847 6511 9268 4259 8435 9328 1095 8416 1002 5187 7235 1113 4797 3007 4752 2609 4698 8865 4721 3204 1615 7497 4611 4140 9024 1060 3707 262 5182 7012 4980 7685 6323 9249 2562 6860 6310 2389 7142 5337 7066 5519 5398 1641 6560 3685 2924 2252 8549 7570 9468 5836 4802 7717 5533 349 7809 1611 8021 881 7881 1340 2724 9343 4755 1456 8013 6035 4963 7087 1316 9156 5736 9837 5589 5954 1833 8270 1881 3221 5527 5817 4205 1668 9527 8225 1366 7901 7158 4237 8671 8103 6325 4906 7711 4099 8802 4829 9033 
5908 4293 8237 9344 2599 6594 8461 6545 9692 4664 7422 5286 7166 112 314 5347 955 2169 2691 9001 7706 1224 9170 768 7671 7883 2810 2869 698 3409 9222 4917 5923 124 2268 6829 3929 5845 183 5607 3626 6550 2212 4415 9002 4066 6275 2667 1024 8775 1058 6202 8184 5499 8458 3659 9831 3651 8869 2582 9263 3394 6818 8886 1803 1779 3438 2008 9658 5250 7704 4917 4318 5633 4310 4177 919 961 2981 1400 8664 200 6719 3899 4468 6226 9322 6542 6979 9094 6617 6407 5887 4565 1618 5549 5586 2038 8668 936 
4503 3160 6325 2774 6948 7101 7758 3724 5518 4409 9311 5532 5645 9396 9305 8860 5595 296 3460 4952 3280 1511 9547 4062 8294 5860 6270 7040 7899 5197 3092 4196 9073 1644 817 1692 2982 4579 4236 9572 2468 2957 2302 2547 2272 8097 9671 4250 4839 1240 1809 9328 6191 7339 7606 8307 1545 3815 4056 2412 6957 8071 1587 8269 8797 35 7370 428 1521 8081 731 269 6390 6122 759 5637 7915 1511 8725 9552 3037 8658 9614 6612 800 3463 7568 6092 2717 8945 2521 3285 9541 54 6594 3203 1054 2577 439 1231 
9425 8289 9952 6620 9577 8496 1544 977 9761 8625 9985 3358 8195 4300 5931 4438 4928 3860 7775 1743 7600 6031 4483 222 789 6482 5378 5612 5986 2705 2479 9160 2459 525 8754 7699 4792 3111 5062 8160 1167 4609 8337 5251 1195 2530 1175 2119 2319 5772 129 9702 7681 7591 5224 3562 7151 3422 9809 1928 2914 8503 8686 7165 7137 2813 9964 4903 3362 8412 8843 477 6216 470 9071 9412 5145 9028 1100 3365 7056 6424 7314 9712 2110 8557 9564 9282 7690 4108 8231 9276 4055 875 9973 2196 5983 4496 7008 4953 
9125 5207 3828 5595 1087 7210 4778 2195 5040 4080 9352 4169 5380 7521 3508 518 6682 9663 3405 7635 3586 4310 8336 3113 6231 737 5005 9315 2072 5089 4446 7822 2964 3911 7746 5730 2341 4444 9210 7102 7590 7963 5968 2415 5576 352 9809 8655 5265 3778 5210 3924 1128 612 3164 5093 114 8540 7492 454 6636 746 9530 6334 575 6193 2374 6324 7071 7788 8240 8132 5350 1242 7171 1288 2324 5837 9982 7873 9729 4205 7238 2892 5216 5744 8895 5273 9708 7314 7846 8400 4284 7256 9012 783 6677 2 8609 4453 
4431 7845 1300 7753 9292 6718 6204 6290 5216 3906 2351 6538 799 9348 8323 9107 2236 407 2193 151 2769 5412 8109 1194 1645 1848 9233 4544 2773 6871 7338 9997 4799 7233 1142 8155 568 8282 7828 2848 3907 778 3572 6683 3655 3570 3401 1267 634 8761 4365 7553 9301 3613 6119 5995 629 8837 7065 9808 8038 8929 1761 1945 4010 2723 6962 4684 564 7047 2202 4942 9907 3754 7465 6330 5228 9538 7334 4655 1416 867 8625 2408 2091 1353 688 334 6589 8005 3528 4795 4510 6991 8796 5609 8446 2893 2048 5361 
8867 7735 5756 1786 4057 6186 8865 8346 2558 6741 2486 7801 4726 2425 7007 7420 7037 6654 155 5083 1828 3144 8478 7509 8004 5548 7263 1944 1482 6212 1249 8505 3699 5643 557 4622 2304 6822 3956 1199 576 4128 1229 6092 8543 5495 1828 7172 3638 3821 222 9286 7217 4958 181 3950 2142 5977 7437 1068 9805 6036 4244 4410 350 5947 3046 3196 5895 1118 1241 8360 3648 7130 7196 3792 7109 5126 2255 6111 1859 1352 4286 4069 3338 7053 3758 2749 8242 9762 3806 5295 731 9868 9072 684 8191 8419 8577 422 
5376 925 6683 2412 3169 1969 8618 6809 4029 3578 4812 8090 7875 7458 5851 9957 7217 7447 5917 3504 4410 3742 4848 6008 5420 9589 5622 4374 8080 8128 9287 4015 5829 535 7524 5115 5838 3713 7684 5479 3759 718 6521 6486 5124 5023 7056 9007 257 9849 3889 2535 6313 9011 173 1253 3475 4536 8303 3932 4504 527 5438 1506 9853 5266 4647 9180 8856 7514 2629 1782 5064 3441 1269 7926 2654 6627 3564 1508 3976 5276 2369 7270 8333 4247 3234 9282 1672 9978 1931 1240 1197 2589 464 235 6823 3956 2896 7922 
7300 2090 6805 2382 9923 6336 8542 5828 8158 6081 5830 1419 1181 792 2482 4822 7732 4657 8381 958 9688 2170 7864 373 132 7996 3699 810 4690 855 8393 2280 1243 3060 5316 7362 1967 8515 1220 5205 1972 212 6941 3699 370 3035 2483 6163 5007 3376 984 6343 1849 1383 6878 6414 2940 9809 1798 1075 3965 3176 2379 9625 4406 415 6285 3328 9375 5428 4908 3805 2304 5020 4752 3368 8277 6595 2082 1502 1417 4857 6552 9507 1307 6181 2803 8971 9220 9500 1596 4891 804 8380 5512 8753 4338 6864 1025 4009 
4112 6613 4473 1994 9372 8457 8531 545 9901 646 1007 8895 5521 7480 3360 894 972 1764 6859 5327 6764 1958 1904 5599 6390 1944 4226 7043 6006 5640 5694 8224 2314 4099 4445 5098 1638 3996 838 73 4655 3671 1027 2241 8072 9512 7150 9474 3976 5303 7036 6667 9530 7090 2363 957 4534 8766 398 5552 1766 1478 7528 8846 2803 5671 2708 5361 6731 185 4029 1823 21 8347 538 8121 1948 6064 6442 9679 8835 5993 5053 9356 1184 3388 5894 1565 5211 5915 5750 1658 7624 8523 5546 2496 5612 7381 6235 4055 
2055 65 49 698 3359 2014 811 2687 6705 6966 516 2716 8474 8527 2666 6098 7050 4946 176 1723 5778 1171 496 2179 8221 3855 4445 3976 122 7180 11 4948 5707 1047 7241 3450 5194 2885 7304 8630 2002 4414 7117 5186 6668 7534 2129 9752 9879 5580 3522 5074 753 2759 8057 3168 469 7541 1507 6400 7151 1978 8282 1463 3330 2132 1542 5928 1059 9481 4835 3274 1629 4489 4549 8615 1506 3775 7208 5358 6582 8537 3490 1575 5268 2012 7664 7712 8315 794 408 7344 9310 3695 4223 9506 5115 4682 4364 4314 
5502 9200 2950 2663 3571 2530 7952 7861 573 8155 8246 2244 7246 5087 281 8407 3069 7899 2996 5313 9779 752 2608 6960 8622 7279 2483 649 9745 101 2009 5108 177 6831 7583 9555 1688 4291 2337 8946 5564 1159 4563 9130 6990 7599 7878 9368 3016 8447 295 5182 3713 8694 5213 1093 4445 5833 6089 7724 6166 9219 6935 8776 2635 5922 4576 8055 4889 6139 9573 8442 5890 6928 8459 9792 7120 4519 2351 9360 4238 3257 9402 6120 7440 6795 4493 4802 3109 625 5823 8781 1376 2650 1254 7933 1531 8851 2866 7334 
3893 9573 8510 3061 6418 9268 597 7251 2035 9133 3385 1666 8094 1242 9573 8612 6775 5842 7367 8897 1662 4759 9065 8253 2458 3723 196 9279 3076 8832 6360 3415 5201 134 2233 5327 8900 8376 5133 7887 5246 8204 3172 5513 6470 9522 5474 1272 1521 723 1534 9444 8040 7281 874 3103 505 7757 2639 9383 4285 4913 170 1224 5065 4337 1487 4409 8114 2181 5816 259 4041 8652 8912 6249 4183 7991 2878 5872 3153 6223 4281 5618 7354 6536 8684 7827 9200 6661 227 9554 8979 5716 5515 3711 3928 6787 693 8006 
1673 3469 2925 2880 8440 3866 3307 8892 3793 2273 6948 9176 6961 4294 7400 4558 4915 4214 8726 4666 7074 2186 5445 6357 7005 719 4734 6473 5353 6447 4541 1785 7749 876 8313 6265 29 1735 3697 8404 6980 45 3249 9623 6321 834 1796 4223 4909 4443 6078 7333 2144 347 6061 321 3697 9568 2741 7109 6068 7391 2468 811 4945 7460 416 5931 8590 5773 7977 2081 191 4471 1702 9532 9673 6738 6855 7980 8159 823 4461 4981 668 6157 129 1537 4359 4033 5806 9581 7874 1364 8248 1764 5568 5578 7115 4872 
6251 6561 4303 7633 3353 9439 8142 7938 3183 516 76 1773 5382 3074 6064 4644 9213 9479 1556 8424 6414 9950 7543 9673 1580 4285 1143 7957 6647 8285 8742 5855 2699 9300 435 8399 6356 1101 9047 8572 4716 5496 1149 7812 7774 5051 1838 7703 2255 9767 7408 2343 4213 3233 607 2552 1651 9185 7099 2558 2310 2184 3455 8431 3934 3013 8814 4023 5369 4592 2213 498 4848 7026 8688 340 3527 2587 412 9452 9633 963 6117 1622 3328 6277 5770 7637 9683 7990 7403 5016 8354 1709 2121 6512 5200 8520 7028 6130 
4631 3609 834 6177 4589 6204 2903 236 7569 8802 5699 5415 8795 3601 7527 732 7607 7359 3550 9328 8704 1043 2811 6214 472 7396 3749 4830 659 9706 5115 9111 838 317 3242 7859 7126 271 6188 6189 2714 6337 549 7262 1019 7894 8312 7995 9551 6592 7137 7396 459 1083 634 5342 6957 5361 3999 2095 7163 1496 3755 2888 6520 7752 3192 9073 8682 501 9234 4657 8490 5237 5146 8791 5088 4235 1754 244 4393 9630 4953 8094 4789 596 3581 8160 7052 1476 2063 8370 1976 8167 4285 463 171 1604 2639 7555 
2649 4116 977 9550 8967 9605 4788 2745 4282 3611 5300 5544 8252 7888 2300 517 5552 377 9732 7426 7224 7383 5585 6018 5371 6634 1413 7287 859 3048 2225 3862 1586 7673 9090 2531 2177 4176 3057 2698 7960 3749 8889 4047 7100 2244 6880 1375 784 3303 7594 7328 7886 4072 6632 4201 5849 2225 574 418 4247 1367 5923 5626 9955 3186 1248 6123 161 3005 1806 2771 6114 6976 1962 9093 8682 2293 2350 8278 9221 4142 9376 956 6244 3170 4889 567 5601 3946 2615 3109 340 9114 3473 9620 2799 6003 562 3794 
3623 3051 3236 8477 4240 6305 7557 8461 8455 853 8702 4348 5561 6853 7023 7971 6282 6048 1121 797 8248 2736 5587 8076 5567 3171 2437 4640 9514 6694 8233 5503 1273 2030 9379 896 5178 9813 4731 441 8571 2345 8055 1605 9254 1511 9266 9833 8486 7659 7731 6194 8340 9746 5265 828 461 1039 4016 3264 3890 3010 9613 8038 2153 6466 4884 3452 826 6376 6618 3254 432 2551 6574 9568 3174 7961 1203 4219 9656 8534 1225 3464 5223 3247 7570 7699 2491 8912 6709 5516 3114 6428 7881 4139 3839 4783 728 1626 
4599 864 603 4959 9499 5558 5687 7842 9003 2881 2659 1643 9042 7135 1480 1583 4330 2148 6028 3355 1896 878 4175 2263 5229 9980 185 1499 798 7402 9967 5645 774 1546 5599 4159 7123 6681 3367 5830 5555 8228 6519 8409 9903 652 6366 3939 1736 6229 5520 8399 1836 8203 1789 9996 1310 9014 6165 6851 3614 9130 9412 1012 8764 8332 9206 8512 5644 5749 8351 2401 8082 4490 9798 5356 5050 4103 7658 8981 5238 5105 2449 5807 9910 776 4140 1474 2582 8201 4424 3534 5723 9377 4884 5675 5441 6850 4070 1878 
6871 5110 7624 5625 2851 4007 2241 2993 4424 2529 7218 9500 3536 8642 4985 8426 6697 8335 590 9219 8645 2190 1869 6035 2015 4041 230 1888 9156 7450 187 6949 5335 3753 4434 9065 5420 53 5562 6180 2772 6736 5285 386 491 9170 8734 4911 3029 8837 1300 2872 9760 6710 4186 1463 8188 8057 250 7564 7664 1250 2533 2886 5857 6934 6566 6015 7663 74 1370 9103 6415 6230 7699 7338 300 8742 4760 1414 3832 7875 504 2380 8968 9191 513 4973 4407 8591 5665 643 4128 9784 8128 9698 1764 4860 5341 6660 
3544 6687 1857 41 2459 2932 8348 4901 9430 7813 2417 6805 9709 5766 7447 5657 5979 710 7423 7722 7403 3244 9070 6360 7403 1674 9254 9461 738 7217 20 6602 6630 7397 4857 2546 4739 7173 4240 4747 7367 5263 4461 5765 2494 6930 2583 3179 7311 5776 2096 1824 3941 8604 5008 6730 7391 6902 9561 75 2146 2979 5404 1317 3997 4073 5653 3778 4383 3625 9365 3472 5445 582 6511 268 1770 1566 5184 6035 2273 7855 8669 6559 411 2863 2241 6275 4318 8958 9361 4108 667 3215 6667 8208 4952 5352 1494 593 
8273 6429 9448 8614 6919 4195 4359 5761 2347 4382 488 2740 5792 9050 2709 7068 3713 2413 5134 1459 6835 1217 9506 3953 1971 5541 7763 2493 6774 4727 2158 3119 5936 7248 4644 7661 8301 8374 7194 7539 1496 5573 3953 414 9869 6901 9750 4152 7116 3391 2122 8664 1004 4494 3021 7838 2993 382 5676 6171 1183 504 3594 3566 6090 3553 6757 1151 1787 8761 1681 9366 8402 5505 6920 7155 5488 247 7697 879 660 8016 2572 8172 7488 2613 93 2832 642 8978 7864 5384 8472 221 3822 4607 8294 5771 2544 7217 
1606 2249 4291 7084 8820 7282 4889 8112 1934 7996 3220 8656 806 8277 88 3684 6487 3326 3278 4574 5147 557 930 2783 664 6316 4838 2737 5461 6662 4222 7858 7154 233 2907 7276 2325 2320 4600 3304 6593 5290 5186 3542 4982 65 3976 8615 9506 7599 6757 1883 5969 9256 5342 8847 6575 1098 9596 1485 6800 2878 8049 7439 6317 8059 2605 168 6804 2034 7192 7027 2566 507 2316 5012 7517 3890 6538 2416 9631 3488 7829 9193 5178 714 6929 6352 9029 7364 5167 7970 9589 7121 3215 3789 7805 2015 6086 1443 