1400 4397 5347 5483 7490 8906 6510 9025 3343 492 6139 2688 8380 2592 4498 9458 7316 6764 7863 9081 4253 4321 9827 7448 4876 3739 4733 5207 3984 4969 6042 241 5933 9823 7487 844 4384 237 7065 9701 6167 9577 2819 1475 6116 6922 6683 6756 3967 4095 588 2193 9358 9530 5517 7449 9929 9087 9271 4595 925 12 8812 8330 3012 9492 5666 1080 9975 7213 8787 8471 8427 615 1874 4634 6796 1133 3007 9867 7772 8925 6368 7582 7878 7232 9892 4732 212 7687 1188 4823 5012 5628 1201 4766 399 6583 8686 9277 
6898 5561 4585 4339 5187 6634 9568 6962 287 2015 9063 7839 1568 8449 6727 7952 4559 1405 29 7154 9838 2919 6801 8489 9917 3995 3281 7180 4507 9342 9960 4282 3007 5748 7745 4400 9283 386 7845 2722 5893 8381 9203 8547 7771 4710 3474 9114 1249 5328 4387 2222 4534 5738 6801 1901 4793 200 9017 5633 318 3918 2465 9550 7854 4662 8218 6784 520 2710 6772 8947 896 321 2482 2373 1826 2448 6165 3917 7693 8120 2577 8387 8053 5004 3493 1894 6789 3325 5288 9787 5917 6396 5570 2244 6339 5999 6701 4507 
3431 5354 4816 2182 2377 9287 356 1756 3760 5214 1166 4700 3062 1806 7860 5692 2176 6577 3180 4552 77 611 6210 3674 9109 7636 3701 5616 4907 2971 9613 9796 4321 6189 5669 2178 9299 2289 5527 2699 4668 7216 893 5305 2354 8857 8755 136 9410 6595 7157 993 6433 357 647 3636 8504 9047 6214 7806 3607 2809 9365 5030 8323 7548 6692 1132 8868 6853 8412 5404 6703 3739 1953 2130 6415 85 7936 3679 1274 1447 7019 1392 119 1727 9317 2027 9085 4925 4842 6106 5275 1632 832 4282 1324 5396 1729 7127 
9677 1055 849 6530 3375 1742 1681 5337 1304 1188 5966 1087 764 4547 7946 5728 1123 712 6605 3150 1776 5946 6014 971 9603 7311 6840 7593 2854 7052 7265 1691 4650 3408 9305 8062 5674 5465 4619 5051 1267 1693 1604 5495 5715 4467 5438 9940 1871 5604 2207 9297 5374 682 1450 1073 8376 5375 3085 9338 1084 9864 9621 6423 5364 2699 5328 9880 5897 2831 3445 3850 35 1877 2830 8266 5274 8274 515 1194 9233 4544 7683 4706 6865 1040 8491 6525 366 6571 7268 3119 3263 2821 3561 6876 8300 8251 8978 2356 
4247 4081 7176 1142 4437 2725 4852 3781 3425 2149 6820 8205 4598 203 4640 2902 8094 7431 6737 1651 5238 1676 3662 2007 7907 950 5498 7063 3574 9155 4247 2650 6319 3777 9049 3900 4572 874 6635 2509 1644 1270 6523 2485 1149 499 6134 6190 4814 1549 975 7046 7046 8459 1334 530 1515 7735 8901 3196 7207 1899 9620 7740 5927 957 2225 866 8324 5013 6180 2715 8288 6973 6669 9653 1230 665 7933 9557 2538 3003 4550 8169 4418 3976 8206 3671 8072 4728 7254 694 5619 8932 6490 9596 7946 2419 3360 5752 
4211 3940 6726 5331 5658 7289 4664 5475 366 3976 1423 5195 6411 1967 9256 9908 6926 8037 5256 3730 8014 6106 8480 3772 899 8159 7483 4605 1305 97 3466 2697 8844 8376 969 962 3989 6933 240 2101 6440 4007 1004 2219 860 573 3589 1546 7799 8344 2474 1015 7571 5163 7866 6855 8934 3811 201 3678 1492 3041 5608 3060 3952 2094 164 1153 6462 7597 4922 1051 8406 8608 8383 5196 7388 4036 7974 5709 3609 8053 3208 388 5706 8116 4430 5966 2800 1829 62 2185 4835 1124 6396 3245 6237 1659 9166 5446 
4780 2804 374 2192 9935 2733 3370 3860 90 9699 7138 9964 6739 7248 4551 9139 3860 2701 7323 6609 1504 2630 1020 1233 7987 8172 5771 1540 4883 4326 4552 2140 3568 6120 4025 8643 9779 6758 2600 8717 8429 3278 5912 5792 203 6743 4871 9311 3665 4837 4948 1838 6023 1473 1676 4771 8046 9842 3229 6773 6502 2154 684 525 4893 9772 2640 8614 693 7149 6473 3872 724 8358 4658 5159 4490 5989 8013 9617 2988 778 1346 3741 2357 78 9030 547 7585 9 4963 9186 804 2378 2336 3956 3804 8876 9555 1713 
779 6265 5998 6247 26 6793 7847 7188 3788 8452 7997 8438 1980 2209 3419 4402 9033 4287 3916 6543 7315 6508 765 6639 6611 8722 4230 1489 9198 5109 7822 267 5095 2991 7949 7899 6828 5906 1001 4702 3542 3349 7652 7149 3983 3116 7076 1848 7556 8668 9701 9280 9712 5665 8557 9564 775 6338 6797 2013 4055 875 9134 1151 8862 3984 9507 9210 4395 8570 875 1151 8862 9323 4953 9125 8187 8954 2588 7590 6452 921 8747 3679 2484 2553 7667 6974 3074 7517 9529 5765 9145 843 2646 8895 3461 6548 5869 3606 
3508 12 7367 7220 3411 9393 4343 850 12 7367 5222 5893 5022 4666 5972 2363 7316 6082 3303 6215 8788 9052 4487 6389 1789 2231 504 3638 926 7977 4569 391 212 3944 4343 791 101 7316 5624 6591 6592 8788 7979 3129 8363 6203 9725 7737 5365 9696 8313 8615 2445 2146 7317 4279 6264 7125 8843 4257 8734 5904 7270 5475 2070 9099 1101 6269 9916 2072 3552 5769 1322 6251 1726 3244 8666 8300 4959 7024 6556 5122 1615 1430 5575 6629 7752 315 2376 4750 1613 9725 1923 9890 5697 6140 9273 9588 6910 7291 
1688 8393 4830 2488 6928 5560 9862 63 7045 4330 2339 4432 6590 6452 5762 3051 3835 5446 8868 510 7300 8262 6649 9001 7869 4598 3069 3750 8012 2328 2202 176 3245 7314 4743 6330 2145 40 3941 6543 486 3396 2735 145 127 4080 2398 1857 4738 4428 9291 3915 6147 6795 2650 7933 2866 8978 7421 8474 8755 2766 2592 6877 2486 8587 9415 911 9001 4684 8193 2420 121 3647 337 4656 9468 131 963 9361 6371 3635 1318 1680 4392 1082 2598 1773 804 3637 2336 3956 6476 2728 8668 2620 8158 1981 7317 2069 
3338 3830 961 8873 1534 1522 8306 4004 203 9184 2370 5378 4475 4493 625 8781 1254 3951 2866 8978 8510 2141 3349 9368 7565 9858 4684 2420 3647 3112 7845 9292 3167 4385 3716 7613 8759 75 2358 4162 6179 9061 2002 5215 7414 817 9348 9494 7385 2203 6865 5749 4356 7269 9532 151 7536 2389 9691 1792 1682 3947 2067 7097 5696 8426 6205 9419 3033 7087 9491 2941 2610 7432 175 4360 8219 6060 2837 4163 2505 3407 4647 3332 6620 351 1689 2780 2373 3024 4966 4088 259 2949 6480 2447 3660 3257 125 9862 
5482 5726 8049 9308 3840 885 7384 2072 6991 6535 2962 3638 8856 193 7578 7987 5594 6929 2259 1299 9572 3094 2436 1646 9394 1646 9385 4169 2903 3661 754 7381 7418 2715 6271 7353 442 7317 3037 612 140 2348 1003 8919 6766 1329 4298 790 5883 1920 1670 5612 4870 3931 8245 9951 6856 888 6826 587 9824 3435 6396 4129 903 7724 5144 2553 6370 3271 6745 7037 4525 8415 4925 6653 4221 8968 128 440 5460 5353 1782 2872 4672 5666 1558 2132 8048 3800 7730 4441 4591 2709 3672 4684 7048 982 7102 492 
7661 7445 2691 3803 3297 6996 8388 4652 9734 6300 7015 9631 9160 8236 6061 7538 6472 1143 6043 9380 7611 2728 7460 6395 3796 622 6726 326 3863 9718 1558 430 6448 4660 229 5123 3419 7033 9641 8759 5958 19 1932 5525 8648 7509 8515 5096 6898 9765 5144 595 2445 392 5303 1896 8895 2633 3562 4774 3832 5600 847 2992 487 3833 8221 7166 3879 4800 8029 9672 3189 3586 7855 7351 2248 2641 210 1563 9592 4824 9917 9134 3207 1063 8508 4907 9669 371 8472 3821 4772 7388 4620 4187 8557 2577 8738 6907 
7278 2955 9725 6998 3524 7574 2280 586 3296 3251 2385 9016 2889 7137 9355 4300 8052 7678 3116 2590 8668 9280 4726 1124 3454 656 682 9039 7939 5406 4348 3464 8987 7444 2205 1808 1645 504 9790 7727 3401 1640 8222 4992 1030 994 3161 7432 3484 1693 5891 3589 2892 1455 9742 6196 4178 815 2223 2082 7364 5504 3272 2430 8339 994 6853 1188 6485 3979 6616 9176 4828 5807 6104 7978 1646 6127 4108 4431 9402 4399 4494 7515 2743 5180 7763 6680 8790 5657 2381 1973 3591 5335 3213 9189 3306 2912 1167 3339 
2119 507 419 7061 952 5161 990 4627 3133 5777 4290 8796 997 9824 7258 8585 4841 5947 5286 7137 8887 9532 7343 9340 9616 4551 95 7626 5922 319 572 6038 105 6975 7972 8722 8194 9499 5950 1260 6483 4225 7021 3500 9351 9594 6597 1734 7374 3403 2232 5898 6652 8380 677 4324 4110 6843 3851 4207 9592 3203 110 4790 1899 8359 9135 4168 5929 6884 7829 9675 709 2860 15 6995 1462 6952 2878 3289 6341 5795 2329 1956 3413 4140 2868 1528 5661 4109 2669 1 1500 4542 6444 4464 9806 6267 851 9249 
7803 6985 3342 7458 3550 7325 7505 3794 6393 8027 3425 1402 5071 1662 5456 7764 9321 3276 9842 268 6841 9047 1601 2959 7825 6689 4375 8304 4873 9917 5390 4602 6968 1570 9784 5173 2087 9639 7395 4548 6481 4091 2390 2690 1930 5076 1942 2589 8816 7392 7300 7808 3287 4501 4934 5594 1517 9560 3381 7527 1009 9790 6477 187 2754 8815 9824 2217 7601 6600 285 2801 3697 8516 9565 1234 9949 5494 9082 9301 1058 2499 5491 4485 2304 9808 6738 7501 3368 2082 2376 2870 7514 8772 81 5596 6488 1582 5020 7697 
6972 8040 2385 3816 1007 9667 3994 9226 571 6868 3948 7704 3796 1805 7691 4359 3051 3211 5446 6795 3098 2134 7974 7869 6048 5118 8696 5460 3395 7587 5776 4688 9428 8743 9523 2502 7365 905 9727 8586 2134 1903 498 8374 9502 2901 7590 329 7739 7831 9035 9461 8887 8348 8079 7995 7505 455 9752 4918 5335 574 8211 4817 7093 85 9856 2485 5410 1906 4087 3763 9522 9333 2661 5286 4168 8085 3959 6834 2242 9739 5632 5010 7125 1099 7214 2093 5739 6653 3127 7376 7587 6499 7210 9790 8572 8230 3268 1646 
3654 8074 8878 3419 2062 1966 7773 1835 5207 1072 8695 1990 7094 5054 1517 9092 3418 913 4353 2599 6298 5075 9835 4395 8748 6548 778 3668 1462 8224 9557 2703 9095 647 953 5124 6195 2178 2291 5124 1550 5045 1382 1475 6038 279 4201 2664 8858 3705 2901 7433 4158 8728 6557 1677 2895 5461 4653 1313 9872 6310 7789 9908 4437 6250 903 7937 4453 4507 2785 6419 4570 4533 4081 8229 4479 6901 3012 527 949 5863 5983 4954 5308 9715 5068 8080 4246 7519 5428 7785 6002 5935 7069 2552 4009 9068 6410 1108 
6378 178 9350 3024 7504 2679 8029 2301 1616 7713 4830 7379 2126 8691 1341 8360 7937 9633 3702 705 3446 6622 4095 2650 3866 2317 6216 7521 577 6866 6272 2590 1727 7943 6453 5567 5750 1960 8216 5417 2486 9415 6561 3490 9858 4684 6988 5448 3094 4950 1369 2688 8567 444 3354 5131 7270 8006 6830 2593 1989 1101 2290 3270 1322 1726 7622 7514 7009 3419 5942 8172 2315 3570 8005 598 6991 8796 5609 3062 2915 8446 2690 2893 2048 7776 409 1492 8095 6868 5206 3588 6482 5343 7685 1138 7071 1613 2964 5730 
4444 4027 6517 2570 6199 7659 5256 6135 2020 3950 8638 3413 7329 7089 5159 227 2777 8408 8098 9463 5959 6379 9798 4988 1378 6891 7500 7231 2357 8092 6567 6913 6580 5760 7391 7933 4793 3125 7066 281 2744 181 2546 9024 3019 4784 3026 2219 8235 5603 6657 2920 1330 5895 1873 4556 7001 1178 4886 9214 3632 4022 513 7136 8377 4068 8597 9839 3573 5534 4303 8199 2756 4977 5362 3739 5226 9400 3653 1590 5035 6175 476 4121 5989 7228 1478 331 6383 5082 8152 9897 6234 9192 3966 8413 8504 7553 8165 4837 
2110 8481 6738 7443 7441 6903 6726 3797 3266 7059 130 250 1698 2194 4697 7664 4083 5110 2649 1788 284 7743 2157 4194 9788 7489 6807 6265 5998 8897 2190 1534 7368 1563 5141 7829 3552 4926 5839 7503 7259 9325 9931 6344 1727 7986 1781 8684 3999 4577 9153 1733 4026 9628 2136 4511 4406 9402 8734 548 9624 4502 8157 3410 3361 319 7381 7654 2248 839 6554 2715 550 7217 4191 6616 8522 681 182 1075 990 5518 4606 447 6086 3365 7671 3189 2838 7045 6652 5774 9422 6486 2222 3051 9989 5966 764 6040 
6102 9465 3142 5557 7176 4787 4311 2245 6533 1323 1226 5015 9792 6449 58 6367 7537 1960 1254 8851 2288 6123 7587 2307 6677 4960 8987 5809 1707 3129 3727 6089 2882 8416 1309 7053 6684 1150 8743 13 3367 3956 8923 3251 3594 4854 7139 9589 8292 5366 8911 9244 2458 5199 7687 1477 9430 5730 1268 7205 7189 2713 9344 2433 6340 3116 6756 7698 5299 3332 4907 6561 7833 8746 2076 5305 2715 1357 1028 6919 7392 7573 915 3398 3547 4335 8063 837 5581 9110 190 8720 7851 7392 8534 1940 2422 9155 2299 4418 
6748 7700 870 2966 1092 1477 9150 3384 2683 5969 3832 4295 3981 8414 5938 4808 5437 2122 8380 8514 7964 9414 2385 3983 7733 6 5258 2935 41 3260 5489 9063 2673 7106 3155 6077 6949 3252 9725 1821 6512 3291 2087 3229 501 3153 4005 3430 2265 3549 3612 8018 3584 2632 5861 8912 5861 8619 7282 6350 5686 9834 374 7621 9834 6186 3174 8296 6093 8795 6426 6741 3261 8854 3448 6889 6567 1215 6572 8932 9236 2954 2926 5458 6004 3250 2457 8877 7859 2739 8946 2542 5048 9533 8127 8260 2871 5721 5466 1019 
5966 3561 1639 5314 6482 755 7058 741 7008 3440 1116 6918 6861 3925 7975 3321 5448 468 5514 1772 2070 5906 7660 4424 8890 9128 4596 8664 8721 6213 9894 2357 3215 782 7028 5996 8370 9047 8031 6479 1735 1342 4680 2579 6562 426 7459 1285 7976 653 6221 4657 2744 6005 1404 3533 2546 1355 4065 2157 6616 3380 3241 530 7547 4288 9523 9349 5457 5915 519 1548 1807 7769 6080 2194 3941 4320 3309 7922 5372 9737 6474 5613 2517 322 6942 9356 3388 5915 1658 8523 2496 7381 1230 49 5151 2687 4252 8972 
8474 2666 6098 5673 6285 7103 3089 8212 9024 5312 2740 4008 5507 7928 1114 9942 8170 3864 8061 3113 2206 7559 8280 3787 766 1055 341 1476 7985 7458 8067 5011 3605 8190 7 5594 9311 9295 9572 7393 3370 6985 4731 3187 506 1752 3726 8708 5699 4356 3858 3306 4996 5118 4052 5179 875 9517 5684 4419 8673 4627 3736 8312 1123 7877 6994 1930 1982 1152 2192 5756 7526 188 6452 6290 8972 7306 6295 5615 7439 4585 2216 9748 2183 8763 4874 8264 3411 8301 3010 2277 509 8654 448 4162 4189 8340 9938 7705 
6956 3398 6380 5497 4659 3766 5405 2514 9441 7306 9155 167 4647 986 272 6651 3723 9877 463 6834 4917 4997 514 6991 552 3638 313 2259 6421 3094 3116 6410 7306 7499 5077 5475 8762 625 4378 1579 1667 3596 7366 305 2965 8545 7046 1874 6252 4708 9416 7689 8334 2206 7789 1626 530 6098 4796 1323 8034 2901 9532 4109 1316 7684 9373 840 3060 2329 3608 1393 640 6083 6475 6904 5424 1909 2013 8644 1199 4900 4223 9010 8784 8689 7026 3480 6957 4678 1269 3173 9896 3600 1800 2908 4881 6279 957 3284 
686 7336 3302 5103 4221 7438 8793 3184 6535 7641 9916 2291 2962 9599 4177 2994 4103 5521 8424 9852 3800 208 3649 779 5058 4322 6174 4917 1274 4613 4877 6433 2032 9610 334 4061 4550 5428 6735 8319 2327 7419 4978 3069 1932 7422 1238 9580 8776 7541 1456 657 4158 1536 7711 4099 4829 4293 4387 4604 3761 9063 8308 7341 7229 7081 1670 700 1358 4968 3653 9146 1169 9039 5731 901 9182 4482 5350 1068 2885 6247 1468 8923 8709 9657 9674 1472 5855 795 5601 6133 9483 9564 6497 8668 936 4503 8148 3982 
4054 5575 2549 8060 3475 6847 3253 1270 3432 6132 4349 7522 8092 5884 2727 3902 3319 7899 368 1697 3735 5855 3721 1751 3077 2891 7875 5734 742 9762 9208 4720 4626 1207 2346 7558 1063 6315 4708 2601 8895 2592 4498 3885 4857 8995 4670 2565 7319 1853 8549 9460 8298 9913 3380 3494 4977 1913 5590 6448 2489 4660 229 5123 3421 8606 5759 1932 5525 8648 9257 4910 5096 3257 3577 1207 679 1449 147 8537 6995 8055 2066 1382 9998 1190 3365 5671 6185 279 1543 854 664 2664 4269 8034 7433 7684 295 9311 
474 9518 4525 7552 9735 5019 983 6395 3792 3823 5108 3428 6427 7387 1623 4804 1153 7629 3754 1108 8912 8622 7688 1778 9269 9159 6183 6498 3856 7121 7279 7062 1949 2066 668 8301 5298 2223 2324 4288 4955 266 3481 1022 9752 1304 5095 3201 5956 9001 2372 7358 3750 4231 1884 1662 9532 9907 4743 2043 2145 5228 5231 6436 667 3122 1676 5425 8182 9821 167 3025 4318 836 2889 2207 6872 1242 7710 6340 2686 9489 2892 8377 5775 9939 5977 8857 1630 6683 9911 6993 5154 9259 5373 359 6306 6535 1012 5580 
3168 1798 8603 2924 9971 8543 1911 4940 3286 7682 6928 7667 5642 2438 3876 469 7931 4859 9947 3225 5884 1515 3494 225 5038 3528 3019 3796 8011 2950 1134 4154 5733 2505 8690 5930 9841 6491 303 8585 998 6465 3771 2905 8495 1977 8468 731 5378 9295 8422 6557 371 5332 2835 1288 4112 41 601 9386 8360 6101 4331 6125 6595 9463 2991 8025 89 2303 9866 6727 7347 4198 2519 7645 7853 3605 420 669 2870 3569 9837 3649 8018 6458 8481 7915 9752 8167 6164 1152 8185 2586 7497 1491 3918 4024 5595 3762 
6447 1487 6048 4074 3203 5882 6153 1932 9940 3721 8416 2179 9781 9839 1107 8177 8117 1620 8434 6215 7607 7375 1117 9533 2956 35 4059 8405 5302 983 9196 536 8917 5210 4502 2964 7425 1065 9523 6927 7639 4042 3358 8493 1347 538 3033 7219 2833 1136 6007 3206 2851 5253 2736 7166 7043 4959 775 1803 3710 1609 8951 4150 6065 4091 6613 9939 5478 6529 6418 3356 7261 3353 7118 3711 9651 2479 8115 998 5993 1945 8494 1265 8307 7143 4092 921 6478 4071 8524 1569 5243 6312 7594 1089 1537 9055 3716 8969 
414 879 3068 7362 6897 945 4604 542 2528 7039 9694 9556 259 2010 2995 2033 3493 6827 6192 6222 2307 1220 5920 2676 5757 8328 5464 6534 829 972 1059 6858 4309 2388 6866 3404 8857 8473 5179 9593 9241 1456 7112 2917 5306 6592 594 3256 7270 5743 3810 1877 1728 3522 3224 7255 7256 8389 989 8097 4256 1144 6256 4897 9509 4378 8811 4404 5858 1552 6555 9822 4050 2234 801 6167 8717 1495 4493 8621 8662 6628 9320 5914 8763 8535 8071 4480 8144 8389 2311 9703 3112 6922 1448 4862 1663 4765 3835 411 
7157 7448 1561 4335 4846 6152 290 9213 2409 7397 9831 7988 4741 7707 1 9601 1276 9205 6791 8609 4939 3254 1001 4081 6300 5106 1124 6338 8032 3173 407 9342 7481 3528 3704 6305 1411 4724 1062 2150 8881 8909 825 2714 9605 6242 6449 6473 7416 5390 9707 8388 4835 9130 8904 7791 2381 1260 8546 2385 4590 5764 9545 2642 5472 7484 9530 1541 5412 2 9652 5619 4888 1516 7796 3082 6877 4162 9850 2485 1647 4516 398 1546 9205 1548 3667 2474 989 7005 9325 6703 2624 1598 4027 1370 8800 5268 3189 4769 
8416 14 5314 5596 2604 2069 9392 5505 9252 6146 7223 7407 7729 7758 3630 1152 1736 2326 139 5487 6821 6034 913 6555 2986 3674 425 3177 8243 1510 9985 594 3970 6761 3099 5782 8279 85 1316 6713 6344 3699 6268 8977 8961 2861 251 8315 746 3706 321 6022 3206 7946 9838 702 7655 7817 7797 4915 8038 7430 3445 8750 2339 6098 7929 1790 1093 2938 8065 3361 3097 5504 4835 1806 2599 5194 3010 5711 6010 6948 5537 5663 9547 5814 3268 6363 8219 3521 2638 4785 9685 8370 5549 7987 8068 126 2423 8265 