6795 4493 4802 3109 625 5823 8781 1376 2650 1254 7933 3951 1531 8851 2866 7334 3893 5998 8434 5417 8435 4983 1763 5226 3822 5371 1658 1020 1805 8594 1690 6270 2336 1207 1470 6315 679 1006 8885 8125 8613 8558 9788 331 9487 4436 954 8351 2758 5192 3628 9136 3023 5649 5278 6121 5545 3542 7541 9965 8807 6839 7756 6728 9499 4714 4452 2526 9380 4984 3081 8104 1569 8543 903 482 5881 4044 9853 1056 9330 4181 4129 8857 9566 3025 1003 8515 6650 3016 1443 9576 9409 733 3983 3634 3524 7425 6704 7736 
623 3752 2096 1978 1298 9440 6956 4790 1314 7860 1029 9191 7022 7203 4055 6802 4808 5735 1836 267 3155 1630 5845 1986 4867 4618 7892 1099 1306 6174 1370 6698 7339 7673 3648 4691 2539 4785 1108 2855 8912 3156 9928 3862 9501 5967 6498 3856 7279 8395 4131 7080 4787 2368 7551 5770 3088 925 9867 8389 9911 9698 8067 9366 756 6964 8267 3287 4584 347 3401 6780 5874 712 2241 4758 8968 6139 6281 7339 8437 6327 2163 4239 5253 7827 3384 3134 4519 8665 8977 9095 8014 8297 7719 5184 7157 1342 4122 8290 
5099 9638 961 9211 1400 9562 4680 5107 6979 6675 5887 9510 6684 7004 8720 6190 1598 4223 9444 4881 5329 6291 7733 7877 5098 542 3475 1163 1294 7050 2704 1986 1437 9712 6094 4778 8789 402 7909 1871 1632 5328 5730 9382 1023 2055 2870 1342 7832 1303 7254 9211 9120 6880 5032 9049 7013 8602 9307 963 976 9181 9975 3807 6532 7003 5746 5417 76 7289 2219 9940 3848 8894 1218 1524 600 1343 5846 4784 6252 7652 8929 5034 6757 4009 1071 5529 4459 5875 3803 3840 2619 6278 1878 8179 7739 4069 8060 2205 
5789 7690 4144 5715 6960 4931 1091 7710 8937 4899 7688 698 9357 6605 7758 724 7661 487 3980 2824 8973 2061 9844 1596 3336 4137 2966 1634 7776 5980 4493 2724 8100 1997 2107 4292 6338 6625 8316 2312 342 1959 5372 5002 2167 9332 7603 5028 7020 8782 290 7872 962 7982 3730 4655 3438 2450 4510 7386 6624 105 2263 5471 5032 7157 4967 8225 5801 6198 9060 9405 3997 3005 599 9570 2510 3448 349 410 1548 6982 9820 7494 2314 9241 3927 2623 8195 9772 5023 497 8103 5886 3428 6889 4124 9192 5351 2130 
2094 4878 491 5842 3304 2334 6855 6695 2022 5410 7611 4190 5041 8887 2025 8298 4436 292 5122 2808 9575 8625 5923 9247 8195 8997 1381 3581 4452 2710 6746 6246 2183 8769 4980 5941 4904 9937 9420 4341 1454 6228 2655 5829 484 1602 2777 5165 8782 3022 6399 1765 7976 9182 784 5265 5747 4832 8580 5540 6582 2230 7269 8594 348 9231 4022 5915 7154 9819 2947 6715 9715 9190 4560 9085 3639 6114 4112 3625 9028 8712 5192 6498 5246 4362 9937 9542 2877 6078 9517 5188 6029 5397 1380 1241 6912 2434 1631 9863 
864 4425 6853 4420 4781 4057 2941 1886 185 4621 6279 8009 3120 9973 8408 2932 9351 1780 5402 7848 7429 6780 8309 8121 9115 3478 3984 1359 5932 2350 8785 8964 9539 4474 6776 5081 908 6860 6411 6141 3479 1662 5053 5232 7260 2308 7056 5744 9708 4284 4945 7256 3346 4246 8956 277 7586 8602 3858 6673 4598 564 4157 7358 1587 3750 8897 3228 310 1732 9390 7377 5011 2526 9178 1018 370 7649 820 4511 6994 9189 7291 8157 3317 1322 1726 148 3817 6700 7024 5122 1615 1742 8156 2376 6221 4596 4899 9890 
5697 7984 3374 6140 8828 4253 884 1344 2572 8107 9619 9928 3304 1718 3062 2220 330 1330 7495 3937 4808 3859 8841 119 9351 2398 1976 4308 8969 4711 9970 8368 8424 5184 8549 7280 2421 4574 7703 7266 3119 3372 9947 8644 5365 3926 8742 1548 6448 2881 785 6995 8435 1912 435 7798 8505 7938 6202 4435 9431 6994 9402 3317 4758 5747 1050 8049 2514 599 7527 1590 3308 5932 6096 8390 3957 3257 699 981 8369 2804 4802 3109 625 8781 1254 8851 3830 8978 7382 8510 7421 8474 3393 8755 4863 3349 5417 5728 
6316 7565 3490 911 4800 6825 7613 8116 3469 4485 7810 7737 2241 8315 3344 5840 2255 5061 6183 3562 5980 6886 6506 2928 6838 1161 9600 1662 3232 2506 1480 7703 6795 625 8781 2650 7933 1064 1207 8506 8898 1945 4026 8494 8981 7546 7382 9325 7236 788 8684 2358 474 7552 9735 7609 9720 3823 4295 626 945 7704 6903 6422 8843 6461 4288 2214 9305 2030 3612 8018 2415 8566 6026 4126 8096 4945 6149 4640 4400 7157 8140 9907 7728 7175 3996 483 3044 8802 9233 8172 8079 5894 4474 5087 8756 492 6060 4944 
7340 8913 5950 9837 9780 2074 9920 6192 2110 6222 2506 1220 2545 5757 1212 2467 1835 5464 2280 8949 9247 1286 8857 2269 7112 2521 2465 9931 134 125 6154 3283 2781 8257 1263 284 6134 8759 8650 9361 7711 9746 9065 3716 4967 5537 3024 8289 4488 7632 337 9950 9589 8149 8041 596 4503 3410 5894 8807 4061 1212 933 2327 5235 5237 4566 4764 6812 1241 1655 9203 7408 8114 7302 4332 4282 6623 1912 852 7051 6183 4172 5305 6472 5199 7567 4480 7636 3750 5793 1622 2421 1060 6937 6181 897 737 9603 1246 
5106 5117 8379 6503 3752 4723 8554 9980 5237 9611 1813 1816 4176 2962 9582 7136 9289 6241 6222 8930 9024 8764 3570 4098 4333 4618 8157 1095 2643 5871 2529 1390 2761 8536 9910 9267 422 9493 97 8717 8307 4078 1383 3477 5395 9409 8710 9993 9843 1499 2798 6483 3853 3614 2377 7760 3474 9639 9094 7661 3807 5183 1795 2155 1175 2339 3273 5815 5493 3438 6798 7739 2218 8044 9240 2148 4875 2359 2143 4344 4031 1050 8551 843 6418 6862 617 6909 3353 7877 8650 2425 3711 9651 8898 5841 5580 3438 9891 1055 
8875 3059 5993 2842 5170 8494 9675 6317 1898 138 3050 8507 8307 1366 3425 746 4511 4406 3342 6549 855 6086 8583 2722 3060 2519 3608 9491 1393 1967 8515 4536 270 5205 1002 422 6941 2031 3699 7413 7362 7953 8728 1921 5543 5376 5520 4341 6603 6988 8436 5454 7841 8274 2922 2577 4817 5006 4462 6191 926 9468 8002 4547 535 4465 4244 7292 3199 9521 5847 322 4962 3151 9237 7618 3992 7257 4825 4377 1333 9986 4948 6011 2091 9808 5763 5610 5101 7051 8141 6290 1839 8063 3786 2404 6997 9514 457 4480 
2331 7636 5827 2613 610 7737 4608 8556 279 2553 2146 529 7317 9927 7574 2232 6327 6372 6243 5698 1112 9240 737 5392 5439 2994 5354 3693 2489 4377 8533 4069 1820 3217 869 6448 4955 9210 5014 913 6910 8440 3946 3192 8827 9473 3301 1542 2638 5862 7650 377 8147 5777 4290 5126 8773 9560 4216 2853 7340 8827 1490 8399 5306 6130 8965 5700 560 5825 2066 7373 8416 357 5791 4367 7699 6808 7159 2167 2029 411 6611 1549 785 5109 7822 267 7660 5095 8890 7613 3359 3478 9498 4469 9460 7899 4488 358 
3349 5962 1444 3428 4984 8683 332 2970 7752 8195 547 6805 9472 5863 1324 3327 7388 5968 4374 6556 4206 2896 535 731 5746 7704 974 365 5972 4493 7719 2606 8077 8119 3084 2477 517 5673 1610 9296 1243 1487 6552 556 5815 9384 2685 7942 3248 7340 4343 6154 5971 2384 498 8187 1913 7775 3035 7529 1014 8457 5704 6849 7075 4160 6540 495 8058 8646 2322 9397 4826 1140 3286 2529 3575 6750 8024 4821 1204 5207 7822 9828 6724 3166 272 5225 8814 9461 416 8887 849 4913 9284 4510 7505 455 724 4918 
7270 5942 4661 3316 9601 3401 4474 6497 994 1453 4774 7710 3054 9802 3052 7789 9932 3717 3685 142 3507 2869 1609 9012 3377 2022 9476 7543 8710 7634 1831 9555 9108 6138 6361 4747 8069 4207 846 1334 8186 63 1713 7317 9136 3525 2537 1057 9355 6593 8520 339 60 9196 4130 7076 2590 7463 1324 6393 3286 6673 4670 7565 2729 9160 9039 7939 5406 4788 2205 6092 1980 9790 8778 1936 8987 3453 2212 2392 8617 8100 5673 548 2115 6364 379 9204 395 7771 8313 7128 6747 1699 7286 3650 8929 8591 3429 4612 
4820 4822 5806 7115 3767 3960 5216 3870 1525 3062 6542 4160 1976 9205 170 6027 1135 6495 3343 2271 2590 9914 4499 2275 30 5582 950 3808 8437 4933 4677 9702 4825 295 4621 1342 6989 2605 2890 5902 8843 7374 4222 7735 8380 6685 4637 3710 5657 4750 2030 8830 7788 8018 8566 5327 1363 8453 7325 4758 6065 4091 2858 1050 4172 6613 8551 3755 4186 8321 2889 1362 4144 2907 9805 6943 3556 2815 3353 1582 7118 2864 8379 9330 7719 373 7948 1008 1541 3805 5793 1638 2713 6411 1803 546 7380 2819 2843 2576 
2913 8363 6247 4641 5169 9857 8326 7039 2380 2325 4945 6097 6430 8880 2000 780 2690 8940 7635 3921 4713 9815 5076 2316 9268 9790 7963 9550 5529 6798 3136 2866 5675 4656 3657 6913 8358 1592 2692 8237 9601 9269 8305 1443 3660 8039 45 8574 6102 9954 7881 1520 4653 1555 5176 7049 3197 8390 5400 1654 8675 4591 4971 4446 7822 5208 3103 9819 3681 830 9120 3905 8057 8055 3651 2394 5225 8842 3621 5831 6953 549 3545 6294 6449 4281 568 3629 266 3808 5188 8698 9730 0 4786 6711 2692 613 245 4959 
2481 8274 3063 9438 4103 790 2958 1404 2806 6679 1654 9002 8209 1692 2494 3939 4899 1101 8732 5632 2631 9259 8261 5557 2874 3349 7150 6909 6 2770 8275 6404 4849 7832 7173 7192 6714 8622 2154 9608 2152 7217 123 1320 34 3574 9127 7653 5245 761 1663 4772 6304 7421 3759 5769 8960 331 3989 7179 4704 4039 4237 8169 6060 2210 405 3493 8339 4431 4113 8817 1233 9783 9748 2190 7564 3727 2799 1406 1618 2868 2026 5474 9395 5627 7480 5053 7375 1112 6667 4449 7951 7942 4378 2241 1899 7826 6845 6640 
9397 621 6071 1531 3830 8978 3893 7382 8510 5998 7421 3502 7537 1960 2141 4238 8216 2766 2592 3311 1689 2679 8158 684 4444 3328 7443 6189 3984 9507 8187 4395 9986 3739 9960 8136 2120 8747 9460 2914 1054 3721 5285 4089 2408 3752 5852 6646 5532 394 2599 9778 5488 7260 273 3779 626 5654 3220 1087 1724 454 125 3484 2187 8886 4574 1153 9553 3047 7271 4999 9105 4583 4344 9370 2957 675 5426 8779 6334 1820 6909 9404 5865 1948 2653 8731 503 9491 9197 4736 2710 1299 6853 2714 1255 8581 406 911 
8950 982 328 3105 8908 7338 6279 5301 624 2505 7166 7016 750 9211 7905 1912 1884 7580 8092 2437 5470 4280 2697 738 2929 2885 5767 6167 211 2810 4199 9100 2573 1407 4912 2076 7073 7018 5202 2067 1690 7933 9196 7125 2742 6664 2613 3737 2900 7107 8181 2230 6759 8368 5182 7378 9591 3068 5765 2842 6216 3786 8718 7558 5790 8399 1650 4071 1091 3916 3605 9676 6983 6773 2743 7639 966 2426 5157 7157 5519 9104 7883 6063 4923 4801 7516 4349 1319 5907 4065 3593 2100 2175 9257 4661 8636 5813 7932 4246 
7300 3172 7668 1545 8294 4074 628 659 838 2588 3922 4257 7538 8318 5653 83 9153 2811 7482 1381 8858 9061 2112 1734 6440 3983 9402 847 6205 9432 6687 3928 1633 6456 3979 439 2244 9853 8803 4670 8201 7354 7510 4926 2685 5209 331 9262 4057 6661 1486 8130 6420 1474 496 7247 7530 5516 5805 7117 3637 5038 3315 9352 5517 188 5675 8117 6515 1805 7943 8244 5066 7033 6976 9 8629 4885 5325 7078 1129 1602 3802 5076 7501 389 1108 6025 5355 2541 1724 149 366 9627 6211 8515 1136 2136 1555 4947 
1951 8354 2624 797 1933 6975 8530 5400 4996 1231 847 2874 2965 9462 5410 7134 5034 7388 3658 42 6204 1115 3129 9545 3541 5875 8806 3840 6320 7690 514 600 5782 8879 3728 2279 7159 3314 446 7623 9181 5254 7566 7480 3270 5143 8861 3081 7791 3873 5494 1697 4678 8092 2860 5567 7750 3488 4102 2685 52 2318 2861 3355 1753 1406 6320 1124 8899 4377 5019 6938 8250 1339 9112 8011 5411 7347 1651 6754 3091 1786 3104 3635 238 1159 2128 607 7839 2933 5752 832 3097 2124 5217 8872 80 6047 5761 3045 
5580 5134 5971 2023 9607 341 8107 9577 4096 7959 6007 4330 1127 7759 2764 1883 8416 9446 2994 5089 1150 1357 627 125 6559 3323 6830 8930 655 3051 6216 2103 3760 6740 7556 3715 8337 3250 3776 2319 5230 8479 7681 1498 3562 7151 3067 594 1928 3524 2970 371 8355 6536 1639 8019 5029 7121 1318 1232 558 7430 7783 6259 7275 2320 3359 5989 3889 8187 7835 6719 207 3610 7022 7687 9373 9311 9518 1869 7609 2300 1564 8756 6914 9339 6130 9177 1978 6516 4954 3606 9391 8308 3411 5893 7901 597 5221 1728 
3224 7972 7841 7256 5403 742 2829 4069 789 8646 1316 5291 2548 937 535 731 5746 3059 5972 9939 8839 831 9777 7719 6860 373 1176 1376 2477 517 5673 1610 9296 5425 2332 2011 913 9256 9552 4281 8359 4411 3862 5901 9050 7521 1048 2238 3028 4047 9019 1002 7243 5066 7047 2862 8808 4757 2301 1628 6602 2767 9997 2786 9255 9305 5087 6889 3037 6490 3181 8238 1522 234 780 1370 9651 236 5819 3388 7730 2640 6221 9867 2467 7427 2707 4100 4889 8689 6106 8301 8177 4752 5298 4689 8864 7564 6658 1713 
2129 5194 8693 5054 270 1728 9846 1668 4257 1108 8511 5472 7772 9527 8988 1430 6476 167 951 901 2629 2959 649 893 5857 3262 7580 9963 5800 5051 3582 4883 1403 1690 973 2591 5992 331 5134 3494 2277 6077 3193 6777 2214 5424 9669 4864 519 1884 9024 1696 5391 33 8995 7952 527 1181 7406 4746 2815 6271 6471 4137 4191 6935 3325 1509 5271 700 982 8279 5253 6533 1323 7307 1575 2868 5877 9792 3738 2699 2209 8860 4402 4287 4248 4392 4567 5468 5153 8121 6270 4059 8069 3630 7299 2328 3319 2202 
2991 3245 7314 4743 6807 5525 1534 9278 7368 2906 7847 6654 3293 5920 921 1180 1569 505 4514 5760 1478 7611 1960 2679 5728 2157 4194 9214 395 5141 5029 620 2514 447 6981 933 9230 4143 6023 2642 2488 7179 3189 5560 8903 9862 6122 63 7045 3109 8619 1478 2356 7236 788 2358 9153 8417 6284 7649 7614 655 1908 3899 3585 3631 6845 4710 714 3123 1304 3244 2382 3316 1849 774 7008 7271 9016 2811 8038 5978 3452 2437 8787 5445 6949 4830 147 1011 3380 5017 8416 2762 8314 498 6012 1912 6678 2978 
8171 435 2775 9030 399 2737 6860 7938 4446 6202 9997 6519 8577 3317 2644 1895 8101 3581 7178 6242 823 1996 8772 1121 6845 3627 4039 6913 4065 4021 5398 7191 2394 1176 1376 3084 517 5673 6345 9296 2441 2332 7183 1487 6814 6552 4671 6907 5815 5751 9980 3142 3248 2853 1441 9848 9 1343 3390 5478 4960 9899 5436 2896 5611 9720 1183 9936 583 9810 5216 9237 2331 2725 4705 8485 5420 4328 5460 208 2624 5069 9669 6835 7825 524 9166 9832 2772 5251 7148 3776 5451 1175 2119 5772 8479 9592 1498 3900 
5874 6243 53 6286 8842 2655 6966 2942 9679 2155 5887 8706 1626 9605 8247 6421 2532 725 6593 4309 5395 6727 2443 3060 6099 2142 2803 610 4506 6181 9648 294 7551 2649 6481 8380 4629 2569 266 7110 6792 9034 9326 6847 3205 55 2797 4494 6664 8549 9530 7987 1791 7842 6876 2015 3778 8142 1907 5980 138 3272 1709 1323 6080 5513 797 7399 3613 3545 1034 2105 4467 807 5987 152 3076 4239 5962 800 6607 7089 2655 3379 3120 4471 8986 1868 7170 5336 8605 9695 2032 2119 9682 7152 7026 5998 4940 8140 
7704 6852 3923 3769 7068 6107 6229 7849 8403 8470 1684 522 6075 6077 4365 874 970 9853 623 5398 6721 2921 1452 2493 11 9719 376 3601 9092 7461 6077 4922 845 6099 3134 7929 309 5159 8374 353 2100 704 5816 6658 1005 389 4916 9642 116 3809 6122 2149 5527 8247 6862 9344 8575 2007 6408 29 9772 9960 4752 4578 9657 5702 6609 4157 5617 1817 173 4919 6908 9888 1612 5152 439 6061 4445 7822 505 4460 4108 8923 3687 636 5028 7847 7442 3630 5507 5875 8383 7402 4010 7621 2107 8834 9348 5819 
5818 4220 9244 2640 3873 4803 5733 7110 453 6993 7887 2761 7318 5872 8827 672 6190 2638 7650 377 4940 7543 5477 272 6728 488 2467 7462 8579 4913 7524 8891 5317 2505 5590 7260 6491 645 998 6465 399 6779 2905 190 5506 9170 2404 7034 8549 2430 1500 9409 3472 3138 8978 5402 9188 2694 9395 6915 460 109 1724 8601 4482 1730 1405 6914 6451 9316 5090 3647 9429 9143 3862 3921 1473 5671 2538 604 2474 1110 1009 3349 722 6292 5841 8169 8863 8040 2325 4641 5686 9477 5245 6306 8206 7935 422 7021 
6376 3671 4728 9582 6967 8801 128 8478 6714 4485 741 194 5825 5562 2360 4446 4363 6816 6821 8196 3365 8630 7942 3219 5828 243 80 6765 2903 461 9388 4796 9675 9340 7744 9865 1611 6382 220 9117 205 8169 1714 6997 6512 7882 4313 4925 4782 790 9535 9435 7117 1269 8964 3573 1003 2686 4555 2831 4460 2366 8666 3733 4954 3900 3868 8219 7929 1086 2404 6463 4704 6245 2813 6339 2701 5371 2477 8073 7441 1153 4832 3526 7208 6285 2266 1464 1813 2966 7789 3153 7985 7049 8374 7372 2886 4350 291 4098 
8239 4987 8305 2973 2858 4895 6047 2883 2121 2681 3045 8987 821 5809 5591 2023 1707 3030 8050 4914 874 2453 1455 427 9542 6245 8026 1640 9581 6664 9065 7987 1791 1398 724 1094 8941 5056 8156 1726 2837 611 9239 3409 1647 2777 9979 889 1683 4061 4326 5118 1597 182 8630 6860 5775 1960 54 7066 5519 705 4956 1165 7644 6853 3685 9059 5205 3903 7105 2645 1323 1063 25 5887 269 5121 6271 8330 4759 542 4933 593 8586 4091 2917 5022 9376 497 6221 1964 4572 9594 8329 8181 8664 5635 6550 7853 
7418 4304 6927 1026 457 8232 2695 8157 5537 9572 4356 1101 5251 6023 2374 9095 1369 3100 4028 6539 5349 2791 7566 9619 2777 6434 2359 2410 6928 7667 5852 9913 5642 5251 2438 7575 3355 3876 469 4859 9225 9947 9860 3225 6368 3737 9758 737 3713 9652 919 213 6581 1676 9340 519 4374 3631 6845 4710 5852 3123 1841 8591 2847 8206 7546 7705 1878 170 6608 780 4182 484 1714 2610 475 7835 6997 7567 1650 457 3860 4498 3750 5793 6416 6102 9344 8248 2140 7939 9796 981 8657 3311 6200 3736 3986 9674 
5654 5569 684 5402 3328 6639 2458 8932 4569 1489 3495 785 905 7822 4330 4424 8890 6423 4280 7760 4469 3754 7899 6828 4519 4488 1001 4702 4174 3671 7126 396 4806 2382 6480 256 2163 551 6275 4638 9561 2110 2172 6230 7522 867 9704 2225 2804 1243 6596 3354 9358 8887 3454 1180 6918 4374 7812 6855 3418 7948 9065 5925 6208 5589 1979 1827 1375 6592 906 3837 7045 1401 3600 1326 5896 2191 5070 5721 3329 9411 3518 9633 7863 4458 1131 1798 8173 5293 6542 5513 3781 1142 623 6837 522 7880 1267 7804 
7490 2276 5029 5001 3743 5496 3633 3935 9968 5715 1606 690 4096 2844 8071 5414 5600 5674 5720 7898 5061 2104 4148 5415 8829 1448 388 5210 7162 231 4855 2882 4262 2753 104 5675 8610 2227 7779 4798 213 4109 7445 67 7118 8894 5634 7128 1540 8443 8690 6097 1812 5853 3019 6942 5191 2618 7087 6749 8568 5134 3987 1553 8960 9233 5897 6552 4867 1128 2759 8723 7736 928 1536 6015 9232 7449 2671 1329 4245 1931 786 1384 3774 2937 2734 358 5639 6314 2237 3192 8026 9560 7009 1689 7559 1884 9424 9617 