775 7985 9915 8684 7370 4242 7502 3532 7767 5085 588 1336 2870 6757 114 3100 6822 686 3358 3496 9891 2013 116 1347 9602 4100 432 5134 8914 3791 1409 1796 8767 1766 5010 2662 8676 7024 5145 4722 4214 9210 8771 706 9545 8083 4779 5413 7744 8424 3441 6959 2968 7681 5025 8472 2934 2544 5879 955 6799 5789 6301 7402 5528 9647 1530 4300 8460 2032 8309 3429 3506 6733 3222 6054 904 1843 4132 5728 1130 6677 1607 2085 7396 2481 1150 2238 6538 7897 388 6281 6662 5049 1783 9691 1534 8321 5917 9016 
7454 4164 3659 2422 6402 2140 8947 5687 737 6142 5172 3061 3719 1279 2733 5155 6542 263 6428 706 5202 3460 2415 6657 9105 4473 1956 2647 8823 7052 4732 4709 9546 3604 1731 3017 1595 752 9226 891 4381 7433 3748 7161 4491 4023 8716 6438 1725 3409 3681 8343 1231 1747 8761 2293 1294 2174 3025 1735 121 4828 2487 9347 2071 2324 81 9504 6072 2310 4651 9238 4035 150 6820 4845 8097 4404 6858 4238 5575 8871 7264 5345 6149 8473 4773 6372 898 4720 6720 7346 7030 1371 7418 2135 3086 7838 4283 5935 
3359 7228 2793 56 4721 8730 2031 625 3527 1669 395 3006 2795 3904 7515 9839 7602 897 1210 539 4667 9697 2506 8364 7841 7587 4773 9307 6405 4390 691 7030 7917 5224 8312 8231 7846 8487 5361 1271 6090 2611 8833 2981 7278 8531 9784 3536 3571 4578 8252 8517 3025 7072 825 7868 2812 9379 3093 7864 4043 7676 5710 1826 6163 7424 8605 35 8283 1586 6814 7249 3450 6702 820 8028 4954 8585 7980 3722 3762 3471 1590 6575 4683 791 3245 2359 4875 3925 4521 3480 312 2804 1419 7626 8668 5840 7626 777 
8353 1958 2786 2075 5721 2609 8648 1053 9439 1408 5940 2832 4639 7353 4472 2882 6509 2243 508 7263 4288 9455 9744 9129 6585 4449 7440 2876 3161 4086 1581 7600 3116 7080 3532 2980 3632 1432 9136 5265 9634 6450 2424 4182 5501 2810 8681 5854 5438 132 2615 845 5492 5067 9333 1650 8270 6581 8032 3698 5972 9873 3552 9951 405 6772 1233 5863 1389 4334 4393 1473 7608 6580 1314 4677 9908 2924 2530 1065 8518 6393 8121 1125 9409 9600 5388 3527 9355 7442 6641 7059 9710 4304 7241 221 8275 173 8154 6817 
5808 109 6363 5847 4192 353 688 7349 5798 1032 8222 6119 2151 2047 1095 3967 9879 9125 9614 9650 9681 3289 3382 4218 9088 1602 9052 9824 9917 9989 574 3187 1670 2930 5595 2055 5123 9048 3311 101 7576 47 9214 250 6623 8341 5506 696 3792 5904 597 4096 3625 9620 2349 9026 3930 2021 5382 8766 3182 183 7464 1016 1464 3491 2916 2888 1896 9684 8396 3467 5988 7927 1727 6734 9991 1209 9246 9906 4607 2565 5684 3187 6434 1135 6728 6519 5721 6133 5370 8837 4908 6516 7498 2141 3471 501 6915 621 
3938 9867 125 1690 6934 5511 8682 8983 7027 7626 5316 2374 6535 441 549 4755 125 5507 4490 769 4892 4840 148 697 6945 3006 3900 8263 1747 5803 2518 166 91 4003 758 6985 819 7958 2994 2475 9956 8225 9269 9701 8284 3378 5703 8535 2489 8192 6227 899 630 699 3824 5699 8947 9471 5005 5678 1600 5709 5519 1451 2908 3183 7287 555 6756 734 4413 937 3884 6207 9561 5270 6759 651 2442 5827 6428 4891 9168 407 227 5687 6361 6121 7775 9915 5985 3897 1831 2906 4495 8683 4635 1402 5593 9966 
7026 2110 528 2922 3001 2780 2695 909 7045 2945 1128 6027 4034 1053 6548 3993 4913 583 7106 1620 9638 7575 3269 1854 2756 897 5369 3033 3989 140 7257 4877 4349 4944 5076 4184 4908 5999 2485 5668 9464 8155 731 5274 4113 2984 3981 7820 5226 487 1817 3016 1085 6985 3336 5694 6407 6353 6589 7593 5635 1016 3076 2758 1724 6261 7596 4721 513 6989 7722 2349 4073 4050 175 4225 5735 8248 6277 9618 6553 3083 9175 9845 3495 4596 8750 9906 1824 4730 6601 3905 2903 2248 6554 4428 4191 6616 6935 6948 
182 6863 1075 7333 620 2976 5352 8659 933 6023 2488 7179 3189 5560 1580 7102 9862 6122 63 4542 9383 4330 2339 6652 3654 4432 5774 5858 2320 6590 9640 5390 5642 6486 2222 9533 4359 3051 3835 8868 6040 1077 3750 2328 3319 2041 176 4942 9907 3754 4743 2043 6076 8658 2948 1653 5166 5035 2843 3561 6353 3833 4283 8457 3096 9583 3695 7166 1571 9480 5092 7144 3189 3586 4222 2665 8714 2248 2043 9790 5938 9516 3552 8708 1837 8847 8195 2871 9625 8545 8737 6759 8472 3909 6389 7514 1448 360 2968 6792 
3882 9557 6974 4313 8857 4597 2739 7168 1280 8363 5735 1836 9470 3558 2685 59 9186 8802 3002 6763 2842 8756 9805 492 496 3556 1981 4991 9223 5210 3463 7568 6092 2717 8945 2749 7759 8991 9761 54 5842 3859 3572 7837 6846 6651 6153 1514 6360 234 8231 1331 5393 5241 6399 7886 4466 2305 9167 9556 2113 358 1532 3277 374 2123 8378 6558 2234 6892 1449 8371 5012 9592 5817 4195 9544 580 2684 572 5585 1331 1583 7131 2689 9918 1067 9171 9284 8030 3298 5652 4567 8082 4616 7028 8027 2766 625 1376 
1254 3951 8851 2866 3830 7334 8978 3893 7382 9573 8510 7421 8434 7537 8474 1960 3393 2141 8755 4238 8216 2766 2592 8587 7565 3149 9147 9858 4684 8193 2420 121 1293 131 8964 2881 6371 6995 1318 8435 1680 2981 6795 3754 5906 4758 6170 5747 2651 4172 8898 3293 3429 9282 6478 6562 7671 1569 505 4963 7795 4514 2008 9281 2126 5760 3681 7704 9415 5072 4493 3109 2866 3502 6943 8222 4441 5757 2432 9371 5344 798 8412 4072 5493 5578 844 2594 1372 6304 6579 2303 1076 7213 9724 3870 7845 9883 1135 4115 
4393 6615 1280 5176 5950 2182 4804 7226 2629 2558 8 9442 2830 7502 7094 6460 7954 5813 2889 6296 1886 4703 7183 36 2656 1413 3046 5080 3040 3775 9636 1089 1125 2359 362 8882 2657 9441 718 7315 2394 3291 6004 6590 6744 569 2237 4799 4705 3517 3647 8889 2787 2151 3749 9534 2407 9415 6442 4628 9313 7684 2265 9034 2285 7027 6121 3327 7955 125 4383 7624 9033 8067 3511 9633 2747 5334 7943 6616 7916 2613 6925 4295 8331 9624 4502 8157 432 3361 319 803 754 7381 3800 1684 8432 2616 4015 3244 
8300 2023 665 3142 392 24 6584 4814 5704 5200 2111 5696 4246 1770 9399 9927 4544 1379 7458 3243 6358 4025 3271 9551 5830 4181 7343 69 1667 6389 3202 4444 9826 7827 4805 4905 9726 6513 9352 3348 8743 9728 4079 4167 5862 285 3333 2076 8183 8828 4253 884 7232 8064 7309 3280 4049 7624 9588 739 9192 8393 9653 7171 1688 9673 6300 2193 2410 1513 3541 4688 8736 3634 658 2509 9896 963 2872 6292 3437 3365 9196 6185 1543 664 7212 4269 8858 4896 2484 5361 466 791 1047 5322 7288 8788 9052 7426 
4826 8033 6773 514 4019 2650 1179 2186 3035 5294 5179 803 5484 4486 6390 3320 2230 8256 9001 1390 8855 8855 9515 1308 3145 7631 2402 1876 5472 6463 5029 7461 8859 4750 8715 2302 5542 8537 1902 1382 4959 1190 224 2317 762 9147 2420 121 3647 2591 377 6371 1680 2981 2128 2644 3755 2351 6331 1166 1028 4241 4313 2386 9400 8249 1751 921 6549 9869 7191 3150 4100 4990 8476 1121 344 5714 797 9989 877 2618 9701 9280 1064 1123 8529 9471 6200 4927 1689 2679 5569 7315 6508 3328 6639 9198 7118 9753 
6951 4241 6587 4313 8254 3257 5587 2863 849 190 6795 1058 9695 1065 2634 8318 2767 4029 9243 3780 4494 7341 24 6039 198 4750 5845 1307 1609 2384 6493 369 1363 1367 6026 8453 3952 6089 2144 3971 7802 5252 7325 6184 4031 8381 4758 6119 6170 4138 9707 5747 2858 8443 1050 1424 8146 6613 8551 4262 377 346 7810 5325 4235 1703 5425 8189 4361 2683 4409 7502 4405 9412 6424 5216 5744 3739 2539 6055 9048 7614 3015 746 820 3105 4406 7487 5904 9189 7291 1272 400 3086 7536 476 3461 1344 5730 3963 
3172 4034 8828 416 6362 6162 857 9552 2178 2217 2326 1590 6409 3388 9408 5039 785 6194 4615 2844 3109 8872 8853 4501 3746 2892 9086 3095 4715 345 6643 7009 4826 8562 5876 3624 6532 31 9586 4258 7984 6553 7552 2609 1283 7147 9422 1023 9025 1663 1935 8269 8413 4464 2134 5066 1529 9401 9284 6826 3492 6338 4022 2376 8196 8179 2033 7948 7739 6866 3028 1756 2605 5823 3505 1890 821 6234 5751 4130 4878 6317 8571 1867 7834 4783 1755 4436 9314 482 8701 2758 1248 1222 4972 2537 5410 1059 9355 8520 
60 3983 4130 3116 9417 1848 627 7540 1653 4374 341 2799 2193 550 7348 4461 3319 7652 872 4859 5919 2821 4934 3357 7832 1064 538 9841 6755 2712 9942 1109 7681 1870 579 9552 4384 6865 9705 6725 2234 801 813 1561 1672 680 2075 7260 4666 3556 3261 9427 9583 422 6568 376 5516 6513 9841 3963 5573 8481 1402 9999 6920 2436 5821 8323 6775 4936 645 5977 4854 2518 6993 5154 9259 359 6306 3523 9499 4647 5153 308 619 9964 9514 5217 4406 7487 3720 9189 7291 2784 1272 4502 8157 3410 3316 319 
3661 7381 3375 7418 3800 1317 2715 6271 4428 4137 6903 8051 8360 6935 6599 6472 4316 8855 1421 3145 3536 266 8025 7487 5904 9189 7291 5045 8445 5921 6919 3914 4169 319 803 3661 3059 7654 7018 6554 3425 2715 6271 6471 7193 7775 5743 5816 4816 9076 5900 3232 5827 7779 4179 7636 3781 9366 8219 1717 7730 3532 9416 1158 6234 9368 1915 6950 8684 6423 2358 2699 2443 7488 1211 8033 1454 2831 1454 4245 2955 9086 9653 3027 1348 9485 8109 1645 1589 5620 9881 773 6978 4811 7635 6962 4851 7644 6120 9241 
233 9854 8671 6674 6814 2564 1176 6743 490 9891 9763 3526 9658 3681 5250 9261 7183 4087 601 8238 5641 8111 6247 8113 8990 811 605 3176 5873 9715 3924 2663 612 8606 7889 114 7492 454 1685 4619 3532 8993 2750 9895 4058 7416 2614 9301 1058 7135 7904 390 2485 4318 4905 5725 6883 6475 6153 7176 8376 4016 5661 8008 6438 9373 7148 4697 4439 6660 7208 6583 9999 4012 6443 6719 6865 363 2263 9511 7365 5090 1624 7216 3610 5835 1072 9085 2227 8253 6177 2747 8834 4836 622 8452 137 9244 5035 5477 
6353 721 3096 9583 6496 5817 439 1879 2093 520 5604 9358 7231 9516 5213 4122 5950 9837 2315 3493 2582 1831 9389 6463 9200 2519 1230 6971 5426 7044 6801 305 6016 25 101 6957 3628 3687 990 5569 6304 9155 2933 4646 2448 8220 5735 2862 1922 5969 9334 8456 4825 1742 2361 3655 2696 3691 1939 6863 6254 6333 4695 3541 7304 8531 3325 3500 3785 7383 9947 6094 6833 5614 2328 7883 4190 4426 3799 7774 3954 6091 858 30 7163 2139 1565 9657 5234 7064 9073 4054 245 9259 7229 4670 9477 5212 9708 1603 
5380 8978 881 2730 9782 3574 1405 3587 5751 1887 7019 5932 545 227 7954 8785 5265 5619 4474 6776 5081 4576 5866 7822 176 2154 2877 2515 9434 4072 1841 5513 1231 9120 8519 250 5019 1846 4395 2468 1375 6814 3317 5277 9 2598 8319 6822 3637 7774 1713 551 8668 7319 7317 2069 2225 7882 5724 6904 6943 530 4460 5113 3505 4364 1662 7025 3234 6268 6068 8124 6725 7698 6293 4336 9555 9854 7805 2558 2813 4334 3712 6997 4164 75 8151 1338 9118 3353 5015 1388 1283 2088 2063 9421 5231 7464 2888 8079 
69 9546 4081 3557 672 9570 8181 4722 4532 1707 2016 1322 3961 985 9312 6459 4301 9456 4575 6591 5994 7316 9554 539 6203 5802 1207 8810 4587 5514 2105 5812 6126 8024 5267 5909 8126 5191 3467 9011 6743 4745 9441 894 415 121 9565 6585 1986 1718 6771 4130 5236 3950 600 1449 5289 1984 138 154 5727 6771 7254 836 9841 3791 6075 1384 8851 4665 9858 4580 7614 60 9083 9852 7040 7578 1434 2583 9470 191 7942 4861 4939 827 8846 3105 8061 596 787 3584 8376 6772 3085 869 9086 9692 934 4147 
2973 69 3928 3193 5477 6656 339 2980 1649 2849 2783 7996 2205 6905 8261 7090 6873 3828 785 616 3423 8849 9348 856 3535 8703 5075 7921 8610 9579 8390 8123 9462 158 5320 1098 3276 6883 5481 7559 1849 4700 6945 2935 7199 4053 2257 1925 3452 6823 5425 3626 8500 7051 5661 7521 1909 2596 8600 2072 8960 3591 2736 1706 1823 2928 5142 9788 2596 5426 6935 7280 986 4878 430 9190 4227 1381 5476 3661 2634 9613 9582 5712 2735 4712 6000 8426 9656 3001 5198 9412 834 1401 7835 7585 9894 7712 8956 8911 
5361 6431 978 2138 6202 4874 4565 3855 9118 1966 7958 8353 5683 376 2097 6376 3562 9434 4072 1841 1927 3303 8788 4602 4826 6389 1711 6587 5906 142 2626 3908 5862 8120 5903 5380 9782 6681 8061 481 6369 962 9916 326 3108 7278 2496 391 3074 2253 6199 6367 994 7292 7026 7680 9424 8768 2999 1100 7258 4636 8112 9481 8594 8607 7651 900 6733 6523 7687 131 9490 8307 2879 4365 4530 7227 2804 3548 5313 7433 3916 2460 584 8891 1770 280 3804 7671 1220 2163 5228 3050 5656 7486 5389 3128 443 9632 
3656 1228 1343 9724 5030 2369 1704 2935 5913 6467 1614 620 1409 6121 3553 2609 8211 4229 4036 705 8343 3780 8223 4069 3676 1784 7805 2558 2813 6835 8987 6975 9642 75 1761 1338 3353 7570 3113 6245 3641 6096 7183 7692 6070 2157 9319 1298 1743 7869 9089 5043 3323 593 9189 6943 5747 5857 6538 912 8373 5622 799 9076 1941 9679 2023 7157 7194 4510 2512 2835 8597 3602 1858 3744 2782 6018 9584 1875 2474 6998 3524 5831 7770 2665 3296 2385 490 9016 7289 8813 7466 4300 8372 225 7199 7547 3265 9502 
2901 813 3136 3147 4872 2794 9729 6964 7349 5183 6313 3848 6706 5747 2711 8553 8077 6024 9967 900 7349 1177 1531 849 7437 1215 390 4210 2329 7321 4249 8810 9653 2674 639 1807 4967 9924 6732 1828 5279 9839 4709 1138 8342 8129 488 6552 4911 4926 3164 8882 1360 1228 226 2351 9879 6534 7062 5036 1584 3984 1311 5407 8111 641 6110 9584 7407 485 6190 8352 6939 3614 4054 4453 9949 242 9771 5579 4774 2119 3180 7035 9847 1705 4717 6771 2455 4693 5627 1927 7543 360 9451 4971 9704 9802 554 6660 
7133 3903 7220 3206 8710 546 4494 7495 1519 1349 2034 5674 5670 2422 242 2308 585 9913 4067 2776 2854 3507 7125 224 7346 399 532 2086 1999 9242 4792 3085 9891 9694 3016 1050 7130 5698 9573 5969 115 1876 2267 917 9570 1956 1528 4109 5900 3591 9636 4179 5542 4223 7636 3781 7838 3001 8663 9819 7730 2815 1158 7032 9047 4765 8031 2681 6006 5758 8046 1982 4333 2773 936 9177 4054 2549 3475 2582 573 3812 331 6804 8294 6567 8145 5295 9205 5870 965 9149 1795 4605 4383 9250 1778 3360 5582 4620 
8205 8861 9650 3783 2467 3324 1027 9957 9027 5561 1163 4864 9655 4625 5237 5711 5628 4596 9190 3480 8549 645 5511 9828 9553 7576 6100 6086 5161 4556 3548 9728 8971 3115 1433 691 2838 932 3744 297 488 2257 8048 6498 8128 2327 6270 605 3510 5288 9269 7974 3659 3880 8462 4031 8940 5534 464 2383 1866 1566 5225 2459 6541 1059 8487 6036 4667 3504 9622 1053 6633 350 4738 1854 4893 3639 5402 2043 534 9444 25 1464 3635 489 8539 4704 4076 4788 7781 9561 5316 4300 515 4036 2880 745 2498 1304 
6196 7721 8744 253 1106 3933 5406 8498 3306 6784 2713 1240 6989 1172 3672 4684 7102 9433 8977 2644 2610 1634 2691 403 4178 6996 8705 6047 3494 3513 9982 6716 5118 9902 5713 3081 3699 8323 1067 6390 1590 7822 5768 7978 2338 9115 8522 2369 4768 7727 6620 1259 4105 2437 5880 8091 5773 6982 6322 6620 7353 9182 1270 3768 8743 3985 8737 5018 6037 8479 9913 109 5648 1669 2884 9819 5484 5298 4508 4893 7286 2679 658 540 2107 4292 6625 2496 8586 7459 75 1320 3753 8952 548 1555 5090 6792 7083 416 
6883 8157 6988 604 644 1193 7469 5934 4317 5792 4731 7852 7921 2127 1994 8895 230 8388 3007 6393 957 7379 5388 8036 1648 581 9488 8290 1895 8064 1912 9497 4654 7665 2520 7908 9170 3691 3042 7443 7163 347 426 7286 5612 6261 5130 3606 4819 8939 1803 6945 7677 5436 1313 8806 1113 6733 2446 8579 8212 2750 8830 681 6112 6842 8008 5499 2075 3217 6250 8059 3302 7417 77 3987 2054 4274 9256 4688 3008 5037 8929 8011 1064 2453 4229 1742 9675 6928 3189 6452 9999 1103 7527 4359 6117 2145 9165 1847 
2354 2851 354 8520 2584 6964 278 6396 9507 4393 6370 9285 6770 3057 9114 8446 6020 202 7610 2643 9423 187 5196 8318 748 3259 8777 2153 1178 1367 9396 6004 7614 6918 7539 6459 6807 4909 9039 7062 5733 3404 6834 4724 138 7850 3471 3693 8018 5599 8736 684 7358 6078 515 9158 6366 5743 2056 3577 7665 6595 3966 7246 4948 8455 8299 3737 8514 3948 6896 4011 2093 3857 1796 9763 7873 1856 1550 7022 9454 6668 4433 7423 5256 9622 6384 3758 610 53 1230 4467 8298 1282 37 7700 6304 7598 2179 3964 
9651 585 8027 9913 2344 2152 4685 8030 268 2033 9916 4635 6694 7948 2236 744 7739 9679 4660 4069 7622 6866 1773 9271 3028 687 1150 1756 1023 2605 9952 5326 1724 6091 1890 2359 2555 8584 821 7599 2344 8981 6318 5477 7106 134 3670 5898 4856 8194 6371 7031 6228 3122 4470 1833 3098 3055 4643 9953 228 3660 3904 1492 2357 2515 6825 8675 7992 283 1658 9092 418 1680 1343 8660 6373 2551 3207 2744 9582 3126 3669 9202 5782 5544 624 7274 7901 9491 4099 7483 4382 2927 1152 4270 2641 9372 9107 8850 
3414 8163 2519 3209 9286 2411 936 2358 8193 7073 4883 9497 2263 857 5146 290 7302 7507 8951 8909 7120 7524 1808 1210 5189 1357 472 7446 9310 6390 9395 4674 8342 8165 789 7920 9659 1361 6039 3578 8465 6067 9000 8960 9249 5770 4268 4677 1653 1522 6225 1496 4362 9500 7372 2043 3251 8538 509 1997 7100 8016 9797 2433 5638 4560 6890 343 4657 6226 4995 1203 7158 2859 400 141 1924 4363 590 8930 7323 1632 9026 3051 134 9277 1803 6677 1495 5709 4100 705 1100 693 583 2386 8707 9492 3331 6960 
4856 8765 5093 194 9358 1463 3498 2551 6816 1610 7080 412 1306 5160 6012 6605 3051 3584 3244 1267 7967 9101 2029 8681 4629 4354 7602 6331 9761 2345 1715 9759 318 7497 8702 4800 1371 5954 2113 2131 6599 6472 3250 4536 2248 2004 344 1272 3048 9542 5714 4198 9205 877 6278 8341 8039 2323 8180 3637 4269 5448 1441 7885 3406 7344 591 4708 8071 9476 4390 2994 1302 1212 4244 9573 3415 8678 2631 204 5750 792 5319 175 7176 3596 9241 6081 7418 2541 6070 8566 2913 237 4061 5904 9835 7921 5432 9261 
944 4457 2228 760 377 6448 7510 4099 3617 3452 1205 2771 5103 4313 1425 6696 870 2033 4572 5895 3553 2948 6488 1582 5705 8901 958 9132 8257 1479 5851 4742 9865 9710 5539 2539 6284 7649 7614 3015 746 4511 6994 8734 7487 5904 548 4299 1272 6919 3410 7381 839 7826 6271 4428 6948 6024 4056 3952 663 440 7308 5518 7569 8250 6981 8659 9230 5180 7671 7895 7102 4372 9383 4330 2339 6652 9294 4432 3317 5774 2320 6590 9640 5390 6486 9815 2593 1101 6269 9084 9073 8822 3552 3775 8398 6437 8759 1405 
5392 8742 2537 2385 4488 9539 336 2713 6860 6141 8131 546 4852 7265 8282 9979 889 1683 4061 4326 9642 7735 131 1591 9637 5325 2208 9016 5010 8217 8413 2460 7247 2573 9829 5197 207 869 4927 8288 4147 6434 3856 2973 1103 6060 667 6903 7509 6166 2806 9808 4929 6674 7131 1365 4167 2971 37 7458 9763 8314 7801 3941 71 7686 9796 6071 102 3972 9685 1311 3297 2518 1435 5084 5087 3921 7918 5706 6248 2680 4103 1399 6764 3922 239 3450 7986 3540 1599 2228 7522 2550 554 1163 4011 6418 6909 1303 
8647 7464 9248 2888 2031 2798 8965 4825 6008 6964 2704 1959 4324 2091 5497 3876 8851 248 3543 9138 3127 3323 5929 869 1375 4867 7008 6071 9715 2092 714 4036 5625 5675 8166 3852 8720 5103 7196 384 7450 2451 2744 2323 487 7160 4209 5152 9510 6094 6974 9857 6836 1668 5954 5940 7842 9995 4429 6249 2983 9676 8576 6579 3553 856 7930 7179 7845 3545 303 4474 8434 8325 4936 6885 6004 9762 6497 7282 6396 3418 4496 6332 4508 540 9056 5041 9509 7002 8838 13 7009 9385 3916 1632 4467 4445 9089 822 
3459 9225 7739 4799 4277 6401 1756 7216 7381 4687 2293 9867 4144 6069 6897 7570 3698 1079 1155 9233 925 3420 394 1560 8845 8273 855 9805 3072 470 5624 3329 2903 6838 4276 3866 3700 9363 6168 6460 7887 9680 7068 9840 1914 8259 8062 7147 3154 6895 9767 70 9498 564 1657 1937 0 5461 2381 7382 3882 2312 4369 9087 9626 6856 3104 7526 9015 9900 3938 809 2036 3731 6550 4213 9870 6927 153 285 5288 1133 8885 3487 8779 8215 1511 3108 6504 9840 6309 8064 3265 4972 5700 3155 3453 8553 2728 9232 
7742 321 70 6047 3044 8802 3652 925 6763 1560 8845 5087 2842 855 9805 3072 470 492 496 8228 3329 9223 3201 7827 3600 5189 1906 5484 5211 8256 5241 4316 8333 8325 266 1208 7823 8168 526 8859 4750 7894 1714 5262 3045 3799 4495 3906 862 4482 8910 867 354 122 9499 9598 5216 5953 9925 6632 1173 1265 5594 7175 7835 1839 3381 3020 8496 3643 3861 407 193 434 6567 7192 6649 2952 2138 50 4418 5020 5613 542 6798 3136 1028 2866 5588 523 8793 7821 5788 1587 7607 6082 3714 4854 9390 418 
7780 1240 2248 2969 9244 7394 9825 2930 3669 755 8477 9806 738 8066 1944 986 7756 2523 1124 3601 3427 5948 143 4810 5999 4146 513 1499 2948 7585 5810 1685 4702 1720 4850 5627 634 1718 1018 4093 546 6091 3293 1664 6858 397 491 9725 2742 6447 4387 9888 324 5306 1195 116 3593 58 788 5064 5733 8097 9172 1674 4820 9533 3461 7118 9017 6103 8337 9898 7279 3196 7436 8071 4480 3413 1108 7121 7929 4167 8389 2678 3487 7037 9703 5637 9058 7822 1448 1983 1663 8058 2225 7590 5712 4627 2687 2144 
6170 4091 5747 4936 4037 8040 3324 5604 4511 2423 9321 6303 4688 2477 2290 803 4419 1970 7425 5802 1513 6704 883 9306 4981 9087 9788 8004 6628 1298 6956 7613 9562 6026 8048 6499 6164 1340 4948 7140 7546 3089 8255 2016 1491 5928 3935 1272 6125 3959 8868 4630 3853 5215 2223 669 1367 8780 5191 5838 1974 1234 2236 415 9565 6078 1718 9398 4706 322 1760 3489 3839 4715 1003 2686 2423 6366 2163 9566 2108 3883 4864 3221 9853 8707 4912 6076 752 6907 2865 5554 6383 4753 4966 1231 3841 1590 9091 219 
9343 9776 6107 7314 5265 5740 3645 8792 3843 104 6998 6166 4995 9785 7911 8150 8616 9069 9859 9522 8365 5718 9756 8742 8685 4461 8776 2158 9185 7613 126 7931 826 7478 6587 3563 5998 145 7073 5202 7775 6923 8767 2697 2613 2900 8181 4652 9696 5486 2445 529 3104 785 7308 8657 2734 5461 6739 9930 4055 5239 9654 252 8363 1836 9877 3800 2610 6915 4178 3297 261 6047 3494 4652 9982 6716 9902 1067 5768 2338 2107 5615 1695 1829 62 8663 8344 6962 7475 4415 6396 3065 5226 2816 21 8202 3252 8387 
4648 134 7862 7610 8371 4824 2198 2006 416 3457 7089 6531 7179 6228 9153 2571 9070 2187 5163 5495 5239 8112 2673 1646 3861 1148 4798 5037 9046 2437 2744 5412 5824 814 8063 9748 9579 4094 5545 6992 219 1922 4084 9429 5337 3380 5398 1555 1641 3314 4742 2928 808 8723 8648 2797 179 7448 3686 8537 8924 8403 2560 2373 7483 4099 6202 4748 780 4565 3855 176 1966 7958 8353 5683 4173 9050 8791 3562 4653 4665 1062 3116 2135 452 8815 7026 3620 7036 4771 3761 3478 3724 2274 7010 8680 9165 4683 8771 
8082 9228 7185 8624 1022 5504 5077 2190 2955 2120 6731 8437 6749 7833 4780 4362 2608 2239 6020 1986 235 4305 2866 9895 8860 3222 9781 5831 5226 8858 2686 1020 6786 8817 2336 1289 2948 2601 8477 463 2346 3828 3884 287 4708 3257 5542 3281 2996 2531 2741 8915 5100 6804 4942 4539 5037 6679 6581 188 5675 1808 6018 2863 6210 7569 8184 9270 6809 7329 4430 8165 8858 4701 9532 4109 7022 472 295 3904 983 3792 3948 5977 7390 1347 9251 1344 6414 2233 920 8626 9383 1754 9179 7999 8298 7556 9801 4199 
371 1524 39 4301 4333 49 5002 6868 1917 2449 5430 3548 8749 8866 2575 1298 6983 9736 2890 6524 6534 670 5777 9323 5705 1753 9452 7399 3053 5526 3402 3155 4453 805 5765 1661 1183 8350 4074 4825 4875 6960 1848 2737 9991 4794 194 1744 9143 9381 4907 1936 9842 7855 9253 6735 2279 9802 4528 269 397 6131 5612 3619 7256 8565 4439 74 7323 9325 8822 695 1659 1654 589 8824 7979 3230 7330 4388 4569 5217 49 8173 8373 2538 8620 866 3396 5087 9726 970 3227 3267 5152 4039 616 1170 9659 1344 
1887 2210 7170 7801 8043 401 5665 1029 392 2916 6107 801 9768 6230 5666 9350 3827 7873 3224 1865 9598 5471 8204 7556 357 5623 7409 9529 7396 7295 1242 6082 2000 5265 9991 2529 2049 9091 8286 3699 3228 513 6087 9734 7411 2530 866 9302 8393 9726 6483 9256 5084 1603 8413 1098 471 1485 5361 6800 4136 3594 4726 9195 823 7476 4133 2880 1308 974 7884 5838 9256 2813 3383 2867 1713 2556 7642 7312 8935 2520 2849 8363 943 7516 871 9720 1160 2146 6613 4426 6783 5283 1167 3200 9624 356 269 6696 
7727 6554 3033 9688 785 7865 9863 5421 5927 257 9533 1642 380 3098 7214 8687 3404 3661 9421 3167 4217 8160 8022 1687 8934 7537 4536 9071 9343 6556 4399 1654 9761 7734 2262 9873 6226 2618 757 1665 6265 3977 5450 6903 9850 8558 188 9092 3158 5181 4573 8654 2016 9240 6805 5979 8064 7891 3023 850 3927 1991 3574 1310 3819 2585 7700 959 4064 7638 5407 2586 5485 8902 6656 2912 7966 386 9323 8037 812 3588 7287 5451 6068 5944 2887 8929 7503 6225 4651 8578 799 6330 9333 8274 2129 2228 3962 8657 
4586 4495 7694 1138 9102 6936 3661 5610 1659 9582 6519 2884 5286 6609 6695 5131 8442 4533 9284 784 9038 4829 6316 9889 4073 2519 9417 5675 9409 9626 9963 5929 3812 3440 9269 6023 4939 430 7663 1149 1696 4182 3170 8316 6172 2484 8245 4765 8410 3169 977 7445 7517 5592 8812 4983 195 7944 9220 586 7204 6040 755 4669 4190 3491 8363 3624 3232 5762 3706 9957 4416 6863 3827 8646 4871 4455 9674 4234 9732 8007 4892 5633 50 1670 2872 2063 1161 111 992 7279 4840 2321 9379 4660 165 9335 5619 8629 
6658 7850 8950 2784 5961 2409 1443 3760 7417 8435 973 4701 3781 4136 101 8252 6418 1329 4542 9045 5307 1179 2258 6006 1609 9007 9357 5261 8772 990 9515 9555 2845 1047 7062 6642 2834 8514 812 2575 8512 7989 357 4556 3061 5638 4803 6367 8722 7854 744 8394 3258 5479 5062 3496 8771 5151 6562 9475 2452 1130 2288 2251 3026 7928 3433 6540 4634 1570 1684 9551 3882 5094 6026 7038 8516 8594 795 4044 3881 9050 7821 7266 7895 2323 7665 2140 7086 6615 814 1196 7226 5344 4671 8739 4814 8762 3998 8562 
7267 707 9896 1803 4962 2466 2816 8748 6467 59 5495 2027 7595 2784 592 3925 9798 1707 8625 1384 6144 1043 1089 8048 8297 1954 2390 2939 7606 9555 3624 5416 6102 615 1528 9464 591 6710 668 6575 2899 9980 6523 4510 7117 9242 3625 2533 106 8888 1910 9974 4559 5702 8906 3077 7879 2269 3399 7620 3148 2856 9800 9706 8315 9968 3908 6412 7383 1253 2044 2844 1232 9241 9231 787 1627 8250 815 5218 8968 8652 519 5016 639 5573 3342 3037 8644 1535 2335 722 3557 6420 4002 1362 5920 2338 5001 1513 
9976 5016 6243 6486 1916 8964 1383 9105 5353 3171 1368 9350 1492 3467 1782 7700 8019 6727 4136 1035 1115 1413 3243 2589 156 5447 8043 5430 8487 3620 1238 2805 7927 5325 6157 9942 1511 1843 2110 6696 9784 9090 7727 9334 2930 3296 7850 8073 323 9369 6089 5520 8047 6614 7879 338 2064 9335 8340 9733 3188 3445 7751 8743 6739 1509 8278 7255 1025 1089 941 1560 5050 6161 6693 4166 5519 914 9903 1962 4202 5105 4710 6473 8952 2201 2561 9567 7579 4728 3568 3602 2420 7798 8113 9950 1989 941 3503 3330 
3993 5735 6939 4618 2709 6902 6467 3838 1177 4960 8703 9918 5826 7014 3917 9090 5188 8388 3282 1066 5375 5450 1992 5027 925 6901 2276 7642 2394 8870 8311 5957 3043 6062 1498 7491 7202 2380 3110 9628 6583 3926 3908 9788 6919 2479 2786 452 8450 4676 3932 2992 7508 6267 7862 5432 8257 7365 7377 9851 6315 8343 1975 7444 3785 7502 1854 3959 8942 8956 7221 8650 940 5773 5086 1544 6330 6825 542 784 44 3617 7218 3259 1837 6553 559 2747 8569 7012 6314 9905 1234 1742 9898 8914 7590 5710 9001 3035 