1187 9125 3421 7178 79 4690 1197 9587 8604 6940 880 2700 7554 4022 1583 1762 7838 7701 4947 8362 5826 4350 7859 6665 3128 6498 3343 3202 5912 6580 2958 967 5933 6596 4204 2941 4561 5547 986 2146 1827 3986 9789 1494 8269 8456 399 3660 4966 6513 5095 6203 9762 9745 5008 6976 6855 1462 8790 5928 8941 7254 8953 8573 4585 5280 621 5656 5815 5541 318 6826 3918 6340 1087 7199 8529 5199 7098 7348 2017 378 3866 1592 206 5854 7359 1183 3186 3843 9775 2128 4263 1036 1325 8628 3615 4758 5226 5800 
2969 2772 3904 1875 9968 7380 5849 5899 7454 9828 5880 1346 6031 8688 3949 5023 792 7043 7477 713 5408 8626 320 5055 8329 3282 4919 5768 4766 7002 6689 3728 8596 3898 2229 3001 8409 6838 28 7069 1390 2188 7451 55 497 3859 8106 3869 3449 46 5362 4622 3064 7127 2053 8262 7441 7 7455 7384 5916 7466 8967 7057 8678 8359 3705 2049 3644 2020 8056 7590 8366 7985 7318 7404 4713 3762 7341 1358 2826 3571 8968 5590 6221 6526 1078 5378 8951 8128 9174 2192 478 6181 7595 7023 1740 1836 6374 6586 
916 8133 4003 696 5973 5060 6818 0 3225 4581 6758 8540 2812 5747 5330 6803 9085 7498 4609 1886 2067 981 7380 4640 4746 3591 5571 5555 7298 6615 345 2808 310 4048 145 9390 7377 5011 2697 2610 1866 4828 4995 5122 5962 973 3036 4243 2768 593 9428 4472 3116 9556 4103 9049 4842 5720 8057 4597 4353 3745 4639 1203 7484 9554 1486 6211 9525 8424 8521 3145 2961 6797 5684 896 6773 4218 5371 5468 8594 1690 8514 1289 5340 9313 3630 7558 3828 4708 5542 5863 9573 1064 9281 9209 571 5271 1226 9792 
6678 4417 3357 1766 8540 6375 3716 2712 6062 3431 9389 2885 7206 2510 4887 8386 5712 5076 9459 6684 3180 3315 1411 7635 4604 8077 9789 5134 3121 696 2405 7798 3056 521 9586 6704 3156 9653 181 7746 7730 3269 3184 9765 6124 7258 4636 8112 6492 1346 3019 9775 734 7126 310 2720 4751 8918 1929 1165 5736 6340 3329 1125 3876 2644 9431 1683 7286 3280 69 8976 5790 6407 6636 4191 3622 7068 9855 1580 8471 7669 712 1820 9601 8011 330 7835 9824 1516 1725 4352 3545 3953 4474 3615 7665 3842 8610 4704 
8664 3333 8332 7853 1870 5712 8532 1512 7674 6031 45 2902 3445 2339 6098 1790 3038 2582 6436 3110 9213 1310 525 1694 9143 5418 6547 1505 1819 3220 3016 121 5145 4307 9198 9133 2936 4298 6644 7756 1791 1908 6928 2479 1504 5844 5938 8361 6174 8653 8399 4291 2972 846 8703 5275 9521 6084 7029 4041 8117 38 7973 1780 8721 1588 6124 7473 2931 3682 3907 5275 160 9068 6024 5137 1097 5062 1372 4940 2662 1374 5530 3679 4774 6593 6601 3519 6049 1402 1566 8719 1849 364 8196 797 9961 7582 8069 5145 
8955 7292 1078 6164 6360 6080 9023 1848 5809 8516 7084 408 5435 988 6146 7463 1288 5524 1644 5047 6410 3023 4426 1473 5736 4185 7312 7506 7371 395 7013 8724 5632 781 4913 3622 6085 4596 3872 4466 1599 5017 9216 4221 7489 4156 4380 6256 5916 8738 8812 9556 1536 1156 8469 5921 5233 8584 2128 3286 7975 7974 4209 4877 3689 4470 2738 1207 3912 472 200 2601 3034 5336 4803 8308 7115 7650 883 3722 8327 6862 1837 7513 2647 5563 4989 6318 3777 5559 2576 8863 9746 9241 2360 3003 3587 3529 4427 1998 
167 3928 4217 7462 209 8675 994 1773 1590 4180 6154 1662 527 7650 7409 2964 5433 3044 9001 78 611 3847 3952 845 11 3937 6879 6423 4457 4664 2277 8194 8272 5908 6313 6359 3007 6937 4392 8965 3540 8674 8021 4277 9904 7225 4944 9626 5147 2797 4668 7384 8345 7554 7342 4316 9592 9403 4617 1084 7355 1671 2919 162 8765 4632 8777 3454 4387 8130 4789 4497 3166 7550 9416 9258 5424 7155 6213 1993 6197 1462 6360 1596 1197 6169 3098 2492 5369 3714 8679 489 868 1320 1145 34 3574 2847 8814 9089 
884 4772 1626 3212 8984 266 7591 3090 2527 9245 7250 4578 299 8841 2127 7516 4134 667 5425 8872 8779 725 9021 8428 3966 3197 3986 8277 8158 2029 8885 6995 8125 4456 1205 1475 9050 6038 9196 8909 1075 854 664 7212 5664 8238 2000 8885 7635 3921 1930 3001 9808 4494 6664 9530 6963 8253 4526 8760 4937 5097 8925 9566 7190 6424 5216 5744 8895 9708 7846 4284 7812 4945 7256 1045 9282 4108 4172 2013 8231 9276 6570 1322 875 3767 4496 3984 5997 8187 8783 5780 8954 2588 9986 2288 5943 5968 8136 2120 
4469 3286 1041 9460 2767 8073 2717 5594 4234 6000 1968 8549 669 5193 5169 4733 6324 9652 8076 3424 5545 6600 8193 2059 3955 6631 4768 772 7188 3788 726 6761 6709 9124 7217 8552 973 9988 1663 5056 5524 1726 7554 1906 162 611 4447 2798 6722 7132 9093 1542 2777 7822 6991 4246 3403 5717 3762 2339 612 3673 1840 2076 5842 7536 8493 5730 9333 47 3380 3304 4373 319 7381 7018 3425 2715 7217 6903 7719 6948 7933 4056 1075 6858 4684 990 5029 8088 6991 6686 8016 7847 733 7442 6371 470 2671 3933 
870 5603 1293 155 9708 8383 3755 3379 7421 3191 4855 7787 8932 4583 5219 4761 6598 8831 5250 8993 1211 8056 6330 6074 7439 9242 2869 4137 4354 4432 6227 1310 8240 998 4409 5969 120 5119 2353 4135 7610 8369 1306 5481 7647 7147 120 2353 7199 3851 2714 190 306 4770 6719 2249 6330 9022 6074 1514 9748 8791 8763 6179 9827 8264 5144 6306 2093 3035 2483 6163 2026 6847 984 2505 6343 1849 6142 7756 791 1684 6728 4200 9207 7527 2616 5814 1009 2043 8921 9790 8069 4418 3884 287 5685 8537 5327 3365 
1551 8909 9706 2086 7645 840 3694 4795 9625 3750 2661 4409 7502 3897 7820 21 3630 5507 3279 8781 667 8872 7443 8722 4569 9198 7560 7118 5109 267 7660 9128 183 897 7652 7149 724 2253 6354 8706 1333 2994 5902 1379 1302 1212 4768 4855 2789 6861 9276 6570 4055 875 9134 8862 9323 835 3984 2352 510 7300 8262 6649 6236 1574 7869 4598 3069 564 5686 5096 7489 9765 3931 9924 256 8335 614 2445 392 1499 5416 8895 4921 6076 6000 2948 1653 3792 2461 4774 3832 1281 5065 9987 4606 6673 317 564 
5686 1077 7358 9750 8897 4231 467 2041 176 394 980 6734 9147 8406 7126 4821 9938 6101 2509 5144 3212 842 3928 3090 216 776 2466 2808 9277 2842 4026 8981 803 3552 733 7897 8822 7641 7236 5541 2765 3425 820 8796 4511 8734 5545 9709 6956 1102 6369 2043 1917 8566 6316 4464 9003 6254 4587 5150 8619 1371 5253 148 8228 9382 1023 2055 7690 2604 8039 9123 9423 5450 5458 1452 5732 1089 6359 740 5844 1016 1829 3482 8940 2760 8449 1008 4395 9751 3361 9071 2986 9049 1626 1254 5299 3203 2505 7721 
1338 3227 6853 3363 9123 2811 590 5152 9552 3948 7987 4494 2743 7282 7763 7983 5793 8433 1155 2457 6623 8529 1405 3311 3197 7355 3736 3986 8277 238 6861 9542 7386 6167 201 7992 6858 9572 6700 377 9716 1424 1360 5673 517 2169 6298 5812 5046 3809 4870 1828 7747 4986 140 8146 571 5477 3950 5461 7578 9053 1613 8048 9156 5631 5547 487 5439 432 3953 4217 3157 1187 8752 6934 3672 2937 7121 2838 7285 8230 3659 9722 6299 1538 1450 8127 9695 6746 7394 1837 2514 2528 8523 2706 8410 3334 1172 9119 
8420 3452 4862 5655 7962 1634 6915 3522 699 3168 1798 658 6291 4257 9303 6102 4176 7612 9686 9388 2549 6488 4936 5208 9140 3280 7050 137 2802 2076 6880 1346 1281 8718 847 9987 2843 5477 6353 3833 3695 7166 4800 6641 6679 6204 872 5092 7144 3189 8336 3835 1304 1188 1087 510 7300 8262 1597 6673 8519 9001 1574 1622 9058 564 7358 3750 8012 8897 2328 3365 4231 1884 1662 2041 176 4942 9907 3754 4743 7215 9982 5231 6436 1238 7487 1852 367 8779 725 5129 8493 9311 9382 9163 9557 1933 2994 1619 
1980 8413 400 2290 5307 2156 4870 8789 3180 140 9416 6446 8610 1402 5750 2739 8641 713 8590 9657 6234 4619 6213 6748 5864 4649 110 2563 5355 5972 3921 2504 7026 3953 8571 2126 7319 3444 6282 6306 2899 176 5138 9246 8382 8966 6643 9023 2828 2274 8741 6538 8373 2023 7157 4510 2512 7809 3602 2782 8529 7895 6607 4847 8249 921 6549 494 3150 4100 9485 9219 140 9272 3547 7044 9349 8742 2683 7982 9771 3511 1245 3240 7573 2885 9593 5165 8859 4864 341 3724 9036 2868 2965 6952 2237 4450 6795 6841 
6757 9565 2368 6354 1035 7662 5704 9631 4649 5752 116 8730 7877 497 3786 8208 9255 9802 3103 5045 4422 1199 8422 467 7790 6897 2263 4339 7358 3995 6784 548 79 781 1559 6247 1597 3777 4320 1105 2194 1897 4780 7787 8545 2923 872 3303 8503 6197 4789 724 8649 4135 1293 7052 3635 6412 6693 2802 302 6069 8030 7859 5215 7414 1049 5812 7092 3364 3639 2426 3576 964 1398 3901 3917 1492 6088 3349 9984 2410 3419 6067 2942 2247 551 6535 5307 8065 3660 2686 4530 5372 1870 1155 3571 2713 2794 8860 
2076 1983 8450 8206 296 2666 3460 4952 1511 2782 905 4331 8889 4941 7531 5489 7626 5489 2520 9076 5076 4491 809 6324 2805 3846 2579 2859 9512 3750 1475 9196 8909 1075 1543 854 664 7212 2257 5879 5524 5790 7785 8253 8393 3161 7432 1693 5891 9489 1410 5947 9167 2799 4159 2113 171 3319 3680 7253 7752 6424 4232 2077 7829 9709 703 5320 1257 8132 9425 7166 9402 8460 4143 6859 6176 11 4069 7600 121 5654 6865 2327 2692 8035 9174 8912 6795 6990 4149 9958 7799 9412 4051 3345 7570 3880 3551 4007 
2312 5445 7655 3494 2277 1991 6348 8384 6058 4343 1183 6946 4582 7566 8525 2795 5692 7655 6968 5001 7888 6952 5124 925 4230 4542 2439 8046 4282 3114 6497 3982 8234 6586 9470 331 7150 7423 6804 4467 6148 3533 5665 3728 7956 3175 389 1860 7696 4929 319 5730 1023 7363 3894 2604 3367 4232 8514 4241 9834 9250 4887 3193 5308 9460 8080 4320 582 2412 7763 5838 7293 5855 1753 8813 6672 2512 4470 4191 5267 6849 7126 2624 5237 6925 2491 8298 8919 2087 9813 6447 6866 286 163 7232 1935 9654 5929 3943 
8821 6386 1883 4407 7322 5565 1321 882 3913 241 7883 5212 9684 7749 8644 1355 9096 4834 5075 5090 8976 1503 7579 7789 1245 1363 2719 7172 3389 4816 387 4333 8283 1217 9191 6861 4873 7112 5575 3818 1019 681 3625 8620 5519 3903 7861 5232 9001 3281 7429 8680 7104 8514 8644 6587 2386 8249 8636 9140 7962 3990 7191 8415 2900 9219 9272 6653 9853 3762 4642 482 6868 5156 7297 7907 1279 2726 9281 266 6286 5271 7280 3157 4666 281 8163 2218 1575 9792 58 9009 4763 8860 4402 7156 1671 7172 5240 6400 
5864 8076 1729 8613 4045 6939 3127 5169 630 1407 8280 2311 4041 5724 1482 2262 8059 2691 2389 4416 1526 2920 4378 7375 85 5278 6278 5727 1513 9674 8188 9048 9831 348 1957 7483 4069 506 1610 4240 7071 6743 3324 274 7754 2534 2652 2448 5505 6061 8220 9291 2862 6169 4479 4620 226 6753 1447 2832 1978 9960 5360 5835 1605 3883 1427 4614 1480 1934 6873 468 4133 4800 7148 472 9544 754 9764 4945 6492 7543 230 4423 5494 5515 6245 8988 8876 6158 309 4984 4691 7054 2225 4209 9981 911 4826 6504 
7173 1505 3683 8458 3641 2935 2882 3016 873 5859 9133 7013 8716 1431 1194 7774 1394 4298 9202 8774 1787 5431 3323 8808 220 7275 7132 6588 6174 5153 2972 50 7045 1166 6951 4241 1669 6587 9400 1746 8636 9140 3538 7381 4067 3990 1035 7191 6616 1719 1355 1922 2969 9344 1988 7653 2378 7625 1847 227 3019 5755 1258 3535 482 3531 8307 266 3911 4354 5304 3534 1022 7389 9216 8933 535 1423 4340 754 9072 1271 1899 7184 3967 9981 9547 5528 3191 9008 5582 2833 3385 3425 3561 2631 9947 562 3377 2255 
2134 7815 5168 4733 6276 8756 1418 4956 898 7545 2888 4803 9634 1604 1876 3023 779 8690 6515 6722 9555 5929 7167 5550 3755 9015 9283 8659 7510 1946 4470 8042 9570 954 8743 1370 3229 1354 389 8562 8791 3949 7062 1097 8552 2140 9067 764 511 609 9093 8010 7936 2771 7954 607 6333 545 9440 3778 335 5147 8112 9376 8230 1406 1696 8771 4366 1456 1634 747 1412 9214 853 5942 6265 5745 2629 604 4622 3448 5403 6360 175 6361 9436 9213 2597 6517 3311 9217 7378 4941 1327 1016 8531 6581 2709 3872 
7166 9259 7708 3689 4690 7447 3016 7576 295 3713 3163 7534 1093 3073 3987 8764 4423 6849 6436 3319 6595 5289 4504 7549 2385 3001 9896 7439 5965 6457 8734 6738 6069 3039 7543 6587 7920 8804 9525 2602 1996 395 1273 4821 2102 6397 1442 8353 8334 5393 5829 2865 6455 452 2422 7766 1959 3664 9232 2120 9038 4051 7783 3633 1080 5358 3556 2048 3802 3747 4326 8428 1683 2586 4615 7363 1597 937 1669 3437 5306 2399 7635 6989 977 8851 130 8679 36 9330 3614 9408 2068 474 7871 5907 1804 4153 6441 4368 
1226 583 292 2917 1727 2305 4873 653 9444 7384 6162 7459 7220 3765 738 8511 6198 2185 783 7832 5216 1257 7053 5069 2727 1006 2745 3104 6963 6340 5893 1542 1121 9855 1152 9651 7356 1815 725 8391 9779 9886 8320 9752 8334 6140 5662 8335 9616 1022 9553 4974 1417 6194 3038 7951 4033 3425 2201 9309 987 1648 7007 1377 9509 5858 5167 9437 8062 424 9894 355 6118 8927 5679 2856 4418 5160 9225 8593 4711 4662 341 231 9901 4519 7584 3210 6791 7482 655 6389 2975 2997 4293 8277 5860 1236 3527 7748 
7000 7219 1520 5082 6654 7313 7125 8480 5753 8343 5889 1340 7046 185 6239 7435 4935 1138 765 2342 4154 1269 1031 6624 5292 1168 4293 1619 918 1860 3732 13 6228 6944 7557 5323 2096 6163 5084 8542 1176 8983 7456 3333 6063 2545 8159 7980 7192 4995 6024 1676 5894 7698 4137 5943 9095 8870 9165 1512 3384 7096 7025 9088 5313 6479 2795 9871 1383 8194 1140 5866 229 7531 1007 458 2464 6569 6361 7667 7417 4008 179 5182 4713 6872 5717 8561 2112 5832 5710 7389 2572 4986 7769 3202 9171 716 8580 4941 
1411 9763 3777 90 5614 2061 2134 8976 6786 8654 3157 568 9400 982 6352 2044 9835 4649 4952 3081 6265 2019 3673 8802 836 7686 4043 8765 1847 1659 8727 4484 4252 5646 9944 3836 4877 5039 9940 1864 6904 7143 9794 3638 8659 2361 1391 5198 9776 4194 5665 7081 6121 1767 2002 1456 3157 4750 7118 8828 482 845 5405 9661 9485 1937 4986 6713 4370 793 3714 8651 4684 9192 6061 2774 7560 131 7813 8711 67 3325 5666 78 4249 3847 11 1770 3937 6423 7268 3885 3540 6990 7384 5591 9835 2052 9590 3167 
1371 2872 2302 5290 3831 4481 8240 3647 1021 2969 9585 8560 2815 8060 2433 8300 785 3617 6189 1075 25 6711 1324 108 8061 8179 8247 6378 4542 9806 7987 4125 7470 2468 1330 2695 6228 6873 4573 3857 6980 8164 9745 5916 9430 2362 3914 9369 999 6154 6608 2043 8893 8638 3413 7596 7645 2395 9893 1224 8044 3166 2060 1684 6859 1449 5073 8867 1731 3004 4690 3106 813 3222 8726 361 3518 8225 4286 8743 3545 5825 9478 4011 4870 1737 239 109 4173 5832 7662 3488 9318 3023 816 6795 1254 1531 9573 5998 
7537 8755 4863 2592 955 2486 8587 9415 3490 911 8783 9468 6448 3635 1680 4857 1764 4392 1082 5603 5371 2686 1020 5468 5153 1152 6668 6833 8376 140 2050 2481 4555 3657 4580 7693 713 7223 7131 9612 1166 6743 2475 2971 1772 7458 9763 6773 4490 5637 8458 7062 8873 3756 1150 5823 6091 2359 8584 2665 2344 6318 7106 134 4693 7031 6228 4470 3098 3904 8588 9891 8461 1696 3091 263 4942 4973 444 8702 8505 6805 2787 1216 482 5842 6962 7242 8063 9629 8602 1792 552 610 1009 8832 9767 6264 8570 4603 
2578 4631 5941 447 9081 2921 5961 2116 6617 3652 9720 7987 1944 5848 6422 6461 4288 3583 2214 1463 7451 2045 2689 8033 4822 4019 4290 2186 8910 2927 4285 9217 1906 5484 5925 5549 6190 2408 5630 346 4795 1646 3062 5991 166 4338 6805 934 6960 7834 6800 8481 4998 7399 5268 2891 266 6915 6684 6660 7300 388 9582 7192 3224 5332 1657 6761 5491 8959 4268 652 6150 914 7683 8103 1387 7232 1071 3903 1941 7058 8019 2546 7035 6282 588 7215 8410 3100 1190 6557 3412 1691 4882 7729 7848 3209 3715 7509 
7848 5498 7732 6432 538 889 2123 4061 9412 1909 5118 433 46 4923 9637 5325 2566 243 9016 5010 8775 8413 6055 7149 9753 207 8995 7749 6134 7076 2005 8133 6025 2618 7463 1324 6393 8545 3216 319 9086 7338 6932 3723 7752 315 972 2619 9721 6799 2197 9346 8868 2264 9659 8323 9891 7215 31 5768 4242 6424 6840 7873 222 2773 5359 3420 1887 2549 1108 9985 466 5212 2234 6555 3446 1268 1422 3770 6574 8991 5743 6845 3954 6696 5599 8937 4812 8898 9847 688 9693 1520 1733 9048 7649 655 2136 820 
8796 9402 8734 3342 3720 9189 9642 8817 7291 4299 1272 4502 8157 432 3914 4169 3059 7654 1475 6185 1075 1543 854 6713 2664 1395 8858 4896 6861 2167 3010 3328 6611 8932 4569 4958 4076 3183 7956 8758 4384 3861 7457 3544 7827 7952 8487 3863 8472 9201 1735 6039 7388 4151 3178 2854 7678 2613 9754 5141 5966 8932 500 9380 3760 4285 2251 2007 4994 5696 7438 6473 1461 4801 2185 8363 8835 4652 9696 2445 2146 1765 358 856 1684 486 7469 2809 8312 8927 2420 1490 4415 9101 4445 3509 7958 4902 4854 2842 
6758 3485 2415 6036 420 3471 9772 6279 8763 5127 9733 8114 242 8829 9867 4350 9525 8054 6031 5199 8927 7173 3258 8971 7671 5565 9844 5213 6589 1090 1125 9180 5455 8414 6617 8362 1918 5964 9206 8081 2385 1567 3574 6808 7905 1465 7161 2013 2835 696 4628 5672 792 2310 8436 3242 675 3264 9572 5577 6557 856 9957 8548 4521 5078 9067 7913 9842 4606 5793 2275 2387 7287 2863 3345 6446 7313 8441 6540 3669 2389 9574 2017 7965 5111 5527 4224 3027 8112 6540 5788 794 4380 4853 9549 9096 1204 1302 8179 
64 8074 6241 130 9522 4175 77 7090 7919 9962 1196 3643 6892 4967 2382 7898 2460 4369 5133 1538 7943 7716 1568 3598 6895 941 7539 3845 4475 5125 4109 123 3232 9746 5542 6670 1428 3781 3001 4110 798 5242 4119 9762 2994 6946 1783 8453 4856 15 4150 4765 9625 3807 4893 8971 1236 9032 1664 6800 8324 2460 4027 3389 6912 1208 981 1708 5214 6151 2503 7131 2097 2201 2339 9848 1761 9734 3654 6775 7311 6032 9226 7881 2709 366 4806 3360 2661 1983 2585 420 5830 855 8792 8583 811 3473 4265 174 
3545 6262 8156 9134 4929 8238 4480 9036 6424 8061 4324 6908 7646 8998 2604 5834 6503 1443 4723 9980 9449 5229 344 1133 3822 9850 7837 665 951 333 7282 7255 41 3441 1429 6892 6918 2187 9088 8454 1235 5875 2912 9497 6353 3647 3210 5504 2545 6520 5964 2942 2247 5260 9892 9969 302 7480 3850 3626 4634 5601 9016 5719 1781 5997 8452 2221 5594 248 8175 6390 7702 384 8913 265 1959 2737 9912 2973 4746 9739 8294 8878 350 7729 5314 7732 891 1277 1999 6480 7309 3694 6757 9694 9729 447 6854 5003 