606 5040 3006 7650 2038 935 510 8958 4199 8707 4766 80 4200 9397 646 1063 9960 1782 9439 2383 739 9014 7811 4249 8057 5884 3982 7181 2266 3244 8848 434 2558 243 2000 6829 1850 4011 468 5335 5077 640 4983 5526 6215 6231 3219 5236 5557 3731 8805 8710 3068 8375 7065 3849 1849 2917 2045 4174 2874 5050 4124 1727 2095 682 2413 5109 4643 1608 8817 2857 1976 6374 9017 5029 6587 2395 8492 4630 5305 8017 2731 9365 3816 6249 1442 4461 7185 992 5284 4181 9839 2613 6837 4020 3014 9745 308 9715 
775 7509 3530 1722 5903 9921 239 8886 3820 314 1198 2509 9923 8937 7909 6335 2884 9759 5509 7215 6679 3885 2478 4409 6692 7950 7710 5140 1224 3388 5866 8896 7397 1214 8246 1841 7589 8552 438 4158 9192 6758 1669 1535 5174 2784 80 113 4516 4234 9553 6346 5113 6395 2086 2691 6169 6142 3890 1000 2127 5585 8484 3944 3526 7784 2031 728 7406 6907 328 5184 7182 9344 1738 8990 3762 8381 4437 2934 6178 5106 6101 1939 8461 7361 2091 5860 9800 938 2362 908 7389 8902 916 1221 8594 6918 987 4755 
9063 4832 5507 8839 768 269 1721 7330 5998 6856 4304 1812 4556 6568 7700 8000 3394 711 4017 7581 4984 5287 662 2637 2647 6253 1170 1820 6839 1645 914 7086 3923 1967 249 3332 4953 4061 1922 3827 6913 2759 9045 3458 3142 5887 2087 690 4067 487 7182 4745 8769 3293 2442 9071 6043 9706 6526 40 297 5985 9484 1506 7349 9717 7110 6068 1051 1758 8408 1800 4360 4174 1612 2505 7834 4437 2982 5198 5096 3673 6526 3193 8384 8053 2935 7837 8991 2151 5694 7985 6355 6040 37 8211 6316 763 7466 586 
5062 7636 1088 8259 9506 3847 4240 9435 1177 8137 1728 4537 9851 4355 735 107 2439 3581 7674 3590 666 9417 6848 9784 473 4223 5811 9505 7094 5104 3259 8428 2648 7783 5043 2732 2618 7178 8240 436 3427 4528 3207 7796 6937 9251 5099 1371 548 6292 5370 6067 2056 1836 1800 2535 5878 3087 5731 9198 5770 9002 1451 8750 6321 5954 8825 3850 4607 1686 660 4610 2283 5742 9780 8854 8055 7206 9246 4655 3614 4744 5089 6929 5008 8989 462 3486 5811 3287 435 3986 8887 3538 9011 6323 6151 600 5035 3038 
7177 4991 4836 6922 4829 9707 5783 5329 3075 4969 9800 2603 7956 9787 3209 5783 8924 172 3663 3784 1472 1571 6284 6657 656 551 4150 737 7484 556 3721 287 4145 7460 7293 1082 4159 6888 6050 7214 1416 4378 7172 6857 6556 905 7386 6405 3779 5853 594 1393 5352 3276 7746 3774 2412 5204 6782 4404 8150 3734 1977 4987 276 312 2732 827 2390 7814 4262 5547 6152 4970 327 9075 5114 8111 7038 1779 166 8710 5288 7562 2709 2371 6876 1644 2912 1964 5190 6499 1744 2730 579 3171 8356 7226 4534 7413 
8809 2953 6352 3461 9440 8541 9811 8531 9929 653 4313 6262 5153 3561 729 7607 2091 4146 8061 6005 144 4499 6751 506 6727 9670 1434 5780 9213 8740 9454 8281 2531 5568 1718 4385 762 1888 1112 5808 782 8108 9991 6874 7629 1779 9205 9761 8418 1489 7854 7055 4159 4368 6256 6531 6531 4318 6433 7545 7535 8213 3102 8804 1521 5138 8545 5543 9320 3688 918 7258 6951 1003 4900 2802 7234 6327 105 7245 3715 6875 7730 8733 3591 6776 1636 2198 7287 8418 5311 5862 8843 6032 3406 4743 8565 299 3481 9230 
7396 1033 7326 7490 6744 9346 9134 2258 6532 1177 9787 9430 3380 4537 1727 2451 4250 4077 516 7040 9413 775 6190 5086 3271 7299 7632 1342 5368 9102 3678 5059 1921 1460 4241 612 3214 4676 4826 660 8782 1239 5024 4333 3659 2442 5827 862 6428 4891 9685 9168 5947 227 5252 6563 1603 5687 167 6361 6838 4480 8963 1839 8308 9482 6209 5642 6641 1957 1243 4107 7023 548 1329 775 7466 586 6160 3705 7258 5860 8056 4617 8366 6017 763 9915 4261 7384 1009 3519 916 9842 324 1885 3756 4231 1812 6579 
473 204 1815 3332 7347 3120 2035 3026 1811 8392 532 3775 493 9593 4616 4918 1491 3427 8015 1787 7933 6007 751 6677 5905 2288 4131 455 7464 3457 9928 2995 1844 5807 6021 7 551 6554 3782 1045 8398 5963 8297 7628 4257 3881 5561 264 2961 2664 3294 8866 1328 1241 8040 3847 9516 1796 531 5986 5984 637 908 1620 4763 5148 2355 8030 694 6058 5656 2827 8607 8825 9671 8540 6627 4885 4930 8848 5481 8106 5528 2251 6890 6470 9316 7328 5741 56 6410 6910 3414 5916 5630 1156 9800 6773 9031 3137 
831 8811 3989 8089 5545 2683 749 4776 3487 4875 5736 4889 493 5517 7908 5020 5920 7161 121 2258 8209 9119 6934 5664 9339 9515 9266 3912 2447 8494 4292 9971 7113 8559 7348 3567 5236 573 4301 7980 5236 6189 4355 9846 9180 6372 5537 937 2239 1307 6555 7667 9012 2578 9783 3042 7234 460 1 5316 2652 1841 7436 5345 566 6552 404 2359 3117 9158 9456 3620 6098 3735 574 7776 3617 6166 8997 429 6167 665 9433 4092 2507 9773 3478 8485 8217 8229 9447 5007 7388 8903 7037 3471 8876 9487 6868 996 
9994 6812 4823 7011 2597 5267 9518 1056 2592 5592 2508 651 9876 2085 4391 4214 4961 7772 1375 6614 4110 4570 922 1582 3519 8065 1100 5690 44 7982 8063 5060 5822 4291 7145 9962 8213 720 3343 2150 5885 3760 7568 2781 6053 7453 8772 999 4185 8749 3010 7028 7054 5468 3394 9441 2228 1782 1016 9961 1773 3074 6798 264 5921 5768 8307 5127 3062 9528 3533 895 3771 2671 8039 1451 3667 2186 9152 8381 1607 2226 7735 3347 9913 6235 1328 1278 2143 5433 4416 5774 4263 5302 7314 8888 5730 913 455 8298 
2259 7170 1915 4019 2019 4093 9017 8836 1028 7309 426 4918 720 8730 6676 8420 4782 129 26 479 4229 5102 4635 3620 4147 7920 9866 6233 7066 955 3286 2766 3706 3258 4513 4128 5896 3410 4312 9019 5426 5690 7645 703 7522 6060 9574 9644 2321 7986 1601 2951 1615 1878 9796 2842 4206 2997 6952 3009 5427 1506 4591 7966 2639 283 9783 6491 1408 1161 410 3659 9095 2025 4813 5053 2489 2835 2583 9878 8917 9542 8893 9519 9776 3147 1675 4947 4719 3111 7531 3777 987 6555 8411 2003 6700 9042 2817 1345 
8062 2957 1564 4702 7587 1285 194 8600 5528 9316 1010 56 7846 612 6133 4978 2567 2832 3214 4693 6282 6038 2773 4423 4631 350 2051 2998 7806 7176 5012 840 6609 2499 6672 5267 9507 347 4720 7461 8255 1975 3985 3562 5230 6444 7704 6921 6371 8056 100 5754 4300 4311 5465 2675 1949 8858 3744 9555 1713 542 3656 779 551 1304 8668 2620 4475 4980 8112 9756 7413 7454 3338 6534 961 9358 852 7051 7831 3786 2277 7220 407 5205 434 3814 1781 5675 7708 9642 8435 6692 384 6833 4627 7839 8873 2323 
7197 6472 4209 8565 5636 6895 4730 1663 1094 8941 5056 404 3346 2592 3885 3403 8995 1599 3246 1761 1853 2842 8549 9460 3858 9565 4767 9857 7737 2241 4824 5260 9927 116 7389 9197 4705 270 6905 1007 2157 7059 9891 7108 704 7428 9272 783 2616 6773 4822 5794 5219 4847 1751 6549 7381 7884 2213 9990 3556 1157 2263 8863 826 4851 4489 7644 3998 7696 9677 5737 8500 3164 6739 2757 9419 8249 8968 7374 1001 7586 2638 4131 8781 6155 1488 6919 7878 9575 3229 885 974 5016 1219 2694 3276 8517 1668 7127 
8012 4153 9380 4242 4253 2070 7529 59 9689 8961 4355 5079 3532 7933 9993 7215 8751 2006 9941 8462 1685 9490 7592 7928 4954 4458 9922 4817 7464 6396 8176 1046 4945 3318 3725 6337 3660 2188 9171 4530 6087 6738 6522 7139 8681 2959 574 7093 3802 357 1990 3980 3932 9148 5648 9388 2549 2012 4132 1869 2386 9882 2916 9384 4672 9548 8807 2065 2399 3013 9291 4737 6639 7050 2112 7796 1552 4851 9324 9365 9035 4603 7560 7977 9911 5082 7854 7394 1659 8477 8858 4826 285 3636 8973 8798 1246 4041 8928 5838 
3925 8556 6168 8464 9640 4796 157 7121 9433 4347 9340 2231 1566 4377 3834 3090 6056 7431 2457 9880 2231 2744 8525 92 4520 1815 1915 2739 7525 2679 9859 5452 9065 3068 8443 3657 1002 8136 8759 7713 4936 8999 6882 3596 5556 2249 5912 4913 442 6306 1845 886 1028 6123 4604 1679 3739 5395 1511 448 4289 4971 4868 2064 4093 2672 638 1975 3498 2803 9279 9574 8205 1673 2258 4119 2447 4484 2851 9048 5979 579 2937 3210 3634 4067 2536 9273 3765 1195 6094 2745 4191 4107 6795 5534 2362 4968 7050 7866 
7983 207 8888 1170 3495 3984 5402 7042 5635 9703 3894 3742 4491 8362 2003 3245 3623 9177 4812 8486 2502 613 8812 1542 4078 245 8857 7247 2481 3063 5031 6142 2958 9508 2968 6333 5811 1060 2915 4515 3725 5924 6005 2011 4612 2617 6564 3564 5024 3291 8436 8343 4182 3882 257 253 5971 6983 341 8107 7959 2453 6007 4330 1127 7113 3547 5172 2930 9709 3727 8634 2764 1883 8449 2365 4694 1762 2882 9446 9244 9151 1464 9605 8184 7855 6215 8944 642 3499 3383 5844 343 1745 5952 9685 9716 6993 3914 1391 
3956 4000 7922 7254 6801 7808 3287 7685 1593 5989 8445 4263 7835 379 4540 3020 8496 3643 4858 7220 4599 407 3209 193 9550 2380 3814 8621 6567 1683 6813 2479 7192 5192 2707 5727 2952 2143 4223 7198 7489 1059 8699 4631 50 9107 7840 664 2994 6081 513 820 7451 245 7217 8552 3091 7261 9988 9795 4792 1663 4236 5056 8156 1726 2893 7554 1906 162 185 9239 6722 9540 9487 743 7551 6728 6948 770 8092 6553 3847 3427 3796 6726 3863 4798 3266 5491 1368 8519 130 5497 7427 1698 2194 1923 4395 4697 
4471 6265 5812 5998 6247 1534 7368 5478 9831 514 5363 7259 5609 8438 6684 9931 1727 9590 3999 5541 7676 9048 3425 2136 4796 3105 4511 6994 8734 7487 5904 8817 61 853 3906 8468 862 5520 1002 5455 9505 2823 9737 9485 7876 9219 5980 140 1472 9434 7538 1892 4026 3511 2815 9358 5794 3643 1535 3586 1123 4746 9826 6262 5728 5553 7386 9057 2306 5456 530 201 3553 6930 4191 9907 6114 2818 5326 2887 6047 4496 7008 4953 3984 7433 5517 9373 6092 8417 6903 6726 3583 7059 3994 250 2194 1923 2468 286 
5110 2649 5728 6659 6767 8090 9788 7305 8052 8538 5525 730 1223 3769 1091 5023 1055 1269 4272 1840 2765 9225 4248 2614 1469 8265 2111 507 2931 5881 4246 2803 9399 9246 9853 1056 6998 60 4461 1564 5017 2082 1460 8101 5270 9708 5903 4566 7197 346 3332 7810 3771 3414 4235 1703 2710 8862 5425 8189 6346 4361 3750 5305 2661 5651 6015 2220 5815 6151 6843 2965 9308 6709 9480 7716 116 9480 1909 6750 6945 2476 2232 4112 9183 4719 4486 318 8034 7143 4092 8119 2245 3596 9241 6081 1314 4888 6705 9179 
6734 2703 2079 9556 1076 5852 8797 8285 6339 6393 7704 3796 6422 8843 6461 7545 3542 3349 8657 3127 118 6473 5425 5243 3094 4950 7697 7640 9894 5719 9328 1346 4689 5531 1718 9416 5785 8050 8551 9417 5869 2673 4954 2702 5592 9391 3508 1923 7473 1375 1527 4083 6814 4729 4493 284 6659 2157 8759 8052 1505 3248 6058 2115 4930 6018 1550 871 8208 7802 9802 3103 1618 9916 2694 2031 1095 4185 1199 3636 7790 6897 2263 6975 4339 7246 3316 5447 8040 3324 4511 2423 668 7363 9178 8212 3885 4987 1071 4194 
7489 8052 8538 4471 5812 1929 3390 26 6989 5059 4596 4490 8664 2688 9970 5184 3028 7372 9439 3637 4269 8056 334 1441 9438 3170 8285 7344 2826 7713 4860 4708 9555 779 4201 5337 6713 2664 4269 6798 4896 4959 9050 2162 3044 2257 6713 8030 4269 8034 8858 4701 3610 8508 1076 1316 7687 7684 2958 295 9518 983 510 9683 6925 3823 5108 4295 1981 251 3945 9275 6844 8194 7517 8444 9171 8413 3849 4203 6556 2696 8613 1717 3079 896 630 7838 2311 2045 5088 8086 4186 2674 3653 1198 7450 5342 687 2138 
6405 4779 9213 1270 4557 704 1034 3408 6970 188 6233 7656 9392 1623 333 2622 6747 4393 7759 7426 7192 3224 9012 4963 4228 3641 2 9101 1397 9848 2904 5225 6155 7178 4566 1289 8888 1827 5685 5012 2101 6602 3683 9873 2929 7514 2077 2916 7045 9514 8854 3860 8218 4498 1805 8594 1690 6270 8514 2431 1289 5340 320 5681 7558 8390 3828 6957 7685 5594 3889 3568 8104 4850 4678 2874 2177 2289 8363 4412 2731 272 4375 3357 9263 9698 6200 1152 8490 8426 4619 206 2682 1693 1680 5495 5204 4467 3066 9266 
4061 6069 7330 2381 6038 1122 5589 8352 5731 9520 8825 2486 4993 3852 3575 940 6769 7067 420 8537 8103 3991 1706 9076 3697 4069 3901 1548 7809 412 8839 1730 3904 3727 4765 5086 5126 9764 3410 8041 3358 3636 5605 3565 5083 389 7211 1233 9028 6250 8199 6816 3766 6120 2194 4377 4974 7475 1829 1266 6402 7239 8995 6126 1340 3566 4948 7140 7546 6948 5298 4508 4893 7286 2679 658 540 4668 9056 9509 7459 9813 115 9921 3656 5217 2344 8706 7070 4251 5517 9373 840 9311 4525 1869 9735 7609 6925 3823 
626 945 7704 1944 5848 8843 326 3863 3797 5491 1368 8519 3994 2194 2468 4697 7473 7664 286 5110 2649 4359 5728 6659 2157 4471 9278 1007 5141 7305 1642 7897 3002 1617 2703 7259 6344 1781 9363 6055 7975 8668 6393 1123 9160 1811 2170 1220 504 2681 4492 4158 458 3395 3496 284 2500 1006 1083 1087 5148 1902 8125 5327 46 3538 7381 4067 1035 8986 2656 3150 4100 8880 9485 7876 9219 9272 6653 7044 7538 6791 7982 6458 1245 3968 7573 7427 3820 823 670 8914 941 6058 2049 6018 5476 7802 6081 3103 
949 1890 7677 2031 1095 4185 1199 5428 1212 8531 467 6772 7369 7332 3357 9055 8196 4635 6605 2712 6062 5705 3431 788 9389 2885 7206 2510 8386 6670 2399 5076 578 7181 3987 9807 4129 5549 6130 9820 5780 7390 2564 9364 4306 882 927 4295 2854 1578 341 2317 762 7416 5228 2317 4779 8456 6127 5794 8428 6535 4108 4771 1662 9402 4399 5053 6511 5180 7763 6680 8826 6412 3207 7197 6903 4420 8862 7278 9541 4154 1211 8056 902 4038 8791 2213 6179 2509 8264 4339 8301 2093 2483 5007 984 6343 6142 759 
5800 1385 791 9421 8432 9207 7527 7088 3648 1385 1908 7229 9084 1331 1478 8498 3994 6542 5391 2563 4465 5769 5972 1379 2504 3199 6915 8469 2225 3654 5822 6442 1816 8532 1114 6597 8098 4575 8291 4858 3431 2972 2751 5356 8800 6590 6452 5642 6536 9645 4359 3835 9658 5337 6962 4444 6553 4659 4915 3772 6513 1728 1637 8868 2264 4030 2578 8669 8382 522 7034 3496 795 231 8254 2629 5078 7727 3482 1416 6491 867 8625 2408 2091 1353 1511 5630 3528 8073 1646 3062 2915 282 1540 1948 29 472 1470 5858 
3159 4635 2363 8601 5394 5549 7419 1018 2255 1499 7401 2798 7314 3853 2377 8756 3675 7760 9428 1576 2473 5608 1097 9518 8956 6974 3374 2082 4320 3432 6602 3309 5907 4863 3394 581 4535 734 636 9955 2667 4964 2910 2600 9069 3421 4628 7041 5956 8426 8960 706 5164 6200 6633 662 3183 1653 5514 8309 355 9315 5813 2950 8487 3311 2342 9762 9928 3304 2894 8463 9628 6095 8160 819 8564 7873 7779 1137 9837 9865 5876 5770 6063 9516 418 9797 5794 3643 9480 7757 1670 3586 4746 8497 9542 2402 4439 201 
6688 6858 9266 820 3529 6920 2945 8880 8659 2775 2239 6007 784 2564 6388 5101 852 7051 8006 3799 2699 7313 2120 2544 9388 8540 9669 1163 9176 2503 5080 667 613 7047 5925 1296 2546 3388 5705 4727 8103 9720 5646 8444 7591 9377 3650 9326 2477 8916 3613 7680 706 9125 8326 9119 9679 2180 2272 4164 9035 2783 4303 6607 1488 695 4195 3183 4134 9457 1466 1784 9445 6156 5529 1637 2905 8700 2428 60 7835 6336 2550 84 3526 8729 6423 6550 3377 7454 6575 4346 4391 9817 2153 2031 4887 9036 7087 1641 
8469 1847 8060 355 4776 7300 7676 4734 1821 27 4213 7842 8950 213 1375 878 5642 8563 165 7942 6096 6401 9030 1987 9957 7216 8683 6468 9867 7615 3216 4420 6011 6356 802 8945 1202 5573 8559 8146 5477 5141 1112 9240 737 1764 4915 3693 2675 8899 9645 3031 7865 5328 5014 4074 7566 2639 227 6578 8454 5254 9453 6374 1258 2018 8993 5867 1527 5952 9612 2163 3059 490 37 5396 8811 7939 1517 6118 6534 6155 2346 597 4422 6925 4885 2776 9223 9770 5408 4165 9888 8600 886 6113 9526 1364 861 2426 
1897 6717 3773 7188 7117 2993 333 2647 812 6428 9101 2433 4631 2513 5927 4736 6804 8374 2545 6777 5204 9669 4003 7293 9713 266 8106 7281 890 1002 3808 6906 8698 326 9621 3136 6677 6628 9934 7571 2167 6818 1132 5406 1392 6953 8841 6960 7701 1644 7712 7614 6092 9023 456 7776 2833 8595 6233 5682 962 9288 2126 1354 1281 2566 5102 4881 9997 488 3571 4291 1292 9835 5204 3236 3691 8539 6172 1275 1654 778 1425 1529 639 951 4132 3089 4797 7496 9635 7461 1676 8140 9260 9504 3555 6567 3866 4154 
9259 8891 6561 2970 1869 4720 8954 7545 195 3226 149 3464 2189 1357 465 3623 7291 1434 6921 191 7041 8434 5226 636 6271 3588 5434 8707 9447 2355 683 7428 8644 8647 9693 8891 1180 9801 3905 9591 3902 4225 8121 3037 8217 2563 465 9746 2625 2341 9372 2796 9942 9736 2579 57 4617 2373 1542 686 26 9489 7669 5364 3647 8656 967 4017 1757 841 1963 4271 3534 7780 5634 3106 5732 2594 6751 9992 5198 77 7896 8227 743 7206 2395 8946 6306 4925 4668 680 9907 7480 6116 5719 454 9201 9478 9598 
619 3791 5347 6260 795 5570 9718 8470 1684 522 9150 4981 8520 5198 2082 4202 2056 3797 5778 4929 8156 3029 6082 8852 1388 201 9371 9520 805 8765 2199 5380 7842 6061 1168 2553 4497 6795 9800 693 4580 5828 7686 5390 8336 6637 852 7851 1839 8910 2331 2253 3805 3510 3555 4411 4641 2721 1685 3857 9295 9633 4619 3532 2077 7618 344 3025 1337 5544 3085 8856 8816 8639 8900 6463 4698 1086 9772 7162 4327 5413 9457 2791 7178 3391 8035 637 1469 8447 4842 7847 6597 5890 8340 8967 6803 5742 3919 6781 
4605 3242 9266 1534 8453 3617 2133 1018 6462 1854 7080 5617 3365 2708 150 2389 8049 931 3485 9213 9870 802 4269 1552 3120 6070 7317 4246 4659 1992 8725 9103 4121 9610 8918 1087 9237 471 9532 9432 8676 4293 4952 8582 1826 5051 6939 9235 1446 566 4320 5486 1269 997 2606 1189 7628 888 9373 4526 6419 1382 35 6931 7585 8536 8641 6433 2111 523 1421 6624 5570 110 3305 9735 3118 3883 7166 1828 3626 6361 9116 537 3623 1019 1255 3654 8004 4902 5555 9387 4854 4671 6271 507 1560 2450 1135 8697 
8093 9839 1138 7211 8466 555 2389 1244 3644 6915 9199 1769 6280 1783 4663 9266 1968 385 4040 2803 8347 7081 4122 7256 7430 5161 6405 8685 1170 1264 9329 8480 1908 3088 4832 6999 9481 196 82 7921 9591 9859 5430 4121 6651 752 38 517 6671 947 477 1602 1915 3967 8712 8176 5378 4815 1169 4442 5140 3617 5381 4938 7575 2194 4395 1956 7376 4547 683 795 926 2889 8677 2889 1851 1964 3030 607 6326 9042 2073 3534 1830 2672 6032 1964 8504 2029 9458 5992 6361 2821 7625 5079 4215 4587 8830 9862 
5295 8744 3879 1452 8957 8704 6168 7423 9091 7461 3238 7124 6161 5461 2321 6803 980 9560 4218 1647 2031 3304 3151 2313 361 6820 8818 4652 8153 6557 3343 1462 6575 9756 1062 6317 888 1487 1892 7810 4110 7429 5636 2324 1513 7767 4847 3238 2991 4259 5311 8955 4702 9881 9225 7911 4701 4660 3357 7292 3199 6915 9521 5847 7680 7366 9424 8768 5572 3746 8229 7006 5120 2048 6048 262 833 3899 7553 8683 5881 123 2343 6434 6284 596 5152 4239 3016 8221 3314 9660 5571 4670 6358 5536 4054 4732 8267 4992 
7240 548 3393 5167 7548 3940 455 1258 6178 2558 7219 1119 5059 3113 5954 163 2719 8210 445 4471 3087 763 4787 766 3977 1693 8698 3930 4963 8352 553 5390 6509 8349 4080 7192 379 4019 4710 8606 4949 3970 138 1104 4326 4052 9109 3885 4597 8578 9879 8691 152 4279 9916 2333 1213 6401 602 9115 5660 8555 6498 6089 6763 476 2868 5595 85 944 5396 5498 3771 4420 3788 6338 8397 513 2356 9124 245 7369 3091 6200 9795 7371 4236 3450 404 1726 6997 611 2798 7028 7443 2723 2916 1841 160 1933 
8314 2964 1388 7705 8120 3178 6211 8725 9796 8515 2610 2777 2136 3122 1453 5884 1951 8354 6585 3239 4109 6808 8390 6709 8946 1654 2520 5009 5641 8838 6220 8845 5686 3671 8921 6376 3671 3144 433 4728 1938 5303 283 6667 945 9835 4318 862 8766 398 1766 377 6977 8846 5671 5361 6731 185 5394 512 5592 1693 1114 9617 7702 9485 7993 6008 8841 6969 3354 8913 265 8924 3050 169 6826 9187 863 5715 6776 7041 5956 2795 8426 5305 6507 5164 6200 4946 662 3183 1653 5514 5577 355 686 9315 648 2950 
3311 2342 9762 1968 5157 3525 5410 1059 9355 5762 1112 7083 5465 4730 8560 9196 1215 2378 7496 3944 825 5139 1727 2801 5567 6144 4177 5750 6304 6008 6408 554 9035 9108 5009 2518 682 8831 7026 5896 4196 7154 752 4582 2760 8721 8051 1304 1900 9573 8471 6869 4929 1794 3006 9524 6050 4196 7097 4241 7242 2226 6318 9516 7453 3504 3662 4136 7200 4394 6533 2212 5543 2293 8162 107 3769 7616 1646 5892 7468 3898 5173 4606 3855 3271 3256 1394 8146 1402 5315 2727 1681 7292 3192 7902 3039 4413 5974 9299 
6808 1331 1689 3279 5852 2373 2727 5853 4966 7455 3191 2324 3961 6873 2410 2029 1267 1424 4373 4313 9348 7289 8566 5602 8508 7260 2308 9729 1680 6424 2892 4848 7314 8400 7812 4945 7256 1045 9659 823 8141 6472 2277 4842 8910 9514 3860 2331 6359 2253 3750 6154 1328 5793 6416 1622 4767 2985 7699 2140 4906 6623 8978 2415 399 4530 6247 8657 6673 682 9805 3251 8112 2069 2225 3783 3338 3830 784 8618 8540 3287 9379 3317 3359 5594 3889 1839 9142 407 193 2380 8621 6898 3893 9419 1800 397 7735 6737 
9119 7186 6594 928 8624 237 5849 9835 6308 7921 5432 944 4457 377 4099 6301 2771 604 9859 6890 5529 8378 6558 9103 6892 8371 5153 1887 5817 9544 7328 9084 8683 8210 5051 9233 6410 1690 5992 8951 2221 3026 7655 5134 2277 8778 6840 1961 9411 9414 8306 5697 9316 5309 6863 6058 5768 2896 3559 9720 1681 6946 7593 4582 9873 297 7566 8525 645 2711 7054 317 5108 2927 5692 8153 9660 915 7196 4966 5684 4409 9948 1362 7743 8544 4556 2955 8301 6448 9210 5014 913 6910 2761 8440 5872 3192 9473 672 
5862 4273 7380 2364 3981 8773 9560 997 8062 116 5846 8621 4483 3968 2211 2948 8322 9204 3448 8764 5798 1594 278 9482 2477 6072 4455 5497 5291 9196 1263 6775 6575 1843 4326 6135 2522 1814 7852 2443 9180 3298 74 5126 7789 6628 9850 1021 9888 501 6352 2941 552 2980 2849 2169 9133 2205 5693 4469 3891 8582 8181 4722 5286 4445 2237 75 4153 8128 6213 355 4562 2092 1639 1945 4451 6390 3009 4893 1322 8293 743 3261 5349 9448 5806 6017 8254 7500 1440 7326 7925 9911 4140 365 6584 7578 4816 1434 
5373 3664 8604 2583 9470 6454 7041 8434 5947 7683 2697 6234 1040 6820 9192 4796 7839 6201 3897 5324 2888 924 5187 3695 821 8627 6573 8504 5670 2136 3176 8165 8136 6574 4121 7000 8213 9602 4902 686 26 5439 7473 1550 359 9683 6932 613 5147 6234 2457 2227 8328 8407 3618 9544 2333 219 1783 5180 8626 4125 7829 4211 4350 8153 6583 7877 5651 8232 2358 8298 6558 9253 7651 980 1467 4496 9261 531 1356 2143 6591 6755 8034 4701 7433 9532 4109 7022 472 5517 2958 7774 6092 3904 4525 9720 8417 6925 
5108 4295 5222 3025 9489 6160 1362 8945 942 8821 7621 4832 2144 7417 1976 8409 8824 5962 3461 5232 5001 4263 3554 7280 2213 7765 7739 7917 5615 3692 8587 9951 7326 2092 3904 2689 658 2232 1463 2576 27 6023 380 1833 2420 2972 1646 8686 7749 9548 2956 5964 4268 4332 3377 6680 6017 8499 8219 1352 9685 8236 3184 2325 8140 8281 1454 2346 6331 3676 6933 4016 4903 2010 9139 594 736 1250 6430 4983 2808 863 5437 6031 68 6818 5585 2726 6584 2277 9481 4016 882 8395 1332 7224 3854 6961 3052 7704 
3984 8196 6741 1795 1383 8434 5021 1689 1921 3060 5821 3968 5917 3424 8706 8027 4445 8388 3524 7332 7753 5720 334 9002 1369 5126 595 285 2255 6111 1859 3206 8437 4286 3338 5020 4902 5942 3795 235 2065 2866 2361 5103 8860 3222 1691 9330 6638 4422 739 9077 4394 4454 2808 2094 2598 1412 3272 1520 546 7317 5221 4318 6613 6269 6472 5164 4763 467 3512 6869 5905 6342 805 2037 9993 6225 6005 7761 90 8480 1531 9139 4965 4577 2842 603 1354 8605 3437 4187 2547 5129 1625 1666 7092 7304 2613 2232 
2379 5492 2244 63 517 8048 9626 512 3441 3660 5108 8153 5523 7652 7743 3555 3884 444 7476 1253 8660 7271 5014 8056 3504 2011 6287 9379 2024 9214 419 1050 3568 348 9179 6143 9373 6716 9080 1107 8409 6385 2351 5643 3939 711 9233 1814 1979 7643 2443 4344 298 8269 6136 8800 4794 6432 8751 7818 1124 2165 1613 8404 5879 9811 7378 1386 5835 7004 1566 6165 9000 3770 2422 4973 2337 5731 9182 3651 1135 2036 802 1972 1434 4450 239 3535 4173 886 4221 7615 4395 1527 4644 9960 2288 6452 5943 5968 
8136 921 46 5905 3679 9460 2484 1054 2717 5594 3705 4234 2313 9287 7413 5193 6234 981 3896 4624 2496 1345 2074 5916 42 6317 3730 3389 9480 7716 116 6750 7852 2232 2661 2202 176 4942 9907 2145 4135 1379 4896 1076 1316 7687 7684 7774 295 6092 3904 9518 1869 9735 983 8417 3792 5108 945 7704 8843 3266 5497 1846 4697 4083 284 9788 5812 5095 3390 6989 7368 1563 1007 1550 1642 2449 5839 8619 7897 2703 1478 8822 5544 788 8684 6608 2066 9048 5922 3015 746 5253 2929 9402 8734 786 2880 8191 
3305 764 2247 4413 4414 504 4778 3075 6825 7630 5545 8968 8298 2803 7211 8099 2024 106 226 3647 8628 6892 8037 2812 8329 950 721 2255 3524 7108 3485 1918 1088 546 3936 4184 353 7664 2277 4239 9390 808 407 7112 1814 8446 993 9847 7055 517 2254 324 4045 6767 8774 3879 638 5693 2874 8626 77 161 2146 1851 2129 2265 4803 3874 128 643 3768 1045 1275 2584 7868 980 4855 3914 7151 6895 4922 4152 4538 308 947 7955 225 7843 6363 1105 4654 422 6647 8207 5423 793 5660 8425 6916 9873 
623 3200 6468 3112 1774 4717 6397 7964 9754 8688 1882 4023 1231 2172 7558 9771 5563 4375 7317 1487 2974 4205 2864 7986 814 9206 7710 114 8250 8595 6608 3284 7151 7187 5474 4749 3271 2830 1864 2819 7559 3838 5031 47 6639 972 9113 4053 1812 3494 363 6103 4763 3597 9062 8186 1147 745 1594 464 9708 6642 7338 9945 3379 3984 7870 9999 3910 5967 3212 4543 4275 4958 8881 8094 7619 5380 2716 7546 788 8757 1441 5656 8846 9325 2897 9759 7341 1742 3307 1855 6320 210 2453 4657 5269 4900 497 9792 
6112 3343 1967 1197 9317 24 6498 9511 2603 5531 4836 5422 5009 2141 2920 2437 1940 2309 8351 1956 9212 981 7489 4656 7914 5757 4796 14 5125 1778 4188 4901 6695 294 5700 2252 6655 8742 6678 3258 1464 8774 6013 8065 6584 8071 135 1686 2342 1721 2493 8945 8094 7685 8967 8839 107 8121 567 6723 5402 9122 3585 9191 9046 2077 1347 6089 8519 9860 7092 7372 4434 7945 7175 5986 440 4148 3726 8084 5640 9342 6096 850 1807 8579 4743 4112 4330 9350 8422 5902 9326 4778 945 798 7663 9189 696 2910 
268 310 3403 8112 3992 2890 9167 8128 8202 1721 4205 8556 4668 4763 5450 4209 8049 3874 4432 2299 581 3612 9617 3979 4292 5588 740 6089 1283 5426 1412 4270 5444 3367 2343 9150 7991 7371 1277 7612 3093 6876 9844 564 2799 2185 9798 8273 3317 4753 6411 7269 5881 9017 28 7205 4576 3950 6342 5367 5524 1405 7036 4649 4757 2041 3809 7319 3282 6464 5735 6679 1451 8890 408 4147 4688 9613 1636 5712 5852 3842 121 1609 3165 4357 2317 36 8473 4519 1845 6781 1802 3419 9499 9001 9377 7551 879 1901 
7839 1697 2938 6684 5737 9423 5350 2721 2922 9019 5267 3988 4186 7827 8457 1521 1204 3737 3788 4480 317 1541 4362 5453 4578 1660 6927 2979 7442 4073 144 4506 4151 471 6251 8026 7483 4383 9065 2596 9365 3472 4234 8119 1008 7278 6143 2082 3960 9087 6924 5043 6121 1486 6930 3073 4328 81 4569 3820 7727 4042 5228 9486 2849 4485 6873 4124 8739 1087 3699 8278 5109 6861 6061 4554 7174 3949 3572 5194 6934 4984 6632 8684 6758 3627 9452 3902 9442 4898 5778 7115 4907 3764 6024 3978 1175 1627 794 929 