9836 5153 8426 4486 5048 2268 5676 9616 5966 849 3973 2454 5192 7265 8048 2550 140 1013 1805 3782 5569 8007 9361 8683 3342 7176 4156 2704 4369 324 3824 3001 4493 7465 8026 5725 4537 235 5635 4064 4508 3988 1167 9175 1663 3916 7515 5538 9876 7176 1268 1500 5360 6467 3524 4492 1847 8410 2146 9153 8755 5707 7446 8401 117 7603 9275 1218 9700 6615 8394 242 753 9711 5539 7237 7480 4081 1659 8442 2038 1716 2088 4328 4420 7735 8977 2863 3866 6364 2647 2519 9395 9894 2766 436 7261 34 7733 9979 
5933 9575 3264 3475 4722 8329 5813 6902 3402 2857 3237 9939 4854 8085 4759 6225 1814 6955 23 4588 395 8564 8414 7270 825 4503 8700 9861 685 2392 4903 6805 3404 9207 4772 1812 6900 8815 6055 8070 7525 4062 2934 7462 3322 5910 9937 7730 3477 5156 9335 8079 7153 1532 9644 5332 2993 3372 784 1075 8321 7220 7088 4574 3569 6282 3829 864 1116 454 6618 3933 2363 2675 5184 1478 5215 330 5490 2758 7363 669 6387 4213 114 717 6944 1158 3343 111 2260 1145 850 9340 8430 5277 1684 941 8718 5168 
979 3799 6976 8974 8475 7840 9967 362 4270 5289 571 5048 6829 2934 4257 9349 3745 5352 8302 6917 4995 2070 2563 3024 8926 8726 165 7898 8816 5150 6029 2030 7934 9868 1334 2159 6173 6847 7804 8901 2381 6932 5463 2411 7278 7648 3145 6996 5085 1250 9814 3758 6076 9769 5789 6699 5096 474 8751 5442 3634 4431 5817 6503 1454 4406 3202 712 2600 1273 4670 5449 1183 3543 2575 4729 2763 8598 9407 8712 2618 2868 7045 8611 1540 5475 9151 9549 4336 6291 4814 8924 1666 2167 5924 6924 8097 8232 7939 8978 
8954 9861 9471 4257 3197 3736 3986 5654 7315 8722 8932 4958 1549 2524 785 4330 4424 8890 9128 3359 6423 2991 4265 3478 7760 9498 4469 9460 4519 8115 8912 6300 4174 7652 118 5425 724 2253 7706 3358 5059 8358 4658 1791 8664 8721 2668 7697 7711 5989 3649 6213 7640 4374 9894 2988 9328 1346 9030 9870 6592 242 4295 782 2308 8027 9913 4477 1578 3938 762 532 1046 1500 6480 2943 7358 5003 127 3913 302 3753 8628 8471 6385 5106 2317 8187 4779 2582 5086 5794 8428 4108 4431 7833 9411 2538 3608 5149 
853 3104 3813 4495 7996 1912 7333 354 9499 4768 6808 5276 1470 5216 4833 4863 5337 1925 5425 2092 327 6893 9865 9710 9665 1950 4417 9384 12 4514 8503 3283 4185 1573 2358 748 6743 8015 5262 5341 5912 4410 1593 9160 2326 7343 3501 1794 6120 5384 3759 9913 4473 1655 6367 668 994 6779 3914 6242 2390 923 4866 3636 7776 3485 8576 6822 4925 455 3688 6914 4748 780 182 2221 6787 2000 4925 3385 9015 6532 1822 7942 3998 9995 9110 4106 6065 6529 8491 4871 2863 2963 8333 5844 7869 4458 9425 8147 
2727 9412 1874 7664 7466 9183 2315 2527 2525 56 4269 3549 4155 3826 1236 919 8774 7571 6837 6893 1949 9135 3295 5597 6005 953 8370 7767 3904 6717 9228 7776 8131 269 1598 4052 7938 3475 4864 5416 7132 2955 1711 2919 9928 6338 7172 5201 4236 4504 3326 5366 214 4810 2742 892 1316 2482 8917 6222 1559 336 8784 2050 1789 5927 1253 3192 7040 4000 2097 9189 6285 6903 945 7800 7170 274 7576 2688 1839 2605 136 1339 3089 5441 1460 2041 2701 4919 8832 4286 3062 2112 8734 1914 7985 4698 1352 698 
9640 8856 8883 7639 4479 4651 8134 251 5784 619 2687 6234 6186 98 9112 1461 6515 2408 3798 8348 7213 6871 7518 4452 8576 4052 9781 9150 4815 6867 9926 6497 8552 2431 1008 6118 4199 350 4033 2986 6449 1839 897 9711 520 3587 8761 1374 8046 1710 7080 9783 6642 790 1036 6279 9324 6159 4101 9867 7159 7095 8767 4443 7621 7348 3677 3394 4130 2432 8700 6718 1101 1265 7823 524 1056 4159 9629 8411 3009 9963 9451 3235 2033 6284 8237 438 9322 1955 5959 1101 3819 4816 6118 3634 5871 7394 5955 8138 
684 3577 5160 5182 7200 1377 4157 452 6750 8451 8832 1820 2943 933 3424 2678 6236 485 9843 1709 4885 7746 973 4053 834 8122 5311 5622 6418 8175 2092 3752 2938 9993 1993 541 7414 2695 1717 3197 7127 9845 6984 2850 3284 5712 1245 7474 9817 2389 536 1001 3031 812 2425 6191 5485 2144 5252 4031 8381 6065 4091 8443 6639 1489 1549 7118 785 905 267 7660 4424 9128 3796 7172 2818 5047 8786 9901 4147 4122 8267 7301 6864 8119 5943 2942 905 2280 4692 3023 2749 9573 3589 4248 499 5054 2925 7822 
7936 7613 3286 472 7774 295 6092 3904 4525 7609 6395 3948 626 7704 5848 6726 3863 3583 7545 7059 5663 3994 5019 4697 1375 552 3860 6481 4091 8812 4197 9655 3134 761 9534 1721 3122 1960 724 306 1737 8530 4240 3635 8318 2649 944 2904 6979 6414 6102 743 7508 1749 3480 280 1081 973 6223 1988 7985 9610 9616 2882 5673 6362 8215 3380 4926 537 3363 6092 1645 368 1936 458 9124 7217 8552 2613 7371 404 8156 2649 6529 7153 6418 6943 3556 493 2815 7118 13 3711 5975 8856 8115 9397 9891 1055 
7316 4409 8875 3059 9424 9675 5516 279 7212 2664 6798 4896 8508 1076 1316 5517 2958 9373 840 3904 9518 1869 5019 9683 6925 5108 8331 4752 7592 6903 622 6726 4288 3583 5791 5663 3994 7427 1698 2194 1923 2468 7473 1375 1788 284 7182 320 3630 2257 6713 2664 207 6798 4701 7433 9532 4109 472 5517 7774 295 6092 474 8414 8733 2875 6102 334 1441 7392 4131 4560 6234 5916 6329 4878 3189 5560 8903 2201 9616 2838 4372 8474 3654 3317 5592 3800 2715 6471 6935 8522 8369 182 3952 6858 440 5029 4299 
8056 9759 6330 902 1514 6728 9242 2869 4055 5993 1323 2842 3211 4425 9675 1265 367 7382 3293 6706 2965 7671 4536 9642 773 4502 6919 3361 3059 3375 7418 3800 6471 6903 8903 2838 4372 9383 3654 5858 2320 9422 6452 5762 5202 8336 695 4365 3835 3211 4496 9955 8187 4395 5780 8450 2588 9986 7590 2288 5943 949 5968 8136 4469 2767 5503 3705 2198 3521 6901 6168 6926 7290 6114 2818 5783 6047 4982 3883 2360 178 380 2701 4291 8186 7442 7986 3893 553 4538 5240 3333 6194 1194 9417 7835 4826 3541 8241 
6560 8612 2220 9058 6257 7255 4338 9497 5658 9624 4827 4921 8968 2785 5353 1782 4470 7475 8329 3818 2180 8583 1368 3073 435 6475 8079 6024 3763 117 7818 5767 7226 7249 7667 3024 9913 2335 5251 3355 469 3325 7806 3762 7882 7730 1279 2726 9209 4651 1434 6286 7280 4097 982 281 4311 1575 2868 2209 8860 1366 4287 3916 8118 3133 9843 4147 8910 4122 8267 5193 6890 3298 5652 4487 5136 9745 1569 699 5744 9525 2838 4397 920 7958 5809 7302 3145 2961 9245 8800 896 8149 178 452 9496 3259 9769 3261 
1885 5661 3831 1001 8008 2569 9373 6879 3841 4376 1800 3763 6974 9716 2218 7818 6649 5767 6424 7547 6301 6482 8283 7116 5199 7231 7166 9991 5736 2385 9277 205 9496 3014 7551 8344 74 6308 362 7201 8885 9487 9333 1336 8816 6862 6005 4257 8244 6195 4915 9853 8715 3169 228 7383 1065 4298 7706 9923 9042 9289 2614 4765 6264 5151 9672 7260 1672 7419 9590 5308 8371 7128 2993 4653 5217 8872 6795 3109 625 8781 7933 1531 8851 3830 7334 3893 7421 3502 8474 3393 8755 6943 4863 3349 5417 6877 2486 6316 
3149 9147 8884 5658 9927 9011 9555 3645 9644 5693 8212 249 5391 4230 7251 3280 7469 5586 8312 7475 8927 2420 8184 1330 9396 6742 2797 9660 2305 7002 778 3298 4567 9837 9780 1569 6211 2342 6526 6800 4453 3923 1549 6739 2757 3115 5900 634 4925 3385 4841 9015 7942 8776 6790 1470 4708 5863 8781 7382 6943 4863 5417 6316 6795 625 8781 1254 8851 8978 5998 7421 8434 3502 7537 8474 1960 3393 2141 8755 4238 8216 4863 3349 9368 5728 6316 7565 3149 5072 911 9001 4684 8193 2420 8783 121 6988 3647 337 
4656 9468 131 8964 963 2881 9361 6371 5964 1680 4857 1763 1082 4354 5226 8727 3822 5371 2686 172 4061 9642 3357 1597 4633 4923 3205 2208 243 8052 9016 8367 2850 6246 6859 9943 1772 7522 8905 1452 2739 7845 2070 3440 1838 7155 891 3730 2715 4133 7914 5549 9509 4554 1544 6978 4811 7635 5291 2263 6286 8431 4747 7644 4904 5609 3856 1826 8694 3599 9451 140 5059 2906 6672 3924 1399 8050 9535 9334 6747 5661 9858 9068 266 7760 2551 4743 7260 1105 7077 7817 5819 6690 3365 9847 5621 2767 549 7721 
7048 8120 3939 6377 9742 7609 6166 9540 1482 691 505 3893 861 8274 6674 5327 3842 3296 6698 4974 7196 7011 4930 7956 1528 6495 3947 1488 5557 7709 173 4796 4926 2676 8657 968 6160 5688 911 9887 9637 3991 9016 3931 8778 548 6331 4932 687 5798 928 7908 8624 9936 5849 5283 9835 7921 5432 9261 944 4457 760 2915 377 2592 9716 1424 1360 3283 986 2771 6016 5201 1425 3089 3670 5094 2948 9462 4605 3653 7450 687 8811 2138 6405 9942 8262 8420 5520 4021 1471 7373 4097 281 2218 7307 2868 9792 
3419 4640 7157 9481 3001 2316 9815 5837 6589 3956 2896 2377 4298 5373 6499 6792 4993 2843 1394 4570 1830 6332 5219 3924 1724 6330 902 6295 1514 6728 1972 4482 8910 4122 8189 4768 9735 5027 9598 633 7491 4833 4863 2044 6966 1173 5080 3714 931 3827 6861 2047 2973 3404 1298 6298 8573 8664 8513 3547 350 9686 5850 3715 6688 377 4536 1972 6941 9460 879 3068 7362 4191 8728 4204 474 7896 9302 8310 1500 8731 5453 2815 6925 6650 9350 3947 8161 8818 9036 3016 1050 2809 4147 8306 2033 5662 3473 7668 
4226 6893 5686 8189 2832 5651 6015 2220 4405 7613 8318 2767 4029 8429 6932 8054 9630 4494 7341 1803 6039 8862 6173 2990 8608 3576 9771 6548 4840 4844 9237 2883 3376 7922 4394 4400 7195 9752 3129 7002 6922 5776 257 298 673 4396 9512 4135 7956 8887 5192 1382 4974 4396 6126 1340 3566 7140 37 1678 5708 7856 8475 8848 1198 9898 2851 7294 4578 1165 313 7481 8828 8744 5248 3316 2980 9056 9193 4441 7705 7185 6168 1575 7673 2430 7360 2119 913 1825 6932 2090 7149 5971 1425 8883 3298 1125 1783 4294 
5728 3065 1445 5035 3431 3811 3923 6926 7578 3606 8113 6926 8974 9219 8188 7598 5472 6297 1468 7953 1437 3417 1759 5906 9441 4470 1737 6186 3393 2270 3094 8639 5748 3455 6557 6282 5859 7947 1099 267 6847 4329 4130 6654 885 9365 5319 9001 2420 3647 337 4656 131 2881 6371 3635 3190 698 3380 5457 7840 6732 8225 9881 7952 1987 7618 344 5342 7329 4461 7804 380 8305 1516 7976 178 369 3063 5221 7278 3224 5353 7254 6801 7808 3287 7685 4501 9614 5549 8445 3889 4263 1517 9560 379 4540 1457 8515 
8496 6913 3312 7220 407 3209 9550 3814 1683 2479 2974 7192 5192 8084 5727 2143 7198 5451 4631 9107 6595 7391 2002 9240 4794 2360 1274 3929 8006 2638 6441 8095 5206 3674 6923 4559 9186 7526 9342 9384 9542 9003 2691 9183 3106 5521 8262 6763 8960 4893 3772 7986 5003 4337 6697 4477 9273 5695 317 5114 1766 5803 4356 4624 587 8277 3812 5403 8753 7253 7959 2819 4899 6320 7894 5941 6064 5217 7657 4538 2329 4321 3637 8968 3678 4094 5484 7830 5402 3479 3515 3667 5591 3584 2144 4764 556 9159 3820 257 
813 237 1759 9708 1357 3652 5245 26 604 7721 1069 7590 6381 9126 685 3498 4343 3914 9369 3922 770 8070 8721 357 9033 6202 9587 308 9333 5535 3166 239 9407 8336 8538 1383 8115 344 8086 7828 1082 7448 8420 6271 1679 5451 9640 7467 1742 6 3539 2395 5963 9164 7537 2748 5377 4023 343 9582 1704 6828 2773 4154 1899 6411 4575 8595 1055 9996 9015 6071 2125 6845 6708 1476 9034 5911 1021 32 9936 3513 4440 8706 6804 9511 5423 2828 1945 9597 3441 8644 2236 7553 2710 4190 4316 2294 3920 3557 
8112 368 7757 8460 7640 705 4798 5037 5403 4722 7285 7803 1069 5561 3238 5090 6185 3952 4113 8442 5485 9401 6960 3030 2046 8560 2410 9033 1993 8946 1764 8217 5990 9550 5980 6421 918 7442 4241 7832 4243 1185 240 7798 7461 445 3590 8715 1649 2788 69 6389 8092 3202 9826 6553 2885 5397 5169 6415 1499 6881 6672 7085 6581 6977 296 457 3860 4480 325 1046 6701 6757 6092 6383 6915 268 7437 708 8471 2317 1645 6904 9790 1509 7940 8724 9133 7894 9486 2141 4863 8781 3660 5217 8337 2564 5249 8956 
3848 9645 9381 8312 4832 1325 7208 3107 5381 1464 7247 7789 6780 1523 5990 4987 2023 8050 427 9196 8026 3547 9709 6998 8658 1762 7870 2994 2276 4305 4781 3261 6443 1135 8906 9874 3981 8412 5143 3766 7112 1618 9837 8168 7831 2081 5207 8190 3760 1428 2932 5992 3893 1434 8690 6448 2712 6996 4756 448 9740 8978 3068 2081 7797 1926 5080 6704 8896 9729 3795 9812 5966 9240 3765 2991 2306 7399 7488 1312 3898 8419 9335 5794 4864 3830 7712 9221 5164 8215 5935 4073 18 4481 7297 6129 7162 4300 1926 350 
1757 2340 2637 3415 6228 9048 5416 5801 6602 721 8508 1377 9595 4820 4938 3128 6765 4467 7957 9684 1358 5086 561 6573 1795 7138 8146 3390 8308 2413 8882 3153 7076 4926 2240 9551 4637 927 7293 2083 578 5806 3895 4729 6774 9601 3461 9272 9851 3948 7456 4937 1446 6651 7446 9980 10 8939 4836 2956 8916 165 3973 3650 6831 7932 8528 6105 5117 6305 4545 6594 1469 7024 484 2030 9287 9785 3358 4998 8209 2299 6319 9946 8500 1190 7740 9108 9953 5808 16 3089 505 1160 8691 2277 9035 6932 655 3105 
9402 7487 1499 5904 3720 9189 9642 9060 2456 9512 2486 6316 6561 9001 8193 121 2887 2591 377 3789 6200 1130 3450 5524 611 406 3631 6722 2601 1542 2777 7989 3346 7433 4644 4219 766 9377 8237 9358 6796 6438 4332 341 6224 745 550 3506 1109 6065 85 7875 7951 9004 9410 5219 4535 5200 6420 5082 4903 6880 5032 7013 2961 976 9962 239 5142 1406 5802 5359 4273 9509 4671 6499 9558 7600 3762 6696 5863 7618 3019 2907 2416 7757 3339 5696 4082 4307 3085 2334 5573 1177 2757 5106 6495 3173 7570 130 
7239 2553 7084 5891 5766 8395 7925 2359 4780 4024 5936 7556 1190 5110 1353 9906 1061 9297 7933 182 7223 8115 8756 439 1052 8352 931 1119 188 9817 8285 7265 5151 6179 9652 1909 8654 7372 6825 545 1011 9273 6552 7328 7218 5886 2244 3318 3236 4026 8761 8739 4626 3427 2572 2071 5212 4767 4853 9512 8166 7957 2317 4341 259 8929 1186 3885 4602 4582 773 5020 3120 4997 4238 8379 1273 4342 6800 6634 3905 6434 5805 7155 2361 9890 1460 9364 2625 9220 6346 7223 8759 5077 3292 8836 9065 9892 8147 5537 
4232 7450 5740 7668 5725 9430 5128 5682 1901 911 1747 3698 8690 8296 8069 1972 6411 6177 7711 9998 3453 8420 9452 907 2456 1306 5343 7395 9637 620 6981 6086 4830 5180 7671 1580 9862 63 4330 6652 9294 2494 1611 6590 9640 5390 6486 5202 9533 3051 9989 5337 1304 5095 1087 2352 764 6040 6945 67 3933 8869 7626 8715 7936 7161 2281 7680 3942 8303 75 7963 6832 1548 5072 5465 1577 6131 1854 3920 7638 8653 1312 939 2125 687 7908 2913 9936 5849 630 6308 4556 828 6848 8144 9292 5487 6923 7371 
5222 1623 7337 8344 275 8813 3137 3218 5269 3280 9568 9779 3542 2378 5756 7045 9532 3790 8289 3799 3324 2446 9895 8920 9210 5317 1254 3860 6258 4035 2650 8080 9822 3718 5542 6558 4443 1762 1204 9928 5653 2788 6556 3033 8657 9288 9847 8993 1533 5490 2235 700 9034 3620 6371 2245 6701 2437 7965 3989 4280 3704 2292 7197 4712 4536 2398 6650 4500 8966 4838 9542 6277 3921 2367 4941 8871 3259 9169 5091 9976 7983 9923 9389 4237 8510 4715 5682 6628 7433 5163 6359 64 3569 1933 7006 8860 4215 5162 7570 
4091 8523 8382 930 3302 5776 7380 123 7680 5197 481 596 5427 2421 7015 8267 6182 4992 9094 6566 3074 548 7548 1602 8227 9821 5837 9495 4488 5533 5273 1742 1856 6863 5186 8294 8150 8878 350 7468 5780 8954 6452 8136 2120 8747 5905 9460 8073 5503 5594 6000 7413 5169 3427 2496 8369 4493 8781 2650 7933 1531 7334 7537 8216 955 9368 6316 6561 3490 9147 9858 4800 8783 337 4656 377 1548 4493 3109 5823 1376 8851 3830 8978 7382 8510 3502 8474 6943 2766 2592 955 9368 5728 7565 3149 5072 911 9001 
4684 6825 121 2887 1548 9361 785 7414 1049 2505 2617 1119 3540 334 7308 1453 6244 7229 5008 5069 8363 8511 5470 4211 6284 3277 6937 7403 1753 2599 1578 6181 8965 4273 6893 3544 3549 6249 87 6557 3798 5789 4601 8336 6732 9386 5947 3797 5286 3231 6746 8887 9192 7343 8296 3483 2869 5342 9882 6478 9616 4398 3930 4626 3037 2555 572 3235 5447 153 384 4983 8779 9021 1266 4169 8331 3079 3697 1343 6822 1066 8724 8947 8862 7627 4054 2513 1950 8608 4045 7455 2237 3395 5166 6563 3172 2238 9157 2443 
6714 5830 9613 2952 999 2823 2381 7266 8671 413 7744 1627 8900 9591 427 6604 9626 9913 5169 5741 3142 7028 6368 2776 4477 341 762 7896 9242 840 7309 3280 8746 6649 9351 447 6397 7099 945 1734 3071 3625 5493 5430 2864 2736 3751 4873 9179 3574 876 5243 8662 3768 2984 3293 2538 1854 6731 9435 7661 7957 1692 3937 8962 7142 6618 9487 9384 3185 8765 6881 9095 5394 647 1233 7531 617 3148 3903 9972 8030 5862 7366 8060 3069 5380 2598 4689 5340 4820 4349 6743 1325 7346 2150 1005 9478 2336 2778 
5193 7440 6622 1195 8454 2820 370 2818 8151 5920 3865 8092 5528 5113 978 1589 4557 4516 7106 3657 1667 5350 9617 8441 3867 135 5535 7673 9515 9430 8248 5730 2259 6495 1254 154 6762 8588 4916 4346 3993 4332 7894 9333 1826 8198 6206 1033 9491 5567 978 9947 2483 6464 6139 8905 3871 8331 8893 1825 8125 6660 6435 1967 8446 1421 5427 1878 5674 123 7798 3973 6841 8902 4956 9485 2971 6099 6424 6587 4931 7776 2083 8201 7649 4262 882 1721 7808 4410 8191 8022 9834 6081 8391 4046 2783 9188 3345 7755 
4248 625 5823 8781 3763 5190 3350 149 75 3400 2665 5039 7910 5997 4576 2207 8333 7390 6831 4578 9629 3522 4914 4624 9385 314 9845 4530 5215 5546 2434 5758 5864 7345 6521 7937 5684 1882 6412 2004 5980 6774 8884 1101 270 9747 5190 3507 6271 4842 435 5671 4648 5449 4088 6763 1196 3632 4506 2675 2670 345 8498 5540 2342 5889 8026 5244 3742 7763 4621 1951 3182 7152 3481 8344 7313 3757 3852 712 115 7278 3171 6133 6777 4735 8683 8034 9578 123 8272 8547 8334 8653 9704 665 2612 1680 7780 9608 
963 8332 3163 7678 2613 6302 8745 2122 1722 1435 8954 1385 4671 9303 3932 2729 7612 9686 8426 2549 2012 4640 8402 6631 4768 772 7541 7818 2533 6761 513 3789 8552 973 3670 4792 610 1663 1094 8941 3450 5056 8927 8156 1726 1906 611 3233 5445 8943 5893 466 2444 1047 101 951 6876 2015 8334 8142 6401 138 7854 4463 4570 7885 2216 8956 2679 9112 2310 2090 7432 3660 7866 3332 487 7160 4004 6472 9845 4209 3737 2370 1920 4372 5125 8637 1151 3202 9757 3946 2735 8113 9047 2539 811 4847 7596 677 