9217 803 1763 0 5189 732 3125 9690 1906 3640 5484 5925 5211 4486 6567 6390 4041 3320 4929 8025 2230 4316 5421 8256 3595 9001 1390 5241 3286 2921 4316 8855 77 2431 8855 5266 9515 8333 1308 1421 8325 3145 7347 3536 7631 266 6279 8025 3587 1208 2402 2169 1876 7823 426 5472 6825 8168 713 6463 7442 5029 5319 7519 7461 526 9137 6976 8859 445 4750 7184 2097 1222 9247 912 4472 5825 8260 9002 5326 9564 7083 1311 7497 3018 3707 696 4182 484 1714 7783 536 140 5149 5910 8075 7182 5262 6523 
5200 853 3799 3813 3884 3906 720 4129 8468 862 5520 506 4482 7333 5092 4122 8570 8189 6394 3921 9208 9735 5027 7685 5276 4214 1470 7491 4833 4863 2044 6632 8686 3441 6568 931 8483 2036 3827 6861 5671 6089 2644 5799 1109 3755 2351 2823 1560 2469 6331 6608 4718 6587 921 3538 9485 7876 9219 6371 9272 6653 9853 934 2334 7538 8358 2683 7982 9771 3511 4334 2815 6666 2955 3240 7573 2885 9593 3820 1927 4714 7879 8914 2396 941 6058 2115 9415 6561 3490 5671 1551 6185 8909 279 1075 4147 1543 2162 
3044 664 4201 7212 8919 2257 5337 7337 6713 6719 2664 3064 8030 207 4269 1395 8034 8858 6798 3705 4896 4701 2901 7433 3610 8508 1076 1316 7687 5517 7684 2958 7774 9373 295 9311 3904 474 9518 4525 9720 8417 6395 3792 3823 5108 7987 8331 4752 7592 3796 5848 6422 8843 6461 4288 4798 3266 5491 1698 2194 1846 4697 5110 2649 284 8759 7987 8052 7461 2190 3390 1534 6989 6793 7368 4257 2906 7847 5541 9153 1733 2765 6932 9628 7649 7614 3015 746 820 8796 4406 8734 3184 7291 2784 1272 8157 432 839 
8369 681 182 663 4684 990 8088 8631 8250 4830 2642 8903 9616 63 4542 5469 3654 9533 9989 3024 2352 5712 317 7300 1597 5281 6649 6673 8519 7869 4598 3069 2372 7358 8012 7047 318 2328 3365 2661 467 2202 176 9907 4743 2043 5228 5231 6436 1238 3122 9541 9528 2029 2404 3799 552 8910 7567 1650 8248 2457 5945 9674 238 8158 2167 7315 3039 684 3010 5402 7443 4230 4569 4958 2070 2524 785 905 5906 4330 3596 8890 9128 3359 7949 78 1718 927 4616 7028 8616 2389 8545 1145 3547 1691 4662 5316 
3715 7509 7848 1434 5498 3356 7732 6832 1487 1577 6131 9403 4269 449 5469 6356 9465 7580 6134 3259 7416 6336 9882 5830 2482 2459 7832 9543 8393 7793 8103 4137 7855 9550 1405 3707 1240 4656 5876 7821 5788 5161 7607 9051 4580 3839 9390 0 7780 3368 2969 9825 2930 9098 869 4259 8477 9806 8000 7756 8066 986 4931 7756 8285 8005 9523 4870 6665 3427 143 9488 7250 1646 3408 4146 513 1499 2948 9154 5810 278 5544 4702 5323 7974 650 4200 1720 5466 5129 3768 634 7231 1018 546 1588 1147 7113 1664 
6858 397 2280 9511 9725 2742 6447 8741 9454 7030 5362 1348 9485 2764 4218 941 1645 8747 5671 9524 1407 272 91 6248 5852 2434 1001 2569 4788 4825 4376 2411 7208 6583 7388 2408 2529 7365 7371 2557 6816 9698 9209 1267 8638 5895 8452 391 137 2324 9244 9613 8854 4000 4819 7675 3906 1967 7930 266 1412 2023 4348 7446 5172 5026 7957 7943 7350 1704 8523 9253 2706 1262 3392 7335 2576 3200 4498 3590 8797 2543 7433 3916 2460 1251 584 8891 8040 5915 280 3804 7671 6251 2661 4284 5389 8963 3128 1217 
2163 443 9006 1228 4051 5030 628 2369 1704 2935 7251 1237 620 1409 6121 3553 2609 9593 2334 4036 705 8343 1163 7383 4354 567 2083 6695 864 7757 1965 8353 2111 1397 2689 6413 9618 7539 922 9922 9930 8427 5288 6960 8643 7917 8000 2522 9606 4604 8885 3485 1913 5100 5776 8244 1908 4354 3184 3035 1956 4318 3203 8371 9279 1570 4520 2999 1895 4026 2804 4654 7665 6570 6693 2359 9564 5694 6526 8069 4494 2986 7909 9791 7773 5639 4977 1577 3837 7834 4146 1991 6510 2265 662 4995 8244 1582 7854 4007 
9684 9272 6911 132 1757 7544 8169 2096 8984 200 5625 458 5787 6204 9672 7987 8154 7817 5174 9588 9641 5898 687 8450 1701 2662 2395 878 7205 762 2288 2476 6346 6701 1402 2136 3005 7926 3709 2744 2260 181 2546 5705 2724 493 4432 3026 8103 5646 7422 4625 3650 1434 511 8916 3613 1788 4147 3176 675 5859 8486 9035 3787 6075 281 7309 7741 9273 3059 6612 6802 2665 1243 9193 4630 7169 8602 314 1009 5378 715 3452 308 7216 4504 3731 9565 6439 1135 2613 6883 6448 1686 3238 3241 5720 6208 107 
5215 4531 7234 1866 1983 2062 2521 7343 2648 4726 382 2581 6770 7664 9577 8600 7758 7982 3524 1511 289 9329 3716 2311 6144 5956 9855 3391 8773 727 897 5679 8655 4687 6199 9104 4003 6551 6314 596 8360 9597 4372 6003 9328 7728 5953 3927 2432 9666 6029 6655 4758 3444 6576 1558 7209 4947 1450 5217 8337 1887 9967 8956 3848 9381 5866 7375 9612 5203 5368 7458 983 3623 4704 8164 9603 120 3040 693 4570 9383 3146 8223 487 4748 2324 3758 3607 3998 1777 5663 9019 6410 9450 754 2564 9358 943 7051 
842 3928 1664 2335 776 2466 912 4472 355 1311 170 2247 3707 447 9931 4144 7153 6418 493 4755 3786 223 4055 9424 7043 748 8816 4493 4802 3109 625 8781 2650 7933 8851 3830 9573 7421 3502 7537 1960 8755 4863 2592 5417 6877 2486 8587 9415 6561 3149 3490 9147 9858 4800 2420 121 4656 9468 963 9361 1318 1680 2981 7404 5371 1805 5153 8121 7807 2431 1289 3098 1207 2421 9796 1746 1405 4606 3966 4257 3311 6200 4927 5416 7432 4921 6183 8658 2948 5980 2593 6821 5600 5065 5035 2843 3561 721 4283 
8457 1363 3695 4750 7690 6797 4029 6861 9856 6591 1322 3767 9338 1542 7822 897 4498 8956 3277 59 7433 4034 1666 6112 2379 37 6266 4649 8822 5544 788 9805 3781 7554 5596 1087 3576 4963 9912 4435 3581 2389 9523 142 9138 8120 3590 5380 8978 6437 3574 9443 6471 179 1887 4691 227 3045 4495 720 862 3265 5092 4122 4768 5027 4214 1470 7491 1176 2044 6966 2008 5250 7077 1213 8111 399 7308 8604 8285 6339 768 2482 3723 862 3930 1521 8403 731 4616 5692 6122 4821 6474 6438 7952 5039 7611 7897 
8956 1960 2679 2810 7802 2785 8183 5381 3104 2186 8506 6378 6754 3075 6856 5220 7697 4560 1640 739 3105 5253 6957 7291 4299 432 3914 2903 3059 7654 3375 7418 719 9897 3492 7786 1011 7197 5396 5498 3771 4235 1703 6600 6346 4361 3750 5651 2220 4405 3897 7820 8200 21 5477 8429 8054 7239 7341 4108 1803 6039 1222 5658 3525 5410 1059 1112 7083 339 60 1215 4130 6025 2590 6393 4726 3286 9421 6383 3068 3913 304 6385 5106 2317 5794 6535 5006 369 6089 3971 7325 2507 6119 9707 8443 1424 6378 4097 
6613 9601 1269 9032 2765 3833 6032 4248 2614 3496 7860 1294 8434 9347 8182 7112 3558 5469 3630 3253 8775 7125 341 3938 3783 4029 6591 875 9134 5064 3673 9507 9210 4395 1726 8570 4644 6452 949 1323 921 2120 8747 4469 5905 2484 4234 2198 9287 4963 7795 2008 9281 5760 3681 5250 7704 4917 5422 5633 1041 1899 5840 1883 3380 4087 601 8238 7077 5641 4348 8379 8111 399 4530 6465 537 426 111 2734 5461 3894 6739 2597 3156 7555 7892 6174 8944 4801 2207 7071 7108 2539 2855 3156 9928 1843 2913 2162 
1631 8985 7458 3550 4656 6590 3794 2702 6393 7606 3189 6526 83 2947 1662 1420 1303 9047 8369 2959 7825 3521 6665 8531 5415 5242 6679 7017 4600 5246 4305 910 2142 982 7102 492 8420 9683 3452 4862 5253 7445 6915 3727 3297 9769 6996 8705 6047 5286 3834 7622 9486 2514 2242 2821 5888 9739 2771 3291 1376 7214 2093 9496 5231 6436 3122 9541 5425 8872 1450 4033 725 9021 1459 1266 4169 8331 5514 2120 3679 9460 5475 6269 2072 1322 7792 1726 148 655 3480 8663 1202 9804 6291 2453 3965 465 3176 7517 
7762 3281 666 9359 6581 5391 76 2996 9801 2531 3739 2741 5268 8140 5100 5076 6804 6278 2960 4326 8921 1766 8291 9387 7149 5037 7101 188 5601 94 2863 3308 8883 5573 4149 6371 7125 3644 3833 5548 4830 7161 4193 4353 8454 5254 226 9453 5755 3489 3535 482 5936 493 8263 2024 2607 3755 3596 1123 661 6660 3414 7100 730 7168 6728 1992 5008 7481 6009 8542 9558 8007 716 4516 5492 2124 8282 5791 5365 8202 7185 3945 9438 8424 5186 4694 485 4394 2203 7538 8033 1192 8096 4620 3491 9840 9201 2832 
8424 8480 9629 7043 1103 888 3288 5603 1658 1805 3807 6786 8121 5525 6270 3591 319 7118 2524 5109 7822 4330 4424 8890 3359 2991 4265 7760 1038 6616 3754 7899 6828 5906 8115 8912 9891 183 1299 8657 5043 3358 4950 5159 21 3827 6861 3494 5799 7014 9505 387 1037 6264 8358 891 7244 2815 6666 3240 2885 1505 8519 3411 9255 4792 6297 1618 9916 2694 6961 3465 8422 3636 7790 3872 4339 5488 8119 2304 875 7551 1018 8212 2683 3885 7184 2086 1071 4285 9148 4678 4994 5696 7143 7438 6977 7838 513 1461 
7170 8951 7193 3730 4361 4801 2289 5370 3129 2166 3369 2364 4412 6258 2731 9725 5365 4608 5486 279 498 8183 529 4960 9677 2232 3275 1957 4279 1451 5732 2945 1475 486 6394 39 1991 5279 46 3713 1279 9652 4960 1957 6264 358 512 8459 3148 8601 7199 4041 871 6758 4638 7662 6318 6886 245 6050 7820 8823 808 7340 30 6370 13 7578 8602 1586 8836 8856 4801 4056 8092 5867 4258 5252 6685 1491 8137 170 116 3674 2020 8164 1862 7716 1215 5902 85 9856 4121 2485 6954 9804 8555 514 9458 1900 
5226 2946 9912 3505 104 1056 4248 4660 5960 9133 7732 3500 9913 2524 6620 6076 7144 7844 3445 3979 7248 24 9403 2351 3981 9790 9814 5759 9760 2325 6242 5664 6835 647 7157 8940 3921 1942 9815 6589 8816 7392 6278 2896 8295 7922 660 5373 8540 6801 7808 3287 7685 9379 8417 3317 5549 7835 3381 1365 1166 2163 5278 1772 5396 7458 9763 8314 2766 346 7810 6903 3771 4235 8862 8189 6950 954 8351 2758 5192 6904 8039 9136 8435 6563 4972 1356 9843 1539 6304 339 9093 60 5521 1279 919 9486 6749 2355 
1908 2984 2743 3585 7608 6845 1304 1841 492 2692 4066 7466 9030 3778 3235 9997 635 3581 6324 6600 9054 2926 4763 3788 8438 8552 3091 610 5879 3450 404 5524 4447 3409 8433 4602 145 8531 5536 8363 5735 1836 9470 3271 1960 7142 4206 7780 1555 7644 9730 6853 5594 5185 4742 5849 3319 9040 1152 9298 3708 5533 147 4301 5202 8030 7100 6154 4493 9696 8460 5926 3542 8526 3014 8532 4557 251 667 461 4146 3327 3131 1323 9931 9236 6187 9665 4403 840 2058 2045 8581 2943 7480 9801 8480 2098 4964 4891 
7712 599 8542 845 8 6580 5183 8557 3272 8002 6124 1004 5590 3337 9374 7638 2756 7079 3699 6924 9638 1302 9756 5336 2963 9077 4 4914 7532 5603 2916 8079 2277 2794 6525 5615 2169 516 7669 9624 4407 7721 6548 9406 9163 8825 3007 468 9114 6912 8443 7711 2800 9186 7511 2864 1002 1224 5189 8136 58 2077 1328 9872 8999 7417 6882 5556 1458 8744 6848 4426 2975 1245 5384 842 9342 5115 7355 6406 5733 6822 7095 3714 4995 5010 4851 6023 3420 7297 622 7730 3724 9281 7087 6974 4737 5693 8253 6995 
1967 1555 517 1067 7510 5434 6968 7719 2509 5184 8360 874 510 8204 6254 2650 6284 2136 820 8796 6065 5253 2929 8734 1499 548 9189 3184 6609 4502 6919 432 3914 2903 754 7654 839 8051 7719 1263 8369 6024 6863 6858 4684 990 5029 716 9921 6991 741 9125 3129 1871 7615 376 7340 8966 6745 2296 6980 1782 275 4776 7389 5960 1659 1863 9255 651 4669 1485 9204 9188 6553 3297 9683 8443 5680 6810 4089 3894 5765 9062 5630 9190 8508 6738 6510 524 509 6016 5439 6502 448 4162 4189 9020 2331 5827 
5642 3152 8414 9712 4098 6416 907 2875 2985 7699 2421 4059 9141 9313 9472 2346 7558 4577 2456 9512 5481 5173 6372 4263 6356 8779 9840 4602 849 9690 1292 6841 6456 9231 7137 1058 7016 9184 2441 9695 106 1065 7689 687 2634 8334 2206 1672 530 9964 6269 6128 1670 418 1263 9830 7563 2301 5991 7061 952 6589 4627 7241 2930 7582 3966 3615 278 2237 3395 5166 3578 8411 2443 3051 6107 5828 2823 7266 5594 9061 2415 4340 1215 3395 7587 9000 6493 4409 8311 993 9771 561 6496 6659 5218 5766 175 7153 
2189 3866 4883 7702 3131 3497 3610 7014 4845 8429 2099 6409 1547 5098 4150 7355 1311 5527 1397 2967 329 8965 6992 3526 3913 4000 2201 3559 9698 915 3208 1597 3978 8515 8018 8444 1970 4241 4594 9373 4296 5123 2949 3884 8240 3327 1208 5709 244 9038 6285 4371 4437 6199 4981 4723 1484 7130 6260 9976 7254 6769 7516 3305 3432 9260 4342 2872 4594 4391 397 5855 64 795 2664 8860 3645 6594 6188 9476 1909 1671 5819 5499 3388 926 7730 4220 4803 6221 1828 7110 6000 453 7214 6993 960 4946 9416 6617 
1228 1145 4533 8824 351 4907 9344 2872 865 1052 1784 3404 8589 1541 7144 6689 6697 2091 6106 2106 9686 6205 7424 4429 9605 3794 6666 7674 9490 1798 6898 9015 7706 7683 4380 3603 2525 1531 586 4323 6681 5003 416 4063 7066 1342 6519 5893 4651 8211 251 5667 5784 619 7979 2687 6234 5473 1229 4697 98 9112 2076 1747 6515 7980 4755 2408 5587 360 1546 8348 7213 484 7723 7832 1284 2054 7518 3879 4452 8576 4551 4052 7689 9781 9150 8995 3482 1403 8223 2021 6867 3703 6497 4110 8552 981 2431 5266 
9984 5049 6118 4199 350 4033 2986 5839 9717 2430 8708 4854 9758 1477 9549 950 565 5149 4741 9183 5732 2284 9141 2727 143 7053 2785 1620 1174 5672 3806 8098 7821 9009 6980 731 1486 6486 1932 8656 8419 422 5376 3208 925 6683 9654 4029 3578 2550 1951 4899 3716 8232 8558 287 8495 7436 7581 2922 534 3904 6181 7789 8589 8954 5494 1488 6278 8073 4910 2333 4440 5099 1433 9788 153 3432 9822 3354 5984 4914 6360 7692 8384 8856 8170 4174 1949 687 3176 5845 1354 7450 6463 9548 163 9598 6920 2140 
1708 8984 7031 6927 3136 1735 4284 2799 1400 1347 7903 9740 7884 342 1685 4533 4805 369 1740 1035 8460 4735 6738 137 2145 1238 1676 7193 1623 597 3002 294 3604 2593 2766 2592 6877 5728 6316 6561 7368 1338 8332 6853 4504 7845 7008 1255 5100 3955 1438 2469 6887 8346 3609 896 5260 7223 5075 5822 159 1724 8988 6647 3149 6202 1893 4971 8037 1330 5484 9032 3417 1991 1251 7376 5937 6107 4838 3257 9536 3179 9310 5022 4031 9833 3637 6529 8863 1487 8871 7362 3159 2340 1036 874 7128 8967 9202 8204 
332 3378 1210 4637 9956 6762 325 7780 8112 594 5294 8419 6010 1189 4705 2019 1351 3647 8889 2382 677 5705 8639 3775 3280 1966 2710 8065 9365 6961 663 3687 8350 5945 2473 2919 1719 4805 5800 6779 8153 3190 7536 39 5906 7935 1854 8625 9185 469 7735 5036 8693 5292 6661 3856 6289 4590 4178 61 4599 1114 6982 7931 9005 4305 8839 2168 1526 4976 6277 119 8000 9445 77 2004 9540 4880 9996 4649 9840 897 6915 4700 4170 8 6395 5892 9670 175 7064 8096 3549 4258 9110 7193 683 8700 7448 3855 
7212 3054 8182 1727 8092 1528 7754 6199 5754 461 8433 8623 1287 6189 7608 4026 1459 2706 7658 8461 6825 2788 6280 5404 2076 6584 4025 4391 103 6293 7562 4562 9384 6759 8046 9024 479 731 3562 9727 1672 7018 7179 2614 8989 682 6512 289 4757 4116 1134 837 8811 3545 7627 5913 4130 3353 109 2196 1232 480 8173 4977 1230 8438 7236 5897 2108 504 1509 458 3325 9465 3142 5010 505 482 3420 5615 7297 7907 1509 5732 6324 8500 8962 7867 4122 3277 7641 6423 6848 1966 9000 4007 4288 996 7028 3562 
2723 1841 9823 564 4571 5793 3681 1312 4041 9129 1329 5631 6001 3985 9457 6435 3845 8560 2160 780 1352 6748 8575 9762 5749 6173 1228 1111 4962 9168 6341 2219 8634 5657 4936 3609 8571 1020 2444 6413 7823 8113 3617 1404 9116 6523 4464 3467 8664 1290 5066 4465 1903 9284 6826 3492 7667 1646 498 5264 6667 9502 1949 2413 7565 915 3110 5625 9761 3020 8290 1136 5402 8788 5635 9703 3894 9722 8445 3882 8386 8495 2502 613 8812 7285 4137 4975 8857 2481 8274 7655 4103 4535 2368 6320 7336 5132 3700 6566 
1230 8659 521 7947 2772 1175 9470 3181 6665 9129 4627 372 9842 5394 2927 4966 5307 4409 5963 1362 7291 1708 4556 9522 8730 444 869 7169 9210 6374 7003 3602 2782 6018 9584 2474 8727 439 9461 4511 3492 5214 9915 3649 7623 9217 6447 6009 9714 3435 7860 716 6937 4600 4035 2006 1416 7341 8847 6502 7680 6352 794 9628 6497 5896 581 7954 1456 7389 3742 6602 289 9618 5514 2123 6538 6043 8171 5561 2087 3826 2210 3635 4374 7371 599 7591 167 624 9603 8668 1981 5936 6067 204 7631 8297 5714 5071 
3331 8938 5592 9391 7367 5361 4701 7684 840 4619 5437 3546 3532 1987 2077 7618 9895 5740 344 3025 1337 2932 5342 4058 9949 7329 2976 8110 5494 9082 962 2629 9517 1058 2052 7135 2499 8299 8240 6332 213 698 390 7661 2485 1342 806 8346 8917 193 1734 7477 9049 3317 106 2834 6754 6322 5053 4226 4607 48 1508 6380 1721 3122 1310 1960 724 1395 9481 4328 8530 4434 6881 4240 1950 3635 5041 2925 5089 2649 7822 3552 105 2904 9563 8576 4365 6414 743 2940 1529 9821 1749 3480 9809 1798 9804 1075 
6291 2453 3965 465 7762 666 6581 2741 5100 6278 4326 8921 1766 8291 7149 4539 5037 6679 6581 9210 5675 4590 3261 2863 7569 8184 9270 3845 7329 8883 4430 8165 5775 1232 4408 7949 5916 4066 4267 4734 70 1965 8527 3798 5736 2799 9479 7668 1606 5597 6983 5477 1570 5631 838 4056 9093 2377 5716 1409 953 6021 6506 1958 2928 6838 2557 8829 515 8042 7498 2421 3259 5636 4574 3397 1480 5425 7703 574 9254 9770 7268 9689 9301 2400 4937 1146 8094 5097 3848 8925 9061 2685 4437 3479 7190 7048 5942 8543 
2351 3642 2422 5598 4783 2743 7917 2086 3161 6281 3590 6942 9655 3008 2495 2111 5964 5575 9545 9291 4275 8681 3960 6041 6143 4618 469 953 9369 2664 152 5012 8777 5817 2986 9544 7328 9084 5585 1432 6445 3994 2247 2092 352 9724 59 5530 8961 323 5397 5903 101 7552 5092 990 1753 6817 5350 7757 1037 68 3752 1315 6407 2889 9806 5814 5272 2717 5239 6901 8321 3787 670 4913 4578 5644 3425 6235 8698 7991 8369 4879 7450 9473 2687 7668 3741 4620 9281 6544 9157 5581 7826 1454 3152 4926 6036 1263 
5641 1213 8111 7308 4530 5112 9133 2942 905 5739 2227 6374 5854 239 3891 9084 6452 1564 2810 7652 712 2930 5873 352 9342 8655 9715 1128 4747 612 3164 5093 114 8540 4878 2348 9325 9931 7236 1727 7986 1781 2358 5975 2420 2887 9692 8514 2431 4421 4098 907 4927 238 5569 3039 5402 411 6611 8722 4569 2593 7952 2290 9916 826 3775 3817 6700 665 6933 1566 5122 1615 9570 1211 8056 9759 9022 6295 5615 1514 6728 9242 2216 9748 8791 1350 4137 2213 8763 2509 3411 6306 2093 3947 2483 1704 2026 5007 
5279 7358 6215 4015 6329 2392 8921 4890 3648 2647 3069 5563 2754 9824 272 2711 8460 6102 9465 3142 7176 7806 5010 505 4851 6023 6868 1991 3930 5615 8445 1517 3020 8496 7987 7704 1944 6903 622 6726 3583 3266 6159 3959 3746 8911 5438 3039 4407 7880 7788 5688 3261 6720 2883 3983 1213 4688 8839 5675 7439 1634 5802 1927 856 7010 3660 3316 6151 3913 1985 9724 7373 9300 5948 6830 9940 5093 6071 1301 7642 3301 4264 6082 1957 2957 1509 7889 3374 8273 5525 5709 6828 9676 870 2207 5770 1842 4109 27 
655 7468 6310 7772 8625 1175 7634 9716 3634 5380 5964 2011 7497 7412 688 1821 7106 5737 1363 9996 6430 2623 2827 1051 665 9460 5754 9285 8594 210 1612 6135 2581 3864 7978 8628 7997 312 2488 4702 6991 191 8736 1560 8304 8616 8158 8335 7190 8552 4965 9600 88 1397 3086 2122 1267 5008 5813 7030 9847 8347 9447 7956 5575 6241 8722 8664 6322 1566 9025 8340 9862 15 5076 5532 6746 1151 6116 1361 2706 8410 7420 3334 7403 2813 1862 8346 9870 4459 1786 4599 2712 9709 9830 8223 3976 1423 3141 7209 
8104 64 6112 6544 687 8254 6993 6725 628 8112 4231 4015 9071 5740 4403 9650 6397 8526 3014 9302 6193 362 1569 3105 2149 1407 667 7669 6202 3327 390 6665 7479 1895 8908 8352 5350 1820 9230 3706 3546 9724 2694 7605 2913 4694 3797 1285 4929 8156 6082 4486 8200 4582 1540 5326 7364 6078 4779 8544 5842 3117 1755 4657 8858 8303 569 3812 4995 9266 7477 11 5987 2646 8046 9918 7404 7897 1380 7783 6923 1614 8530 3230 4263 9599 9408 699 4931 5899 6543 1044 854 6269 2401 3662 7162 5905 4037 4695 
4593 8546 1130 9540 7403 9795 9102 6264 2239 7659 9210 2831 1400 941 6381 4805 2240 2883 4797 1064 9522 3545 5769 4041 4316 8855 8333 7347 6279 3587 1208 2402 2169 1876 7823 8168 6463 5029 7519 9137 7184 2097 1222 3352 2302 1649 2788 9920 8403 1632 9412 9166 3869 2213 9525 7809 9451 3765 9396 8680 9721 3433 3831 1126 7058 5853 3163 6613 3967 5175 901 1289 7153 8201 1908 8249 6362 9885 9440 1785 403 4703 4253 9607 9492 1852 401 5303 6135 6785 5140 7011 6980 1782 6688 3377 5776 2885 7381 1983 
5931 2225 5712 4627 2761 8324 5902 2715 354 1679 515 8288 6973 64 415 3547 9653 2341 665 5678 7933 9557 5587 322 9383 3006 2915 6578 6436 3110 2728 5288 3987 9687 2426 2420 7719 1913 3113 3035 7529 632 9279 3011 3282 9423 7100 7715 9220 5090 7781 1935 8197 3278 8393 1235 5229 2585 1740 3676 7531 2154 810 8822 3803 6886 5606 2887 6546 6386 3697 3406 3698 7554 1731 795 3325 9824 6180 3500 3785 4773 5939 8193 9947 6094 369 6833 2328 1337 5264 8369 6216 4190 4426 8096 3799 1573 3623 5074 
3475 6091 4091 858 30 5404 6124 8091 4514 1284 4290 6244 6357 7022 9923 6508 4948 7697 6483 22 2465 3521 6033 8925 6248 2692 7933 3558 7876 206 7235 9161 4496 66 2964 7183 828 4387 7954 514 7805 5294 4072 1011 3871 7041 7341 6835 6253 4334 1894 8987 3712 5430 6997 8990 3566 6058 2013 8470 8885 5288 1435 2804 1657 9329 5839 7103 3391 2019 9454 6199 4764 8326 7991 1751 9042 6634 8104 9424 5256 304 5829 3869 2039 9144 1990 2484 574 6071 1471 2423 7187 4867 3419 3733 2989 8843 8684 1592 
90 5918 334 6293 2043 2107 2392 9501 6458 3338 7337 3965 5264 895 9050 73 9297 6460 4809 6985 6292 6245 7729 8974 1650 3467 9858 2562 4710 8286 4 2948 732 7598 6090 4938 9407 2317 7145 1035 6447 5730 1075 4039 3144 3228 9221 6766 6162 1367 9765 6833 9525 9452 6274 3735 5098 1396 1046 5006 8614 7355 1311 5119 6616 5527 1397 2967 5780 4981 6764 3892 9114 2953 1457 8943 7104 6611 7665 6946 7627 428 1897 3544 2141 6229 7878 2407 6224 7864 5318 3286 8606 9717 2376 9436 1295 9378 7798 7050 
9422 5243 4477 782 5870 7709 8179 4315 5749 2025 9513 4133 3139 9972 3263 2600 7745 1616 3002 5445 3394 2363 7981 9629 654 9112 6759 6300 7522 1833 2921 3922 9386 9151 3724 4788 8868 319 256 5224 8597 2035 6932 1108 6090 3316 774 7008 9016 431 2811 3893 9419 5065 7735 6737 8787 7186 6594 8943 4461 4238 4704 7161 1560 9753 6741 6587 1751 7962 4067 1035 8986 4990 3821 7217 1611 7227 3714 9445 9689 4457 1977 1629 1800 2801 8016 7847 733 5193 9284 4578 3594 5507 5077 1080 870 3279 6317 4208 
9708 6530 1108 7402 8443 392 24 5996 8195 4384 5393 2752 2762 5255 94 2487 3718 2315 587 9378 7745 5834 4921 3304 8126 9027 2386 5257 7885 1797 2618 9494 9389 3769 9325 5626 2182 4726 1574 7157 7844 4731 8256 4925 7016 1713 1950 5198 1307 9475 2775 3119 3607 3058 222 8321 6365 8618 9598 5273 449 5633 3522 1959 6688 9281 948 4869 1687 1766 1326 3247 5588 1709 8934 9113 718 411 7537 9634 2883 6302 7267 9693 5395 3421 6548 6045 2155 3361 4460 4329 1865 8186 2342 4830 9779 9833 7618 106 
1270 8578 6399 6186 902 9839 9502 8295 4480 8605 9433 1186 6476 1436 5006 6473 1463 7304 3941 7310 4849 9457 5693 2615 206 5155 7285 1922 4445 3705 2973 2570 7239 3012 8762 3917 8642 7891 5369 1235 8 507 7020 4607 1820 8038 4633 385 7115 2207 3911 9234 6424 5168 2400 4607 1404 8728 130 5290 458 5176 8093 1461 3242 7600 1322 2233 920 8626 4363 3664 7369 9964 9959 1235 3300 3288 8 8245 9936 5712 362 7830 5417 8781 5359 2057 973 730 4661 122 962 6087 2437 5597 2365 9087 100 6898 
9814 7128 7156 1878 1654 9129 9976 4242 5213 6025 8749 5814 4390 9261 8083 6350 4451 3662 6868 9043 3278 9841 227 9172 4600 5215 3986 8307 7927 8230 7064 8834 242 3218 9659 1358 6677 749 5430 139 7347 7449 2658 5251 5881 4947 2501 3860 8351 3260 2270 7917 8267 1984 7832 7887 3569 8777 8195 6195 661 6990 1137 3661 1548 6745 8453 9539 247 2420 6124 6032 9395 9989 1613 446 5451 4132 9964 5528 4345 1352 7967 2302 8698 7722 5255 5522 653 5159 5369 2647 7860 3320 2699 2614 740 1374 3075 1761 
8362 443 7765 7214 6335 8775 3088 8970 6957 5452 2164 4364 9176 1094 6095 4863 9621 9034 5776 4393 6950 5164 3300 6448 2477 385 9923 7398 3789 8039 1883 8516 7073 9986 8696 9201 455 1629 4379 4112 9018 9980 4490 5140 2598 9407 8051 3837 930 7231 382 8693 7357 9888 4570 6809 3527 8179 6821 7840 2495 6183 3702 2572 3260 4504 1005 7885 5992 5020 991 6962 3314 9302 3761 4054 5930 8144 9088 9916 3603 523 2864 2420 963 4236 7150 5224 1550 5153 320 9092 9759 7977 5127 4276 974 7074 1056 1252 
9063 4351 9321 8993 4120 649 942 6781 7798 3841 4685 8356 4778 1915 9654 3733 4170 6193 3020 2477 2554 9606 5647 8141 900 8419 7293 9958 2649 7462 8700 6644 6642 4740 9508 8786 9348 5895 6561 6516 6917 3005 4521 9702 9065 186 7128 1554 2843 3452 9903 3683 1487 3345 5240 962 7672 9725 1068 9653 7001 8165 5718 4710 4613 5138 1677 5798 4269 1156 7075 1414 406 1715 6212 7469 421 1338 5633 2762 3514 4832 3795 4667 6681 2381 9602 7282 8623 7787 6841 7645 2942 9123 8623 3290 3830 1314 5938 717 
9398 859 3263 6678 9779 224 822 9551 1473 687 3592 17 8660 1803 2731 7123 5946 8627 2171 6254 322 1408 330 58 2480 5208 1598 6379 351 3327 6784 53 9761 6876 4124 1500 7016 1554 7571 9323 7325 3080 5968 5165 7271 7101 9922 1199 6154 225 8530 8226 4022 3523 5156 8189 4277 8871 5918 5118 6482 4771 155 3942 5051 2170 4210 2878 5148 3264 9562 4144 8173 372 4305 2685 7504 2675 3986 1765 2407 5685 3223 850 6307 728 2762 8870 3207 3083 9198 3534 2478 2285 9317 9997 3842 5896 3206 5919 
3109 7625 9059 2022 329 4542 5442 2631 2451 1576 8662 7036 7275 7399 6374 7411 5907 4262 9705 5016 7053 2809 2630 5419 8115 4938 6890 3834 5485 8674 4624 1597 5113 9745 5972 8632 2138 5467 5386 9861 8060 6453 5955 5027 2532 1022 9876 3473 6351 1680 9278 7070 3863 8148 6118 167 5085 4368 1193 4515 6686 5281 2236 5486 9509 1560 9853 7154 7660 1765 3007 2824 2057 639 2180 1590 6839 8376 2796 8478 457 3330 5949 2895 4641 3245 3235 8270 4669 1585 3355 413 8421 2718 7316 1846 6647 1244 428 1623 
7347 2958 665 6157 5493 3330 4076 9295 1637 5251 1090 2923 1756 9853 2899 1104 8692 6142 9472 9629 1984 2619 9324 1557 4225 651 9070 9229 7748 3514 2630 7215 5417 7283 7616 6945 7302 869 825 8447 990 2966 3825 7854 8258 1893 8954 148 5655 5451 8718 9776 1578 1866 6279 4317 631 2225 1806 1757 2839 3420 408 8431 7306 4460 1558 8155 2577 7235 9803 4087 4269 4812 6103 3464 4147 5582 8355 3025 8828 7651 3745 7262 9805 7253 3848 9244 6706 5877 8735 2090 4211 9005 1487 4440 8942 3664 9478 6320 
9912 6126 5405 1307 4065 1357 8888 9556 1732 1029 1509 8599 8222 7509 884 5279 2342 2451 9525 7382 1437 7507 7302 8506 9195 3675 3314 9651 7645 3791 9271 7652 2839 332 3481 9389 4799 6348 9444 3509 9784 2887 7583 2637 2782 3169 982 8743 5054 7388 3145 4466 3691 8779 7186 269 2374 1892 3590 9074 7494 8291 620 7964 2594 2986 1981 8412 707 8566 4472 4125 8350 1021 1108 5832 6406 3346 6812 2925 1734 1092 5033 8121 8632 8568 3750 5638 2240 2568 3001 3521 7731 2989 4956 6649 4556 9682 9479 5094 