4646 6583 37 6414 3972 3706 5931 7493 6316 3791 461 5940 737 1854 2833 9084 4475 4445 2066 8502 7314 6884 127 5499 3610 4441 7500 629 2262 4880 533 1822 8287 5116 6428 6205 4082 3571 8139 6744 1624 309 9016 4783 7602 6999 6550 1092 1887 3833 9166 2517 9118 4918 665 3401 7951 8181 1591 2499 4534 7053 24 5272 3921 3347 2071 3570 8783 2188 340 861 5113 6912 6679 385 3307 4434 2290 6944 3760 2446 8109 8262 9023 3053 7201 1676 3758 5032 6831 7441 2257 7 8702 4865 7521 8417 9646 7260 
3233 3839 2119 2224 8848 596 9276 4279 7738 1440 8890 245 7811 2597 6149 6533 6006 6822 8061 3222 4464 2043 4667 7569 3284 5416 4974 7386 2901 363 3987 5952 4405 5121 870 5415 129 5053 5417 1735 1021 7397 5941 1033 5946 7256 6153 2671 4156 8136 5532 9979 1134 5572 2425 4874 103 3809 1186 8739 2563 8854 6332 1750 1363 7083 4413 5233 1202 7277 3682 9172 7089 6802 8302 6222 7643 6275 8954 5356 1256 57 8105 2191 3138 2081 5616 2804 5062 9506 2351 69 3208 3600 4941 7795 3014 8137 8598 1013 
6102 3757 5762 7510 3909 597 9173 6988 968 417 2110 1742 736 317 3506 392 3423 3247 7791 3947 555 1641 9237 9127 2758 9523 3187 5157 514 1026 7328 2288 5713 8206 2308 2879 5557 7623 3160 8319 8128 2174 3492 1405 1360 2348 5568 6366 2767 9549 2804 0 4591 842 5174 2092 9510 5380 3611 236 2178 8309 3295 3198 5434 6982 5456 3790 7095 2529 9054 4624 2795 6245 3727 9183 7406 5721 1935 9576 4188 3242 9483 2701 1848 3474 6844 3210 1490 9500 6016 2593 4442 7685 3676 1285 3629 4397 1230 3906 
1236 4339 4548 3586 6839 6986 6783 4216 2351 5668 6433 5369 4249 471 5217 7523 8663 7732 8222 6816 5482 65 6297 2731 4106 5024 2161 4287 5696 7451 5391 8816 5336 577 4196 128 6381 2632 2563 3243 9827 2086 950 9867 1189 8118 3395 3917 718 4864 4630 8718 5167 5094 9980 232 4847 91 2173 3920 7309 9721 4888 6985 8922 2146 9274 2819 1775 5397 6707 7822 533 1365 9708 7678 1810 5699 3070 3820 8990 9822 3561 483 4945 2219 2472 3021 783 8132 1594 7016 1751 1561 4103 8748 3186 2900 8058 8473 
7649 2678 4411 1050 3316 2274 5876 1981 920 8379 8241 1736 5749 9386 1814 9751 916 6002 9867 3930 6134 587 5471 1028 6162 7326 5442 453 2658 8202 7680 502 8694 5856 775 6877 3731 1688 7104 657 3222 8705 9654 7569 3586 6654 5416 6067 980 5810 6009 320 7604 7895 2511 3360 8056 8971 7125 465 719 3007 3093 8158 4224 5029 4896 5723 3027 4524 7337 1529 9679 6681 4906 2042 2709 9607 110 1928 2517 1490 3210 5139 9524 2993 7489 8353 1658 3397 2924 2360 8496 2561 6648 5145 9905 9925 4006 1132 
1821 1630 8646 7013 5739 158 6825 2423 9878 2142 7140 6071 2611 8542 9436 3233 503 7732 6118 1555 8118 1780 8261 2755 9223 1962 4697 5910 9004 843 2036 2237 4705 2687 9988 7995 2360 361 8147 9697 3607 193 5757 5054 3222 8630 6033 17 4417 8762 9671 4284 7807 8267 1791 2410 4864 7381 5230 3088 1386 8205 5370 2412 6606 4114 1137 1454 9043 6172 1274 1242 703 5962 2741 2935 6392 8127 6202 7518 532 5086 2595 4660 4174 2652 1282 9398 287 2930 3779 6313 6790 3400 8893 9517 968 4996 7997 2488 
8029 1470 5583 2582 444 315 5795 4661 4666 8385 4854 8195 5416 6073 2291 4692 5346 5833 8256 3984 4758 9966 2867 3870 2547 2841 7449 3128 4204 9846 2276 9022 7269 4755 1639 2530 8567 4688 712 1161 7589 1966 8949 7369 5389 3951 7459 2056 2651 2137 6261 5391 3717 9424 5292 9292 3073 4402 9982 9406 9499 5220 7529 1709 6015 4007 4688 1498 3767 7222 3145 4596 2697 8957 5661 2196 6010 5286 1575 7782 9675 473 8560 7309 1970 8261 844 3147 133 5722 6758 6186 3673 1767 8588 8667 4215 8265 7157 2630 
6621 9652 7352 8671 8339 1394 4186 1564 4702 567 5217 5452 65 3770 7093 7684 6438 6752 8799 8982 8127 7842 9050 3989 517 8749 9412 7979 9881 3674 9822 5315 1406 9326 9356 7313 9202 2479 9371 471 5444 6850 3745 5360 8340 2141 5215 1812 9025 8742 1801 2366 9612 1538 9774 6176 279 3783 7027 4165 4256 6929 5534 4297 7608 342 5310 8052 1208 3544 7458 6464 1563 3850 729 9356 4209 5569 6931 6623 3894 8449 4139 9690 8056 7261 9602 9361 2174 9038 9763 9549 9043 4336 2918 2388 8095 2946 1000 177 
5729 4918 7941 2848 1453 9371 3413 8731 5358 8641 3115 1465 5594 8367 6600 3744 1452 8787 6003 3343 6075 501 6313 8916 2433 3664 8404 9753 9499 2506 4320 2429 1504 677 9327 3732 8905 9072 7772 9873 7626 6778 7756 96 2109 8207 1924 7936 5134 1168 400 7508 4867 9909 4737 2452 7302 9397 7689 8486 4574 309 4783 738 1916 2429 8689 3097 5587 801 9566 9289 2442 580 6907 5923 8008 4224 9217 3804 6195 9704 3483 8359 5557 1959 8792 2725 9339 6362 4973 1455 4935 317 8096 2419 6877 4426 5732 1600 
6797 4430 869 1606 7937 9721 4888 9373 5054 2146 7971 8669 4867 2326 5969 2096 3643 5021 9940 6794 3743 91 4453 8962 897 1707 3445 5581 9395 6193 2605 9669 5383 8775 5953 9805 900 4529 9123 2402 383 8748 6135 1806 6801 5997 8919 7667 4916 8289 7304 1235 1053 4548 8265 9369 4563 7559 1021 3210 5040 8115 3127 6019 6067 1494 7951 2484 3329 3361 6116 7340 1824 136 9620 3106 9940 197 4758 9966 3439 2890 7395 5661 3203 536 5615 1643 7112 7687 5286 5373 9867 6212 2395 9157 7905 3191 6145 4182 
3629 464 2531 9765 344 427 3103 9941 6915 8865 1414 8420 7610 1820 64 6550 6331 3588 1210 7620 5426 6970 5155 2199 4269 7504 8734 2733 1956 9881 7433 4491 4023 1070 5686 8750 7743 4072 7685 9249 2562 7939 7465 2422 2614 1578 2728 5211 1813 4179 5679 1093 8672 4469 9700 2470 5184 6650 750 6291 3792 4179 7369 132 565 724 5243 859 1333 323 6252 5098 2582 1609 8951 6493 2651 1945 4425 7056 2416 4418 3446 7392 1625 4317 8704 7185 2144 3575 8691 4388 6179 5156 6011 298 9808 4799 2485 2513 
5037 8246 3772 6135 1604 7552 5092 8371 5039 8705 6904 4913 2237 7066 1280 5440 3103 7306 3305 1388 272 4585 9108 682 7026 1784 7154 752 2046 351 9220 8402 3814 888 5154 5373 6443 9900 1620 4744 7908 2341 6517 4838 8378 3932 266 7760 4819 2551 8294 1105 2561 8535 1108 2555 8981 4748 9919 3861 3779 6620 2582 1733 8701 1778 1110 5635 5747 3907 8347 4615 9918 2007 2862 5754 9955 5440 855 2598 6561 2044 9069 5860 3524 5836 8370 5631 4914 8422 3018 6210 5332 2672 8897 5793 5092 8982 6788 6571 
7668 5822 5329 4457 7078 4939 4356 2056 4814 1294 4614 8869 5351 2558 5490 1937 2718 1119 2462 8764 9680 1383 3889 6419 3770 2139 670 926 1941 4087 5809 4518 9046 8495 5131 7118 8828 3049 5655 4990 845 1110 9661 8410 4508 9639 1779 2194 1937 1696 6342 5568 5449 8615 9971 7673 3869 4293 835 4964 5002 1702 7122 3502 8183 2319 5374 9462 229 2960 4050 8496 1613 483 6441 2334 830 5382 2158 2366 8187 6380 2438 2165 6242 6334 3531 2667 9765 6507 512 7278 8032 1660 841 3199 718 7026 792 6852 
8440 9329 2932 4014 3973 713 5464 2396 4122 3451 6887 485 5875 4805 8306 6366 7770 5347 6439 9490 6685 7840 6331 438 6891 66 552 7912 7482 4219 3647 5274 4725 5710 7635 8700 5828 4578 4693 7805 5362 2192 4059 4770 6832 1884 6462 3114 919 6853 8862 2921 1452 6368 4477 3507 1578 341 1277 1999 6480 3694 7098 6092 4718 1832 741 4768 127 8013 2357 5531 1148 1718 8082 4280 4469 5422 8797 1717 8662 3152 6036 4530 426 8910 457 7790 4480 8218 4498 7636 4190 9964 3750 1328 5793 8414 8733 4767 
3201 8433 2421 9886 6321 5496 2785 6181 9412 239 8507 1782 5630 5575 2702 3064 5148 3071 7278 4572 9541 6719 8831 4154 9570 8993 5395 902 4585 9805 2660 2815 1582 3786 8856 1471 223 9397 4055 6795 625 1376 1254 3951 2866 7334 3893 9573 1960 6943 4953 352 3808 6181 8181 9715 4563 7102 4747 4259 4802 7168 1832 5003 3913 3545 7437 708 1333 3743 5228 3980 862 1521 9790 784 6834 700 1323 2868 5877 6449 2699 9509 9517 7904 929 806 6322 3612 3122 2117 9481 3552 8435 1764 4354 3822 8858 8691 
7056 6424 5216 9857 5273 7314 4284 2110 4476 698 4757 8419 7826 9729 1680 4106 9857 4848 8895 9708 1530 4079 8233 9018 285 400 3333 6923 5842 476 411 8493 5730 7232 9928 1286 5457 323 4215 5100 5106 4518 8187 8456 5006 9402 5053 472 7684 7774 9373 840 9518 1869 5019 983 9683 6925 3823 5108 7987 8331 4752 5848 6726 8519 1698 2194 2468 7664 5663 2649 7153 1263 6024 3952 1075 6858 4684 50 7840 664 3044 7557 2714 2336 1199 4128 1713 2590 9701 4726 1124 6673 4670 7565 682 8577 5406 3464 
7444 6504 1808 1229 6133 5829 1220 1980 4492 1936 3714 3325 4995 7176 7806 5010 3762 4642 6868 5156 2057 8664 8910 7567 307 3753 8694 3131 5596 4662 5205 3271 7001 6475 4956 6768 1165 5373 2422 9748 808 9357 7448 3352 8211 7174 9016 3258 3533 7564 789 473 9042 1910 8661 8649 4746 9010 223 2996 3749 1387 6782 5145 4278 813 2587 5850 3366 9083 3366 3036 661 2211 4319 8107 3332 9029 8166 7799 5214 9802 7605 2376 9233 175 3162 6294 671 1346 2468 4601 13 9720 2707 1513 1829 4831 8367 5361 
4487 459 504 3638 5073 2457 3015 6073 6590 2833 8743 3698 1133 3220 8595 6078 4663 518 5682 4852 9048 962 8595 141 9288 2328 6953 3088 3624 7248 2045 7888 6952 5461 9700 5994 2312 1828 7207 2208 9810 4372 1343 4394 5380 5030 628 2867 2741 3534 4474 1856 1441 9598 5245 9965 4600 9911 217 2440 5373 6443 8313 3283 9626 2769 8021 5140 7011 5152 6980 6865 659 4378 9137 2853 4933 7863 9500 4370 513 2712 6100 5224 9630 6243 8842 6856 5565 5887 5309 170 9486 6374 7964 4859 8512 7507 6914 6719 
8993 9759 6330 9022 5202 9533 482 4373 9553 1904 1718 9249 7743 9452 4411 447 9907 1685 7413 4619 3546 764 7329 9082 8240 3504 2011 1029 3472 1101 78 2941 9253 8665 600 6276 7038 4033 238 9496 2083 4858 7976 1497 5815 1817 490 8942 7031 4708 5789 5390 1064 4009 222 3606 3562 7497 89 8547 6271 312 825 4126 4495 5021 1028 6079 6410 4008 1162 8015 9248 4243 2024 9428 696 3664 9049 8031 4730 4176 7466 6155 399 8505 6860 9912 2644 8101 3484 7359 7153 9477 9149 3752 5498 9272 7085 4711 
6082 4580 3839 9390 418 9244 9825 2930 8477 7756 1595 4930 5531 8743 7891 5754 9187 5614 2475 8994 3414 7100 174 6429 7168 563 8039 4054 5121 3626 8718 4933 1618 2025 3041 593 3165 4091 9376 5564 4446 6135 6221 2219 6136 1331 1791 1522 8003 4889 3098 9080 3157 3175 4068 5775 3902 2083 9153 6695 5427 9941 6775 997 4186 6611 8109 1444 4091 6511 336 5823 2977 9597 7457 3259 5089 9679 8076 2971 6753 513 2177 5370 8363 6258 6203 544 3455 7069 7521 5614 8724 2776 9765 1616 566 6511 383 148 
1341 5407 4708 2659 6703 1301 9698 2257 5465 4619 1267 1693 1680 1276 5204 4467 142 9266 6771 816 625 2943 9694 6915 9729 7358 885 3068 3545 302 8628 1363 6957 9642 6609 5045 5921 6919 3361 2903 3059 7654 3425 6471 6616 1263 681 182 6863 4189 1873 400 3908 7372 9382 4373 539 4655 4971 501 6682 5702 7768 7587 7926 9947 9675 9264 9321 4470 2738 1639 3747 4318 2999 5948 1845 3612 1582 8613 6331 2206 2868 8318 7239 7341 9799 1803 7882 5845 3612 1307 7289 2415 8951 6493 369 1367 3952 4150 
4031 8381 8443 4936 4097 7456 3804 2261 9354 7931 117 1578 3073 4991 2176 5156 3103 9356 9296 7319 5592 8308 602 791 5972 9578 7198 3811 9821 7426 6389 1711 926 4468 2113 1555 4078 2685 8296 5250 8977 4933 2996 3041 3089 8586 4091 193 4054 497 6221 4418 6254 7898 196 9490 5114 6814 2718 4885 9470 430 897 9285 8728 3511 1199 2854 3855 8667 2871 395 7771 8313 6747 2384 773 5912 754 5954 5104 566 4807 9478 3864 231 953 1683 5623 5025 1544 1739 8326 1076 2741 6475 7902 4434 4901 7918 
5689 5881 4568 1998 6648 612 4565 3368 333 518 7657 8626 5814 6972 1505 6123 7203 1302 4454 9310 8227 4223 9018 1750 7388 6583 953 1819 22 1062 1501 3375 3358 8154 3400 3606 224 5530 1472 1515 6544 5611 6443 4542 2565 7116 9457 6384 4254 985 3571 9691 8846 4477 6356 4069 3592 9799 674 878 8451 4974 5486 1941 9871 2923 6720 8069 2557 8708 5083 3949 5174 9908 3457 5757 7019 7373 8129 5418 4796 2968 3181 9912 9418 5356 8496 7054 1674 7673 2011 4146 1434 5231 2451 8321 23 2103 1983 2551 
5059 1269 9613 599 292 2290 4484 6880 8462 9602 2124 9553 1411 3584 8064 4962 4915 5574 1295 1563 3406 5229 6690 5897 5330 5549 6307 8809 1748 3760 8271 3031 23 3169 185 9252 7621 8421 2146 8735 9899 1044 5900 4229 8466 1730 8218 2645 3109 4792 3061 6989 8033 6016 8067 3406 3460 8669 4837 3456 4641 3294 3534 5464 7511 6867 8944 6268 7806 6673 9232 7815 1540 8365 8624 967 32 4048 9102 6130 712 3139 2276 6212 7776 1755 4657 8858 3812 7889 8046 7404 4045 3107 1380 3644 2964 8600 9947 3130 
9523 9206 5037 6581 4157 6763 2815 1063 7749 9764 1737 9441 7697 6877 2264 100 9257 1872 9382 6418 6343 8615 5801 2783 2204 2377 1933 7788 7117 4536 3815 8551 1597 1069 1155 4562 6254 6282 1569 56 6237 7985 5699 3622 6311 4147 3469 1163 7497 3454 5702 9887 5488 7613 4461 1603 7913 7308 126 6642 2342 1024 7095 4774 3580 3677 5057 7768 6279 8706 7294 4863 9026 3020 3241 5106 1495 6358 5709 5464 6964 4097 5246 4096 474 5497 3350 7876 5579 6676 2593 5890 6762 1864 6952 1009 9905 2590 6937 4516 
5326 1215 7853 565 8325 2949 4 4982 8391 4516 6415 9604 729 8078 1135 6738 4798 4237 4216 5303 1333 8389 7154 3758 7085 5466 2041 3182 1672 305 7595 4525 464 2278 2674 5453 7308 7335 1321 1000 8183 909 6623 6786 3667 8289 921 8922 5432 1152 2430 8733 1951 7544 4911 9710 4138 2604 2470 677 2947 6781 6491 4688 3367 4210 5151 1433 6180 3324 2834 6418 2226 8622 4302 2520 1968 8085 4526 3507 5758 4553 2554 8019 4149 8610 3933 5739 900 4525 538 8883 8413 497 2446 7477 2828 8705 6159 5766 
1259 9564 9247 2675 8448 5498 5073 4290 9250 7386 8558 9295 9388 5155 2432 3286 8819 6594 239 2716 6707 8639 3013 8982 5036 3134 8883 9354 9969 7354 2876 4871 7925 3023 1540 1195 165 5753 9138 6562 7961 5102 6055 5989 1928 247 7101 6323 9880 6504 5117 6223 9468 6743 6877 8564 670 7202 9752 6909 5863 2054 679 1449 3525 1006 8537 1264 6707 8055 8125 1649 355 7860 8484 8544 117 9191 4686 7404 145 612 9877 4034 4215 8383 6131 744 2352 9414 1766 6375 3716 9513 1741 1164 6670 5076 9459 8523 
9098 8882 9409 3235 8079 8973 9243 1995 460 2341 1873 151 2193 9496 7869 7076 8383 5909 6369 7653 2549 3061 5198 2968 9412 8908 7992 5735 2811 5569 9894 483 1508 8122 8956 1258 7346 605 3277 4915 4876 819 2818 8454 5538 7071 6505 2925 8195 5418 2313 680 5949 4020 7118 7694 3989 6081 8843 4453 6716 8538 4112 5143 1624 6926 1328 6847 7028 1211 377 1877 2342 9432 1514 8474 1719 1596 4 5439 3214 1134 5634 3878 1815 2087 6375 5539 7101 2725 573 7654 6626 3845 6115 2989 3562 2511 7589 877 
9938 3828 3650 575 6768 3394 2151 2199 4671 7323 4326 1053 4107 6388 3568 6120 4025 8643 3314 7900 2600 8429 7270 5912 7805 7037 6759 5892 8532 1267 9508 1577 4467 3165 5749 5254 8420 3452 551 1280 8133 3813 5791 283 8452 1507 8666 867 2388 9352 7120 9085 8607 3546 4848 4666 7254 5582 8533 9958 5249 8138 7312 1116 3480 2259 3463 9720 6395 3792 4368 9690 4770 3372 106 1065 687 1672 5822 5218 7171 2676 6549 266 3928 2466 2808 3941 1732 5262 7377 1866 2637 434 7376 8402 1323 6467 8414 321 
4876 2983 5381 2223 8398 3922 3104 4778 795 2946 9627 6404 2446 995 9394 2029 718 6779 630 5785 3914 4709 4008 556 6028 4586 4365 9269 2427 6110 4904 3945 1821 1445 1780 3444 7701 7814 8066 7712 8458 2935 2743 4363 8791 121 7384 7013 3160 7803 5568 7014 7880 5545 6037 258 1429 154 7348 3623 8616 937 2493 5711 8025 3054 2847 177 152 3315 6697 4703 630 3317 2648 6278 2292 9200 4870 1249 3350 3699 3253 5840 5297 7432 6918 1041 5588 8176 2595 5846 1213 8944 6836 6209 3412 7458 1987 6122 
8184 4152 5790 484 3919 665 2127 3331 7640 1794 597 8911 3063 4275 3822 9850 665 333 7972 718 892 8663 1164 6303 3105 774 6133 1645 1220 2108 504 2681 8778 3325 4787 3342 6868 3930 3724 7087 4651 1509 7280 700 8163 1323 2868 3738 3419 6875 9033 4479 2818 2601 1685 7519 8119 4662 5943 9642 9486 8080 2280 6374 7964 9084 3676 6452 5785 635 7359 7153 9149 2018 1687 9138 3908 3309 7356 881 9782 3741 4436 3574 5535 9212 3684 6471 7274 1131 8365 4745 6182 760 562 227 5961 8785 5265 5619 
336 8895 908 5866 7822 8898 2024 9488 9428 5393 4367 8652 571 4612 5107 2236 9598 6586 8453 8640 9831 2153 2224 1361 1847 2253 4689 8695 9426 4222 9611 4176 757 364 2801 2122 3588 4333 3170 6293 6972 2241 2916 2761 8536 422 4518 5395 9450 1818 5763 3699 1291 6918 3853 2595 70 9382 2055 4908 7841 9123 9193 7651 7703 7775 493 5646 7470 2637 1826 5299 9358 2063 2899 3110 6873 2557 9830 3394 131 3071 9059 5879 6400 3847 2703 6242 6334 2667 6200 8950 4211 7819 4392 4011 5410 3239 2361 9738 
5445 4987 8645 971 860 6516 7474 9213 8034 9587 2582 6571 5624 2673 9881 2717 2792 589 9092 9013 9323 3515 6556 6136 7618 4069 2978 3943 576 5485 2129 4474 8563 7704 2573 4856 1068 7182 6168 3575 1343 7067 3822 2185 9722 6145 681 9606 5260 3023 2863 4388 849 6841 9231 6817 5313 7856 9976 660 1877 6227 8366 330 1330 9429 9391 2744 7490 9307 765 6876 6382 2780 339 2331 1215 4130 3116 2005 9788 5803 2723 5544 9284 4578 8905 1041 8383 1001 897 3127 5425 5059 7711 3649 7640 8013 9617 9328 
3741 2357 7239 5531 9030 1718 3215 5741 927 8082 4295 9913 7237 2854 1578 3938 9706 4684 2420 6988 664 5337 2664 8044 1430 3946 6093 7893 3785 4024 8154 1669 3581 6533 235 6353 43 8773 6988 5293 2782 7119 4021 3652 7418 9309 764 6155 6318 2551 8457 7230 3478 2874 6619 227 2208 7276 4249 788 8019 6589 9319 4532 1989 7724 3920 2943 5407 9508 3403 5242 7361 9848 5657 6509 8731 270 9416 5407 4097 7632 9562 4425 3022 383 6492 1353 5831 2519 6306 3851 9856 1209 332 7185 2699 9494 7716 9445 