3655 857 1535 4197 2931 2487 417 3463 9934 5337 1903 3670 7076 6484 1135 5003 4632 9253 2143 7154 330 5753 7093 2870 2893 414 688 3149 1482 1626 3179 5483 6682 2558 3398 2806 1885 4245 8168 6881 937 2104 6494 924 7065 6164 4362 3111 6642 7110 9550 4078 7105 1057 905 4141 6726 4197 2549 2924 6206 6410 9652 4726 751 9869 8572 6619 7133 2796 2085 2841 8884 9587 2784 9072 2381 4399 3993 9064 5664 7338 8795 1171 7029 1461 4690 645 2202 1924 1902 1729 8084 2486 961 3991 67 5058 3015 8596 
8130 5703 3766 4320 6982 4888 9030 6389 6223 3506 395 5348 3731 6544 6168 9527 555 8486 9791 2069 2322 4499 5059 4096 9354 2304 2762 2201 4434 9290 193 1173 6772 9620 2680 2359 8563 4516 2967 9661 8820 2893 9954 4091 3864 3276 6731 6261 3043 4117 7270 5173 5844 525 3631 602 1559 1108 3277 9750 6226 9876 7548 4396 6178 2018 1733 6737 9613 7517 8946 6850 614 940 9745 8307 6797 8013 7498 8450 1193 7193 1508 8271 6855 3683 6563 3207 6427 701 9723 6709 7800 1837 5276 1257 7383 9754 1020 661 
7669 6717 2123 3061 9803 7336 9728 5005 7290 4894 6851 5337 1269 771 2238 9313 2952 1078 931 224 5553 6927 8750 9086 8308 9854 2011 2899 2025 9277 2465 5081 5970 4421 1769 3984 4496 7887 8572 8837 2467 7301 3523 2124 7323 1384 5197 9514 8705 6426 569 6932 4491 861 5853 1229 3785 2818 7367 2337 5750 1221 8516 3994 526 6842 7977 5413 1576 3704 2244 9417 5650 4103 4792 6686 3565 9416 9914 8337 6348 8845 8074 5028 8831 2654 2653 2313 4829 1551 1219 483 7118 5665 3804 4010 7802 4160 9055 6475 
3555 8177 3340 3463 3651 1088 9269 3229 8900 8415 0 1639 4269 7609 5451 3929 4432 2423 7850 4626 0 2633 3797 4798 7059 7427 1698 2194 7473 5663 4359 1788 5728 2157 8759 9788 7987 5812 9454 7340 1007 1550 9831 2449 3832 5839 2218 7897 2703 6684 7986 8170 8684 4577 9153 9048 9628 3425 655 2136 6065 9402 5904 4299 773 4168 7364 8601 1849 8522 2186 6338 2367 4792 6438 4179 5674 7126 9700 689 7000 3391 2730 9108 1098 5637 6056 1873 4901 8265 3483 7453 4991 9083 3656 5543 6159 193 528 7132 
897 341 9167 3987 2799 2193 4159 2823 2113 5585 4447 4215 5894 7718 159 7485 5541 2577 7119 9425 1639 8513 9577 8496 1544 5015 977 7775 735 2898 8157 8103 9739 870 4182 5246 2312 543 5086 3189 2427 4234 8862 5183 477 5477 116 4594 1281 4 2308 9744 5749 1242 2763 4985 9911 2841 9176 2715 8087 8688 9485 6032 8664 2697 228 1861 568 450 8439 1888 2241 1061 6328 1581 8108 8782 9153 9848 1664 3520 4545 3327 2481 365 3349 6887 735 3253 996 6268 6434 3138 4982 4087 3763 2758 8966 5630 
8399 9522 8781 9108 9056 4155 2402 2841 5286 6830 6244 7281 2474 890 2542 774 8994 1523 2358 1551 6103 1185 4139 1303 2259 9999 2031 9546 6585 1064 7927 7521 2400 6353 9877 4997 764 289 6218 9734 401 3762 2259 5063 8829 1584 8565 116 8317 1445 5906 6202 9441 7581 4470 867 7471 8665 5632 7109 6263 4758 6228 5126 595 1081 7495 1767 9528 864 9406 548 3478 3052 2790 6280 2996 805 8548 3048 734 8185 8058 7397 7988 4741 3776 4668 8608 1307 4210 1924 3785 5550 2615 2216 7680 4185 9258 567 
4829 5213 2495 1441 3937 236 9920 767 900 7349 8378 4992 2872 4086 6549 486 7437 1325 1215 5457 3224 9169 4210 6485 1739 4611 9181 7775 8334 3877 7818 7122 6662 7772 6355 5814 1963 5551 6932 8491 9091 4375 2055 2727 4933 2045 9214 4701 3937 1294 9489 9281 1348 427 7345 7908 5603 2508 9653 2873 7207 7651 1093 8374 2215 3011 1247 8867 6558 8781 124 5956 5740 5221 3595 4324 1271 8966 7616 5453 3931 465 10 7455 2625 1925 6993 3997 4851 3091 5846 1217 9702 881 9858 8597 9073 3937 5644 9373 
2251 273 7560 2230 7377 1809 9414 4210 2808 7041 4698 7722 9952 3412 8389 2655 755 3740 3141 6216 2857 9465 6580 9962 4650 3006 2192 5728 4438 3775 6896 635 9392 9252 6405 258 6842 1401 7758 3487 8068 1736 2326 8633 4930 694 6298 7138 2502 7457 255 6392 1427 5719 8298 8464 6690 3811 4826 4927 6587 9890 5073 7181 4575 2931 5021 8862 3750 5651 6015 3841 7613 8200 21 5477 8429 6932 3780 7239 7341 1803 7090 198 8830 4375 7788 8018 6493 369 1367 8453 6089 140 8075 7182 5262 6523 5200 853 
3906 4129 1972 8468 1912 5357 5520 3265 8691 7826 7260 2308 9729 4205 7238 6424 2892 6452 5642 6486 5202 9533 695 4307 7922 660 5373 8540 6801 7808 3287 7685 9379 8417 4934 9989 1517 6361 8515 8496 3861 4599 193 8621 2479 7178 6349 7133 9193 7406 4788 8369 8256 3690 9308 2881 785 3635 8435 4983 9556 3667 5053 35 6390 9076 816 1442 8265 2 123 4179 9366 8219 4834 8643 2967 3999 3730 8558 1867 8055 8326 306 7016 3372 1690 8474 8644 5365 8549 3369 4713 4404 719 155 281 8163 2218 6533 
7466 1162 808 5789 9059 3295 9784 3728 9964 4249 1078 3608 8109 2455 5813 2810 8641 5178 8171 8549 8074 3730 3389 781 2702 1867 5437 6413 4783 9487 1755 9314 5533 954 482 8701 5404 490 6945 1205 1662 9532 3245 5593 7465 7215 5231 7873 5217 667 3122 9541 1852 4033 9021 1266 4169 6672 7724 4860 8945 6149 1816 7395 6917 6354 3186 35 1805 6393 8081 784 6390 1540 7147 8850 5969 9692 8725 5119 7108 295 3037 7610 7792 9648 6761 6556 2656 6135 4629 4527 9034 55 1640 1845 1684 5512 7475 5497 
9048 7649 7614 3015 3105 3360 4511 2929 6957 7487 1499 9189 3184 8817 2784 8119 5447 875 3324 3676 2546 4391 9212 2661 1266 458 6067 5921 7072 7199 7585 4576 2598 1773 6457 9058 4309 5395 6099 2803 3743 4214 8686 266 2797 4494 9065 1791 2458 61 8142 4075 9237 138 7854 4463 4570 7611 2216 3150 1960 3976 2810 2090 7432 880 7370 7866 4067 173 7573 2252 9534 9862 2172 2536 6397 2562 618 4837 2327 8378 3781 7554 5596 4662 5205 4730 8129 5099 9936 1703 4834 2389 8545 8531 9407 3216 9889 6962 
7410 8597 2035 2382 3316 6532 3786 8507 8307 1366 3293 2570 6706 8119 3429 9282 6478 6562 7671 8524 2578 6312 2392 505 1089 1537 9055 3716 3526 5120 4532 6714 4805 3404 8294 8664 8878 4662 5282 7728 4178 8392 7283 5504 6542 3763 4301 4176 7123 2712 8489 7676 2011 2663 7942 383 811 3029 9920 5306 8790 9760 5852 8948 9533 4556 1719 7576 2066 4673 9444 8327 6420 9593 5082 5029 4903 7197 6872 7785 2697 1932 5585 7364 2877 8455 1444 3805 2382 7960 9978 6136 3580 4354 6419 1328 4654 3660 9294 3317 
5473 1569 2578 5243 9876 7594 2392 4963 9055 3716 4620 2843 8049 2126 5760 7585 6109 9261 1478 1926 5425 6514 4259 4802 9721 8549 7776 9225 5835 6177 498 8452 5946 8172 601 4819 3918 1967 2730 3258 4949 1804 7331 1411 6260 6238 1697 4955 531 6792 7773 9133 22 2780 4209 2789 2566 3734 8362 195 9840 6265 7248 8971 3640 9768 4422 9130 9774 7462 6739 4168 5940 3834 537 8085 1374 6834 160 4644 2771 5632 9185 8895 3268 4367 5141 5839 287 7340 1563 5285 4926 4375 7788 8018 7921 2415 6493 1363 
6026 8453 3952 6089 2144 4150 3971 7802 5252 6184 4031 2507 8381 4758 6119 4138 9707 2858 1424 6378 2651 8551 3755 9939 6769 8945 3379 4577 7676 6384 8417 9048 5922 2136 3105 3360 8734 548 2538 5149 7703 7835 3045 3799 3104 3813 3884 720 6812 7308 6199 8643 7293 9307 5882 9276 8952 6760 3935 2986 9544 580 2684 5585 8498 3994 2247 2142 6014 5631 8955 9171 3206 9413 5617 1227 5287 6567 2296 2680 2295 9983 2831 3424 7930 4872 5068 8857 4985 4032 2841 4663 757 9933 3149 4800 7313 2420 337 1293 
6448 963 2881 785 3635 2981 7404 4978 4392 4218 1082 5226 4567 1658 3800 5468 5153 1690 9692 8817 3098 3630 2549 4708 2054 7844 2500 1087 9009 6298 8150 3547 9686 5850 9267 3715 7509 8023 9412 9642 3357 1597 1480 9213 6775 3205 8650 2017 3756 5178 2552 4009 9068 9394 7802 8333 200 5291 731 3059 365 4965 1014 4477 6148 6270 6814 8025 9808 5845 420 5521 9692 5974 5782 4868 7894 140 7889 5093 114 8540 7492 454 1003 5536 8634 1329 1023 9530 4298 6334 6635 3433 6324 7071 8132 8783 4229 6775 
6300 1662 8204 3670 1452 1947 8259 4954 1510 4970 3791 7749 9571 2808 7634 8577 3455 7179 6795 6757 2319 1296 9307 7174 715 9924 7680 8313 1873 8305 428 2976 2011 3842 3472 1101 3280 2024 94 8151 419 1050 6042 9160 557 4646 2858 4846 660 9173 5954 7750 3780 7723 6035 3265 5700 3453 1041 4925 8365 5720 2993 9944 2630 3835 8169 7706 8060 5982 370 7103 2614 2092 4075 4734 7734 8110 5188 6966 595 2858 9231 2422 3601 3005 5936 3818 4349 181 378 7227 3714 3937 4457 503 4141 9774 7647 7996 
5300 967 8073 5440 6011 666 9791 9627 1850 995 9394 2029 6779 3524 5346 6683 929 2390 3971 5340 9472 7558 3811 3577 679 8885 6707 4456 1475 8909 854 5337 8858 1316 4525 7609 9683 6925 8331 6903 3797 4798 7059 8519 2194 1375 5663 5110 2649 4069 3363 3724 7208 9328 9150 3385 4462 8308 5581 951 3113 117 1878 1073 4458 2639 8647 5880 9326 1927 2462 1746 2367 8520 565 800 3413 9081 4657 5578 846 6494 6321 2109 8009 1581 1260 4525 6092 7059 1820 5206 1056 3729 7194 1350 8011 5214 9150 8023 
9333 1887 361 436 9519 4625 8526 4768 9580 5214 9084 2159 9271 3657 8735 3792 43 3413 5537 3796 5658 2537 1059 1539 9355 1112 7083 5465 9740 4730 2331 6134 3983 4130 4007 7076 2005 9242 4137 4354 4874 2509 4339 8301 2483 3376 2505 1849 6142 1450 7218 6359 1996 2485 3013 117 5631 8955 267 3005 3815 1645 6496 7852 5903 7810 1152 6668 1240 6833 4555 9119 7131 7909 490 459 37 8327 3918 9943 5104 6092 6195 3440 8382 3737 2739 7034 2991 1459 550 6745 8085 8721 8556 9507 6852 2427 9085 1507 
9462 1628 4766 5824 5740 3165 6441 5010 7485 1531 3857 1456 2954 6577 6465 4503 3475 9061 6752 273 2588 6346 2582 1639 7866 568 9400 3812 2563 7150 4847 3036 9382 8444 6881 3467 388 9858 4710 9245 2680 5716 6372 5996 8281 4719 4609 6069 2601 2627 7709 9809 3526 4442 3696 1665 3547 8962 5157 592 8747 8625 9481 5016 8598 6335 1996 8573 9777 1691 7856 4205 3455 925 1103 4919 7308 6199 1612 563 6061 9307 6119 8021 765 2773 4072 4644 4139 3774 6728 2729 6668 8021 586 5572 3849 9458 4648 2541 
3818 2794 281 4874 158 7172 1981 2941 7216 5244 7108 1115 442 4369 8782 6781 9016 324 4318 6708 5074 1595 202 4870 4810 5810 4828 9329 7244 2295 4162 1438 3354 7304 1271 9926 9783 8186 5981 6959 1025 721 5758 8702 2126 3219 6980 3868 2477 4564 9082 8197 9196 9398 3954 7227 3947 8784 6062 186 1199 1392 8313 2677 4987 8203 3546 7159 6445 8812 6448 7989 1215 2886 6726 7173 2144 4311 8294 6679 1338 3016 6162 1828 8157 4867 1683 8135 7284 6239 4830 5519 8850 2791 4844 2972 7317 6404 6451 9891 
5109 2617 3312 5414 2915 2836 9282 4919 4495 3454 9604 6845 8655 7922 9104 5411 3479 4213 1117 7127 8608 984 8908 802 4971 2522 7275 7973 5813 981 2889 3316 1055 7419 5095 4659 1233 6396 9610 2959 5638 1802 6553 7770 8961 2596 3695 420 9442 855 8792 2351 4265 174 5819 8156 4480 7369 9369 2953 6639 7404 1745 9384 4893 6061 2958 2696 4526 6419 8851 543 35 1205 6038 4147 854 5337 4701 7433 8508 5517 295 9311 9518 7609 510 6925 3948 945 3796 6422 4288 5663 1846 1375 4083 4729 5728 8759 
8052 3464 8987 4788 7444 5380 2205 6504 9958 6354 3363 5147 6133 5829 1220 6123 8551 5869 3109 2755 8076 8104 7852 2745 6622 2900 5550 222 9612 6803 1544 4766 4826 4209 9403 5795 602 2695 3694 3804 1981 3502 6134 6920 9681 9727 7632 201 6189 3439 2530 7076 7822 1633 1512 7416 7784 4696 1283 2103 4306 7340 2248 9168 9926 550 9664 5225 322 9188 2701 1656 41 1210 7881 4746 4804 4468 1812 1593 616 6588 3838 4926 5829 6717 9695 1177 4323 3585 3705 4678 4824 5837 6027 7594 8269 1580 2831 5165 
7208 3671 4575 3143 7149 1512 2670 4563 6662 314 6043 5331 7573 5242 4763 9478 8827 9340 6885 1525 3844 1838 2693 2049 5028 9562 8468 8493 2067 3596 2107 53 5490 6408 5838 8644 5523 5940 420 5232 3273 2969 8043 8462 1911 9236 1379 321 898 2615 6701 4078 2122 6936 5307 4511 5983 399 8385 8008 6535 2680 5564 4760 6573 3590 3746 8360 1762 4457 3276 3497 9053 1044 2265 4790 6586 3470 8378 8297 349 8799 5399 6753 2695 1220 6214 1930 4875 949 853 695 1246 8490 540 9707 5429 1105 4078 4930 
7485 3478 4274 8434 1119 9655 7964 3633 5443 8584 6368 7018 3868 7781 7190 9195 9872 7789 9908 6488 2455 6250 2005 4453 8191 2785 6419 4570 5480 794 4179 1734 9672 2861 7912 4304 5439 5792 5767 3190 4790 295 1054 9754 5248 4029 7862 7109 4153 3809 2384 1016 8479 8334 23 5662 8653 9608 3765 9649 5328 208 1569 2624 3630 4870 7863 6453 1459 3972 5391 6263 9003 5685 1587 9804 8340 541 7251 8595 3858 9644 6055 1397 7485 3646 7464 8978 1067 1796 5185 1800 2702 7232 94 1588 9077 4263 7158 8195 
5077 1787 1484 7052 7698 7602 5471 9961 4515 9213 6246 3921 5040 7845 5109 2617 6068 9151 7922 9104 5903 7435 1436 3768 5104 685 315 4653 6577 4010 9989 4097 2389 7965 6042 5182 5792 3535 3528 1850 8582 952 6806 9402 3342 3184 5045 5921 3914 3316 319 754 7654 2248 7418 3800 1317 2715 6471 4191 6616 1263 8369 681 182 6863 8451 8885 9537 3839 5149 72 5549 8126 4032 3045 4798 2773 3453 4003 6871 5876 9145 3624 9833 6532 6907 9599 8031 5650 2219 124 9014 8930 5358 2647 3289 5021 3425 8625 
2291 4892 9599 9318 4125 4103 2652 3429 2887 922 5005 2679 5621 8979 6544 1272 1979 1186 1515 6423 2186 7610 5234 2678 675 2346 2386 1641 7951 3283 586 8451 1833 5486 7959 7411 8242 6940 7796 3008 6630 1547 2552 967 796 7657 6983 1170 2519 598 5258 8145 5779 4491 3 4183 2358 5937 480 4124 7759 677 8210 1468 7235 7813 3037 6493 1623 55 4721 5761 3492 6892 9617 9697 9297 3219 6098 7325 9052 7568 6510 8501 4137 2121 7020 3750 4034 282 9882 7984 8852 9649 4277 8619 6748 2398 697 7045 
6685 9792 1270 1849 8259 6898 3893 9419 8616 2437 9897 1384 8787 6594 3492 4169 6368 1564 6082 111 2528 4250 2169 5812 5046 8466 4870 6151 2669 614 4257 5279 4908 6732 5947 8079 6987 7137 8583 9532 8887 9952 5250 7496 4095 9120 7214 2714 5688 2493 8269 1091 9433 7965 3521 423 6819 6636 4212 4604 8978 6164 9455 3761 2387 4625 8290 7473 6351 1080 6048 7628 9355 7870 7443 1878 6975 5304 6833 9452 6274 1046 4330 868 4212 6992 2906 9800 4000 2201 5401 5548 6472 4241 5743 9373 5992 4472 3365 5699 
1378 1846 5374 3497 3386 7545 8597 1375 4059 4359 9058 4640 1522 4832 6448 1370 3921 1930 4713 5076 9268 9815 5837 464 235 6823 5265 6278 2896 8295 337 9468 2881 6371 3635 1680 4857 6904 5324 657 4804 628 8769 5094 5878 3047 7622 4613 7514 1497 1817 4799 660 6227 3397 5878 6854 5661 6199 5488 2563 6993 3688 6914 2138 5243 4748 1233 182 4565 3855 7130 1966 8960 9000 3806 376 2723 2916 5513 9823 564 1852 1556 2768 458 9044 5277 4576 4963 6457 3637 3956 3804 6476 9555 5744 9192 6907 9384 
383 4216 3805 5259 3996 1490 3029 8399 8790 1023 8706 6600 8557 9532 104 5336 6634 4935 5189 4902 8961 8940 7786 9199 8700 3479 6108 9887 4789 1663 5793 8795 2632 5747 8741 5857 912 5622 4545 9938 7 53 7611 6118 6798 1375 9845 9313 9472 463 8506 8390 3828 1470 1063 9752 6401 6909 284 5685 2809 5698 2623 8632 9573 1334 6274 9568 2367 326 4545 4581 2684 4890 1035 6441 7116 1238 1791 7192 1359 3289 5025 7567 8339 5795 6629 9843 1105 4189 3365 9847 5621 418 5161 5590 7702 7180 7721 9195 
1469 5285 2394 6377 2501 502 4312 8357 5586 9619 5457 7763 7894 9261 1295 4459 9307 797 9316 7150 8180 2255 6744 2832 8740 7258 3703 3571 5961 258 7041 751 3652 2812 9534 2931 6183 6990 1912 4640 7457 938 5066 7208 4919 152 6652 9905 3152 4841 1964 5742 9001 923 348 522 4245 6925 6795 8760 4275 3917 2312 559 4525 8935 9492 3544 6633 9227 4967 6668 2111 7371 4501 4278 73 3031 2927 4135 7128 8792 3070 7524 9396 292 7050 120 9527 4387 4607 4233 6662 7015 6591 5336 2440 6992 8390 3514 
8903 2651 3032 6475 8612 7286 2535 1375 7016 1413 7865 4932 2340 5040 8651 84 1746 3369 981 8657 2445 7971 2242 3821 5303 7436 463 9167 9015 391 7881 420 3991 1706 8548 3697 4069 5521 8443 4586 9947 9860 3225 9553 1991 9758 5279 2156 504 1659 3109 3728 7091 4940 3034 5837 23 1600 3770 5359 4931 7337 7350 3294 9201 6445 1378 7546 9099 9613 6561 2209 398 2517 8651 9546 5715 958 5364 8242 4711 6362 6990 6794 168 6183 4740 7823 7764 8460 8869 3559 603 3872 336 6051 1606 2869 8189 9686 
4425 219 8930 2431 2869 152 2611 6718 965 3318 3921 551 6742 8181 3297 2543 1748 6255 7264 7684 6098 3540 186 821 4588 7328 5758 2517 3908 1147 5114 7565 1993 7004 3345 5303 3468 3193 8356 3518 9693 6295 8395 9254 7427 9335 5923 4875 9160 70 8234 5302 5819 1313 2121 8248 7008 3296 7007 7878 793 3697 3478 9641 5958 7509 9765 9924 8335 614 8898 9959 392 1529 1798 2453 3176 2377 953 755 9073 6726 5989 8829 9600 1430 7061 3640 527 4574 1480 7703 574 4289 6858 4816 1286 8857 8473 2269 
4128 8661 8649 3089 2268 2658 8852 1456 8982 4160 8862 8270 3549 6473 3492 4265 8774 7571 1949 6005 5442 178 8370 326 6741 2020 2655 4996 4403 7750 5284 3646 3830 5405 9092 2706 8458 4562 8749 6494 6628 7826 3424 9850 3114 7231 6148 6498 1061 1416 6691 7341 6726 501 794 2128 6609 3950 8515 1717 1490 4825 256 8335 2445 9959 392 1499 2336 7432 1039 2633 6000 8658 3345 3562 8822 5560 4663 4777 6081 1750 677 3391 7267 2150 9998 1190 1475 9196 279 4147 2162 2257 7337 9375 5428 423 8516 4247 
5364 3312 8431 6642 5650 9613 1588 6595 6595 738 7508 2376 2870 6182 4425 9446 7987 7461 6989 2906 5478 3552 514 1478 8438 1935 1462 6995 7269 8252 1980 3196 4915 423 727 6284 8234 341 7373 5557 2712 2364 1765 9198 5875 4167 3506 9954 198 612 7470 1849 2486 2177 3355 9451 5420 3903 3586 2048 1330 95 5971 6478 9640 838 1117 4039 6532 7046 5943 4943 7773 2503 6092 3547 2438 2269 9575 9830 2744 7769 511 1914 1570 5889 7211 1254 4717 4563 7626 9838 22 3869 8798 9590 7676 6564 8425 584 