8030 8605 6095 9318 1079 2263 8368 263 9480 8458 97 7349 646 7984 8134 9796 9026 9685 1642 4458 8603 1593 2092 1052 8015 1199 6846 3376 6814 911 7955 8278 9168 2545 8651 4158 2396 5953 3833 5565 7660 4423 8200 1516 1844 2937 3626 3536 2971 1693 5693 3575 6683 7700 8098 6580 107 9185 4779 1536 5047 4364 1125 4785 9465 8920 1649 3454 383 9530 2151 1213 6339 315 9051 4465 6884 2219 7172 6272 9082 5357 9725 4440 8579 6998 9091 9725 2512 514 2794 1268 405 5245 5538 5370 2049 9588 384 4380 
1503 1288 4993 7389 6931 6557 7251 2738 5046 7459 2122 3270 3100 3496 4884 4100 251 3977 5325 9728 6260 9479 4533 3133 7422 7151 1254 5714 3832 2833 7780 4658 9449 9897 7831 5060 2738 2261 2035 1787 6110 2814 7402 5276 4036 4614 3588 7649 274 2628 9581 3343 5644 8641 2530 5267 6911 1202 9033 937 4218 4194 2578 5644 3405 507 1335 112 3131 7020 5664 7845 5042 9594 3695 5771 3970 5296 9491 8042 1763 8535 1814 2731 1397 3757 3890 2502 3591 981 8166 471 7993 7743 6187 2190 6914 7581 4662 6822 
7176 4709 8945 1146 6357 6754 6990 4400 2532 6163 698 8894 1336 808 2784 6150 3310 2727 7828 1477 1923 5738 19 5189 3320 4681 8364 496 5748 4063 4984 6500 2370 7971 8367 283 7837 2945 4021 302 2632 7010 3109 5299 714 1582 2999 1366 8002 208 897 1846 4714 5742 5898 446 3918 4126 6458 9566 5133 6029 1927 3475 9653 6533 6981 2835 3342 2874 4068 8534 4264 1357 8432 6250 52 7431 5202 7916 7209 470 6754 7297 216 2073 221 4290 4440 2635 6625 1814 3817 2315 9940 4988 1738 5716 8129 5293 
6549 7186 4021 3652 7418 8449 4005 6378 3469 2551 2874 9627 6619 9426 227 4249 8019 6589 9707 623 9868 9095 7869 4387 7939 7185 2808 5583 9332 7014 3571 6037 6375 9198 7258 9509 9026 377 1671 9875 928 7749 995 3147 4494 721 5082 6190 6667 7988 4942 4873 5107 1525 6527 3181 4572 6071 2338 7841 6980 7790 5576 7341 3801 9281 393 3584 3630 589 8960 7124 5830 5387 2428 3479 9327 9970 9980 4033 4262 7493 7222 3361 4191 6084 7124 8886 6686 839 4398 5586 2019 8789 9900 5559 3959 5485 7751 3856 
6636 1265 5046 5758 9895 5658 4385 5455 8345 3643 1342 6914 6 4665 6481 5076 7030 7837 3513 5669 2893 3989 4291 2313 3207 901 8986 8892 5422 190 9576 6002 8230 5933 523 1209 7043 6061 1948 3673 5386 4377 4578 4747 3525 4136 6535 6138 5253 972 3842 8186 6595 1159 3519 4051 7517 7182 7537 5635 7691 21 7315 2791 6780 4992 3028 1877 7842 2126 3654 8713 6643 663 5655 1142 7904 3052 6301 2982 9630 3916 7489 6297 9627 6396 1958 4453 5299 1408 743 8581 317 1498 7434 5405 8596 2070 3280 239 
1923 7664 286 2649 284 7743 8090 7305 7489 5525 9421 5152 682 9039 2707 2143 5451 50 9107 7391 7557 5963 1831 1683 6974 2205 4737 1149 4690 6491 9726 1582 6086 8583 2722 5063 8450 5424 2329 1967 8515 6475 4536 7305 3658 8969 2198 879 3068 814 4191 4795 8779 2863 8326 1292 6456 6795 7485 306 8311 8167 7689 8644 9970 8415 8497 5721 2201 8040 6904 2994 5324 8877 4158 8547 1541 4355 1712 5512 3166 1896 5793 6439 1653 3792 7386 8772 5166 3832 6965 4850 5209 619 3608 7407 2455 5813 8641 5178 
8496 3705 8171 8549 8772 4209 7817 9046 5969 5997 8678 7328 6669 4365 9133 6144 8612 5653 3529 2460 6115 1522 1784 784 2795 3610 4269 6476 6562 2396 3007 6063 4752 2609 8865 7706 7949 7760 4469 4570 1576 4519 8115 8912 3856 280 897 7652 7149 3127 4503 3872 724 5448 7706 3358 8358 4413 4658 4490 1070 2688 2668 5871 824 2215 7640 8013 9617 3741 4689 78 9030 547 3215 3142 782 585 6368 5157 2776 2854 3507 224 399 532 7896 9706 2086 1999 1763 732 9690 3640 5925 4486 6390 8025 3595 1390 
266 630 4034 2070 2150 1606 2487 6737 8030 2002 2020 4010 627 2107 4462 1453 3473 1034 7668 9904 9180 8511 4211 6284 3277 7403 9999 253 6742 3973 5232 1912 7798 2591 726 7997 6761 8397 513 2356 1463 7451 245 9012 3091 6200 3670 610 1663 1094 8941 5056 8927 5524 2893 1906 611 3409 9093 7822 8956 8995 864 3858 4758 4480 4313 2386 3538 5006 1847 3170 5098 2697 1857 9809 5204 8679 4308 8409 7596 2500 6704 6465 537 2309 9843 6739 1390 3745 7707 2171 2162 6693 3831 2198 856 3366 967 7163 
4349 4802 3109 625 5823 1376 3951 3830 7382 5998 7537 1960 8755 6943 4863 3349 5417 2486 6316 7565 5072 4800 6825 532 4085 2006 4464 4494 6062 6664 2265 8549 9065 5291 9590 2358 9363 4577 9153 5922 3015 320 5251 7575 5521 2148 4859 9947 7721 1950 1141 2889 4862 6979 4365 1529 465 7762 666 9359 2531 5268 6804 2960 7149 4167 250 6679 9210 1808 5602 5373 6801 3287 5476 4501 9614 1593 5549 5594 9989 7175 4263 7835 379 7163 3576 4856 3676 8877 657 4804 5556 6865 6795 3109 5823 2650 8851 8978 
5998 8434 8474 2141 4863 3349 955 9368 6316 7565 3490 9147 4800 6825 4656 377 2881 785 1318 4983 7404 4218 3822 1658 172 5153 6833 5525 8261 3637 5410 5452 7282 1878 5989 612 2713 1940 7130 5594 4124 2323 2804 9236 6407 1858 7201 7407 4547 6819 9840 7524 5299 1842 9809 4744 3256 3555 7659 6687 6415 8670 1714 3816 9571 723 1035 1402 6056 5730 2941 6407 4179 9774 1364 861 9776 8882 2842 6717 3773 7188 5927 8727 1868 9583 1919 8871 812 1144 8328 7239 6126 5661 2884 4948 7140 5115 7546 3089 
6948 1272 8964 1392 4302 1321 5784 8919 6822 3804 8876 9555 542 7353 8112 7454 961 5205 8621 6813 2974 2952 1059 5451 4631 9107 2002 2360 444 4030 7215 31 5768 2560 8061 2707 7973 5708 5239 8297 7867 7157 4122 8290 2207 7641 3493 4112 7536 8633 3660 1688 9899 455 1369 3688 6914 2138 4874 182 277 1966 7958 9050 2154 2097 6376 2515 4072 4248 5513 1231 9120 3186 7312 6702 2691 4546 3628 2594 376 3319 1422 4069 7545 9471 9318 7151 5273 7909 7851 2630 427 8201 5519 450 7359 1869 7213 7853 
3822 8602 7315 1868 6582 7810 4031 4138 9707 2858 679 2500 1006 8537 1264 1902 2066 1205 8236 8909 1075 1543 3044 7212 207 1395 8034 6798 4896 7433 9532 472 7684 9373 6092 474 9683 3792 3823 5108 6726 6461 4288 3583 1698 1846 8551 9553 9680 4099 7290 4191 2351 4872 9094 5000 2887 3883 1909 7436 5651 9650 7881 321 2749 3905 2091 688 334 6589 8005 3528 8073 4334 8796 72 2690 2893 2048 5361 5572 8763 7926 43 3200 6931 3590 1502 7907 5242 2053 6696 6404 9480 5590 9414 4174 4084 5088 1315 
70 3257 4438 8460 7793 4647 3416 3936 946 2712 8691 5888 9550 5564 5529 1405 9169 5472 3352 9653 1348 9796 4218 941 6879 3627 1736 7191 8771 1957 6157 7258 4841 8079 6987 7955 6746 8887 9192 5441 9017 6994 7487 5904 548 9642 8817 6609 9624 773 8157 9936 1703 7001 2949 9848 8545 7287 8531 934 8807 6234 9368 8031 1915 9625 8982 2561 1170 1429 6888 652 6597 1566 2778 4586 9084 6279 1583 3994 6325 117 8699 9694 1067 2484 9284 1594 3845 7248 3193 5983 4954 5308 1454 9460 5068 3211 7340 2645 
582 8172 8913 2087 6764 1074 6407 5410 9649 1704 74 2394 2663 602 6286 1341 5517 477 9814 665 7780 9361 8557 3765 963 6909 4339 2247 6341 5780 1250 9546 1908 9890 1460 9364 8707 433 9220 882 2518 4651 4197 6982 918 5482 3209 5077 2219 7702 7711 6546 3321 6455 8026 4488 2913 337 4979 9950 5428 487 3980 2824 5117 9840 5665 5782 3336 2966 7776 1669 9633 2884 9819 9515 2521 2353 4508 2190 658 6338 2496 8586 8838 6870 75 115 9921 8952 6430 5217 9858 4251 6883 6988 7110 7034 1193 7469 
4317 5792 4731 7852 1994 230 8388 3719 9665 1913 6645 2660 1648 581 8064 1912 6570 8295 9770 9170 121 9364 7654 1859 9076 426 2178 6261 2840 8691 5926 6837 4122 2601 98 6722 7868 2039 7342 3776 1002 6365 5824 1704 2122 8169 5985 4672 6848 3958 7509 262 5223 4564 1791 8639 33 3046 4435 1118 4858 193 3814 6567 6813 2952 2138 1059 8699 7840 664 7029 2002 9240 4794 9986 3396 1055 6870 3358 6991 4498 6868 3762 9219 6653 2976 962 2052 8240 698 806 8917 4351 106 6754 2008 8348 2968 3140 
7745 4021 2157 4703 4632 5302 6616 9153 1437 1854 8978 1400 7873 1137 1956 9865 5876 5291 5607 9358 2727 630 2086 7071 9825 4259 5322 9806 738 1595 8285 8005 3601 8877 7975 5922 655 746 820 6065 5253 2929 9402 5904 9624 773 5921 6919 6950 3440 4661 7227 7548 7000 8766 6379 8869 2934 3707 5293 5336 5919 364 5913 3644 4943 1660 1581 3380 9546 5715 1680 2502 9611 6362 6420 4195 6183 7764 603 7921 2384 6026 6089 2144 3971 5252 6184 2166 8819 8365 9725 7737 4608 5486 547 2387 1957 249 1548 
2534 5586 8927 9176 7812 1591 2370 888 7354 4936 9967 4204 5815 9660 8028 7304 5097 1822 972 1909 6750 2619 7852 9721 6799 7968 8790 5509 8034 8023 4502 7121 149 1769 5268 4641 8248 469 6764 7082 8361 8083 2168 499 5208 3946 5213 5950 9900 490 5796 8280 2046 2311 5088 4576 4249 1482 6651 8059 4586 1526 1324 3104 1782 2946 8382 3441 1237 6779 568 5785 6242 556 4189 4991 2679 5167 8886 2725 8863 8776 8703 4106 6921 5572 4017 1959 2153 955 6534 190 2564 8961 852 7051 8006 8141 6290 1839 
7140 9964 3750 4570 8923 3687 7517 2379 462 9801 3739 6391 5268 5076 3250 4326 1766 2160 4539 4167 250 6581 188 5601 6018 8648 3541 7976 344 1236 8883 5663 7419 312 7225 920 5809 7012 2961 6797 7979 182 3855 176 7958 5683 4173 376 2877 2723 4248 9120 564 5211 6169 2187 4099 1418 669 5957 7026 1976 6601 7408 4678 1269 6224 7044 2285 8207 8989 5213 5204 3737 2491 1494 9843 4673 5200 8221 8327 6420 8015 3331 818 74 963 5566 556 6058 4992 5605 4984 8932 6383 8511 8196 9843 4635 698 
3065 7552 5007 8408 7667 9138 5727 2297 7586 209 8238 1304 2663 6431 8564 7213 7853 8063 5323 306 9367 4562 6494 7826 7024 5998 2971 2033 9390 838 6491 5905 5071 5069 8326 7227 8771 3789 311 6678 2327 3970 8571 3726 6761 5214 2131 1541 6376 3068 8590 6022 7535 7727 9538 8110 8625 1353 1511 5630 5993 346 4961 9338 4510 8785 8536 4028 751 2921 8559 5822 43 1155 8715 3468 6559 9964 2794 2076 5595 8450 8206 296 7803 1381 4730 3795 2759 4320 8512 9333 4367 5298 1522 7531 5489 7626 5489 2520 
3433 713 5076 7848 5092 3442 9997 3825 6993 1356 2482 4732 6943 7489 1015 741 5930 496 5273 5672 2174 7643 401 7291 4956 5654 2479 9183 3863 5683 6758 8031 3083 3625 4175 7809 202 6284 8104 2223 7779 890 1972 9404 9931 5314 3061 720 8883 4756 6796 3802 831 3399 4789 9946 4649 5387 4894 8596 3002 434 93 6754 8020 860 951 5736 5264 7441 7686 8179 7763 3294 1044 652 4710 2171 8885 6092 9217 5460 3837 8855 4079 6947 8906 3264 1653 6286 7988 2617 2852 5092 2742 1632 2517 4563 2916 9601 
6806 3405 1856 3884 4112 9610 7594 8666 4925 5221 8913 5372 9762 8182 8874 5600 8861 7935 9484 305 1527 383 2421 3401 3410 3592 9499 337 4697 7664 286 1527 5663 5110 2649 4729 4493 284 6767 4194 9788 7305 8052 8538 4471 5812 1929 7461 8897 3390 7340 1563 395 5285 7305 3552 4926 7897 5363 2703 7259 8822 8438 2163 788 6654 8170 3739 1781 2358 6608 5541 9153 7975 1733 6384 2765 9048 5922 7649 7614 820 8796 6065 5253 2929 9402 8734 3342 5904 548 9642 6609 4299 1272 773 875 8699 5989 4722 
7652 684 1244 7046 6521 6752 3837 571 9194 7475 1472 3916 3852 7192 6126 308 4687 3737 5559 382 4458 6893 1033 4985 7573 2530 968 1520 416 1271 6487 5660 3578 3888 4292 9511 8045 9160 5780 2858 6038 6793 3748 8021 9100 2314 1857 5507 185 160 2389 4454 2458 5365 5597 2448 4681 7264 5541 4327 2608 5860 5285 1909 4596 8917 5660 5902 4626 9518 6371 7856 790 7109 1862 3800 8837 5711 6426 3121 64 2793 6605 3275 1711 8294 8935 3965 3561 81 3818 8419 6328 128 2772 2560 8359 990 1175 2864 
487 6665 9129 9452 5971 9176 8158 1948 6522 2845 372 9842 5306 8323 6250 5223 6630 5806 7754 957 7208 6468 8977 6721 6603 2869 312 5784 4161 98 5387 840 1055 3891 868 5813 3892 3597 3695 5385 359 2889 2371 1232 8821 2972 3812 4564 9051 9929 193 6366 7443 3902 4643 6084 8592 3345 7640 2686 1225 8669 5189 4346 8190 3281 922 8160 818 5948 8439 2586 7459 7868 6714 4487 4504 6056 3990 4836 3138 537 9762 1218 4442 7668 7071 2409 2062 75 3683 9379 2958 3238 3727 9930 4291 221 2296 4610 
6740 1947 5631 3300 6139 9952 7850 7781 1683 3226 9185 4533 7570 5564 9065 6760 2324 9019 822 6974 7323 2453 6627 2320 5217 2828 712 6608 9852 456 8653 8459 3680 1808 8006 9877 4447 3534 8883 4146 4182 6328 7319 1152 1179 2683 5742 6322 6237 2295 3901 9290 5904 4877 3186 4584 2738 1322 1726 148 5599 655 2023 4057 3142 7961 9601 4474 6497 4992 994 7432 6158 7319 5891 9489 1410 2892 9542 7961 945 2412 4106 6349 3358 2136 1882 9842 1758 3061 9308 4988 4181 9268 408 2035 5129 3385 7205 4524 
5334 9735 7247 7116 7987 132 1880 4420 6622 2032 889 2187 4828 8782 8787 2131 8967 1664 8464 5008 3088 2574 8785 3576 9363 8126 4153 4564 9172 7976 4356 3673 9057 9758 6715 4325 4854 403 5891 9444 8323 9928 1228 226 9176 2351 7327 6534 354 7062 3918 3185 8579 8334 3964 6057 2701 3866 643 5079 5378 2978 3939 8718 2810 6798 9083 3278 1567 703 9991 7325 9020 3078 4028 9281 7556 6878 5915 1750 8677 8172 3955 1438 649 2287 6944 967 5161 9838 2539 97 5959 4297 4532 6611 5473 5243 7212 2392 
1537 9055 8049 5150 1371 8612 9058 3610 6257 4788 1700 9497 510 5658 6597 5794 8381 601 772 3407 7524 1840 8891 3547 1862 2536 2706 4227 4343 2147 9177 6477 1526 1970 6779 692 7945 1175 9938 4530 2937 6118 6219 8845 8044 8926 2177 1814 2359 5857 5241 4165 8902 7441 9996 2128 6720 2653 7684 9373 295 3904 6130 1978 628 4954 12 2912 4343 466 5506 4666 5972 559 9578 5322 1927 3303 699 6591 558 3811 4602 4487 4826 1789 1711 5899 6587 5073 6423 6228 7136 2065 7607 491 6464 3363 9888 7220 
9187 1195 2721 1751 9380 7798 7340 58 788 9227 9024 9056 9172 1216 7022 7923 4358 4597 1428 1795 2477 2053 9087 855 4074 7161 4193 2639 9505 5523 962 4353 371 3019 7929 9511 3489 3535 482 5936 5927 493 8263 948 8593 1254 6240 7099 8260 1884 9895 3347 8519 7984 4903 2110 5586 2804 9046 1217 1638 1882 142 1672 8421 8928 6400 7151 8282 5845 949 9204 5438 3413 2710 3447 9369 9224 1654 1867 9277 9385 6728 7665 2425 6571 943 5859 3584 312 799 5896 1619 1234 2177 5191 9762 3806 8098 7821 
9009 6980 5963 6101 2022 8985 3400 5972 1365 3463 2031 4445 6641 69 2580 1685 8119 5943 8618 9486 2280 6374 7964 4859 9084 9349 6736 3557 6773 6577 4838 9631 2208 4566 9131 7282 4757 4389 9147 6020 7222 2257 8539 4430 6799 7044 7578 3139 2285 5194 6279 6250 3022 3043 7242 1872 609 3546 7726 886 1407 2538 1709 3323 4959 1749 721 3719 9472 8627 1740 3676 7605 3756 3803 6886 7184 2086 207 1071 3760 4285 2251 7170 3730 2289 2264 3129 2166 9933 4781 7959 2707 4899 8995 8000 9986 2288 2074 42 
6317 116 1867 8055 9788 331 3236 3209 6950 6962 5533 3349 8351 7001 4375 8018 2415 5077 870 5875 155 6526 6530 1001 1502 7831 2522 4823 6140 244 8166 739 8393 5532 7032 3117 7333 8336 4729 7673 1871 9469 4906 6436 3815 8471 7199 4076 1773 6335 214 4912 8533 1642 968 3113 3437 2105 3404 1298 6298 8294 1691 4882 7729 7848 5316 1933 1100 4624 4240 4089 7252 4735 3244 602 1437 6383 7863 8418 7123 3118 7312 1486 417 1965 3245 9982 1676 5425 8872 1450 1556 9021 1459 1266 6672 9422 9830 2046 
6475 4041 2645 4249 2980 5795 2262 8059 4586 1526 455 4378 8934 2211 7047 27 2395 257 4953 9810 4597 7874 2741 3196 526 3732 9643 9342 6697 5979 177 4513 1956 630 3745 1352 3202 3317 5610 6278 5809 1331 2430 1500 5982 3085 8008 674 6135 8791 257 5208 5557 813 1759 1357 7556 26 2904 5861 9126 2591 3498 3804 6899 2848 7719 8542 7171 5539 738 2565 6950 3945 3264 9800 8978 5343 8866 4168 3902 9969 6919 502 3072 9127 2370 4135 6810 3884 6891 5830 4380 2416 586 4129 69 1667 6389 2042 
4646 7644 4444 3447 9826 2322 7827 6553 4805 3847 9241 785 2541 3772 6513 1728 5742 9208 1530 9728 4079 4167 5425 1940 5006 3086 5842 7536 476 9219 1344 5730 3963 8107 7840 1904 8964 3062 8792 2560 8440 6732 8672 8163 9881 9295 9633 3546 4814 7078 3799 7832 2890 1007 1980 9471 7859 381 7350 8930 188 6873 8076 4756 1331 5771 6861 5149 9650 358 1139 7194 3277 141 6998 1723 6724 5669 8911 85 238 9529 4130 416 9291 1603 2284 7265 6241 2055 7019 8088 1469 9879 1194 1897 7266 6060 3018 4570 
7239 8223 8198 7325 805 6633 1534 2912 8286 3811 1692 7278 2756 4903 3010 7270 6125 6289 4856 1277 9200 1004 5908 9340 2900 9866 2852 5604 1950 5182 7378 6213 8673 7631 9620 7020 6216 3786 8718 7558 3309 647 5648 7107 5170 8494 8981 1898 7508 367 1366 7143 6706 3754 921 1569 6312 8118 5983 1578 6350 5879 6613 6305 1860 2649 4359 6344 9590 1781 5541 6055 4026 3361 3365 3189 7102 4372 6652 9294 3317 6590 5390 6536 2222 9645 9533 7691 176 1896 5618 5393 1434 2270 6223 349 7853 3724 5531 4339 
446 9676 8348 459 1723 4784 5981 6757 1783 1675 2919 9776 7059 1324 9759 5413 6695 3088 9033 7404 3009 6439 7049 9240 156 1688 2992 670 8223 6495 1913 6087 1870 7427 2963 9301 183 1203 4346 5447 591 4442 1181 2761 429 7359 8382 2192 4007 3937 8351 2073 3821 3245 6189 81 9594 7269 2276 9986 1482 6819 9688 6636 2357 6825 283 1680 2632 9284 3668 8617 7788 2864 3456 8266 9781 9939 3243 9179 2522 1160 2915 45 8662 7827 3578 2984 3293 2538 1854 3335 6731 5320 5333 3226 8779 2488 7231 6805 
2065 8051 8399 4397 9714 5407 6446 3755 8808 9796 5553 511 1353 4095 3722 8762 5933 6055 1269 4601 3174 8924 6984 6415 1757 3847 3968 8357 7126 1649 7200 4362 8496 6793 8239 2119 9189 4098 8353 7143 4550 289 1525 7665 534 6946 7627 4822 495 9778 7878 9724 5687 3832 8821 6100 9489 7822 7411 3471 9772 8763 6793 1079 2144 6913 4518 4799 9610 7454 8121 9895 5928 6256 3078 8427 6473 4738 5541 6761 5630 2939 8375 1252 5217 3374 6313 30 9566 1885 9715 5982 5844 2201 3474 2315 2686 7991 1417 7399 