4339 3318 9697 871 7120 9457 3984 221 1404 8245 9755 81 3314 4162 6597 9865 5756 5375 1062 9351 1242 4179 5029 2346 9765 2822 3922 762 4173 6682 8766 3109 9248 134 3268 4657 5099 2156 913 6665 3445 7451 1173 2973 7962 9963 2254 2739 90 9559 4503 7358 4882 8833 7727 7096 3898 5534 7941 806 6467 6643 1143 3140 7659 6347 2973 2924 4878 4972 3749 6522 1851 701 5421 3343 7487 4983 6946 9123 3809 7453 7792 5222 9413 1811 6797 9676 9142 4024 7028 9255 7906 7054 1157 4424 3096 6990 1427 9027 
7427 203 8131 7000 8381 5282 7394 8419 2288 1114 3805 5101 7225 6826 8272 2770 7017 1064 195 5798 259 7235 8453 3313 5526 8361 2603 9567 8586 443 9455 8464 7709 5746 5056 4163 7902 8922 4835 8859 2435 8397 5929 2090 9295 7748 7697 7506 1142 9738 5927 9090 6946 2350 7164 938 8150 2482 3876 43 8311 7736 1948 7367 5127 9193 3089 4482 6627 9374 317 9939 6729 2454 2650 1941 3039 7820 4896 7155 8905 5712 2573 8278 5699 5681 5466 9713 1557 766 3841 8992 1074 191 9999 9342 6965 2266 911 5862 
9179 5512 2797 4173 2792 9169 5383 6794 3352 1659 7434 8530 3296 548 2342 1584 7263 5349 1180 3516 6094 6155 9084 4186 6040 7173 7972 6280 2984 4170 2180 8382 6606 3108 4906 6199 4109 7815 1616 4023 2341 639 9707 6987 5988 8436 557 4885 9770 1372 7543 5477 272 5513 3604 3364 3861 8021 535 2123 809 4329 9217 7584 1303 9266 2317 9391 3268 4963 7087 8575 9156 9837 8299 1657 9445 9623 92 9325 3860 5173 1743 2665 1433 9844 2128 6111 6623 9547 3674 2913 2666 8083 9473 2536 1880 8782 4254 7542 
4834 711 3029 9574 4035 6555 2124 2634 3446 8282 7952 9746 8681 2041 8202 7185 3945 3659 5783 552 1388 3138 9614 6477 4394 2203 7538 919 9967 2058 264 9702 169 2102 3282 226 6753 1447 2832 7739 7538 9951 7326 2092 5356 6402 6587 5661 4948 1267 5115 1632 3089 6857 5789 4338 4208 1232 1983 4997 4730 111 7279 2802 6202 1965 6414 1689 2895 2641 5821 1486 8181 1967 5917 9710 6627 432 6657 4703 1049 5531 3916 2237 2923 9522 3571 355 4562 8461 1470 4942 5057 444 6608 8909 2280 8801 4348 2821 
3355 9663 870 5094 8579 3889 5709 1520 9983 6279 2921 9534 8149 3724 1089 3488 2681 2152 3985 580 3524 1793 7701 5986 6973 7875 841 8213 8436 2955 8019 5741 8043 608 4250 3887 4243 7733 7469 1774 852 1237 5757 1767 6593 3823 1810 408 8610 1027 5750 4234 5210 770 5742 6194 3995 9004 6024 8570 3638 447 9081 7276 4025 8782 8241 225 3270 9274 7006 4352 1106 1040 8317 2733 506 8876 5942 6170 6388 859 8252 3298 4393 4011 8510 4918 5439 3794 5581 5937 6902 4177 7056 255 4955 760 4471 857 
9222 8554 6190 3040 4356 483 8966 232 5644 3733 4167 6119 254 7193 1637 2966 7170 5954 7258 32 6819 6761 3844 9661 8707 8644 4660 3366 1694 567 3289 9766 1214 1611 786 9025 2013 7212 8569 158 2416 8840 9679 9790 6246 5763 9396 4622 9978 733 2128 3387 3692 8438 4251 9990 2092 6081 9904 1750 1288 4888 1092 1386 2079 7491 5337 8686 3441 6568 9788 7987 6265 6247 5095 330 6989 3508 2906 7847 9615 7305 9831 4926 9728 4294 5170 1367 8114 6672 1407 2353 4135 6688 295 3348 3875 5516 1306 7647 
3774 4083 4548 6481 4091 4148 6604 9606 5260 5032 5587 9840 4368 4602 6841 7016 9184 492 7991 7173 3700 6312 6460 6612 7887 9680 2729 804 1199 8876 9555 779 3251 8112 9756 6534 7051 4172 8063 5199 4842 7567 1650 8854 8592 552 2201 6904 2994 4856 1138 7303 5004 6540 4158 5070 1541 9855 1055 1712 6870 4173 1933 6441 58 5234 9024 9056 3939 5998 5095 3056 9205 6504 7269 4136 9640 7997 1664 9275 2323 5124 8180 786 9846 5135 9438 4131 7724 7713 591 8499 6957 8071 1972 5520 4482 867 354 122 
5394 9499 4768 3556 6808 6999 9598 633 4652 4777 1124 9241 6081 4381 3391 7267 207 6018 5476 3929 9802 4792 8370 1890 2031 3465 5428 3636 8531 7790 6975 5345 5737 5488 7345 8119 875 5604 1855 2302 9321 9283 5853 8054 9178 867 8212 9834 4987 9332 2086 5410 3081 8104 2007 3730 4801 4526 2185 3395 5010 505 3762 482 1991 2057 7297 7907 7730 1279 4422 9281 9209 4651 1434 1509 266 5271 5753 4097 3150 9112 9173 7432 880 3660 9604 4067 3332 3670 7284 1284 9791 2172 5329 6958 3781 1087 5484 3048 
3271 6206 5099 1703 7001 2949 8545 8531 9407 4387 3533 319 5733 7621 6090 3316 774 7008 6898 5978 5065 3452 3233 6594 8943 7786 6368 3380 7225 6012 7683 3863 2214 5491 7059 5663 7427 1698 1923 2468 5904 9642 4299 8445 4169 319 2248 839 7018 1317 9084 7110 6932 7271 9016 9419 3452 3233 1671 5445 6792 1011 6012 3612 7788 8018 7289 2415 2457 391 1570 1051 8477 3230 4252 5963 585 4067 7237 2854 907 9886 564 1405 6200 5135 7392 5340 3406 3451 591 8499 8611 5470 6149 5587 7876 9425 9384 4031 
776 7182 179 4993 6747 7341 5976 2752 9934 9179 1367 4217 8493 7243 5384 9311 7130 7775 9163 3483 4390 1442 8685 869 7028 2171 4059 6476 6071 7395 698 1472 2847 1466 8166 6312 1441 9017 157 8490 3674 6310 3690 8634 3720 6422 4837 2790 4197 5881 5578 6866 2151 2322 2072 6443 4589 149 7837 333 9414 569 1551 513 740 6133 4032 1888 3172 810 1566 9025 4923 5076 7394 2514 3872 5904 4670 7340 3406 6024 3091 6572 4305 5779 7749 2500 3525 7083 921 9147 4821 9938 7411 6438 2449 3286 1813 6233 
3754 2546 293 3191 9808 4717 4111 5455 1978 8213 7903 8093 6929 5862 872 5434 9169 5383 8429 5780 7630 4045 5860 6712 3143 8328 1654 2128 6307 5610 9330 7431 7197 3177 6772 159 3021 5130 9219 1376 9412 5641 9381 7168 7570 1671 4689 1262 6576 8703 7670 3588 8058 4044 7564 1713 2129 5054 270 1728 9846 7183 5715 8482 8667 2959 649 1758 7580 8210 3582 4883 2576 2591 319 8308 5502 2206 1878 9843 4635 451 2236 744 9679 4069 9271 9952 8584 821 4912 5477 4748 4856 721 8457 1363 8221 3879 9480 
2701 3374 7855 4222 7690 4108 4172 8231 9856 6591 1322 3767 2946 8862 5983 4496 835 2027 4349 7339 5866 9302 7366 2573 618 7826 7260 2308 9729 250 8236 9196 8909 3044 2257 6713 266 140 9853 2334 2683 4026 3511 2955 2986 149 9867 8146 1531 7375 990 9900 7876 1147 2169 9540 7774 9377 2759 8126 6347 7803 5876 698 4220 2708 7458 8513 4820 7470 1485 4733 7266 3537 4167 6090 5962 1330 4326 2140 2695 5293 7585 1986 6103 6199 1612 563 8643 4424 7293 9524 5381 2478 2344 9827 8358 9841 7342 2481 
72 1119 6516 2673 1927 9967 4130 3045 4798 1222 4003 7803 6082 9145 6050 1252 31 8823 9586 1758 808 1594 7984 6553 6018 9139 3010 6639 6189 870 7859 4208 1293 155 8383 2162 6425 392 604 3024 8675 7138 5203 6925 4075 2586 178 6874 168 9208 3440 1282 2304 318 5642 8119 4709 7278 681 7591 21 259 1924 7015 4299 559 7642 2481 3301 9352 2017 6082 3749 5416 1137 1509 7889 236 2823 3374 9444 412 1574 4904 562 8273 2621 8109 6935 3264 8917 1264 5681 9190 439 7226 7346 7399 5356 9777 
5876 275 8916 9177 2727 1780 9179 4132 5537 752 4797 2886 7496 2949 6228 3961 7469 8106 1876 789 2232 5577 8706 5429 8554 7903 990 1973 7589 9400 4669 1604 99 366 4857 7227 9872 3214 2809 9260 162 6878 1425 9454 3873 3532 196 2650 3951 2866 7334 3893 5998 8474 2241 199 9574 8550 5840 4820 9841 2255 6344 4519 7227 8761 5990 4940 6856 9607 1007 7059 2367 7428 9272 783 4822 981 1817 9231 3408 1202 6238 1697 5336 6792 2915 8562 6773 7939 2009 1517 3147 285 6534 6155 7453 5035 7313 2069 
2400 4960 3242 4964 5251 8436 8348 4438 8516 6925 4378 8403 6455 2001 122 1372 9888 8600 886 2701 7182 3739 9212 5631 5547 3244 6409 8571 1546 1637 5470 7621 8968 7935 6506 4005 3152 607 6889 2373 3253 434 4282 1640 1096 6912 3146 7278 4572 7636 2514 9570 4299 9247 9002 1727 6246 4310 6358 3884 7531 5653 4025 9698 2836 375 7343 586 5126 7184 3279 8092 2322 3847 2541 9726 4606 4908 3348 8743 1530 9728 94 3541 8184 6144 5187 2943 6199 7229 9887 339 252 2412 1422 3679 9018 8717 9757 2057 
47 7760 3684 5619 2041 2539 6475 2568 334 8449 2043 2107 1816 1653 4374 6509 3965 3937 5255 8514 4222 4039 9351 4802 5823 1376 1254 3893 8755 4425 8251 5023 9034 4409 8311 561 5325 4626 3151 8160 8686 6264 578 708 1825 7441 8325 9217 2136 158 8481 1888 6276 7687 4855 6158 7478 3555 6567 3866 8738 8896 8872 2527 4571 6902 5799 6873 925 1809 5032 3965 9320 5724 9259 5844 8814 211 6174 3391 5153 2507 308 5201 846 50 7029 7060 6436 9304 6158 713 1629 4374 8601 3775 392 6192 7608 2097 
3752 1471 1705 3873 5268 504 7712 4441 8299 8603 366 8688 3063 344 9569 9273 4158 7447 8885 637 4108 8018 6376 6864 2245 6991 2881 4386 3062 4992 2017 7953 8019 780 8759 2495 28 4333 1307 6198 6459 5933 4443 2169 2490 4101 9867 745 1352 7095 8131 3697 4443 6208 8550 7621 7348 3677 3394 4130 3622 1920 3202 9757 3004 8843 1579 2218 2539 811 605 7596 250 825 2367 847 2728 3997 7407 6405 2170 3006 8327 4027 8938 1084 4780 2590 470 9291 2601 3728 7709 7956 3721 3359 4280 7760 4469 3754 
5448 7706 3358 4413 4596 4490 1070 824 2215 3649 6213 8402 5800 8432 6215 1009 2043 6288 3016 7269 890 9270 2711 503 3959 3390 285 9651 7880 5251 6651 4586 9859 7830 6485 3174 845 1980 4341 147 1906 2527 6885 4004 4065 6157 6251 7680 7392 6385 9670 1129 5960 8970 1659 4650 8682 651 4669 1485 9204 7426 264 1658 857 8478 2868 724 9844 8034 4380 8523 2952 3094 1238 820 8474 9893 2213 6918 4854 6559 3126 6248 5748 4138 7738 2782 3861 9158 9978 443 9407 6386 7547 4292 7061 9658 3315 1551 
6141 4338 9714 6247 1018 5407 8240 7287 830 9467 6512 9669 3446 6693 2105 9496 5268 9093 2190 5162 2089 7490 8782 8090 6970 4016 3354 6543 78 3164 3646 1706 9452 8978 1067 8817 1796 229 1128 8133 4188 1985 6581 3359 113 7792 6609 4571 5751 98 9767 7837 1023 5212 1107 5562 8114 69 4398 8987 6784 9953 8420 3675 5035 5202 6554 6914 3773 557 2904 2857 5913 8432 7009 554 4471 3828 8633 8372 8162 8722 5057 1637 9898 7567 4511 495 8291 7733 4381 6336 6369 7467 203 14 8309 7661 1879 2229 
1984 3940 8967 8265 28 4454 8561 9466 5365 4681 5541 59 6518 8314 2608 5860 5285 6773 1909 4017 4312 3730 3374 31 3190 8885 4062 7608 3420 5640 3929 780 4321 8456 5398 4633 1678 564 6549 4519 7454 1597 1878 9860 2659 7323 4266 1367 9418 5269 6371 2705 5561 7742 8680 8590 2856 2693 8500 1223 9201 637 6486 1622 7699 1191 8248 2140 8978 949 8792 5169 5404 5192 7083 320 1248 1222 3525 3762 7280 5942 4802 3109 5823 8781 1376 2650 8508 9113 3453 5302 4563 2154 8559 841 2819 5377 3744 6746 
6871 1474 876 526 306 5475 3599 3397 1683 6248 5049 673 5156 595 8354 6776 9477 371 554 7528 3138 5955 5273 2278 6465 7053 5103 2710 9152 929 1610 8566 2647 2943 6781 6538 1347 678 1328 1366 1678 9951 7138 2988 3215 7026 4056 5246 466 7601 3064 3015 7027 2713 5529 7501 5828 511 3861 380 5733 5181 1369 367 5992 8212 9520 6524 8157 7485 781 6240 8056 4713 523 535 4601 9302 111 2123 4700 8967 3366 3314 7486 5525 9035 3836 2270 926 5028 6080 3266 3357 5271 8364 5890 1277 1421 2362 
3691 4618 2017 3259 2878 529 890 9255 8043 6582 9320 2448 7926 1931 8566 7182 6361 5778 8535 4467 223 5696 5385 9822 2136 238 638 9472 3280 3092 4727 1860 4882 2313 943 7663 7587 2572 8898 951 9895 3639 1406 6481 6418 9366 9732 4216 5252 8359 2210 2922 6743 5746 4910 6948 1531 6138 3834 5633 4195 3419 2302 6953 6937 6909 432 3361 803 7654 7018 3425 2715 8360 8369 7933 4056 3952 6858 5769 9721 3817 8300 4959 2969 665 1566 108 1430 8551 6629 7752 315 2376 6221 4596 9390 5217 7912 8790 
3158 6750 2329 4398 5637 106 3637 3821 3699 2211 3590 7458 9482 1826 6668 8694 8376 2906 3449 3657 4580 5867 7551 4253 7529 4856 5453 323 2181 5397 5903 9406 9303 1210 3628 990 7152 1011 9967 3660 6795 3752 1315 3188 2707 2512 6834 6016 1072 5814 5272 9923 6901 7006 7012 1058 598 7480 4599 2091 4913 7711 5094 1777 3922 6485 9092 8494 4100 9415 6280 7931 9428 3263 2823 3243 8487 1782 4512 758 3485 5483 5341 7251 5199 6982 3737 4191 9935 5577 1015 6531 9991 7103 5585 1295 8349 7860 2935 5469 
1838 1738 1419 4351 7951 6002 4617 3321 2731 1318 1247 9107 9630 1658 9663 6021 7746 9165 2040 86 5663 9389 4151 7064 5118 9515 5834 5113 7626 5851 9825 7357 6228 9483 4003 4637 484 847 556 9215 7548 6308 2774 3907 4290 1273 598 8152 3270 3294 7270 9149 6819 3513 1138 4440 9147 9933 2969 8015 7170 9807 2176 3780 6920 2221 6214 4187 1 8719 5912 4410 1176 6444 6796 6267 1593 2069 842 9026 4717 5346 2229 5401 555 2374 1857 4856 9213 2493 4191 1270 5303 4557 8334 2008 9107 4915 5749 6330 
7424 4871 1548 966 7476 6870 3940 2464 667 3481 7785 3716 9383 6928 8904 3627 600 7144 4750 3278 1649 5716 4914 7280 2585 6353 5824 4457 3697 3406 3698 3500 4773 1337 6865 455 6379 8869 7412 8791 6178 2718 3696 5581 5059 6632 6109 4979 3889 639 1898 5217 3122 9541 9528 1852 1450 4033 5129 2768 2589 1441 458 6672 6067 8331 9461 6480 5055 9848 5277 7199 4635 3697 1773 9186 804 6822 7774 3744 3804 6476 542 7353 9501 8112 2117 3896 1918 250 5053 1923 2492 7677 9531 310 2438 6780 9102 7941 
1224 6205 6652 5319 5430 3050 8380 2590 4324 6573 374 6093 4074 7504 4898 3978 1859 5452 5381 7397 5267 5855 8648 6875 905 7034 5795 3725 5529 7058 8649 8949 7172 5208 5238 7972 7049 4313 3762 5393 6402 8493 2507 2527 4491 5659 9541 6463 4657 9109 6250 7524 6415 8 9766 5760 8279 9271 2970 5488 2102 8190 1118 7827 9263 8546 2385 9889 9545 3261 5748 14 9256 3435 8789 9530 4849 8119 8549 2302 2526 5853 9178 867 8212 3885 4984 3760 2251 8104 2007 4994 7170 4526 2264 2166 1333 8363 6258 8835 
5700 5777 8838 5337 7819 3708 1080 4057 8835 6099 1286 9176 8087 1888 8709 9933 6032 8722 59 6035 5910 4559 5186 4382 109 8091 6396 8176 5151 1046 6967 3914 8600 3318 3725 7029 8277 320 879 269 1598 4052 3837 3475 7149 191 4864 7249 6179 7059 427 3247 136 8074 8426 3632 8160 8740 6896 2151 355 7814 5775 2008 8348 2968 3752 5713 4065 1821 7630 2049 7746 4987 9153 6332 9628 6095 8160 819 3676 2546 2701 6140 3133 1688 9653 1365 7171 5446 1688 2324 2165 2410 3024 2438 5801 4859 8763 968 
7664 7892 5279 737 46 3713 1279 504 1587 888 7354 7070 235 5554 3866 5815 8236 6602 6151 9930 6843 726 4721 5080 1822 5136 7716 6750 7852 6065 9319 8660 7968 3270 7173 1708 9522 3217 1253 7271 8204 8619 5872 2677 672 1542 5063 7650 8147 2364 3981 9261 8796 9560 997 8589 8062 5846 3073 3349 8587 3149 911 9001 7313 2420 5904 9189 3184 2784 6919 319 3059 3425 4137 8360 8369 182 4056 3952 663 8631 4606 2514 2976 8250 6981 4830 5180 7895 3094 2213 4646 5323 4839 6875 6061 5735 9648 9412 
8456 8298 9490 1271 6421 3094 6212 3116 6410 7306 3216 5077 6695 6570 196 1605 9217 8020 2608 2136 288 158 8481 2003 7031 970 2955 4855 3555 6567 3866 8738 4117 2284 8872 5542 8803 7995 3878 1166 330 4938 8164 5984 6902 7030 8774 2549 1941 7982 5194 2112 3592 1935 4871 2 8975 963 7551 7753 6718 5216 9576 799 2193 888 5457 2536 1340 161 2771 4043 1097 6578 4829 3110 9157 1941 3312 9650 8744 5912 9821 9219 215 574 6441 2873 7792 4394 9213 3738 5757 574 8488 600 5782 8879 5053 8818 
2346 1772 9297 5750 8377 7454 3572 2204 1833 1294 9489 3441 929 427 5991 8587 9623 9217 5291 1047 8472 2884 2579 4712 9754 3199 108 7699 2860 5120 9403 2147 6582 1676 4974 9456 1851 8470 5288 2170 320 6562 518 2386 2703 7830 1276 7784 3692 7352 1647 6174 7416 996 1049 9696 9821 1782 2282 1282 2687 3860 3243 7659 2499 9401 2159 6735 7986 7738 5939 7251 1475 2534 7469 39 2809 7475 2420 1330 7443 8722 8932 4958 7560 2070 785 905 5906 4424 8890 5018 6327 1496 8154 5845 9878 8132 2360 8146 
7068 7439 5122 5354 3693 8533 6292 5533 1820 5281 6649 1574 2981 3739 6452 4826 2231 2457 3015 6805 3782 3748 3217 4388 6854 9624 3925 3531 610 3071 1020 9116 6523 5549 6974 126 3394 7966 83 3283 2649 4871 5578 1152 6723 5553 4664 5616 5321 7787 1998 3866 264 7418 3347 1335 4145 5628 3978 2562 3789 2780 8501 1012 1638 8543 7605 8868 9967 9563 8295 7728 9122 4172 6226 1244 6877 3686 5196 827 7738 7657 1839 8930 7323 4328 7669 5611 9967 5847 1622 3237 1558 2187 9060 6441 5102 7551 8887 3746 
2022 4583 7476 1365 3463 9940 4445 69 4374 1894 3217 4523 7800 3508 6725 7006 7206 7801 3086 8730 1469 7557 7635 2358 1291 8431 4409 3185 8932 3454 7291 5702 4956 8796 1962 7093 8259 6531 7380 3341 8000 9221 5488 4271 2870 4476 8681 6125 5862 6406 9505 3997 4461 8347 1792 2538 1603 8323 6324 8312 2097 3673 7510 8223 4598 165 7312 5327 7728 8308 1420 7998 6123 4164 5102 9296 3232 3295 5597 7767 6717 6590 2754 3434 5082 9912 9272 8565 7924 4042 7219 1896 8492 7123 8612 4671 6348 9505 7796 7404 
9242 1138 4784 527 5179 3898 9809 6157 2392 2850 2326 9739 3321 8336 3647 10 8482 7681 1003 641 4182 5670 221 9806 7578 1006 4931 7218 6840 8917 5629 5910 8283 2180 1387 4348 7043 508 8219 6137 8222 8090 5812 2190 330 1534 6989 6793 7368 8431 575 4033 5362 2128 7788 8132 4750 6860 7822 7904 2214 7545 1368 5663 2881 785 6995 8435 4983 4978 1763 1082 5226 8727 8858 4567 3800 1805 3807 6786 6833 7927 9692 3021 3704 2431 4421 9313 8069 3630 8475 7744 2043 862 780 9598 3090 817 77 4270 
1226 3825 4406 8914 8580 337 6551 972 7893 4518 66 2312 4898 7793 2748 839 9269 5184 745 4011 7400 4891 8270 3306 9135 1845 974 4972 3128 9218 4110 4611 9823 8527 477 4021 6724 4310 8418 6332 2693 8895 9068 5684 6925 5735 2504 5250 7638 1496 1276 5613 9300 5793 8928 2954 6151 6367 5934 5001 4693 8450 8306 1251 8877 510 7411 7471 9989 1774 5283 9272 7871 6582 8290 4432 1975 7999 6853 8859 4671 4272 2320 3544 662 3998 9603 5170 2805 9521 8562 5415 9084 5057 5908 356 8909 9097 4167 4468 