9895 4646 8750 8997 833 3124 2360 544 4443 345 9530 6910 4572 1754 1285 9138 6706 9564 5411 6548 9474 5994 2966 4177 1599 8520 3460 2269 8494 6378 2023 8222 2019 8280 1436 2924 442 9594 1160 1033 9612 8119 6013 7934 1107 4779 5882 5492 4946 9247 2047 2129 4891 3311 7113 7608 9316 3855 3513 6584 2989 3609 547 6271 4613 8835 4439 763 4359 8770 1907 8055 8115 6119 9790 7927 5667 2741 2825 312 5417 582 5471 3311 1906 4422 7995 1479 991 1562 6565 3734 6739 7720 9131 9044 748 1458 3815 544 
2177 9045 995 5608 5043 2445 6581 2433 2833 6816 9893 3380 1613 4868 1328 7701 6536 5921 5127 3771 1451 3347 6235 1375 8475 8145 3287 821 5051 8645 1637 9243 1856 8455 5736 3096 7386 3419 5275 3164 9559 5140 122 5419 7513 2902 4894 7679 8578 3153 4708 1616 3045 9690 8230 6118 3987 6302 9254 875 7172 8250 6693 5959 2191 2980 7257 4375 9838 7929 3845 689 5833 637 5633 5476 7264 5277 5502 9453 1644 1174 875 2881 4994 6737 6340 8879 5135 3268 9360 3651 1822 274 3193 2535 1889 3902 1441 549 
4599 7218 1932 4067 4229 3224 1578 6129 5432 7622 3083 9595 4205 236 1092 5899 6983 8123 5258 8240 3859 201 4654 5746 7874 704 2451 4757 1712 5088 8030 5903 9763 3350 6355 7640 4295 3408 472 6827 5346 4008 8758 9753 7140 5707 9624 6235 7392 1396 9670 9537 4844 7727 7939 8950 2544 6597 7264 1821 70 8469 9686 5977 9149 2534 6144 3216 6946 9550 5093 6496 8265 1452 5420 5218 8842 5276 2189 616 6917 3760 8327 9339 4840 912 9076 2460 486 8481 4998 1794 6740 6107 1716 3107 7058 4241 7242 2173 
8067 8933 324 855 9833 8164 150 5569 5922 5267 4915 8070 4508 7116 4304 7424 6380 4871 4781 3297 5278 2270 7923 8012 9060 2940 4272 5050 2765 8775 8253 7913 614 1488 4015 6881 1199 3167 8127 5608 9859 473 2636 6664 7871 3971 4447 1304 5298 7531 2408 5092 2427 7700 4 2840 8055 7215 4653 1352 2601 5060 9516 6936 9976 1626 2864 8250 5636 1109 2009 5565 9200 1391 224 1636 8965 6913 4518 2390 4448 2699 2704 7637 700 5497 8152 7762 3127 5929 5558 15 6995 5147 6952 6572 2677 4033 5518 8237 
3751 2303 1607 9006 8650 8603 6222 9414 552 5103 9717 5889 3850 1480 8707 3881 4747 2233 1467 1213 2588 7291 9812 2510 4426 4723 1573 3456 4400 5525 8868 6225 5477 3085 3207 7808 3488 9802 7637 6322 8484 2632 2893 855 3413 2460 3080 5299 24 2801 3409 5561 8576 6903 2055 9566 1574 3094 9798 5845 183 5607 3626 1217 5341 6550 3748 1285 2859 9784 2912 3377 3002 479 3338 5647 9086 5674 7831 1658 6998 4120 3435 7379 6220 4435 5635 9838 5939 3949 2392 4533 6832 4411 7538 2951 943 6705 197 3652 
8817 6018 2017 7823 8335 3113 1186 3801 4102 6460 5100 2206 2909 3906 8328 7977 6775 6723 566 5139 2911 8586 7973 5652 3130 6025 2318 6894 5162 9076 5432 3011 2341 9792 6365 6577 1806 86 9871 4918 7265 9583 5590 6928 1353 4523 153 9409 5729 7274 8151 968 2593 9836 1025 7872 8687 3901 41 2135 1117 2712 4323 3014 8802 4896 5997 5323 6870 6903 6461 3349 3127 4658 2688 7640 9894 5719 2591 6338 9430 6709 9124 7752 3789 7369 1111 3670 2613 610 7371 5879 1094 8941 8927 2649 2837 6997 611 4447 
9093 1542 8299 7989 6991 2592 6221 4662 6005 1404 336 3533 2546 4590 8800 3718 7814 5569 8348 6106 3140 4021 2157 7746 5302 1564 8295 9339 6130 6451 6123 1978 4186 5478 3356 7261 6862 617 6909 7877 6600 3648 8306 3390 5592 5980 2801 7613 8516 3469 4387 6497 205 7810 2586 199 1533 5081 5866 7822 7904 1803 8491 4511 668 2526 5580 7551 3791 1018 1904 9332 207 5410 3760 2578 7215 2018 7978 3316 7654 3425 7217 921 4469 3679 7682 2717 111 2734 3173 7707 9381 3831 856 8441 2027 7163 7488 1057 
5557 698 2686 8508 2573 618 9412 5232 7853 5145 7260 2308 7056 4106 4848 8400 9712 7256 1045 7690 4928 9276 9259 2809 6524 1788 1574 5681 8506 6315 679 8537 8055 2066 3365 1075 3044 4201 2901 7687 9311 7609 8063 3786 2277 1837 6997 457 1717 1454 3380 4050 2415 4411 7308 8604 7720 5461 9930 5227 2198 3366 967 1175 7488 1057 7339 5866 9302 4757 7366 2686 9412 7853 7260 3365 4205 7238 2026 6672 6300 2628 4566 7826 5325 4420 4235 8595 5829 2710 8862 5425 9625 8189 2832 9112 5305 5651 7502 3897 
9243 8429 8054 7341 4983 4354 3822 1658 9503 1805 5153 8594 5525 3591 8943 6623 4855 9796 1746 3369 981 3311 6200 1689 8613 9674 238 2167 2029 8238 2415 399 4530 6465 537 426 111 1369 9231 7572 4770 8311 8167 106 8474 9947 5433 5365 4877 224 5550 4734 6283 2175 7434 702 1805 9533 8336 695 5337 3024 6962 8770 510 8262 1597 6649 2990 317 9058 3069 5686 7358 7299 2328 8326 7039 764 6881 3118 7740 6977 296 8215 5686 5196 2957 2460 7313 2216 7674 1538 2197 6448 8904 9704 3726 5214 8279 
8590 5659 7405 6173 9538 7334 7412 6491 7484 2408 1511 5630 5993 9338 4510 4334 8796 72 2915 5402 6277 3405 8858 4025 4822 4208 6760 2683 7425 1362 2243 4959 4511 9393 6900 5782 3532 8617 4915 4342 8266 9781 7225 2522 876 3611 45 8662 3578 4272 7007 682 8577 6795 8781 1254 8851 8978 7382 8510 7421 3502 8474 3393 8755 6943 4863 3349 5417 6877 8587 9415 6561 7313 2887 1293 377 465 3635 1318 9903 9187 1195 2721 116 244 6941 7084 8988 4115 351 1676 9506 2749 1146 8190 1016 7458 1014 5851 
8405 9224 3931 1844 9956 2175 9077 2912 5264 4884 5001 73 6460 4878 9015 5166 2238 5433 6107 999 5061 3370 8829 4965 6739 3584 2182 5447 7398 9557 6533 1632 7825 4354 9166 7903 3869 6018 1988 7956 2559 3393 1202 3183 4913 8140 3212 3329 1007 7225 1321 36 4843 8080 6737 8047 9990 3567 6729 941 172 2907 6943 7261 7757 1906 1647 8895 7822 6455 2592 7370 8956 3403 8995 3246 1483 612 5107 4051 8549 3858 9882 6751 1512 3380 4758 9348 595 8898 2332 599 2399 3717 741 8019 6058 4604 1871 376 
2038 2294 8537 5204 1328 9470 2961 1971 980 9777 373 7948 7508 652 5376 8300 7984 8978 8070 6030 5203 8577 3534 1334 9026 4717 7276 7459 653 4657 4662 6002 7034 881 3533 2546 355 7814 5569 8311 1821 2157 1867 3679 3474 2057 854 5256 5705 2805 9687 8234 5619 2571 5046 8047 375 958 8578 6893 1124 3136 9865 9710 2945 4678 9990 9700 4027 1437 7639 7484 6202 7702 3945 7951 4293 961 3363 1645 504 368 458 3325 3589 339 5702 9656 4655 1831 2169 7996 8725 9259 953 9572 6034 5196 302 4832 
720 5744 5003 9421 7574 6069 143 2201 6697 349 8245 4477 7409 9273 5695 5968 9344 1766 1528 6307 7147 5112 8815 511 8829 4965 4432 4603 4946 7363 6732 2370 9015 6181 4432 2459 8098 2072 8269 1440 8800 4794 5517 5350 3558 2000 1222 9808 5952 7534 3889 2711 9885 1097 5971 4791 8038 636 2339 6098 1093 1968 383 5174 5964 8335 2528 781 3649 1489 2833 5879 7378 881 5849 2592 1566 4557 1256 5585 9834 234 5241 7886 1516 6554 3224 9284 9464 3798 1446 4611 5279 4908 7258 498 8776 9386 5947 8079 
7955 9532 9192 9017 8296 9340 9960 5968 921 8747 3286 9460 2484 2717 307 4234 6000 4061 3521 2313 5193 699 4733 5353 3896 2496 1345 5580 8074 6329 42 1899 116 2702 504 368 4492 1509 3496 7176 8397 7205 55 6700 8549 9065 6341 7876 5393 1924 9384 4251 2105 9845 5393 180 6652 8018 9934 9179 524 9408 9592 3207 5209 8109 6436 9627 8807 6839 748 376 6321 6723 4870 2785 6181 8183 5266 764 3118 9269 7740 6977 296 7874 5196 2957 2460 1538 2633 1568 706 4365 8463 9133 8612 1784 4653 3166 
7321 2392 9822 1207 5807 5795 3947 8508 6589 5173 5557 7709 1955 677 9722 8328 1397 5471 2765 7017 9568 8588 3322 8461 1696 3091 3585 2279 5057 4677 7409 6992 3235 4035 9016 2121 5243 1582 6541 4324 5600 2095 9564 8422 9272 6305 6712 7232 7784 8035 3854 4927 3970 557 6914 1175 4349 9302 612 7366 9528 7826 7853 2308 9729 1680 7056 6424 5744 5273 7846 2110 9564 9282 4928 6797 5292 101 6509 2984 6009 2857 5589 4808 9351 1743 4314 2371 2522 9888 7225 1411 7376 233 4440 4456 704 6859 6342 7600 
1633 5654 2327 159 8035 9174 8912 1907 6401 9418 7854 5039 3272 7611 7897 5437 9654 5536 9914 3155 7028 5461 59 9186 6112 4215 9838 936 3397 6932 1849 2901 9166 5728 4034 6714 9694 9974 3633 9662 3131 5203 326 2586 1429 5258 3528 5408 5338 2877 8995 7254 9779 546 9647 6091 3363 2709 6417 3923 343 7524 4364 2820 1550 7823 6986 1656 7134 6167 4721 8164 9893 4615 7404 5640 3946 2314 709 6231 4667 6179 5945 7916 5927 5974 9394 8549 8504 8375 898 2041 5789 9305 3571 2713 1683 3235 5374 8123 
1983 4997 4154 625 8250 2666 4039 2017 3809 6566 541 6653 2874 7947 1380 8556 2252 7543 5667 12 856 2104 2106 9332 3660 6938 761 4656 184 1907 363 4821 2469 505 8875 9248 5405 9717 8292 7534 8440 8295 2952 2315 1036 2943 2807 1245 7772 8104 9785 2162 9002 1875 300 9484 8867 9883 3385 6172 9316 7945 7736 8164 1591 3787 6600 9124 5342 1123 4024 8304 1577 9050 1550 9620 3221 9468 7115 8207 9095 1567 8143 5264 5900 2709 41 2759 4466 6948 5191 472 3177 8197 2392 9608 7443 5743 3978 4141 
7887 3647 6913 8043 9564 4466 2933 5442 3329 585 3429 9711 3591 398 4070 5095 4044 3307 1338 968 3757 5240 8804 4162 8449 290 5017 653 7857 3998 6967 7255 2939 7509 6656 5197 1750 6777 3881 1097 7605 8418 2900 5043 7439 9432 399 8409 2544 7779 6140 8330 1180 8304 9933 7082 2841 4711 6316 5072 9858 9001 4684 6825 8783 121 3647 131 8964 465 6371 5964 8435 1764 4392 1082 3822 8858 1658 3800 1020 9503 172 5468 5153 8594 7927 5525 7133 7140 5101 9842 4634 5092 3061 195 9268 7706 2392 7795 
9281 2126 5760 9658 7704 5422 4310 8055 9788 331 4783 3236 9487 4007 6828 2726 8267 7301 1531 2866 3830 7334 5539 544 6506 4596 3539 3492 520 9731 2982 896 3409 5535 7307 5668 5411 225 4196 3063 5383 501 8807 8340 5598 6860 9549 9127 8021 7255 5475 1638 2778 4007 1655 7006 7808 1389 560 1633 975 438 644 1795 6829 7421 6373 5939 2878 6044 6822 2497 4651 5903 3615 6796 5577 3459 223 1180 1240 8991 3305 1970 9774 4729 6341 5036 1152 2760 981 4909 6386 3706 2230 5208 649 7688 310 9625 
5630 7904 4073 8975 6250 4814 6543 398 4522 5880 4414 95 9358 8536 3390 5049 457 5713 2991 6219 5133 8844 1036 2617 9548 846 3678 2725 1082 9430 2739 5357 9938 9198 3164 6440 6622 4888 4807 3460 2397 1485 6347 7526 6692 3704 9857 1016 9874 6855 1054 8043 4040 4442 9399 8473 5896 8303 715 2177 7851 7416 2212 1572 3291 2841 8470 7710 8951 2719 2467 8168 1829 6652 4537 7135 1589 6900 4781 6653 2949 1068 2322 3507 9950 8045 175 7089 5726 6659 5086 7093 1806 4435 1335 8954 3613 843 4840 8535 
961 5265 9430 2672 7555 533 2303 993 7306 5090 5625 7705 7483 9486 7014 4908 7545 6970 869 4867 621 6071 698 1949 3839 1566 4882 9267 3997 640 1429 6888 1282 2304 6552 1354 8119 7278 681 7591 8203 6800 5985 2345 521 7579 7830 6485 2063 6438 2151 149 8371 7955 6974 9845 2986 8346 7328 2552 7275 8498 6325 2142 117 6014 8795 9049 4612 9429 963 6613 9820 9546 1908 3528 9890 9364 2625 433 6346 3372 4651 8722 1038 8759 4892 5077 8711 3189 3848 2512 6546 8560 9892 1949 3005 8132 4940 6441 
8158 7907 8240 7645 2799 6631 1038 9108 6215 3041 5534 6462 2075 4863 1161 2653 9262 9567 640 7671 7237 9892 8439 9654 4550 7663 2617 5515 1447 7614 3728 8066 5169 905 2407 6323 6807 3271 8968 7034 909 5505 440 6064 9856 6865 5348 496 5276 614 2082 6116 9519 7743 8546 2128 4089 7811 2512 8800 5307 6061 2072 1979 7247 4183 422 6342 7796 7799 8104 8372 9588 3614 109 1754 9553 1149 9963 9437 8100 3091 8312 8246 3388 5039 6194 2490 9994 2844 6104 8706 4501 2892 1722 821 9451 3144 9657 524 
6628 8779 2112 1374 8189 4342 2356 2872 4391 4055 5113 795 8918 2404 9851 2430 2392 7580 1500 9409 3472 9880 4897 9188 7791 1470 961 5858 4635 214 5394 9823 6555 9552 4511 2723 6725 2234 801 813 3754 2321 883 1495 7438 7260 1532 3261 607 9427 3701 7995 8101 8447 9036 613 5076 1484 6231 8219 310 115 7462 4779 4254 8130 3777 5394 9505 4577 1922 2029 666 5903 7747 5836 204 9813 5117 37 7032 2590 1447 7304 5201 4049 4529 3468 3189 326 1505 5191 6622 3655 1119 8758 8663 4563 1128 8606 
114 8540 9210 6374 7003 913 7865 4307 508 9614 6376 2629 9637 978 5160 3780 8358 7211 271 555 2089 4560 649 6581 10 1192 142 6580 3659 5796 2799 8834 9739 1994 4459 9901 3880 8408 8415 9821 7551 4061 3782 2263 9065 4668 8872 7980 3350 7097 7222 7985 376 37 7786 9014 3947 5473 2775 2544 2431 8048 3808 4938 6298 5097 9560 6548 4950 167 16 2301 5750 2263 5635 3725 5772 8187 839 8689 1472 3547 6995 7044 9349 8742 6791 6458 1245 3968 2986 6246 7427 9593 9521 670 1505 7148 6617 4179 
3043 8179 2712 7838 9858 6067 9460 6898 4657 8116 8997 9193 8514 1830 3815 8488 6821 9225 1289 1753 857 4605 6633 4407 8205 939 1765 7671 9331 9043 9127 2000 4122 4609 8337 3250 1195 2319 5772 5189 7260 2044 1395 7719 8369 681 4056 1459 7308 7461 5518 7982 7573 1340 8299 8318 9640 1805 7691 9989 8868 510 5956 8519 4598 564 4157 3750 318 3365 9907 4743 7215 1898 7487 9528 5425 5953 4684 7869 4598 564 7358 1587 3750 5840 8238 963 465 5964 8435 4857 663 1459 5029 9921 6991 620 7569 8250 
6981 8659 2215 6086 4830 6023 2642 7179 3189 5560 7102 9616 63 3109 5469 8474 2494 1611 2858 3484 9118 9477 3259 142 9138 1603 424 8502 9804 5862 3309 6532 647 2730 3741 3574 8495 4031 187 3587 3684 5751 8365 9495 618 562 5392 1638 4488 8964 9539 2713 564 9796 3369 9471 4257 6678 4927 1689 8613 5569 2167 5402 411 7443 6611 6189 4230 2524 7660 4424 7949 4570 4488 897 3127 3358 4596 4490 4768 9143 9573 8117 5075 6354 5750 792 8035 7176 4663 4341 2666 9904 4934 4381 6475 7267 6734 4589 
5852 6339 1805 768 3980 7243 862 269 6122 1540 8850 1511 8725 7993 3037 7909 6082 9833 4787 4258 4531 7340 2291 6553 2633 9954 30 7051 7666 4513 7776 8585 5045 7236 7986 1781 5858 7439 9422 6213 9939 4697 1546 6709 3350 2373 5840 382 5588 2062 6836 6422 1987 418 9676 5649 597 5361 2087 6506 7972 7256 8389 892 742 4069 8646 8173 3981 937 9384 5746 3224 365 5972 4965 8296 9939 6339 3164 3206 4878 2348 3653 6766 2353 3481 4298 6611 7415 713 1 2609 7358 9632 6755 5835 1808 6385 5728 
8579 4205 4426 3047 4163 1817 7034 7455 9447 4135 5532 1579 6265 8887 3183 1382 8811 5323 3171 4161 2962 6852 4655 5740 7852 2247 1361 8381 2887 2903 8519 922 67 7454 9916 6835 4293 3127 3281 2789 2886 696 5803 4778 183 946 5847 4042 6795 9505 7687 9957 8384 5205 2834 6563 4418 3551 3112 7146 7258 1307 321 6564 8652 9295 5170 208 6056 5571 9149 7949 3795 2024 5603 3400 1780 1527 7826 3512 5685 7067 7531 7199 7890 3558 5034 419 1274 418 5266 9131 4244 1544 89 6099 3604 7709 2299 7628 
2608 6098 9136 4987 6619 4248 9663 1295 8103 5199 5079 2684 1740 5292 5547 2432 1062 1549 3921 6134 2385 8871 3259 262 5091 7416 5273 9624 1202 2994 8877 8393 8806 7846 3762 5004 6540 6121 8741 678 1651 9882 1181 6961 2482 2459 4146 2689 4657 6315 8005 958 5635 8858 5887 969 1959 9672 344 1563 5539 9859 4488 5721 6198 3849 9456 6775 7668 1619 6986 9018 3674 7610 8784 5175 9089 9331 8539 894 3459 9225 7739 620 8593 3920 8653 77 8988 4939 3775 7773 7624 4436 4247 5686 9386 2155 6944 3118 
7833 3160 3384 9086 3113 5867 4012 5662 3398 7265 85 4812 396 4143 1530 1965 683 1872 7023 6762 5975 4514 1874 2555 8315 2778 2536 819 3996 22 3270 6196 8315 1932 4468 850 7165 3436 5624 8010 41 9062 6460 4129 9757 656 4174 9386 7120 2874 4155 9180 6313 190 6002 8719 8108 5327 9883 7381 7905 6782 7577 8345 8679 6750 3513 5322 4799 7856 5528 660 236 925 4675 9367 9232 909 9391 4515 2744 9888 6199 813 563 8643 1879 7572 4323 7983 5036 6760 8522 4410 3455 5662 2055 7050 1007 9903 
2525 7140 6846 434 4637 1098 3701 3288 5991 8809 14 6572 5072 7777 8911 334 2057 5968 3041 4309 8829 6954 3559 8319 9186 954 5404 490 320 1248 8884 8435 4972 9843 5762 1112 339 60 2331 3983 9417 2618 1324 1064 4726 3454 656 9805 8890 9243 3679 2484 984 4138 9707 5747 2858 1050 1424 6378 8146 2651 4172 8049 6613 9601 8551 3755 4262 4186 6769 8321 8945 2889 843 3379 1286 7421 4144 5865 6529 1920 6418 3356 6943 7261 7757 493 617 2815 4755 6909 1582 8650 7118 2425 13 3786 5975 4207 
6805 8115 8898 6610 1471 223 9397 8240 9891 4055 1055 7316 4409 8875 8898 3059 1323 9424 2842 3211 5170 1945 9214 4026 4425 6019 8494 9675 8981 5516 9205 1898 1265 2643 3050 7546 8507 8307 7382 5617 3293 7143 2570 1031 6706 4092 2977 5920 8119 1940 2965 921 9282 6478 1180 6562 5473 7671 4071 8524 1569 2578 6312 7212 7594 2392 1089 7795 4514 3716 3526 4620 2008 8049 9281 3346 5760 9658 6260 7585 6683 6109 5250 9261 7704 1926 4917 5425 5422 3311 4310 1041 4177 919 3763 5667 2241 6544 7779 9157 
1717 5581 7826 1454 8662 3380 4087 4050 4926 6036 1263 7077 2415 5641 1213 8379 8111 4411 399 6704 7308 8604 6465 537 426 2309 2734 9843 5461 3173 6739 9930 4977 1390 3359 3745 1763 5721 5227 3831 4368 8441 967 1175 7488 4228 7339 5866 3280 8419 9412 977 6458 5777 9705 3199 8939 3408 2247 4066 5644 7130 6835 5316 1990 6327 7717 96 7389 3214 4161 556 3463 4447 9559 9009 7081 845 1609 5047 497 7390 6741 2926 2774 5815 1838 2724 1851 8997 5391 7723 724 3545 1574 4811 535 1897 9528 2908 
5366 9064 2357 7546 8676 1241 5325 9527 8181 3880 8192 6534 2419 105 4050 7699 3400 8726 9154 2379 6834 15 9384 8468 1483 5377 3689 4088 7635 230 1640 2374 85 2781 3310 5796 2684 7771 2018 7997 2462 317 7110 8814 7540 3485 4836 6149 4521 4756 1616 1007 4080 1690 5661 68 2200 1686 2269 3088 9367 4410 6719 2858 3705 9130 7856 1178 703 7552 9553 5981 1951 6111 2650 1558 4238 3961 6737 641 194 3755 2757 3550 3793 972 2935 6103 6329 9033 300 4754 6024 6104 7346 6079 5285 2867 9729 4421 