2546 7606 2804 833 3159 20 6975 5209 7150 7469 2603 9926 8983 9732 1362 4566 1276 4729 8612 1164 7192 2635 2807 4170 8403 3332 2903 8296 6471 6794 4876 9631 264 4912 4328 8365 6152 4486 464 1260 117 330 207 5560 1581 2506 3310 8375 7186 4117 4713 733 2992 2989 5646 870 7318 19 6214 7052 752 7587 7568 9354 5009 5576 7381 4488 291 3249 612 4909 1319 830 7439 9199 7652 4696 8507 2322 671 1084 1309 5779 7708 5002 9741 4659 7015 4038 4614 6860 9724 8361 6734 2706 5421 3777 8198 8509 
6150 9932 1644 7939 3872 7545 2013 6019 314 4218 2530 9970 3565 7391 8993 6807 7864 164 6330 153 5267 5981 8997 3478 993 1202 6396 2985 5075 5037 6883 9076 9254 9033 6651 2812 6214 106 904 5277 8688 2207 7552 9904 3939 3672 7203 2130 1771 9320 4134 9699 6492 6711 9380 8368 8867 3525 9389 6152 3050 716 1383 730 6957 3196 6668 3221 8865 9713 7825 2271 7215 2300 7682 9719 7084 20 4152 5166 3854 2052 1244 7461 5402 7673 1711 7423 1732 2943 2589 1465 6994 9216 5337 4291 3282 7405 5172 2567 
362 4037 4540 9537 1608 9292 6990 493 659 3930 421 6134 7747 420 106 8470 3727 6586 1137 5966 5502 7989 462 7443 8199 9969 3495 2291 2449 1870 4417 5089 1228 1318 4661 2845 9944 3499 1402 6521 8970 87 8830 3870 4203 3011 4927 7261 8115 5454 4115 8083 8327 2815 3390 4358 1570 1703 5353 5095 6612 4658 201 3024 1686 1400 1823 7483 8931 1549 7910 7957 9664 3014 5995 6730 6891 9448 5118 3999 6261 9372 7732 6681 6817 2185 8505 5894 2340 5027 9903 2826 9431 7804 7297 2113 3313 8108 43 1351 
5843 5351 2104 6189 6743 9613 9358 5280 4470 9074 6811 2575 453 9540 9631 8972 283 3280 6314 2396 3022 505 2989 3448 8208 5344 7289 2964 2843 6059 8809 9188 1339 792 6765 6442 9719 5983 2198 1307 7621 1229 5778 6995 8767 6795 6295 3952 2139 1241 9050 1071 7514 7859 5205 3933 3474 8244 6268 5672 7797 4505 630 1548 2087 173 1690 1832 3073 8077 2288 707 4017 1869 676 4741 5434 7387 7178 4982 8648 6260 8803 7887 6130 2312 6620 6691 5131 1274 5458 3985 7674 1711 8159 8003 8835 9096 2835 1777 
1483 4389 8399 6638 2276 881 8044 3193 802 4676 8429 6052 79 3861 6112 1091 4024 3521 8036 7586 4024 4424 7701 8362 1201 6197 8766 7221 1027 7621 6316 3791 461 4630 6680 9497 6932 5075 7447 5486 6721 2171 6705 4168 6575 8205 5035 4209 3848 7190 943 2812 5577 980 4941 8395 3798 7863 7504 2549 7080 3022 1474 9629 4753 5074 5456 3910 7707 1052 1176 3076 7637 5909 562 7222 9713 4630 2833 3829 4756 1400 7558 8160 4377 8666 8550 8566 892 805 892 4526 8709 8514 1759 6406 8034 164 6451 4352 
3286 133 9818 193 7840 9445 339 2877 5907 1162 7312 2146 5930 6688 8390 535 1697 8851 7708 4974 5508 6861 464 1344 8158 3388 1214 6947 7278 9949 3160 2822 3992 2345 5353 7455 5010 3211 1721 8025 8780 9503 9190 6746 1785 3860 6380 3012 5868 9877 750 7835 3843 3001 427 6880 3897 6407 9060 5741 4440 8507 5161 19 3996 5524 7666 6492 1037 5576 9719 7669 8576 877 1732 3182 3951 3247 3989 9992 7199 7625 9490 1752 1222 9966 4576 2803 6532 988 217 4322 1355 7516 6405 5224 7072 7868 9379 7864 
7676 6163 35 6814 820 4954 6575 1423 312 7626 8668 7428 2672 5840 7626 8353 1958 2786 17 1408 4639 6509 4288 9129 7440 8115 3438 998 8898 5170 9214 4425 6317 8507 5727 2216 2810 6805 8070 4067 3332 5101 8071 3296 7284 2172 2536 8694 3131 7554 5596 1087 4662 4524 2282 522 9936 8616 4834 2389 8531 9407 8807 1133 5903 647 881 2730 7942 3741 8759 8549 4058 8678 7328 6159 1669 8911 3039 7880 8152 7962 3697 3715 6945 4684 395 5478 7305 4926 8619 1478 7641 2163 5544 7236 6344 788 3739 2539 
6055 7676 7975 1733 6384 8417 5922 7614 3015 746 820 8796 3360 4511 6994 4406 6957 8734 1499 9189 6609 9624 5045 8445 5921 6919 3410 3914 319 803 754 7654 839 3800 1317 2715 6616 8369 5533 5911 4357 6462 5239 8686 8735 3216 2849 6277 87 4054 2385 2382 7983 8542 2250 73 3898 4146 8005 3835 9688 6750 7001 5234 8962 9381 5801 6496 451 1017 912 4996 5954 798 9324 6027 5408 1158 58 4281 5441 2812 566 2744 5018 6705 6327 1496 9878 1202 8132 3441 3499 6243 5573 8982 1684 8559 8474 5477 
1112 8198 9240 7439 1399 737 9594 5392 5243 5439 5122 2994 9896 4915 5354 1858 8414 4453 3988 8899 963 8992 4730 8614 8997 5776 4774 9731 3052 7789 9244 1904 3685 142 8732 2636 4846 2214 4662 3329 8874 3968 6136 718 3471 1697 6637 6792 2915 5436 22 2540 730 9085 195 9840 5802 2069 4849 6620 294 6670 5356 4472 8882 6615 1087 9440 3292 5121 6827 714 405 4827 7485 3138 5023 1531 1220 3857 3167 3297 6577 6129 8443 4884 7042 5598 3799 4089 8917 448 5765 1840 5300 9392 7489 5176 2243 7987 
2943 1239 6622 6265 5757 1162 4676 8182 6995 7182 2946 8554 5666 2132 8329 3818 969 8143 8583 9226 1368 1728 270 881 9746 9832 2834 3151 238 9522 5822 2552 256 5109 3875 2421 126 6052 6950 673 7382 3790 7938 6011 4667 3705 3766 8449 3482 1407 3719 9472 9757 7059 2653 1324 5811 5413 315 9346 7881 304 560 7735 6052 6167 6226 3103 2814 5496 9339 1636 2334 2894 4326 6219 2218 8845 8044 9240 2143 7643 5607 4471 6343 2899 3783 6784 5221 8200 6418 1857 3730 4280 4907 1244 7552 6303 7352 1961 
8840 8061 4784 8695 8414 3321 2429 1415 5458 1579 7652 8374 1841 3201 4551 8297 3178 4717 1046 3669 2309 4084 3768 8877 8888 3063 534 6589 3555 7130 1214 4433 2436 8058 2234 7463 8864 9911 8836 51 1677 3857 3958 830 1654 482 3367 3454 9759 3100 6116 1566 6350 6679 6841 3053 983 6413 7345 5349 7900 9235 4676 7943 1244 1094 6655 597 6209 1558 9256 64 1070 1189 3946 6905 7728 5389 3412 6443 3224 1984 2151 3810 9338 5160 2385 8322 7503 9247 3897 2425 4226 7062 5939 5965 8915 1788 710 6014 
7289 6556 1838 6422 231 2378 9409 4331 6125 1129 7611 9882 7425 2034 89 4348 3313 9276 5492 6687 9374 126 4026 2876 7667 4537 6692 2936 7713 4794 8851 5418 6227 5705 2313 680 3768 5161 7312 2110 9885 2276 6522 5779 427 6738 8167 1413 8185 2586 8854 7497 5456 4456 3231 4553 2805 547 3092 4943 7409 7896 9301 5965 1052 5332 6646 5940 9817 3901 603 7265 8078 6179 1748 7062 6208 638 4065 8676 5086 955 2445 6769 1011 4852 9009 7328 2306 9757 3159 130 675 2244 9499 6628 7504 6060 7062 310 
98 2362 4958 3723 6225 4658 2087 5515 5199 163 3011 9014 8020 3523 4749 9598 5163 8940 2625 2513 8927 1915 5994 5333 3143 6757 8473 4423 3964 280 5482 7916 6392 2370 1117 5047 6371 6955 3068 2370 5008 1857 1028 4951 8533 834 4141 5855 192 9179 4709 1978 5869 850 253 5361 3411 5893 466 791 5972 2503 2363 7316 1927 3303 6814 1788 2356 7641 2163 5544 6344 1727 788 7315 3010 3328 765 1419 2503 9592 6401 284 2500 1264 6707 2150 7816 8055 2066 5327 4959 1543 8919 6719 3064 5107 1853 2842 
7088 3858 551 2750 9895 5740 764 5342 5494 9082 962 2629 4514 2843 9281 3346 9658 7585 4917 1041 8797 6704 426 2734 5461 6693 4368 2027 4476 5557 9302 7366 2686 8508 618 5232 2308 7056 2892 4848 7314 8400 2110 9657 6338 2545 3111 1302 1212 7370 862 3930 1521 8081 8403 5692 759 7044 7915 9692 8106 2762 7225 6012 6678 170 445 4066 435 2775 9030 6155 3778 8505 6860 7359 7942 3741 3574 5751 9157 1887 799 4390 6051 1713 888 3064 5954 6046 5455 5591 3841 8429 4567 1805 5153 8121 5525 3021 
3704 8817 2336 1289 5340 3098 320 9313 8069 3630 463 7558 7879 1063 9752 3957 3257 5542 5863 2054 2500 147 8885 1087 4456 9998 1190 3365 5671 1551 6185 279 1543 2257 6713 2664 8030 8034 6798 4896 2901 9532 7774 7609 6395 8296 8870 1444 3557 8829 963 8683 2970 8014 4617 8195 9633 5382 2935 1870 2400 5863 1324 995 8678 1886 6544 2941 8765 4100 2478 4416 3788 678 7849 8843 6369 2135 1592 5692 2568 6153 5013 6293 8449 2043 8191 2107 2392 627 6458 3338 2957 3965 5255 8514 7975 6932 7614 655 
746 3105 6065 4511 5253 6994 6957 3342 5904 9189 9642 8038 397 3452 9119 8787 8943 3492 7786 6949 4830 3314 6320 1124 9241 9146 1563 9615 5285 5305 3786 9087 4763 3419 6875 1366 1671 4479 2818 9843 8786 1374 2601 5193 7301 8930 3064 4298 5148 1401 739 2976 7416 7284 2614 9301 1058 2499 4995 648 806 4318 193 106 2834 6754 15 4226 1508 1721 4767 2288 6548 8368 4263 8549 24 9403 9487 9314 3349 482 8701 490 3115 8435 428 7016 8403 5692 5711 7044 8850 5969 1407 5119 4135 4866 3037 4577 
9060 8157 6390 2945 7915 1511 8725 5119 8508 8691 3365 7056 7238 5902 7398 9396 8698 1108 2155 9689 9573 792 4548 7585 4091 8812 2390 4265 9498 6616 9460 6994 4570 1576 5906 8912 183 280 8657 3127 7706 3358 4413 4950 4596 1791 8721 7711 2215 3649 7640 9894 5719 1346 2357 7239 9030 6592 4616 7028 9637 3885 4070 1615 3845 1486 3209 6688 7265 7732 2378 6432 538 889 4061 4326 9642 7735 1597 5214 131 9213 5325 5069 8326 8421 9568 3492 4608 3242 7355 1233 2034 2237 7839 360 9656 190 9407 3290 
3653 6740 9889 5446 1853 3189 2669 4611 6554 3473 8336 8776 9386 2377 8079 8569 9192 9017 4662 5653 4326 7182 7962 9554 5293 1986 7451 2765 3142 945 2915 3222 493 850 8408 8544 8138 2743 9754 6700 2221 720 3182 1204 5869 3591 4769 7822 871 9828 6724 6652 8296 7831 2945 9461 9405 7391 4174 9338 8862 9507 3521 5193 6234 981 3570 3427 5751 8369 2804 8074 6329 7651 7191 8591 6646 9358 9320 7340 1927 396 5213 724 8913 1325 2315 3493 5860 3629 6827 9534 8175 1212 8328 5464 2280 2676 6424 9987 
2341 4232 3149 3439 4454 7829 6097 2127 8428 7432 219 5625 203 4427 688 7749 7697 7095 8441 4698 5343 8253 1688 5430 7678 5228 9106 7680 5197 481 6338 596 8035 4239 3016 6706 5525 2845 2949 583 4875 8425 4471 5374 9623 215 3175 6438 4680 1058 6543 9239 3734 2996 7087 9621 6662 8081 6205 2650 2439 5441 6319 8962 3777 9832 3151 8873 5100 6025 1908 609 8990 2766 6246 5103 1034 6478 6991 768 3952 5814 731 9293 328 9471 1430 7540 899 5052 8406 8681 5202 6707 7816 8055 2066 1382 9998 1190 
3365 1475 5671 6038 1551 9196 6185 826 1596 3176 5873 8982 6181 8181 3924 2663 7140 9964 7856 3805 6154 1328 8414 6416 2875 3201 8433 9344 4774 81 8358 4964 7667 3882 124 8857 5529 3283 6495 5039 4480 4935 1100 4166 5120 7788 463 5688 1632 4929 7948 5922 88 9103 4567 8839 8736 2290 803 8751 2375 3524 8756 2017 3749 9389 1509 1802 3374 412 4904 8273 2621 9131 3184 4524 1477 5334 4052 9735 7357 1654 4649 4952 2134 1880 1239 6622 8509 3221 1162 8802 8182 4043 3339 7759 5333 8554 4252 5646 
9920 5074 6716 8705 6902 5542 9794 6827 4962 9776 1571 2021 6583 8615 701 8699 5631 9284 2040 4281 8982 2479 3224 7626 9926 2783 7303 8587 7462 4211 8243 4913 6658 9873 6461 5806 5317 691 4792 4493 3611 2209 1366 9033 1671 4248 6543 2818 3699 5047 9843 9901 2601 4122 1841 7301 6864 5112 8618 8080 2280 7964 8889 1263 3593 58 8823 9227 8558 5234 5733 8097 3794 7388 9162 6302 7830 7584 3461 7118 8927 2081 8291 8609 4858 3431 4327 2972 4494 6626 2943 1394 3781 1037 7357 2591 8205 1303 8076 2092 
3242 2902 3649 8094 7431 6737 490 135 7907 2276 3574 9155 1127 3006 6843 5758 6562 997 6120 6994 9746 3682 5326 7373 4253 9607 7750 1852 4994 2183 1798 4223 3061 3459 5186 7459 6728 233 8708 499 2743 8524 3984 569 1401 9954 1154 5103 5014 6114 6696 5814 578 4473 3940 8519 5643 9323 4569 106 1401 1635 6835 4293 3127 3281 3563 1055 9775 4611 4401 4778 9902 4426 1713 3724 5533 1817 8394 2279 7455 1376 6237 7202 5266 3115 4479 7804 2278 6630 4012 3888 7388 1140 5542 2408 6529 9511 8846 3524 
4415 5090 7394 5933 3843 7061 1987 6816 9745 5835 1072 9085 8253 6177 1267 8638 8834 5895 391 137 8172 9244 601 3918 6809 9033 6543 3133 849 8334 1672 1626 5550 3928 2527 40 7032 3581 7516 6543 4048 2735 7417 1976 6836 1754 5106 2857 1579 2735 2218 8113 2539 605 7596 2539 3542 2059 1653 2461 5980 5945 2381 7842 2480 5750 5926 2269 5316 6434 4690 5734 2280 5063 3060 5424 1617 5316 9491 640 1967 8515 5723 7305 270 9895 8969 212 414 2198 9381 2230 4604 542 7039 6693 2861 4158 9891 1218 
737 1764 4915 8414 3988 2489 7173 4377 8533 6292 7577 1578 8765 3091 461 6093 5545 7849 4493 625 1254 1531 8851 3893 8434 3393 8755 4863 3349 6877 5728 9415 6561 3149 9147 4800 8193 2420 121 2887 2591 377 8964 465 3635 1318 1680 9412 8550 92 8465 2610 8002 5721 5026 7957 5852 1218 6478 4498 3862 2683 1685 9355 6377 6166 6124 9620 669 6268 8671 4251 922 6189 81 9986 6233 4384 330 556 6533 1048 1724 8631 9188 8082 8404 389 2016 8638 9748 8728 1395 6056 2111 7431 6390 6054 1323 2457 
366 9880 7192 2231 8884 2744 8480 8525 1327 5289 92 7838 4520 5000 1815 1915 5649 2739 5005 7117 8931 9859 5085 6606 8668 5452 6486 3829 9065 9902 7591 3068 5192 4035 2630 2259 797 4968 4174 2799 7707 5531 324 9000 9355 4489 4441 3880 6245 7709 8889 9004 3126 6982 717 51 4752 3080 5920 3878 4628 6446 8687 3353 4245 7330 9061 8735 2542 3502 6422 3764 483 4988 9120 3609 8027 8374 5431 7910 8140 6071 4758 874 9004 2767 9935 7739 1661 9789 8083 5888 4038 8566 2175 5552 7537 2854 2367 8665 
277 9729 9325 4769 2153 6432 5938 8220 3164 5915 7339 6 9241 280 7083 1482 4318 2001 5063 529 6967 1366 3383 7245 3733 4373 2262 362 455 1588 2608 4372 7421 9519 8944 585 1787 37 8145 5631 8425 2368 7113 9095 8528 9276 4898 4634 9092 727 9007 1354 7441 9462 2070 18 6345 7942 6930 9729 5247 4226 531 2652 9251 6064 9973 4592 7375 6439 5857 5531 66 6820 8776 2839 6305 3936 4724 7766 5708 1483 8909 3963 815 6473 6505 7416 9707 7035 4835 1227 1140 5163 8904 1605 9887 5723 5137 7098 
3177 4834 4592 2778 6097 6562 4281 2134 7169 6285 5588 3017 8593 2106 6818 3351 2571 8308 4891 119 8833 3776 9651 1723 2437 811 5876 9203 963 748 9217 142 9921 8433 9852 366 9017 1454 7331 9230 211 5529 8438 820 7752 245 7369 973 6873 8941 1726 7554 162 3631 2777 6991 9486 6096 788 448 771 9048 5510 2146 163 3356 7536 3374 5144 3444 7971 6268 3968 6136 3271 6625 5879 5056 8860 7554 162 6722 2601 1369 1542 2777 7822 897 3885 3403 6868 277 5717 5011 1857 3677 8409 9291 4995 5529 
4711 3461 5232 1344 9970 8415 8368 89 3554 3707 4182 1714 2538 5149 8075 5262 6523 3799 3884 4129 1912 5357 506 3265 8910 8382 2731 5433 8440 8827 3480 3301 1542 2638 5862 7380 4290 5126 8773 9560 5829 4892 8220 856 9856 2261 4411 5187 8610 1540 5865 8123 5823 2344 4186 5320 2674 3276 8840 7450 6883 2404 2138 6405 9942 4563 4826 9967 5758 6847 1045 7522 8092 1662 5780 7390 2564 8210 7909 4469 9456 8304 7794 3208 9940 5190 9934 2184 9591 9153 9053 275 864 1965 1256 6107 5480 4677 1879 1706 
2387 4043 6430 3728 980 4656 9946 5437 9331 9956 804 6682 2945 8647 1437 4312 8520 5511 6390 8903 8440 3755 4293 9534 8808 7455 8619 8544 3893 5819 547 2907 9501 7540 5498 815 2082 7283 7364 5183 5504 6542 7634 3855 7592 4694 6359 9517 953 152 7024 7002 2151 6060 7851 8436 4368 8705 5328 5515 5799 7521 8514 6866 7534 6272 2590 1727 733 9554 958 2957 6550 8403 6526 6636 2726 940 6838 2396 3241 5679 1863 9612 8200 3350 4929 501 4904 3744 7183 9607 788 6740 3101 4931 8576 1664 5023 497 
8967 8557 3272 968 8002 6124 1667 5590 9009 2756 7079 6924 4999 1302 5336 9077 4 4260 4914 7532 5603 2916 1273 8079 4583 2277 6525 516 976 9624 9163 2833 3819 6268 7541 6648 984 3521 7157 1360 3318 7263 7711 6179 3657 2864 3638 8698 8759 2478 7926 1040 7497 1328 7567 4024 5701 7779 3278 6621 2821 9924 2208 5834 9768 1579 7540 1057 3072 7882 1298 7190 2530 4738 8772 238 4816 3710 8188 2166 2268 5628 6310 6488 7973 9160 175 808 9418 8104 7714 5256 3964 9662 2039 6311 56 2612 4630 4135 
8839 9800 2867 9183 8732 2504 2779 36 9165 1771 2530 205 7812 2169 3914 754 3059 7381 6935 8369 6863 6858 7461 8631 7640 7569 447 2041 6436 9528 1450 1556 9044 2598 6677 2051 6456 963 9957 6718 6204 6944 6798 4027 2051 710 242 7556 8186 8809 5393 574 7421 9458 1452 5051 2765 945 3222 7398 6559 9557 9671 6471 6018 6995 3224 349 6623 4413 1186 8873 6989 442 5308 9372 3640 3973 6007 7554 9397 9215 2563 950 1751 7563 6812 6613 7059 6365 4003 5814 524 959 4546 4382 407 5887 20 9073 
1526 4513 5896 1472 2292 7457 7649 8925 6974 8369 8353 5897 564 8419 2718 8615 7197 6436 1232 8770 4667 9742 2461 7428 446 5031 7643 806 438 2782 424 4511 8653 1934 797 4769 5207 3921 9575 4009 8238 265 6448 4255 8909 5248 73 9548 3427 7960 9253 6374 8542 9670 9882 2355 5091 3772 8954 4086 2793 2637 8626 8705 954 3909 9716 6702 8504 1114 7904 8918 2938 785 3984 7366 8859 8596 6565 4263 1287 5726 7541 543 4914 7952 1311 7120 7563 1086 3853 1140 2514 5811 4639 3500 4777 6088 807 7583 
7521 4494 4054 8140 770 3055 4185 9484 7077 7070 3122 198 6619 7299 3875 335 2133 5416 4913 5084 6697 5917 416 160 3815 8980 9507 6766 8886 3061 1475 3702 5132 6348 1999 8535 1164 1286 1322 980 502 7520 1830 129 2567 2090 4192 4045 1561 2748 422 2522 969 1365 8673 971 5164 6533 1705 8538 1026 5217 6518 5028 6231 635 4507 2343 7945 4858 9126 9420 9447 1551 4925 382 9452 2577 4730 1408 1124 5464 9096 4276 4747 5790 3111 2773 7507 2955 397 1446 9746 2680 9851 1532 4535 9282 1917 5076 
2280 3696 1405 3042 7962 2084 3656 6779 375 6580 4410 6487 7456 719 9112 4210 6463 3023 4364 104 7559 6004 5218 682 9731 1263 8916 725 485 6310 5219 8329 5841 5580 3438 9891 4026 8494 1898 8507 8307 5617 7143 1031 4092 8119 9282 3286 5503 3521 9287 3427 1345 6329 6317 9540 4783 6950 490 6904 8884 9788 8539 8399 6130 1023 969 9760 8948 9533 6334 7576 7496 4227 357 6967 4756 479 3577 8754 2749 8593 3807 1224 6205 5250 2456 6573 6392 1746 8786 1197 7319 2868 1381 2772 3250 1175 2119 3775 
8686 7165 1503 9339 2561 9964 7243 8634 3362 1888 4627 3898 6724 5348 9719 8518 1813 2768 7307 5081 7304 6933 2688 5365 2549 3165 8161 6657 7651 1093 2215 3011 8191 6211 9132 5740 5005 3833 309 9746 1323 6243 7937 2570 2125 4997 823 7289 7908 4355 5065 5287 2136 3004 7282 3837 2773 7314 8889 15 206 9343 5487 1424 4016 9324 3223 1048 2136 8732 7753 8305 8180 1791 4537 8205 5197 4205 9486 6972 4725 4578 5360 1839 9752 2734 6968 9496 874 970 1491 5267 5254 7138 9092 6077 9187 2811 5978 7371 
8941 404 8034 4502 7121 149 2381 3931 280 2480 8753 5750 5926 751 7082 9303 8361 5970 9443 5392 8506 8789 3428 5541 3371 7387 1010 1623 4804 1924 597 3754 2260 1049 7908 2187 8585 1180 8543 3571 243 6237 3818 2308 5021 1770 4044 9853 1379 6904 5728 7519 2971 9102 5428 4908 4531 9434 8413 4166 5120 2916 7079 963 6371 5964 1318 4392 4218 4354 8727 6561 4800 6988 2591 1293 131 465 5964 6995 8435 4857 1764 1763 1082 5371 2686 1112 6304 5465 4730 9196 4130 3116 9417 8133 6828 7556 2618 7463 
1324 9280 4056 1075 440 1459 1930 4713 5076 9268 1197 2589 464 235 7392 4307 4000 5373 4858 193 3814 1683 2974 2707 2952 50 6595 7029 5963 2360 9073 1929 2070 1056 4135 4310 3884 3209 666 2996 2531 5268 5100 6278 8921 1766 8291 4539 6449 1808 94 3308 6809 8883 5663 7231 3727 4272 5579 5775 1232 4408 3801 6134 5186 6623 8116 8160 6071 7131 1381 3736 9494 8377 9226 3287 4567 3730 778 2890 2702 7206 2490 2247 1879 6925 1948 3794 7353 3498 8640 6298 8860 2085 8597 8368 1939 1934 7252 4451 
9544 754 6492 3273 155 5083 7211 1447 6298 3075 3520 295 255 9564 934 4008 8748 3532 3668 8617 5658 8266 9781 9939 7225 3960 5216 3870 9245 6236 1701 1556 1703 4375 2569 6450 1433 5802 7683 3130 8533 3572 6280 4688 142 2712 6678 6154 3644 6169 9565 3795 6044 4415 2644 9043 3262 9464 7729 4445 1935 8614 4995 1107 9692 2431 4059 2948 320 7654 3425 3209 434 8621 1683 2974 2707 2952 2138 5451 50 7840 664 7029 7557 5963 8567 444 3354 5131 595 9073 2638 2593 8130 6269 8629 9916 2072 3556 
5769 3775 7792 3244 8300 8376 9829 3364 7874 539 4403 2417 6790 2827 3214 9240 3433 4700 7655 9462 1612 7789 6135 5839 9365 9402 7841 3298 5527 9947 3383 7455 4933 8146 2374 9095 1369 4307 2222 4370 3752 9753 4800 4190 8430 8384 1354 2952 4781 1515 5491 9515 6283 3630 8775 7126 5141 3128 3041 2488 7976 5576 3132 761 3559 3580 9005 1381 868 5996 9145 2214 5047 2241 6281 8437 2163 4239 7510 7206 6380 2862 1563 4773 3454 3349 5769 1379 6548 5847 7366 9011 4574 4039 9607 8189 6439 1256 9644 2174 
4652 156 9571 1688 6192 187 9507 5372 8103 21 8993 1684 9757 5106 2857 8843 1579 6590 811 4847 605 9104 8097 414 3176 41 352 9342 8181 3924 7894 140 3206 4878 454 8919 2353 3686 6334 6193 4033 1920 1525 5178 6324 7788 4830 6477 2047 7861 6589 9824 272 5545 9193 578 8306 3390 5438 9651 5980 5251 7962 2891 8516 1259 3469 4387 4767 2089 2849 7737 5394 3356 5271 964 8550 4820 2127 1450 7756 4245 6728 4200 9207 630 2332 2228 1663 5456 6448 8981 5201 566 7631 9741 5088 1467 7979 8777 
1165 5085 8712 760 1375 5168 481 83 1531 7553 6705 9260 341 8933 9053 3724 916 9036 7239 1718 927 8082 242 782 7028 5305 2783 8382 1803 6422 7345 2739 2553 550 2797 5309 6537 8092 231 4920 7549 2035 8721 8457 8556 2458 9507 7972 9333 6852 5969 95 3591 2436 9756 9338 1341 9426 2749 3893 298 9782 6502 4691 4182 6010 3515 5724 5587 5184 5819 9411 6604 5952 9749 9710 1732 7994 5781 6066 8130 3648 6086 266 6660 2709 4061 4309 3478 6624 692 9438 8280 3933 1631 2561 228 3613 5246 7048 
2142 9119 7548 5601 9683 3452 7661 3838 7279 8512 4331 8889 1346 4689 5531 547 9870 6592 7432 1456 6183 3345 3792 2461 8772 847 2992 1026 8221 3879 6641 3582 2701 1227 6060 6536 3481 7513 1121 2367 1575 1716 5960 8222 582 7732 3866 5720 5032 8879 6582 3088 2004 1438 6388 5109 6380 1367 3269 35 4532 9679 4503 8798 5586 8141 4414 3622 9170 3414 7152 4130 3183 2498 7648 1832 4065 6160 7028 1330 9380 6032 162 4733 1947 8959 7779 4701 861 109 3894 9375 950 8703 2772 4171 1980 3584 5885 9725 
9774 6639 1159 388 3127 4328 7091 8561 5625 9343 3911 4671 1352 6434 383 4780 1690 3496 3424 9791 7623 726 2265 1444 387 902 137 5651 7468 8595 3612 1863 5692 9461 475 2566 6456 6024 3864 6324 3608 8866 549 7511 8477 3415 9852 1038 3317 8043 9471 4257 3197 1689 2679 238 9625 9268 3385 1666 4101 3784 5403 7205 7400 7440 2581 5993 9424 1386 1945 4026 9675 9205 138 7546 7382 4092 3429 2578 7212 4620 2843 9281 3346 9658 7585 6683 5250 1926 5425 919 5667 7779 5581 1454 4050 8238 2415 8379 
4530 6465 6795 4493 4802 3109 625 5823 8781 36 5248 9105 8907 6041 9219 6737 425 9056 8927 5437 941 9193 3958 172 2420 4813 7705 7185 8431 2510 7760 705 5604 6194 2444 3957 7717 353 2769 4995 3555 4086 8179 528 6753 5456 5720 5020 3439 2634 8665 2544 9395 3575 278 5632 2232 7981 1505 2043 8526 3258 1748 6974 9544 7756 9290 9024 3329 5422 9817 4234 6861 3105 9096 2997 2358 8331 1637 2773 421 9878 2478 3808 3939 3023 2492 3714 7991 2398 5318 7776 2561 2085 5580 2577 4926 1585 8521 8650 
3250 3288 2690 1033 9709 6560 7775 7551 1990 5392 9406 4475 2710 6841 1225 3739 9923 8542 771 6961 2482 416 1914 4954 5533 6895 70 9498 3151 4176 6118 3763 5634 4087 7110 5338 7676 9472 973 1326 2394 2663 5066 1085 5210 1341 5517 2480 4332 5815 9387 8348 7363 1407 7186 2693 2678 3610 6895 7481 6723 6112 3159 3216 6077 4966 5789 4593 8506 6815 8934 406 6488 7104 5809 6805 9923 8037 2065 7582 6185 4107 7364 8868 1567 9352 9405 408 2382 883 8596 3541 4200 4473 55 7192 7384 9552 88 4121 
5430 266 8106 5298 6244 7281 2542 257 6697 8698 7947 326 9730 5030 6628 3909 7571 2465 4813 5277 3529 138 9251 4265 7760 1038 9460 6994 4570 1576 1001 4702 3856 3542 3349 5043 6473 5425 7614 820 6957 3342 5904 6897 1690 4339 1847 8435 7450 5681 8506 8390 3828 3884 9752 5863 2054 679 7844 1006 1087 6995 8055 2066 9998 1475 279 2162 2257 4845 7719 4742 6420 3648 7351 7534 7448 7717 4976 8657 5549 936 7424 7962 3784 4745 299 6076 1497 2940 7681 1155 4689 2922 5230 9689 9316 9020 277 7858 
3206 4076 1104 4356 8998 1194 2504 1626 8463 4374 2303 3126 7859 1585 2147 3252 6317 9079 163 7168 4933 8911 5973 6377 9566 4406 519 5109 3955 8675 3812 7649 4288 27 716 629 3124 5049 7991 7189 7621 4086 9340 6596 8184 3119 9921 9502 4038 3072 2146 203 3967 103 15 9218 8786 9626 9888 5545 5436 1925 5988 9948 9005 5690 8899 8978 93 7508 7328 4081 522 4475 3812 4308 425 5114 6917 4273 7894 8438 6467 4414 8016 4947 1307 3175 8554 3805 3186 4625 112 6328 765 639 3714 191 2617 4979 
7374 5434 5440 101 7027 3817 5061 3172 1508 694 9467 5712 9555 2883 9527 1311 2004 585 3164 4073 8476 3632 5391 6310 8334 8163 4241 8457 270 2777 2300 6503 373 8178 2447 5015 5745 7255 2706 3466 627 3401 5247 538 9727 9977 5765 5806 6019 8184 4493 2730 2484 7062 170 7050 5682 2059 162 4811 5436 5228 8029 5000 4748 5040 4008 9360 7326 9770 5431 2437 4737 7237 9109 8199 3239 8506 5833 9453 3330 6644 6868 5382 4966 3944 9309 6742 8599 9679 5655 5506 6447 564 3560 8702 404 4503 9822 1338 
3089 5688 4094 2119 9890 3171 4503 361 932 8246 9029 9972 3687 9015 6342 6468 5654 8330 5539 9364 2103 8054 6949 6013 2258 727 7785 7862 9753 1145 356 5863 6255 6936 9543 1378 6116 9571 7823 1532 6370 6469 3082 1630 7274 8623 5236 7537 139 6157 6424 9647 9082 8774 6747 5023 6931 5442 7628 3457 8990 446 5474 5349 7420 2563 3162 1917 2024 1773 5501 3181 1385 999 1276 8410 218 2748 7005 3981 5179 9812 3732 8549 468 11 2481 2774 1221 1231 431 3889 375 1334 2798 9746 1791 5728 1091 856 
253 494 7810 5316 894 6283 2402 6550 6824 2414 6634 4039 1178 8032 3981 3892 1031 8367 1312 1832 9815 5352 487 7870 3877 1668 4737 4157 9777 3994 3062 8815 730 1903 3543 9721 629 4786 916 2586 7608 1032 8750 8787 1046 694 4896 1435 3023 1591 704 1463 3136 4054 8009 6608 4534 9745 7060 5507 4138 5763 3912 7847 4229 384 9518 2021 5259 7196 4261 7172 4515 644 4928 7764 654 6582 7267 9274 8491 1997 1130 4477 9241 9845 3581 2772 7425 1482 3177 8582 42 7872 5464 1002 3222 9138 677 232 
4155 9744 5177 4880 5282 6163 2473 8689 6364 9800 9771 4800 7399 9033 1394 6047 4862 5105 7292 4999 9685 5757 1237 2498 5572 7756 4979 2014 8514 557 7545 5883 1905 8914 6789 3687 1655 2959 862 4808 6893 8705 2955 3839 6872 8291 6156 8113 3537 9789 6927 217 1050 1983 4275 6626 4196 3852 4499 6582 8514 9047 5426 4783 7186 9745 3437 8891 6477 3452 9924 5399 2860 9194 6679 408 5167 7183 5291 9086 7430 5603 9831 7059 2052 6193 8146 4801 5836 7949 2588 5999 6535 524 5952 3487 2169 3881 7967 516 