3830 8978 7382 8510 7421 3502 8474 3393 8755 6943 2766 2592 9361 5964 6995 4857 1764 4392 4218 8858 2686 5153 1007 5141 7305 9831 1642 733 2218 3002 1478 9325 6684 2163 6344 788 7986 6654 8170 1781 8684 3059 3375 7418 6554 4428 6935 6863 9658 8262 4959 1551 8909 1543 7826 4191 8360 6948 681 182 6863 1075 6858 4684 7308 8088 8631 7333 7640 4606 7569 8250 6981 2215 6086 7671 3110 8903 2201 6122 63 4542 9383 4330 2339 4714 9294 4365 3211 3024 2991 9498 4570 6828 5906 1001 8912 9891 183 358 
3349 8657 5043 118 6473 5425 724 2253 7706 3094 5059 4049 8746 7098 6383 1832 447 6854 8853 127 3068 6607 3913 3545 302 6183 1333 3753 628 1363 304 7416 6385 6252 5228 2317 4779 8456 6127 6430 6535 4108 5006 4771 1662 9402 1847 8800 5053 6511 463 7282 7763 3890 8826 2766 7197 5498 6903 4420 1703 2710 6600 8189 2832 2661 4409 7502 3897 8200 21 4029 5477 3814 8429 6932 3780 5095 9799 1803 8518 6039 7090 7339 7882 7001 8779 5845 7289 8566 5327 1367 3952 4150 3971 5252 6184 6170 4138 5747 
8443 1424 2651 7456 6613 8551 3755 4262 6769 8945 2889 843 3379 7126 7787 8922 4197 725 5341 7976 4309 7091 5576 7939 8005 9672 3582 2701 3189 3586 7351 8714 2248 1891 8761 5410 4922 75 4824 3358 9059 2721 3295 3728 4850 5209 9327 4249 1078 3608 6240 4926 3676 796 9856 8641 5178 6516 9592 676 8772 4209 9627 937 7817 2210 9046 5969 5997 1120 8678 7328 4051 7043 5970 8573 9707 7069 376 8552 6321 4870 5496 2011 850 2785 6181 9412 239 5381 8507 1378 1782 6537 3308 2186 9932 5377 6378 5575 
6754 9989 2702 3075 3064 4298 4912 5220 5148 7697 1401 4560 5880 1640 6293 739 4023 6912 2731 1416 6845 8361 3146 5351 4739 4583 7278 1493 6332 921 7636 9541 5219 4761 6719 6598 2514 7631 4154 3924 5250 8993 4480 1211 1724 2249 8056 6437 5395 3390 9022 902 6074 6295 8538 5615 1514 7439 6728 4585 9242 2869 9748 2492 8791 1350 4137 2183 2213 8763 8651 4874 9827 2509 8849 3411 4339 5144 6306 3010 2093 3035 3947 2277 2026 5007 6847 3376 8150 984 5559 2505 3198 6343 1849 8874 759 6878 1146 1450 
8374 5800 1385 791 9421 4200 8432 9207 5279 7527 2616 9439 5814 5782 3835 4015 1009 6329 7088 8921 9891 3648 2043 2647 1385 6288 9790 3016 7269 7800 6477 3079 187 2047 6681 2754 7861 6589 9824 272 2711 5545 8460 7601 503 578 6391 8306 917 3959 1669 3746 3390 8911 285 5438 3039 7880 5251 2801 2891 8116 8516 3469 7418 9565 4387 1377 6497 205 2089 9857 2849 7737 5394 2241 3356 2290 199 5271 1533 8315 139 9574 1398 3344 964 4721 8550 49 1400 4820 6046 9841 2255 2690 2773 6344 4519 8585 
5061 7227 8761 9927 5990 116 5853 7389 4940 9197 4705 270 6905 6111 8077 7324 9214 7564 1322 2957 5416 1137 1509 236 3374 7931 9200 3790 3064 9921 2776 1415 8364 8830 6789 4165 9888 1469 6813 886 3486 2701 4697 4558 3978 7371 5916 2195 4282 2219 9482 691 9483 9564 6497 428 5956 9270 2549 8060 7626 273 5293 3016 4086 981 7503 1704 74 7616 7476 602 9149 5210 2480 1851 6021 8348 9989 4318 485 6708 9954 8158 1336 2598 3260 5850 3723 4605 2073 4896 1080 1371 2807 7464 3287 3543 2801 2821 
5829 7902 7382 983 8707 4536 9869 333 1621 4961 6417 878 4744 7655 8036 1800 4838 8387 7715 1384 2992 7114 4224 1896 3380 1302 377 556 8846 2822 5361 1823 538 512 6442 9468 6942 1184 5894 9502 7624 5546 5612 1230 49 3359 6705 2716 2666 7989 6497 943 7180 4948 1047 7241 3450 5194 2885 7304 9769 8630 6765 1210 7112 9121 1344 2336 2551 4446 7013 7760 8519 5281 705 3609 7073 120 5054 3957 4877 61 6388 7717 353 2769 8490 5824 87 7829 6605 5404 7988 3077 7849 8238 6999 3411 6006 4050 
860 9931 5756 7893 5491 2508 6156 4005 6115 1935 3949 2667 5306 8894 9939 436 2062 4604 4846 3982 7976 5180 5021 2100 4497 6973 9717 3026 3061 829 9891 5634 918 221 8642 7828 691 4590 4819 3612 8790 7134 9251 5550 1537 1 2569 9695 6079 1218 2334 7729 6124 2757 5106 4436 6495 6820 8032 2881 4519 8226 3840 5554 3177 5588 6946 7659 1831 3060 7245 4160 7300 4860 7668 5495 6305 81 5011 411 3602 8063 1216 3774 8296 5608 3876 388 2584 2161 4422 689 7840 5004 3517 5764 804 8461 4122 1814 
2653 9958 9403 7798 1269 7899 8681 1037 8579 7125 5048 7595 1505 3270 950 800 6195 8173 236 2947 1494 6746 1893 7399 9754 5453 4721 9951 78 3972 6758 4541 1090 4087 7388 523 2993 7135 245 3998 4064 8971 3566 1223 7780 594 6096 2616 9713 677 6675 1653 8111 641 6110 575 823 1428 6724 2946 2125 4937 6734 561 4052 3377 8919 2347 9587 9528 5796 3465 8403 8067 9384 7908 761 6860 7663 6771 6171 9398 5098 2317 8456 6127 5794 8428 3479 3408 5006 1847 6062 5053 4526 2166 8363 4412 6258 4608 
498 8183 622 6726 3736 9674 5654 5152 8577 888 4348 3464 8987 5380 6504 9958 1229 3363 5147 6092 5897 222 1980 6904 368 4158 458 3325 3496 9465 7995 3342 4642 6868 1991 5156 2057 7882 9902 571 6286 7280 3157 4097 982 1475 2534 7469 39 6303 8312 4493 5823 1376 7933 2866 3893 9573 7537 1960 2141 4238 776 8930 7856 5642 907 6102 7699 2421 2457 5945 1060 564 4855 9796 3369 9471 3966 6678 3736 2679 8277 238 2167 4444 6508 411 6611 8722 2458 4569 9198 1549 2524 267 3596 7706 4265 3478 
9498 4469 9460 4570 1576 4519 5906 8115 183 358 280 4174 8657 118 5425 5243 3094 8358 4658 5159 4490 1070 2688 2668 5989 9894 5769 7132 8895 4498 4857 3403 1599 5717 8602 8298 6133 5664 9058 6430 6149 513 4194 647 1522 8885 8940 7635 9651 3001 1240 5076 1942 9815 5403 235 3956 2377 660 7300 7829 3552 2449 733 514 8619 5285 9831 4926 5839 6846 7779 1899 8529 9471 3966 8657 6678 7355 2679 5654 8361 5569 2167 3039 3010 3328 411 6189 4230 1489 9198 1549 9720 3823 4295 626 7704 1944 6903 
6461 8034 8858 6798 4701 3610 8508 5517 7774 1869 9720 8417 3792 7987 4752 6903 326 4288 3583 2214 7545 7059 5791 130 1923 2468 7473 4083 6814 4729 1788 284 7743 2157 8759 7489 6807 5525 6265 6247 3212 7591 3090 216 310 119 4048 127 8156 7921 6339 9725 7915 7984 244 6910 7291 5532 2165 3541 5577 4963 3716 2843 3346 1277 1999 9242 2006 6701 3694 6092 9694 6915 9729 5003 3068 859 46 9460 8073 5594 4855 8117 662 5669 6354 5742 7859 8035 6156 6320 1124 3596 9241 6081 1314 4934 4120 1288 
4888 9752 4708 3957 3257 5542 8964 6795 2650 1254 7933 3951 8851 3830 7334 8978 3893 8510 5998 7421 8434 3502 8474 3393 8755 8216 2766 5417 6877 8587 6561 9147 4800 7313 6825 8783 6988 2887 2591 1293 377 8964 2881 9865 1965 2057 4012 274 1670 4518 3429 2729 2914 7166 9166 8455 1837 9858 7767 9522 4157 9133 3754 8821 1909 7168 5610 9330 4900 1523 5227 8478 2253 2332 2039 4800 2914 1964 5435 2662 4284 6568 3584 9174 5205 9438 8709 9813 2103 8722 8664 6322 9163 8857 8995 8456 131 1271 608 3378 
5085 6508 3623 2835 8421 6382 945 1112 8674 5531 3865 8266 264 6645 4760 2967 7072 7585 2714 9186 6822 2336 3744 3804 4128 7353 5975 2620 8158 9756 955 3783 190 3896 8618 2564 5610 3768 6388 943 7051 6183 7851 6290 1839 3786 552 7567 7779 5625 1630 9837 6525 5876 5770 5291 9516 5415 3113 7771 5481 7027 4538 4398 4321 5270 8968 6603 3821 7120 7830 5402 2902 9722 7241 7878 3515 3505 5753 7937 1513 9851 4764 9911 3275 2627 6414 6925 3345 7983 7289 4866 2327 6078 6148 605 2015 9808 4674 6683 
9114 1638 3945 3564 6269 3974 7100 3414 8158 724 3004 4856 4944 2366 4854 5362 6381 9742 566 7666 5537 9844 8951 1601 6402 7165 9339 6399 8507 8421 5484 7052 3362 1865 3450 2483 338 9624 9829 8424 8073 2895 6368 4842 3391 8090 1071 9573 4066 6155 4191 628 1363 304 5100 8456 5893 6430 4108 9402 4399 3904 7552 510 6395 945 6422 8843 3266 7427 2194 2468 1375 286 4083 6814 4729 4493 6659 1929 9454 1534 6989 9278 9146 4257 395 2449 5839 2218 7897 3002 1478 8822 6684 2163 6344 6654 3739 6055 
6384 7649 655 746 4511 6994 9402 6192 7941 1518 5787 4825 5060 1345 5929 9742 6693 2827 1863 6683 3570 1126 4753 9759 8012 2477 3167 4589 443 1372 1469 6813 2701 3739 4495 9156 5547 1348 1947 1334 6645 8034 7452 6761 1053 6633 2110 350 5797 4285 8616 2120 7724 6576 7071 5388 3626 691 2126 5057 7214 7722 2714 650 9980 8867 447 8269 9880 4938 2751 7595 9684 9664 8531 1998 442 8993 5247 4218 3822 5371 4567 2686 1020 172 5468 6786 8121 1690 3021 7807 3704 8817 3098 320 9313 8069 9472 2346 
7558 7879 1470 287 6315 3957 6401 3577 9593 8819 4412 6203 544 4652 3455 9696 5486 8615 2445 8183 7909 8674 7050 9406 1437 9442 6410 1108 6841 90 6378 178 2217 3024 5114 3388 9408 9354 2039 6814 7626 1948 8912 4615 9105 3109 2722 8915 5809 7034 4778 1331 9299 8948 3472 4897 4378 9188 4489 1854 9395 4228 8598 2482 219 4912 1642 2047 2105 2973 3404 1298 1145 8294 8150 6266 9712 527 9592 747 2533 7419 7241 9015 1778 3410 7582 4054 1841 8279 5925 6972 4252 9993 2025 4600 3318 2999 3152 996 
3645 79 2096 340 8665 1925 442 7253 7015 1749 8348 4259 3504 804 4475 2242 5888 9070 3291 2337 9406 4637 9090 7496 1560 4219 1426 8440 9124 3113 4346 7668 6523 5221 4480 3817 8298 7724 2852 2085 949 4802 625 4538 9553 51 7664 267 5279 46 1279 9652 919 1887 537 2777 213 1587 6581 9340 519 3937 4710 714 1304 2479 2692 4962 4762 6709 4730 1407 4193 4115 8614 8997 5776 8081 9577 7037 9648 2249 7064 6342 9493 9508 1577 2607 3621 1332 7744 9911 8284 5348 2857 3859 2371 2522 527 7225 
7087 747 5925 233 4456 1983 722 4481 5147 5417 7937 1514 4014 3110 1394 8640 4057 5696 8895 937 9412 7710 8171 396 457 1187 5179 9576 3434 262 8570 2530 396 5006 4530 1119 2462 5143 409 3532 2442 6013 8323 7138 5910 1726 1795 5906 9595 450 6597 5421 3547 7891 1285 3558 8833 6834 7778 447 5653 2920 303 2788 3696 1057 3033 79 8943 9288 6735 1083 8993 5794 1533 5591 4848 9091 8239 5401 6570 2235 7929 700 9034 3583 6371 7316 2245 7428 8677 2437 1996 7965 5524 8195 9048 3989 6461 5189 
1951 4831 8557 2292 6486 2101 1326 69 7016 6440 5742 5613 221 2443 4290 9010 8607 4535 2635 9053 6625 941 1814 1181 3817 2364 7522 1004 3766 7490 7492 7560 645 860 352 6387 573 8830 5936 471 8610 6083 5876 7024 7742 3401 4557 2200 3204 7040 5247 7047 5611 9092 4607 6256 822 894 8073 7401 9225 4305 7739 620 8593 4962 8653 575 77 8988 4522 4939 2421 2332 3775 7930 7773 3613 4870 4247 2271 5686 8553 48 9445 8531 21 9009 207 4075 3923 640 8925 3563 8800 4424 1972 5173 7123 2407 
8966 338 4209 614 7225 1537 4503 7865 200 6079 8029 8106 212 1544 1936 1459 1291 1567 4900 5991 3224 1617 9466 1984 2151 3810 950 500 7466 4802 3109 625 8781 2650 7933 1531 2866 7334 7382 9573 5998 8474 6801 7685 7343 5022 7827 5942 5266 3115 6249 3617 1421 5352 3301 2266 1273 8571 6650 6254 980 8619 8612 2220 2070 8436 8348 4422 557 4885 5463 802 1071 8403 6749 5498 5325 3414 4235 8862 6865 4915 1393 4908 9352 5296 8743 2922 2980 9815 5403 4307 7922 6801 3975 5476 4501 1593 5549 4263 
1839 1291 379 3020 9142 3643 3312 4599 5205 434 2380 3814 6567 6813 2974 2707 6649 4223 8699 7840 664 2002 1274 3929 2638 9099 6269 9916 1160 8571 7515 4959 7701 4987 8539 4527 717 5682 1362 4686 4434 4703 5053 6586 5829 5950 5543 5860 9349 8980 7657 7734 2107 6337 3890 6278 4942 5363 9751 4358 9071 5376 4534 556 8846 2803 2706 4496 5277 6309 3879 3761 8029 9619 2899 1780 6602 4977 7470 8475 8066 8236 1423 5672 3657 6913 6369 5918 6293 2392 6458 7667 8514 2371 9888 6002 1592 645 6360 6994 
9628 4577 3984 8319 4912 981 3541 1407 1781 4455 8380 471 1883 5043 6173 2575 252 7751 384 3541 3923 4175 3483 3725 8372 8265 6585 8641 7509 3091 4991 1389 1493 7162 6018 1370 3656 5913 4871 7564 5543 2428 9350 6266 9778 6899 7823 6603 6988 8436 352 7853 9631 2380 8677 3442 3020 6635 9777 3656 6024 3687 9967 3674 8033 2573 5612 1852 6223 8585 8948 3563 1852 6172 4721 3835 5057 4439 8376 5896 1981 6902 3658 1368 5381 4434 825 7787 6795 3745 42 9874 2315 5190 6721 2893 556 6489 4302 9864 
2679 321 5760 9857 8654 2663 9867 4396 5221 8596 4814 8411 6768 4939 7832 4356 2135 2056 3518 4814 2377 5631 1032 7242 9042 1863 460 6362 3746 3272 9482 825 4421 976 3021 8606 323 741 1907 6118 5825 9282 3502 908 6519 6480 1815 2298 5562 1780 2739 6201 1159 1344 159 5793 4186 6021 5189 9125 7027 4734 2056 2123 8872 2395 7124 9368 3636 2443 9640 5145 8955 7292 6164 674 6925 447 5263 8267 1561 4335 3823 1702 7372 8309 6273 4590 5278 1095 6506 4895 5766 4275 6788 2953 2720 1601 3128 5368 
6566 8200 522 9029 2260 7777 8350 7900 8960 8506 7182 9915 8425 6370 5976 9970 7833 3446 7163 1682 4178 7222 6084 8071 5364 8240 7659 8457 376 3723 9614 5401 8835 1199 5656 9498 7738 5287 5164 2426 5526 7405 6254 5695 464 1588 2415 5177 8929 6285 6345 793 4059 133 3765 5294 5859 6338 2314 9117 7415 6699 5637 4182 6911 8433 9498 546 2852 6096 1955 4159 3901 9417 8411 2474 4048 2894 8716 2302 6434 2253 4650 4835 2393 2122 7172 6297 9799 3493 4833 7991 244 6557 2132 8451 7843 1368 1050 7179 
2540 9217 4859 2978 9671 5888 3281 6846 832 6419 8761 9816 9198 3929 8221 7171 7725 5955 8054 6592 763 8961 9793 4951 7520 7433 2631 4244 2746 4915 8749 1984 4108 1819 6418 6501 1164 2337 5915 4611 8490 5314 7107 3284 7167 1590 1650 7134 8127 5036 7530 1939 2004 2897 1868 5387 394 3694 3408 5075 8561 2454 4876 6216 2773 6511 4917 8332 2629 5904 9891 4217 4493 9370 3935 1776 7341 5660 1306 6905 2612 2186 0 3532 2154 6807 3400 9388 7604 5151 3498 8938 1710 7551 9939 8141 485 4664 6193 2150 
5439 1947 9551 4659 3411 7318 4815 2677 5478 7750 3488 5806 5113 2082 673 706 6222 7457 4162 4377 9157 2663 8250 1339 5231 3472 2890 8577 1655 8011 5411 7347 1651 2240 543 895 6958 3091 1786 3280 2265 2923 3635 4267 7459 1159 9022 3131 6773 3023 7839 50 3097 1013 2124 8872 5455 7457 247 7831 1751 2904 4685 8748 5008 5757 392 3847 9030 1212 1004 6429 4771 2349 7588 7835 4577 4144 1963 2545 7553 227 3178 9244 5305 3231 9976 7497 2805 547 7187 472 6998 1710 7319 2916 6665 8468 8361 310 
8352 5350 1820 9230 6127 9145 6188 7265 9800 2546 6179 9268 5946 7701 893 4253 1909 3384 5924 638 2539 955 6997 6649 6795 5674 264 5390 4749 7318 8646 4238 7829 986 4612 6465 2574 4357 8982 2145 3254 1119 758 96 9096 2562 9904 8032 988 6456 7068 3041 1940 5512 7303 1365 2802 8591 6115 1983 2427 5315 4708 6664 8913 2760 3656 383 8345 1874 2890 6109 9925 248 7427 6942 5592 2163 8233 6247 2850 3192 1138 1847 332 176 6718 2802 3968 6485 5219 6843 9539 6468 9108 6689 1323 3836 8311 7494 
1329 9224 4745 980 4656 9927 627 8508 8840 1542 6317 3995 4309 2151 7413 2515 5308 7253 4329 9184 1731 5379 9345 9565 4481 7032 5084 383 2636 672 6615 5312 3929 7806 1537 3476 4000 874 7021 8493 5387 8797 7957 7756 5562 3806 448 9375 160 4070 295 181 2462 4201 7715 1381 7912 8419 8088 7666 5232 3877 6348 6412 8666 6945 4878 4952 6903 6748 3801 1593 7678 8294 591 7024 5122 1430 8156 315 6221 9725 9890 5697 3374 6140 4 3133 8166 1094 4552 5446 1688 2324 5837 2193 1513 6928 7667 320 
5852 4675 9367 1310 9429 6854 6812 4919 2827 9916 168 1366 6938 8130 9928 3534 8250 2267 3036 2495 9267 4636 4400 6002 7194 3091 9371 1570 3744 4368 3729 8260 7289 1782 4776 778 8107 3284 6841 8705 8980 5328 7674 1567 4876 5322 8405 206 2773 9083 4064 4898 1444 6831 8398 3922 2260 1782 4985 795 4848 4769 3623 1709 543 6503 4959 3651 3482 4710 7787 5758 2653 6365 3488 8894 1128 7680 1987 5895 1437 225 2337 7792 6423 5751 98 9164 5787 4125 818 2781 9001 8678 3070 1744 4074 4240 4055 5058 
2435 4565 8607 6453 196 8284 8610 9303 4377 102 1686 1507 2029 5464 4842 824 5827 2065 2801 6914 7737 3205 1018 4162 8072 6576 8931 7209 4947 1450 5217 2380 213 5865 9050 1346 9194 5027 8549 1881 5482 302 7916 520 5346 8820 2078 8619 1617 4097 3803 4186 3670 9534 9862 446 8964 6397 2562 618 4837 5769 1613 7915 5697 3133 1688 1094 4552 6111 2193 2410 6928 4776 1676 3585 3631 997 4013 4646 4444 9826 6553 4805 3847 3427 4905 3772 6513 1728 5296 3175 8034 8233 9018 410 3333 2076 8183 8828 
4253 411 6492 5730 7232 3963 7751 8107 9619 6381 7651 1904 1718 2721 814 9167 4072 5114 7384 6344 3188 9824 8435 7404 8727 284 2157 8759 7987 8052 4471 1007 6185 8919 6713 2664 8030 4269 6798 8508 1316 3122 4169 9461 5921 5514 8890 3359 7949 9964 3805 2457 84 9796 8529 6904 320 1248 1222 8435 1737 3525 2537 1057 1059 9355 6593 5476 8417 4934 8187 8515 7894 6913 3312 7220 407 8621 6813 6649 2143 9758 1279 590 537 2777 213 3899 2743 7608 3696 8124 714 1304 1841 492 2692 6530 5007 7483 
2368 1162 7014 5569 4877 2543 4055 9654 2739 7168 3687 5735 1836 267 3155 9877 7028 4215 9838 3397 9297 3832 5622 1691 9907 6122 7175 4131 397 3266 2447 571 5306 245 8576 9630 8874 9068 6310 6488 6250 2005 7505 9140 5169 9476 3224 3930 4626 3235 5447 939 8496 153 9386 289 384 6631 9749 5809 3850 5397 9109 6137 7960 6069 3549 1007 12 6643 5255 8911 8366 3465 5608 9795 5974 2308 5644 1084 6647 5428 7661 3980 6904 9844 8412 1596 3336 2966 1634 7776 1669 2884 9819 9515 4508 4893 7286 2107 
6338 7183 2496 13 75 115 3753 950 3057 8465 1854 6792 4251 7083 4154 3511 6883 8157 7110 7469 5934 5792 7852 8895 6051 3007 6393 957 3719 3795 581 8290 1895 8064 1912 4919 3368 1502 6740 4425 360 8358 3882 1933 7017 9081 1619 5160 4935 3123 5120 6215 2125 7788 2551 7079 3261 6720 2883 1933 953 3910 4038 5796 4320 9322 7031 2775 4708 4881 1751 2297 174 264 1064 4097 3606 7497 9091 89 4129 2530 5021 7895 9510 3125 6079 7737 6548 4916 4569 8195 4945 8015 3036 9248 2768 593 8360 4112 
4612 5436 4964 9067 2980 8983 5437 941 9193 3958 4441 172 1343 4741 120 3052 4871 6885 9102 6773 761 9996 9531 9483 7129 4627 3898 3243 9719 8487 7960 3485 4362 5416 8693 5187 393 1258 1267 5579 8895 8824 4995 5122 5962 3461 1344 4205 8368 8424 5184 7066 8876 7849 3081 8146 2351 66 5557 155 3981 6379 3782 5042 9760 2325 1728 8160 4945 5664 6998 6835 363 7562 3001 5753 3771 1739 786 7363 485 6782 8344 2037 7555 5622 225 1336 2587 3547 185 4483 2297 9609 1757 1417 6706 3227 7038 9123 
9967 4006 2971 9524 9207 6201 2081 4670 1186 9119 990 6729 9552 1304 3348 1857 8406 9938 7411 939 2449 5144 1813 7081 266 842 2527 299 7952 7516 9277 6543 486 5262 9390 7377 5011 2610 4738 1866 7811 4428 8895 9291 3915 4711 8852 6549 1813 6233 3928 9603 299 9277 3576 9351 5262 4080 9338 6502 5184 1043 609 1732 790 6614 1444 963 8953 3729 5672 8816 7752 9670 2077 547 543 5601 8292 3190 6805 8141 9472 1497 2400 3615 995 8678 1174 4685 8765 4339 4100 2478 3788 8235 6956 1102 5692 5013 
2043 2107 2392 6458 3338 2957 6509 3965 3937 5255 5589 4808 9351 3859 4314 2522 9888 527 4901 9598 8435 6504 9717 9403 2290 743 5822 6442 1816 8532 1114 4390 2801 4575 8291 4858 3431 1253 5656 4494 5738 8872 8025 8394 6572 7821 4592 869 3628 8118 7078 2 1650 275 4403 5739 9367 9449 769 6345 749 5814 4905 3214 9240 265 5290 5280 2446 563 3581 3884 7658 3967 6125 9981 9936 4123 2430 3838 3191 9008 9572 1835 3385 8940 605 6489 7961 4657 4662 6005 2546 8800 3718 7814 5569 7045 4065 7745 
6639 5302 2894 8463 6332 9628 9729 6095 5838 819 8564 2185 1400 293 7873 530 6625 1630 7547 6525 6872 3629 6063 418 3643 3851 7027 1123 9826 5728 9371 5553 2306 4439 201 7992 6858 6207 7616 9318 6677 6679 3501 753 2967 6156 6413 8536 7491 338 308 1672 699 5960 5028 902 2814 5609 4156 6249 2415 8005 3675 6823 6707 5702 730 4762 7517 6270 8346 8298 995 7300 1795 8014 3729 6907 6845 9711 9941 7491 9802 6801 8697 9974 7251 655 1279 8125 8337 6038 3362 2059 4551 1889 8222 4338 7294 7152 
1427 1561 9721 3219 3684 6801 149 9547 5736 3888 1415 3267 3336 1483 5042 5219 1375 4564 732 2574 8580 6185 3068 2081 3417 6175 6385 5545 5603 123 3783 9103 945 741 2558 9324 4831 1143 1187 2493 3589 4721 9021 943 8006 7831 8063 3786 2277 2433 3728 5919 9351 4195 1041 7674 5335 6448 8904 2120 706 4365 8463 6144 5653 8286 2460 6115 1522 1784 4653 8027 8561 4047 6576 2952 6316 1925 9156 7713 6653 3568 3791 8841 4035 5803 9501 9151 9259 5803 2549 4511 6110 2346 8161 2442 3654 7857 6342 7149 
2754 5449 9927 2279 8615 9971 9997 1846 8393 4293 4299 2154 9509 7394 6019 9026 2422 4884 7084 8168 2772 5715 5577 5001 2288 8445 3478 5245 8242 1936 7306 9129 4085 8069 7597 3253 5885 3686 3315 1772 9343 6420 6076 8313 8875 1378 7855 6215 6402 8944 4963 642 165 7760 5952 1523 5007 3914 2380 8788 110 764 3721 151 523 7145 4437 7934 7982 7751 2945 6779 1080 3910 1069 1403 5169 6060 4468 3821 8827 9183 2284 36 5026 9279 7812 1004 550 6889 4801 7026 7737 1998 3251 8607 3584 7247 8964 7001 
9848 2043 1385 6288 3069 3016 7269 3362 3079 187 2754 8815 8228 9270 2217 5545 9193 6600 6791 6391 6159 3746 9651 8152 3697 8116 1259 7418 1377 1234 4767 6497 205 7810 3791 621 6071 9715 698 6567 8256 4316 5266 7347 266 8025 1876 426 8168 7442 5319 7461 3590 7073 3352 9247 912 4472 5825 8260 5770 5465 355 4168 2572 696 2538 140 5910 8075 7182 7703 853 3799 3813 3906 1972 1912 1002 3265 8910 8570 8189 6394 9499 9735 5027 6999 9598 633 5953 1176 5080 3714 2128 7019 9862 6861 6089 9932 
5799 7477 3755 387 4480 6608 3124 6951 5795 5611 8159 2472 7624 9953 4789 2030 7341 3682 1503 627 6155 9843 5630 5169 4510 1224 816 4381 4333 9071 6760 7151 251 4672 4550 5361 3483 2096 6231 5543 8158 3540 3355 6853 9395 5712 130 489 8078 7930 7532 9373 3302 3409 9603 7441 623 1730 4929 719 2672 1463 5777 3941 7785 1504 4903 61 1413 9496 4261 688 4588 3365 3641 8169 4967 5664 9683 2063 8280 9220 8631 2798 5064 4285 5423 7713 4954 5480 8942 5253 9694 4165 4465 3015 5827 4826 9990 7224 
6872 7211 5246 6470 353 7637 4348 9223 8164 5698 8232 1733 3058 5635 3149 8350 7 5034 3266 3019 6328 9130 2244 4256 1418 3462 7845 3376 7549 3464 1214 9594 3822 3306 5606 2941 5591 5321 4522 1038 4890 4244 6780 9537 8787 8621 3367 1054 8679 2184 6907 3640 3504 6440 7767 7187 9327 5414 4335 1782 6647 5280 7710 2958 3191 6296 5493 3773 7789 1404 8096 7534 926 46 8943 6831 1425 8939 1782 6230 1923 1405 5026 8767 3991 3102 4086 8020 2876 4645 557 5275 4397 2689 6055 9963 1496 1213 9028 6113 
3988 7492 5615 1422 832 2109 6978 8289 4171 4917 9609 740 7669 8154 2361 8062 3292 9111 8213 881 3669 2220 5069 9075 2206 4616 3892 8367 3476 7384 5542 5620 9929 3186 9401 8609 487 2798 7517 7836 3804 7379 3994 7261 4394 3729 8468 2052 9284 4941 8939 6074 6250 5323 9315 9210 3464 3657 4350 3580 9540 1967 1722 8944 3213 405 387 5669 2836 9212 2945 1345 9623 5359 3126 9242 9534 978 1686 5819 3355 217 7009 4020 2900 2142 7597 8138 7683 8640 9980 4792 122 5706 7146 2270 6036 8378 2440 2622 
9365 4683 1830 212 2522 7705 2701 139 8259 8706 7980 8036 4600 2560 991 9127 1039 1425 1363 6836 5289 208 47 9322 6650 2396 4501 7103 3064 8255 6880 1645 9647 3680 3710 5983 9356 7291 7171 6598 2124 9938 8930 9135 3320 2446 7909 7698 3005 8461 4961 7131 7894 4796 3945 146 8843 3557 1492 390 9642 6691 8112 1883 7811 6022 6263 1940 4386 7322 7164 831 1384 157 7048 2358 266 9285 4869 9846 1130 3730 764 9813 4867 8267 7965 8357 513 2868 1326 6652 9604 4699 6982 2189 9404 4691 2369 3890 
781 4815 8363 2923 4761 5471 9559 5919 9645 998 6856 6095 6482 9481 1820 6971 5548 1058 5121 1993 8391 4795 7215 7425 3109 7548 3593 6103 1873 7782 5256 8520 1230 4727 6954 5933 5633 8199 2069 143 3215 2713 8964 3431 262 1297 1851 4305 6554 2692 4171 5796 1711 8211 6651 7194 8085 7072 1991 5273 7787 428 3247 8485 194 783 8263 1478 2465 4613 4905 614 7956 5962 6 5683 5395 8468 7084 8456 4016 3733 5134 5236 5593 9274 3260 6527 1075 6305 5042 1376 8276 9760 572 7418 1644 8705 1662 513 
9402 9514 7824 595 9386 3547 6534 5705 1753 7399 3402 8326 1398 4875 7483 2737 9991 6327 1761 4907 9842 7855 4700 431 3695 9762 3930 1497 6324 8747 3088 446 1989 1194 324 8017 9666 9088 4982 564 3782 6913 5506 2440 8250 255 9073 7452 2091 6105 258 5120 4277 6034 5541 9267 2076 7909 434 8773 5321 4522 7138 1038 4244 6780 5209 1297 8787 294 9517 6907 9863 8350 479 3504 6692 5165 304 4216 2382 7053 6092 1511 5630 9127 7392 4512 4817 5385 3759 9014 455 4162 1876 4260 8148 1892 695 7158 
486 4873 9157 561 2422 3472 7364 6868 1357 9294 5903 9612 7776 496 1216 9606 583 9533 2783 513 467 5190 2840 2665 302 6585 4724 3713 9037 8172 8542 9337 7526 9067 1762 8346 4116 4918 1907 8515 6414 3256 782 6635 7548 4269 6304 7848 3372 4325 330 6074 4994 3727 3191 5145 2402 251 322 9468 648 4791 4375 8871 3661 45 9050 7401 5811 6202 3073 679 9970 9271 1493 9077 2830 4506 2297 5015 69 530 2042 4189 4448 3917 7024 868 3940 5045 1709 9558 1187 8794 1208 6388 6726 4499 4828 5142 
3289 4708 3348 5 3749 7678 2945 3943 1997 6493 8628 972 356 9219 9225 2521 8458 7163 4536 8773 4832 1248 9826 5505 2781 9482 649 6040 1307 8804 2050 1364 7540 5440 8884 4922 9533 6881 9695 4582 6030 2296 3683 1459 7245 7288 6442 2922 9446 5172 338 392 4992 1672 8630 8304 6696 5392 5784 3533 4510 8972 8037 8152 9909 726 6120 1565 5742 2719 1498 325 6002 5647 8185 6738 9102 4468 2052 8404 8971 5921 4592 981 3792 7790 9277 1533 6857 6769 5054 4158 5335 5507 722 603 8488 2095 8069 1136 
2073 3741 6382 5631 3880 8601 9474 6061 7726 8989 1391 5881 5564 1832 4817 4450 7826 6951 1924 193 4678 1346 8566 4564 5448 3021 2494 7838 7060 4035 3984 7030 5035 2505 8970 4236 9432 3642 6407 2118 8964 4437 8112 8618 5127 9672 4276 5821 1660 7074 9063 9887 1801 2485 3491 4877 9718 8539 3769 6419 927 1118 1859 3729 5785 5822 4213 8424 4496 4878 1995 9549 3068 2332 3787 4637 5826 2716 8514 1813 7503 8928 8745 1027 810 3479 7336 6862 9041 9826 5906 8696 7565 9055 3614 6801 2481 7935 9390 8099 
2821 6241 9175 7206 4112 9172 8120 2742 1704 1670 9511 1463 3116 2433 8302 7374 9294 7862 8629 9442 9263 7109 669 9449 9707 5923 9745 3524 1537 3993 5292 7225 4798 2266 779 3575 1837 7895 6557 9881 5016 934 5112 6262 7993 5179 5439 5440 6904 6800 479 68 1871 1174 5263 9034 2590 6367 3254 732 2796 6739 1127 872 6299 396 4145 718 1346 9866 8551 4352 2213 6297 737 2427 4338 414 896 9991 996 5898 1353 8758 8495 5743 8597 5281 5682 2697 8222 3932 1406 9315 4265 7679 5646 3995 7044 4287 