5294 4285 5179 9074 4978 9692 4421 4059 2948 9141 9472 463 1063 5863 1449 1083 1264 5148 2488 6928 9616 2117 3896 9358 8770 6183 8006 5109 267 7660 5095 6587 7387 7613 7706 4265 3478 1038 6616 6994 7899 4519 4488 280 4174 1299 7149 3127 4503 3872 4413 4658 5159 4490 1070 2688 8721 7711 2215 3649 6213 4374 9894 9617 5719 2988 778 3741 2357 7239 5531 9030 1148 547 9870 5157 4002 341 399 1999 6701 3694 7168 6092 741 5003 859 260 268 7437 323 3743 5794 4431 384 2451 8706 1534 6472 186 
8943 3492 4461 7786 275 4169 6368 3380 8416 2762 498 84 6678 3709 2775 2737 3235 6202 9997 3317 635 3883 6242 881 4031 3246 1483 4758 5813 9628 6330 4038 2392 3069 890 3648 5592 9651 5980 1915 1259 5563 8982 6975 9677 5391 6394 8927 2372 9032 6096 4434 1141 2649 7822 105 4003 1662 1430 7061 3397 4289 1349 2941 6964 6656 5642 2560 552 5702 2783 7785 4690 6491 9726 5734 7838 2546 355 1355 4021 4703 8756 5500 5930 5974 2657 5761 7929 7278 564 2125 4742 5311 5539 9726 4714 7973 3983 4452 
8118 1578 2728 5879 6613 6305 5204 7016 3066 9530 674 9002 280 5092 6035 465 9610 9824 6362 1555 2528 1067 6073 709 6297 9444 7328 6525 5452 4175 8966 7001 8436 7142 579 6429 7879 8357 536 5017 6065 5212 2034 5044 1206 8166 5110 5095 5380 8259 8062 4954 1510 3791 9498 692 3230 5950 2170 7228 5118 2292 7880 2469 7909 6798 8938 9962 2590 2057 8166 4448 2358 2569 2562 7488 9842 7527 8703 9474 6221 1355 6979 6019 6931 7944 6690 999 7570 874 9825 507 6963 9649 3572 8960 2394 4042 7070 5258 
2384 8136 1494 1076 4089 5977 928 507 5079 9228 7102 8239 2922 1059 8487 1334 6645 3504 7452 9622 6404 8479 23 8776 1680 4679 9608 9429 8664 9649 7945 2040 7909 9834 3905 3030 5016 9406 8535 4317 8861 4564 6699 8748 4039 4952 9607 8189 6439 2090 6614 7322 9240 4652 3610 2992 9794 6495 7347 1913 4401 5456 1155 7388 8299 8559 5822 1015 3776 9051 8969 8090 7791 2460 9314 9313 4898 4929 1198 9898 1322 8293 5002 743 7956 1528 4845 5557 842 911 9722 3432 9497 9458 7626 9152 8692 8622 2926 8185 
6751 5323 7701 4690 6899 3228 1527 1325 2706 7157 7448 3979 9914 3126 2783 6044 2204 3054 5603 4133 531 2990 6518 6173 8492 4665 649 5990 3448 5346 5996 3642 7262 2743 816 4189 7915 7401 7059 9165 6432 4400 4817 6404 5724 7250 5015 5854 50 6601 5712 8546 8436 650 9066 5644 7386 6268 5709 361 8907 8040 7559 407 8248 2729 3309 7370 8193 9956 5712 6663 563 7685 4608 351 9183 1722 1256 6512 1691 91 7094 2828 8237 9128 8890 3564 450 1856 4341 5822 9572 3504 4341 2083 1554 93 9573 6754 
1020 5377 3097 9323 9981 9562 5711 5193 7296 2002 1702 2093 1141 4045 942 4655 746 1861 4017 3757 2112 1758 1963 8273 3598 3534 7912 3489 5634 2732 5477 3926 3106 5732 6382 2594 4655 4053 4605 6751 9085 9992 883 5198 7070 5601 9945 9811 7135 3456 8228 9304 7209 3050 3917 736 7299 2608 9083 8667 1495 4980 161 9374 7322 7693 4108 6162 2685 676 1325 5172 1895 6828 382 8795 9870 6032 5215 5470 6667 3147 3112 8351 6523 3764 9597 6332 9705 4446 4299 3112 3841 5510 2817 7729 4518 7984 9051 7267 
2771 1499 3720 9642 8909 4147 2162 3044 4201 2257 8030 4269 8034 7433 4109 1316 5517 2958 840 9735 3792 130 250 2194 4395 1527 4083 6814 4729 4359 4493 5728 6659 2157 4194 9214 5169 3427 5751 1345 2074 5916 9119 3233 3827 6861 5671 3494 2351 2823 1560 2469 6608 3124 4718 6741 4313 2386 2241 8249 9140 7381 4067 2991 4743 9982 8236 6038 8909 4147 2162 664 7337 6719 207 1395 8247 914 8440 5966 500 6593 4059 8477 3630 1207 463 2346 7558 7879 2549 3957 6909 3577 1207 284 2500 147 8537 1264 
8055 1190 2368 5651 9650 463 9167 391 7881 3207 9159 3936 946 2712 5613 5529 7381 839 3800 6271 4191 8360 7719 514 1617 1478 9325 6684 1306 5173 6372 2087 7395 4548 8515 877 1596 5250 8056 1176 9998 6038 4131 7344 8499 2907 8945 4319 6069 8515 6593 7126 9924 256 614 3594 5303 7432 9965 5793 2633 6000 6439 3345 3562 8772 2593 6821 5600 5065 5035 2992 1026 5477 721 8006 1363 7166 9865 6679 6204 8519 7671 8903 2339 3654 9422 5390 1805 4739 1493 6332 4761 6598 5250 8993 2249 9243 7341 4108 
6039 3710 7882 4750 2030 8434 8474 2141 6943 2766 5417 2486 6316 6561 3490 9147 9858 4800 7313 8193 6026 6545 5895 914 7126 3041 8005 8982 5576 8181 7367 1128 140 3206 4878 4079 400 4253 9219 2572 9333 6381 1904 5728 1213 6704 8604 4498 5827 6154 3152 8232 4098 8733 1622 4767 1155 84 3369 9471 4606 2392 4963 7795 4514 3526 4620 2843 9281 3346 9658 7585 6683 9261 1478 4917 4318 6514 1041 4378 8797 3763 5667 2241 6544 7779 9157 5840 7183 1883 3380 4087 8238 2415 4348 8111 399 111 4977 1763 
2162 9381 967 7163 1057 4476 5866 4757 8508 8419 8691 5514 8306 8197 3148 5625 9605 8322 6274 9568 326 7728 6534 8001 4321 106 8968 3678 4094 5994 5484 3821 5402 3479 7878 3515 2635 5591 3188 3510 3584 2144 4449 9584 9653 9880 4255 5168 1262 9318 5675 3708 530 6331 341 9053 8190 6861 7638 3291 58 554 2165 3097 8824 2270 5646 7682 4564 5119 861 9686 6442 2327 1206 2188 9239 3734 6729 8081 3866 7830 124 1897 7901 5358 1881 6949 3813 9553 8452 421 5631 9437 4759 5140 5616 6768 3306 9697 
3572 3136 1998 4476 4776 9355 3803 1362 4144 1920 3356 7757 493 4755 7877 8650 2425 3711 4207 8856 6805 8898 5841 3438 9891 7316 3866 4204 9483 9660 3843 9120 6843 2989 647 6709 3253 814 8658 1062 379 5210 7568 3267 543 7062 8069 8186 7986 9382 3333 6055 9938 5672 5416 3846 8353 1917 3747 9964 6325 297 7850 8048 6498 2651 2142 1303 7182 9352 4169 5380 3266 3041 1563 7521 2835 5134 1349 3508 4052 5563 1243 1123 4092 7583 8075 4266 4091 6006 2345 559 3964 5088 5871 7602 9807 691 243 6726 
2788 9843 9411 3394 3234 6213 4529 2092 8355 3405 3481 2993 1121 1945 45 9635 9854 6390 1369 7690 3009 357 4893 4781 7607 9615 6505 271 8825 4374 5719 778 3741 2357 7239 5531 9030 1148 9870 3142 4295 7028 9913 4067 2776 3507 1578 1277 4085 2006 7168 2943 6383 741 4768 127 859 260 268 307 7437 302 8628 1363 4770 5981 7431 3338 6147 4112 1560 1003 7802 6227 4763 6591 7580 2817 2385 9169 637 6865 8353 3144 343 4234 1728 1824 8369 7032 9917 3232 2063 9103 6692 5297 5835 63 9313 5792 
6212 4046 9958 9219 6573 1376 4631 6618 6584 3834 3147 9843 7168 6541 7495 4689 3100 7406 8864 7670 8058 4254 4266 7564 6658 2129 5054 1318 2981 4392 4354 8727 5603 5371 1658 3800 1805 6833 1690 9692 6270 3591 8514 2336 5340 320 8477 3630 5681 8506 8390 3828 287 6401 6909 3577 1207 625 1254 8978 9573 6126 1766 9939 9777 7948 1176 9051 2221 5292 4647 1293 8964 6371 1680 2981 7404 7802 5381 3308 3064 4912 7697 6293 4023 2878 1416 5351 5794 3104 969 3737 7345 9117 2553 4334 5609 8446 537 2893 
2048 5361 5572 8983 4679 4791 4007 160 3849 5308 8996 6362 1761 3331 2374 7000 6110 3390 6750 172 1015 4539 116 8436 2303 6585 1588 9689 9498 2629 8790 8906 200 532 9045 7957 7190 437 4936 5959 3016 2372 4619 6319 7981 2356 4247 4081 3840 2410 1612 6030 2432 4830 8329 7148 9537 8473 8380 6137 9504 7217 2051 6126 845 8195 3988 3658 7002 3134 8365 9900 7613 9141 7590 2849 4347 3707 8967 9320 9582 3680 6379 8763 8071 3413 1108 3988 2678 8802 3112 6688 9058 7822 1448 4862 1983 5931 2225 9573 
4476 1334 6274 3331 5969 326 4545 1876 1083 2184 7453 8372 6837 8641 7509 4538 5541 3610 9209 1924 5353 2782 8452 1318 5259 5993 3029 8790 969 731 5852 8948 9533 6997 4556 1100 2066 4075 4227 7045 6967 9903 7159 5912 2669 9379 5086 8754 1987 7172 63 9313 5792 6212 6990 4046 5130 842 6573 3025 5775 2454 3834 4051 5641 956 6355 1671 4689 3100 6576 8864 9754 4007 6539 4044 7790 4106 4153 5593 8693 7855 9846 4257 5715 9069 8482 5837 1603 6532 5380 8978 2730 8398 4436 3574 8495 6791 4519 9499 
7962 3990 56 2656 3150 4100 7231 5579 5192 9025 9880 5916 5186 4066 4734 9770 7268 9689 3676 9808 7403 5625 5357 7547 9837 6872 2050 3629 6063 9516 418 5415 3113 9480 1670 7017 3868 7133 758 9193 5066 2070 912 5954 9324 9005 3830 5353 9777 3483 2393 9241 552 9028 6424 2026 8668 7455 3693 4076 7422 5276 7667 3894 5091 8686 5013 525 7699 7633 5251 6430 8044 1979 2443 8269 8800 8411 2861 5350 2662 9808 3706 321 5085 1887 6398 7856 2711 9885 702 7655 7817 3983 8360 636 7743 6098 1790 8232 
8784 3016 7729 7868 5204 2553 6999 9408 4822 7816 4289 1236 4835 2900 6310 1806 4576 5939 5188 4637 6707 5194 3010 2117 5711 1806 4204 7831 694 6633 3125 8596 7986 7143 6363 1352 112 6318 2699 5972 8236 8674 7987 3184 4573 2325 8068 126 2423 3394 8770 7966 8265 2292 7255 6460 2601 3259 9873 5958 5422 8972 547 6959 83 5022 9285 7058 3090 3536 470 2552 4213 7601 2478 9967 694 9733 6315 3026 2776 230 6285 2649 6879 4423 4871 5578 6245 1152 8988 5688 4929 8876 6158 7481 2159 6723 5156 6112 
7898 3991 101 7743 8862 5616 3321 6768 8661 8049 7538 3306 1883 9697 5810 1934 4867 5321 3572 9757 4589 9577 4424 1890 9145 8674 3136 5531 744 5204 3458 3865 3866 606 1404 264 7453 6645 3541 4931 4760 4936 8504 7418 3093 3347 2492 9123 5628 9273 1006 3978 17 2562 3789 234 747 1012 1638 4009 8543 7605 8941 3303 3797 7073 3588 3242 420 9058 4577 9555 52 1244 8828 7410 5223 5198 9973 5364 5432 2753 285 5288 3831 6426 3487 223 6912 5015 3465 426 8042 2949 546 8810 1857 5769 360 7485 
3596 2430 1858 8205 7095 983 8523 1023 6668 4316 1388 3996 4511 6110 5210 1849 3119 423 8310 5727 6342 7149 8866 5449 8615 9971 750 1846 8393 4293 9265 9198 9490 7420 7258 3699 9509 7394 4512 332 9026 6903 6121 6671 1001 9875 928 7749 995 3147 8076 4760 4187 5470 9302 9679 680 5170 2409 9494 6155 2600 5699 1695 7741 6409 3075 199 3314 5821 7417 8545 7250 1333 9444 4580 9854 5952 9612 2475 9891 2619 8314 4490 2009 4152 7247 285 8306 5625 9605 1334 3331 3369 2437 6594 4461 275 6949 4830 
1011 7467 8106 7225 4726 84 7683 170 7466 6155 4179 8369 9859 9273 2739 2070 5794 1172 9416 2384 9117 2553 1459 550 6887 6745 8085 4920 6852 977 3621 8842 6671 2563 3151 8035 3555 5634 2622 2712 7676 9106 3842 8060 28 6818 7530 7861 9523 4684 8078 5655 4178 6996 3513 6597 7321 7106 3890 6278 4942 3275 3526 1749 7306 3212 6656 1757 1338 9247 6853 6823 7038 59 164 8287 2011 1299 1204 6729 8873 3676 6885 6004 9762 9462 9637 8968 4410 5097 8652 7180 2667 196 1021 2564 3808 3609 4327 2035 
9004 2767 7739 9584 7811 8245 5150 1658 7032 595 8477 1430 3946 5563 2283 5357 4028 2132 2362 6339 93 2421 9381 7849 2315 593 7172 1773 3404 8085 2334 2357 6924 5352 8215 2943 9082 7928 293 7697 7810 6686 673 9968 1458 5892 5115 8543 3390 4056 5834 1495 3568 7799 5699 3184 8372 9588 7887 9431 7362 484 2628 5985 130 8031 563 5414 3697 8972 5357 1067 5314 6446 6181 788 4954 5003 6149 7743 6955 9559 7213 8015 1076 4397 1880 6631 381 4598 7728 8444 5119 5939 5767 2793 7927 5823 3951 8851 
8978 9573 5998 7537 3393 8755 4238 2766 2592 955 9157 7183 4087 1263 4411 4234 6000 6304 339 9093 8560 9902 4651 571 7964 7334 8978 3149 9147 9001 625 6731 9618 9335 9648 8259 6206 5567 2137 3000 9066 5792 9254 1726 3441 3414 1264 7901 7743 8240 4787 2531 7765 3842 8664 8216 714 7006 2616 8632 5059 7031 9339 3435 4244 5518 2414 530 6191 6795 8801 6889 290 1248 4945 250 6491 8342 4479 4156 3280 7069 3711 2291 351 1649 7883 4732 2815 3945 713 1255 8329 8753 6400 1403 8177 8732 5868 2473 
3814 3188 9943 513 5043 608 8932 1372 1273 106 3218 9407 1192 1857 2422 8070 6306 1558 1003 295 1010 1217 6963 389 2144 6137 8554 6809 9945 6648 857 398 8342 8112 9097 4940 2934 4337 8482 1794 5443 3223 730 4605 6757 4449 796 1448 7867 1398 5500 3426 2731 6015 1422 7665 8673 3515 2056 2510 8700 3584 1402 7084 2790 8146 4645 9509 6208 9355 9333 7537 4813 4794 5100 5245 2959 2068 7155 8325 3103 8022 8390 6590 5390 5642 6486 5202 9645 7691 4359 3051 9989 5337 3024 5095 3201 6040 5712 6673 
9001 7869 9058 564 4157 7299 8897 1205 4231 2661 1884 2202 4942 2043 5231 667 9541 5425 367 8779 2125 687 418 9244 7142 9098 4259 8066 986 4931 452 5851 8405 3689 6792 9956 9105 5909 5227 6177 4878 6245 8860 6886 6679 4514 5373 2842 6579 2134 2450 3069 4998 1633 6653 5711 3319 699 3224 7507 7163 580 4958 1062 6605 4590 301 8178 5009 2518 682 8831 2854 5990 1818 8683 9826 3382 2864 2585 6123 2306 4289 6524 3389 571 7371 4534 9505 5710 2515 4059 743 360 6113 1439 8282 3497 6788 5134 
6028 7881 9655 7726 928 9869 9381 5553 2729 6019 7505 7140 873 2796 2558 1983 7849 5601 4841 8869 1795 467 6664 9065 2877 3919 9206 5472 1986 6889 4621 2610 6962 6558 4768 8498 2408 6 8740 5610 2292 9200 8504 5302 1400 4072 7247 6534 1225 2398 6424 5627 3242 597 1291 4438 4422 8516 6925 6133 3532 2715 2268 9933 686 7312 6322 9163 1450 3688 9862 15 6389 1759 5245 1069 9126 1097 905 7817 7797 3983 8621 8360 6863 636 7743 2339 2335 3038 8784 7729 8065 2553 272 8166 6999 6858 3097 7551 
2233 5504 1868 754 4835 1728 3324 3763 4310 2735 5675 4192 6499 9554 9301 2458 5363 5330 8735 4663 3083 8209 5499 1489 448 285 3636 9084 9418 3150 2679 2310 880 7866 7490 5135 7885 4131 9134 2433 3728 4850 619 851 7647 4027 585 7033 7639 4313 7652 1340 8299 6980 8318 9346 3753 9891 5768 7065 1761 1105 4140 3856 1186 4528 2991 9190 5476 3661 7236 7834 4467 8186 9700 5012 334 9182 5063 8384 9165 7384 3615 7388 7352 6379 7952 740 6468 3038 4028 5907 2580 8818 7516 910 4365 493 7186 2395 
7838 477 5211 6117 5490 7612 303 1409 2244 7985 4341 4593 4325 3991 7243 6447 3520 7138 2440 2705 6707 9551 2946 2559 9932 1153 7563 9506 9776 7967 7668 5329 8912 2643 6536 6981 109 3686 1986 9560 6575 2001 6018 4071 8428 4128 1985 5418 5705 3684 2225 5949 5852 3898 6071 2092 1472 6421 1566 5625 7708 2463 5798 928 7908 8624 9835 6950 6700 2332 5573 9598 747 6002 4129 825 9510 2520 3213 5743 8195 6524 8015 7057 9903 5393 5211 788 2726 596 4503 5894 8807 9082 1261 5905 1302 374 6868 4671 
3266 7404 3232 7587 7927 3716 4174 7652 5043 5448 3094 5059 1070 3023 9573 3616 6032 903 4576 2931 7596 8266 7930 4044 9853 6246 7458 8863 3884 4728 7531 9330 5653 6891 9551 245 1526 626 2416 6948 4129 7184 8857 6389 4013 4444 4404 66 5557 7777 7581 3782 9760 1376 7933 3830 7382 5998 8434 7537 2141 6943 4863 5417 6877 8587 9415 6561 3490 9147 9858 4800 7313 2742 7551 6556 5818 8380 3894 7432 266 7110 9581 1398 3723 2069 8142 4463 2216 1960 2679 9112 2310 186 7370 7866 4067 3670 7284 9534 
9791 2172 821 8275 3404 6150 2269 9593 2803 8101 3978 3225 7057 3923 3256 7270 5743 3810 7615 418 9830 7563 7162 5991 4041 7061 9784 1987 6122 9856 4152 1717 4734 3817 2127 2876 3826 8911 2132 1133 3822 9850 4798 7059 5791 130 2194 4395 2468 7473 4729 1788 5728 6659 9799 826 6120 9677 1495 542 2556 3856 7503 5749 3449 7901 8892 2729 5732 7693 3059 2971 9213 2017 2743 3501 7425 4495 9864 7845 891 4774 3088 9033 417 8999 5563 4138 3030 5016 2827 5148 4609 4220 8125 3009 5071 9644 2174 7049 
4652 2843 9281 3346 6109 1926 245 375 626 8084 6948 7184 770 8092 4905 9726 1393 3765 8411 8743 8233 400 3333 6923 8828 8493 7232 5893 6549 5699 1846 2440 2496 6493 7234 7463 3893 5824 4096 4807 4257 6920 4323 7260 596 3481 1402 4570 9193 173 1900 8630 4438 8050 8857 3266 1703 1131 3512 6026 942 8022 3933 848 1086 2225 9670 1622 7389 9502 4681 1006 4526 4509 532 1086 4666 5067 9577 6519 109 788 8672 6965 6542 68 4160 4653 5229 637 689 8724 3067 5890 8853 6823 6639 1481 8717 3793 
295 7705 5138 8351 8566 9638 6829 9383 8410 7156 8535 9926 7380 2146 2693 1223 2203 5301 3997 8424 571 69 1206 4668 8497 2683 5781 4757 6397 6660 2821 6893 9015 4499 9458 2340 4002 788 3368 8144 1641 9701 3498 5146 7323 6323 7585 2823 2731 3187 1017 2907 1052 9872 7849 6159 4301 5797 8716 1156 359 545 1099 8622 2989 8944 6682 9941 5848 1108 2855 8912 8622 9501 7120 7062 1747 9823 5130 2626 251 9798 4380 626 4129 6389 770 5022 8092 7644 4444 9826 8596 4186 4686 2205 4877 7404 9654 1990 
9108 6651 3701 2694 6056 5459 34 5746 7997 971 9074 4803 4423 2975 6597 458 9550 4366 4921 5281 5971 7724 1636 4753 9445 2853 7173 4003 6802 1795 6956 129 2948 5777 8838 1168 4155 3160 226 7284 3260 7532 2632 74 9083 2371 2406 661 4319 8006 9029 8166 7799 4986 940 9802 3173 7881 9756 8618 1912 943 8770 9273 8141 2029 2404 6997 8854 4480 4498 4190 9964 7856 6154 8414 8733 1622 1155 2457 1060 564 9796 1746 9861 9959 6005 4042 505 8049 885 2072 9629 7282 6059 1150 943 2345 3770 5173 
9769 3624 6765 6179 4669 1604 4857 7227 9635 9988 5726 6031 4503 3141 470 7942 7297 6250 7327 3461 5780 8182 172 9618 9912 5061 3969 4015 4855 5769 8910 6439 8065 9027 3765 7824 1767 1737 5944 7013 9924 7604 7685 2576 3380 9362 46 1228 7068 4519 1865 9469 3506 6543 1515 1422 3059 639 4221 7489 9375 9999 6256 5916 9556 1156 6510 5921 5233 6811 231 3286 9013 7974 2609 9264 8777 4756 1207 3912 5293 2239 1593 1186 5913 9650 509 4116 5172 5212 4767 7179 9512 8098 5126 3931 8485 1252 3455 2341 
3091 5846 1217 6513 320 6731 6834 2690 3021 8134 5395 5467 2959 7275 5464 2288 1781 1476 8724 500 5131 5943 3909 7536 902 1901 9418 7551 4314 6417 7080 9564 1311 170 6608 140 8075 5262 6523 3045 7996 4129 8468 5357 506 8570 4768 5027 9598 1470 9925 6632 4670 864 5107 4051 2842 8549 6259 4713 5889 5549 9658 4277 5509 5657 5945 3931 280 2480 6764 8361 9058 7358 9750 8012 1205 4231 1662 2041 4942 7314 2043 5228 1898 7415 3437 778 4436 7852 56 7461 122 2437 3184 2365 9087 8210 7156 3840 