3375 7418 6271 6471 4137 8051 7719 6935 1263 9112 3750 2683 5651 6015 3841 7820 8318 3311 4177 919 2241 1899 1717 4172 8231 6591 3767 1726 8570 9986 6452 5968 46 3286 9460 8073 307 7417 2610 5204 5895 3915 8852 2621 1344 4404 719 4982 4888 150 5042 2891 2325 6149 4194 7157 6833 203 2374 7788 4123 1809 4759 1841 3558 1247 5141 6593 2488 6599 5793 5603 9184 7163 4856 4910 3931 3594 5416 1421 2878 2431 8333 8325 8025 2694 1199 7979 2185 8363 8313 7317 7574 1269 4748 2042 2322 4659 9241 9726 
1728 4908 9352 5296 9208 3175 4079 4167 285 410 2076 8828 4253 411 2572 7751 3380 5457 4373 7651 5728 8792 7181 6414 3965 2379 666 6581 2996 5268 8291 6449 5063 6475 4150 6479 794 6562 8929 2742 8685 4657 4662 336 8027 4899 8038 7970 7829 2120 6316 2289 4365 4606 6144 5653 2871 1784 3166 8400 8561 8435 6804 1442 6478 3192 8869 8364 621 153 5540 5576 6542 6058 8262 6196 720 6023 2066 571 5306 9951 5114 5803 1038 9068 9946 2575 3512 5520 8423 6988 8019 9650 4604 7615 5502 9516 1927 396 
3493 7212 9920 6192 9534 9105 6252 8175 1275 6330 1789 9912 5913 4889 4101 8689 6106 8177 8724 6520 9242 2679 2369 566 4899 7631 5169 6511 2409 8033 2126 9019 383 4443 8185 9801 5407 7782 4949 9037 118 7163 1529 5267 7657 3028 7606 6024 9334 7147 740 2096 1068 3817 7229 4287 5510 4477 163 1259 5213 3384 8633 2046 3082 7875 5298 5203 3221 8863 1839 249 724 915 8131 6521 1954 573 2742 6745 7657 2166 780 4566 8048 6117 1961 9216 1739 7485 9138 1586 3176 8856 9827 4056 8092 2897 9737 8931 
8616 3899 2735 1740 1437 9106 4210 1734 3071 4117 3625 7851 7002 951 6854 5898 2411 5319 3050 2277 5888 2978 5618 502 8761 8109 4797 3805 3496 7960 8829 9978 5289 3564 1913 9480 48 2010 2114 8390 3032 4043 2415 6430 2278 6093 4656 2521 4520 8812 6058 4720 351 9328 117 6245 2925 6669 9581 7889 8653 5404 5212 300 2007 704 7713 25 8632 5142 8206 7696 3813 2753 5459 8595 3383 9636 1349 4859 3209 2787 7643 1241 8812 9018 6847 511 4329 4130 2465 4668 6647 1999 2061 1669 7669 5769 1242 9207 
9931 77 2503 562 6302 4135 9027 291 7903 8658 3440 3620 2960 7227 764 272 6379 8754 7412 8791 6770 6178 9362 4519 4069 1865 4829 5184 8614 6275 2397 961 3059 9930 3350 7067 4514 9141 1357 9737 3133 3228 2678 3391 9995 9957 6169 1864 4482 7861 6273 7093 8089 6239 1562 1580 2513 2972 6837 5958 7860 7319 5008 7372 4542 672 7479 8468 1895 310 3850 8997 5426 4538 8124 7752 9434 6894 7399 382 1599 5751 4446 9013 2962 6041 9421 6135 3571 8041 4853 2458 3925 6076 1531 6495 1279 4955 160 476 
5179 2029 3227 4886 1429 9517 6730 3285 8673 8627 170 4543 2025 1511 5707 8574 7520 3675 6135 5899 2504 8818 4965 4255 7493 3672 6385 4525 2982 6925 4945 5659 3974 4482 2653 1060 3635 4541 9750 6177 9995 7594 963 5444 8452 7682 3859 8548 6087 2189 9504 8712 2690 3626 1381 8427 9158 7269 6890 9806 8401 2987 2815 3353 1582 7118 13 3711 5975 8856 6805 8898 6610 5841 9397 3606 7220 2912 4343 8331 7592 8843 3863 3797 4798 8462 4704 1210 2004 344 6375 1272 4504 6586 8141 797 2590 8668 9701 3286 
9160 5406 8444 2934 2205 3717 6668 1677 927 1805 1055 9383 2339 8474 3654 1611 5774 2858 5858 7439 6536 9645 4359 695 9989 8868 5095 510 2990 9001 564 9750 318 3365 2661 467 1662 2041 4942 5593 7465 9192 5217 3122 1676 4033 5129 2768 2589 4169 8331 5365 6734 9082 1653 3989 6283 8068 7171 1857 6734 9147 6474 6438 6101 3212 266 842 7591 9603 9032 192 6032 2614 6726 80 8743 9728 3555 4411 3012 447 449 4607 9295 4619 3546 8993 9292 9576 7432 3427 1349 5253 2236 9358 151 7917 7833 1837 
3569 8847 1001 8195 5235 9625 8213 7903 4788 8472 5295 6636 6766 2353 9530 6635 1920 3433 5178 5362 6324 4857 1763 1082 3142 8397 3762 3420 5156 7297 7907 9902 1434 3157 1575 5015 9792 2699 7172 8118 8786 2601 4810 8267 1841 7301 5112 8724 9133 7894 8618 9486 8080 7490 5854 239 967 5557 9302 2686 9856 9134 1151 2196 8393 7846 5278 5215 6121 678 1651 8547 8647 1026 6865 5084 4355 3338 3612 7289 8951 5327 6026 3952 5252 4031 4138 9707 2591 8964 963 465 785 2981 3365 5863 2054 5685 2715 8200 
5477 5591 8054 7239 7341 4108 1803 6039 7090 3710 7882 4750 8779 4375 1609 8260 7083 2572 4182 9781 2610 7703 3104 720 1972 5357 7333 867 354 122 9735 5027 633 4833 4863 6632 3441 6568 931 6795 625 8781 2650 7933 1531 2866 7334 3893 7537 2141 8216 2766 955 9368 6316 3149 911 7313 8783 6265 3736 4215 4779 6127 5893 5395 9534 3559 4808 2443 3169 9653 7792 9162 2803 1345 6181 9648 3208 7551 2649 6481 2656 8380 3894 7432 7110 9581 2265 7987 724 6156 2245 3596 1314 4381 6438 8984 842 1664 
4578 8841 3941 9277 4048 3576 9403 7613 9804 5903 647 2730 9782 8398 3449 8759 4031 9848 5751 4274 8365 1887 7019 760 5932 545 8319 8742 7954 8785 1489 3495 1549 7560 357 2070 785 5109 905 5906 267 4330 3596 4424 6587 8890 7387 9128 7706 3359 6423 2991 4280 4265 7949 3478 7760 9498 4469 6616 9460 3754 4570 7899 1576 4519 5906 4488 8115 1001 8912 4702 6300 183 358 3542 280 3349 4174 1299 7652 8657 5043 3127 118 4503 3872 5425 5448 2253 5243 7706 3094 5059 4950 4658 4596 5159 1369 1791 
1070 8664 2688 2668 7697 5871 7711 5989 2215 3649 6213 7640 4374 8013 9894 9617 5719 9328 3741 2357 7239 9030 547 1718 3215 9416 927 6592 242 4616 7028 585 8027 6368 9913 5157 4067 3654 7237 2776 4695 2854 3507 4002 7125 1578 341 7346 2317 1268 3938 399 762 1046 7896 1500 1277 2086 4085 9242 8171 4980 4241 9938 3623 4087 1328 8539 7855 6172 4747 7696 9241 9558 4337 3244 4337 9072 8071 600 9489 2892 9023 6889 7190 5294 8754 5536 238 3130 702 3305 9900 4647 5153 615 6483 5575 9676 6061 
7021 3500 8595 1403 6556 330 3071 2232 1224 6205 6652 3050 8380 2590 2456 6573 5999 8624 1426 9568 1465 6336 3542 1105 3479 4771 1847 6062 4494 2087 3774 5387 6081 6962 7398 9396 8698 1108 4720 4244 8125 9689 9573 8819 2642 3152 9690 9897 8787 7186 5445 3492 275 4830 1011 3380 5017 8416 2762 7225 4726 7683 8171 4963 966 435 2775 3778 8546 5282 4437 3968 6557 4543 7693 5998 2776 1739 3701 7374 6220 9951 7447 5935 7823 1845 3756 5178 7802 1152 7504 8989 8160 714 1572 2998 6074 2105 8654 6407 
5204 9641 1777 3031 7541 4290 3409 9480 1675 776 389 3957 8519 721 5518 8280 6432 9616 2637 3081 3360 4003 5720 2016 519 6854 1696 8224 9803 3010 8487 3863 972 8505 9201 4193 347 3188 6039 3930 434 5607 6828 4151 8990 3426 5667 1717 601 7077 1213 4411 399 7308 8604 6247 426 2734 5461 3894 3775 3745 7707 1763 2198 2201 8910 4122 6997 5027 5080 3714 5671 9932 940 420 8103 2174 6145 9076 4069 3901 3828 568 8591 1130 8429 2251 5652 9597 7358 4497 3809 2474 6784 7941 9215 8055 2177 6885 
9954 1559 6247 9849 6248 1885 5661 3831 2434 8008 1030 3889 7148 4788 393 2411 7208 3888 1140 5542 1054 6472 9144 8249 6529 6090 8846 1154 7365 5090 687 4331 9684 5040 2142 1303 4477 6197 7969 7521 2561 518 6682 9663 7635 8583 6472 8764 5325 4266 2345 7281 8873 1698 8206 8517 7705 9451 8453 784 4268 5917 243 2466 8268 7518 8635 2373 9464 7379 3099 7173 6497 1063 6223 4349 6280 150 4170 2265 1275 1263 6330 2827 5154 8382 2731 3208 6192 7278 4906 3759 3074 1655 6809 7335 9831 4926 733 514 
2218 7897 5363 3002 2703 1478 8822 8438 138 6999 633 5953 9925 6568 7019 3494 387 6331 1028 4241 6587 8142 921 7381 7191 494 4325 9737 4990 9485 6371 9272 6995 8358 2683 7982 6458 1245 6666 2955 2986 2885 1611 4303 996 5859 5893 586 9441 1933 7306 3305 2857 167 4647 1979 7705 8120 8725 9672 1605 3454 1136 2136 5910 407 5958 83 9285 3090 3536 4213 2478 694 1277 6285 6879 9234 3708 6677 3599 5147 5552 2531 1634 8181 4532 6563 5599 6018 389 9076 5836 2433 1136 8001 1909 2072 6922 3230 
204 9358 7978 2180 8504 3666 726 3636 6975 5488 4534 8119 5447 1855 9321 9283 5580 7551 3791 1018 9834 7184 9332 9380 5410 9725 3568 9148 2007 3952 6977 6473 7170 7193 4361 4801 2289 2264 2185 2166 7585 9593 8819 5506 8365 2731 2138 9452 403 2595 2062 4295 7903 6836 9898 1423 7816 4456 1205 8909 664 7212 5337 6713 6719 2664 8030 4269 8034 4701 2901 7433 3610 9532 8508 1076 7879 9981 4525 3019 5098 6938 271 4828 2526 8978 8658 5596 3633 257 2387 7870 3124 6351 6048 7628 1395 4879 8901 2687 
8129 1516 7286 2 9072 5221 376 540 9471 9129 1777 1891 6294 4767 3588 5253 120 3620 61 7717 5046 7783 788 7017 2688 9066 8125 117 2424 2833 5905 8325 1145 1420 8615 9661 8258 7681 1003 641 981 5626 8477 8858 7779 4826 7667 9084 1246 4041 4402 9574 2365 5580 1182 2827 3783 7019 8164 4033 2199 8767 7917 479 4446 6874 9507 554 1639 7783 4981 4668 8242 4088 5600 7251 6657 2580 4286 7076 4237 7979 4107 2954 8760 759 112 3848 2324 3376 143 1928 9273 5677 5114 1766 5803 7384 1038 6344 
8000 3799 1650 7790 4480 8218 6359 7140 6154 8414 6416 907 2875 516 6688 1074 9572 783 7658 4871 8609 3112 7753 793 6944 6538 2892 8323 9107 9358 151 1713 888 5412 6046 5455 5591 2871 8213 7903 4788 3909 6389 2226 2544 239 3985 1116 5119 9375 3805 423 4247 8196 8431 4752 568 6683 929 2390 717 1954 3332 4866 3636 2752 794 7820 1153 131 3377 5951 9476 1816 3445 9814 8710 1831 6319 7062 4747 7531 7725 410 5927 6116 9286 2407 396 9743 934 8867 3360 773 3674 7986 3540 7269 1784 5281 
204 6112 5472 6053 3832 6415 7058 4124 9428 234 924 3176 4498 2844 1651 3415 115 317 2323 5833 7794 5321 6291 8947 8658 8917 1384 8581 3113 9557 4709 6572 8650 6627 6384 8456 9946 4237 5123 2317 4781 2313 1469 3330 254 7879 9303 7700 6349 342 6688 4947 8474 2779 7509 5471 6085 8824 9169 5664 8715 6708 8207 2742 275 5453 3931 1252 7455 1925 3997 4851 934 3333 9702 7425 881 9858 4499 5590 5644 2251 5935 7541 8777 4832 4210 1616 123 9495 2357 5601 626 9495 1857 6135 4016 3634 8169 4520 
7033 5479 5971 4053 4875 4058 2285 2772 5001 3760 7672 7590 9896 9148 2964 8745 5764 3864 9554 4776 5926 4417 8580 1959 1190 181 4261 2071 2513 13 2069 2714 1134 4085 1080 2118 3886 9917 9972 1395 4811 763 8061 3140 6761 3616 2323 9024 7832 169 4033 5129 1459 2589 1266 1441 4169 6672 6067 8331 9461 1284 5921 5514 3967 5055 9848 5277 8720 7199 3079 3851 4635 2714 9 3697 525 4963 8319 3119 1773 1343 9186 6457 804 6822 3637 2336 7774 3956 3744 1199 3804 576 6476 4128 2728 542 3656 779 
1304 8668 442 8158 7039 4903 3021 320 1207 463 5681 2346 7558 7879 2976 2215 9230 2642 6928 8903 5243 7212 9314 1737 1324 4348 2170 1808 6130 4709 5586 7086 9761 1126 3141 4473 1786 696 9609 8834 946 6737 7382 8269 5092 6489 648 8952 9988 5237 7990 7172 6635 6597 5393 5624 2316 8882 1561 9285 9642 5185 7318 1367 6660 5219 6834 2093 144 6954 5067 5986 8685 196 2924 4699 9533 7656 9151 2918 7891 1032 5490 7041 3696 3427 1187 9851 6300 1915 8187 2451 9726 9263 9108 4361 4133 8864 5060 8328 
4889 5022 707 6537 6723 428 1435 8414 9763 8985 4687 5111 759 878 5799 8256 7973 6185 7250 3214 9434 3603 6342 9245 300 7431 9868 5950 9852 6956 3908 3901 8614 7107 5816 9009 696 2800 7452 6674 7908 2976 2893 8157 8413 3379 2954 156 4964 9817 2520 3403 5080 2400 2638 1161 4540 8998 3115 4095 5944 5931 2140 3995 1080 5605 3134 9852 7165 6512 8999 5188 2520 5471 4801 4366 8658 7497 5693 8550 6117 3863 835 7912 8449 5916 7316 6680 635 8065 8410 7447 7123 2263 830 2671 3283 8610 3844 1563 
750 3458 48 6392 3574 2784 4959 7599 3162 8810 5838 6720 1597 9507 5469 9688 2510 2140 7341 235 1588 2754 3047 3561 4351 4245 7499 3859 2512 4933 8491 5986 8962 14 2066 7918 5024 5235 4293 2952 5579 4786 7342 4768 3611 2123 6868 5286 3396 8420 6302 8561 2303 1515 3241 3430 9369 1614 981 4938 3822 4109 4615 2076 7067 1461 4536 8171 3130 2633 4385 1937 1921 1249 3464 7417 7279 4529 5084 6927 1228 5763 184 8849 7766 4847 9997 4922 1018 5718 9739 4056 6729 8455 9121 1902 5473 4963 4514 2008 
6260 6683 9261 1478 6750 7395 6481 4091 4148 2390 681 8254 4263 3735 5260 4795 2896 3023 4368 4602 8326 1292 149 2551 3310 7079 7948 1057 9169 5383 8896 2658 8646 7748 2304 8396 3757 4957 8988 4730 3740 8988 8614 8997 5776 8081 3468 1284 9232 4032 6457 4590 1999 7029 9856 260 5391 2915 6080 668 5595 9983 2132 5166 4828 989 8546 6822 3619 4108 7522 3714 9380 6918 1705 2261 3646 9474 6559 2931 1635 8281 9202 647 1308 1048 9826 8713 9995 3115 6515 4454 5502 6549 1550 5271 9074 2980 569 3230 
1846 3869 8393 954 4293 9265 4299 9198 9490 7420 2570 7410 332 6903 9510 7253 7645 9282 4093 3702 2089 6060 639 4682 1672 7534 9132 3143 6709 7299 2574 5685 3028 6831 9101 5147 4311 6480 7210 1487 7963 7016 2617 7511 5302 2871 8190 4441 6132 4925 9034 9328 6344 2985 1510 1479 4515 7465 7863 912 3389 1963 4022 2133 7453 3436 3724 9027 4709 295 2126 4827 9909 4521 7087 9491 7432 4130 3990 5458 4477 3520 4213 9181 4911 5417 536 1326 7165 1371 515 3808 5159 4636 883 841 1634 3639 6836 8487 
3389 6922 2795 3682 8841 2020 3760 9256 3509 4999 1862 1861 7301 4438 2620 1759 9223 9014 870 4535 146 6751 4862 457 8531 8807 6795 8781 3951 3830 8978 7382 8434 3393 4863 2592 6877 8587 3149 5072 4684 2420 2591 9468 465 1318 4983 4857 1764 1763 4567 2686 5738 440 2600 4034 3242 7569 8415 5048 7206 2327 8635 9206 2944 3947 5415 1328 6814 1763 8600 3725 186 7831 1706 3857 1915 4190 5586 9401 3097 6573 2901 929 3881 1046 3352 2090 8974 8802 2236 1274 2521 1542 1480 6090 9481 4552 8020 2080 
495 3016 921 1505 2646 8121 5533 1588 3542 6140 3884 3789 7978 5025 8673 9791 1832 3798 8888 697 7040 9175 7173 3921 6866 7186 4643 4644 3006 7260 3551 4707 1514 8909 6882 8234 273 6346 1639 2085 7866 7473 8272 3435 3036 9068 6804 8444 6881 2193 8294 5582 8145 5779 2190 8049 8281 4467 2627 1659 3218 5232 1530 3851 9124 9809 7747 2356 1055 1367 7325 8381 6065 1424 8146 4097 7456 6613 8551 4262 8945 6777 344 4582 4504 6586 4198 797 7269 4136 877 7164 8341 4372 5125 8327 3202 9757 2857 2735 
5906 6242 7057 9149 3752 8538 4471 1929 5095 8897 2190 4143 5180 3365 7671 6861 684 5402 6639 6189 8722 4230 8932 2524 7822 3359 4469 6828 3856 1857 9809 5204 3677 7811 4428 8895 8824 8969 4711 2621 3016 8015 9970 6548 8415 8368 89 8424 5184 24 8876 4001 7849 3369 7618 8146 7613 2351 66 4982 4888 9313 150 3782 5042 4126 2325 8096 1728 4945 2551 9058 8238 8880 4640 1522 4400 2000 1587 8012 8897 2661 467 2202 9532 2991 3245 3754 4743 2043 7215 5228 1898 6436 1238 9694 447 859 3545 323 
7416 3752 9523 2942 8080 2280 4692 7490 5854 7964 9805 3676 6452 8148 1564 8756 8050 7819 1431 4709 8551 1978 6516 628 9140 5592 9391 12 7367 5361 5222 9393 4343 602 2444 1419 5972 559 9578 951 2363 1927 5624 3303 9659 8296 153 3716 9605 6099 7613 3286 8759 9790 8303 6158 4197 6877 8841 5578 6866 7811 2872 4846 2927 9184 7764 4443 8335 1854 4307 1012 7334 9614 9733 6376 7995 9637 978 6150 1518 6438 923 3013 378 941 5712 4560 1246 6581 7826 3414 5425 4409 3841 8200 4029 7382 7537 1960 
4598 4157 6450 1587 3750 7047 2328 4375 9888 2899 8785 1366 6889 1249 6512 5763 6289 1887 6918 4282 3853 8515 4295 5384 610 7572 4062 3843 3519 4673 1624 8044 5287 6880 6331 5922 1006 2493 2807 1025 9734 5034 4107 1015 3244 6779 5183 1175 5129 5407 2339 4530 5949 5493 3438 7739 6430 9233 9240 4875 2359 2143 1979 7643 5838 6769 860 2869 7291 4404 673 5010 7158 2063 1313 8751 8411 9961 1982 251 6953 9808 5952 6717 4014 4323 9006 8166 2259 9885 5513 5971 4791 8038 3218 513 7461 1430 2712 7425 
7607 4312 6966 2942 6730 2155 1281 8706 170 2184 514 6200 3198 2189 8717 9909 5637 7319 5833 7571 1457 5547 6940 2220 7094 5129 2657 8237 9128 8890 8073 450 5286 4721 7857 1879 9567 5052 6404 7832 463 2785 1593 4981 9719 4405 2378 1106 6280 1323 196 3878 3210 1183 3825 8879 974 5032 6060 5281 4951 7228 7311 569 2548 3304 3867 3568 9926 4763 8995 2446 4183 8906 1076 2078 9774 5578 5548 5081 7537 1784 878 3536 2902 1990 6109 8102 7842 3471 6638 1719 8451 2943 3703 5746 87 7894 8024 485 
9843 9666 6419 5252 5734 634 6172 8833 5690 6791 3735 4812 1742 5575 6629 7752 2376 4100 3060 6436 5793 1899 4573 7519 214 4532 6714 2533 6298 8664 9686 9267 7848 1434 6432 8023 4061 1909 5118 3357 4633 8835 4690 8434 4782 8923 1841 4805 9728 506 4294 6652 9179 53 524 8114 9408 6036 9311 7130 7775 9382 5743 9163 6427 1623 1153 4748 4480 294 2187 3604 8543 4587 2593 5495 1828 3977 5936 6768 8453 505 660 983 4294 7685 6776 3011 8095 3997 2075 7873 9125 8019 6058 9650 4604 4316 990 5351 
4944 9358 7231 9320 8383 744 1766 7109 8196 9377 9513 2759 2580 3431 9389 1998 1773 6739 9525 2757 3115 7182 2214 9645 6915 3654 4366 8124 1822 3998 6567 9497 5176 3778 3450 2624 9261 8390 6975 453 3543 6709 3351 3661 2248 550 4428 1263 5375 5661 8569 927 8149 4819 5463 2551 9843 4743 7260 1105 9873 470 4213 1323 2478 5810 7123 546 1045 5367 2123 4001 7013 5766 9070 1576 42 3785 8554 5833 1742 4376 9229 8563 6759 2558 6360 5143 1383 3889 6419 2576 7132 8323 1964 2713 7138 2139 3635 1075 
599 7735 106 167 6119 9603 5300 2438 4078 472 4107 6793 8338 7631 2313 6328 3305 7199 5867 2118 675 9315 4593 2318 3218 2409 8739 9209 7826 4662 1039 6117 693 7423 1351 8500 9679 2032 8441 5104 7978 9018 708 9511 102 8033 1808 8680 6084 9573 238 7972 3850 7235 4729 6362 1658 5412 1336 5766 7170 118 8466 223 2276 5434 6857 3747 9054 5962 5207 4040 2803 8347 9427 1196 2733 1238 4444 1642 6412 8771 1283 5908 7634 7347 8083 8001 5637 5270 8000 1801 6603 1405 3821 864 1384 6620 3479 7723 