5611 9185 3446 3190 3564 7655 7683 1127 7730 6250 9492 566 9788 8895 7492 6450 7755 8882 2965 8396 1714 7909 8114 1055 8021 4254 3150 1613 904 1965 6168 2654 7516 3824 4632 9158 8193 5644 2718 4140 4509 1493 147 381 8665 9456 7310 5725 84 7035 6472 5765 5664 7058 2974 5983 342 4938 7697 5205 7906 2405 3662 8253 3978 3417 1536 4064 4842 3552 7474 4782 7814 7118 216 4508 416 3988 4465 5546 1167 4920 9924 3586 803 6268 3916 4220 4332 5414 7708 1807 6938 3667 7155 482 4083 4470 16 7271 
7061 4790 1981 2731 4714 4783 746 4652 7015 1171 9253 7925 5232 1060 2170 5677 7515 8576 1986 7124 1423 8354 747 8484 1911 6818 1257 9891 6177 2401 6279 1782 326 2842 9293 9359 7869 50 4084 8445 6310 3983 7433 5082 8196 3838 726 6470 2508 6404 7981 1703 7556 8015 7931 7375 3777 7404 8769 1603 1488 7214 3835 7549 7176 7530 2259 9037 2449 6115 931 8919 8623 7335 6678 4892 1268 4609 8094 6284 5517 3688 4286 1528 7345 7442 8891 4972 8927 9952 7109 17 9745 4740 7629 1380 9435 3618 6108 6125 
3141 6326 6071 7124 1106 9975 3913 1646 4350 3210 2553 1929 403 5070 969 2801 977 7628 5086 3671 3321 1702 3587 6840 5233 5336 5520 7864 7449 140 9659 8871 3222 6980 1827 7484 2340 3807 5686 6551 7478 4605 4313 8947 1153 532 2841 942 7739 2637 3479 8451 6878 9542 5794 2460 5883 5210 2307 1416 5723 8191 7067 4403 789 7095 1808 8147 4974 4292 1406 2984 7787 4272 5345 1272 7408 3230 2216 7130 4404 3556 7076 1829 6466 4532 4424 7610 7875 7617 4204 6594 880 8886 5809 6496 7991 7515 1080 4136 
8786 4420 9666 7131 3440 6567 6786 7025 3133 6157 7770 3971 9764 3494 9238 7636 5301 4631 9971 3217 4075 77 6435 4354 7189 7958 3169 1438 8543 7847 4457 6827 8057 3879 7626 2793 438 3203 2111 7686 3846 5163 3162 1054 7629 6044 5878 8343 4137 6816 6910 4668 3372 6154 2545 95 3342 6217 1519 8289 391 826 3521 9388 1471 6292 617 2765 1810 1637 5389 3426 3683 4760 2119 6249 6898 3980 2583 6277 2018 8128 1165 4136 8473 9425 6677 2544 285 5139 1705 9336 1114 9412 7608 4124 8067 5389 9268 1466 
1852 8523 384 7514 9191 6640 2198 6592 2434 5291 1735 4582 9097 6997 5776 5939 3477 5263 8601 3349 382 8000 3801 2477 3743 2548 141 8227 9760 7600 3116 4382 4827 2213 68 4390 13 8856 2479 6805 8898 1471 5841 223 5580 9891 4055 1055 7316 8875 5993 1323 9424 2842 1386 3211 1945 6019 8494 9675 8981 9205 1898 1265 2643 138 7508 3050 367 8307 7382 5617 1366 9728 3293 2570 6706 8119 5297 6562 7671 8524 6312 1537 3716 4620 2126 5760 7704 4318 6514 3311 1041 919 3763 5667 5581 1454 3380 4050 
8238 2415 4348 8379 4411 6704 8604 426 2309 9843 3894 3775 4977 3745 1310 2198 3366 8441 2027 7163 4349 4228 7339 5866 5602 7366 4284 7812 7256 1045 9282 1332 2487 4029 9276 6591 9338 9973 9323 3673 9955 8187 4395 1726 7102 4644 3739 6452 5968 2120 8747 5905 3679 7682 1054 5594 3705 2198 1968 8549 2313 9287 5193 6234 5353 4624 2804 5916 4130 42 4878 6317 8571 3389 781 2702 9540 5437 7834 5539 4783 9487 8816 9314 9619 6945 7083 8039 3115 9136 8884 5658 1737 3525 5410 9843 1539 5762 1112 7083 
8560 9196 3983 5720 7076 9417 6828 7556 2618 7463 1324 6393 4726 1124 3454 4670 7565 2729 9805 7939 8444 3464 4788 5380 2170 3329 9958 5147 5897 222 2108 504 2681 368 8778 1936 3714 7014 2267 6102 657 4995 5557 4787 7995 3762 482 3420 5615 1805 622 7730 3724 4422 9902 7087 266 5271 7280 3157 982 281 4311 5253 5942 7307 2868 5877 3738 9087 2699 6875 1789 5913 4100 4889 4101 6986 5770 6520 3804 7769 69 9296 3396 6584 9728 6018 5012 2301 1616 7713 4830 4899 7631 5169 9019 2549 6315 3957 
3257 3577 1207 5685 7844 3823 2488 3189 3110 8903 9616 2838 4372 458 9461 8854 8218 6359 5827 7856 3805 6154 1328 8232 9712 8733 2875 6102 2985 7699 4906 8943 8978 8954 3311 7404 1763 8727 1531 2866 3830 8978 5998 7537 8755 6795 8954 7590 949 8792 4733 9314 954 5404 490 5192 6904 3628 3115 9136 8884 6563 1356 5410 1059 1539 5762 1112 6304 3116 2005 1848 2681 4158 2267 3142 7882 9902 571 6286 6289 700 6154 281 5015 4390 1333 7470 6316 4684 6825 6988 1293 1548 963 9361 3142 4295 4616 2308 
7028 8027 9913 4067 7237 2776 4695 4477 2854 226 3507 4002 7125 224 341 2317 3938 399 762 532 1046 7896 9706 1277 2086 4085 1999 8746 4718 6383 9694 1832 6915 741 4768 5516 7508 4378 6386 2241 9507 7590 46 4469 8558 9136 1222 8435 1737 2537 9093 4130 3116 7076 9417 8133 1848 6828 7463 1324 6393 4726 1123 1124 3286 6673 5152 8577 5406 3329 6354 1229 3363 6133 5829 5897 222 504 6904 2681 368 4158 7014 3496 4995 3142 5557 7176 4787 2486 8957 1402 7306 1087 4578 377 4147 6711 3816 8361 
3618 2296 2491 1510 2061 8366 7783 4367 1692 2427 4101 8363 6890 7864 3556 614 6062 2048 7217 6707 3588 3747 9904 3256 976 6740 6298 101 9803 5217 2938 9637 8327 4583 5168 4139 3437 3646 4579 5655 7739 3199 1020 5153 9134 2946 2196 9323 7008 9507 8450 7102 7979 5370 1333 9593 8819 8835 5700 9725 7737 3455 6267 8556 279 2445 2166 529 2387 9011 3275 2725 3179 5391 4230 2945 1684 3280 3165 5586 6303 4854 1898 7878 7487 1676 5425 5022 559 5322 7198 9052 7426 4826 6389 2231 3638 926 4569 4468 
212 7299 8477 3230 2113 3538 1555 6599 3484 3547 7017 5021 2211 8154 913 6669 7032 6788 847 2336 2601 8069 463 2346 8506 2549 6315 3811 5863 7844 2500 3525 1006 5148 8125 9998 4959 1205 3365 279 2162 4201 8919 7337 8030 6798 4701 9532 4109 7687 9373 9311 7626 153 6034 5196 6196 3772 4373 5003 143 8245 4900 4481 5921 3914 4169 3316 2903 6554 3425 2715 5469 5774 2320 9422 6452 5762 1805 2589 6589 7601 6791 3648 917 1669 3390 285 4407 5251 7962 7613 3469 7418 4387 1377 4485 4771 2849 1398 
964 5563 4721 49 4820 9841 7631 5250 8993 1724 6437 9759 6330 6295 1514 6728 9242 2216 9748 8791 6791 4354 8763 9827 8849 3010 2277 1704 5007 3376 2505 1849 6142 1383 1317 550 6471 8360 182 6863 6858 5425 5633 1041 4378 8797 3763 2241 9157 5581 7826 1454 8662 3152 4050 8238 7077 5641 1213 399 8604 764 2095 3806 5494 962 9517 7487 5425 367 2589 458 6672 8331 5514 3967 7199 7585 2714 3697 8319 1773 6457 6822 3637 7774 3744 3804 6476 4128 2728 542 779 5975 1981 7413 2907 3904 3454 9412 
8507 1782 5377 8506 5085 6754 4269 5392 8742 7954 2385 1638 4488 2713 4576 5866 8491 4852 2843 4460 2576 775 9355 3904 9683 3823 7987 8331 4752 7592 6903 622 1940 9282 6562 7671 1569 6312 7594 505 1089 1537 3526 2008 8049 2126 5760 6260 4917 6514 3311 5667 1899 5840 7183 3152 4926 8238 8111 399 4530 6465 537 4307 7922 7300 2090 3287 4501 9989 7175 8187 1839 3381 3643 193 1683 2479 6649 4223 1059 50 9107 392 2128 3827 5455 7427 2644 3755 387 1037 4480 3124 6951 4241 2406 6622 5590 9903 
3391 4637 1098 9355 2303 995 4375 8304 9917 8736 6391 3232 9859 2123 7830 4715 5529 3174 6438 5758 3978 6630 6465 9211 1843 2195 9450 7702 2303 4333 9483 2038 1381 9481 6406 7459 7613 6713 938 3454 7758 7351 4166 1293 2589 8255 8595 6867 1545 5248 6748 9924 8575 9221 8196 7521 7228 7008 9699 7670 1470 2932 8634 3609 8571 2444 4036 3839 2847 1466 8166 3852 9642 5112 5854 4859 5785 2810 7507 3501 7819 1431 4709 8551 9417 5869 9140 5592 850 6385 487 7943 6750 7864 5801 451 4808 5954 798 802 
5372 7210 58 9626 4281 5722 643 2986 566 570 4524 9339 8096 5918 9661 3720 1789 6938 7084 6423 9712 974 4827 1498 7724 2827 3763 665 430 9043 5576 9481 3493 2164 3087 4201 3511 6670 9372 5146 7651 4900 2064 2783 1299 7303 6184 4764 1971 6669 1937 3203 3536 8735 8170 9046 5115 6479 5375 4230 9858 9068 266 8149 4395 6548 778 6232 2864 4873 4084 7747 7840 5252 8236 1075 2162 854 664 7212 78 9416 4616 6368 3654 2854 7346 1268 532 7896 1277 7645 840 6701 7168 625 2943 6383 8193 1359 
4640 1960 2926 6631 4768 3510 7818 3788 2591 2317 5156 7297 7907 3724 9902 7087 7280 3157 4097 982 281 4311 5253 2245 6533 1575 1226 5015 9792 6449 3738 9087 6613 6305 890 1812 1356 9273 5679 744 8407 1093 8672 7251 6968 9095 5234 7719 1988 1342 4122 8301 8027 2207 5099 3764 9211 2981 9562 200 6719 4468 4680 7470 4527 7349 9094 6675 1584 4565 6499 7418 7182 9645 72 1245 6553 4828 7244 2182 9900 5081 809 909 1864 3731 5601 8680 3910 7006 2430 5162 7229 7024 7820 2991 5819 3514 3388 7730 
9244 2555 5085 8712 760 1531 1630 5675 1637 8414 5830 9610 1858 620 6532 7947 9285 2730 6284 7803 3555 6687 6669 367 8735 719 4991 327 9338 9413 1242 5617 4571 8657 2678 6294 5672 3519 3846 6258 9147 6020 9364 1901 108 481 5262 4352 5341 5912 4410 4441 4542 6444 3712 4790 8178 4987 9160 9530 3608 7343 3501 7196 6269 4253 9600 4726 7658 3409 684 870 1143 3580 6363 7441 8749 4911 6154 2134 5426 549 3283 8227 2781 9700 8257 3024 4966 4088 259 4575 5114 8432 9473 1020 2410 2191 3001 1267 
6032 3665 5078 6758 3412 7783 2941 8769 6510 5749 7099 9093 3213 939 1301 7260 956 4232 7450 5740 2687 5725 1516 9430 5128 5682 7109 1901 270 9738 6071 4778 8540 7728 9507 1095 7745 6259 6461 3931 6696 3099 1791 8179 1777 9641 6294 5609 5903 2537 8028 4387 6671 4320 8396 9528 2978 3851 7976 656 178 7713 7314 5815 906 1817 759 9900 490 1147 2326 4320 2169 3033 9521 5300 7031 7539 4881 2397 2106 5789 174 96 264 6537 1064 4009 2882 4534 4488 3606 9091 89 8547 312 398 5139 3360 1070 
1028 3125 6079 8569 2520 7737 4008 4569 8860 5394 8015 5001 9248 4243 2024 593 4112 232 8618 2564 4593 1912 5109 3596 6587 7387 7613 3359 3109 1376 7334 8474 3393 8755 6943 4863 6127 7127 4153 6969 4253 9724 9689 1583 286 3403 2181 6016 5397 5903 2872 6957 6122 8792 9476 7502 2219 1866 2827 960 6071 7218 6934 3062 1573 1049 4545 3873 7012 2869 2250 5873 5052 3730 7301 1164 578 9125 3105 7352 7650 1961 8840 2358 1976 1551 2521 8573 6306 6330 7723 4396 1795 136 5163 7179 1490 2419 8212 2041 
6188 5036 2465 8832 4286 3062 3644 884 7104 6477 5317 468 9 9486 4509 16 8597 9722 6519 1513 1301 3577 731 9468 4182 9806 7218 6840 5877 5629 5910 5096 6932 6435 6789 2543 4532 9593 5318 7474 2272 4731 5842 2278 9534 3758 5632 9919 3820 3551 1319 7184 7765 9277 1555 8985 6452 1124 1750 4120 1288 7267 6734 1386 2079 1076 5852 9082 1425 4572 4074 4527 5311 7536 7176 9049 5524 808 3462 7196 5684 680 7652 7386 7350 5963 8677 628 1708 4556 8975 8730 1558 7476 6448 9210 6374 7865 7318 2677 
8827 9473 3301 6190 5063 3133 377 8512 5777 8773 997 9443 7715 8010 4836 7989 2310 6072 9259 2101 6775 1021 7995 4692 2968 6106 6307 7745 2049 7746 4632 2894 1280 9628 819 9351 2546 9212 8940 9510 1493 8240 201 7859 5746 7874 704 6482 3290 3098 2451 8396 8323 641 4525 9834 1427 7565 1265 2359 1979 4934 5506 7384 8500 514 3945 5630 6111 5211 6738 7796 7214 154 8532 6197 8340 3871 7793 7705 1471 198 4067 8256 6086 3482 8063 9305 5337 3160 3289 5663 9061 4171 6692 7753 7058 4039 4348 9211 
7152 783 9221 2095 9555 3575 4726 8537 983 8338 7639 9864 1722 3367 7103 1369 4307 2222 4720 9314 22 9073 4929 4493 5148 1190 8236 6185 664 7212 5337 6713 3835 1188 764 6040 5712 5281 6673 317 4598 564 4157 1077 1587 3750 8012 8897 3365 2661 1884 1662 2041 176 4942 9907 5593 5228 5231 5217 6795 1420 9122 7663 6865 945 1156 962 2166 5388 9423 9022 4095 5556 4848 2493 9826 6713 6541 9184 423 286 1998 4514 9744 6228 9809 7398 2842 3562 2575 5630 6944 9556 8706 5950 2242 3962 439 281 
1587 6326 6146 7578 3545 4351 1947 9940 7377 6494 5221 7510 897 5837 2241 8554 8277 6267 3250 5986 4826 3553 1484 2473 7648 5415 6052 2148 4838 2395 1260 6544 5617 8150 8305 1173 7574 7948 9418 1746 3944 6066 9658 6827 1942 5174 6638 4896 4378 2069 6830 6972 7955 4234 8681 5274 6109 3463 3285 7149 5448 841 8690 8031 7598 8678 9733 767 4532 6278 8166 3303 2217 8383 5066 7482 6116 3185 7822 7660 7613 2991 9788 7890 733 5803 5193 6371 470 9284 3933 870 6317 1182 155 6526 6530 1108 7402 8443 
392 8725 6901 8435 4983 2981 7404 4392 4218 4354 3822 8858 4567 3800 9532 937 7780 365 8839 9051 1376 9999 4671 4107 9384 5775 8869 9381 7570 1671 3100 6576 7670 8058 4266 7790 4153 5328 1023 7690 2403 4362 6421 1765 7671 9043 3684 2000 3030 7467 6362 321 6743 8506 1652 1761 7647 3331 2374 4900 9794 3411 3732 527 8953 3193 3126 9075 8607 4320 2645 5469 7763 9471 6292 5855 4583 6755 6528 3136 3302 4833 2134 2728 3214 9700 8308 284 7040 2957 2187 3118 7464 9615 5875 6495 4803 6353 9854 6861 
2751 5709 3873 2962 7768 4936 2852 1231 1305 7100 496 3726 8255 79 3559 8595 6698 9265 4586 720 3572 2900 3579 1308 1387 5852 186 9762 3531 2559 3214 6360 8439 9168 1156 5642 8724 4521 2715 515 415 6669 8352 8469 1230 7266 5678 2956 7933 604 2474 4332 3024 2221 8024 9072 720 4821 6999 1204 2369 4074 3591 8470 9807 7299 1207 6724 3166 272 5225 8012 1044 2707 9371 7617 5611 2204 4193 6309 6817 2840 4206 167 9225 2531 6837 6391 2601 4758 5060 3768 807 5844 1532 2834 8985 768 3404 9510 
8325 9738 1059 3776 6231 9244 7914 1687 8131 8017 8801 2851 3056 525 5756 8624 7443 3174 4969 8026 6979 6183 1174 8970 7594 9449 2966 9139 627 9334 3387 9389 9568 6798 4119 1828 5364 3125 175 8161 3516 9436 7203 9213 7860 4148 8346 5387 6523 9217 9620 7697 5076 221 6255 1314 5382 5630 9644 3789 7150 6347 5085 3056 5789 1172 2253 4066 9132 4042 7410 7733 8946 6586 6700 6413 9565 7596 8071 2410 4669 9890 7849 8078 7551 4685 3343 1493 6620 2508 1270 3693 203 9338 9120 6672 7090 3669 2145 771 
2290 640 1467 2688 2709 4597 2357 5893 3560 250 2681 3228 9833 7864 2284 6386 7831 6300 8241 9867 8887 3169 6297 692 6529 7149 3435 3934 6232 1343 2316 785 5627 4020 367 6102 8685 3918 8448 8601 7679 6333 1461 4047 9633 8657 8928 526 3744 810 7069 1398 2837 4650 1965 8838 3651 4984 4275 5297 6631 6430 8875 7017 8899 5780 3900 8274 1148 3501 9401 3681 5403 8990 1198 9001 4920 2035 8556 2663 6604 609 9241 5097 8759 3428 1423 332 3657 5918 627 2957 4374 4222 3859 6263 9598 3609 5560 9724 
443 2904 6405 334 6921 3868 8945 3955 3325 966 8266 7522 5837 7186 2119 1064 2377 5565 8412 2400 979 6992 764 1649 6001 4805 7537 6800 7251 3332 6811 9516 2860 7287 7530 9744 9178 8867 8402 3004 3106 7511 8753 4283 5193 5090 3672 3549 1256 9279 3350 7489 9375 9999 4380 5916 3669 9556 5087 6510 8951 9887 7629 4882 5630 1836 439 281 2165 6146 1977 8722 3211 2720 4041 4547 465 5862 8860 9484 512 3125 5277 1345 1209 4452 3012 863 4401 9666 2043 8358 8510 8736 9148 9952 2978 267 375 9640 
9152 414 5974 6563 6361 6515 4544 1222 6049 7736 5748 1839 2648 5735 784 8240 5782 2023 5997 3405 1951 5760 3295 3212 7591 3090 2527 9245 7250 4578 299 8841 9277 3576 127 2398 7417 2610 1976 5204 3233 7786 3908 4143 8120 5903 7356 647 8398 6437 8759 5535 5751 179 4274 1887 7442 2671 3933 5424 5507 5077 1080 5603 7859 6983 2713 6985 6526 6530 2145 7402 6425 8443 8725 7831 5996 7876 9333 4682 7262 1924 9384 1473 5324 120 776 7182 179 9845 8930 9208 9728 740 3196 1007 6926 4389 5754 3994 
3698 571 6868 4493 3109 625 8781 1254 1531 8851 3830 8978 7382 5998 7829 2449 7897 2703 5609 8822 2356 2163 6344 7986 9590 3739 8684 3999 7319 7317 7413 2225 7454 3830 7560 4493 8781 1254 1531 2866 3893 9573 5998 3502 3393 8216 2766 2592 955 5728 1680 4569 3495 1680 4392 2991 7314 2043 7215 9982 5231 5217 667 1676 6898 595 4094 3594 9959 392 1499 1896 5793 1039 149 5268 3931 2480 5926 751 7194 7082 9303 8361 2824 4593 660 3428 3371 6427 7387 1010 1623 1924 597 3754 2260 294 2187 2041 
8818 6197 3835 958 6374 9688 2170 8369 9273 9765 960 7232 9003 2691 8618 4749 6632 8395 4131 6948 3106 7261 5303 4080 4511 1800 9572 1512 4893 6196 4832 720 3939 7574 6069 143 2201 349 3637 5695 1767 5968 317 1766 1038 1053 6826 9824 8277 5464 5017 7959 4899 8995 4887 2134 4857 5691 6958 7939 9621 3005 4555 5465 3514 8706 7671 81 1165 2276 8062 924 1482 6819 2991 4384 3921 7186 1246 5790 5963 3006 4024 7260 785 4707 5253 4688 7304 6831 5745 3306 4375 6465 3233 8772 9831 7211 9853 8715 
3169 7383 4298 494 4981 890 9605 8103 5122 5994 8120 964 3936 8904 5650 1382 5004 816 5502 8292 1268 6455 9595 1941 1417 3312 8828 1007 7225 1321 5661 7404 6491 2830 2214 5791 5497 7427 7197 4209 8565 8641 2875 5300 5476 8949 5865 2747 3212 5895 8452 391 8172 9613 9466 974 3544 380 3056 1133 6704 7397 7092 2 9082 3476 6171 4764 6334 4653 306 6256 4316 1388 8460 3017 995 1746 2401 8520 3467 8084 5801 6562 4266 5198 2545 3312 291 4331 5527 2067 1709 6799 9986 615 4853 4901 9816 2419 
3094 430 8840 6526 3002 5696 369 8389 3125 255 1010 1252 5336 1693 6570 364 1186 9732 4116 8207 1997 6422 8508 1122 8872 58 3781 7425 7894 5099 8240 8561 4599 4178 2604 6787 7022 1288 1098 660 2876 1714 4294 9635 7685 6776 14 1873 8561 2558 2084 895 9952 1666 8911 1950 1965 4012 8189 775 2970 8414 9901 9509 1346 1528 9775 7505 9652 310 5822 8982 3415 1280 6624 2979 1932 1755 833 8047 6629 8510 1410 1227 1529 5002 7293 8155 7922 3894 4789 3147 1955 108 2794 6964 232 3606 4734 1594 
1207 2348 655 3872 2711 8399 8785 4670 7340 8533 3583 2283 4305 5779 7749 5536 2500 4322 7750 7991 7639 2737 9342 1568 2289 3986 1459 9133 7104 3529 2460 2532 8191 3166 6764 8027 2392 4047 5847 2952 1442 7557 6442 7548 2795 4338 6097 6149 8943 6792 4169 6368 6630 1564 5017 8416 2762 6012 1912 6678 170 7117 4963 966 435 2775 9030 3778 8546 2029 1837 6997 7567 457 3860 325 4190 9964 7856 3805 3152 8414 6416 8733 1277 7645 8064 6480 6701 3694 625 2943 9729 859 268 1333 628 7714 5760 6101 
4578 299 8841 3581 3228 310 4134 119 486 3396 2735 145 3728 5976 9964 619 2605 7181 2164 8109 7407 796 2810 5373 5178 6516 8844 8171 676 21 9799 3710 7882 5657 8779 7788 7921 7289 8566 9417 7922 2105 2348 6747 4942 5976 9728 43 890 2752 9000 5170 53 524 8114 6036 7193 9382 5743 9163 3483 9142 1501 9076 5481 3670 2613 6873 1663 8941 404 1726 2931 9391 12 7367 5361 7220 5893 5022 1789 8069 8143 2545 8015 1107 2593 6006 3950 1977 2801 8131 5604 8728 9608 567 3769 6668 1677 9032 
4248 1469 903 9457 8265 482 3763 3663 9568 3492 4608 9215 2745 7355 1882 303 360 190 3290 4742 8123 6956 1873 7259 5848 7084 4105 647 9531 1603 1762 5060 2683 532 9045 7039 710 1112 2529 1770 692 3824 2877 6919 2280 9957 5108 8895 1999 5401 5401 4678 8995 4110 2662 2530 3679 2350 6593 194 67 7791 2460 3720 4364 6681 7936 467 9073 1136 9898 2851 3113 4706 4578 9977 7276 7298 5253 2769 7833 1001 5235 3292 5253 2829 1219 3817 5010 2334 4036 3323 6618 1586 4354 567 9827 9829 3220 3286 
3995 1662 3234 3026 5526 6268 5477 3184 5610 8361 7030 8275 2216 5104 4196 817 7229 9472 6817 3446 5929 5594 6415 8323 1242 4937 4286 8829 7076 4237 7979 4107 2661 2954 6596 3888 8952 9590 8344 6749 5805 7495 38 2932 9528 9769 1970 9353 7447 548 1629 5193 3848 11 3478 7734 9501 6350 9114 5530 2055 2939 6348 6049 8589 9944 9973 5646 8648 1860 7043 8634 9404 131 6526 9249 9853 3386 2990 3592 2997 5938 4974 4828 1773 9921 4735 5988 5692 7190 5785 1312 7136 4209 909 1103 4695 832 4051 4958 
9603 5649 9000 699 120 9862 7725 6983 9039 5828 1777 7593 7352 65 9253 6978 9004 1767 4795 3669 9992 790 5208 466 4582 8393 1404 1232 1819 3586 5367 3620 56 8752 6006 5725 7465 5049 4539 7099 5875 3685 9587 5511 167 2259 3754 8884 2276 5958 5759 3147 5525 6069 4910 3917 7126 6025 595 614 4094 3594 392 5416 8895 1456 6076 6183 8658 6439 2948 451 4774 5980 5166 3832 1281 8718 847 9987 2843 9068 3561 487 721 8006 7625 9583 3879 6641 6679 7144 7855 8403 6390 1540 759 7044 8850 7915 
7684 9692 120 5337 5119 7667 5577 2273 7575 7315 5689 256 8862 6159 5980 8152 3469 4485 4771 3791 2586 2290 1355 964 49 1400 8982 2690 6344 4519 9499 116 7389 9197 270 6111 2157 764 6185 2367 2045 2689 4822 5794 4290 401 3984 1043 1413 6833 6190 6836 1668 5550 9165 5940 7842 5709 3749 1137 1802 562 2621 6971 1811 986 430 1686 1992 9613 6548 8735 4594 9821 5749 9338 6872 1242 7710 609 2857 9938 6294 7517 9964 4535 6325 687 1568 2257 8048 6498 8128 9806 8787 8152 3029 6773 9352 9548 
4169 3767 7969 5064 3041 2561 2890 9663 7755 3493 8202 1243 8764 3959 7677 5378 4610 4266 5014 8817 4119 7281 8206 5379 9451 4620 6727 4268 1351 2669 7008 8708 4746 6262 9542 101 6167 530 2112 3592 9012 4453 9957 793 6718 6204 5216 2351 7917 3064 5954 8847 1831 5428 4908 7546 9434 149 1045 1313 6189 7391 4131 4969 8802 3652 925 8079 3420 8845 5087 8273 9182 8756 5624 8979 1981 4991 9223 3201 7991 7827 7263 6583 6838 4276 9553 9941 6614 2583 1032 3324 6478 3933 3341 8296 9236 7210 1910 6726 
4926 1289 4085 6384 3659 324 1195 2721 1383 1751 9380 1263 9635 8524 8577 8935 8382 4685 3091 4416 1763 678 472 2467 5913 4889 4101 8689 6106 6986 8177 4752 5770 4225 2175 5909 5777 9305 3581 6828 7819 3289 6776 5663 4097 2914 4467 4568 8093 5088 5362 9191 3302 7890 6982 455 754 5533 349 7809 8195 8894 1611 2816 8413 3494 535 5457 260 7584 1303 8013 2317 730 9237 155 8896 9156 9837 6843 9054 5954 5220 6144 2057 7476 1833 1064 8270 7426 6341 9022 4160 7807 5527 5817 8863 7408 4197 7302 
4153 5507 8414 9400 2728 3618 296 5624 7493 2577 9710 3620 3519 9767 1626 3718 3561 3384 2518 5640 7144 8413 1934 861 8421 1979 3996 7800 459 7668 1858 211 3347 6890 258 8545 4740 1106 1669 8218 6282 2513 4458 9245 4830 473 2411 7308 699 3290 6393 2190 5792 4220 6615 9165 4475 7650 636 7687 8014 2875 5189 9788 360 5391 4375 6019 8844 2791 7469 5826 7368 1833 4701 2193 3937 1294 9489 1348 313 427 2987 6057 7812 9657 4108 6861 875 1151 2946 9973 8862 3673 5997 5780 8450 8954 2588 4644 
9960 5968 4469 2767 5503 5594 4234 1968 2313 5169 3570 1345 4130 42 2931 3389 781 2702 8055 6413 5137 1119 2644 2514 3931 8136 1121 455 3971 7102 1759 7842 4065 2328 7546 3188 7507 8695 1216 8689 3780 555 2905 3915 1246 8514 8099 3815 3602 7247 857 3799 4407 9250 7349 8205 4362 1765 3434 1163 2320 9043 7028 2000 7467 9398 1163 4213 7647 4729 975 1761 4900 6901 9615 4987 6680 4934 6238 8915 3063 4725 1875 8681 5139 8029 6375 115 6295 4267 3604 7882 8538 9537 6233 8958 8440 4293 242 8808 
7455 3689 5253 5080 667 2355 1908 3899 3585 3937 8124 6640 5625 4962 9486 1162 808 7793 6490 7853 2234 8764 6970 8597 1375 9397 3333 6700 6071 2092 8301 3450 7260 6915 8519 5610 679 1449 3525 8537 1264 5148 1382 1190 8236 5671 1551 6185 279 1543 854 7212 7337 6719 3064 4269 1395 8858 3705 3490 6592 242 782 2883 6309 5506 897 2979 2091 4370 3352 6116 6008 3504 9010 690 2911 6086 1584 434 8399 1917 5678 2729 1002 9420 6206 7081 5924 5373 6568 8485 2506 5931 7097 5305 6258 3141 8913 8690 
4614 3986 4901 6384 7899 8360 3920 5417 10 5017 3249 5456 4748 6929 6770 6712 4688 8758 914 1902 3369 9236 614 9419 5547 8477 2845 8393 9077 9009 7383 7587 2869 700 9850 8272 3730 904 3270 6701 2015 8281 4559 3571 4180 8857 9135 3059 1485 8292 6450 8200 1444 3193 9162 9674 9529 7396 8454 6082 2000 5265 500 3398 87 1681 5793 6018 101 2544 2158 800 5488 247 9841 4020 3205 8172 7532 3435 5217 4782 9603 7441 8502 3283 851 718 1866 5910 7045 9728 9739 2135 1770 2813 4304 2868 1087 1279 
906 5198 4614 3248 9180 3518 966 733 3162 719 9203 689 505 2693 9663 1889 3800 9908 8548 7961 3964 9690 4500 1385 9033 1866 6477 3004 2504 4650 8351 1445 4254 5687 6374 2000 6685 6939 6659 3074 4354 7918 5024 606 2010 4702 7105 8666 651 720 7269 8828 3532 8295 3195 6372 9341 1476 8097 6262 6915 4728 8764 6175 1146 8549 2973 4527 4199 3522 1959 6688 9281 948 4869 7039 624 9634 5941 521 9693 6548 2013 5818 7758 8099 106 7390 3647 2029 8840 3629 7999 2557 3481 9794 6558 5322 7831 745 
5896 776 1813 1135 8895 6328 2921 4522 6091 1213 3486 4413 7310 9398 8477 4591 38 9547 4022 7962 1795 5323 5340 4263 5071 5613 5661 4410 7298 4499 4073 9785 8690 4665 8441 406 3434 2956 8246 8778 249 2308 4809 4571 3908 2770 3549 8221 7404 7684 5066 8732 5508 3235 8799 8885 5075 2907 9644 9676 6550 162 2208 661 3254 2851 6893 0 7610 6626 8900 4649 7068 4780 1138 9241 1337 1914 5107 8953 2190 3066 1569 8940 1615 3261 54 835 3800 1722 1550 1106 3320 8486 2496 2786 3067 8104 7333 8883 
9508 2972 3384 1626 9068 424 230 2834 2606 7863 7280 830 9993 8523 3491 2249 5953 888 2438 469 265 6846 6129 6532 6770 2681 8075 6005 3101 6307 4309 3866 2076 2532 6994 1506 712 466 5589 5157 7851 2172 7428 217 8155 3554 5182 2921 6529 1346 3180 1095 2383 1442 5350 6013 1838 7870 5718 3450 8781 2904 6733 1972 8277 3316 6927 8458 6393 7163 2351 1476 5799 7763 4313 9237 4458 5024 132 6288 4357 5117 461 3954 1727 5524 6965 2883 3197 1252 3947 8711 8759 3279 1866 4687 8890 2977 4864 1040 
8346 4594 6598 6790 6623 8967 2093 1847 6920 8117 6283 297 9155 1752 540 2938 5200 7081 2262 6019 3438 6836 761 1994 5573 4153 7898 3951 1055 5261 1973 8112 3244 791 2690 3681 5771 2061 5662 9832 2943 7936 5492 5647 5430 458 3792 8846 2070 4714 7181 8191 7508 241 1508 4735 8018 6144 2956 6090 9923 2575 721 4448 2770 6154 3534 6000 3675 6439 3156 2764 1059 6435 8971 5643 290 2550 3465 5324 8484 9228 2506 1401 4729 8590 590 6649 9651 9533 8389 5574 1644 6086 1506 6347 5160 4748 2543 8090 
4258 3391 8046 2784 2294 3708 6151 9553 1065 3066 4172 8570 5875 5925 4669 2999 193 4678 9723 8566 5448 8580 2993 5449 9800 6171 9797 1795 7607 6706 6453 4544 2243 1566 8040 3566 6090 1210 8986 5140 183 7813 3573 9870 6834 5135 5823 1577 2734 6115 1621 5010 1683 1744 8077 1035 3182 6483 72 8502 3647 8209 9988 1698 955 718 3431 7219 1735 9560 1241 1617 5946 6327 4421 1752 6553 5034 6066 3471 2821 8982 2012 6691 4570 8478 8560 2788 9696 8697 4708 5630 1482 7339 7771 4340 2136 2043 2047 4738 
9973 1028 9921 895 2836 2058 1841 4187 2997 372 7282 8840 8857 7620 7999 2557 7831 5896 8066 2450 5394 7578 8162 8756 8149 5240 5285 7181 9698 3799 6754 7158 3358 16 6501 9606 1690 7619 4534 9792 4205 601 342 8978 9256 1583 2164 1641 2694 23 7052 3800 3296 2144 2159 7161 5414 4221 4671 6617 9910 2453 1337 6539 9597 6643 4524 8422 5466 8427 4898 1582 603 8027 8122 5567 7399 8787 4814 8397 7021 3527 8699 991 4234 3127 1995 9714 2011 4583 6186 9929 8217 7365 9358 3541 681 1304 8310 1069 