8361 6583 8368 8211 3791 3007 2124 9497 902 951 373 431 6979 3808 5912 7782 9068 3501 7433 4785 8878 3303 8488 3673 8384 6721 2831 219 2314 639 5694 7091 9869 1441 1064 91 6216 8335 5289 8125 5053 2383 7199 9151 7686 8905 7466 586 6355 7057 3483 6699 8678 6160 8359 6040 9204 4843 9076 2020 5860 8056 1870 2602 7050 303 9427 5010 9946 4145 4556 3403 2432 5931 7293 3791 461 5940 1345 4630 9647 951 2452 663 852 7867 8215 3152 2101 5345 7650 9788 6501 6957 921 7101 253 952 3501 5198 
8878 3303 8488 6413 5075 8384 8053 2935 4335 2831 6645 4173 9097 5618 639 5694 8247 1441 91 2183 1366 3239 1911 576 2336 4306 7931 7353 4816 6242 7042 9498 939 9104 4537 840 7549 5311 4113 4150 4658 9336 9515 7199 8303 7836 6855 2223 3108 546 6208 7798 4228 2429 5138 4387 8689 7012 5587 9566 4486 8243 7127 4223 6907 8695 4809 5859 701 8322 1319 8008 8079 6998 6162 4224 1278 1545 8833 9525 3577 3804 1539 5713 4210 8636 5529 5281 8848 3672 4427 3203 5810 1384 5336 1196 9883 9183 6567 905 
9051 3479 1556 9655 7785 6632 5406 6594 8735 7201 6954 6757 5819 7965 5873 9750 9333 4260 7884 2971 4588 9090 8067 8958 3191 4872 3274 4862 568 3698 2680 6818 8706 9006 4629 9433 8280 6583 8633 3883 5141 676 7479 9704 4255 3176 9329 60 7883 6718 2995 6306 5227 7009 7001 597 366 4096 5158 3403 749 913 4466 7211 9026 2724 3539 4479 3182 1022 1620 7830 1464 9784 2206 9352 3862 3198 299 9230 1033 1828 2497 1612 2588 6130 5104 4750 5933 2214 1037 5638 5995 8475 2029 4545 2247 1821 6762 5945 
4923 9647 8892 3719 8997 5957 5984 6838 2049 6283 3946 1926 8046 8837 8415 3030 3659 8477 1095 3563 5179 5335 5633 7743 4415 3543 2833 683 7319 4117 5096 6616 719 8615 9580 2406 440 2595 1854 2974 1096 4030 5572 9209 5762 8502 7314 6884 127 3774 606 8967 6699 6160 6040 9915 8684 763 8967 6355 3483 8678 8359 7985 7466 8967 586 6160 3705 3644 5860 8056 4617 8366 7050 9252 9427 9946 3 6194 6355 8678 6040 9204 4843 5860 4617 3365 8105 8925 775 7985 9915 586 6699 6160 6040 7493 3791 461 
1345 9647 6932 663 7867 8215 3152 2284 2101 5345 9587 6841 4953 1793 2224 6501 921 7101 1400 2620 1883 8488 6413 5075 7447 4025 8991 431 4173 9097 5618 639 5694 7091 9869 1441 1064 91 1366 357 22 2436 6025 4306 7931 7353 4816 6242 7042 9498 939 7061 7549 5311 4150 5809 2383 2061 5116 1985 1398 6855 2223 3108 546 7312 6208 2830 7798 7313 2429 5138 2974 829 5587 9566 4700 9687 7663 2442 4223 8695 4809 5859 701 9662 5923 4636 8008 8846 3720 6038 3930 3743 7384 7419 921 4224 543 1278 
1545 8833 9525 7225 9657 8775 3804 5773 1539 5713 4210 5529 6106 2905 7795 3672 9682 5810 1384 5594 3973 3077 3785 2573 890 1831 8201 9753 9650 3479 6259 5523 8362 2124 9655 1693 7785 4020 5816 4777 755 6757 5819 5391 9666 7712 3887 2068 4739 7206 4588 2248 3272 1184 9210 8500 2607 3698 2680 7775 105 2304 7054 326 3440 9080 7792 7709 1313 4480 9433 3560 4473 6583 3638 7995 316 9941 5932 6759 1970 5141 903 2850 9910 8341 7479 742 9704 3264 4255 3176 7063 3721 60 8706 1985 9151 6855 3108 
2209 1425 2830 2167 7313 6801 5138 5587 6688 9687 7663 1799 580 4223 2913 267 1319 8392 132 3720 6162 8154 6080 8580 6780 676 742 3176 9329 7063 60 8706 7883 6718 6106 7009 7001 832 4621 840 913 7211 2724 3539 4479 1022 7830 9784 2191 7890 3862 5841 1261 1855 9932 17 7202 5226 4750 4300 2514 9245 8475 2967 3397 4545 1821 6762 502 7882 2257 4821 8892 893 479 9846 9240 6426 652 1694 2903 8805 2821 8664 686 4845 6750 1587 3159 2851 2133 459 5616 5012 8802 7359 3210 830 7925 4982 
8563 1360 611 5955 5092 4056 4959 5287 2844 3104 4146 6932 6066 9220 7636 1088 727 8259 4668 2773 8016 5040 97 3293 7376 78 2643 8215 9231 8843 7906 1820 4872 3669 6457 3847 9895 3368 1583 7558 5652 2966 7966 3265 7705 9711 9430 3380 4537 1727 3698 4250 2171 6052 3121 5614 6121 3616 7674 6382 9658 7117 1669 666 3957 8491 1908 8596 1505 2853 2556 3156 1649 708 475 7758 513 1734 3982 2063 3405 6933 2060 6627 6460 5918 6950 5314 7407 9042 4697 4176 5022 9004 6293 5725 8695 3124 7752 5786 
6715 8501 4750 6153 3097 6681 8570 9978 4389 8352 3336 2350 3510 5134 671 892 6347 9915 763 6355 6699 7985 8684 763 586 7057 8359 9204 8682 1909 7590 8366 9252 1959 3786 8105 4145 8925 4846 4556 6465 1083 3012 6414 7493 6316 4630 8684 7057 6699 8359 9204 9076 5860 8056 4617 8366 1785 3365 6017 1959 3786 8105 9721 3 6194 5270 6583 8368 3403 2432 5931 8684 8967 775 9915 763 8967 6355 3483 8678 8359 3705 2049 7258 8684 586 3483 8359 3705 4843 9076 5860 4843 9076 2020 5860 8056 4617 8366 
775 7985 9915 8684 2416 4860 3209 7818 5455 5467 790 472 5792 652 1694 2903 86 1974 8664 5973 168 9633 2851 2133 4966 9846 696 1097 3158 3949 3418 325 81 1857 4701 9373 1482 689 8202 3164 3153 576 1534 6016 3808 1221 6918 987 7373 125 9866 5758 4604 1533 7428 5789 7709 5668 5369 3201 4461 3952 6700 2552 7300 8561 46 1507 5230 10 8756 8617 532 6101 3304 6566 5371 1884 5471 1028 148 2886 2710 3012 6374 1569 9520 353 7841 3015 662 5810 8536 6084 2458 534 7835 825 4118 1306 
940 83 6725 9098 5049 3980 6297 4444 5039 2821 6088 5953 2806 2245 9051 9332 7041 979 7386 8050 3831 3337 282 359 8491 7001 5519 6343 7287 5229 555 4302 9891 937 3760 1673 408 2140 984 699 5360 1365 4752 2198 7045 8832 8961 5058 9842 6208 1841 3436 4683 9570 9330 400 7294 3171 7353 3826 1248 6127 3246 6873 4611 5776 654 5165 7992 3222 9737 4845 8208 2999 587 4876 9098 6316 7722 5348 8590 3518 4690 9277 4608 9524 9484 40 8831 2360 5036 1065 413 8070 5062 7680 1766 9627 1849 8768 
5661 7624 6221 9762 9669 7037 1852 7603 5377 8357 5900 2545 6570 1378 8661 598 4985 8784 4201 9575 6094 4564 3703 5391 927 4969 5339 388 545 8158 1431 8166 6062 1111 4238 4872 2919 8155 9606 5482 7680 7977 7921 652 9723 7058 7296 7456 667 7096 2869 2638 9140 5047 7611 441 9912 892 5879 8869 5933 6177 6790 9783 5023 6715 6841 2495 363 1780 6304 2133 3400 5002 7790 8893 4775 7097 7430 6174 1501 775 8684 763 7466 8967 6355 3483 8678 8359 3705 2049 7258 3644 8682 1870 8056 7050 7466 9076 
8682 1909 4617 8366 5683 6866 6282 8402 4328 6051 2954 6924 3994 923 4020 3014 308 775 1589 3489 6645 6477 8471 5860 254 7504 2121 6868 9093 7912 1689 6812 3217 9076 6958 6559 5165 6869 1651 9206 5315 6720 2546 5795 5289 4661 9871 1725 765 1172 2455 5592 6225 9792 5164 7481 8763 1594 7957 3942 921 9910 8597 9202 1664 7924 9173 4563 4579 1187 7747 2962 5011 5732 5227 8522 8572 6853 3719 6584 4407 5338 4759 9887 9986 4761 5961 6086 762 2219 5500 9090 7231 2851 2131 2900 2010 4004 269 8516 
7383 2704 2023 8673 8262 2094 4213 4631 2597 3550 4299 33 5072 6356 7295 6538 3304 8948 2716 6736 8698 9218 1216 1887 5208 2713 2439 4948 9729 5283 5597 5140 4529 8192 1532 6464 6422 383 2271 4227 5527 4221 9873 9504 7009 5157 1911 9482 7119 2756 7493 8700 2018 2397 2841 2319 7235 2758 4320 3047 7230 5401 6387 5087 9705 1826 928 5277 553 3431 7279 3678 8333 9100 4541 8925 768 5653 9838 8781 2400 1326 5549 7189 7541 6863 4789 8528 8263 8193 4791 6197 8514 5353 3324 7784 4732 7497 6352 2692 
9905 2483 3292 5410 6138 787 2348 2195 862 2567 198 2781 6502 9038 7999 2330 9791 6075 8839 1521 1385 406 8654 2531 1309 6920 931 2310 5312 8417 7342 5672 4746 5869 5571 8415 7298 2683 8926 9918 9794 4540 2765 775 3232 7127 3824 7443 5439 1969 9923 5437 8429 6982 5301 8937 928 2884 4487 7397 729 5202 6324 4805 8543 3789 1971 1161 7296 9169 7293 2499 9074 4002 8268 1470 6705 1917 4547 7580 6444 1083 7865 9533 2432 9809 4430 7990 663 3826 3860 4596 255 6880 17 8851 1624 8687 1030 6682 
7281 8063 7590 4605 9530 9201 6138 7324 4969 4040 7665 9345 2704 6811 8532 5223 8723 3793 3758 3984 7578 9307 175 1738 463 8215 3438 2161 4042 4880 8512 4454 8328 8971 5191 6492 6846 1965 6007 229 8741 7283 1410 7645 9739 4824 3819 4839 6804 9163 9451 1578 5465 5432 8886 2802 8809 4265 6638 7829 5218 2716 7826 5758 7319 3107 5770 1340 8314 3431 2829 9615 413 5922 7258 3609 6378 3068 5287 8636 3492 1415 8806 3444 3591 5058 2288 8225 4408 5409 3710 18 447 3297 9974 312 9200 9326 1154 3259 
8036 8849 6131 4603 8995 3715 5993 1371 5927 2101 1 5360 4389 520 4234 5310 6142 7669 9740 2691 2722 8187 2574 4004 9416 3123 2191 4649 3651 3813 742 374 7186 4747 6769 8234 4876 2143 7722 6053 5319 2083 3376 1392 9065 9541 8440 4393 4888 1129 7300 6684 9757 766 1802 2099 2490 8131 8696 6791 6070 2112 3036 6889 5431 306 1419 7885 5246 4362 3065 6208 1333 6249 8033 7890 2525 9393 7342 1763 8133 1270 7091 7235 7433 14 3711 2414 1746 3004 8780 8844 6189 7025 3654 9674 418 7256 7526 3416 
7933 4694 3144 6853 8237 1008 4494 4931 8092 4184 205 6332 8269 878 5039 4486 8456 621 399 1491 3660 16 4966 6513 6012 1089 601 6389 7079 5095 7672 3188 9762 387 9745 2446 5008 6855 8790 5403 3067 8299 5160 9010 8548 9297 8616 6983 1167 2693 921 3768 2072 1689 2994 8172 3920 9099 9958 5676 6485 3170 3935 6616 2682 6847 8850 9498 620 4678 2219 748 505 834 1335 9200 3207 4072 4416 1184 6716 7172 4289 4159 2823 5126 8062 8010 3699 2211 2948 2310 7399 2012 7564 6301 1539 1359 787 4057 
5914 5566 1867 3420 1499 3184 7291 2784 773 5921 6919 8851 8978 7382 8510 7421 8434 3502 7537 1960 8755 8216 2592 955 3830 8978 7382 8510 7421 4493 4802 8781 2650 7933 1531 8851 2866 3830 7334 8978 3996 2848 4295 2081 2796 4801 6094 2021 135 2414 3061 6981 9914 2785 40 8450 8398 6079 1882 6774 1101 5166 5273 8096 3852 2208 5631 6772 7370 8913 2463 7615 3003 6571 2118 3974 1666 3110 1945 1988 3720 7600 7607 2606 9244 2539 739 6964 916 8067 5913 6491 6910 9885 7668 9422 5268 4582 1091 6326 
900 9067 4798 2209 5471 5732 9444 5698 3783 6069 8117 3768 4668 4626 4494 6116 1303 5875 154 6676 5971 3695 108 3295 4389 4681 3648 8343 6091 9231 3320 3211 5337 5660 4387 3439 2898 6606 3943 4513 9021 8032 1431 2897 9882 409 2496 2717 537 111 9843 3173 9930 1390 5721 9381 6693 5853 4940 4705 270 785 267 6587 7387 2991 7949 3478 1038 6616 5906 8115 183 358 3349 7652 3127 4503 2253 7706 3358 4413 4169 6067 9461 1284 3967 6832 8720 3851 4635 9 525 4963 3119 1773 1343 9186 804 2378 
3744 1199 576 9555 1713 542 3656 551 7353 2620 7319 3251 4980 8112 9756 7413 7989 7454 2117 6534 232 784 8618 6637 9358 3768 6388 852 8006 8141 7838 4110 5242 4119 2815 1251 3278 1783 1158 15 9368 1497 844 5858 3878 1030 7721 7976 8685 2744 4242 3764 1240 8348 5713 1821 2157 7746 4632 9153 6332 9628 1854 2185 293 9808 7779 3841 1956 6525 9865 6872 5291 4372 5607 3113 3658 9480 7757 3586 4746 6262 9371 5553 5374 101 9057 2306 516 2112 6858 1074 3036 9318 2051 8609 4453 4431 7551 7845 
2984 2857 5589 4222 4039 6266 9351 2498 840 7309 3280 625 2943 6383 6915 4768 7358 885 127 859 260 268 3753 628 8471 323 4630 9398 5098 2317 4779 5893 6430 3408 5006 4431 9402 4399 6062 7515 6511 5180 5738 7983 6672 2306 5373 6436 6516 8496 8844 9592 9627 2210 9046 4278 9102 2494 5774 7439 5762 9533 9658 3705 2526 7551 3885 4984 3760 4285 2251 6796 9148 4678 7143 6977 7838 1461 8951 4361 5370 7585 3369 2364 6258 8835 5700 3455 4608 8556 279 498 7664 5728 8759 5525 681 5260 7188 2896 
8779 3023 4602 8326 1292 190 6456 7137 1058 9184 8311 8167 1690 8474 9947 5433 8644 5365 3926 4877 7789 7671 9701 8783 337 4656 377 1548 4238 3232 4704 1210 2131 4712 6920 182 7921 5750 5319 8035 6156 4652 4341 1124 2666 6238 1750 3391 7267 207 1092 4859 8756 9339 9177 5869 2673 941 2115 2049 3411 8208 6081 8370 1890 2694 2031 4509 6914 6130 4709 9177 8551 1978 5869 2673 9140 3606 850 3508 253 8308 5893 4343 5845 466 791 1419 5972 9578 850 12 8308 4130 2931 3730 116 8558 1867 9540 
9788 6607 7770 9073 5475 1929 6830 9099 2746 9916 2072 826 3775 6413 9721 148 3817 655 6700 4057 1598 6933 6556 5122 2300 8156 6777 6221 6339 9481 9725 1455 2522 4823 3374 6140 244 9588 739 9192 8393 9653 4552 8765 1288 6808 9598 5953 392 8393 8583 5424 7311 7583 9036 4714 2707 7973 5708 4324 9269 3151 8998 4492 4452 4570 2940 5983 6338 1490 1578 9468 4792 5879 5211 6405 9467 7773 2504 7695 8042 6472 8407 8672 1429 4469 4219 844 9700 691 2773 9564 6497 6745 936 2271 4503 8721 8148 4054 
8060 8751 9061 8625 3249 6346 2582 8451 9764 5108 6378 5060 8977 5192 5875 9432 3330 4698 6080 2455 572 9023 5339 5401 2450 4678 6226 8374 1042 4555 7950 4868 2008 9592 1292 5849 1942 2539 6055 1733 4026 9628 7614 655 2136 820 4406 5095 8770 3201 510 7300 8262 1597 5956 6649 6673 9001 7869 9058 3069 564 5686 7299 7047 2328 6805 3660 9604 8119 8549 3324 2423 9321 1935 4871 2051 6456 4018 3112 4431 7845 9957 9292 3167 4385 6290 8879 9576 5380 2892 9409 8237 8323 1349 5253 407 151 2769 5670 
3064 3902 1862 9296 549 8821 7814 7621 4832 9767 100 1518 3780 2341 6489 8585 1492 242 4038 7489 5176 6936 976 3072 8525 7348 1050 6350 7671 8019 3082 3195 5203 46 2489 9837 9344 7742 3335 7857 7404 2370 8523 4857 2395 1544 3409 4285 2803 5393 92 9453 554 9500 3021 4791 4365 4843 6736 9838 2625 7421 4386 2427 1689 909 5611 1694 4904 7667 2210 3945 871 7018 9848 1445 3219 8116 1452 4227 3666 5950 3295 1095 2571 1295 2802 4774 5126 4463 6503 7049 5303 5328 1083 1902 1205 1475 5671 7018 
7217 4428 6903 6616 7933 4056 4346 9652 3687 7890 733 7442 2723 9284 5077 3279 6983 6985 9708 8383 2162 1108 8443 392 24 4814 6901 9333 7262 472 778 4031 120 776 4993 3158 7542 2067 5393 582 2218 43 180 890 8018 5170 524 7080 4787 6304 7318 3662 9782 2068 4055 9517 588 2375 469 953 152 1377 9476 4220 1828 5603 4946 6617 1228 1145 4742 4335 351 8068 8780 7975 8589 397 6689 6697 6106 4405 7868 1242 3479 9897 2990 9236 8113 2416 6681 6723 3370 2398 7717 8977 5234 2509 7358 7533 
9919 3290 4827 726 5638 4154 6492 8073 1346 1229 3019 1528 7953 1695 1263 9501 1849 5180 5560 1580 7102 9862 2838 63 4542 4330 8474 3654 5858 2320 9422 8969 2031 3068 7413 814 6897 9725 945 7039 8310 3441 2861 2815 4083 5384 3074 1655 6199 8260 3706 2894 9029 7436 490 3541 3734 9706 676 8956 9701 6211 4088 621 4033 4774 595 7188 3737 766 9344 9045 1988 4551 680 9037 7653 4946 2378 1457 2477 648 9085 7295 8087 3137 5671 1404 3093 1335 9123 17 8797 2178 9522 1446 7883 353 4457 4284 
9088 312 2442 8979 8401 2136 9702 7865 1392 2707 5175 4463 5611 6885 8195 1329 9940 9882 9324 2682 8934 2221 480 6003 4899 4262 5321 6234 5116 3311 9768 2072 3538 2398 6650 344 1272 3048 4198 797 885 9989 7392 9640 7997 8341 8039 5262 9755 7764 786 8056 7885 5340 4560 3170 8294 7724 7713 4860 5470 5558 9086 3247 2816 9665 2658 8646 7748 1092 8396 307 5620 4957 854 8988 8360 510 3702 705 3446 6622 196 9149 7478 1355 4023 9716 5114 4304 9487 7183 1108 8511 3786 8856 8115 6610 320 1222 
5658 1737 5410 1059 5762 1112 7083 9740 9196 1792 3116 2005 8133 6828 2590 6393 4726 1124 6673 656 5152 682 9805 7939 5406 8444 4788 2205 3363 1645 4506 9841 3421 2649 5818 3272 9754 7897 3614 2679 2810 9173 7432 3660 7866 4067 3332 5101 8071 3296 7284 1284 8964 6397 9932 2327 3131 1199 4339 5653 4037 6602 9930 8857 997 5022 4646 7644 9692 5477 5685 6656 1494 3905 2980 727 7693 2849 132 2783 1683 5790 3699 5693 7875 9726 5033 88 9371 7400 2581 9955 2232 2244 1664 397 2280 491 7861 3363 
9454 324 4525 1869 9735 983 9683 6925 3823 4295 8331 4752 6854 8853 260 708 6183 3753 8471 323 9398 6252 5100 5098 5228 4779 6127 2339 6407 8583 6532 5299 4478 6687 2308 9744 2889 6231 544 3247 2214 8426 2276 22 2974 8740 1892 2904 5225 9787 4566 1289 9960 8201 1908 9554 6602 6175 9873 8429 4575 6390 1765 4703 7890 4253 4996 9492 6926 401 5405 1504 5303 2247 5475 9028 9728 6250 9335 1445 5180 4991 700 4356 6337 4975 8896 4642 8662 3260 7554 1369 6416 8712 3809 5854 8012 4253 2997 9702 
5501 8202 2848 9433 773 4585 7951 4585 1673 4398 4265 2399 9447 231 9458 768 2701 6399 7337 8852 34 6960 698 9357 3065 5007 8408 1878 1359 9935 8582 9122 2398 2801 6109 6018 632 5666 6216 249 8831 9768 6655 2867 864 3326 7440 3575 8489 1057 3869 7049 6914 3788 2429 1219 7479 8050 2516 8310 7551 9063 2796 5293 2478 7477 150 3126 1218 9654 5731 9182 3518 8225 4286 1051 2063 1398 9192 882 1662 3585 4202 426 2586 9761 5562 743 1600 1658 9503 5468 8594 9692 7807 3704 2431 3098 6097 6835 
647 2000 7157 780 5981 1437 1560 6227 5021 2822 8468 1402 2037 3388 5733 9867 6000 453 6993 1145 4742 4335 8824 351 8068 2872 865 6697 5060 2218 5363 6684 5544 9590 2539 4577 2765 2187 643 2324 2415 4879 243 3977 5936 7172 3638 4676 6006 4349 222 4958 9598 5313 3083 5882 2367 7983 5036 6876 8522 4410 6382 3536 8674 1990 7050 1007 7449 9406 6885 9403 2699 528 3391 2730 9108 6859 3288 5991 2876 8809 9635 14 6008 5072 2084 4901 1031 4627 5566 9783 3420 8380 9100 1979 4934 2713 9476 6588 
2680 3526 6111 7570 154 8654 2305 7586 6071 8340 2654 7334 3502 2766 6877 5728 6316 5072 911 2420 121 3647 2591 1293 377 8964 963 465 6371 3635 4983 4857 1764 1082 5226 3822 8858 8895 2878 4739 4572 7636 5219 4761 6719 2514 8831 3924 8993 1724 8056 1176 5346 9262 6540 4802 178 2561 6194 9737 168 9399 1170 9208 9097 1282 1566 3210 5796 2172 4709 7256 681 7591 6800 9118 5777 1323 4743 3627 4905 7188 6771 5725 6883 7239 9912 6311 1527 5678 4072 764 1781 6787 379 3193 4565 5551 6092 8714 
3203 5920 4156 9317 2816 1807 8477 6264 2222 9533 8336 4359 695 3051 4365 9989 3211 9658 6945 6649 4684 6673 6236 8112 7454 2117 232 3896 5610 5101 943 6183 8141 7831 8063 4718 5003 6607 7372 5262 3637 8961 4269 8056 334 9989 8187 1839 6441 1534 3354 9652 3279 8363 4664 9054 1359 4640 3955 336 5428 8470 8516 8196 5364 7501 8431 6642 7806 9613 8277 8651 6114 5783 5853 9650 194 101 391 7881 3207 4525 7569 8415 1517 4925 112 1866 9684 5569 6304 7152 8428 7438 6008 9967 3660 5724 6350 1315 
3188 530 2512 6016 3 5354 5272 9923 106 7384 6916 8778 1491 5545 6037 258 751 8029 6617 8880 7348 615 3623 6990 937 2493 7457 9846 6457 3054 2847 4919 4031 7220 3310 6652 4368 8564 4612 670 7767 4491 8164 9936 8374 4059 707 3179 6542 8123 5300 3811 2263 2610 2218 4181 7867 6532 1886 3577 5050 113 728 8326 1257 5931 3920 4672 4993 1707 7064 2629 7679 5794 9972 8298 8928 7071 3475 9969 5714 7986 9843 7325 627 9232 9038 4300 9329 5747 4051 7783 6625 5930 4367 1692 4101 3753 2618 1214 
614 1611 2048 4998 3802 7217 6707 5718 3588 2572 2338 8428 976 4615 7065 9108 8327 2509 7840 6331 2111 110 4424 3848 6366 7890 3231 8669 537 7161 8282 8797 3453 4499 9458 4002 8498 7077 399 4530 6465 537 426 111 9843 3173 6739 4977 1310 2171 2162 9381 6693 2198 967 9302 4757 7366 2686 8508 2573 618 5232 2308 3365 6424 4848 5273 8400 7812 7256 775 7690 4172 447 8250 5352 8659 6086 4143 6023 3365 7671 7179 5560 1580 7102 9862 9616 2838 63 4372 4542 7045 9383 3109 4330 2339 4714 4432 
2494 3317 5774 8862 3886 987 2625 4904 6067 8860 92 6271 551 7303 3813 9553 8452 1507 5631 3786 3218 2388 2936 9637 7148 3751 5259 7484 609 2751 2104 7996 4848 1059 4879 976 3905 593 2470 2827 1202 7404 5148 5565 3063 3985 4952 3009 8189 2090 663 9198 9868 2262 6872 6192 2354 8223 1498 3672 2045 6587 620 8660 9082 2611 6729 8252 5599 2186 4226 3483 1681 8055 8243 1638 345 7050 7154 4655 9857 7668 3741 8099 7859 2339 6113 2659 2968 2782 3861 3840 5275 7614 5959 7812 5645 2580 7213 9853 
3261 7682 6849 5495 9769 4895 1501 950 6241 8277 3942 1460 936 9832 1218 8266 6581 6382 7841 4794 9808 1303 6549 7106 6238 6679 9010 7915 1118 6585 4394 5209 7178 9601 5595 6478 990 8286 7962 7900 5883 6066 343 824 975 6120 8317 3169 4849 676 6817 4479 1344 401 2009 5193 4071 7850 8939 4623 4162 4982 6997 4013 7647 8839 258 5762 5777 1580 9646 2168 1445 9025 3853 8814 2908 4692 8918 8410 1469 7213 9460 2039 5093 2459 2011 2056 7020 7177 742 1280 779 6313 7280 3222 3493 2408 2272 5138 
2900 2247 5776 1776 9311 1498 953 8779 693 539 2947 6619 4454 1020 9552 8016 1201 7461 5319 2780 291 7415 1850 4821 2874 5337 2787 6200 3166 1698 9528 9617 4132 9800 910 9263 1037 8270 4254 7333 8616 4522 5060 3596 7579 6905 5142 5739 1697 7524 4186 7574 3233 2116 1898 2858 9155 5432 2647 3352 7074 5578 6180 3102 5131 8582 4273 5414 2944 4350 9126 5867 5321 3346 695 6673 6741 2241 1035 494 2900 9737 8312 6055 1788 1591 7354 8098 8184 3866 937 6602 7788 6353 1164 7605 7531 810 3803 6886 
5606 2887 3698 3325 3500 3785 7383 5939 9947 369 2328 6423 2810 4426 1573 5074 3475 6124 348 4453 4514 3600 7791 7002 4225 187 4370 9045 3190 1761 2769 6765 8072 4257 6182 7260 2447 8131 4926 3596 5443 5082 5298 1742 2180 1986 9098 7743 4226 7410 4298 6377 8163 9572 9961 9619 9549 5751 2385 8414 2896 7178 797 9316 7150 8180 2255 2832 6115 7258 2917 2889 7352 7478 8490 2548 2426 4085 1365 6457 1427 8108 2535 8116 9429 5093 3785 8935 8237 1354 778 9525 1945 4685 5932 3635 6429 2349 4902 7973 
2788 8938 6067 9658 6812 3642 4129 4145 3782 9928 8365 5352 4103 1919 8071 4706 6625 4676 6136 3144 9600 8384 8012 2706 7995 5287 4519 3946 2218 8113 8990 467 605 9104 7596 4433 8714 7409 7645 1596 712 5576 4953 352 4764 5576 8655 8181 5210 7367 1128 4826 5899 7977 4569 6968 1570 3123 492 2847 6530 9005 6253 610 6181 294 2742 3421 6556 5818 448 3894 2569 6499 4527 7110 6792 7205 3205 4993 9967 2797 6700 5045 9065 9530 7987 1791 2458 2015 3778 61 3272 4718 4847 4780 9480 7852 9319 1549 
7173 4486 318 9762 5657 2076 5520 9267 7601 6707 8504 1849 768 5175 7364 2935 1849 8522 6950 2775 6379 1925 5272 2287 6823 3269 2587 5517 840 9311 474 9735 7609 9720 6925 4295 4752 3796 326 3797 2214 5491 5791 3994 1698 1846 1923 2468 7664 286 5110 2649 4359 1788 284 7743 9788 8052 8538 6265 2190 1534 9278 9146 7368 5774 7439 7987 8331 945 7592 3796 5848 6422 8843 3583 3266 5663 2468 4493 2157 6807 5998 7044 2885 670 193 6322 3612 6380 662 724 306 7386 1737 5054 6881 1950 2649 7822 
105 2904 8576 6414 743 1749 3480 9809 3413 1528 640 9710 9665 9726 2144 1877 948 9858 7767 9522 9133 8821 1124 9381 8706 9676 1789 4889 4101 6095 9172 8301 67 6520 3804 7769 2088 4353 9242 6584 7367 6018 5012 2301 4841 4674 566 4830 1916 136 8881 3822 8502 4661 8292 5740 8831 833 486 3690 660 8481 3648 7399 5268 2891 266 6684 6660 7300 388 9582 4040 415 2564 3224 8223 1974 338 292 1143 378 7820 9561 1949 6889 3534 7651 1133 339 1216 229 3893 8546 5639 1577 3837 4568 8657 5367 
5570 6018 8428 4036 572 1120 4198 2106 6278 1365 1486 6486 2831 8656 5718 578 6757 2702 925 7836 5221 6991 2514 8250 2215 4143 2642 7179 3189 3704 2336 1289 6795 625 8781 3951 3830 8978 7382 8510 7421 3502 8474 3393 8755 4863 3349 5417 9368 5728 6316 7565 3149 5072 911 4800 7313 7842 2979 8695 1216 2025 808 1857 1654 3172 9497 4034 6072 2965 6236 4606 8551 3896 8484 2980 5795 6651 8059 6463 602 8610 3155 1366 6709 1249 2318 3699 1291 5297 1041 1345 6588 3390 7203 5216 4313 8515 403 9468 
1117 7903 102 6836 9898 6486 5939 7458 4598 418 4152 5790 484 3919 3817 2127 5885 5649 7640 9002 3093 1443 9840 9945 6914 2107 5328 3958 795 6123 7064 8240 3914 3558 5361 3745 8217 7485 638 7491 8497 7282 3866 6006 8812 9268 6753 1454 8445 5421 8833 6834 447 3900 3737 4191 2764 8828 596 1015 6214 2513 8363 7158 9489 6709 7135 8462 6920 6472 3250 3547 2004 344 6375 1272 3048 5714 4198 3232 1300 5920 2816 2970 8213 1277 83 7683 2818 8960 4862 2449 4316 845 3869 4241 3563 9903 6338 9159 
6692 2669 9379 3577 5297 1987 2749 5835 897 9313 6772 3740 3021 4149 9958 7799 6573 3025 5775 3834 9381 7168 3804 2848 8405 670 2066 7648 916 873 3913 9397 6392 9308 3117 9299 578 1942 3779 4400 7245 708 7730 6165 7899 7615 5061 5260 9927 116 7389 6856 6905 4134 4002 8313 8359 8735 3216 2736 2849 6011 6356 8945 9465 7149 7580 9853 4941 2346 3828 1470 1063 6315 3811 3257 3577 1207 1449 3525 1006 8537 1264 6707 2150 7816 8055 1190 5733 2035 1849 9016 2811 5978 8616 7735 6737 1384 46 1279 
9652 919 1887 213 1587 2984 9340 519 4374 7608 3937 8124 4981 6640 2479 2847 6530 1107 4962 7705 2079 7466 2368 1162 7585 8049 2126 5760 9658 6260 7585 3681 6683 6109 1478 4318 3311 4177 8797 6386 3763 4029 1151 5983 7008 7108 295 5136 7610 8369 5516 9784 7432 8549 6876 3723 1907 7897 7538 6791 891 4026 6458 7244 1245 6666 2955 8139 7573 7427 823 9521 670 3248 8519 5891 6092 8945 2308 3285 8991 9761 9155 3193 3572 1427 7437 9 9777 820 9208 637 790 6614 1444 3428 3557 200 6226 4527 
5107 6979 9094 6617 6407 5887 6684 4252 6190 6836 4362 9957 6904 6943 4460 2889 5814 9923 106 2820 9171 1058 1080 7211 7480 4599 2091 670 7711 9789 3525 5914 6485 7565 4368 7754 8655 2534 4431 298 2480 4467 4568 8093 4982 5088 5135 2859 6619 754 3946 8536 8195 9171 4530 5372 6087 1870 7427 6738 9301 7928 183 1203 4346 7457 6839 9231 5840 858 5321 6234 8236 6502 6361 3921 6808 9598 633 7268 3815 7199 8934 5016 4076 2482 4912 8144 6714 1810 9009 2105 2973 8573 8664 350 4662 5850 3209 6688 
3356 6643 8806 1195 4579 4600 2762 1140 2529 3024 720 4821 2369 4074 3591 8470 9807 7585 7299 1207 1218 9204 272 8296 7831 8545 4147 7162 4708 8327 13 7325 7871 6303 8785 1542 366 4275 1478 5925 6041 779 3573 2943 3835 2586 9761 5267 1184 5562 1600 8035 4824 3779 8612 6914 7454 380 455 1734 5787 3365 8228 9462 2565 8880 2021 4465 219 9513 4881 3300 4520 3686 7043 3192 6040 8806 4594 7728 6844 5265 9774 6737 3268 2048 6700 296 7835 8283 348 7237 359 6786 7189 582 1064 7595 3056 6683 
5061 5338 9839 2600 7007 9962 9104 6403 9272 3694 7765 5864 5041 669 85 2249 126 2726 4697 9881 1794 9604 4773 729 3324 3993 8334 7643 1413 3411 2630 7375 5243 7890 9961 9137 5089 592 7225 3144 8843 8648 6593 1717 6898 9765 5144 256 8335 1499 1896 4921 6000 3562 8772 2593 5600 5035 1026 1421 3833 1363 7166 4800 9865 6204 3582 2981 8785 8601 3092 1296 5906 2512 3064 9721 389 9862 6308 6406 6745 9604 2838 104 9599 6344 9077 3355 2965 9526 1488 1684 7309 1308 3601 3238 6770 6277 3158 9753 