1035 3320 9980 6595 1096 9827 3198 5456 6881 4778 5670 1602 7580 4637 9817 6230 5161 2745 4051 193 9889 6710 3392 8518 1227 2635 7846 307 6639 657 3626 9236 9867 8175 98 8274 1986 1851 7857 8403 113 9737 3926 5284 3714 8998 571 8411 8404 6722 1969 7319 582 6658 2479 1607 7004 9947 119 5443 6849 4775 2325 4855 9598 1931 8113 4195 4845 676 3400 7810 8228 5191 4892 9298 3134 3279 7595 1134 5957 8247 679 1131 2499 31 2766 6352 5278 2933 4583 6066 2307 9920 6527 3507 5137 5306 7681 8199 
617 2970 682 4423 69 7637 7802 1060 3824 9329 3316 6256 9163 1578 2923 3948 2802 4265 6638 4428 5218 2757 502 7111 6427 1358 7948 4417 219 2693 8968 9524 5590 1743 9419 9533 2648 6824 7596 5378 7401 4602 3259 6310 6996 4148 3820 6110 4114 3230 5622 2139 8584 6848 2187 475 8982 1799 3087 4642 1873 5492 5476 7328 5481 6906 8750 4315 7108 8591 217 5947 1909 9869 9203 8978 2763 88 3449 6928 6516 5019 6586 9218 8694 7379 6554 5625 3204 8746 5550 7730 8167 4686 9988 1965 3833 1161 7567 5407 
3697 1630 7004 188 1367 5143 8670 8716 9878 6891 5630 2142 7373 9436 8211 4477 7277 2070 4805 200 1213 5448 5054 7971 1684 982 320 8469 4664 5226 5596 7746 1692 7135 5049 7275 1010 9902 2537 1848 1447 1842 2697 6059 5834 979 6496 8489 1470 6336 8954 3860 6910 7834 813 6593 1944 8513 516 1377 532 2818 5838 6101 3842 1155 9915 763 586 7985 9915 8684 8967 6355 3483 8678 6040 4843 9076 2020 5860 7590 1870 2602 9252 9427 5010 9946 9915 8684 7466 3483 8678 8359 3705 2049 2124 3244 7985 763 
9309 8090 6211 5531 907 2301 166 7443 8774 5251 8730 3190 2597 6837 8660 1556 8999 2762 7260 3904 7111 2143 5883 6473 4699 5651 5870 8526 5702 9295 4204 5376 2101 5360 790 7148 2889 9594 2643 6876 7977 7746 6870 14 1053 2455 4170 3322 213 4172 9678 8659 6155 801 6780 6490 1667 6543 1524 3419 7699 5524 7229 3798 9092 6871 3997 7965 8963 5118 5743 2953 4728 6798 6095 8236 5631 2287 5284 9273 6609 2472 4132 3865 6030 9043 5135 291 8862 8692 4084 6897 9062 9547 4830 7465 6725 3417 552 8333 
2226 4953 9216 8892 162 9634 9412 4690 3544 1994 1754 1903 3770 5130 6758 4413 7800 4755 3610 9701 4395 4366 7890 7899 9249 586 5427 9417 8045 5072 8786 6264 4562 2149 6299 7459 7045 3231 9395 3067 9664 569 4548 4742 7539 6497 5853 1861 3413 6791 8171 8034 3520 9537 6496 9820 3121 6580 6877 9532 7112 256 4807 5618 9330 9783 9785 5712 8386 4792 5740 3830 489 8368 1732 4910 7537 9892 4296 6036 9858 659 1396 2930 2175 7183 3154 5552 9820 8425 2209 4862 1006 735 33 7652 3347 9461 5871 1980 
8514 8890 184 9928 527 5305 8250 3448 2957 9119 6418 6734 9697 13 9104 8178 9459 5966 5582 383 9887 9845 1493 4128 5233 649 457 5838 797 8032 7745 222 1807 9672 9647 3434 4182 654 2403 1602 9891 6162 8564 211 9295 8941 270 9965 5208 8684 3738 3557 5339 5053 8394 4330 852 5888 4837 2428 9377 9240 928 8755 8874 6133 7626 5140 2247 9700 4219 702 5316 1291 2744 1498 4652 9531 9877 1080 4935 5543 3644 2013 9624 3875 8483 1630 3799 2592 2923 7102 7353 5876 4471 5350 842 7865 9629 8767 
2566 5037 4753 2936 4638 4823 4957 76 8309 1324 7877 6034 6352 1607 1221 8251 7459 3741 6701 7526 1329 5074 9939 2951 1539 5337 7891 4782 4479 8858 3798 2607 6036 8325 465 7328 7646 9015 8598 9851 7293 4315 9035 5022 4805 232 7124 5681 9685 5546 1420 4438 4762 1094 4175 129 216 2637 6732 7512 1118 8838 8790 3419 749 9380 1059 79 4690 691 1197 5881 9587 756 7837 219 2151 7066 3999 5809 2061 2223 7663 8243 6907 4809 1095 4330 4464 3660 5640 4000 5096 413 5097 6545 499 6577 3048 8484 
1038 4724 6884 5499 1190 7767 4441 629 7650 8287 5116 4766 8890 646 1063 7573 7689 3295 7513 17 9166 4402 9109 3401 7223 7934 3434 420 2499 6583 5318 993 6087 8254 6923 5623 4434 5899 9094 5018 6944 1094 5309 2931 2358 3563 7214 9139 4391 5362 7965 4622 8956 3064 100 2564 8970 2003 8262 9023 3053 7201 2492 5472 1528 4261 4876 2483 6130 8417 2019 1074 8458 1072 9480 8434 9253 6918 5244 9257 9842 2923 9488 324 1885 4095 9849 5531 907 7477 8741 1035 1152 1832 263 4501 5750 7738 4823 6209 
8433 8828 9980 6595 2482 5838 7512 5959 3472 1965 5825 9461 4786 2440 784 9964 7284 2171 5820 7650 7456 2663 5967 4667 7642 5887 3894 2822 1894 2030 3842 4380 6274 5295 8027 5224 4755 4574 6219 465 4260 771 5113 6065 4631 2311 5380 8217 3937 8564 3370 6500 9422 8699 3984 6845 1404 6939 305 3345 1612 1821 8690 6824 2673 3210 2383 4859 7603 9661 4540 9674 1490 2819 9500 6016 2593 3676 8795 1721 5873 9733 6562 9685 1466 5857 1463 9069 2928 4461 3952 8222 268 1230 9951 6051 8768 2731 2320 2510 
5438 6251 9370 4287 5696 7451 9285 1809 5113 5699 6119 2520 7864 8568 3740 9746 4551 3827 6913 3458 6682 6700 466 4628 5230 9572 4032 6330 4744 7752 5786 6715 4750 1086 5539 2933 1927 8798 9700 447 5191 8709 8291 502 5856 5632 6495 3077 6203 764 6960 7923 3006 808 3212 2247 9010 6571 7494 3201 7996 8428 4060 9685 6181 9565 3157 2679 5736 5094 2262 4135 264 3646 1508 2074 8099 6134 5455 8027 9281 7212 8456 2466 3551 9074 9063 9930 919 9570 1618 9558 3619 8787 17 9080 3993 2925 7876 4968 
9760 518 9303 3332 3376 2726 5 8887 6151 3038 4969 1954 9800 2390 7519 3815 4328 3283 7054 3134 8946 5219 4803 9207 6404 66 5250 161 1759 3133 5372 3699 2960 6006 2540 1361 6508 6265 6181 9599 2574 2947 401 7172 8849 9769 8381 6863 6372 1805 4379 4689 2712 9885 8359 8145 8730 2177 8419 251 2546 9257 6715 8480 9729 2128 6785 8602 6297 2723 3530 8199 3939 1780 9199 7050 6741 6517 1719 4805 9489 374 8522 896 1363 5470 105 3897 1439 1500 1059 9995 4772 3581 2064 3099 3079 3192 1430 2430 
6864 3175 7031 4614 1598 399 8525 6297 4265 1847 4952 9827 5034 6966 5799 2004 8439 4386 5632 5452 2102 5832 997 9986 8260 462 3684 5415 8914 2087 1460 6040 6629 4779 1839 5618 6783 410 1538 7766 6398 2654 8744 2357 4245 8350 1629 638 587 3657 849 1098 8651 8443 9610 8131 5324 7304 9957 8721 7501 4877 7581 1278 7240 1176 2566 9600 2050 3484 4959 2551 6441 9025 6870 4811 3674 6496 9820 3121 5970 2872 1358 6986 5187 9817 9735 7472 7752 559 982 3447 9947 2248 3744 9967 498 8368 9814 2459 
1460 8794 8742 688 9695 317 6400 4733 9477 2222 3493 9207 7079 1053 6827 1776 597 5857 1039 600 3729 6661 544 9741 4037 9565 3038 2496 7453 6469 8506 4318 3699 4296 8587 2316 2791 1759 8450 5187 1656 9602 4164 2313 3426 4118 3845 7294 52 7927 4544 5037 4496 7970 4094 8329 8315 2595 1705 6450 5840 2711 5871 7761 8178 340 9377 9180 377 2700 3682 2310 5831 8520 7923 18 1044 4306 5601 2888 9850 9474 7464 6699 9204 4843 9076 2020 1909 4617 8366 7050 9252 303 9427 775 8967 6355 6699 6160 
3705 9204 2049 4843 9076 3644 8682 7590 1870 1785 3365 6017 9427 9946 4617 2358 7554 3758 1528 4876 6261 7425 7340 326 4865 6002 4131 6130 6743 8458 1072 7981 5627 5393 4423 1113 3126 5244 9257 3296 4499 4874 821 4755 4982 5744 8193 408 5955 6469 5092 3583 5806 1763 2208 6741 768 8755 4530 4174 2874 2095 9196 2161 9148 1834 7950 1976 4951 1134 3219 5585 2822 539 4319 7507 3837 1193 9463 9066 4679 2812 3783 4194 9087 9484 4325 9970 6910 549 4884 810 8779 3244 920 8392 8470 2803 5120 1227 
5877 8298 5542 1763 1814 5656 9714 8306 3280 280 1044 1695 5427 8346 2756 3006 7883 9574 8210 2501 9244 9286 7085 2601 4511 9245 3122 1646 7019 1515 4926 8443 5970 7818 6491 7749 4733 4837 7375 3841 809 4616 3541 5511 8465 8948 1738 8193 4584 4765 2406 4837 2881 7332 5896 363 2189 8051 4698 1648 5016 9084 1053 7451 9043 1694 306 9195 3081 2895 9263 8857 1991 3936 877 1933 3829 332 7152 2011 9252 3428 5327 2331 8638 421 484 2850 79 5096 1454 2222 1008 3603 9371 9767 9547 8656 4955 4620 
1309 6285 2937 822 1599 3846 7476 683 3688 2529 4946 8801 8379 2456 9566 6759 318 3454 9057 87 9936 5278 7636 1037 278 8685 6147 6674 5514 5483 2005 2654 5260 6363 1617 9320 6946 2932 9315 9845 5992 2640 8466 681 3580 2579 8062 2313 2086 1588 501 9496 3799 1994 2494 1672 8866 499 5297 9651 7529 5374 268 9134 7136 7569 7635 555 4921 7558 8855 486 3485 2678 5790 9202 3265 8441 4059 7383 927 2446 4858 4731 9080 7419 7128 4057 6529 6813 3605 9500 2911 4012 9539 6173 4066 3940 3066 9118 
6308 9577 2745 1633 4346 5140 1052 5314 9001 8033 7091 6237 6710 5736 7340 2149 1392 6299 9585 387 7210 2660 7404 3457 4913 5684 5523 8362 9655 1693 7785 6632 5816 6296 4777 6936 6954 5873 9750 3887 2068 4260 1035 9090 674 3191 9210 3274 3698 3244 2962 9788 6501 8508 1400 2620 7433 3832 1450 5486 4335 219 2151 9281 7066 1064 3999 2183 8335 1366 357 2436 6025 4306 7725 4816 7042 2888 9850 4537 7061 5324 4658 5116 9151 6442 6855 2223 546 657 7312 1425 866 775 9018 5748 6482 6365 6076 9961 
4720 4202 1678 4659 9034 1362 5173 6550 1244 3927 3393 225 1791 3061 3572 1102 1123 8232 5249 834 9539 8919 3689 6570 6023 2475 4683 142 5538 5930 1283 5925 7060 6513 2282 4301 1922 2589 3092 6610 7430 1175 5377 2373 4911 9514 4908 9540 6438 9981 5165 7992 3222 5602 789 6023 3213 4833 5797 2507 6663 2060 1252 6982 4661 1725 715 3271 3838 4083 7310 8116 6262 3200 3076 6914 6233 6514 2846 4015 6208 5822 4225 8480 795 440 6689 6160 5459 7678 1018 5575 4350 4538 5513 4612 4991 4298 4729 2030 
9092 5428 54 8723 9087 4905 7889 7684 7222 2757 5086 3168 449 2635 9103 179 5084 1651 5353 2113 3754 455 8198 6734 4672 3375 2784 1813 9398 984 3964 8905 1615 5307 3634 1955 6719 8766 8667 8641 9875 9158 551 3892 9010 9248 8963 1952 3007 7158 798 1926 4721 6260 4611 9805 6310 7142 4956 4206 7780 1165 7644 1641 5594 6949 4398 3637 1801 6603 4802 1860 7911 4701 3357 3561 524 4758 6619 7031 9289 6222 288 8157 2643 6972 1729 2916 9009 7359 1458 8536 3060 363 7269 9493 97 6128 2142 8691 
8204 2761 8619 4052 4434 971 7429 8110 5207 4487 6010 2845 4402 4070 1778 7179 4450 6795 6841 9565 2368 4775 4361 2683 4409 7502 4405 7613 8318 2767 5477 9243 4493 3109 625 8781 2650 7933 8851 3830 8978 7382 8510 7421 8474 8755 4238 8216 4863 2766 3349 2592 7334 8502 2477 4434 3893 2684 6904 5513 1041 3821 3839 7932 2228 6881 1633 2709 3775 2988 4876 5265 4933 9759 5684 2324 8234 8006 3862 1781 1279 6545 8212 8175 6851 2380 4110 7224 8676 5705 54 587 5516 763 4173 3460 5832 4221 1032 1863 
2231 825 5855 4421 976 8606 323 194 8297 8664 8191 8419 2323 422 89 6683 9654 7836 5478 4029 3578 1625 2203 7875 5101 7458 5851 4150 3567 4471 9568 5278 9158 6779 2158 7517 617 5923 633 1345 6725 7234 6126 6570 6774 6400 9611 9957 1098 880 3244 8600 2813 5340 3467 2878 4090 3605 7971 8555 1707 1533 4312 8412 5740 6956 5696 5822 1092 9779 1540 6773 6604 4796 1599 6324 1089 7190 8966 99 2603 5964 4418 6653 5808 2385 4451 8394 6808 4682 646 166 2013 6858 288 3708 4735 3055 8420 3675 
673 5035 6782 5202 8891 6914 8629 2363 6140 4004 2857 9789 4084 227 4768 1663 7917 7945 4860 1530 9547 4638 8722 9835 7567 4511 1349 7829 1994 4279 1310 5281 6003 6152 6202 5925 6192 5765 4969 4025 2935 6830 5574 3532 3051 5306 1558 5432 6866 4073 119 6237 5127 8163 7068 6721 5521 7169 9383 6259 5446 6503 6506 4596 6244 9838 2957 8079 2959 577 9618 7754 6758 4282 1354 7784 6486 932 5272 3981 5143 3766 7112 1203 8376 8292 2428 675 7240 8911 4699 9533 2458 5330 7432 7110 9326 4993 2797 6700 
2265 7987 1791 7842 2070 5109 7822 7660 5095 8890 7613 7706 6423 5072 4656 2881 6371 6995 4983 3762 7962 3990 973 3016 6548 8368 3176 6472 2277 4842 9514 7392 5340 3941 4560 7724 7713 2412 4860 8945 6957 6149 3904 1816 9718 7395 8069 1558 1564 1333 2545 5902 1379 1108 2789 9143 3761 4068 8678 2631 204 8035 6156 4663 4341 3596 6238 9904 547 9416 3142 782 2308 585 3896 2804 1248 8435 4972 1057 7819 9177 6516 628 9140 3508 1065 8160 9327 4249 6230 6240 2810 5373 6436 6516 8844 676 9627 2210 
4058 324 4038 9242 2216 9748 8791 4354 4432 3390 9651 7880 2801 8570 4768 6808 4214 5216 5953 4863 6632 8686 5080 6568 3714 2128 8483 2036 3827 6861 5671 6089 9932 7014 387 1037 6264 8644 2406 9015 5837 3207 5930 604 3967 5277 4635 6822 3956 576 9555 1713 3656 551 5975 442 8158 4475 1981 7317 2069 3338 232 961 8618 1912 6388 8115 5841 9397 998 8875 3059 4670 3883 1687 424 8502 5862 3590 647 9782 7942 4436 8759 499 5208 6382 2780 6314 5590 4715 1990 7050 3927 5395 8289 9053 9903 4474 
7140 434 9108 1098 5637 223 1226 9087 2699 4763 6875 5678 4287 7172 9642 2942 905 8295 7300 7808 3287 5476 4501 214 8144 3257 1207 5685 1449 3525 1006 1264 6707 6995 7816 2066 1205 8236 1551 279 2162 664 7212 2257 7337 2664 8030 4269 1395 8858 2901 3610 4109 5041 3552 6979 4365 6414 4410 743 1529 3480 6291 3965 3176 7762 2379 462 6581 76 9801 3739 5268 5100 6278 1766 9387 4539 5037 5675 8136 4469 7682 2914 7764 4258 7392 3170 8294 2826 591 8499 2907 4708 8071 5587 8069 1564 430 5902 
6962 7398 9396 1212 4720 4244 9143 9689 9573 8819 8117 2642 662 5075 8678 2631 204 5750 792 5319 8035 175 7176 6320 2245 2666 9904 4934 1288 6475 4888 207 1687 3647 1293 377 1548 6448 2881 465 6995 8435 1764 4392 5226 3822 8858 4567 3800 172 5468 5153 8121 5525 3021 7807 3704 2028 4003 9600 3259 527 595 3736 345 6563 3119 7513 7268 4301 7714 6572 9279 8094 5797 7338 2685 4437 3479 7190 9590 8338 3338 1437 1003 41 6591 2211 3376 7032 9544 9287 7230 1384 742 3060 3815 1899 4573 1773 
5200 2482 3224 214 4912 8533 2248 6998 2641 210 1563 5152 9134 3295 3728 4850 2605 1078 6230 5983 7008 7468 9125 4395 4172 6290 7831 6472 2404 4842 6997 3799 8910 1650 457 8854 3860 325 6359 4190 9964 7856 3750 6486 5642 5793 9712 6416 907 2875 6102 2421 9886 1155 2140 4906 84 9861 3966 8657 6678 3736 2679 3661 7654 3375 3800 1317 2715 6471 4137 4191 4056 663 440 1459 7308 7640 620 2976 6981 933 9230 4830 2642 7671 3189 5560 1580 7102 9862 63 7045 8474 3654 3317 2858 7686 5642 9533 
3211 5446 8868 3024 6962 8770 2352 3201 6040 4904 319 6216 467 1497 2420 1075 25 861 3780 1901 15 6214 108 4187 5262 4352 8719 5912 8096 5017 678 454 138 131 4987 8971 9530 3608 1946 6120 5150 5827 8980 3202 1137 8958 7070 1235 1711 9889 6008 19 8293 9818 8544 1772 4881 2170 7227 2804 3291 2543 6583 2460 1251 990 6729 8873 8081 8325 376 2164 6004 2790 5631 8937 226 2096 1047 2184 8887 3550 5908 2632 8079 9209 3336 9752 185 5335 4817 8793 3358 85 6939 2485 3209 7687 3022 2225 
3338 190 6233 7598 3090 2466 3008 40 7032 2808 310 6339 2701 9725 1455 7915 5697 7984 3374 9273 3133 1862 739 1688 3893 7559 1189 9778 5050 888 7721 4343 1860 1849 1878 8911 334 7439 6765 8189 274 9901 4518 2737 3429 2729 1726 9166 5719 9530 7416 674 5582 3605 8258 6785 4376 4847 3238 6152 920 7987 9381 3149 6145 1868 8653 6827 8953 6232 4887 5863 4954 9460 9075 8080 7340 4350 4246 5164 2412 7684 7763 7098 5838 6814 6292 5855 2246 9395 2512 8901 740 7735 1622 7206 6849 7784 1879 1208 
1948 2491 7353 3496 3498 3044 828 8640 6298 6981 4081 8228 8963 1146 1099 8504 3176 5400 1340 7525 2771 2105 1542 419 1594 4296 8870 6105 5077 477 4445 9090 6859 2019 1185 6333 6794 8522 46 290 2065 4296 3169 8297 5667 1899 5581 7183 8662 4087 4926 6036 1263 2415 4348 8379 399 6465 3173 4977 3384 1763 5227 3831 4368 967 1175 7488 1057 4228 7339 5602 1527 6814 4493 5728 6659 6767 8090 8759 9214 7987 8052 8538 4471 5812 1929 7461 8897 9454 330 26 6793 9146 7340 3508 2906 1563 7847 395 
5285 1550 3832 514 7503 3002 4690 392 9726 1582 2589 8450 377 7271 1608 3716 1129 3360 7895 1028 2520 7737 6548 4916 4569 8860 8758 1954 7402 4866 1786 1691 2752 1097 794 9150 6822 6763 4098 4815 2270 3707 5422 2290 3409 43 743 861 5822 7235 4673 7154 6597 1449 2856 4327 2972 2751 6626 2943 1394 6833 9325 1717 440 8626 7037 6724 2600 4034 3242 3771 1517 1642 514 5363 1617 7259 6684 7236 9590 3739 2539 6384 6284 7649 655 8796 4511 6994 4406 9402 6957 8734 3342 1664 2527 9245 7250 40 
8841 8415 9309 8368 8424 1269 3554 5184 2569 24 8876 3251 3081 9403 8146 4404 5557 4982 7777 7581 9790 9814 5042 9760 5933 8754 6948 7261 4511 9436 9572 8960 6034 6622 3288 302 9928 5754 5601 1329 4611 3473 4601 8619 8336 6732 5947 3797 3231 7137 8569 8296 3483 1009 7505 8816 3247 5169 6339 2482 3723 428 6393 7016 6834 269 1540 2945 5637 7684 9692 2353 9552 7108 4866 1304 3037 7610 9060 3875 5516 1306 5173 6372 9639 4548 6481 8736 4148 6272 7879 634 3569 1765 3373 8149 1567 3218 1964 2407 
9558 2921 1495 3244 5722 326 6975 8344 3543 2788 8817 8376 8993 4555 3657 233 1632 9854 7223 8459 7909 3059 6743 3905 490 459 37 5735 4471 6292 756 9567 5063 8287 7260 4759 2108 5320 4236 7011 4354 1342 6547 280 9572 4378 9137 4933 6856 5309 4688 9356 7547 2665 1195 5505 4462 6525 76 7355 137 4380 2508 7581 2121 7065 3970 9418 6640 6556 8380 3894 6499 4527 6792 9326 4993 9967 6700 4494 6062 8549 5000 1812 463 101 7881 5480 794 9842 5897 4951 4866 1691 3840 7051 2624 7155 6858 6978 
7612 6098 9725 6464 6447 8741 6858 4684 7308 9921 6991 620 2514 2215 6086 4143 6023 2642 6795 4815 1609 9012 230 7604 7908 8155 8069 9885 8782 9382 3333 7754 7639 583 238 8200 8081 980 5150 8619 8851 4921 8783 7945 3471 8211 747 5595 7622 2217 5926 3379 3519 8970 7399 4038 3519 9102 789 1322 6385 8944 9042 1910 5264 9050 5765 3105 1548 2402 7252 1384 58 5070 9758 9841 3805 3181 8168 371 9964 6888 8661 1195 5661 7388 9466 4620 7822 1003 4105 6907 7278 2955 7062 6441 1090 1265 4970 3008 
1340 5523 2771 1 1542 5791 4296 6105 8391 477 3706 9090 4096 6201 3737 5279 1522 5698 4893 8003 4314 116 5162 5802 1718 5960 9887 175 5709 5798 892 3157 7483 5553 3902 2083 3137 1042 2447 4101 1689 2895 9645 2641 1095 9050 542 1048 2410 2191 9223 5617 3479 9230 3028 4828 4047 8916 2067 2370 208 2167 6700 8154 581 7560 6669 5790 3081 88 5935 325 8454 383 6409 8129 1215 5171 6158 5845 4449 4803 2528 2911 7809 9963 54 1528 5849 9681 1566 6080 2321 5528 2900 2642 743 7747 9164 3389 
2516 7260 702 3426 7015 1093 7662 9269 3788 7958 1764 4697 4788 4825 4376 2829 6630 4732 6472 2408 5237 2529 1154 7365 1624 5835 3501 2782 543 311 6678 7515 8571 2596 418 9709 703 318 9019 7681 4021 6275 2415 8379 5378 5125 8637 8327 8993 3673 2857 2735 8113 8940 2539 811 7205 4335 5282 2232 2379 5492 2244 6896 6672 8309 9626 9267 4168 6566 7019 8601 6799 4112 7173 4719 4486 318 9762 5657 4502 149 2381 3931 4641 8753 5926 751 7194 7082 9303 1468 5970 9623 5392 8506 8787 3428 8533 5676 
7576 1010 1623 4804 1153 597 4417 8540 3716 2759 2712 5705 4175 2624 5495 5712 2399 4472 9110 8882 1087 2326 6959 2773 8786 9177 3982 5575 219 1774 5241 2712 2511 3413 5145 4373 9996 6430 3710 3972 5913 9297 4112 9660 3636 2597 863 3240 483 465 6406 6693 1877 6051 9630 7030 4166 8720 330 1293 5415 8255 8595 6867 321 3735 3366 8230 4841 4367 1646 9904 1610 9911 6619 1812 5641 3489 91 3654 8878 4836 8674 7773 1835 5207 913 627 2639 5672 6396 9092 4880 5979 8470 5217 8694 9567 1704 2122 
7170 9384 5985 4672 6848 7352 2903 3958 5238 2580 9213 7687 262 5223 4564 8800 7567 3798 8639 1860 9679 4435 4697 6677 4114 9266 6503 1494 9374 5213 4800 9071 8073 5440 5712 2089 3915 8700 649 9674 9519 2160 9824 6347 392 8934 3792 1218 3305 714 5056 3167 3297 6810 2982 369 6513 7543 1420 4881 8291 7155 8418 7123 5329 417 6291 4489 6731 1823 538 4872 6442 322 5053 8655 5894 5211 6264 9502 939 6235 65 698 5102 2014 2687 6966 3086 1471 6299 2806 843 415 2732 3982 9846 3903 7861 3400 
1998 2830 4809 9929 4809 5014 262 9038 2068 9487 595 7064 333 149 567 9130 4553 7527 3575 7897 772 5426 8130 4006 9906 9129 9074 639 6130 567 4878 3904 9283 6037 1228 2059 1689 6980 8625 7921 5006 4307 7913 4171 208 1870 5068 1869 882 7655 5605 1020 7647 430 6918 8326 6762 991 8653 5504 9810 499 9558 4323 3516 6601 7860 3238 4889 908 9573 1480 4767 2714 3119 6457 3956 6476 9555 3656 5975 442 4475 8112 955 7454 6534 784 6637 6388 9273 4172 5305 7831 1839 2029 2277 8910 3860 4498 
4190 2253 3750 5642 3152 8232 4098 9359 6391 6804 4980 206 8630 2562 7939 6629 6310 5775 8567 1960 54 7066 1880 5519 564 8385 233 2951 3196 461 4531 3490 6412 2641 4021 7602 1888 2241 6328 2699 9843 588 6345 889 2830 9643 2187 4828 2131 4830 1770 8464 1177 365 2217 2569 6450 6450 5695 3572 4688 3876 2712 6678 9759 3795 4415 4302 4445 4995 4384 1718 528 8673 3247 6840 9568 8486 3220 2529 4669 7332 8902 8422 4485 6168 9563 4847 9711 846 3792 6086 4525 8028 1820 3554 1046 2211 3729 7194 
1121 4849 5214 9210 3830 8355 7403 6202 9197 3585 5057 1487 4677 9285 5495 7420 9573 9016 2121 1296 8913 7065 2621 3405 9418 8120 9273 2479 99 1118 2530 8442 7952 2634 8477 2321 1256 743 9342 4226 508 6137 1366 5089 1405 2842 3845 7784 6367 8076 8543 355 6304 5844 631 5720 5117 1104 3034 5020 3439 1773 7183 4967 5032 8879 6582 9302 6263 9002 6228 804 595 4792 6111 1859 578 8437 8352 4748 8857 4526 672 7965 379 3133 6883 3438 1472 7964 9272 6859 5961 7124 7227 9947 870 3485 7870 3921 
4957 2644 1143 1917 8002 4786 3963 1088 9759 3338 8400 6208 7499 8827 4552 4130 2432 7908 746 7104 4075 7128 2963 5521 2848 7493 5247 7593 2939 8589 7027 3786 1860 7762 1742 7043 8634 9404 131 6822 6712 9522 1419 3129 7193 3383 772 1083 1085 6914 7737 5949 2741 1484 6273 9679 9125 3108 276 1644 2974 4022 3351 9889 9344 5204 7276 3905 5411 8948 5816 3273 84 9224 8914 4441 6473 2426 2432 667 9371 5344 4076 798 8412 143 9287 6707 8890 2604 1836 7429 1960 8938 8574 1195 7355 7211 8169 574 
4520 7033 5971 6352 6168 2963 7292 1863 7029 9197 5325 4271 869 6276 6120 4878 1303 4834 8228 5775 9146 313 5862 7164 538 7575 5836 3395 6845 8357 543 8932 4794 3496 7876 5140 3071 2420 4092 6713 7734 9066 7454 4604 9927 1548 8574 3838 6646 1436 9897 9467 1461 3840 155 2522 8177 4787 7451 6114 5033 3055 4600 5003 1273 5795 1227 5211 6059 1077 5481 1646 7578 5928 7469 6225 4364 9846 8030 5954 453 2320 2620 7706 1134 7109 993 6960 4607 654 4803 2015 8115 9053 3065 3870 9407 13 7737 3052 
7668 972 3909 4255 3061 1053 7086 6636 4647 4375 9182 7807 925 8654 7936 9967 2561 230 5890 4200 3716 2468 3164 3325 6061 502 4790 8080 8039 4522 5097 7349 8808 414 9946 9257 9470 560 2551 4823 5453 6157 6251 8470 6596 1801 735 795 5008 2316 3099 1224 8305 4345 5015 209 2213 3588 3350 5276 7812 1921 1581 6472 1650 4560 1096 3071 6912 3419 2278 3725 7002 1376 6237 564 2002 7561 2107 376 1678 6787 2941 3236 9782 1465 6243 4130 4360 3109 6060 9093 5458 4477 3520 4243 4840 3981 2763 8407 
8042 8754 768 4425 4758 4069 802 8646 8237 4461 9221 7804 5733 1461 3249 483 1516 9528 3851 1758 7815 2276 380 5815 3092 5085 7375 507 1147 4320 9322 7353 4175 5300 2675 4881 1751 174 5865 5390 304 4534 3562 7497 4129 312 825 1129 5139 7895 3125 964 5103 7286 6930 2890 755 5869 8180 6187 2779 8798 1226 9156 5310 1090 5455 7312 2940 3797 5833 2700 8761 854 7308 5933 126 4139 7142 6446 1117 2358 1524 4474 3578 2641 269 2051 4849 2287 8159 6851 8375 1284 5120 6140 1252 5217 3374 5179 
9628 8160 1885 4940 3424 3882 5167 6912 8164 8087 6167 8832 5190 6125 9057 75 9851 6881 8699 3400 9264 5997 4576 4053 9661 9127 7390 6831 3770 3522 1872 5966 2450 7638 74 8450 2427 4101 8363 4483 2618 7864 9766 7000 614 1773 6457 6822 3956 576 4128 1713 551 9501 7319 8112 8231 4429 893 7360 5083 6268 4298 2076 3780 1518 378 941 5712 213 5120 5259 3996 1490 8399 5306 379 4691 1475 258 9760 5852 8948 9533 3667 1100 7496 4075 8416 5791 4367 479 7159 5912 6424 4530 4361 8792 7427 5228 
6522 183 9381 3190 6255 35 6609 590 1861 171 616 8704 800 4593 8506 6815 5497 406 7922 8037 2065 489 9893 7582 964 1050 7286 5112 5173 9279 7665 98 6505 6726 746 3686 9560 632 5685 3525 1006 8885 7816 8125 4456 4959 3365 8236 8207 6997 2062 2093 990 9358 2038 2294 2708 1741 1530 4887 5922 5048 8287 3097 6504 5646 6999 3409 8469 7592 9714 761 7883 3884 6125 9936 7506 7140 2430 6932 2833 491 7353 5567 6163 4631 9264 8878 1811 6358 9221 8706 5429 3267 4411 5034 1887 5884 2625 6029 
4448 3585 6340 1120 4198 1296 6694 7215 2760 3253 2375 7132 6446 58 8178 3089 7512 9348 8543 2376 1699 6029 3194 6259 5954 7068 7347 8239 4915 6453 9187 8274 3632 8792 193 2574 5186 2542 3153 5958 5475 3716 2211 7941 5600 2086 2095 7965 6663 1304 8369 8552 3091 6200 3670 4792 1130 7371 8941 8927 8156 7554 162 611 406 9239 6722 9093 8895 7822 2373 7379 6497 8414 321 6374 5897 6025 2702 4905 2984 3540 1275 5007 2827 7593 9916 1528 2731 5843 4037 175 3505 5983 8346 5360 2478 4677 3336 7944 
150 3805 7832 4788 4015 4631 7375 5506 9344 3210 4820 8673 8307 7470 2357 2468 9796 3537 394 9271 9416 4401 5414 6002 732 5507 8020 8325 4910 4348 4411 7308 6465 537 426 111 5461 4977 3745 7707 1763 5721 5227 6693 2940 8441 5597 1570 838 9093 6886 953 2028 9073 6726 8042 1662 4574 1480 5425 7703 7266 574 4289 9254 9770 2871 9175 9689 7714 1598 5846 108 2300 5575 315 970 5429 5576 8181 4563 3924 2663 7894 7889 6825 337 8964 2881 6371 8435 5305 6383 741 4768 7358 885 8853 3068 6607 
3913 307 7437 302 8628 8471 323 4630 9398 3743 5100 5106 4518 2582 6127 5794 5593 2145 6436 7487 537 111 2734 3894 3384 2162 2198 4368 3366 967 5866 5602 4757 612 3280 8508 618 5232 7260 1680 7238 4106 2026 5744 8895 7314 2110 7256 1045 9657 1332 2013 6861 6570 6591 875 5064 4496 835 7468 9125 8187 7676 7975 1733 2765 9048 6932 6284 7649 3015 4796 3105 3360 4511 4406 9402 6957 7487 1499 548 9189 3184 7291 2784 9624 1272 4502 5921 432 3914 4169 803 754 7381 7418 3800 7826 550 7217 
4428 4137 8051 1263 8522 7933 4056 6863 1075 8744 1459 7461 716 9921 4606 7569 8659 933 9230 4143 6023 2642 7671 6928 3110 63 3109 2339 6652 3654 4432 2569 7110 9034 9326 4993 1640 9808 9581 6356 1301 819 5393 3357 7360 8237 5083 4298 2788 5078 4883 7222 7627 8924 4187 675 6476 9614 6787 474 2809 3463 6092 8945 2308 9761 5842 3572 7837 7164 9317 9322 8213 7759 8688 7683 1765 3562 3849 1540 2048 5361 4791 4007 8411 8743 3534 3036 2495 3008 4074 569 7625 5502 8529 4193 7566 4667 2822 2639 