8805 3068 8375 7065 2766 420 5243 2721 6065 1274 8259 2507 5262 7287 398 1493 8070 1423 3269 3558 4517 265 775 2402 9666 6880 8166 2720 1905 5282 7856 8384 3981 3381 5393 1624 1525 6824 4881 2297 5284 6860 5930 2987 8213 8029 1601 4244 4027 7457 8824 176 7248 4806 2649 7290 5059 7733 1724 7256 7526 8686 5933 9575 6497 3144 8237 9207 8185 3719 1343 4774 4016 1993 8949 1139 83 511 6718 5749 7604 1844 8912 7336 8983 5679 2602 4910 6676 6555 4171 3599 8814 7378 8517 6082 890 3960 7917 412 
4672 3181 9780 6586 2135 1401 9921 3131 5305 4105 3788 6389 2089 544 6237 5351 4182 466 689 1779 7640 578 1165 6302 9602 6834 4836 8027 5927 5780 741 7172 5108 756 3169 9199 5904 1770 283 9326 1458 5028 8580 3040 4135 9779 3067 1689 8827 6181 7006 61 5897 5739 373 3515 1754 8448 4521 9269 608 2109 5626 8783 9195 4154 9298 8436 3070 2147 1968 1140 9026 9802 3723 3231 7354 2516 2793 1276 6341 9519 9572 4145 10 4220 8976 2397 1864 3559 5178 2568 1494 1954 362 4360 2708 6230 2966 8548 
665 3650 5150 8122 1277 2068 9132 4058 8092 7534 7456 6510 9758 7940 6784 218 1326 8036 2011 5552 7172 7736 9021 3867 352 5372 3184 4991 2730 147 2124 6188 4934 9647 6932 902 373 2452 8068 3808 5912 7782 5068 7650 509 4082 1366 2436 940 7725 7353 6373 6242 7042 847 9498 2888 939 9104 4537 840 7061 5289 5311 8125 4113 4150 8368 4608 2436 9429 3463 667 7620 6423 6379 4554 5041 5089 8718 2934 4442 547 4570 3435 5764 4428 1782 9630 1190 9439 7072 2383 9945 2917 5951 5310 7027 7811 7179 
3340 4249 5043 1952 2014 3142 7806 5140 1224 9503 3132 3521 7457 9541 1388 320 3816 242 5687 8246 9279 7050 2091 4087 7011 7931 4281 9906 6000 4720 9490 8113 780 7067 2453 2026 7653 3855 9176 442 2342 9528 4917 5782 2670 8546 1989 610 9886 7081 5108 3143 1217 1558 4107 3592 7411 1099 2722 6662 5047 441 8947 5023 6841 2495 363 6304 3400 8893 7430 2967 6275 4297 5708 8775 9093 9138 5397 8798 4712 1060 3586 6956 9294 4421 9911 7921 6512 9010 6543 5707 7020 4433 9869 8019 8678 4214 6789 8964 
2941 246 7892 4878 2269 8841 8048 4667 6804 8282 2764 6642 3672 595 1437 4551 2443 928 3912 706 1788 7283 9660 2461 8478 7012 5653 7365 6166 4281 7495 383 9604 2234 4856 9402 9872 3658 6252 3710 9685 131 5468 5879 7402 4300 8460 982 2032 3506 3222 6054 904 1843 4132 1130 1607 7396 6710 1150 2519 2623 6595 9759 5711 5867 6865 2188 3552 4421 7173 6901 6207 6704 9553 7887 9680 2583 7290 4191 9162 9907 4872 9094 2887 4982 3883 4345 2884 5239 2845 183 5765 6020 4002 5921 449 5469 6011 6356 
8945 2018 6840 7973 9161 8490 206 2682 1693 5495 6398 5438 6742 6771 2290 1416 8392 7283 4394 4723 7212 2506 6252 8175 1220 2676 5757 1212 4460 6534 829 9917 5639 5046 5471 9987 6617 551 3043 5664 6760 6822 4098 9012 230 7493 4255 5114 5642 6363 3676 8562 5135 275 4420 7259 2394 8771 5478 9367 9624 290 5226 5845 2415 1363 123 2360 3277 1630 6886 4280 2905 6207 9888 8838 5574 7942 152 9064 7046 6401 6119 7381 6475 2979 6468 7570 2553 4946 7040 425 9206 3551 8869 1567 3792 7068 9411 9880 
8451 9313 1368 6639 6372 2540 9217 4859 2978 2216 832 8761 4566 9816 6995 9769 7725 2031 8054 7482 6592 8961 2180 9793 4951 6468 2086 7249 5995 8181 7951 8817 1474 8959 8749 1984 9825 4108 1819 3999 6418 2413 5467 874 211 4795 3528 4606 6888 8628 2525 2862 6019 6276 6040 4532 1095 8089 5839 7103 9454 2316 3661 2180 6488 8345 2061 4640 8013 6144 324 672 7860 4969 7889 4440 3437 1943 2174 4534 8931 4938 6898 5781 272 9174 5158 5118 5029 7301 9326 5677 7858 1890 2225 6746 6070 5858 9603 984 
3887 3127 1380 9683 565 9947 6766 4312 8951 1363 6026 3952 6019 8981 6317 9205 1265 7546 7382 3293 6706 5920 2965 921 5297 1180 5473 8524 5243 6312 7594 1089 3716 9281 5760 7585 6683 5250 1926 5425 5422 2241 7779 9157 5581 7826 1454 8662 4087 2415 1213 8111 399 7308 8604 6247 8657 426 2309 5461 3894 3775 7421 7261 6862 617 6909 2891 1259 1234 9857 3791 3433 1425 2033 4572 3553 2806 2648 3978 6228 7136 4087 2946 1090 1927 4812 741 3227 972 630 4070 8849 8369 9820 4345 6462 2766 4423 8137 
1920 8637 3202 1684 5106 4802 8781 2650 1531 8978 9573 8434 1960 2141 955 5728 6316 5072 911 9001 3428 3371 6427 5968 4804 7629 2341 4480 294 2187 643 9429 2566 7308 3497 6199 563 1207 5152 1879 8021 6442 8522 3015 212 3944 1987 5954 1555 176 6920 1522 4004 9845 8565 7000 4325 8476 7734 5900 474 983 6395 4295 1944 6726 4798 5663 130 5497 250 1375 4493 2157 7987 1929 7590 6452 949 1323 921 2120 8747 3286 1041 2767 6238 1314 4120 8269 4589 2079 5516 5481 7647 6372 2087 792 3774 4993 
4548 5387 6481 8736 8812 6604 4263 6356 4795 3023 4368 1292 190 7137 1058 7572 7016 4770 9184 3372 2441 1690 106 9947 8644 5365 2206 6734 1626 6098 3989 4485 394 980 6734 9147 8121 463 7879 3884 9752 3957 6909 3577 1207 284 5685 1449 3525 8537 6707 2150 7816 1382 9998 6185 279 1543 4201 5337 6719 1395 8858 4154 1211 8056 5395 902 8538 1514 6728 4038 2216 2492 1350 6791 2183 4354 8763 9827 2483 3376 6343 6142 759 5800 6728 5279 2616 6215 3835 6329 8921 2043 1385 9790 3016 7269 3079 187 
6681 6589 9270 2217 5545 7601 4169 803 754 7381 3425 2715 6271 4137 4191 6616 1263 681 182 6863 440 7308 7461 5518 8631 7333 7640 4606 7569 447 5352 8659 933 6258 1213 8351 2758 6945 3628 3115 1248 9136 8884 1356 1059 339 4730 60 8560 9196 1215 1792 9417 8668 9701 1324 6393 1124 656 5152 9039 8577 888 316 3464 1718 2308 9020 4480 4493 5823 1376 1254 3951 2866 7382 8434 1960 2141 4238 2766 9368 6316 5072 9858 7313 8783 2887 2591 131 8964 9361 6371 5964 6995 8435 4978 4218 5226 8727 
5603 4567 2686 5468 3807 4295 7987 8331 3796 5848 6422 8843 3797 7545 7059 5663 3994 1698 2194 2468 1375 6076 6000 6439 7386 5980 3832 6821 5600 5065 5477 721 8006 7625 1363 3695 7166 1571 9480 6679 9672 3582 2701 2865 3497 3374 5410 210 75 9518 1063 9964 4249 6230 4926 5702 9260 5493 9540 3724 7774 9036 3419 4450 9765 9720 3395 5166 6563 3578 6714 5805 4768 2823 2818 3083 8110 8251 3636 863 483 4631 7912 5927 2868 2276 3648 1070 6233 3861 7 7457 3544 7193 3626 9513 6855 8883 7641 2888 
9188 8580 5113 892 5072 3003 5047 9901 2601 4094 4810 6864 5943 7894 8618 9486 8080 2280 4692 7490 7964 9805 2300 4313 3283 5039 5160 3123 2125 9235 7788 2916 463 7079 1674 1064 8428 5675 7439 1346 8751 341 1970 4589 6732 1513 9320 9306 1821 5296 7736 5434 9788 6370 8515 194 6326 3708 2096 1978 8277 9440 7613 9562 6026 1460 69 8484 8544 117 9191 5792 1288 7203 3368 1670 8279 9662 4220 7831 9790 8960 8593 3807 8690 2380 1674 5183 6126 3721 3077 3493 9913 2891 9543 8331 8648 74 4918 6447 
5087 5677 7978 550 1238 2014 1613 4332 9052 9286 936 6481 8825 6653 322 9383 3006 8226 9405 9347 5183 7003 6578 6436 732 9213 9157 1310 2184 525 2728 3753 3804 9555 1713 779 2958 474 6793 2906 9294 954 490 6904 1248 1222 3705 7687 5363 9030 1718 5741 8082 242 585 6368 5157 7274 5152 9518 9134 3295 5209 9327 4249 8403 4099 3401 1640 8222 4992 9426 298 6502 2663 2862 5587 1427 1984 3483 5510 4112 1259 903 3356 1923 3374 1764 5144 656 6370 3444 7971 3166 3329 584 3968 4251 6136 718 
3471 9063 5993 6625 2261 1100 7258 4636 3702 5509 7014 1229 9827 9274 7505 6924 3964 8428 5613 8500 5284 9525 5529 8249 3445 2919 8669 6534 5259 4870 939 6960 9665 1187 2497 6536 3626 9390 262 7172 7427 4109 9195 655 7789 9908 2455 6250 7532 8786 750 4570 6291 5480 4081 6921 9079 4179 2537 9672 2861 7912 7369 8668 6506 8179 2712 7838 6067 3639 2528 3852 8116 3802 8392 1417 8826 2306 9820 4566 7197 7826 3771 7585 8363 3455 9696 279 498 8183 2166 547 7317 2387 9677 9011 3275 3645 5693 4820 
1451 249 2415 4230 3483 637 3385 746 8759 2737 8829 3393 8953 8014 2572 4617 8260 6369 2135 1592 90 2568 6153 334 5013 6293 2043 2392 3338 2957 6509 2984 3937 5255 8514 6852 2743 1985 9122 5371 2572 7181 7135 9807 5068 5549 9565 8033 6538 8881 8088 8815 2437 6805 4661 8292 6960 6048 7834 6800 6066 660 8130 3648 7399 3300 8470 9807 1207 9204 9916 5341 5945 7831 2945 5253 6606 676 7888 3690 6270 9276 4402 7551 8372 6781 5459 5152 703 3062 4532 9251 6776 8360 6980 1301 3656 8531 5719 8881 
9282 44 9648 2112 4927 726 4136 7276 9623 3805 423 9808 7501 5020 7806 9613 4752 3368 665 1502 738 7508 7339 966 4156 1486 700 8521 920 5809 7012 9529 9245 1765 8800 3251 8247 3373 1567 6670 9496 3259 3261 1885 2336 8876 9555 2728 1713 542 779 7353 5975 442 1981 955 3338 232 3768 852 7314 7812 431 3415 5742 7859 4652 4341 1124 9241 6081 4404 66 5557 4982 9313 9814 5042 9760 4126 1728 4945 5664 9058 6430 8238 6149 1522 4400 234 780 8940 7635 9651 9815 513 9124 7752 3789 7369 
2837 6997 8106 185 406 9239 3631 7132 9093 1542 2777 7822 7370 4246 4857 3403 8995 277 1463 4860 5053 7596 5881 4847 1770 9399 9593 1056 4544 1379 7458 8131 3906 6740 6182 1448 2968 9148 4964 7667 3991 6974 886 7440 2613 5128 4267 7864 6896 517 8048 5520 6707 8504 1849 5175 8601 1849 6950 7676 1254 3951 1531 2866 8978 3893 9573 5998 3502 8474 3393 2141 8755 4238 8216 3349 6877 2486 9415 3149 5072 911 9001 4684 8783 6448 9361 465 6371 785 5964 6995 8435 1680 4983 2981 4857 7404 1764 4978 
1763 4354 3822 5603 8858 5371 4567 1658 2686 3800 9503 172 5153 6786 8594 6833 1690 5525 9692 7807 3591 8514 2431 1289 2948 9141 2601 8477 3630 5681 8506 8390 3828 1470 3884 1063 287 3991 582 2218 8504 43 6652 9934 1367 8114 8493 7243 6390 4041 8025 4316 8256 9001 2921 77 5266 9515 8333 1421 7631 8025 1208 8435 5968 8775 6861 1811 6418 6055 7149 2367 6772 792 4927 9692 934 3974 4345 5784 8788 381 2884 7380 7802 8444 8686 6020 8313 449 3500 4420 6356 8945 1578 9465 1549 7149 7580 2634 
2385 410 8871 6805 3259 2382 9169 5091 9976 7416 3937 777 5017 9933 4781 2707 3821 6320 2430 7346 7635 9390 6064 7912 8790 6750 2329 4398 4321 5270 8000 1801 6603 1405 9295 7830 5402 2902 3515 1658 6866 4846 1425 5044 8166 4714 5110 6695 8062 4954 3154 931 5500 6212 4348 4949 7804 8690 7072 5008 3780 7331 1817 911 9231 726 26 2614 4636 6954 531 5574 6339 1462 3412 5638 7286 9873 7524 3547 5317 691 4398 4961 2683 2274 5593 8362 5298 9662 4220 46 9344 7742 7461 2770 5824 6997 3419 7506 
932 7795 6016 3421 9827 1293 5911 2804 3048 8946 2736 7201 8855 620 7407 4547 9840 7751 6200 5856 7524 2035 3487 7947 8793 4455 3697 1842 3401 9285 9809 2730 4744 6284 7995 802 5402 6736 7803 6208 2409 6415 8670 1714 6669 3816 6170 367 9571 9652 8735 5728 477 3723 850 8631 620 447 5352 4830 7671 7895 2838 7045 214 3113 7278 21 40 1323 5215 7414 5258 6540 9508 8957 4654 8272 7975 9719 9933 4265 9834 4752 234 9456 1331 5241 893 3357 4466 5083 4580 3332 3730 3435 9302 2686 5514 9028 
1100 7056 2026 5273 8400 9712 2110 9744 8079 4656 2065 7607 3171 4580 7780 2445 2248 7394 9825 2930 3669 4259 9806 7756 1944 4931 7756 202 9523 3427 8877 143 6817 7250 4146 7585 5591 7974 4200 3820 5129 5627 634 8485 9903 1588 6291 9122 2580 6793 6978 2421 2280 491 6098 9725 6447 9888 5362 324 9187 3789 2721 1383 1751 9380 7798 3593 7340 4341 82 9227 426 9024 9056 9172 7022 5671 5337 6719 207 8034 2901 9532 7684 5019 8417 4295 7592 6903 6726 326 3863 3797 2214 3266 5491 1368 743 1529 
3001 8663 5242 1717 7730 3532 6946 1783 8820 3044 7032 9047 1983 1691 360 5940 5383 1396 5709 1873 6941 6719 4949 4300 2768 6610 8737 3028 1522 5965 9912 6462 7606 6024 9334 7147 2096 2322 788 3817 1970 4287 5510 4477 4112 3543 903 3384 8633 1764 9470 2553 5592 7562 6827 2337 7971 3166 3660 8874 4251 6136 8966 6745 2296 4826 535 2069 733 8913 9073 4646 320 9460 2353 4502 1430 3735 8421 9992 9162 2509 9232 2840 9815 513 9406 9303 1301 990 9015 9900 5081 752 5709 206 3782 9461 8757 2572 
7495 3332 6620 351 5430 6569 2942 5324 2939 4691 8048 4468 3826 4359 4744 3680 5914 4480 1108 3988 3487 3112 6922 6688 9058 7717 5931 2761 7122 9337 354 515 64 8636 5996 6669 8352 9548 5678 7933 9557 604 2961 3377 6017 722 3796 3441 7016 1917 2906 8402 5205 8352 5851 8635 9855 7105 3099 7173 6497 6467 1063 7972 6374 2113 7780 4349 2066 6280 4905 2984 9191 1275 1263 9595 5154 5433 6690 2496 9913 8445 6199 4308 8337 668 994 481 9329 7969 1051 8730 5469 9471 8931 626 5870 2471 7131 1604 
48 2614 2483 415 2176 8280 8409 2964 931 8130 6954 726 6734 5419 7638 3424 2887 8971 8287 4342 3097 8824 6250 5778 499 6504 2270 3707 4965 5372 6087 8792 3851 5228 9381 2353 5447 7230 6662 8162 4442 4089 2500 7240 2761 7468 3219 5868 5396 6710 429 7359 8382 2862 3892 9422 3937 1630 1111 9163 1924 8206 8671 4251 385 3245 922 1627 137 81 2276 6979 1482 3648 6819 2320 6233 6802 4212 9425 3046 3861 6533 7 6164 3720 8760 6476 8105 7428 8101 9082 8851 4081 9156 4746 9223 7329 8028 1537 
4985 2561 2048 6096 9713 8524 3561 3266 7068 8330 1780 7778 5127 8138 5105 3723 3964 9896 280 9145 5482 7956 4739 5927 6443 5371 5748 4370 757 8067 1874 2662 4547 6864 1813 554 6030 8235 1671 6162 884 488 1102 1235 2786 3989 5235 8660 3177 4776 5996 2730 7767 7807 8817 5254 1379 1212 4768 140 5910 7182 6313 8367 8413 1938 6861 2573 3745 5197 792 869 9086 8288 3974 566 3682 1349 7746 765 9242 474 313 6421 3421 9629 1646 1646 5475 7852 8348 8284 7176 2391 2176 9057 1123 4336 4975 3090 
4642 570 7671 3260 7554 1015 2500 3308 9343 4196 9306 8671 9858 8569 7456 5189 8376 9747 9286 6399 7137 3408 4903 8634 5498 7441 4910 1155 7927 7388 4830 9202 4958 3760 903 5953 7227 535 4666 966 213 3836 1438 6293 9193 2053 9611 2331 828 5053 4093 9668 8126 1015 3014 3892 1757 4470 3508 4912 6744 4626 9878 4273 2447 1370 8800 9842 2938 4966 2995 7062 8416 7327 5314 7761 7929 3081 6755 3736 1697 408 4678 1999 9949 3120 2860 9226 7822 39 9921 9660 6791 3035 428 5762 7457 6798 7311 1577 
9098 2472 5976 9680 9083 1450 8317 9348 1757 5450 9620 1889 7459 6318 4726 9804 100 8207 8029 9095 3657 5672 1247 3099 9694 5264 714 1026 3598 9250 5783 4232 6711 2908 9811 8345 6386 1927 8037 360 7976 2801 9345 4971 8465 181 5431 3311 9838 686 7274 4414 729 1738 8560 5531 2468 7526 7447 4329 7802 2146 5420 4779 6917 4229 7591 7412 9505 7179 186 987 1041 1424 9621 3850 2648 7664 1196 9734 7113 9349 5188 4967 8531 6212 3108 2985 6793 2730 8221 409 6873 3376 5227 2294 8294 907 6290 6838 
4634 3972 7416 8120 5805 452 127 8750 6107 2302 2626 4956 4741 6750 5970 5313 7282 387 1413 4452 1991 9268 1590 4385 7715 1007 5549 9183 338 3691 1450 4313 7007 6934 1566 3339 9780 3120 7659 2092 4368 6251 8965 1791 8987 5046 5454 214 4838 2998 8341 4599 1402 4105 7469 7443 159 4100 1209 3195 4069 3655 7686 6172 5049 4468 9858 648 3199 2949 896 6544 934 955 3776 8973 5273 6229 9744 3336 9317 8271 4105 7274 3504 7280 9733 3424 1021 9768 9018 2309 4855 3244 1871 8083 7595 7705 8159 9219 
365 5777 2565 5809 6526 2710 1203 999 5728 9824 8222 8741 4551 5455 7429 1341 8440 4136 8560 8826 5163 4879 7628 3345 5132 4263 4615 2673 4131 689 1085 1525 2374 5362 5435 3457 8240 8132 5350 1242 8036 4229 1809 8416 2762 7225 6012 1912 7117 966 435 9030 3778 6860 3235 2130 8187 5395 8289 2699 4259 3391 2525 2730 3797 3980 8809 7685 884 8660 7793 4581 3073 1471 3398 6003 9803 5379 6733 1299 7303 7462 8579 9933 59 6322 2697 1566 9025 8340 9862 4923 15 5532 1151 5202 6116 2528 6442 9253 
8410 8920 3334 7403 3297 2511 2630 4883 3736 3749 9684 6264 5115 1508 7354 9481 7113 5246 6406 7459 3343 7613 8312 6477 7295 2014 5403 6966 8527 4946 4079 1171 2068 7869 6499 7448 437 6915 500 118 5577 5703 5613 6037 8712 7603 1214 3573 7333 2943 2586 5562 743 1360 2396 4824 3108 9049 9951 6195 7113 7036 1488 8430 8743 128 8924 8707 5711 9914 8965 1495 5894 7623 5272 2415 4105 4509 7826 8031 925 4271 9421 2890 313 2947 9334 6934 7799 4322 2538 1929 2389 8513 3728 5550 9257 1717 9765 8862 
4094 3594 7971 9959 392 3821 8895 1039 6183 6439 1653 3792 2461 7386 8772 3832 5600 9987 2843 9068 5477 1421 1009 5823 8781 1376 2650 1254 3951 8851 8978 8510 7421 7537 8216 2766 3349 2592 5417 955 9368 6561 911 8193 2082 9212 7417 7922 6474 5543 8574 9349 5438 2048 2517 4055 9064 5974 2205 6913 4361 1021 3049 7050 9916 6337 6730 6843 8879 9567 1595 5492 3715 4186 7518 9729 4848 8400 8557 7690 4928 4108 2487 9276 6570 4055 875 9134 5064 9973 8862 295 9518 1869 9735 983 9720 8417 6925 3823 
4122 8301 8027 580 2207 3277 3764 9211 200 4511 226 3708 1964 7284 8915 3960 4692 4526 4667 4792 5174 5151 5291 4261 3718 4763 85 5641 5278 6278 1386 1513 8453 8640 9048 9831 7350 9946 7483 2224 6987 1847 1610 3563 4455 3883 3375 4580 9615 3699 1661 498 3921 3439 4454 703 1257 9425 2934 6362 4143 2286 115 269 8748 4069 121 9407 8369 3373 9732 3368 333 7657 9431 6850 8581 2401 2237 9001 1366 7901 7158 4237 7539 4107 2954 1064 9938 5082 3888 8952 9913 8933 1081 6271 7495 74 5817 6168 
1509 1790 7128 3370 231 2779 6963 827 6922 7433 2573 1205 8509 503 8759 5613 3087 2810 9634 3014 9918 6680 5447 1670 7550 5403 2585 3412 5468 7673 9941 4397 5015 3156 9928 3862 9501 9811 7229 2684 572 1331 1478 9055 149 7837 951 3224 3880 4031 8940 5534 464 6755 7988 304 600 6490 8727 1788 511 5384 7572 4062 1103 8922 6832 4671 4042 7070 4876 2529 5613 5257 879 1982 3824 7205 6919 1608 8683 824 6213 4374 9894 5719 9328 2080 5531 1148 927 3142 585 5157 3654 2776 2854 341 2317 1979 
3286 8759 3942 75 7963 6832 6131 7638 1670 4795 3931 939 763 8778 4244 4932 7908 8624 237 5849 5432 9261 944 760 2915 9716 7510 8981 4099 6301 3283 403 6016 4313 7429 6696 870 2033 5895 6423 5931 1393 6727 1366 7143 1031 4802 625 5823 8781 1254 7933 3951 1531 8851 2866 8978 7382 8510 5998 7421 8434 7537 2141 8216 2766 955 9368 5728 6316 7565 3149 5072 8783 2887 2591 7176 6320 4777 9241 8515 8812 8254 3381 3020 6913 3312 4599 193 434 3814 5192 2143 7198 7489 50 664 7557 5963 4794 
9986 444 595 1898 1238 7878 7487 1676 1852 4033 725 9021 1459 1266 6672 1284 5514 3967 6832 7199 3851 4635 2714 3697 4963 1773 2378 1199 576 9555 1713 2110 8557 9657 1332 6797 2487 6861 4055 9134 5064 2946 2196 4496 4953 778 120 7182 118 4993 6747 6674 2067 5393 4294 2752 9000 5170 53 4217 7193 7775 6390 1501 9076 348 4390 9310 8685 8891 4003 9737 1279 4021 6980 8592 9937 2201 4556 7493 6904 2512 3676 1138 8393 4804 7303 5278 5556 6121 4158 1642 8547 1026 6870 3358 6929 203 6324 3354 
8076 8166 3424 9617 3279 8363 4664 9054 1706 6638 3822 4623 6476 2769 6473 6736 7920 3508 7829 1642 2449 7503 5363 7259 5609 6684 7641 2163 1727 6654 3349 932 5187 177 5354 1999 860 9914 5765 5872 7623 7646 8331 2079 310 573 7866 568 982 331 5333 8554 5646 6648 2678 8371 7111 450 4562 8428 2237 5542 7992 8739 5198 5235 8491 4871 2863 2963 8333 694 6048 6490 2575 4124 7141 8147 1227 432 1175 6151 8005 7542 2990 9091 3108 3925 5034 9871 201 8095 3693 2555 542 3578 8411 5805 4768 6107 
5828 2818 5061 6461 661 5594 9061 4119 9628 2415 7492 2680 9129 9277 4340 5108 5460 900 1215 8251 7587 9000 2237 1701 8743 5277 6493 5748 1809 1542 5377 9034 4409 8311 5101 993 561 1893 5325 9264 3918 2863 8265 8606 1452 4045 6659 6548 8289 7057 1914 4037 3456 5766 9442 8842 175 9148 5276 141 8386 616 3866 7702 5153 6917 7748 3760 4722 1793 1270 7214 8327 9128 9098 3545 8936 9339 7778 1392 4840 6668 1333 5210 6072 1528 7307 5583 2207 2460 2500 2572 8101 9344 4844 1667 4404 9523 9854 9420 
6083 1071 213 8815 9952 7848 1835 5113 7045 6641 6122 1016 8576 9829 989 2401 1003 8097 5848 7109 8854 1723 5060 6691 6131 6256 3256 1298 2560 7456 3134 197 2569 179 259 5563 2653 491 7456 7920 4676 6210 118 4307 4772 3579 3161 6495 8222 7230 705 247 6838 2807 646 1490 3005 3216 3264 5131 7243 4700 3543 9038 910 8819 5508 5217 9087 6438 9626 6782 10 7029 46 8366 6189 9856 5546 260 7878 5162 5391 2405 7366 2915 7261 8305 4367 6080 3813 5937 6023 9252 668 8813 8878 9973 5595 2086 
9983 2625 2132 8350 5166 9176 8206 712 9437 2436 4828 989 8279 256 7352 1294 6770 2558 1937 2718 8764 6632 7891 9680 409 1909 1964 7138 5410 2139 2689 1075 4132 599 7735 9645 6119 4537 4405 260 3302 8845 9976 6825 6967 9187 225 2698 3805 99 6736 4625 987 411 6653 5808 4451 7341 3792 310 9411 8479 3340 69 4398 9100 2314 3254 1857 5051 3525 9036 3788 3107 6547 9290 3953 5610 8458 9131 1330 248 1049 6605 6462 2141 5688 6173 8630 4706 9165 3052 7919 3892 388 9776 7988 8601 799 9594 
3720 6473 19 6116 4165 4248 8340 3799 1342 4003 227 945 5234 4695 6713 4760 7838 5563 8640 966 8161 2047 7130 5671 5698 8197 1443 9605 5969 1876 6534 2267 9716 3551 7192 5795 2329 6000 1528 1431 4109 2958 9735 5019 983 510 9683 6925 8331 4752 3796 5848 6461 3583 2214 5491 7427 1846 4395 2468 4697 7664 6814 4493 6767 4194 7305 8538 5812 7461 9454 1534 6793 9146 7340 2906 9615 1550 7305 9831 9036 2185 4391 7651 6324 3626 8500 9046 8962 7051 3400 3780 4986 9416 3256 1292 8610 8 5315 1681 
2739 3236 6060 6874 1774 3347 5378 8886 3423 2361 9348 6362 4122 2303 3411 949 9926 7573 5863 2846 9072 9796 8515 1820 9129 2777 2136 3122 1827 356 6585 7049 4109 1408 6651 797 6808 3983 2005 2618 3755 1362 1286 5478 4144 983 9683 6925 3365 5671 1551 4147 2162 4201 8919 5337 6713 2664 8030 5983 7008 8450 9986 9960 7963 8136 5905 9644 8212 6767 5095 8890 6423 4280 3478 6994 5906 4702 280 4174 1299 8657 5043 118 6473 724 2253 3094 4596 1369 1070 2688 2668 7697 5989 9894 2988 1346 4689 547 
9848 5277 7199 121 2800 4198 1648 8582 2947 3856 3027 2835 1349 9215 2890 6682 8199 5563 7635 3926 8112 7755 8583 3493 4909 1243 6472 8764 3390 7677 1864 6902 8428 2237 5542 8739 6827 8107 5201 6776 4775 3785 7267 1659 7289 9472 8833 8372 225 7199 7547 6852 4393 3706 1985 3369 6502 4531 6412 1888 2157 7142 8810 7397 3435 8935 9574 5725 2549 4516 5492 2124 3012 4401 9666 3428 6847 4244 2978 375 414 5974 1063 8425 6563 6361 5238 7531 4761 9914 1824 8680 5614 4924 7817 2947 6715 1579 3222 2430 
9190 952 9363 5756 6360 3516 1453 7336 5075 9715 3007 6377 3010 4857 4392 4218 4354 8727 5371 2686 9503 6786 5525 3021 6270 7807 8817 2431 2336 1289 5340 9141 2601 9313 9472 7261 2613 6873 1130 7371 2475 7875 7576 4804 2341 4240 1642 3113 2105 1145 4662 9267 3209 3715 6688 3356 891 8023 9642 7735 433 46 4923 3205 8435 5325 2208 4690 8217 9333 2460 7247 1010 2708 9837 9344 7257 63 9325 9232 8465 4535 5120 2048 9318 7216 8704 4473 5244 3800 2535 9111 1395 9944 7739 7917 5615 7538 6065 7103 
4784 1707 632 2202 1667 1322 8091 5660 1694 4942 9538 4010 9386 8546 5788 9841 9447 7014 4779 405 2455 394 6728 8431 2786 4688 1946 1353 6098 5743 9002 2771 2298 445 5225 9676 5775 6360 7782 6434 1659 4258 7392 4560 2082 7344 7724 1613 2522 9890 6140 9588 1365 8765 5446 6626 1688 2324 5837 2165 5573 5327 3541 7184 9355 3570 2335 9975 5801 2148 5689 8878 4586 968 4538 8485 51 7664 267 5279 46 9237 773 2156 1659 9486 6749 2984 7608 714 4556 2994 4856 3676 657 4804 3762 3024 4158 1651 
8547 1541 9855 6865 1055 4355 1712 5512 3358 1933 6324 3354 8425 2346 7910 7762 4167 7913 8528 1168 9638 4243 2474 8465 9364 889 8385 1753 7591 4717 2343 6650 6082 7510 297 5035 8819 8041 4851 9568 4475 3887 9995 4093 634 9050 886 4681 9156 8827 2554 7755 9540 4550 9953 5697 5827 1930 9237 3128 1955 7129 8310 433 2574 9394 1916 543 1779 2125 2960 2528 2386 4981 7638 5931 8877 6523 2636 9488 2431 3040 4165 3729 2298 3322 3082 468 7034 3340 2677 6895 9145 7393 2402 8815 7616 8084 4990 2464 
8771 2561 6640 3644 1234 6408 1859 8136 2703 6226 143 3554 6370 5368 4059 1410 9487 1403 5543 8738 9951 3685 1163 2379 5874 9071 999 2115 2673 2164 4878 7914 8584 5788 7767 642 8332 4221 7857 2112 2727 703 4110 4358 8477 3358 3887 3574 8097 2240 6497 1030 453 2989 914 676 6922 8220 1173 9746 7126 4574 5634 3840 2004 4388 936 3312 9295 6821 5792 9139 3647 8701 4714 7915 7733 5707 4407 181 9350 3827 133 474 9090 4035 9121 1288 1837 2589 4527 5801 1354 4031 9738 7183 9103 2135 6837 4110 
3305 6249 2050 504 3329 3881 4174 8022 4645 4408 2149 3193 4991 3799 3480 8354 1430 2983 3484 3268 1703 1642 5129 8471 6592 1067 8745 2729 2898 3809 5678 5763 5453 7096 295 3184 71 9388 1262 2385 6356 8355 337 6745 9706 2356 3984 4861 5807 5329 9910 776 1474 2389 47 207 8409 9646 9377 4884 2521 7847 5029 3352 9109 8642 3526 1089 8936 7454 7065 6841 5052 3281 3723 1657 852 451 1621 2533 8229 5293 172 2665 7225 6858 9506 8960 728 7015 7731 722 1763 9741 9729 2037 8444 444 2789 2664 
2730 6260 3730 1499 969 5363 3872 9469 7139 2594 1688 3784 1109 5255 6080 6485 6756 2867 490 3896 3896 2548 1113 2185 4087 5621 7374 8007 8548 2027 3335 5926 115 6662 3068 230 268 8688 6570 7876 3368 778 3231 567 2904 3052 597 4497 6290 9653 3441 1999 4331 6521 863 5931 2556 9751 9374 7459 6930 57 1572 7499 1460 3518 5896 1102 579 5161 4466 5907 3714 2577 4336 9635 8222 1725 1099 5659 9551 3046 3570 7365 4502 9500 8317 7726 6289 9921 7837 9896 6045 8154 846 198 6745 9116 9288 6205 
3183 9487 9260 3807 9418 1103 3542 705 3601 789 4521 8819 6811 8937 554 9059 1512 1465 4870 7486 9467 4526 9171 55 1084 9035 5528 4955 853 3946 8574 6129 2883 2424 9511 3387 9344 528 6276 7924 4769 8464 5711 8332 831 6452 1654 5056 4192 3212 6471 9259 6009 118 176 5932 6582 5818 8589 3154 491 2199 6230 4069 1388 286 3220 1 6107 7071 9879 6794 5783 2422 4883 6934 8976 8241 1090 7021 2837 6416 5425 4588 4449 8891 6594 9812 5270 3289 3970 3095 8086 8982 5546 7009 5648 2126 6314 7966 
2118 3073 2056 3955 2390 8540 9164 693 4689 3628 6726 2536 6885 3667 5416 7459 1141 5951 1001 7911 4838 8889 2214 5998 5396 5149 8198 9997 595 4368 2842 1811 8237 9516 1680 7091 6455 6918 3268 6977 4515 8296 5393 6753 9435 6009 7093 8641 5392 9759 4136 2833 2965 799 6558 8977 5877 9216 8655 719 489 2074 6167 2213 4283 4180 1141 8582 5239 5930 5956 2490 8867 3235 3032 7953 7200 6898 3535 9169 5877 9112 5487 3952 9408 2943 3965 5341 2943 4220 2333 2058 7367 6202 2932 9285 2228 1471 6616 1192 