3079 1991 4405 2395 7690 6524 5007 6120 546 7589 2104 4291 2913 5373 5647 8169 3455 7444 6930 4676 2427 6581 3272 1159 4267 7065 4779 9285 8453 936 9892 318 6827 5202 5363 2762 5415 6118 6537 5843 1832 8634 4917 1995 8980 2140 3172 1257 2963 8358 4661 112 6695 8807 5161 3674 7570 9631 9197 7115 2360 6111 9640 7318 43 9539 3349 119 8925 407 9615 9355 5127 81 7607 5576 4103 1842 1081 2456 9259 8910 5628 207 6145 4174 7629 9671 6281 4878 8854 9474 4693 1019 3868 3263 7855 3074 4177 199 
3589 4653 6786 916 9462 252 1688 6059 4041 972 3144 405 1033 4658 5545 5948 1717 756 1077 1197 783 5853 5886 8447 8709 9481 4245 4918 1972 1282 3875 725 2931 8817 4675 5272 4846 5360 8883 8649 1237 6545 5530 8841 1509 1986 1850 2465 4436 6574 2508 736 8962 9093 3391 6121 4811 4010 1038 6260 4209 774 1202 5013 7987 7774 9191 4472 1604 9386 9457 3884 4575 1302 2901 1991 9525 9657 8775 5773 1539 5713 8056 2571 4720 345 9214 6964 8256 7006 9721 7015 9384 1328 5423 5104 2015 3120 2330 9557 
9472 1669 6891 3799 6440 5469 4963 9940 9434 5371 2530 9354 5971 9147 571 2619 7785 4265 1324 1875 6658 2830 3101 3780 7805 8015 6397 8703 1272 2049 3925 6935 3546 9735 6090 3831 8198 4595 6045 4856 8996 7133 2234 6199 8799 9249 9644 6537 5191 7992 4131 9656 3470 6678 5212 1419 801 4534 6989 3969 6968 6833 4670 432 3973 4650 5182 5433 666 2873 1499 9301 4385 4086 1831 8525 4830 3428 8829 8683 332 2970 7752 4617 7583 4157 5377 9633 8141 1497 5863 8301 9072 8027 2207 3277 7641 9638 3764 961 
8615 9211 3103 2981 1400 701 8664 9741 9562 200 4409 6719 3899 5751 4468 4680 7470 9322 4527 6542 7349 5107 5101 6559 9094 6675 6407 5887 9510 4565 6684 7263 1618 5349 1180 5549 1413 5801 3516 8720 6833 6094 6974 9857 8433 6836 3453 1668 6040 5037 7555 5954 591 9165 5105 3934 9995 3803 6828 6249 619 3223 9704 2840 1657 242 6649 9874 9481 4669 870 8576 7817 6825 9168 3334 750 1460 5856 2207 9302 7917 9297 2346 2477 9318 5461 5770 5374 4653 7427 682 1842 6515 4109 27 563 9195 1612 1313 
655 7468 9872 6310 7789 9908 2455 2158 4578 7532 2005 8786 4453 4507 8191 6616 2785 2766 9590 3739 6608 7820 6184 4758 6170 6065 4138 4091 5747 2858 8443 1050 6378 8146 4097 4172 7456 9601 3755 3803 4262 9939 4186 6769 8321 8945 2889 3379 1286 5478 4144 5865 6529 1920 2907 9805 3356 7261 7757 3556 6862 493 2815 6909 7877 1582 8650 7118 2425 3711 3786 5975 4207 8856 2479 8115 8898 223 5580 9397 3438 9891 4055 998 7316 8875 8204 8440 3946 8827 890 9009 7744 7568 9911 8284 6274 39 4176 6118 
3555 4301 7261 8981 4176 2712 9569 6034 4489 3106 7987 6532 8508 9758 2401 2228 4907 5584 4370 3181 5175 6888 1195 5968 4187 7822 8738 1706 9725 1556 5296 2062 9926 9100 5340 612 6690 5506 7384 8500 514 8928 9397 5556 4151 7570 6510 8791 524 6016 6502 6197 8340 3871 6144 7705 2987 6709 2520 5641 6705 74 362 6919 8216 832 3852 6130 1814 5520 5458 4852 2053 4811 5162 1004 6696 4762 6327 8959 1796 9480 2338 9414 4174 5529 8577 70 4015 788 3808 4025 3469 9025 9954 5354 7188 9492 1852 5405 
1504 2505 2247 9028 9728 7042 6250 1445 1914 2474 847 9930 4377 7242 6100 9196 5276 4290 5271 6144 756 9645 6512 7156 3621 9623 2110 1379 2932 3047 4632 9596 4047 4433 2413 3145 6260 7333 6855 9229 7035 7215 9709 8410 3100 5230 6817 9076 9318 8012 6997 2178 1144 7464 2798 308 3557 9296 5034 2768 1943 698 672 8582 8181 4722 5286 2801 1707 6018 1667 3026 8372 985 7115 6067 7024 6351 9095 1525 7131 4565 1668 6075 333 8486 7971 518 244 5933 7196 1924 6489 1532 9556 7100 5191 6743 894 415 
121 6585 1986 1718 6771 4130 4706 2875 5729 6247 5727 9184 7713 9358 836 6653 8274 4335 5976 411 60 3004 5234 1860 817 9472 4579 3856 2408 5017 4239 8097 4349 1240 19 6749 9576 4816 7339 4470 9908 4056 5435 2756 7366 6774 6409 2305 9036 8469 8060 172 5773 6595 9847 3406 6712 8353 7109 7842 8950 4647 185 2124 737 2914 165 9271 6122 6613 8316 9492 6269 2405 4795 9712 7837 7272 4308 6355 6475 2881 5294 2482 5899 558 5859 6338 6229 7260 3436 4546 4182 8316 6911 657 6145 3728 546 2852 
9964 1886 5999 611 2316 7611 191 8463 5103 965 2517 1925 8970 4398 4157 5990 1559 3291 2483 2328 3913 4112 4765 9639 2597 4946 2583 3056 711 6559 5735 6810 7935 9542 1907 9495 1746 3204 7854 9941 2501 7391 8962 7661 4778 2229 5029 9819 5012 2907 2348 1146 3940 3927 59 7915 28 4567 8561 2805 7393 746 3105 6065 5253 9402 9728 1031 3429 4071 2578 7212 505 1537 9055 4620 2843 3346 9658 7704 6514 1041 6386 5667 5840 1883 3380 4926 1263 5641 8379 6704 4530 6465 5077 7859 5875 4208 1182 1293 
155 6487 6526 1055 2145 1001 1394 7402 6425 6901 8443 234 1370 464 7392 6278 2896 2377 4576 2714 525 2598 8319 1773 9186 804 2378 3744 8115 24 7849 3081 9403 8146 4404 2380 5557 4982 7581 150 3782 875 2891 2325 4194 6133 4945 5664 9058 6835 363 8028 4194 5588 4400 2000 7157 8885 2690 1370 3001 1754 2857 3946 9270 3845 7329 3727 4272 5579 5775 4408 7949 5186 6064 4538 6807 6247 8897 9454 26 9278 9146 7340 2906 1007 9617 4689 9030 547 9416 3142 782 585 3654 2776 4477 3507 7125 224 
1268 532 7896 4058 1120 7328 7043 6839 748 7069 8552 6321 7802 5496 850 8183 5381 3104 5979 3308 5630 8506 5575 2702 3064 4298 5220 4560 6293 1096 6912 2731 6845 1653 451 4774 9183 318 8034 5657 8023 6616 6935 6948 7933 4469 7682 5503 4802 8781 2650 3951 8851 3830 8978 3893 9573 8434 7537 1960 4238 2766 955 9368 5728 9415 6561 9147 7313 2420 121 3421 7808 9570 1724 6437 1176 9022 6074 6295 5615 6872 2050 5291 2958 4525 9735 7609 510 9683 3792 3948 7987 4830 7671 6928 7895 3110 2201 2838 
4542 9383 3109 2339 6652 1611 5858 7439 9640 5390 5642 307 4061 3521 669 1490 5169 4733 5353 3570 3896 3427 4624 5751 1345 2074 5580 8074 42 7651 2931 6317 1899 3730 116 9856 1322 3767 9338 1151 9973 2196 5983 3673 4066 7466 9030 780 9781 5149 7703 3528 6283 7171 2799 980 6734 8406 2387 7574 2232 9555 358 249 5391 4230 8756 8050 7819 1431 5110 4186 3379 5478 1920 7757 4755 8650 497 6234 3570 3427 5751 8369 2074 8074 42 4878 6317 9314 954 2758 8039 6563 5410 9843 1539 3501 7819 1431 
4709 1978 2702 3508 7220 3411 4343 5022 791 9578 7316 5624 699 558 7426 459 504 6587 8016 6805 1570 8477 7862 4252 1875 3232 3538 1555 6472 3250 2248 4500 6375 4964 1289 3659 1578 8079 5597 5642 482 6597 5971 7121 3971 9490 1976 7208 1165 8712 7889 1531 1630 9496 4864 1613 8048 567 5049 5246 2868 411 2845 6952 4070 7179 8793 6795 9838 215 2765 8011 2433 6354 1035 3260 7853 8992 1236 8774 561 7765 5438 9707 655 2867 3808 1370 8827 8324 2227 8195 7634 1442 9706 6403 4132 3938 2549 745 
3407 4933 2374 5885 7103 1369 3654 226 341 1268 3938 762 1046 7896 1277 7645 2006 3694 7168 6757 7098 2943 6383 4768 7358 885 260 3545 6183 1849 7008 2721 3295 3728 4850 5209 619 2605 7181 2164 6230 6240 4926 2810 5373 6516 9628 9592 8772 9627 7817 2210 7561 5695 5812 9814 817 1119 9348 4462 334 641 2971 7071 7308 2033 6244 3473 7229 254 1034 7668 9904 4884 9180 8511 6046 5370 1753 1578 3973 8181 1437 3118 1965 8693 9638 2189 7733 9154 1889 1384 588 7758 58 189 7896 2228 4370 3181 
4351 8168 3416 9964 8472 8661 5661 3525 5968 4374 1320 4766 468 4133 8965 4011 3265 7252 6112 5289 5259 9637 3861 5275 6379 9798 7772 740 1926 2139 2839 1472 5787 9987 9032 3966 5824 8694 9567 2284 2122 2524 7170 6 9384 5985 9229 6231 8807 2399 3958 5238 1217 7687 7394 9658 7585 6683 5250 7704 1926 5422 4310 6386 6544 7140 3750 6486 3152 9712 2138 9107 6595 5963 8815 2360 9986 1274 444 3354 3929 8006 6470 4493 625 5823 8781 1376 1254 7933 3951 1531 8851 2866 3830 7334 3893 9573 8510 4205 
4263 3554 8549 7066 7280 8876 7849 3251 3081 8570 122 9269 3031 5328 1576 9786 2669 3009 1908 2577 4397 7961 2569 293 788 2726 3441 3890 5153 4732 2280 6719 6865 363 2193 1481 3194 525 5909 6390 6369 208 4824 3061 6532 9412 4254 3488 1510 9790 3335 7857 7404 6997 7474 8552 7506 932 3421 9610 5306 9398 2736 6532 6200 7524 3487 7947 4455 1842 9285 9809 2788 6736 8286 6208 6687 8722 1714 3816 367 9571 2940 8735 477 7631 2431 627 1281 4 4404 4318 3610 836 2889 6872 1242 7710 609 2857 
4529 7522 7558 5462 111 7198 980 4284 3023 2189 7858 7245 2976 5937 3500 1146 8066 5349 7297 2601 3074 7887 6201 8763 2393 8084 6966 6011 6991 8594 3021 8817 1289 6817 7188 4795 2896 3023 2863 9690 9231 7485 4770 3372 8167 1690 8474 9947 5433 8644 5365 3926 2206 6734 1672 5550 1653 4734 4095 7171 1857 7263 5153 5205 3903 5851 5619 2373 9464 7379 3099 6467 1063 6223 5897 6025 2702 1013 7172 6212 9219 956 7570 4689 2245 7670 3588 8058 4044 6961 1713 4153 5194 2808 4431 270 1668 1108 9069 8482 
8683 8210 8845 8044 1814 2443 298 5577 5092 3442 9997 1290 7612 8730 7602 8917 6287 6222 4070 9921 760 2050 1789 5927 794 3089 804 9280 9456 2087 1678 5708 393 7195 6721 8503 9365 2379 8781 2650 1254 3951 1531 8851 3830 8978 8510 3502 1960 8216 5417 2486 6561 3149 5072 9858 4800 7313 8193 2420 121 3647 9468 8964 6448 9361 6995 1318 1680 4857 1763 1082 5226 5603 4567 1658 3800 9503 1805 5468 6228 3192 2437 9897 8787 1671 5445 4169 1011 6141 3999 4570 5221 3687 6686 485 5193 470 4578 8905 
1041 24 6901 7876 7262 8181 7370 4246 6868 5717 1483 7586 864 8602 5107 2842 9882 4677 9348 1913 5590 2489 4660 3209 9107 447 566 3856 2973 3193 9852 6964 3579 2595 6696 373 727 7693 132 2783 2205 8253 6491 392 9726 6243 8474 1218 7068 8198 7439 737 5392 5439 5122 9896 5354 8414 3693 3988 2489 7173 4377 8533 3437 2622 7212 4822 5328 7816 1576 9786 3009 5891 3080 1908 3064 6285 5281 8581 2577 8364 6736 7747 2569 3557 6773 7946 2664 4838 8235 1102 6369 8684 3475 6475 334 8449 9501 627 
6458 1653 4374 2857 5589 4039 3859 6550 9888 5573 4901 3564 4684 9590 8491 6525 1345 1643 7228 3907 9344 3572 5444 3599 9301 1609 629 9808 1761 1105 4140 3856 4826 2914 5108 4265 6593 8296 8764 2615 1891 5511 6057 2890 9553 4720 1717 3072 4864 1603 22 4567 5161 7491 3548 322 6372 2301 4962 1508 7113 8539 9 3826 4862 2992 6477 7428 592 1873 3702 5300 3253 1270 5004 1045 797 5884 2195 7624 1874 5760 1278 2936 9128 1162 501 4833 2434 6659 1262 3720 9109 7335 691 4682 2699 9655 4496 8734 
788 8227 3142 8089 4987 654 3222 493 7712 3457 8604 8544 7033 5278 9857 2270 8447 3293 6706 8119 1940 1180 7671 1569 5243 7594 9055 3526 3681 5250 9261 1926 4318 4177 2241 1899 5581 7183 3152 1263 5641 4348 8111 399 7308 8604 6247 426 7521 1427 6441 1556 5559 5026 6923 5711 5222 5628 9328 2357 8531 3216 1133 7110 256 9086 6932 1108 6090 3316 8259 2491 2811 9419 1800 397 9897 60 3233 1671 8943 6949 6368 6630 3380 5979 5017 2762 9696 8313 498 2166 547 7574 4230 7251 9259 2534 7469 39 
4854 5212 6055 2420 1788 1591 2370 7354 8098 8184 7070 9967 5554 376 4251 5815 2797 937 2875 6752 620 9578 3348 3679 505 7866 8182 1769 3357 6216 5319 1497 3716 6104 25 7170 4589 6577 391 6397 6133 4413 2470 6217 8543 8226 9566 9142 6725 3211 6925 2877 236 1054 9079 8621 9754 7304 5248 4029 8278 4153 3507 5396 9139 5831 2988 3296 5535 63 2385 5297 7267 3524 9316 1659 6243 562 9301 2134 1721 7027 4622 1246 3566 7065 764 4913 501 8148 6232 4179 3031 7541 4645 4290 3203 8407 2908 721 
8280 7917 8092 6498 1061 1416 8102 6323 8502 6577 9536 4452 8110 1332 1820 8388 4983 5179 1763 9690 5484 4486 6390 4041 2230 4316 3286 8855 77 8855 8333 1421 3145 3536 266 8025 1208 2169 7823 5472 6463 5319 8859 3590 7073 3352 2788 1250 5770 355 4168 7497 3018 3707 6608 696 780 9411 9781 2538 5149 475 7182 5262 7703 6523 7835 3045 853 3104 3813 3884 720 1912 5520 506 3265 867 8570 122 5394 9208 7685 9598 633 1176 6966 7019 7427 2823 4480 6608 1028 2406 2386 7962 4100 2927 8994 4409 
7386 9758 5488 9841 2401 1094 8218 9669 5175 8168 371 9964 6888 8472 8661 5661 5968 4374 6556 8557 6907 1662 2869 6390 1001 4772 6893 5426 4743 5489 5918 1341 477 7890 9387 8348 9989 4318 8344 5145 9954 8158 5513 2587 9012 3547 7532 2632 3366 2371 2555 3036 4707 3332 8006 9029 8166 7799 7805 5214 8025 940 2798 2646 8606 5532 4714 2376 5357 4728 2790 7899 1520 4653 8479 7016 2114 2707 8064 1513 9062 8474 2774 7738 7607 9757 3117 3768 667 697 6367 6582 9788 9995 2693 7663 2908 1928 6688 6268 
8524 3410 9480 3422 3417 2097 1142 1991 2190 5699 6216 8647 8347 2857 7322 4054 3994 2192 7430 1207 3775 7905 2507 9754 2069 9392 9252 7729 9945 1152 1736 139 992 8450 4855 9113 16 3738 3818 484 8604 8767 9409 5707 4562 5640 6135 2504 4965 7493 4391 9489 2154 9674 2408 2162 966 666 3484 104 3723 2911 5652 1493 8990 3340 3509 6760 3778 6894 5162 617 4425 3011 5061 1462 1823 6365 5658 6577 1806 4918 3250 7569 3845 8883 4430 70 9233 8172 394 5087 8756 3313 9805 470 492 1981 9223 7991 
6583 2013 3700 6168 9553 6612 4688 6614 2583 9938 6926 3553 6930 8651 9162 9907 4872 8866 2818 5783 2887 6047 7593 8373 2368 2360 1812 947 9167 391 837 9574 3245 6673 2420 108 5262 5341 5912 1176 6444 4464 678 6699 852 4996 4391 5827 3805 3656 7564 5543 6266 1807 7520 8423 5668 8436 5454 7841 9065 2190 4817 5006 6878 4619 6910 8794 9358 9320 9516 5837 3745 724 8913 1325 1790 358 4271 4789 9780 7212 2500 7943 2110 2506 6252 8175 1220 2676 4311 8328 5464 6534 8949 1059 6858 2508 6169 8836 
397 7256 5669 6110 206 7238 3022 4064 2808 411 421 2845 2965 8577 4070 2694 6795 6841 2765 9565 2368 6354 9199 352 5616 7662 1117 8677 5473 9777 8829 4815 4213 3565 2303 4342 6999 7682 43 2225 167 3654 192 7235 4673 8098 8609 1253 6833 9325 440 8626 4525 7562 993 7569 9961 2939 1739 786 4728 8963 8844 3692 4997 3693 7901 1456 5178 8604 8945 4125 6341 4014 8086 6866 2113 2940 7796 5833 2700 6174 854 5933 4647 1183 2547 790 6624 9324 6159 7567 3770 2169 6055 2296 3489 2163 9867 7159 
1352 2858 4319 438 2917 9381 7849 2315 708 7631 7617 7287 1662 3940 4844 6355 3781 6472 7605 8495 1522 8909 5072 8673 3185 5461 2057 4177 1579 9297 2248 8421 3484 1290 6043 6834 9736 5424 3884 956 394 2959 3125 9312 1879 1781 9018 2392 5131 9130 5943 3909 9353 3190 9418 5457 8251 5311 125 2031 9598 9052 2819 879 9312 2879 8336 5806 8511 2180 5076 9727 1552 2220 4615 7065 8117 3744 7872 6035 4984 5427 4188 9408 2452 5919 4802 6690 1637 7941 7657 3846 1870 6276 5684 3938 8563 1687 3324 6771 
732 4675 4233 8207 5045 1993 4567 1414 7779 7713 7539 9824 6899 7351 6097 3985 787 4527 4279 3121 3716 6434 4458 3853 2951 4445 4709 1729 2080 453 7457 9565 8738 8177 2306 1028 3189 9397 2118 6168 44 9977 1041 5781 6923 7656 7836 7584 8911 5953 5283 7564 7442 3307 1198 1870 6826 9831 837 1466 5262 2402 697 4380 6487 1109 632 6422 601 6190 2605 8322 3430 5676 6654 151 3248 9492 833 2685 7887 4781 6368 9540 914 1121 6965 5546 8020 5907 186 1319 9044 2198 1948 7782 1368 8040 6699 1798 
7866 4057 4404 5724 4311 3826 9212 4687 5555 5638 7429 867 7215 8610 434 2464 3358 1793 3536 2868 5648 5536 7275 8471 1699 313 3433 5218 9955 2398 2361 6864 3806 7222 9545 8523 6643 1332 7697 6431 1408 1921 8657 6681 8367 2345 8071 7368 4344 8367 9189 9642 6609 1272 8157 6081 1324 3111 1302 5517 7774 295 6092 474 4525 7552 8106 872 2701 2865 2665 1891 5410 210 75 9592 4789 8297 7031 9554 9339 4037 6986 7221 2078 1563 1716 2022 5393 9167 7070 6716 7172 4461 3960 1532 872 8352 1630 7216 
3633 2821 982 4934 6567 6879 695 3357 1924 7832 4964 4171 859 9071 4186 8360 1582 9280 5836 3842 1599 3710 6379 8100 6327 3333 8332 3946 2314 4445 3153 394 9269 796 2754 6890 1079 9642 5185 9347 6696 7384 4659 7815 4378 8967 968 5590 7638 2756 3699 4999 5336 6953 9315 5913 9074 3997 3161 5397 783 6995 2055 3427 6565 6598 6251 634 286 7145 1067 5259 786 4116 8588 9532 7335 8035 8318 475 7000 538 7939 5215 4531 2701 8000 1920 2521 5568 2825 6413 3312 54 9128 9552 9071 3683 3781 8293 
1037 9748 7664 1428 2618 1931 2326 3416 9458 8985 7207 3944 8634 5398 3989 2842 7852 7865 8204 3121 7616 2017 5951 1860 6597 7264 118 6495 8222 1678 207 511 2292 7466 5242 7653 2728 4062 1103 8922 6832 3381 8055 7070 5258 501 925 1575 3600 3824 7205 1608 8683 2280 3104 5625 5108 6378 8977 5192 8634 2483 4253 5720 399 888 6093 8596 5951 2336 1110 4885 2930 5089 9369 1654 5683 2482 9277 6163 8873 550 6097 2992 4801 9149 2489 5222 9393 5893 5845 5022 791 1075 6713 8034 3705 2901 2 8235 
8358 3475 6475 2636 6837 5285 8237 9358 6438 5393 6224 4289 4159 2823 4461 5585 4900 3221 1162 4676 3673 836 3584 7759 963 7698 1406 1101 8932 2815 6383 4666 9859 9509 6418 9343 6046 9306 8834 9334 1070 5661 2725 5124 7967 9075 9989 5644 2616 4773 2740 1446 3774 4479 4223 3459 5460 8714 573 9325 2242 7723 3690 4402 7533 6256 7078 8611 8882 8610 3693 1895 4088 5600 5789 9156 5310 5597 705 643 7842 4193 1569 4240 4055 8474 4565 8607 8485 6379 2193 1358 497 6297 9934 1320 2307 5916 8136 8792 
46 4469 3679 7682 2767 2914 1054 5594 4061 3521 669 7413 2573 2367 9829 869 4927 9692 3974 6434 7746 9692 5797 2630 4208 3579 2595 5642 339 552 1885 727 2783 1683 2205 5693 392 8393 5734 2589 2280 6766 8450 377 2519 3608 6083 4536 212 2198 3699 7413 814 9381 2230 9725 1505 7039 2861 9891 8818 9036 8306 5698 1751 2623 6164 4545 4890 1791 9570 9272 4758 3413 4140 8618 4593 3768 5387 9932 8694 2327 3131 5947 8552 6989 4257 2906 7847 2222 3694 6757 6092 6915 9729 447 885 127 6607 7192 