1577 7229 9525 4056 1985 5391 6374 4004 5092 3587 4918 3392 6879 1918 4836 5911 5566 4808 74 8483 9444 6495 7879 2592 9963 2010 7102 6954 9669 1381 1853 4747 9847 1812 2187 6298 6316 6017 5302 3660 3340 3344 8441 2760 8360 4613 6899 812 5063 4490 4717 963 2159 1291 7603 5477 959 2594 4342 6471 8362 8165 2167 9367 1743 5837 2933 2351 9109 2361 2934 7462 5859 6019 5717 4330 8639 3322 7631 2053 1859 9314 1406 6358 2382 8818 6025 2732 932 9201 7619 6335 1298 5869 6439 213 5173 6462 1333 1231 
1349 2890 3905 9672 5577 5507 970 5411 9162 8373 6269 7178 4242 9969 5777 518 3450 7419 5324 1552 918 4823 7721 8125 5844 9343 6214 2774 9377 6545 4701 3707 1832 307 9681 5910 998 1591 734 9621 4758 4322 1532 3461 602 2965 1866 7900 3277 6505 192 6607 6373 8720 7723 4315 7443 6275 500 2087 8244 9704 8645 146 4180 6296 7443 8243 2394 8920 2597 6206 9454 8262 4033 4305 6050 3674 6580 8719 7130 478 263 8069 471 8771 1320 799 7433 6764 3704 8122 814 5262 9651 1852 9620 8781 8391 8738 
939 5914 791 7542 3323 7682 6122 554 4249 875 4296 2555 7476 2566 1590 5480 5331 9551 1875 9842 6172 7884 4588 4641 8958 4872 3064 8500 568 2680 4663 5673 4035 3567 2304 6946 5593 6415 5782 6332 5247 9037 9862 6242 1363 1829 1712 1309 7098 3357 6230 2452 5184 3342 7969 7809 219 7551 4822 2989 9818 1663 1984 4733 4155 7212 9221 729 4368 4784 794 5351 4757 9688 209 9796 7422 5690 4568 8476 5666 80 113 9477 9060 1255 9553 2424 5113 8887 2086 2237 7006 1000 1868 62 7282 9168 6580 7986 
3141 2694 790 2522 8541 2481 9054 2665 974 1926 3820 3727 7406 4470 5721 7881 1935 4602 9576 2039 9376 8076 9483 5908 2701 3234 1848 126 565 7677 8199 4949 3254 6939 5972 305 3345 1612 5448 2167 7406 7522 5167 6227 5094 9980 7128 8163 7532 9724 6812 1525 8922 5323 9274 1684 1775 7194 320 1115 9161 1942 2297 573 5461 9548 1753 6867 6719 6496 3429 4695 525 948 161 7914 1759 2020 3133 7961 6635 2881 5372 3699 9887 2924 8666 8907 4918 7848 3778 8067 7214 4752 2198 9811 8961 5058 9842 3620 
3436 4683 7027 5120 5379 6832 5295 9570 2217 8120 3386 4283 6523 4794 2714 2319 8202 8901 6366 3202 9312 9051 3316 8061 7518 532 6457 9526 3271 1266 8140 6622 2286 9102 8770 5233 9116 6166 1869 4982 5480 411 9029 0 7739 7245 3715 6875 7730 5079 7267 3591 6776 9400 6903 665 463 5063 2200 9377 9240 6224 2834 213 1475 5402 161 647 1291 2873 3949 1704 5736 900 6084 6837 8416 3706 7866 314 1255 4850 2931 5020 6092 8198 7161 2702 7470 179 8697 5014 490 725 2085 2335 9787 6250 8519 755 
4963 5354 1402 6184 1031 9842 8819 2616 1879 3020 1211 9504 4767 5593 5100 7800 4833 6491 467 3533 7868 9343 1307 1490 5796 2430 1452 2443 2007 8781 2489 686 949 7344 263 9334 1383 5547 5877 1128 1903 7947 595 6123 3642 1903 7613 9438 7459 7242 7159 9903 9249 5940 4345 8041 9594 9028 7329 928 5215 7009 627 3868 8882 2436 4463 1357 6078 2718 1868 6430 6915 5408 8131 4705 6272 7886 3310 2134 2098 2569 3492 8176 5288 6396 5044 1597 1858 8311 4283 7518 5713 485 539 637 2837 2351 9109 2361 
848 2983 692 4623 6019 7456 5717 4330 8091 8639 4256 1454 4795 4291 3498 2053 1023 8009 8466 8423 9314 1145 1406 6358 8607 2382 8401 6025 888 2732 469 5879 625 9201 5188 7619 655 6335 1298 9834 3655 1051 857 8016 5869 9068 6439 1535 4197 2931 6462 343 1333 2487 1231 9308 3463 1349 2664 2890 3905 9672 5577 5507 970 5411 9162 8373 7178 4242 5337 1903 518 3670 3450 6484 1135 5324 5003 1552 4632 9253 918 7482 2143 4823 7154 7721 330 9484 5753 9374 7093 7443 9343 2870 5698 2774 9664 9377 
6545 799 4701 8703 5686 2718 7956 6604 201 6452 3707 4462 1832 9 307 4683 2115 1776 5377 998 1608 1591 3891 734 7607 9621 4758 4322 1532 3461 6360 7769 7155 4221 7097 863 1098 2695 3730 3223 7900 5506 5485 6505 7093 1220 6748 4179 5179 7810 7044 5694 3404 6297 7519 2721 3452 8093 9818 4315 9191 3363 6651 9596 3445 5304 1711 1809 4697 1279 7146 6165 4675 2840 5915 5489 9787 8942 4232 3323 9609 9775 1053 9324 6427 7002 2653 850 8074 717 4328 6235 5873 5377 1144 1561 1606 8707 3450 7899 
7882 3389 6178 1387 6762 4644 6537 3969 9316 5470 3091 8322 1165 9039 3352 7400 1264 8730 4896 2825 3672 4459 5784 4498 7708 5525 7028 5447 3790 158 5204 328 8626 5525 4096 8616 7966 3120 9781 3357 6473 3533 4622 8430 7447 1891 8454 6350 7468 5989 4229 8020 7946 8757 4700 4283 4344 2899 8663 6493 9033 2020 2966 2566 4521 7348 2764 5774 435 2667 6424 2587 3249 4212 1269 8511 5969 1435 1884 6665 1136 7653 6521 3701 9087 6695 1492 2788 7137 4256 8590 9263 9025 8857 1801 1444 1991 3936 9612 1538 
1933 8664 9774 4950 6176 279 3829 3783 332 9223 2230 1638 4851 6597 7728 9555 878 1033 2809 561 6123 3474 2057 854 47 6424 5708 5239 6908 7646 7218 2022 8345 8679 6129 6750 3513 9598 6817 1462 4799 5528 9976 660 236 1330 9367 8080 9232 909 9896 6908 2744 813 1612 7490 439 6997 2093 520 5502 4944 3919 2294 9516 2883 3745 724 1325 2315 2500 6192 6222 9105 2307 5920 2467 4311 8328 5464 4780 7051 6169 8836 2498 6150 5008 2189 1539 1456 5948 5306 1501 4859 6595 6025 150 1622 4157 1587 
8897 4231 2661 1884 2041 176 9907 5593 5231 7873 5217 7933 3834 8673 2349 8274 7288 2401 990 5555 7559 8755 6090 3160 5357 976 749 9505 5590 7555 3645 842 4641 9548 209 7807 5359 7095 3327 1810 5155 564 9962 5244 1641 1569 9731 8162 2166 6169 463 3125 4245 6162 7445 5526 967 6131 8645 5906 7061 197 2942 433 4477 3110 9729 481 171 1731 5342 3190 5035 1820 6297 648 1320 9312 227 8030 3175 7366 5487 7742 7982 3814 9714 195 4566 9483 2849 6676 7469 8449 9695 3509 7778 3618 626 9287 
7662 8799 9495 8890 2604 9856 5951 8217 7175 9466 55 5731 6264 7905 8939 3325 7285 5036 5081 2430 9699 3901 3756 1500 7271 2710 7623 2248 8290 5725 4233 2081 270 6903 8790 518 3409 6890 1261 4758 8189 5197 8186 4076 8480 5118 3301 4653 179 7592 1505 2703 6342 805 4557 9095 5075 1439 4146 9474 6005 7221 9702 1232 4406 9189 8817 6919 4169 803 754 7381 839 684 6508 8932 9198 7560 2108 2681 1936 3714 2267 6102 657 3142 4787 5010 3762 5975 1471 3438 1055 8875 2842 1945 8494 5516 1265 2643 
1366 2570 4092 8119 921 5297 1180 2578 7212 4963 3526 3346 3681 6109 1478 5337 195 4988 6418 3687 63 8048 681 7686 6590 9640 5390 1805 5202 7691 695 9989 9658 5337 8868 8770 764 2456 5343 6372 2087 7585 8515 2390 681 4263 9606 7188 5032 8779 3023 2863 4388 849 9690 190 7137 1058 7572 106 1065 9947 7689 5433 687 8644 2634 8334 2206 6734 224 9082 5550 4734 3528 9659 4095 394 2489 229 2381 4641 5750 751 1468 9443 4593 660 8789 5541 5676 192 91 8831 1153 597 3754 2260 2793 7864 
1180 2964 2415 7374 2593 5495 243 4170 6237 6549 842 216 5954 1555 176 5216 6632 3441 7019 9862 9721 5455 7427 3494 1109 7014 3755 387 1037 1560 2469 4480 9753 3124 6951 2406 9400 8636 1560 8644 4718 2406 6741 1669 6587 4780 9400 8636 6549 7962 4067 7191 494 2656 3150 8476 7876 9219 6371 1472 3678 6653 9853 9421 5152 9805 8577 5406 4348 6354 5147 5829 1220 188 1980 4287 6543 4479 8435 9968 8306 6472 4209 8565 9184 3845 4372 4475 3442 8327 8993 1151 6836 1684 3673 2857 1579 2218 8113 9047 
8990 4847 9104 8097 2633 3792 7386 8772 1281 8843 1737 1057 1112 5465 9093 60 1792 5720 3116 4007 9460 1054 2717 3705 3112 2198 8549 669 6339 862 6393 546 2819 605 2913 8923 9652 9788 5028 7890 485 5803 6371 9284 4578 8905 1080 6317 5875 6526 1108 392 4814 7876 4384 7262 9055 3681 5250 13 9651 6610 2765 4026 6284 7649 7614 3015 4796 6184 4138 2858 1424 6378 2651 7456 6613 4262 8321 1362 3379 5478 5865 7757 2660 493 2815 6909 7877 2425 3711 8856 223 9855 4355 5512 3166 4173 8636 203 
6324 8000 3354 3177 9652 8425 8166 9617 5545 6600 3542 1960 8402 4768 9465 4763 7541 5291 3576 5011 2043 4738 1866 8824 4995 3461 3016 8015 463 7763 6680 4602 3507 224 7995 7297 1726 4644 2288 7963 5968 8747 3286 1041 2767 1054 7393 3705 6000 4061 669 699 4733 3570 4624 2074 4878 6317 8571 682 7939 3622 1920 21 8637 6991 3202 1754 3673 2857 3946 2735 5425 9047 4758 4140 640 4109 2669 123 7259 5085 5827 7779 4179 5542 1428 3781 7117 4058 9870 5395 9632 3203 2405 2551 7485 5541 92 7804 
737 996 2877 4072 1841 5513 8279 5211 4041 3344 4224 9706 5101 9771 7339 9264 2863 8606 7568 9764 1345 7245 8961 6117 1961 2233 7368 1880 1271 8172 8821 1803 8212 4269 1638 7417 1143 3945 4575 2465 8686 6983 6335 7212 3307 7639 4054 273 4732 8267 4046 6613 9094 6566 1594 3074 5159 548 5167 7384 6260 8227 4104 6286 4488 9934 5273 6521 2998 9172 7851 6265 6247 1534 6989 6793 4257 1563 395 5478 7305 2449 5839 2218 7503 2538 140 2610 475 7182 1960 499 4328 562 2889 4862 6979 743 9821 9809 
4539 6679 6581 1808 4590 1567 9070 1995 5515 2983 206 5799 9083 2793 4898 9643 6831 666 9791 2946 9627 1850 8543 9750 9394 718 7464 3524 5780 5785 3914 6683 929 9624 2390 8758 9753 4586 717 1954 8913 5714 6407 9649 1326 2394 5778 5918 5210 8977 7055 9814 5815 9595 6021 8348 1924 9989 4838 2051 9743 6014 4512 2081 2764 3943 3713 3283 7601 9733 230 2649 5515 1152 5688 8876 7481 5156 1475 1638 4664 7301 5897 101 8862 1352 2601 4758 5060 3768 6608 5844 2834 8985 7868 857 768 223 4409 1323 
1386 3211 1846 4395 7473 286 5663 2649 6659 6767 4194 9788 7987 6807 6265 1929 7461 8897 6989 6793 7368 2906 395 2415 1548 1475 486 5512 2534 6394 39 2809 8312 7475 2420 1788 1591 888 8098 8184 4936 1330 7721 9396 4204 5815 2797 8659 6048 7846 5278 5215 6540 6121 5653 4380 8106 69 770 4646 9172 3228 8895 8319 4912 7710 396 3541 3111 37 9665 7250 4242 5179 6536 3930 4077 8347 2648 7100 7011 7468 7505 7171 3529 2945 8659 2775 2239 6007 5618 5864 838 2962 1544 7207 6088 2604 5962 6278 
2842 7852 21 4743 3663 6775 4608 9215 7355 4954 8255 303 9656 9407 1749 6956 7259 1198 6941 7084 6740 647 3647 377 1548 6448 2881 465 785 3635 8435 4983 4978 8727 8858 5468 8121 3704 2336 4059 3098 320 9313 8069 3805 6416 2875 6102 7699 2421 8248 8943 6623 4855 8954 8529 981 823 7879 1505 6915 6058 6745 4930 5476 3757 3929 9805 470 5624 1702 496 925 3208 272 4708 4375 3815 6680 1267 6845 2067 7325 1146 2702 7606 9041 1761 6526 4964 8514 8034 7028 343 5456 1489 7764 4122 1728 9842 
1303 1741 268 9047 8369 2959 9355 9763 4834 4375 7032 5795 6068 5390 7998 8736 6391 4460 3232 9859 7830 4715 5529 9103 5153 1887 9845 9811 5817 4195 7328 3529 2552 6279 1432 6445 2247 2092 7131 2142 117 8955 2484 9171 8030 3513 490 99 7074 9763 3777 986 3601 6665 6474 8877 6817 7250 4810 1054 485 7119 4225 2175 9077 5085 4884 5001 9008 4267 380 7387 1605 5977 340 5561 2534 6144 3216 5346 1788 511 7466 5242 610 650 9269 4062 1103 8922 2564 7909 2625 2599 5631 7648 3160 5759 7658 2104 
2998 3776 2538 3323 441 1749 5619 3482 6637 4710 1407 3719 7349 6708 3736 5758 6365 4003 7576 1520 2796 8866 6566 1976 7199 2478 5524 7477 1678 6431 9820 3233 2567 7703 3859 9348 9654 1632 6686 8016 7847 733 7442 2723 5544 9284 4578 3594 8905 5507 5077 5603 5875 2713 6985 6526 1055 7402 8443 392 8725 7831 8811 5996 9333 5393 9425 9384 778 4031 776 7152 179 9845 8930 4942 8504 890 2752 9000 53 5335 5346 2830 4933 5740 3089 8745 5044 4054 8319 3133 8512 7380 2364 8796 997 8589 4583 6278 
460 8188 8486 348 9946 3673 4069 6987 1847 1652 9283 8937 6420 8254 358 8525 2443 8398 7348 1050 6350 7671 3082 7875 5203 4155 1010 7831 580 2811 2406 7019 4707 2526 1150 1497 9029 8166 7799 7805 8385 8025 2798 6781 3173 6394 7881 8537 7551 1122 362 8885 8216 5642 1640 6895 7324 7417 4391 4117 5950 7488 5860 134 5506 7765 9349 8980 7657 7734 9701 6175 8467 6970 363 8099 9604 3703 4114 8884 115 8855 5196 9310 2581 1304 8407 365 6504 257 6584 4816 23 4391 6921 6889 2534 773 3967 6454 
7041 8434 8151 5226 4760 7875 4991 7827 6583 2013 6038 5565 8933 5731 741 6168 2368 3575 1343 7067 927 8537 8401 8103 3991 2174 6991 5609 3062 4610 282 1540 537 2048 8637 3366 5452 4791 4007 5653 3849 4648 2541 1786 1366 2794 8130 7891 5754 5601 8053 4636 1684 1570 3744 145 4368 6980 8260 2746 275 6234 4076 71 2890 9677 6786 3284 4708 3904 1558 4390 8143 7470 2545 8659 6602 6843 2989 647 4862 5080 5653 5136 7716 6750 6945 6065 2232 9319 1549 4930 2523 3601 6665 6474 6817 1646 4146 513 
1499 2948 5608 7585 5810 5544 4702 650 4850 3768 1883 7231 3862 8603 9647 3293 2007 6858 397 2421 7612 9511 2742 3363 9454 7220 324 9187 1195 2721 1383 5348 3593 82 8558 426 8012 4242 2070 7529 9689 1583 286 2218 5661 5767 5903 1330 7182 7962 1675 9554 4803 5290 4823 6828 1370 8970 5596 888 7974 3659 2589 8940 464 6755 3538 7397 2993 3277 517 1566 3518 8723 6841 2977 2416 1788 196 4674 3872 8533 6572 2939 6983 5536 7750 7639 8267 376 2282 8553 8606 2851 5127 5568 4394 2526 859 2066 
839 6554 2715 550 7217 4428 4137 4191 8360 6935 1263 6948 681 182 8744 4684 7308 5029 7461 6988 377 1548 6448 2881 465 2858 7439 6452 5642 6536 695 5337 1304 6962 2352 764 6040 1376 749 5622 934 6916 2530 9428 4842 7292 875 595 7188 3737 388 5192 9045 1428 240 4551 1795 1619 2004 9231 2053 6018 9087 8531 855 9285 569 5502 8529 4193 4667 2822 9505 5523 4353 6578 8454 7929 226 5329 9511 3489 2018 7728 1502 8758 9072 1488 5301 4646 7047 7278 7892 7134 4714 1550 3403 2475 3423 2077 
4404 8528 6100 5412 3402 5270 6413 4532 5577 2344 5195 5876 4307 1521 9279 301 1683 2683 9997 1142 9910 4839 5762 7491 305 3376 9873 376 2104 3319 9031 1422 4069 275 7562 8506 4403 3965 9367 6413 7642 802 3629 5530 6575 4068 2446 8063 8336 5513 9041 599 3697 1680 2681 2263 1089 4003 5437 2224 6450 302 7076 9273 6802 2665 1613 2609 9427 8602 314 2179 3891 5378 2744 9546 5362 303 2336 9185 3048 6718 9714 6474 8184 1348 2796 2923 4866 1992 135 6215 5253 3644 6667 2414 3839 9737 9905 4029 
9535 6981 2213 7117 4715 8413 1269 8964 1116 3573 4364 3417 2831 2366 7228 5999 2470 1434 979 7799 9796 9685 3070 3883 1115 1623 3117 3478 3959 957 2549 577 8357 7483 4029 1949 6807 2273 6433 7509 4545 5879 1180 7929 5616 7104 9719 8600 6901 5234 1440 4862 7282 6903 1773 3944 4964 3703 7188 1865 761 9819 720 1483 9088 4053 2228 4200 3048 1170 3271 4444 6503 785 9150 477 4215 6795 5823 1254 3951 2866 7334 8510 7537 1960 2141 4238 8216 2766 2592 955 6416 9704 1852 9855 6556 2577 1878 2052 
6690 6588 8500 3526 9397 4151 8508 6738 8791 86 154 5439 8654 8532 8340 3200 7793 9938 6802 1795 5488 8626 2591 8205 1303 203 3242 3649 3311 7431 4810 7289 4866 7573 4775 4086 8484 4641 6814 8025 2015 1622 6356 4674 5845 6370 1319 7581 9787 3432 7535 8289 8162 1892 8749 1681 2766 5401 8387 6057 1469 25 8816 7875 7257 1699 6670 7657 63 7951 6775 8324 9004 9325 9232 8465 5219 6682 2048 9318 4473 5244 3800 7558 6028 2235 5353 681 1239 8162 184 6174 370 9600 813 6212 8547 4868 1901 5738 
5777 3850 1937 3626 4220 9578 5447 1229 9016 5135 7037 7339 6751 2000 4461 1907 3047 3908 9596 4047 6525 9485 4153 9923 6260 5577 717 7589 9400 6179 8139 1674 162 275 8174 2095 8436 1425 9454 7277 7296 9347 3066 3873 9413 4879 5017 196 1605 7428 8020 2136 7618 1888 6276 310 1147 7668 2550 2353 9422 1507 5268 128 8957 1733 6326 1402 6998 7306 8901 593 900 7443 3516 3828 7612 3250 4112 5471 9316 9781 314 5698 1513 666 9734 5635 6134 7691 8706 876 2791 6780 4992 7995 3028 1877 7842 1998 
5963 3654 8713 663 9985 5655 1836 1142 8523 8300 9384 4527 5220 5619 7642 2313 6365 3378 2107 9352 8005 9825 8988 9308 7099 1522 4806 4359 493 5826 2083 4666 6072 2389 9970 564 8848 952 7682 2881 7735 4362 9967 996 2957 5135 7152 3534 4879 555 1549 8897 1547 4001 8051 3857 966 73 599 9375 4695 1964 2538 6075 1703 6354 9549 124 7923 5591 1803 6493 470 8710 4388 9997 9919 7960 128 8927 202 5707 9577 3637 4024 5661 3168 1876 6659 8770 401 4007 1609 7174 8233 6268 6874 7969 3343 9018 
2994 1193 7900 2768 9511 9690 7016 8435 8719 5230 9186 1187 6570 2313 513 6761 856 3357 4266 6962 9173 5101 6508 5326 1975 259 3787 8860 8662 8316 5818 8559 5859 6583 7589 8796 8224 1392 4091 1041 3678 4273 7583 8177 4179 9794 9358 8263 7234 5631 2977 3667 5020 8877 5123 7569 6952 7069 2172 1640 6463 9885 8685 7864 5312 517 6186 4295 6467 1920 9005 8239 9419 4426 1256 4587 5037 6650 1467 9113 706 1477 2341 7397 5552 5340 9472 5681 7558 287 2054 2500 1087 5148 9534 9791 6397 6583 618 6187 
6606 1431 6579 2669 3136 2610 3516 8611 5921 1950 9726 5468 5651 9908 3764 9741 3899 6226 6675 5887 5817 6789 122 1372 4940 1469 886 2701 4697 5477 7182 272 232 6728 3739 4495 9156 9212 8841 4338 5029 5631 812 7003 1725 9546 6409 432 3953 3133 5036 4962 5275 1546 8355 9271 9202 4779 8414 5470 3444 9302 6306 4359 5902 3906 7621 690 8968 176 3971 6506 9246 3037 8382 4674 3155 8785 472 1366 6889 1249 4686 6512 2197 3699 6557 1291 4279 6918 1041 6588 3390 7203 5267 403 2062 4295 7903 102 
9578 1462 6209 5939 6792 5638 1987 6122 382 1717 4734 665 6656 2086 6281 6040 5171 1269 1035 6775 4923 9946 5569 5123 1695 4675 6705 257 6989 9300 7047 5110 9737 9762 5231 6101 6581 87 3105 7206 3815 702 5249 5269 379 6078 156 9193 978 4992 6313 6796 2004 6141 7492 3937 5017 108 556 8293 3700 80 6540 8353 564 9440 8615 7606 3702 6436 3480 2765 9591 8770 4667 7746 9742 2461 9677 7428 8780 9284 7643 2490 9584 2322 9906 8713 8676 8701 438 424 5290 8438 1934 610 5850 5207 391 7299 
6472 6777 2004 344 6375 1272 4504 6586 3056 9205 6504 9989 4035 6278 2323 3637 4269 4258 9549 8285 7724 3451 2412 4860 2907 4708 6149 5587 7395 9476 8069 6354 1564 430 8706 1333 2994 6962 7398 1302 4768 4855 2155 9689 9573 431 8117 662 8678 6454 204 7859 7176 4652 4341 2245 2666 6238 9904 1750 3391 207 1386 3186 5053 35 2482 3723 428 6393 9936 6308 1945 8227 1663 5456 1424 9394 3283 986 7905 5201 7429 4140 5094 2806 2648 3978 6228 7136 4087 1393 5351 2946 1090 6499 6405 3807 7164 5087 
8079 3919 4034 2070 2150 8438 9931 5544 788 7614 6065 4406 9642 6609 9624 773 5921 8157 432 4169 2903 3059 3800 3425 550 6903 8051 8360 6935 8522 7933 3419 5958 3583 1932 5525 8648 7509 7126 1490 3931 5144 6025 614 2445 2242 3821 5303 5416 4921 6076 6183 8658 1653 3792 7386 5166 6821 847 9987 9068 1421 6353 3833 4283 8457 1363 3695 3879 6641 6679 9672 2865 3497 3374 6034 5196 302 4373 7986 2066 5003 3266 2920 9103 6697 1928 4477 7409 5661 4481 3611 6856 4663 7017 5621 962 8595 4549 9288 
7450 616 4016 431 5722 7939 8458 3185 3147 7974 6492 8073 1346 1528 9775 7505 7126 7763 6924 3964 2769 427 3938 8791 5630 2757 7182 2919 9645 634 6534 8826 1935 8907 6041 425 8927 5437 172 9284 2962 9625 6168 7360 7867 9384 7122 5853 2943 42 1959 7386 9672 2979 301 344 646 5816 7085 9994 6528 4840 8949 5539 6291 9692 3704 4059 9141 9313 3630 4418 5681 8506 8390 3828 1470 1063 287 6315 3957 5863 1449 3525 1087 6707 5148 6995 1902 2066 1382 9998 8236 6038 9196 279 4147 2162 854 4201 
8919 7337 3064 4269 8858 3705 4896 4701 7433 9532 4109 1316 472 9873 8442 8002 906 7267 3524 2844 179 3667 4972 6434 4044 8961 8761 6313 4723 1534 1714 6485 2381 5520 5134 212 3613 4760 2632 7995 724 185 574 7046 5412 2006 9069 1873 115 3856 2957 2272 8097 7131 9671 2703 4250 3326 1258 9328 3178 9043 4816 7606 8307 1545 3815 4056 5435 4607 3542 2088 5511 9386 5707 4346 5627 6269 4587 4964 599 4817 9979 3440 3934 5987 7217 8870 6701 8354 340 1714 2727 1374 7833 8592 7972 407 2769 5247 
1001 8195 3593 3421 9227 8558 426 9024 1216 2968 583 7923 6302 7830 2741 1376 7584 3351 2517 1689 8703 7921 9579 8390 5865 8123 7743 3443 3949 2344 4186 5317 3389 5852 7960 9412 7687 8298 8823 8544 3087 8307 5500 2879 4365 2991 5313 2625 6583 6655 7062 8873 8376 2914 45 7165 6399 2561 3634 8634 1910 8165 9829 2643 4508 6203 2902 6264 135 8970 4402 5849 5284 5087 240 6460 5517 3995 3553 7290 4191 2351 6114 9094 5326 15 7436 9650 463 101 2567 5837 837 9574 5930 3051 1188 2352 6040 8262 
7044 7684 1407 7993 6688 2601 463 8506 8390 2549 207 9431 3883 9118 7057 5270 3259 9523 2018 142 3908 3309 3590 5380 881 2730 9782 8398 4436 3449 8759 8495 6998 179 885 7019 760 4691 5142 3617 6916 2457 9083 1561 1883 1355 635 2246 5141 8513 2894 2131 8236 4147 4201 5337 6713 2664 8030 4269 6798 4701 7118 721 2947 4624 4796 6902 5933 6842 3467 9512 750 4004 4420 4782 2394 1957 3237 6251 9101 6100 3402 2344 1218 4733 8855 410 7936 8422 2699 9655 9598 6944 6741 1802 6594 4378 773 7981 
589 6089 4861 8130 7534 3298 9755 7924 9711 300 4042 8953 2861 3558 1222 4655 1826 3206 7237 6812 1097 905 4791 8038 4488 7430 3445 1952 7929 1790 1093 7313 5050 888 4112 4343 5193 9274 5657 2556 4764 4186 2102 3 8284 487 7231 6100 1427 9158 6873 7294 3096 8965 4800 7148 9407 4451 9544 5540 3826 6492 7543 9534 857 5036 8863 8004 8201 157 33 3856 2408 2302 2272 8097 9671 2703 3907 7763 4447 8936 1667 6409 3325 7046 4574 4353 463 3250 8409 9788 4999 142 9795 6681 3211 6218 7014 1078 
2206 7786 2407 2806 3563 8914 867 6283 2432 5604 8591 667 1400 8412 4480 5578 5340 484 8064 2606 4754 2981 2112 3540 8276 2111 4668 9280 6928 4895 1287 4181 3688 8033 5776 4771 1555 7789 8548 8799 4629 817 7163 1361 3881 8374 6928 131 9792 3222 5906 7120 1866 9098 7118 9360 7004 4608 8378 1714 4316 2692 3995 8280 230 4458 5 6610 8533 5547 9577 7874 1961 602 8222 3391 8026 6781 1615 16 7814 5992 4229 8345 8679 5432 9598 4799 9976 9350 8551 9694 7923 7830 6338 2487 4029 9856 1322 9134 
3372 9695 8474 5433 687 2634 3926 1672 9082 6098 4734 3528 9659 4095 8006 8221 7166 4800 5337 9521 1505 2396 4452 1550 5476 3757 7802 78 9802 3103 6297 1618 9916 2694 6961 1199 5428 1212 2460 3872 1690 4339 3316 7345 4037 8119 1981 1549 2382 3944 5962 5059 3492 9987 3889 5722 3311 6470 5108 9104 4496 965 4698 3163 1510 2963 9608 9632 6998 8955 9920 7810 485 6727 6887 7020 2467 9952 5259 8513 9567 8496 8935 8094 7938 7967 735 6337 3524 8650 7520 7370 8160 1495 2285 5952 7913 3293 6706 2977 
7588 3164 4802 625 2650 7933 7334 5998 8474 3393 5417 6877 2486 9415 6561 3490 9001 4684 6825 8783 6988 2887 4656 1293 131 8964 963 625 2943 6383 1832 741 4768 7358 5003 127 3068 6607 3913 307 708 6183 3753 4630 9398 3743 5098 5228 4779 8456 6127 6430 3408 4431 1847 8800 4494 463 7282 7763 6680 7983 6672 2306 9820 944 346 3332 7810 6903 4420 5425 9625 6346 9112 2661 6062 6610 5580 9891 1055 998 4409 8898 207 8034 6798 4392 5630 8005 4334 4152 6603 8888 697 494 7913 5549 4862 2073 
4981 9507 890 1187 5372 9605 2081 8541 8103 9806 5994 7189 8120 8254 3921 8904 888 5650 6338 1382 9915 5004 3284 816 9866 5409 6835 5534 1492 6455 9595 6261 1941 9802 2905 1417 6826 3312 2305 8828 8744 1007 3324 5912 7225 5504 2065 1581 3794 3189 2860 760 5855 2202 5156 588 6747 1699 7747 3595 9206 6795 7286 4253 3060 8616 3926 2327 5869 5807 5338 6943 4690 4836 7024 394 2685 4612 7534 5832 2028 4820 2384 4822 5444 3618 9233 413 6810 390 7089 5671 9911 5680 2070 7371 8484 9577 800 3175 
765 4177 1160 3214 6155 5046 5398 8184 7783 9579 274 9992 3951 7017 7576 1040 2688 581 9066 2605 136 1339 2643 5163 3089 2424 452 1490 6796 2419 4373 2833 1460 8212 2041 474 2701 1107 2314 6052 6188 6551 6011 2779 3062 9583 2112 3644 7104 5317 8734 737 5791 7787 1845 4457 788 5728 7116 5622 3668 2638 7985 7954 5417 1016 2901 2897 6716 4836 9060 6505 813 8648 4952 7995 3106 5741 7655 5386 8387 1008 5971 1025 5346 2794 6396 1293 4146 773 7490 9417 4274 2902 2274 1439 9052 6391 3399 381 
2132 6140 7382 1518 7489 6441 1050 9059 6129 1899 6577 5452 1448 1843 5381 328 7397 1112 5855 5603 3005 5935 2120 9712 8933 8724 7058 9762 6849 3319 5984 2717 3112 6000 8549 7413 5193 5353 2496 5580 8074 7651 1899 116 8558 9540 5539 8816 1755 1284 4436 6950 9619 5649 482 5192 6904 3628 320 1248 1222 5658 5410 1059 9355 6593 8520 339 8560 9196 1215 1792 5720 4007 2005 8133 7556 2618 7463 4097 8279 5253 9777 2323 487 7160 4004 4209 8565 7000 9184 3845 4372 4475 3497 2665 8714 8761 5410 4922 
8473 1563 5152 3358 9059 2721 1063 3404 9739 8825 9249 2562 7033 5584 7142 1880 8398 3016 5661 6856 5677 699 9344 5803 4356 3188 587 1421 5464 777 7559 9933 3821 2430 2213 4554 3639 3365 266 1924 5412 9382 6413 5577 9216 8933 6408 2992 6250 9785 8883 5204 3737 8478 7509 4002 7275 7263 9719 1482 8792 2752 2927 3134 4458 516 4435 3368 4265 2399 231 768 2701 8852 34 1091 8937 9125 2253 6084 5007 7758 1582 7366 2297 5310 3404 2529 3880 4380 421 5519 7101 9180 8564 1869 7213 7853 4799 6702 
9231 5323 306 3822 1318 1764 6300 280 4174 8657 3127 118 3872 724 5243 7706 4646 2322 6503 4805 1676 8779 5129 4169 1284 6480 5055 6832 8720 2714 4963 3119 9186 6822 2378 3637 2336 3956 3804 6476 3438 4698 1186 4693 3787 4157 9882 2789 6231 108 3469 7920 6326 3482 3864 9837 6583 1483 145 3118 2826 5104 2039 9991 5893 9901 4238 5020 3453 2159 9592 5437 1921 5909 2409 9482 2530 9884 3470 396 2840 328 3092 2487 3671 2069 2372 1298 6098 6456 6241 2201 8040 9554 4651 6046 9986 5968 4653 6452 
1464 9520 4422 458 8461 1736 1824 4162 8633 1523 6388 9988 1159 1759 9614 4294 6168 5646 1731 2240 1126 6021 7312 792 488 8196 2995 4270 1639 1646 1420 12 9753 7696 836 6269 9613 1987 6193 8885 9335 827 513 9027 5501 4733 1841 8468 3742 2704 9639 7905 5660 2325 9765 7773 9175 1274 798 6926 8343 4460 2278 162 9627 6255 107 7127 6887 9792 1359 897 9705 6858 6613 3469 2699 8631 6517 5454 1679 9980 6808 4257 231 8567 950 2185 6739 8670 5817 2254 6644 818 966 2409 1785 7853 8930 5027 
3571 5517 7504 2987 6513 4408 2559 3950 8191 4046 3417 2728 9789 5780 4329 2423 1867 397 509 8377 8167 7529 6330 8754 2105 8165 4889 3629 5625 4018 7898 8990 556 6356 6064 9294 88 1949 178 4892 7410 9288 678 2052 2994 6101 7712 7981 8577 3041 4735 9239 3692 3172 7225 4068 8610 9413 4695 715 512 3428 5381 3281 7811 3586 188 3603 6386 8151 2749 664 6325 559 1890 477 9841 1007 1646 4454 9424 5065 9244 7628 4831 9189 1806 8534 1263 1747 566 8572 1121 2840 234 7533 1000 2806 8683 3735 