4901 555 3257 2007 8700 5373 1665 5698 5015 6388 9755 5290 1672 3268 8736 3471 7172 9918 6194 5819 8414 4649 930 6698 7322 4713 6478 8883 3279 2579 2794 891 3809 1354 5337 5570 5465 2827 1561 9292 9238 1793 5781 2671 5022 3670 3839 1714 2906 4375 5208 65 620 4984 8787 2767 886 1972 2211 393 7053 2861 6319 6847 8949 6738 9511 5908 1400 8656 74 2287 3766 8443 9420 9305 7452 7522 2744 4541 3338 4962 5904 7197 7079 2303 7327 1604 1815 4437 4523 8810 9257 6456 9603 6128 4339 5918 2856 3130 
9416 5424 7064 9035 503 377 2356 2265 1295 2251 5213 1067 558 2703 4210 1542 1555 7989 3576 5902 5150 7723 3505 4449 321 5346 6785 1772 9814 3930 7011 2341 1413 8700 2165 5618 774 3660 8287 9966 903 7776 1710 9016 1120 7498 3737 272 5507 4101 8822 3890 2906 6497 5692 6593 9660 7196 5523 1713 5307 7652 7386 7350 2212 5963 7743 3555 8544 3884 8975 8730 3217 7169 7887 6910 8025 5056 2954 9983 3894 2982 2367 369 2402 7252 4735 3244 3824 6499 1235 4948 4642 2091 4761 9692 5245 5763 626 6170 
8543 5915 7928 3025 2535 5656 8253 1788 1132 5216 1131 3893 2725 4733 7651 972 5055 6651 9941 7196 6520 4808 2360 5602 2345 488 2567 3139 459 4273 1123 6886 114 4221 2406 821 6324 4482 5460 5353 4470 5153 619 3137 6804 2287 1370 4845 6210 2723 8188 2392 6376 9739 1568 380 999 195 6147 1634 3443 6005 3660 6388 4042 5964 6680 6825 5204 8365 4864 7268 519 9371 3442 6839 9940 9882 368 4298 4868 9319 918 3695 5673 9089 3408 6705 4965 3065 1214 8070 5940 1381 7734 252 12 1135 8309 4147 
5845 6571 3605 3683 8376 8681 4147 8617 3799 9895 8920 9210 303 4805 2162 4325 7649 7243 7138 1534 4144 2199 5027 7917 479 6874 9507 554 3100 9182 4412 7783 9226 4981 4668 6868 8116 8242 8726 5600 5789 7764 5768 2786 4425 7292 4937 6268 8754 7539 2154 4931 9393 5004 5234 6195 3136 675 2346 5214 9290 2614 4800 7959 2154 2236 2962 6952 8790 3277 550 2818 4933 4328 255 7430 6131 1111 5344 5312 9160 3154 3924 600 9555 5309 768 5246 7874 6998 2163 9566 3070 3883 1115 7493 3378 6363 6421 2295 
2524 4065 9277 98 3356 6077 4470 8042 1859 8071 399 8240 7678 7659 8457 2041 3723 4222 3852 6081 8322 1117 6949 6053 5617 3117 8528 995 4674 4561 6593 9395 2612 9529 3352 8086 656 5268 3105 7266 2265 9568 5272 7702 1593 9414 8016 4459 4273 2522 13 6088 5955 1116 9217 9329 4003 7939 106 2906 9384 3266 4801 7354 9887 1118 8414 2212 9390 2361 2652 5591 5678 1619 3035 8354 1059 5581 1168 972 5830 7760 6994 6828 5906 4702 6300 3856 3349 392 1896 8658 3792 4774 2593 847 1026 5477 487 8006 
8221 3879 9480 6641 6679 6204 872 5092 7144 8265 2 3484 9184 5649 3163 6689 1080 5721 9937 552 2201 4556 7493 6904 3576 2512 5324 8393 8806 3337 5004 5556 678 1651 1541 6865 5084 3477 5512 3166 6929 3549 203 3842 6324 8000 7493 2512 3990 3150 4100 4990 7876 140 9272 6653 9853 7044 5651 194 101 2567 837 9574 3245 4303 8865 8511 1225 1363 7802 4138 1424 9601 6769 9805 6909 5975 223 5580 3438 9891 1055 4409 5993 2842 5170 9214 8981 5516 1898 2643 7508 7546 367 7382 1366 3293 4092 8119 
3754 1940 3429 7321 6764 2392 3351 6804 6457 4983 9381 3831 2940 856 967 4349 7339 5866 9302 612 3280 9528 8419 8691 5514 7826 9028 3365 1680 6424 2026 9857 4848 8895 5273 9708 7846 8400 4284 9712 9560 1457 9142 7894 6913 3312 7220 193 9550 2380 8621 1683 2479 2707 6649 2143 2138 1059 8699 3044 9240 9503 5468 5153 8594 8121 6270 8514 4421 3098 8069 2668 8538 3832 7641 6654 3739 127 885 9495 562 4691 5392 227 8742 5961 1638 5265 1376 3951 1531 8851 2866 3830 3893 7382 9573 8510 5998 7421 
3502 7537 8474 1960 3393 2141 4238 4863 2766 3349 2592 5417 955 6877 9368 2486 9415 7565 3149 9147 9858 4684 8193 1434 5271 4097 982 4311 1265 3050 367 7382 1366 1031 5920 1940 9282 6562 4071 7212 505 4963 4962 8616 2389 3116 4711 3461 3424 2834 8193 8764 2926 6631 2500 7156 1564 4390 2545 8015 6962 4768 9689 9667 1816 9718 7395 1558 8143 7470 7938 6474 6438 3286 266 7591 4802 625 1376 7933 1531 3830 7382 8510 3502 3393 8755 6943 8216 2766 2592 6877 4299 4502 6919 3410 3361 2903 3661 3059 
3375 7418 3800 6554 3425 550 4428 6616 8369 182 6858 4684 1459 9352 9208 3175 5712 7860 2747 8544 117 5792 7022 4186 1288 2205 3347 2543 4055 3783 4602 2739 7168 9914 3155 4640 70 692 5802 7249 3230 397 7256 7228 6735 2525 7148 7712 8327 7909 3859 1508 8938 5049 2590 470 9291 6423 2680 4702 2699 6389 6729 9842 1211 5897 8313 7324 7427 3850 9214 1877 9086 8266 5274 9653 3027 8274 1348 515 9796 7518 8109 1194 1645 8747 1589 9233 5620 9997 9350 7228 2848 9344 3655 1267 3599 9301 1945 3934 
6379 4528 1512 4602 8216 4582 5211 5014 9916 100 8110 9015 450 3089 6619 937 9201 9456 37 8812 2087 8102 9788 8068 393 127 7720 1286 8869 8503 3567 9402 1620 3298 5527 4356 5227 3831 8441 7488 698 4757 2573 8651 2351 8866 2818 5000 15 5724 4982 1909 5651 9650 463 6461 101 391 3501 9903 5211 4103 3664 8031 8057 6318 4730 4994 5407 1634 9754 7498 8069 345 7952 3314 3569 4991 9535 1703 5010 6400 6911 4063 5406 4107 3402 9851 5228 8113 2392 5402 8174 4378 9188 3614 8811 9395 7939 2571 
4644 7428 4918 7555 2126 6980 5833 3950 3868 6528 5002 7716 1215 2706 9430 4227 4343 6036 816 4193 862 7978 2090 7967 8545 7501 1997 2276 9907 2821 4702 5536 8736 4831 5233 4845 7876 6652 53 4359 284 9788 8052 1929 6989 7340 2906 395 9615 5285 1550 8619 7503 1001 3542 1299 724 5243 3094 4596 6833 3591 8817 1289 9313 3630 5681 7558 8390 3828 1470 1063 6315 4708 3811 3257 3577 147 8537 1264 6707 8055 1190 8236 5671 6185 4147 854 7212 1981 8455 948 7767 9522 3238 6152 920 9802 6145 4216 
755 4874 9721 8854 8549 8955 4702 9225 5984 4660 8919 3357 8543 524 3674 5574 9630 924 3224 8918 314 6492 1346 734 9705 7763 94 3250 3541 3845 151 888 5412 9485 3064 5954 5455 5591 2871 9625 6759 3909 9321 4992 415 6285 1893 222 7519 4209 91 4483 6248 8413 5852 133 9858 2569 3889 4135 3841 4457 3541 4192 8323 2992 4570 3177 1907 9279 4340 754 2683 7769 671 4653 8479 4601 13 1200 433 7578 4160 3190 8367 5716 9122 2592 9078 9999 15 2374 7212 8695 1811 7285 1858 3988 2489 963 
8533 9403 9903 4259 2637 3391 434 3288 5991 2876 983 5459 34 4294 6776 14 1873 8524 8577 6058 8911 7206 334 2545 4012 8189 8414 9901 9509 4518 728 7934 1726 4971 5719 9530 5582 5714 7767 9522 4157 3177 4958 301 1186 9072 1271 1899 532 7550 1140 8386 4489 8079 1854 7791 961 5315 1683 8181 1108 5967 183 4961 8471 7669 6910 712 9601 330 4522 3135 7691 8265 4231 8674 5207 9138 7010 7586 5274 2529 7260 8238 1944 1596 8221 7359 9180 6191 3298 4799 6702 74 5323 5126 1868 4562 3994 8749 
9604 7826 8624 7826 3114 8758 2357 8092 8016 6913 4361 1021 2864 501 6508 1618 6063 6497 115 5896 6609 3354 3950 3153 3054 9977 3742 7881 6602 7509 289 740 3320 400 2076 411 6492 3963 7492 2959 5414 8706 4197 164 7811 7645 813 4892 2364 7961 2035 465 9610 2262 822 260 6082 6995 3918 5953 8215 4277 2169 6298 400 2290 2156 5461 3780 3180 3271 8349 4735 1402 5315 2727 1681 6859 6748 9814 110 7076 1950 9091 4045 5034 9000 6917 4722 1270 8327 3545 4830 6094 2885 7717 578 7901 1388 8338 
7639 6650 9864 8185 1812 1722 306 7791 3544 8460 3017 9428 4000 6458 7951 1111 4193 2581 5801 862 7998 3441 7863 8285 4200 2428 2090 168 6212 8628 8783 7997 7973 312 9907 1423 2488 35 487 7018 3899 4996 6991 9633 6479 5536 2062 7626 5667 191 7211 4450 8736 3061 8616 5337 3465 6391 2306 3616 8194 9145 6986 2093 199 4373 7190 7968 852 6382 8552 4219 8528 8670 8336 88 3326 1397 8294 3086 9816 4685 1244 4654 1626 8031 9949 8075 9587 884 5094 9070 1259 8096 9722 4105 1284 2437 458 8210 
6512 1999 50 8531 9905 8290 1409 6070 5740 4839 7365 3706 1329 4402 4698 4836 8648 3106 8834 8387 4146 7490 1439 7489 7766 9059 5452 1448 1112 5855 9109 9712 3725 5529 907 2440 6169 7281 4219 7214 8136 5974 2299 8440 8215 4564 1374 2722 5954 2018 9120 5583 5129 9199 1702 739 1881 652 2986 961 4040 4720 7909 7845 598 7105 4350 9070 3837 4146 6769 2265 8501 4137 5394 5271 1355 1398 964 3007 7483 5451 4099 4474 6497 4992 9881 3161 5721 6158 7319 9489 3589 7 3502 5953 339 4106 4904 2555 
5916 1982 2195 9450 3114 6133 4413 2038 7611 6745 936 2271 4503 8721 8148 9177 4054 2549 8060 3475 7626 8234 3249 3016 1639 3157 7473 8272 982 6352 2563 9870 3435 7423 7436 2872 5533 7212 9339 1576 3009 7244 5346 6748 9943 5864 9814 903 5852 8786 6616 8754 2163 6419 4570 4081 794 8229 9079 2963 8815 8668 6506 2214 1381 9920 4653 9187 1383 1263 8490 4559 4475 3615 2518 3266 4788 9639 6431 4129 3059 6000 9164 4003 5413 5155 9430 1556 9406 5148 9860 9716 6046 9620 3717 1519 8315 8016 9356 5021 
7967 6138 8255 783 7366 5909 1860 2389 9552 7869 427 2605 7322 7225 3363 7763 2089 1893 8546 9259 9649 1720 5940 6889 9932 5580 9800 8674 9346 7228 4008 3873 3499 3505 4364 5730 1662 7025 3234 3026 5544 5526 6268 5477 7459 6068 4151 3157 7731 9393 9618 6892 6982 6749 563 7698 6322 6293 4336 6620 9555 1808 9854 2582 7353 1733 8850 5544 1270 8701 1778 1860 6319 3940 4848 8042 9447 941 5747 4088 8984 6979 943 2597 9669 704 6652 7346 7250 4169 6037 7081 9859 9285 8151 6109 4387 1627 4295 7309 
129 7250 5268 6728 8317 7831 4880 3940 3841 9238 224 4391 2851 2330 9866 6434 6331 5826 5762 9694 4447 185 8677 7106 8913 8717 1912 1295 3877 9142 3146 8307 7006 3556 1609 6334 9485 4598 3115 784 1850 7498 149 6996 8456 5641 304 3287 3208 5830 635 8173 3814 7539 2068 7662 3989 5837 4605 1836 2033 6554 1225 5325 8902 2617 869 8228 5862 5374 8886 864 8548 3002 9744 6945 862 8863 8551 5906 4413 1791 6213 5719 3741 8816 4307 8295 660 8540 9614 3359 5549 5594 4263 8187 1517 1291 6361 3381 
3020 8515 9142 3643 3286 9790 8303 7963 6832 5465 4336 6131 5293 5736 8417 7614 2136 746 820 4511 9402 3342 6609 1272 5921 432 3914 6563 2934 9281 7087 1431 4802 2518 5966 9331 4035 7816 470 7167 8412 904 303 8745 2890 7189 904 1664 3914 7133 9753 5456 8587 2590 5168 738 5777 5378 8298 183 9860 6105 4987 3960 6619 8559 1465 548 4856 4562 7326 981 5740 3834 5657 6078 6489 2643 4628 9884 5540 615 9295 1384 493 8123 5466 5447 4029 616 4224 3024 4094 6192 9821 608 9560 1929 5225 8220 
8836 9188 6959 4272 4745 4718 1433 8393 891 7099 5875 6604 5792 7658 2404 9338 230 4458 5 6610 2402 5547 9577 7874 1961 9108 1233 2444 4463 6218 4924 4026 3432 7221 8918 1749 346 8948 6070 5605 1721 718 9858 220 5258 8832 9710 2508 8144 2705 9752 9417 6053 6795 280 247 9012 1510 7793 9117 5119 7283 2202 8196 2608 2379 2894 571 8891 5482 9954 4125 8294 1622 4002 806 4659 9181 9163 4676 9433 3977 8105 1148 2074 591 8092 8632 5449 6470 1998 2012 1259 8256 4973 2695 6800 8108 8346 9592 
6010 7338 5594 6111 6300 8591 8206 7546 2079 808 9098 2234 9578 2769 9485 1837 5954 8847 8195 2871 9625 4406 6389 2226 2544 8499 3328 7519 9375 2971 5428 7546 4485 616 4423 2929 4225 2361 4892 9348 856 9856 2261 8703 5778 8427 2482 3388 9182 5063 166 1048 9035 3510 46 6806 8003 1179 1612 1716 100 7095 9257 2416 9221 6766 9059 5989 9944 7765 7739 7917 3451 5615 3692 8587 903 276 8216 8082 8732 2567 3140 3834 5903 4552 2442 2880 7423 1616 3394 656 5600 7981 9519 9229 1088 4568 5005 5082 
2620 3183 6018 2412 9457 6384 9164 420 6156 8878 1637 8700 2785 6188 2800 2546 1162 7235 7801 4272 4902 8390 9140 2112 9414 6952 455 3465 5418 9082 5290 4909 3544 3374 3769 9709 629 5970 7051 4722 2655 9719 814 5477 1225 3207 3785 5123 3351 1677 8615 7929 651 9660 2823 6852 2998 3286 3594 4344 3125 9228 2957 8156 6731 5322 8788 3811 9052 6389 504 3638 7875 9890 2457 3015 6805 4468 3520 1051 8477 7862 9756 4252 1987 1875 5954 4704 1210 6599 3484 3771 3547 2398 4500 4582 4838 8141 3232 885 
9627 7997 1664 8039 9275 9229 5124 9439 9755 5827 9808 7403 3841 1956 6872 2050 3629 9516 3194 3643 3851 3360 5253 9402 8734 3342 548 8817 5045 8445 5921 6919 3410 3361 3316 2903 3661 754 7654 7418 6554 2715 6271 6471 5199 6997 7567 504 3714 7014 2267 6102 657 3142 7806 5010 505 6023 1991 4359 9214 3349 7652 3127 4503 724 7706 8358 4596 1070 5871 5989 5580 9891 8875 5993 5481 1645 7843 792 3774 4548 6481 8515 2390 681 4263 3735 850 239 8507 1378 6537 5630 5085 6754 3064 4298 4560 6845 
4739 1493 6332 7636 2549 6719 7631 3924 5250 8993 1211 1724 2249 1582 2280 3060 9047 8031 1342 9047 3847 7721 7459 7976 653 6221 4657 4662 336 8800 1240 5569 7045 3752 5713 6307 7745 3555 2537 1323 8598 376 3033 6787 6243 621 1302 8042 8754 4425 1788 632 3994 8237 2068 4461 2585 9601 9120 9897 8305 884 483 1516 7169 380 5815 1125 906 1817 5680 990 7876 4320 2169 3033 958 2297 174 96 5390 304 8707 4893 4781 6285 9615 1322 4027 7799 5198 1951 2260 1900 1433 7837 7030 316 1805 6134 
5720 2005 1848 7556 1324 1123 6673 4670 7565 9160 888 8444 2934 1811 8987 2205 2170 6504 9958 1220 504 6904 9790 4158 3325 3142 7176 505 3762 4642 6868 7297 3724 9209 7087 4651 1509 3157 4311 2245 5942 1575 1226 5015 6449 6367 2209 6875 7156 5678 4287 3916 2818 5935 4094 7513 1841 8119 8724 7894 8080 4692 6374 7149 9753 9086 3974 7749 8797 7746 6964 6696 552 1885 5702 2980 4655 2169 6905 810 7875 855 2722 377 9083 500 9594 3913 5169 4631 1173 9205 986 4751 9278 4385 8168 8348 6436 250 
8722 5770 5840 4041 6343 1723 800 164 3607 1610 3851 4468 843 2018 8484 7128 6239 9541 855 4992 9881 6306 5749 7432 5721 6158 7319 5891 9489 1410 7 9542 5471 312 28 4953 5856 4597 2741 689 3196 709 6015 9643 9304 177 1956 3371 3202 2042 3206 3374 8017 4076 2252 121 8262 6776 1824 3569 9496 3650 7031 5767 3639 3531 8307 1732 266 3911 4354 6100 3481 1020 9382 5270 6413 7389 2344 1634 403 3803 3297 6996 261 5416 3494 4652 9982 5118 5713 1067 5418 7727 2856 6556 3835 5955 8106 6566 
3474 55 9639 1368 410 5417 3860 4327 1393 6083 8458 6475 4536 9895 8969 422 6941 3699 7362 4191 7953 4604 542 2528 7039 9302 3980 6693 8731 4158 2815 6925 6650 3947 8161 8818 5645 9036 7130 2583 3148 8851 9573 4476 8322 3331 2367 1736 7728 4545 127 260 307 708 3206 7492 6766 2353 6754 3075 6856 4912 8910 5760 9342 8181 5210 3924 4747 3164 3206 1797 4878 2348 1003 8919 6766 1329 1023 7728 790 575 689 1085 1525 2374 788 2128 3457 8783 4229 6775 7860 1294 6686 5197 2242 5436 4052 3708 
6189 5652 4487 7953 4639 9745 8887 5744 5126 6353 7958 7302 3145 9245 8800 896 8247 7979 6773 8149 178 452 2488 3893 8434 1960 6943 4863 955 6316 6561 3490 6854 8516 9770 3211 38 4320 6338 44 5476 9419 4097 6534 6696 338 6957 4117 7130 2 378 6312 6727 9561 5840 3020 3534 222 2924 972 5055 6651 1216 4949 9292 1891 4808 5971 7667 498 3487 426 4447 5769 8182 2144 2430 720 7901 1388 1206 9864 1812 6256 816 9428 7951 811 2260 1049 7908 2187 2041 643 2964 4587 3571 3977 6237 2991 
2543 485 7433 3916 1251 2540 5915 2922 280 3859 1220 115 9000 5656 6577 1359 588 5974 3128 1217 2163 443 9006 7207 9724 4075 7380 6673 1977 2655 1781 2956 7855 1504 2091 5791 4825 7750 6303 1687 8069 8393 8445 6702 8389 9666 407 8233 9032 5469 5609 7541 1898 7196 2548 1924 6774 7499 5267 1532 4536 6982 8126 4785 9609 8521 8452 4942 6646 8250 9709 5469 9512 7413 7105 951 2997 8295 8011 7221 3640 6196 8083 8027 9286 8764 4121 8581 8267 5524 9461 7959 665 2501 6404 1084 8319 3826 2029 9815 
4985 599 476 2238 396 6739 5210 5647 3511 7627 8799 9062 8719 4461 2954 8897 2626 5364 3065 8663 6486 695 9989 5446 3024 5966 764 4643 4258 3401 1640 6497 4992 1030 994 7432 3484 4038 5953 7178 586 7184 8857 1667 3279 997 4013 7644 7827 3847 2541 4905 4915 6513 4908 9208 3175 2922 8034 4079 8233 4167 9018 5862 5425 285 400 5006 476 1344 9928 5457 7651 6667 8954 8498 9437 9626 4759 7172 5320 767 4236 4354 6547 280 9572 7393 6638 9137 2853 3089 1491 62 2075 6340 1240 1321 669 6975 
5514 692 2022 4243 2297 4658 8511 5026 8930 5299 3804 3967 9367 4532 502 5608 9501 5314 4687 7335 129 6293 3997 9826 3382 3558 5953 8941 9591 6056 8787 7474 586 5384 6645 9293 6820 469 7043 6525 8235 5312 2176 9506 9138 1035 8203 3728 8149 4958 3546 2279 8346 6669 7159 7869 2804 6445 3132 7051 3601 446 6478 7826 9713 8142 3 9219 7390 5539 2319 9063 5865 2906 3761 1148 9575 920 9241 1814 7128 7783 5974 3927 2910 2452 2623 8195 4226 9146 8322 5235 3906 1262 4464 3675 4398 5702 730 7517 
8346 7023 8416 4284 3947 9520 7316 4462 6069 9987 4353 8604 9294 6950 5010 2670 1718 510 6355 4583 8609 828 8259 805 7791 5983 5549 5472 5511 9799 8861 3650 7790 4712 7619 6878 2563 6461 4975 1677 9583 1454 7376 5315 8616 9069 2861 9859 1141 6899 2898 4218 2628 7221 9756 4064 2531 2703 9875 6236 8685 4461 9185 6376 3331 4018 3866 7931 2958 4511 2156 7431 1892 225 7090 4704 3695 421 1745 3851 669 7938 9136 2292 4135 4374 5962 8179 7255 1529 7301 6409 5243 3817 7532 911 5038 1323 3421 8578 
8020 4459 8130 9504 1727 7927 8703 5542 3600 7995 3878 1166 6902 5799 5980 6150 721 8273 7982 1256 9127 9658 3436 2210 7959 7015 4394 9020 3965 5983 6473 6459 5569 9558 4435 8107 2449 5734 742 8891 2970 8954 7545 3668 7206 9043 7699 5337 1294 9415 4800 905 7660 6587 8890 7387 7613 8184 1330 235 6227 403 145 4998 7168 1280 3687 8363 5735 1836 267 8798 8933 9186 536 1666 6112 4215 1313 9838 6266 9297 9778 5622 3055 5725 2332 6122 7728 7175 3996 4131 8950 6047 3044 9233 3060 3420 394 4474 