9970 6690 1958 141 413 2974 5514 1096 4966 5097 4984 6240 1601 9981 499 6431 7716 8614 1535 4493 4724 8036 3389 3247 3553 3090 4620 9347 1515 7236 4755 1231 6585 9983 6935 2799 3893 6295 984 488 8234 9174 1939 1939 249 8940 906 2733 2375 1456 9373 5490 2193 9538 6160 891 6351 5968 5825 2545 1667 8784 9074 4633 8969 2005 8909 5758 6421 5770 354 6316 880 231 404 2888 7648 1931 6226 2734 2309 2125 3655 1888 678 4530 9598 8910 2881 9729 1909 6354 7206 5251 969 8445 5517 2080 7859 2997 
5485 4609 660 9900 651 3603 4209 219 7551 9818 7190 943 7986 3556 790 2316 7148 6624 7176 7756 792 6402 3990 8795 8316 879 4940 4722 6860 5878 9307 5731 2355 7084 431 8019 1429 4558 461 8799 1127 7494 7555 3680 7474 8462 4701 1482 6490 1667 6543 7312 17 1756 4232 1114 8682 6577 5316 1655 2374 8842 6474 2019 4379 6034 6945 3764 4448 7246 815 3553 7335 9040 2813 2176 7201 762 5546 2792 5047 6886 5405 8598 8747 2818 6488 1905 5670 1086 4906 8050 9103 2295 638 4030 5820 4540 8692 1548 
3160 412 5361 2699 7319 6209 1253 7787 2715 5372 7623 3819 4955 2332 2348 7524 3028 2079 3217 5160 8830 9665 5602 4454 8441 8007 9847 926 3545 7271 4476 5362 5722 1213 7758 207 8156 5434 3840 565 8954 231 6526 7355 8844 9340 4004 6000 3981 2333 4024 5482 1757 2068 4309 9780 5139 8854 2741 7206 4598 4854 6723 7164 4783 2000 5084 4654 5433 3571 6076 6775 3810 8202 2690 6500 9562 9746 1352 3790 95 6277 9721 4145 7985 2995 1829 3977 7721 4970 1545 8024 4321 2763 88 3449 2998 5236 4493 2600 
9773 6213 3414 17 5298 4232 1114 2004 3842 4380 6926 6857 2251 207 2774 5431 5752 7909 6265 1879 6807 6674 2948 8553 1930 37 3988 9380 3764 4448 9814 815 5801 8263 82 2832 5803 2518 5815 6060 7522 3982 4023 1548 1233 1591 2894 3699 412 8370 2699 7869 1669 9424 6239 7658 2227 7623 2061 4955 2332 7392 4848 9237 4384 6556 2332 3217 7563 6359 9099 4198 5492 1401 5450 983 9729 7675 120 4805 9535 8919 1745 875 7168 5743 2019 4948 649 6075 9631 3388 2528 6729 3701 2072 2280 3630 2209 8192 
5017 4251 804 79 7404 9864 8121 9311 1604 8675 597 1039 8822 5419 8497 1340 5541 7976 9284 6122 707 1784 6079 8988 968 9663 9631 3493 1524 2668 9738 5406 7302 5534 4452 3810 9863 4363 8228 376 1768 3094 1999 4501 412 6339 7402 8762 7037 2569 4482 865 5282 3801 1887 8065 2474 7266 3628 5373 1120 5544 8044 8609 6095 2263 2492 2546 8348 2152 8689 2425 8421 5714 6826 5932 9120 8534 2225 8407 3261 5496 4444 1907 4442 1696 5336 2741 3776 1110 499 6412 568 7960 712 5983 4643 4370 1381 2730 
2380 994 2092 5275 5716 1052 1764 3575 1978 3716 2289 937 534 8525 6144 4778 1533 9706 148 3449 2414 4687 1799 8120 583 5413 7106 3497 1620 4520 3269 7881 2836 1236 7478 7418 3949 2148 393 6401 8969 4410 1429 3054 1450 6562 3142 3976 4632 6721 9218 9835 227 8661 9734 8750 4308 8856 9619 2676 5437 3089 1497 1803 9090 6305 1368 7392 3163 4053 6083 1016 1464 5089 6976 9025 9352 3198 5740 1855 9932 17 7202 5226 2497 1612 2588 4941 6130 1834 3045 4750 7297 5933 4300 3546 5638 5995 5570 8475 
6012 2967 2029 3397 3857 8575 1821 6186 7515 8668 9128 5945 502 584 8990 1605 4923 6448 459 1310 6030 3719 3674 8997 5748 3542 5671 8209 5984 893 6877 1464 2049 5829 1688 6283 7104 3946 2731 1926 3593 8046 2385 8837 8415 3030 6454 8477 3563 80 9397 4082 3249 9451 5272 4969 7569 7451 273 4466 3775 8 8869 4675 7441 7455 7025 8702 6147 280 4865 6002 4131 5660 6743 1049 7846 6822 8061 9141 8705 5053 9759 8199 9140 9947 1664 846 477 8902 9498 1486 9909 9220 2239 1023 479 8387 9846 2520 
3218 2326 1812 2821 8664 217 686 4845 6989 9111 2046 2133 4026 4966 5616 5012 5230 667 6379 3934 6151 8718 178 6815 6657 59 3523 3210 4809 8181 5824 4605 3183 3979 6156 9089 6256 3264 613 894 7376 7755 8094 2314 1820 4941 118 3847 9895 1974 4240 3014 9435 6097 1717 9960 718 5844 9483 4138 5998 2052 4380 7683 8012 3136 5775 420 8628 5856 2074 58 8299 839 1559 3981 8496 683 8428 2648 2463 426 475 6518 8645 9617 4996 5472 6312 8911 5145 9905 624 9020 2643 1807 9869 1545 5081 4030 
2861 3575 3949 9401 8499 6941 4270 5108 4321 3988 3499 5648 1401 628 6516 9218 2051 8093 7150 14 8586 2940 3794 4461 722 1053 2455 8619 2119 1513 5132 5860 9800 9946 6863 3970 8952 6371 5388 4732 5492 2362 3822 6420 3940 9245 2522 8620 2481 7568 6621 1637 8396 1888 4552 5040 6615 2396 3351 7593 8792 1619 8162 8371 9212 1518 8226 3353 8842 6936 1622 2411 8811 8076 3856 3254 2213 8232 4185 3474 6766 2816 974 9485 32 9897 9535 8208 8328 6459 7720 7206 8742 6798 3976 7586 1310 9198 310 5567 
4774 3210 9397 3857 3273 8558 4814 5801 2266 6427 2101 1747 410 8867 1233 6060 166 9980 4975 232 9 9394 8163 2173 7532 4888 5323 9274 9161 1942 852 7657 573 8416 7275 3874 3156 9267 9825 3505 3053 9347 4731 5984 5473 6873 995 7274 7959 3385 1931 4900 2156 9929 8191 4983 1730 2629 9951 1453 3044 9996 8330 8493 6900 2745 3705 7407 4697 9004 5304 2237 4705 5725 7995 361 8147 3607 193 2977 3949 1087 8223 2094 8569 5992 7503 7457 3474 1951 2635 1081 770 7536 5768 8512 1030 7153 4717 1240 
9902 2537 7368 1848 3619 1447 2618 1842 1518 2697 4589 234 6059 6709 7596 4572 5834 8626 8589 9230 9658 470 3900 8489 2580 7174 4488 6336 2342 3860 8004 851 4801 6910 7862 5834 7834 3697 813 8813 6593 1944 8513 3341 3355 9907 516 7843 1377 1411 532 2818 105 5838 3842 5118 8432 6566 619 4401 1432 3214 4377 7610 3611 170 6123 938 3512 845 8574 558 8248 2748 8565 3501 8346 2397 7683 507 7676 7768 542 2163 9977 5417 3665 8531 306 5280 3067 4783 8094 8747 2320 7088 2818 2795 7525 6417 
9684 9103 6205 4952 8969 4540 462 1548 1233 9964 1591 1765 8708 6148 7486 2699 7869 204 6487 2424 3531 691 9688 1421 2871 7286 9722 8363 2285 3958 4775 2247 826 6180 989 5288 6860 8475 5441 3500 615 7901 6204 5499 6976 4111 6828 8441 4669 7516 2895 6659 5625 1112 2145 2196 2733 9044 9409 5956 1382 6779 3304 9515 7893 3377 3673 495 3155 4749 8938 9173 8836 4566 8258 2172 3155 9271 1585 7664 38 3242 6204 7732 5038 5756 9701 4648 6936 7899 6973 7420 9249 586 5427 9417 5072 3802 5192 9087 
8092 7002 9956 5319 9961 3209 7611 4212 182 1383 2727 163 387 6171 8237 1843 6191 3378 5703 8849 8089 9857 8083 8184 3088 3239 5730 7461 8781 6455 7634 8207 8515 4003 5302 4381 9710 301 5672 1636 2724 6722 3205 6387 7764 1737 141 6260 1067 6330 1938 1283 4720 9047 1379 4659 419 1362 5173 9097 1851 9271 3927 9961 2353 1899 3393 9989 225 8113 5388 780 7067 7653 2342 9528 9938 9699 1491 1459 6358 1826 8119 1983 4684 7737 1051 2708 868 8549 4236 295 556 3721 6796 9595 9722 3518 5579 5338 
4867 1604 1307 8578 4039 5507 6137 9023 2042 1230 2479 516 4009 1745 8625 8827 8250 5109 331 2717 2665 7393 9538 8216 1211 3403 2763 1963 4395 4129 1312 7274 393 888 983 6475 9761 5691 6122 3006 6603 9172 8336 6526 9838 5493 6610 2757 7430 2661 8425 6538 2479 1006 6642 735 7242 33 7652 3762 9461 1980 2766 5895 8890 9625 9281 5694 7091 9869 8253 91 6216 8335 1911 576 2336 940 5307 6373 8359 775 7985 9915 8684 763 7466 8967 586 6355 7057 3483 6699 8678 6160 8359 6040 3705 9204 2049 
4843 7258 9076 3644 2020 8682 5860 1909 8056 7590 4617 1870 8366 2602 1785 7050 3365 9252 6017 303 1959 9427 3786 5010 8105 9946 9721 4145 3 8925 6194 4846 6183 5270 4843 4556 9915 2101 9631 5482 4273 9084 2605 9699 3905 8420 8298 269 1618 1171 5049 1518 8204 4009 1702 6264 9015 2282 6739 9016 6899 1556 9831 9597 818 4630 4574 8539 1676 2252 3225 6610 3444 2895 3397 7607 1175 7621 5957 888 9514 1005 9428 3014 2711 6262 3419 8493 5024 7252 6681 4289 5669 3659 2442 8432 5827 862 4891 4567 
9463 247 4642 5883 4107 7975 3412 4446 6873 6438 1327 6863 7103 3523 3210 1337 1494 9149 7951 3329 9347 8685 432 307 8474 8518 2192 5627 9773 2759 4086 9250 9969 5583 4438 3621 8239 5393 5114 8836 4588 3822 1040 3076 12 4071 9745 5838 9939 2299 5601 2082 794 6162 5298 7436 402 147 7389 9600 9783 858 425 8425 9653 4858 2167 2288 1187 5228 900 3818 9670 1434 1928 6486 5979 6107 5376 649 2531 5568 4385 1888 8047 8063 7629 3267 6841 3848 2941 2187 998 7351 886 6006 2066 9682 9886 3249 
5930 801 8738 4845 5289 6016 4190 7458 7328 4887 8613 844 5748 7680 9759 5001 7812 9261 6264 7795 7453 932 4618 4466 8403 4933 7349 4666 9960 3043 2005 9854 8517 9996 3784 2082 2116 9613 845 4661 4003 7704 2806 7789 8564 3992 6134 9202 3362 1066 2962 5014 7877 9444 5847 4738 5430 8525 8664 7978 9344 4400 3627 8132 8623 4165 9658 2099 7206 6783 9152 9035 9524 6533 8853 6563 2412 9764 8344 5918 1466 2462 7985 9337 5705 8277 4469 9223 770 2260 3650 1399 4141 2585 5779 9522 3178 683 6010 1275 
2359 5668 4851 4342 7704 9553 4040 428 6921 5954 3946 2120 9957 8200 1566 1468 5118 6216 4097 5355 4176 6003 9398 7724 1013 5974 2153 9696 7453 5982 7679 4006 9471 2870 7557 1310 7358 630 7965 6798 9943 2570 1398 4663 6998 6900 8679 9848 3504 5282 604 5518 5075 3692 264 9600 2229 167 4174 7876 454 6149 4877 6134 5969 9654 4442 7730 3475 3545 5366 3351 9175 7511 4443 5071 9639 3210 8188 5918 5234 3851 52 8532 3555 5997 2215 944 6294 6075 4133 7167 1081 3258 7069 8560 2840 233 3884 9301 
3331 4402 7145 9948 7420 6265 3323 4806 4221 7116 6980 6130 2515 175 9980 9522 771 4026 97 4316 3428 3807 9072 6411 5483 2120 6764 6473 8545 7046 809 2612 6791 1927 2211 9307 8455 2074 2234 7948 58 8046 726 7886 2854 6 5679 4903 8458 2726 2065 7012 5292 6913 3747 7788 6200 5981 5737 2610 8593 135 8073 7961 574 5847 6942 2206 75 7862 3461 1878 2308 5051 8891 5811 6306 4183 1525 3219 4282 5772 7755 4734 5208 7890 4423 3281 5851 1349 2610 8051 4793 6422 5957 9596 8301 8265 4648 7192 
7306 7727 1954 6877 2009 7620 2649 8624 1727 3736 9617 8159 3466 1821 9508 6076 6224 4151 870 5222 9878 9255 9474 7556 9445 4122 1100 6226 8827 836 2153 3659 5812 3880 9645 9850 1906 8023 9187 4247 1918 6409 3432 7140 9039 5762 469 4048 4017 1227 3380 3613 5522 7988 4025 7517 908 5335 2658 1941 6933 6968 313 93 7931 458 2209 9726 1850 926 6632 7096 230 7368 1933 4362 4886 2546 9060 9101 7479 2456 408 5278 2929 3468 162 3664 20 1949 6975 4802 719 1845 2603 7253 231 7696 8649 5335 
9799 3635 6412 2358 9976 5352 6666 2002 2020 7561 5060 9605 4302 3342 6419 6921 9601 4479 1734 9672 2861 7912 8668 7422 3608 2214 4046 7838 9858 7486 6067 6565 6898 3639 2528 4695 3852 8116 8997 8392 7901 6814 5214 1541 6376 3068 7535 7727 3482 6173 9538 7334 4655 9001 867 2091 3840 4802 625 8781 2650 1531 2866 7334 3893 8510 3502 1960 2141 6943 5417 5728 6316 911 7313 3502 3716 4620 2843 7585 6109 1478 4917 919 3763 5667 6544 9157 5581 7183 1883 3380 4087 4926 5641 1213 6704 6465 537 426 
2734 9843 5461 3173 6739 9930 4977 1390 3359 3745 3384 1763 2171 5721 2162 5227 9381 6693 3831 2198 4368 3366 967 1175 7163 1057 4228 4476 7339 5557 5866 698 5602 4757 612 7366 3280 2686 8508 8419 2573 8691 618 5514 9412 5232 7853 5145 7260 9028 1100 3365 1680 4205 7056 7238 6424 2892 5216 9857 4848 5273 9708 7314 8400 4284 7812 2110 4945 5665 1045 9657 775 9282 1332 4108 6797 2487 4029 6861 9856 4055 875 9134 1151 9973 8862 9323 3673 835 3984 9125 5997 9210 5780 8450 8954 9986 3739 9960 
6452 7963 1323 8136 921 8792 2120 3679 1041 7682 9460 2767 2484 8073 5503 7393 5594 307 4234 3112 2198 3521 9287 1490 5169 981 2496 2074 8074 4130 6329 42 7651 4878 2931 6317 1899 8571 3730 3389 781 4972 4404 6060 9338 2207 7592 7710 609 2857 9938 4529 7522 5672 3519 7517 6152 560 3160 9364 4535 3744 687 8464 488 9684 9774 4307 8152 4477 6773 9352 3084 6197 4657 7969 5064 3041 6677 566 2561 5014 9215 2890 4052 8199 7635 8112 7755 3493 8202 8094 6472 3959 8525 5378 7583 4266 4091 8419 
6452 7324 6974 1833 6602 6146 6312 4968 6373 3366 5248 9924 915 8575 4178 3160 1529 8134 6195 2559 1141 3214 9253 946 6360 4789 8439 6082 2219 8724 4521 6038 3514 9951 6755 3096 8979 5918 5462 5892 1037 903 1881 5570 1358 3819 6910 3914 2694 5582 3291 8586 9699 1209 1470 2932 374 6413 6024 9894 1404 1103 8664 9479 18 5675 1903 6826 1646 1851 6667 8374 4683 813 7646 1570 5521 1267 2883 5002 3615 7293 8155 4776 1359 4355 871 3451 3767 7284 7571 3851 7030 3327 7589 9119 1801 5526 9749 3598 
157 3835 8169 7283 9699 7706 6276 7740 2778 3947 916 1118 6018 5380 8336 9985 1526 8386 3577 8722 1174 3647 731 7573 9661 8482 7681 641 2373 5670 2359 3548 221 8943 7578 8309 4931 7218 6840 5877 2795 9808 8917 914 5096 6932 2180 9283 9564 4226 1387 8871 4248 4660 508 3866 4585 8394 5802 3445 4789 400 3118 9449 7720 7212 9906 7272 228 7640 8827 6835 1109 4311 8552 2195 5964 5702 131 7768 8225 9919 281 2097 8706 5941 9078 9938 9907 2682 8706 8233 337 8226 4123 1932 6505 8021 1159 6613 
1938 6190 4988 2279 3245 8380 6878 7011 7408 3132 4700 4561 5299 7247 7668 1356 8833 1996 2550 121 2789 4649 7712 8215 8401 3300 2400 5079 2227 6358 384 4580 6434 7979 180 7594 9420 4457 375 7208 2295 1085 7592 5125 2676 1484 6560 4019 8550 7299 654 8171 1283 2415 9169 7695 8864 3994 3391 7992 4425 1054 3954 6140 9742 3560 8565 4817 6947 1060 7634 7342 8995 2795 7005 767 1183 7043 3369 5037 3486 4592 4387 2775 6721 159 9405 9194 5771 4899 6447 1620 7131 6814 9789 3757 4274 7938 9136 7175 
8179 1832 8485 399 970 6409 699 9836 1421 911 2841 1323 3421 7175 6859 8157 5266 763 6602 1993 7032 1850 772 8452 7997 8438 8397 513 2356 1111 6200 3670 9795 6994 6957 9642 4299 5045 2316 1197 5403 7392 3956 4298 5373 8540 2090 3975 5476 4501 9614 1593 4934 5989 8445 3889 4263 7835 1839 1291 6361 4540 3020 9142 7894 6913 3312 7220 407 193 9550 2380 8621 1683 2479 7192 2707 6649 2952 4223 2138 1059 4631 6595 3044 9240 2360 3354 3929 7770 9073 2638 8130 7952 6269 2290 2072 5769 6251 9721 
3817 8300 2023 3450 435 7466 9030 3778 3623 8505 6860 3235 4446 6202 6519 2644 2907 5587 9718 1564 430 1333 6081 8015 6962 7398 1302 8310 1500 8731 2861 3675 6925 8161 2047 7130 5671 3794 3798 6302 9533 2798 5597 7975 3461 7118 9084 6441 4972 1057 9355 5762 1112 6304 339 9740 4730 8560 6134 3116 9417 8133 3704 4421 3098 2601 3630 4418 8390 7879 287 4708 3811 5542 5863 2054 679 3525 1006 8537 1264 5148 6995 1902 8125 4456 1475 5671 9196 6185 8909 1075 4147 2162 8919 5337 6713 2664 8030 1395 
7433 9532 7117 4963 6145 7466 7798 399 8505 3235 3319 9997 1460 3317 7178 7153 5854 4859 9084 3676 8148 1564 4509 8295 6395 3948 7704 622 6726 326 3863 4288 3797 3583 1368 8519 130 250 4395 4697 286 6814 1788 284 4194 6807 1929 7461 8897 6793 3508 1007 9831 3832 8619 7503 1617 2703 1478 8438 5544 6344 788 7986 6654 9590 3739 8684 8497 9937 6904 4856 3337 5215 7059 1846 4697 7697 6213 2357 7239 547 9870 9416 927 4295 7028 9530 575 689 4033 1920 2374 9176 640 123 9636 5827 7465 5228 
1898 6036 1263 6817 5260 7188 5032 5587 9840 4388 849 1292 190 7572 4770 8311 8167 106 1065 7689 2634 8334 2206 6734 224 4734 394 7171 1358 9147 8406 7938 4821 9938 7411 939 2509 3286 3295 3212 7081 266 842 2665 8714 1891 6280 9917 3358 3207 1063 5976 9964 619 7181 2164 7407 3676 2810 1883 6436 8426 8496 8844 8171 8549 937 9046 5969 8678 7328 1041 6846 5989 9894 5893 5022 2444 4666 5972 2503 2363 1927 5624 7198 699 2377 660 3421 6801 3975 9379 9614 5993 9424 1386 9214 6019 6317 9205 
1265 138 3050 8507 5617 9728 7143 6706 2977 8119 1940 3429 9282 6478 1180 6562 7671 4474 6776 5081 8895 908 7822 7904 285 410 6923 6492 7751 8107 9619 3380 4373 1718 2560 5499 3388 7730 2640 1828 7110 453 6993 1557 1145 8068 8780 1917 1052 3404 8589 397 6689 5060 6205 7090 9605 6666 6898 3192 7706 1781 4455 8380 4380 3603 7618 1677 586 4323 2575 8138 2196 6651 8668 7751 459 6886 5419 2009 722 6324 8166 5328 208 1569 7945 2624 1726 4339 9820 1608 8210 8212 1460 5757 9220 3372 9309 9223 
8107 5327 8849 793 5202 5412 8444 8585 5743 9373 4774 5123 1834 2949 8497 1187 3365 2138 5451 4631 9107 6595 7557 5963 9986 444 8295 6801 3287 7685 9379 3317 3359 5989 7175 8187 3381 1457 8515 9142 8496 2697 8438 9430 7451 245 7217 8552 9012 3670 610 1663 1094 5056 8156 478 3674 9186 5414 9165 3934 3803 6249 9704 9368 6272 4907 733 2801 9947 2178 5091 303 8585 998 399 2885 4260 8495 5188 585 1424 5556 5688 8269 9080 8473 6385 1276 937 4913 3660 4179 7558 3102 724 4817 4121 324 6416 
5410 9747 3022 5689 2158 6994 3328 3670 4053 2445 6546 5168 3875 8064 478 5904 6609 4299 773 432 3914 803 754 7381 7018 1317 7826 550 2323 9439 3637 8961 4269 8056 5448 4369 7885 7392 4131 3170 7344 7713 8499 8611 5470 4708 9667 8071 3454 7395 6354 5254 4390 8143 8015 6962 7398 8698 4768 4855 2789 2155 9689 9573 8117 5669 6454 6354 5742 7859 3314 5560 7736 2892 5792 7229 9887 252 2412 9830 9371 3299 7140 5101 5757 6493 8988 5154 2764 1194 8747 7414 2773 8491 9997 1142 5603 7228 2848 3907 
5081 5901 4232 3149 7804 2077 9355 2127 3814 318 7681 4021 6275 8460 2286 6859 269 6176 11 8848 9184 423 8245 286 87 7715 5415 9744 9809 5373 1744 3562 6579 6666 5441 2134 4132 6103 3069 9751 1684 5380 259 8398 3741 4436 3449 8759 1405 8495 5535 4031 6998 187 9848 4334 6666 8139 2986 6246 7427 3820 9521 2990 6961 7439 702 9450 1060 262 5182 7012 182 7685 6323 9249 9593 9805 7939 6629 6310 2389 7066 3380 5398 6853 5648 3314 9059 6117 2422 2928 1247 7060 8225 2797 5981 3279 6170 9571 
3610 836 2889 6872 7592 609 2857 9938 4529 7522 6182 6852 7517 8353 5879 2170 7850 9684 9774 4307 2651 4568 4080 3029 7182 1516 9548 4169 3767 5380 3266 2370 2561 1349 518 8112 8583 5724 4909 1243 1123 3390 7677 5325 5185 8075 4266 8817 6006 2345 3964 8194 8517 3613 7705 5185 9807 4620 7425 7984 2049 2466 6726 1746 9806 7409 1780 2030 9455 9411 1305 4289 8531 5628 8262 5026 8457 2019 5287 2296 8800 8471 2116 3620 3519 9767 2115 3718 3384 5640 6848 2147 9641 6482 102 9685 8800 4121 5430 270 
5298 6244 4552 1002 5188 7763 8546 1235 1740 3676 7605 2154 8822 9520 8152 4457 6546 3697 3406 7554 795 9824 6180 4665 4773 8193 1337 1567 2810 8369 8096 6401 5542 2054 5685 7844 2500 1083 4169 6630 1564 5979 7467 8106 7431 1437 1003 6227 7017 8727 8154 3938 3427 3117 7333 847 4729 444 9469 8181 4076 2482 4912 3113 2973 3404 8294 9777 4800 4089 2961 1964 4721 1971 5435 1308 4284 9934 5205 9438 5872 7157 9121 6222 1459 1360 7429 6696 2806 6423 4964 2983 7099 6726 3863 5491 3994 1698 2194 6534 
1899 6577 1843 5381 328 7397 5267 3005 5935 6325 7034 8933 8724 4052 6486 1753 9488 6174 4090 6436 8497 8363 644 8756 5720 2779 1746 8618 5507 7214 1703 6812 7332 8038 1043 5912 9804 7497 5595 4272 571 9756 8854 5840 2368 1559 2549 6856 4631 9427 9600 3079 5028 5753 1946 1885 9689 3175 2757 1751 447 5263 3979 4335 3767 1208 632 4830 9349 1095 541 5227 2953 9712 4998 547 7555 3824 7682 4764 3106 9955 458 1284 9044 5055 9848 8720 3851 9 4963 1343 6457 6822 3956 576 4128 1713 779 9501 
442 7319 2601 47 5705 1853 2805 9687 8234 2539 377 4804 327 927 4617 1124 7098 1878 692 8712 2610 2938 8611 6466 1469 1950 8843 2945 8972 6242 603 4678 8620 9700 4664 8795 4313 7951 4293 961 3552 5468 8299 6980 8318 9346 1637 1641 9603 4030 8323 9891 7583 8331 9100 4714 6840 5708 5239 6908 7646 2614 1214 8998 3808 5265 3778 5210 6636 2353 3686 3441 2815 6650 7313 2365 4893 9036 4357 5671 3397 9367 1310 9429 6854 4078 2566 9391 6774 9896 4515 1207 4424 7293 5882 4323 9276 6197 6760 8083 
5240 3333 2544 6625 3441 8280 3720 7757 433 7358 7533 9919 9712 974 3290 7489 1498 8101 7388 1782 3029 4865 4725 5709 707 8900 4560 7469 5963 2328 4139 6064 6165 7998 6123 8010 7090 8171 3571 2484 6834 4087 1328 8539 4386 909 6408 5611 1694 846 2223 8380 8753 1723 6305 1006 6864 1267 3615 4776 3260 1642 3147 1955 108 2794 990 7489 2720 4038 9611 1815 9361 5581 4810 4499 3645 753 3062 1049 4545 1919 3710 3107 5845 6571 9797 3605 3683 6795 625 8781 1254 3951 8851 3830 7334 8510 7421 3502 
3393 8755 8216 3349 6877 2486 7439 3542 1534 1146 1450 8374 5800 1684 7799 7527 9439 2392 727 5393 8031 4694 4994 5436 8014 4964 1618 9310 3719 8723 4448 8069 643 7873 5843 7503 8578 1972 3047 5815 1267 3212 4836 8452 1318 601 5268 3906 1412 2730 9980 9224 155 981 3780 1817 6423 9231 5299 4599 670 185 1552 8454 1812 5914 6485 7157 4368 443 2496 1468 8427 4568 3146 5836 6982 455 7717 8536 102 1725 9237 3151 2883 5002 7293 4776 1359 6045 6030 8329 5954 3727 7247 2051 7194 614 8524 1554 
9081 9505 1956 6391 6389 9995 9792 2221 7964 2834 4482 2820 769 1665 5108 1880 9696 3549 441 4908 3100 616 8402 1659 8139 1281 9166 6993 2332 9423 7986 4199 7814 303 1807 9039 1753 6751 4620 6736 5116 1275 4508 6923 1911 2723 4673 8759 4650 6928 3676 3597 4032 7052 2927 5013 2490 3864 7198 4056 7820 6939 2823 7504 5486 1189 888 5940 1163 9135 5362 8079 4211 2146 4856 2285 2922 666 5635 8331 7285 4505 6463 4947 3187 3783 2762 2006 6600 8189 4361 3750 2661 4409 7502 3841 8318 8429 5591 3710 
7788 8018 1609 7254 6801 8743 7685 9379 8417 3317 4934 4854 5212 1788 3751 8925 7745 3166 4493 3109 625 8781 1376 2650 7933 4403 5420 1777 9698 4365 921 20 6197 1159 4734 4348 1887 5163 361 9703 7015 918 6491 27 6914 1610 6908 8845 3788 7958 3384 1227 6684 7127 8030 7054 5096 2280 3505 9577 484 377 452 408 1449 3878 2139 9852 9657 608 5197 3092 1309 1860 4196 9259 7229 9472 9368 4579 8487 1580 2468 7953 2957 2302 2272 8097 7131 9068 4820 808 5775 1938 6582 7358 5304 8867 435 3897 
6434 6817 8578 3667 4789 577 897 6989 4608 2823 3296 4576 5011 4484 9040 3882 512 994 184 4498 2355 4104 9066 8656 2979 4109 8821 3572 6684 1071 3486 1942 55 5560 8540 6273 3262 9946 7748 465 1918 5090 8568 1610 2679 2488 2482 5899 8536 6229 4546 6699 1532 438 4657 9603 976 8934 1101 7029 553 9347 3517 8802 9147 7019 5580 2301 8017 3565 9264 7299 1756 8696 9074 9521 8557 593 8681 7172 579 6664 6165 3518 1773 7978 951 8761 2536 457 8378 4928 257 4734 928 4869 4226 8887 2380 9124 
4047 6351 8008 2380 4676 6717 8714 108 5087 4312 2620 7898 8876 8572 8130 4701 452 6516 3740 4225 2242 2082 6956 3048 3417 7541 401 7813 9141 194 6710 6308 1744 8795 4387 7695 1554 8587 789 1267 8339 3938 6115 4705 2522 3755 3786 7862 6340 658 9532 8332 5660 4196 9559 5246 3574 9977 6147 2854 5761 235 4093 9753 3915 2776 1239 7865 7364 7979 1862 1463 7579 9676 7235 2112 3381 3575 8401 6163 34 8708 240 9073 6879 9575 2377 8288 9456 1495 1196 391 5663 578 8272 8403 4813 6189 4751 2279 
2285 997 2370 5728 9300 967 6990 5722 7617 9738 485 1482 9139 5119 4058 7495 2065 385 4332 5114 1077 1533 503 8270 1943 414 1158 4013 334 4811 5939 4391 7804 1816 4248 940 1191 7795 7724 5234 454 789 8266 4277 6880 5870 3162 957 4547 631 4125 8226 4119 4155 8491 1735 9408 1184 6791 3685 945 7911 1123 1422 1365 7002 2727 7509 8502 9052 8283 5997 8510 5835 1565 9694 1727 3233 3590 6910 9431 6892 9623 1066 1333 7358 6726 842 4468 1316 6249 7287 2507 727 9334 2653 7913 9246 7553 7177 
3691 3366 4201 7821 9894 9894 1240 7027 2136 6509 4330 7965 2428 1947 9634 3573 5773 5899 6762 679 6292 8167 5073 631 114 8841 9054 2855 48 9516 3620 7047 4714 5972 5614 1123 3403 3423 3414 8060 2493 3660 25 5887 6548 9401 1979 7425 6271 5656 9304 8330 5346 6458 4759 4784 2830 542 8718 3023 1618 9578 2025 2996 7778 3041 5740 593 3165 3089 9828 8586 3307 4719 775 2273 2213 6432 2637 3081 209 487 9006 7939 6727 4644 8950 5821 7555 9609 6775 8701 9117 3534 4936 7553 645 1441 4772 9343 
1630 9911 8295 7363 6903 2796 8282 5033 9256 9381 6466 8456 8118 8705 6266 1359 5993 950 7173 2404 5702 4354 8556 5001 7225 3492 8423 13 6679 9638 8394 5701 4222 5646 1200 8354 9861 2427 4207 8539 1905 2144 8055 8799 7366 8566 2360 3861 5762 1739 8007 3929 7998 9242 4244 5504 1627 4090 1837 1923 5468 6608 3912 676 5116 6815 3926 8417 3266 8519 1698 8167 8474 687 3926 6734 1626 5550 3989 5218 702 980 8406 2676 6474 939 3286 1659 1568 3182 9071 136 9788 2596 6537 3405 9658 8858 5495 8225 
2012 3628 3364 7874 539 8136 2142 2846 5311 928 8768 6232 7908 7822 3700 7128 8099 7859 2339 5259 3419 2659 7246 8296 9035 2184 9405 3550 6677 6660 4243 7840 5137 4940 1374 7167 5711 6250 9204 7127 1640 4681 1006 6303 1687 2773 8726 6316 8110 2833 4425 6657 7292 4937 6268 2945 4926 2713 785 8435 7404 4978 1370 8474 6943 3349 5417 6877 2486 6316 7565 618 4691 227 8742 2537 5367 4795 4870 3931 7041 792 3691 7210 4281 5441 437 191 7685 884 8085 2458 6709 95 3591 2436 8544 2995 6084 3893 
5371 4182 3515 5724 5184 496 5353 5952 7127 8035 8912 5089 4543 8612 5383 2059 4720 6086 4567 9728 361 691 1062 9885 4825 1235 3622 7446 4068 5211 9502 5612 1230 698 5403 8972 8527 7050 7989 5417 7731 4836 6505 9798 8596 9534 5409 4899 6938 3410 6388 7913 1915 1070 6530 1005 1418 706 3034 7545 2888 4803 4191 5593 6164 1605 3023 8131 7517 880 7370 4067 3332 3670 7573 2252 5020 1588 2846 3777 1816 4176 2962 4138 301 7552 6398 9230 5977 8568 3517 8854 8376 8835 7956 183 9020 3167 8934 9700 
8097 5749 9338 9413 6630 7135 3987 8015 9807 5068 4685 2999 6084 2882 3253 3152 1183 1495 3656 6268 1796 2633 9899 4044 3138 8961 4982 3262 7724 4753 8761 1197 4723 9566 3999 8762 8871 1714 2527 277 3852 5288 3653 4764 3311 1689 222 9790 1936 7014 2267 6102 9465 3142 7176 8397 7995 4851 6023 482 5156 1805 7907 7730 788 6447 5234 1216 7393 4234 2198 1968 8549 2313 5193 4733 5353 3896 5751 1345 4130 2931 781 1867 8055 7834 331 1755 4287 3425 550 6707 6995 2066 1382 4959 510 1923 1788 8052 
5998 6247 8897 2190 9454 1534 6989 1563 5285 1550 3552 4143 5903 5380 259 8116 1259 7418 9565 4387 4767 205 2849 5394 8315 1355 4824 964 4721 8550 5840 1938 9342 4790 5712 9657 5446 5452 4742 8600 7313 692 5311 3516 6466 851 8843 4372 5148 5651 8461 7851 2023 2801 8764 2122 8296 4098 4333 3170 8157 4398 2798 6847 5871 3789 1390 7359 2761 8940 9910 9267 1427 8817 9513 9493 4078 5667 9870 6964 5395 5031 1120 9450 3008 409 7647 7996 5300 4471 4341 5917 948 6983 8485 1170 8666 1493 5427 1323 
8272 3098 2451 641 4757 3744 819 4488 363 9604 8508 6274 5254 8930 1447 8324 8976 685 1442 6409 2332 9275 5087 4180 512 81 7909 2514 4451 4461 7908 6414 9138 4097 8693 7626 729 3277 6525 5897 188 1980 1509 458 2267 3325 9018 2076 2468 496 8979 8228 1981 4991 4421 7173 2013 4136 5443 7200 4012 4606 4558 2212 5543 9962 8162 5616 4058 6271 2247 5260 1359 1642 1955 6964 7349 232 3848 4734 9714 1594 1207 6200 9853 655 5122 1204 8553 7439 4712 2633 3889 2777 5779 6983 7193 4313 3762 7723 
8826 2674 8801 3035 5444 9618 6814 9912 8963 5057 3375 8973 5381 182 4434 825 7787 3745 2293 2720 4547 6343 1723 1190 2967 2163 512 3300 9222 411 2571 2381 7591 6788 7881 6275 8657 8814 8590 7342 2246 3563 1448 5229 5950 7930 7407 4683 6805 9510 6868 1435 4826 8701 9181 1998 5802 3611 2936 2365 4327 9127 8990 1778 507 9318 1125 7719 154 9040 2273 4537 6472 488 5080 8898 5083 9115 1510 8366 7385 1246 1891 4740 2606 2459 5066 5636 3256 5248 6872 7044 4322 7952 275 3683 6671 4224 1173 2066 
9111 99 6675 3433 979 961 1055 1001 1502 7831 8195 7673 9941 790 4230 1489 3495 357 7118 2524 267 3596 6587 9128 7613 7706 6423 4280 4265 3478 9498 4469 9460 3754 7899 6828 5906 6300 280 897 7652 5043 118 3872 2253 3358 8358 4950 4596 1369 1791 1070 2688 2668 7711 3649 7640 2988 778 2080 4689 78 5531 2253 3805 5642 8232 6416 3201 8433 1191 8248 8943 7939 3951 5829 5897 2108 6904 1805 9790 269 7684 120 5119 2353 4135 3348 9784 9639 5387 7585 5645 7130 8306 8851 6274 5645 6868 6428 
7676 7951 975 8040 2385 7882 9350 6290 3896 2340 2979 5893 7999 1067 8685 9765 9620 5635 9532 3043 6017 4316 221 8500 8552 8610 5750 2741 1090 713 8590 9657 8067 5346 4627 6785 2968 1772 8905 2739 3440 5794 3104 969 2384 2991 1459 8600 6537 231 4920 2035 5811 6814 5214 6376 6022 7535 7727 6173 9538 4655 1416 6491 7484 8625 2091 1353 1511 5993 3528 4961 4795 4510 6991 8796 827 357 961 3159 1866 7988 2993 3277 517 8491 5225 2459 6541 2702 3780 6312 9809 9561 1949 7612 5840 2727 7651 9961 
1216 9941 1891 2360 3266 2345 488 1844 420 1597 6886 4221 8968 128 3971 6324 2785 1322 8599 7197 4672 1558 2132 8329 8563 9120 2180 8143 9572 4054 1368 308 3843 4266 8720 6864 8794 6205 5030 215 8969 5413 3430 2019 6730 2037 9453 8121 3406 6710 3758 3471 2461 7786 8652 3876 5064 7877 8549 6129 5952 7946 8742 9195 845 1191 371 6806 9624 4601 37 8679 1090 6756 9639 6555 7183 3389 5043 2684 6581 2468 9259 4690 228 9214 230 3163 5066 7687 2566 1052 9273 1470 4698 9993 2963 459 5396 8562 
4844 8327 4490 5637 8458 3185 7247 3442 580 8421 4319 8548 1830 6517 4838 8378 6778 9743 710 3760 3932 1511 7591 9810 7062 3067 830 433 6545 6935 2812 6585 3881 9162 3584 9492 8541 5515 7108 2507 7444 3165 2110 3468 9840 5232 1522 7157 2690 1370 9481 9651 2980 1240 8770 764 6040 5712 1597 5281 4684 6236 1574 1622 9058 564 4157 1077 1587 7299 7047 318 3319 1662 176 9907 9383 5469 3654 7708 5103 6692 384 7839 2744 9968 2323 2477 3948 1803 7090 4750 8830 4375 8018 2415 8566 5327 1363 6026 
3952 6089 4150 7802 7325 4091 5747 1050 4097 8049 8551 8321 8945 843 3379 4144 101 4009 7746 9134 8701 4470 770 5979 2195 7871 7216 9821 2164 9971 5216 8904 4870 9115 2584 6808 4196 7067 2152 1457 5830 6759 902 7814 5240 2146 7765 2222 7210 5758 8431 1239 4536 663 3028 7258 7296 2280 5745 6589 313 9900 7584 7915 3652 186 7267 8818 9364 3631 400 644 6166 4041 1584 9260 9183 6853 3118 2628 1342 790 1791 3715 7865 9790 576 5977 5459 6004 2007 6989 4635 4684 8146 5474 5015 7901 5082 2471 
4648 6684 5570 7591 5098 8984 1443 3556 9657 4243 7750 2518 8664 979 2795 1245 229 8439 2077 1995 8086 2590 133 9886 6314 4930 1777 1035 3831 9945 6461 7458 6993 3230 1360 1150 5921 7445 428 4830 5407 2756 9312 4813 2181 6807 1970 3775 7455 8753 4850 8406 9493 896 2840 5139 3238 6622 1707 3017 5866 908 8620 8548 4725 5822 5026 5404 3015 7601 7040 5746 5191 1456 1981 9834 8126 300 5338 6282 7457 2328 414 8747 1121 2648 8158 5702 4489 8084 6994 3042 2136 9848 8209 2746 3137 6610 7038 4955 
6650 81 3829 5959 9197 615 7300 4496 153 3758 8248 5423 8300 8009 3017 1268 4732 3805 9922 9166 5361 1215 2121 5399 6016 6449 3318 1339 3377 2543 1142 4969 5141 1587 638 9429 991 6841 6006 1938 3992 5896 147 6338 5428 8818 2706 2827 8731 6437 1689 9209 3345 9937 3204 2488 9834 776 5442 839 6604 2611 6099 1748 9134 6993 2548 3927 9065 5412 6179 6396 2079 6060 3411 9753 9069 8355 9754 4532 6301 8040 6826 227 496 4819 223 9243 9013 5117 798 177 6782 5724 8135 6221 8898 4047 1661 9746 
2512 585 6549 4387 6258 8992 8649 6723 3377 9510 4590 1407 7512 2287 3940 9973 9735 1554 8916 2077 9699 1452 5276 3903 2299 2785 6917 8571 7816 6381 4036 4208 7508 58 313 5886 6286 9084 2185 8164 5368 9346 1442 9493 3078 7588 8684 333 1340 3456 4567 9910 4114 6986 4797 1274 2434 8335 3082 3922 903 5876 4562 2993 6607 5748 9532 8064 3238 5988 9479 6887 1847 7131 8946 6107 4335 1780 4278 2533 5546 6626 643 3388 2949 7760 1008 4738 7462 5052 2465 6010 9514 250 4442 6422 1157 9228 3757 9501 
5166 3879 8098 5501 4085 6387 1987 9801 7166 9494 2574 3063 9010 1803 5069 3255 5346 3801 2924 8801 7556 5040 4855 5908 1233 1357 7500 3362 6710 8638 9102 7452 8578 8225 9516 7656 8122 9743 28 8352 4324 7816 3832 644 3326 5373 4167 3499 8592 7160 5512 6875 116 5900 763 8078 4906 4861 1248 9775 9965 2890 8407 8498 8804 5613 6512 1366 1084 7542 283 4230 5870 2701 8296 5074 3530 3670 3780 3498 7591 2818 4638 1848 4882 6065 4122 2656 430 7148 1014 4502 1035 227 7735 721 5719 1854 7550 5906 
5035 5391 6406 5821 2518 6958 1185 5822 3436 8800 3005 3030 2246 7440 2727 6177 7237 6329 3790 8897 9757 3344 9936 4028 4994 4664 2482 2077 1680 3278 4600 3742 134 4169 553 2350 3000 6682 4413 75 1895 7624 276 2360 5534 1523 1511 5101 1251 4137 5398 3182 153 2327 9059 2049 9886 2151 1520 8406 1813 6575 4750 1259 9818 3945 7875 589 7162 6518 1276 3491 638 8786 7744 7333 8576 5738 5753 6237 744 6223 9469 2388 332 1031 1354 4416 53 8559 4329 1013 1715 3247 393 324 9534 939 9499 8328 
8952 7090 411 3330 8705 7780 35 5180 5335 368 2533 97 6006 6257 7484 6580 7334 6021 657 6131 792 2447 893 4308 7689 9274 2161 5712 2209 3404 4888 411 2587 8973 1092 4434 1104 2186 8263 5094 1857 2910 691 951 9298 9019 9681 7450 8039 1723 8527 8193 3981 5020 3059 2913 867 3774 664 7840 8915 3702 3125 3260 4504 7982 5694 5700 1918 2020 9717 6463 1444 9475 9398 4701 3781 7469 4322 1842 1788 4891 3678 5992 1103 8163 5920 6646 4008 9834 3894 7245 2408 8936 7597 4594 6752 8642 6565 9517 
80 572 6868 7220 1797 8363 7439 3971 4377 521 8518 8447 1362 4265 973 7748 5425 1094 7166 6564 5026 1324 7748 925 824 6611 574 418 4247 1367 2018 6820 5184 5427 7506 7500 2609 1248 6123 9726 161 3671 6085 6863 8620 5126 7757 4642 1939 5455 6440 598 2404 7812 4363 164 9518 7805 2722 9139 4114 7920 2620 1635 8941 5176 1078 870 5922 1159 6464 3472 9799 7037 8813 1818 1109 9012 645 6259 6239 9340 4961 8350 4842 2289 5178 7055 5569 2200 9932 3434 1621 3986 3851 8924 1220 3007 6414 369 
5658 6731 2622 786 5381 9245 8585 9256 5781 7046 9067 8187 2402 8414 8257 9988 7317 7640 881 4040 1279 2877 5799 5447 6160 5274 5222 3998 3893 1015 1774 2678 8365 7186 8775 6695 3099 5404 1787 685 8609 4611 4512 1313 3778 9441 3136 3257 1730 5045 5551 4929 691 1807 6323 4734 3985 7304 5777 3941 1570 4849 9457 7716 2761 6643 2565 8112 8037 1806 3418 2635 7278 6876 8560 799 9312 8581 5335 8824 4896 4247 2223 382 8932 5588 1078 1567 2934 1569 8821 1678 2050 9998 238 3409 797 3466 9074 7759 
4007 4305 7474 5553 6191 6682 8361 1966 5589 5045 8703 9190 9497 1059 7010 1425 6096 6802 1265 9450 805 6574 4510 2874 8834 5663 3963 2924 5615 9150 7175 4856 9165 7152 5961 9901 2297 8654 7226 9822 6221 8121 5100 1877 4586 2691 8736 8785 1233 5855 288 6112 5201 6356 9356 7641 449 2914 5051 9442 9303 1838 6475 7576 7419 506 4424 4874 2085 3443 1146 8618 5086 8549 4527 94 5040 4432 1766 1709 6110 3758 7004 7218 3687 1070 8695 3401 9643 2690 7443 7976 9047 7667 2048 3141 3981 9848 9570 419 
7102 9207 423 2348 8591 7257 1421 4994 173 6095 7472 2868 4928 8805 292 5042 4719 6953 4835 2728 4913 3296 2101 1781 7868 7148 8219 5065 3477 2795 1608 6440 4337 1487 4409 383 7959 5828 7012 3646 512 6956 2441 1440 4918 7954 4729 6923 8447 20 6281 481 2774 5865 4709 1168 2532 1364 246 9986 3715 6076 6259 4470 7229 2083 5544 7080 5190 9692 940 1685 7798 3513 531 2984 4127 3490 7865 1207 7251 145 3667 3212 887 7125 3309 8342 4510 937 5193 3741 4430 7388 5118 1441 3267 5095 5342 6297 