2036 4756 9038 6583 4109 1556 3642 6424 1291 371 4226 6014 4480 9463 1498 7723 7850 4765 1568 1343 8397 6422 4648 7306 2009 2649 3736 9508 4151 5222 9255 9474 4122 6226 8827 6494 5942 156 5797 4831 6347 381 1588 8617 4552 9389 4514 7713 4305 1846 3914 5955 4082 8573 3843 4017 3210 7933 631 1524 2518 2925 8032 4667 7756 4380 5048 1845 6397 1040 3670 2139 7736 2796 9063 6557 1921 8596 8732 3210 685 8130 4157 5517 8942 6996 8255 1445 8954 7517 3364 4233 5510 5410 6609 2574 1639 1075 1600 7384 
1253 5110 432 7902 9635 5569 9461 8380 2989 5010 6991 6196 8167 7286 3172 8037 4224 5577 496 805 5537 8756 4584 267 9103 2741 2534 7974 8126 3821 1977 8362 6314 3595 6719 9461 3958 312 905 1725 2783 4554 8980 5586 2893 6389 5520 3470 3378 5458 7791 7183 4530 7349 9552 4821 511 2997 8772 777 2856 156 2991 9923 3130 2087 9034 4482 384 2299 4920 3818 2155 2651 3124 4635 3868 3634 4372 1933 233 1475 7310 5704 1592 203 5157 4834 4609 325 9625 9506 8891 4929 5063 1245 2317 4054 7895 8062 
861 1753 9224 6868 4595 2381 2812 5867 3785 9583 2775 3158 8114 4990 8575 9777 3770 1813 4525 949 9382 8625 8408 6806 5942 2805 5069 4577 982 4906 9188 266 5317 4036 5361 6481 5346 804 9580 440 2595 9970 6690 1958 1854 7561 775 86 853 9507 5824 5517 8645 190 9076 8248 6712 1493 5271 4407 687 7923 7617 2978 4247 3814 5118 1045 2578 4757 3887 1256 1225 1008 1812 7959 6681 7899 1172 2200 6757 4841 19 8240 4296 8879 8230 3293 106 4801 6278 4511 382 3221 6170 6905 1850 3677 7971 2772 
1784 8198 3568 3024 4542 1693 7808 120 2809 6480 5836 4225 6082 7578 6544 8595 3409 9390 686 6087 2021 9832 6215 3131 5086 727 6009 8944 2447 5439 7072 5858 8264 8662 29 26 9969 7683 7150 6787 2113 1798 9846 4715 3594 7522 6985 9590 7925 8203 4536 7070 5681 5377 610 9519 5062 5595 5634 4762 6161 4617 6243 341 5097 1122 2107 1331 6539 5359 4741 2078 1172 8268 9555 8507 6887 8890 4483 4268 8247 3895 5600 9167 9308 5976 3854 2618 3024 6840 9903 3417 6929 698 1065 7887 4536 2294 1311 360 
7905 5903 9612 738 4978 547 4423 1135 5222 4653 8746 6510 7958 5027 822 6040 7821 3020 6118 9513 1213 6311 1557 8288 727 1358 8311 150 9814 5042 2891 1728 5664 6998 6835 363 8880 4640 4400 2690 1687 1603 424 3908 4143 8742 1638 4488 5619 336 3795 5866 7822 7904 1803 8491 1394 775 9652 3687 8170 5028 7847 5193 6371 3630 3933 5507 3491 870 5603 6983 4208 6985 9708 6530 2162 1055 2591 513 820 9124 7752 3789 3091 3670 2613 5879 3450 8927 1726 7554 1906 8106 4447 9239 6722 7132 9093 1369 
8895 2777 7721 8929 7976 653 6221 4657 4662 1404 881 3533 3576 355 1355 8311 7045 1708 6307 7745 2049 6616 9153 1280 8256 5092 5337 4181 2669 7819 7092 5282 2232 2379 5492 5230 4263 5514 6707 8504 7657 3158 106 4094 5994 5484 3821 864 5402 4912 3584 4449 1513 3529 4485 4764 560 8357 3275 4008 4650 7513 2038 1277 1918 5292 5503 3789 7318 7271 1981 2368 1608 5400 4514 4803 8379 284 6841 5180 9967 4596 900 8297 4544 4706 1040 8491 6525 366 1345 637 9998 568 6693 414 7228 1952 3572 3570 
634 8761 4365 7553 6119 1609 629 6319 8155 3013 4735 4223 4291 4860 8186 7442 8782 5079 9382 2446 4538 3098 8069 1207 463 2346 7879 7613 2991 3478 4469 9460 5906 1001 358 4174 1299 7149 6473 724 2253 7706 3358 4658 1791 2688 5871 5989 7640 8013 9617 2988 778 2357 7239 1376 4413 1070 2668 824 2215 9894 5719 9328 3741 585 4067 7237 2854 7125 7896 3694 2943 6854 1333 1363 7416 6385 4518 5086 8428 1662 9593 7983 2306 5396 6903 2710 2832 3750 5651 2220 3897 4231 4578 4277 7115 7634 3933 9716 
2757 901 9952 7432 2519 219 5625 1774 4753 287 6356 5741 2272 5186 8857 1849 3085 3968 5680 2948 732 6222 6133 7420 3025 2090 6776 4230 2327 4775 6078 6148 8484 4641 6814 6657 4674 6624 7751 9114 8346 420 1413 9692 761 2439 3884 7658 3967 6125 9547 7506 7140 2636 9572 3425 5567 4942 7206 5635 3975 6550 6623 547 4213 4304 7118 153 7026 3022 2164 2160 6471 4860 4454 3761 5220 8928 6948 2281 7809 5566 1468 9878 5518 5531 392 3765 5645 9396 6344 7010 8680 7607 5807 6299 4683 2921 3310 8200 
4099 7185 5025 5595 8250 7803 4039 3460 3280 2759 9547 4320 8512 9333 5923 4941 6322 7626 6365 8985 7868 857 4630 2083 1900 2953 7585 2786 5112 8560 4661 8212 8207 4193 325 556 1607 9782 1973 5804 1978 3969 411 7220 4383 4493 2818 8865 8367 518 1418 5557 4174 4593 8334 6447 2440 7851 5699 2084 6138 2235 8451 9457 8318 7381 4142 2997 9445 6449 4446 4363 1462 345 1639 4283 9349 325 1895 8566 2175 7537 2367 4638 9325 6432 6911 3164 7339 6 9241 280 1482 4184 6049 7055 5056 9049 8599 2783 
6909 9200 1327 5232 9117 988 1875 205 6450 4576 207 3710 5477 1205 6417 9358 8106 7970 2231 9928 2055 8856 3589 4443 9650 6055 2296 6435 7479 7300 3443 7995 2612 7737 1363 8938 9099 8713 293 324 7690 8219 9316 3323 3902 381 3970 8216 6929 6539 3760 661 1811 8331 1637 6828 421 9664 9878 3838 7926 1040 2570 1212 6429 3285 1016 4375 9281 2242 6921 2334 9935 245 4350 4300 3425 172 3454 2735 6162 7464 5356 5260 2647 5580 6359 175 5536 1900 1126 1248 4513 8873 2890 6733 9771 2947 6813 9947 
6934 8754 1688 3400 6913 2538 3798 8513 9566 3728 5550 224 1795 7892 5005 5685 950 5273 1340 3176 7119 942 5078 7890 9243 8496 3865 5113 1668 5801 978 2700 7803 1347 1435 2473 6238 7634 6316 8975 2527 1848 4525 9913 8135 4329 7671 7993 9841 1981 9005 6349 8523 3010 7091 7043 1114 9107 585 1548 9259 2534 7469 7475 5212 2420 1788 859 8817 1272 4502 5921 8336 3835 5337 1188 6962 3201 6040 5712 6945 5953 317 7869 4598 3069 9750 7047 1205 467 2041 176 9907 5593 2043 7215 5228 5231 7873 5217 
7878 3122 7487 9541 9528 5425 1852 367 8779 1556 725 1459 4169 8331 6480 176 3484 4536 4500 4582 6586 3056 4198 797 885 9989 877 1664 8294 8878 9777 4662 9686 5850 5316 3209 4365 6102 9821 1798 9804 6291 3965 3176 7762 666 9359 76 3739 6278 1766 2160 8223 4167 250 6679 6581 9379 3359 5989 5594 8445 7175 7835 4540 8515 8496 3643 3861 1676 1146 8374 7527 8921 3016 6477 890 6589 9824 272 2711 8460 9193 5314 7265 3356 8282 5308 891 889 1683 4061 4326 8679 5118 3357 4633 131 8571 9198 
1494 9179 2371 2522 527 8082 782 4616 7028 8027 9913 5157 4067 7237 2854 3507 224 341 2317 399 532 1500 2086 7645 8064 4787 9628 655 820 3360 5253 2929 9402 8734 3342 5904 548 9642 5350 4229 1809 5653 7860 8434 743 9516 3113 5481 7027 134 6730 9826 8497 1692 5728 1702 5553 5374 9057 6167 4439 201 6688 6858 9572 783 2051 6456 8975 1300 9292 2948 9141 2601 1207 463 8506 8390 1063 9752 6401 5542 5863 2054 679 7844 3525 7899 6300 1837 457 3860 628 7560 5109 7822 267 7660 3596 4424 
9128 6423 2991 4280 4265 3478 4469 9460 3754 4519 8115 8912 8657 4503 3358 4413 4596 1369 1070 2668 7711 5989 1263 6024 1075 8744 1459 8088 8631 6991 7822 3596 8890 6423 4280 7949 9498 9460 6994 4570 1576 4519 8115 8912 6300 3856 3542 897 7652 3127 6473 5425 5448 5059 1791 7711 4374 9617 1346 2080 78 5741 8082 4388 1292 7485 306 7016 9184 8311 8167 9947 8644 8334 2206 6734 1672 1626 530 7569 6086 6023 2488 2054 2150 8125 1190 8236 8231 6591 875 9134 8862 9323 9125 9507 9210 4395 7102 8570 
4644 2288 5943 5968 8136 8792 46 3679 7682 2767 1054 2717 5594 4234 5980 564 6822 7774 3956 1199 576 8876 2728 7353 9501 5975 442 8158 955 7989 5101 8770 4847 6048 6151 3843 9120 2989 7313 6709 1569 1549 7968 3270 7173 615 8 6968 9095 8014 8297 1988 4122 8290 9072 580 9638 961 1400 9741 4409 7470 7349 6979 9094 6407 4565 7263 5349 4252 3516 6155 9084 8433 6836 4992 3453 5550 9165 5940 3934 3803 6828 2983 9704 9023 2293 6089 8130 1133 3935 2989 9645 8706 3083 2110 5831 7090 4534 377 
7528 2822 9457 4303 8381 4506 4984 4520 9 5366 5671 5758 2225 905 8977 2750 6093 3019 9762 6373 3975 6602 2760 9388 6938 5915 2249 4828 8719 7427 2526 9697 6164 6041 3335 19 1932 5525 8648 4910 3917 9765 4825 6025 8335 4094 8898 7971 1499 8895 4921 1456 6076 6183 8658 2948 3792 9416 4742 351 9344 2872 865 7975 8589 9549 7144 6689 2091 5060 9686 4429 7090 1759 363 2529 6529 9511 6089 4415 7365 226 3308 3708 9524 7284 8915 3960 2799 4792 4097 5107 6015 8946 8514 5291 1167 9173 6586 4763 
1104 4583 1513 9674 8640 4601 6485 1200 7578 5716 9176 8102 9984 3419 2999 1495 6268 4044 7724 8761 1534 257 3852 6485 2381 2053 6776 9627 3293 1854 7552 6731 311 9623 4759 8215 1511 3108 9085 2989 6309 7981 8064 8396 1682 4493 1376 3951 2866 7334 3893 9573 5998 3502 3393 4863 3349 5417 6877 5728 6316 3149 9147 9858 4800 8193 2420 6988 2887 2591 377 1548 6448 9361 6371 5964 7404 4978 1082 5226 3822 7147 5969 9692 5337 2353 5136 3348 9060 3875 5516 1306 630 4034 9661 9820 1630 6462 2884 7380 
651 802 1578 1549 7149 6134 8871 2382 262 9976 5273 8158 6081 8715 771 1181 8807 3898 1881 420 6315 2815 8005 4799 6218 1518 8491 9688 6750 5234 9381 5801 6496 8468 5663 912 1228 1495 3368 8961 3262 8761 4723 8762 8871 2527 4334 3645 6485 4124 5134 6390 9076 4390 7224 816 1442 1698 4003 4021 8208 7802 6081 949 1890 9916 4752 1615 9675 3551 4187 8247 6369 6378 5341 4410 1176 6444 4464 3712 3379 9016 2012 6201 8944 9042 1910 8661 8649 463 4746 9010 8450 2658 4307 1012 670 9733 7995 2629 
9637 100 2076 5160 6438 3013 4127 2089 4718 6581 1192 1940 9282 4859 7827 9553 2406 4313 2386 9400 1746 7962 4067 1035 8986 56 2900 4100 8476 1121 9219 140 1472 9858 4847 3238 9482 3377 8703 1816 3829 3445 1305 9814 8710 543 6319 6138 6712 6442 6361 4747 4915 6129 1270 3037 5584 9767 333 6598 1502 7907 1654 9795 3016 3307 1685 4692 2819 5570 7839 3819 6910 3914 9599 7249 7059 3074 3247 136 8074 2042 682 2830 4929 5995 4033 2190 9370 6797 4334 9947 8990 6628 9785 475 3826 3078 3922 5315 
4744 8788 8535 8711 8144 7929 7596 8024 444 7491 7024 6693 5826 8483 2885 7206 578 8921 9058 444 2866 7382 7421 8474 2141 4238 2766 2592 6877 8587 6427 1010 1623 4804 1153 7629 4748 5693 4480 8670 2041 4146 5348 5608 5591 1685 5323 650 7353 2675 5476 1751 5865 3485 1170 6822 4925 7820 3121 7616 7604 1854 3829 3445 1305 9814 6319 6712 6442 3013 4223 9885 7203 7986 274 7750 553 4538 2714 484 3799 3884 8468 5357 1002 4482 7333 4122 8189 6394 9499 6808 9598 1470 6632 3441 6568 931 9862 6861 
1199 1212 8531 7790 6897 1690 6975 4339 7345 1981 5447 8040 1855 7363 5580 8054 9178 5797 7184 2086 207 4984 7265 3081 8104 3952 6473 513 7193 3129 2364 8819 6258 7737 9696 2445 2146 4960 9927 9677 9011 3275 9555 1765 6264 8363 5735 612 9470 3271 3558 6679 59 7433 4034 1666 6112 477 9719 37 6266 7964 8547 3832 6189 5622 1691 2332 6122 7728 483 4131 70 3044 8802 3652 3060 3002 6763 4474 8273 9182 5500 6110 492 8979 1981 4991 8727 9223 2903 4421 7991 1803 1050 522 2739 7034 1459 8600 
2797 6617 1584 5887 9510 7263 5349 1413 8720 6094 6155 6974 9084 8433 4992 1668 7555 591 5105 619 2840 242 6649 5914 3334 1460 2207 7917 9945 2477 9318 5770 4653 1968 429 1450 7386 563 1313 7468 6310 7532 8786 237 6616 2785 8754 750 4570 4533 3792 8229 9079 2963 7804 6097 6921 8553 1303 4657 3266 8113 6700 615 5276 9943 4489 9780 5360 3866 4677 9111 3336 7944 2385 150 3805 7832 4096 1303 7601 7375 2530 9563 9344 5990 1736 3210 2765 861 9599 7854 8031 1069 971 5760 5417 5650 961 1326 
76 9013 7654 2157 7142 1321 3231 3493 4656 4090 28 4123 8604 5262 7261 5151 477 9323 646 4422 3973 1303 3802 9181 6613 5521 1410 2125 1227 7391 2367 5517 3360 5775 894 4693 7310 6491 6348 5393 8504 6652 5170 1367 5335 4217 6036 7193 7775 2631 5743 6390 5816 1501 9076 348 4390 5438 4061 2552 816 469 8680 152 8860 4215 6942 6822 5559 8250 7575 2495 3008 3957 8134 2141 4400 7194 3091 5125 7109 3419 1320 8992 1782 139 3519 8107 8112 2765 5987 6546 5328 1567 6358 5515 5322 8405 2773 5381 
9083 2223 2139 4898 9643 6831 9118 3922 3104 4778 7388 3798 6302 1376 7584 7118 7409 1689 9084 9898 7279 3638 3196 7436 9095 4389 3994 3698 571 8490 478 5744 2128 5047 6379 5124 6630 6581 773 4997 4238 6804 4342 6800 6634 7589 5805 5639 10 8593 9987 3889 5722 9116 5664 7450 5108 4496 7718 357 5791 4367 7699 7159 5912 2669 9379 5086 8754 7172 897 8747 6772 5792 3740 6212 6990 4149 842 1376 9412 6584 3834 3147 9381 7168 3345 7570 1671 3588 3088 4266 7790 2129 5194 2808 7855 5054 1728 4257 
8511 9069 8482 504 5899 7875 9890 2457 3015 6968 1051 4252 4238 3232 1210 7161 2131 6599 3771 6777 4500 4582 6586 3056 6504 4397 8622 7688 1778 9269 7322 8949 972 7051 2508 6169 8836 2388 8275 7661 7489 2269 2189 8995 1592 154 9128 5109 5458 2919 5395 3792 1268 2658 8173 2548 937 8522 3707 43 3634 2011 5625 4984 9841 2769 4427 1821 7106 3726 1870 7724 5518 1051 9460 5576 5271 4366 9285 3490 1217 396 6555 6670 9372 6208 7797 8126 4539 9809 8503 8686 3640 1503 9286 7137 7760 8421 9964 3408 
8634 5498 5332 8843 1910 6967 338 7349 3220 121 1016 4598 3430 7059 6328 3957 3577 284 1449 1006 1087 5148 1902 8125 4456 1382 8417 3425 7614 655 3015 2136 746 4796 820 8796 6065 4511 5253 6994 2929 4406 8734 7487 3342 1499 5904 3720 548 3184 8817 7291 2784 4299 1272 5921 6919 3914 2214 8093 222 7519 9103 8839 3634 658 700 2375 1970 7425 5802 1513 6704 883 9306 6435 4981 463 3080 1117 8122 9337 5711 5361 6914 5617 6294 2734 3584 4043 8548 7446 3866 4277 4484 5243 5646 9920 6648 9944 
3836 5039 8066 450 8428 2237 7155 7143 9794 3638 6638 85 1391 237 4194 2021 6583 5665 8491 1363 578 5773 5933 6125 2298 9082 763 4787 766 3977 7984 7541 1207 7851 8459 2325 8581 8022 6997 6512 7882 4668 8211 8700 1916 1897 4104 7285 9437 3927 4884 6257 8491 6740 1223 5713 5747 5687 3923 3501 253 3175 9347 7507 7553 2839 6905 2348 2511 3862 8885 9190 5895 7603 7414 9863 9805 3127 272 5158 5118 8231 7301 5443 5677 7858 6045 9172 8203 528 1855 8729 984 6030 1745 7790 1072 8417 2145 3266 
7751 4629 8302 6183 7861 1914 6071 5756 5310 8207 6399 8124 3298 9278 1059 1657 1554 1353 1135 9602 6187 5179 597 169 1109 1193 158 1816 684 5718 5502 7081 7697 1640 4023 2878 2731 3146 2007 1461 8951 4361 7439 700 2375 3524 7425 1513 6843 6704 4811 4981 5296 7736 1266 8515 8004 194 6326 6628 8783 1573 4243 1298 9440 7613 9562 6026 1460 5712 9657 2747 6164 8142 4746 7022 1288 6227 2205 4877 7634 7404 5239 9654 252 4998 7168 2318 5735 267 3155 3271 6679 8798 2685 7393 4368 4775 6417 393 
7831 113 2926 8641 7938 1291 7744 3345 2790 5585 2578 1738 1647 1638 6953 6993 504 4181 4128 2839 9051 2088 7433 5270 7249 4309 2332 5891 1690 4911 8737 2814 7034 6217 6907 5924 1999 323 3946 7099 9556 1814 7367 8569 7204 2679 1558 2637 4089 2977 7777 4153 8923 3025 321 7888 7490 9565 3854 4272 9332 8642 8561 8807 2491 3379 792 9259 7917 1242 1244 1365 4478 4696 9415 5897 3467 8874 7914 2933 8275 1449 6454 4545 4222 8462 2316 6378 8607 2851 8966 2819 2032 4971 8776 8490 433 9223 2805 3600 
6992 8543 6315 895 4942 4654 9485 9830 6438 4981 4313 9520 3217 3699 8463 3183 5788 9043 6754 4870 6097 114 4717 7274 2113 8405 809 1962 6811 2629 7048 155 9498 3584 858 9673 8589 5149 4174 2451 2725 6610 9152 5085 9205 451 3503 9405 6472 4913 9851 85 6351 6048 7628 5026 6844 5375 5679 8585 8122 9031 3470 6395 8857 2931 6677 7840 1374 6904 1185 7652 4296 210 431 2791 3274 3915 9870 4561 1624 9220 3021 830 7921 3792 2419 4874 9704 7799 3013 5418 5887 2777 1368 587 7824 6543 9188 5471 
6466 2288 1908 1895 5091 8949 5172 6042 441 3492 9371 7455 4751 2915 6488 6670 1457 999 1802 5771 7438 641 1168 373 9685 5217 4155 4863 3722 9597 83 900 3029 3562 7010 1813 1700 7620 8481 7919 9340 9414 2111 9851 1130 6912 4692 4141 9951 9396 735 800 2399 2401 2289 2429 7621 8075 9899 9324 7493 511 2512 5324 3337 5278 5004 6540 6121 678 5070 2162 1541 9481 7151 2729 2919 7764 1061 3557 616 4082 8597 3744 1875 6734 7464 5061 6523 1149 984 6190 4814 333 7877 5013 5435 6482 5378 2705 
2459 525 8754 3237 4273 4899 9890 1443 4086 528 2842 7162 5570 308 6245 8908 141 158 5402 6189 4230 8932 4958 357 2070 267 5095 8890 7387 7613 3359 4265 4469 7899 4519 4488 1001 4702 981 3966 8657 6678 7355 3736 3986 9674 238 8361 6861 8158 7315 684 6508 3328 411 7443 2458 8932 1489 9198 6472 2656 844 9700 7366 1682 6542 4641 2777 2661 8200 8828 6362 4405 4314 3945 9552 6844 4588 8194 8444 9408 5020 2447 6428 7951 975 6972 2385 7882 6290 133 5893 1905 8200 1067 5427 3379 7234 9765 
9933 9236 8517 6017 6726 221 4085 9177 893 6262 6865 7223 863 5399 6714 4794 3924 247 8461 1525 6102 8839 109 3633 4368 879 1241 4036 8343 3780 8223 2777 4354 476 8836 3176 9827 8092 2897 1548 1086 6312 6939 7380 5228 7417 481 7350 8035 4239 5960 7343 8790 2136 3581 9325 3619 7179 1490 5441 8212 474 1107 6649 163 9914 761 5677 2281 5503 4604 4846 3925 1548 5409 4983 7388 9851 1129 5477 8025 89 3551 9374 6532 2491 8038 5978 5065 7735 6737 9119 60 1671 8943 7786 6792 4830 147 1011 
3380 5979 5017 7467 8106 2762 7225 4726 6012 7683 6678 8171 445 1574 2519 5842 8109 4878 4227 2634 7023 9582 6000 1599 4704 8100 6327 8820 1307 1642 5699 8971 554 6098 5763 87 6926 9347 3066 3873 8095 3453 7974 742 4839 2136 9062 8130 7618 6276 7687 2955 4855 6158 7478 3555 6567 4154 8896 8803 7995 3878 1166 3211 860 8164 7030 1941 721 1221 3407 8273 7836 5194 1493 9153 6384 7614 820 6065 5253 2929 8734 5045 3361 2903 839 1317 4191 8360 7166 2809 1478 4917 4318 3311 4378 8797 3763 5667 