8466 7482 9484 6498 9374 7443 5698 9664 799 7900 5686 7956 201 7780 4462 4683 928 966 5526 2619 4334 1870 6236 5290 6775 4986 6237 2559 6535 6970 3739 9851 9636 5270 8233 9976 9004 9745 7860 165 4723 8962 2176 7898 6577 3180 4746 77 6029 2600 2473 6561 6501 5827 6599 7783 3598 6867 403 2730 4227 5882 4022 2977 5607 4057 4030 919 7074 9257 6456 4017 1191 8372 6128 103 4339 4812 7581 9519 2004 1218 1788 5190 2236 5248 6495 5549 1664 6897 6356 139 4818 7481 9597 6163 9554 5346 6617 7396 
8908 2223 4475 2211 9583 8498 1796 2439 326 4572 9263 1336 187 7537 8501 4907 5903 1207 440 9233 4407 4545 2044 5948 6705 4248 9614 527 7248 8666 8749 4468 6688 1928 6821 5431 7853 4421 9360 4384 3337 1675 4269 5829 919 3699 5047 3856 6929 8761 4951 1313 546 7312 9601 8884 7699 9566 4888 9908 4700 6313 9687 1799 2442 4809 5859 9216 7283 2390 4962 4524 2407 925 7337 7435 8185 7447 4962 3082 1490 5562 4860 6118 2681 8595 5158 5086 5890 5272 5415 1836 2535 5476 6531 9035 8462 5030 6554 8231 
5710 3204 5550 3397 2992 1703 7473 3704 8735 9988 9793 468 9508 4056 1212 7488 7678 5845 6371 6720 4997 1807 7996 6464 6775 2437 777 1137 6680 5780 621 928 4875 5132 2091 5860 5439 938 9764 6371 5492 6420 8343 7389 7345 7941 3380 243 9854 167 1717 7673 6338 3727 3940 6327 1327 8719 9643 7713 1932 4035 2254 6378 8673 106 7301 5746 4791 4148 380 9448 5782 8542 279 9920 4590 5629 776 1916 8782 7995 2471 4280 1674 7083 3727 1171 9081 3145 1101 6164 3733 6446 9007 4578 7546 3779 5696 917 
3231 1510 3948 5740 1357 7166 3242 7440 2600 9028 7011 9060 9177 8061 3209 7324 5953 3806 3585 98 9581 7287 8960 4907 4821 7995 97 3255 6217 4216 1443 7030 8329 515 1129 731 9498 2726 3590 2935 6393 9775 9440 7572 8184 9099 1753 117 7999 7830 6446 5148 4749 5707 4576 8896 9066 2151 5217 5823 730 1688 5539 3124 635 9136 8888 4989 8753 6958 8845 7169 4457 3108 8504 4337 6488 2669 2654 1115 1973 4759 5191 3555 757 9723 9168 1912 279 6811 8411 3630 8567 4034 8386 1668 2293 6711 1729 6902 
7915 2162 3647 3396 7193 1154 456 587 3435 5464 3937 5017 9933 8620 7959 4899 8995 2430 8000 1812 7635 9390 7310 8455 3605 9858 4376 4157 742 8821 9381 2502 4259 6145 4216 5370 6092 416 107 7066 3483 1342 5478 2590 9864 8166 6121 6423 5364 4702 490 6033 4988 90 6355 5639 5638 6443 4295 8976 746 3408 8079 6597 2631 9443 5885 6827 9912 7427 3354 7503 1478 3786 9398 4779 6430 4108 1847 9593 7282 7763 6672 2306 944 5396 5325 3414 4235 1703 2710 6600 9625 8189 2832 9112 5305 6015 2220 7820 
21 3109 6795 6795 2614 8519 6876 5790 1489 3929 7511 2051 3337 3724 2525 8296 7471 5662 2878 4760 3147 9220 8506 8344 5127 571 6018 2047 5048 4958 4237 8329 8717 567 5033 9001 7318 1700 9532 1885 4249 8318 475 7000 538 7268 3885 4877 1721 5568 6413 9765 5572 4418 7252 5591 9743 1371 1855 6524 2812 4755 3387 4719 9566 5508 5027 2750 8483 8400 3214 3155 1134 5634 161 9678 7880 7311 569 3304 8304 3781 1633 37 8679 5888 9639 98 2678 6202 5569 2754 561 5065 3459 7966 7473 6593 852 6807 
1237 4545 4064 9470 962 1582 3860 2435 5867 5643 9992 333 9462 6192 1997 7651 2821 4374 2163 9177 5105 3915 6793 2263 3981 7411 9880 2043 9041 5581 2936 6676 9281 3345 8861 2780 2750 2630 4783 5259 6586 8101 3060 9396 1449 2408 6769 5549 3033 8092 2142 3515 9387 6653 3583 483 9394 2674 733 911 4066 8333 3145 266 7823 5472 8168 6463 7442 5319 7461 9137 8859 4750 7073 8715 1649 2788 1250 5770 5465 355 7083 1311 170 6608 9781 7748 2538 3608 2610 8075 5212 6523 3906 8468 5357 5520 8109 2810 
6516 8844 676 4209 2210 5997 8678 7043 6839 9707 8552 9934 1367 8114 8493 6036 9311 9654 5743 1501 348 7224 8857 1698 8891 3018 2330 1797 6689 1080 4890 7163 2250 6549 8040 511 2512 5324 8877 657 4804 7690 2013 6861 130 5019 1923 4697 286 7513 1841 7301 6864 8119 4662 7894 2227 6374 239 9805 3676 8148 1564 4509 8295 6914 1431 4709 8551 4954 2702 253 8308 6480 5277 7585 525 6457 3637 7774 8876 542 2620 7319 8112 2069 7989 2117 6534 190 5610 943 3630 5681 8506 1063 6401 3257 6909 284 
7844 1006 1083 8537 1087 2150 7816 8125 1382 5327 4959 1190 9050 6038 8909 279 1075 854 7212 7337 6719 4896 3610 4109 472 7774 9373 840 9311 1869 7609 8417 3792 3948 626 945 6903 6461 3863 3797 8069 8506 7879 1063 9752 3957 5542 679 3525 1083 8537 6707 1902 1382 1205 8236 1551 6185 8909 1075 1543 4201 8919 5337 1395 7585 2714 3697 2598 8319 1343 804 3637 3956 1199 6476 9555 2728 7291 1094 4552 2359 1288 6111 9673 2165 5573 3541 7667 5577 3570 195 2273 9975 3682 5521 2148 8443 8878 4586 
9947 9860 6368 51 5279 9562 773 2156 504 1887 9486 2355 9340 4374 3937 4710 4464 4795 9840 4602 8326 1292 190 9231 7137 306 7016 4770 3372 2441 106 9947 8644 5365 3926 4877 530 4734 9964 9659 4095 394 7434 2799 1358 7714 8406 7938 2676 5760 2449 6549 5144 9760 8096 6133 921 5905 9460 5503 307 3112 2198 3521 2313 1490 6234 5353 3896 5751 1345 5580 8074 42 5741 2308 585 6368 5157 3654 4695 2854 3507 7125 224 7346 7896 8064 6701 3694 7168 8746 9729 7358 859 3913 307 708 3753 628 
9398 6252 5098 4518 4779 8456 6127 5794 3408 1662 4399 6062 5053 5242 5738 3890 7983 6142 9297 9945 2346 2477 5461 5770 5374 4653 7427 682 6515 1450 7386 8278 1612 1313 655 7468 9872 6310 7789 9908 7532 2005 7937 4453 4507 6616 8754 750 9170 6291 4533 3792 6921 9601 4479 2963 9672 7912 6506 8179 565 2528 4657 8116 3802 7576 7745 606 4110 7587 769 9426 3224 7966 9615 9687 9658 1103 5495 351 1698 1508 2296 3696 2507 9937 185 9407 6423 9949 1997 2297 6656 9609 1417 6919 2938 1482 7945 5527 
4074 6992 3526 3913 805 2313 5193 4733 3570 3896 5751 5580 7651 2931 8571 1867 8055 9788 6413 4783 9487 8816 1284 2946 7678 9314 9512 8701 2758 6945 1248 4972 1057 1539 6593 7837 2816 7759 7683 1765 3562 3849 721 8065 337 812 8393 7793 9159 8103 3699 7989 5692 6412 2206 4539 1117 102 2201 6836 9578 1462 6209 6792 5638 4154 1987 909 418 8184 4152 5790 484 3919 3672 3817 2127 5885 5649 3417 4432 4603 5515 7363 8643 6732 2370 5740 1413 6181 5081 752 5709 5774 206 7867 3731 7049 8069 446 
2505 3407 3838 7399 6620 5356 6305 275 6098 1790 8232 3038 6919 7045 8065 2841 9416 8166 6858 3097 1784 1868 754 4835 1463 6310 4576 3395 5188 2599 3738 6421 9464 5711 7174 8116 6010 5685 1083 1087 6995 1902 4456 1382 9998 9050 9196 6185 8909 1075 1543 854 3044 4201 8919 3064 8858 2901 3610 2631 5750 6081 1750 4381 3391 7267 207 6734 7480 9556 8797 1805 862 3930 1521 8081 8403 731 6390 6122 8314 6012 1912 6678 2978 8171 445 6722 7822 6455 8181 897 4246 6868 277 3246 1483 864 7319 1853 
9460 4424 7387 7706 4280 7949 3478 9498 4469 1576 5906 4488 8115 8912 9891 358 4174 7652 5043 4503 3872 7706 3358 5059 4413 4658 5159 4490 1070 2668 824 3649 7640 8013 9617 1680 4536 1272 9542 775 8923 636 4087 9851 4764 8357 3275 4650 7513 7629 5503 8896 3825 4828 3408 6597 2631 9443 472 7796 1499 2467 7427 5913 4100 4889 8027 6095 8301 4272 8724 5953 4661 2088 3396 8677 7269 2891 8029 2301 9493 4841 4674 566 815 4028 7379 4411 3095 7761 8144 383 4443 4190 7782 9037 7163 5267 8737 3028 
1925 5482 8567 9486 6779 1068 4283 9480 9865 6204 872 2701 4222 2248 5410 5152 4824 5026 8985 2612 2003 7232 9003 3257 8618 3036 6632 700 9574 2283 5303 4080 5521 8292 4589 5802 3230 397 7225 7256 6735 6110 2525 7809 1298 4104 7909 9338 6798 7468 3529 1084 4780 8184 2544 1089 5570 6995 5192 2946 9630 4108 8518 9305 7339 7882 4750 2030 8830 4375 1307 7921 1609 9208 1530 8034 740 4167 1940 4335 6605 5046 1776 6014 4718 3429 3409 7166 1905 2484 8455 948 3605 9133 742 920 2991 7001 5843 7477 
7634 6429 9521 5847 7680 9067 7902 7547 1331 3816 849 1247 435 6029 4098 9198 1471 2102 74 1590 2798 9688 5505 8315 3688 8482 5076 5532 6746 7394 6116 1179 1973 515 745 2498 190 5525 6624 7721 9438 8280 5406 6592 2561 7730 228 4209 1240 2709 4684 7048 2142 5859 8420 9683 3452 4862 8977 5655 9920 7962 2610 6915 3727 3297 9769 5416 3494 4652 3513 6716 9902 3081 2641 5821 4534 1967 9710 3424 7623 7909 1391 1681 9310 761 8268 2738 3571 3800 8399 7696 3339 6352 448 3177 5776 8037 9311 5943 
4322 6161 6174 7213 8629 1274 4613 4877 2032 4748 4284 334 4550 2125 4225 187 1586 1761 1910 3691 2919 1769 6743 2227 1497 3716 4754 8972 8040 7606 9150 7566 3145 5523 227 371 3019 7929 5329 9511 6374 3535 1502 9072 948 8067 2024 7278 2607 5972 2807 3403 4923 3423 3414 9094 7100 9346 1900 9603 9726 9659 8669 9036 4242 771 6424 2707 5708 7978 6908 1214 8998 2854 4452 4730 8118 5983 6338 1490 2367 847 2728 4792 5879 5211 7773 9709 4179 1104 7631 5679 8407 1265 4286 2656 1429 7699 2770 1680 
4361 6800 4559 7398 1626 4382 8367 407 779 7464 1101 7463 8784 1046 6967 6062 3914 1777 186 7029 320 5735 8377 1023 9693 175 7141 2939 6208 8086 2151 8671 2503 6155 7178 141 1464 8888 7153 5012 883 5830 2217 9480 7295 2184 9153 1215 3770 7587 275 864 9226 7963 3776 2967 5097 9094 6080 3745 9562 6274 3735 1396 4150 7945 1311 5119 6616 5527 868 4212 5780 7467 3526 2201 3559 9698 3208 1597 3978 5375 7507 2334 8682 7070 5689 9866 1396 9098 9835 9009 1276 378 9045 3454 5409 3478 1218 6898 
7475 505 9248 9717 3576 7534 2952 5296 87 1256 9037 3815 702 3753 7789 2297 3261 6078 3769 11 156 4816 4825 4992 6313 8637 1271 211 637 3067 2221 8690 9341 3266 2782 1376 7794 6879 7505 4423 2354 1330 7597 6680 4113 8020 3295 7550 3452 336 3261 1633 7484 8789 9530 5412 7167 4888 3311 4983 6480 6823 6707 7566 6515 2026 9708 444 8006 6470 6830 2070 8130 7952 2290 9916 8822 3552 3775 3484 3208 4986 4994 6446 8146 5315 1681 7074 3733 2362 2736 8816 3247 2479 3224 9112 105 8496 5664 6430 
6149 8880 647 5588 4832 8240 929 213 390 648 1342 4318 8917 193 9049 8350 6754 4226 48 6380 662 1960 2117 7386 1737 8530 4434 4240 562 1141 2649 4370 944 7181 8576 6414 6102 2940 1529 1749 9809 1798 9804 3176 3281 9359 76 2996 2531 6391 8915 5076 2960 8921 2160 4167 7101 9210 5675 3250 8184 9270 6809 1236 8883 4430 3727 8862 5192 9025 9880 5536 6939 3127 8144 851 8310 4904 6296 2312 2001 3342 7458 3550 5193 7325 4656 6590 5957 8040 959 1006 6915 3416 6247 4496 7942 9110 7598 7853 
1680 7056 7238 6424 2892 8895 8400 9712 5665 1045 9282 6338 2013 8231 9295 3532 1441 5740 3025 1337 5342 9949 2095 3806 7416 7284 962 2614 9301 1058 2499 7904 929 5225 3674 2937 42 3200 6903 9556 7509 9443 971 9760 9802 4423 2975 3755 7283 6625 6946 4366 7856 6473 5743 5559 1766 9813 1948 4803 3853 604 4360 2438 8304 6181 1516 5372 6398 5083 9780 469 2604 4829 710 8046 3932 1039 4748 919 9783 5652 1747 6304 349 4696 4767 4013 3348 257 9765 217 1759 7721 1069 7590 9490 685 1589 7134 
8708 3716 1935 6663 8080 2980 5226 8755 6943 3349 5417 6795 3109 625 5823 8781 1376 1254 7933 1531 3830 7382 5998 3502 8474 3393 6943 2592 955 9368 8125 9998 9153 1733 8417 9048 7614 3015 746 820 8796 3360 8587 487 2815 2794 6938 8130 7891 3900 1878 2052 612 5506 9423 8500 514 3526 8928 9397 6111 9190 5211 4531 6738 3559 7796 7214 8654 8532 4162 6071 3200 2654 8729 2987 3073 3398 198 6003 2019 3956 6750 172 1015 4539 5050 8436 7517 7330 1588 1218 5897 9689 3840 5542 3828 3582 4498 7381 
8058 2225 5712 6632 4627 866 8324 9337 515 1729 5996 6669 5678 5671 2538 9149 9910 4900 5954 2719 343 445 5078 3264 277 8451 1443 6344 7158 2290 3697 141 8846 7583 8782 7323 1632 8076 1586 7620 4136 5847 9782 1622 404 4477 9875 3292 3200 2187 4049 6860 1187 4614 267 6565 8809 3762 9457 1040 6316 1962 8238 638 1895 3026 4912 5140 2552 3410 1008 3681 58 5673 1964 5411 1020 6160 7982 7719 9160 9438 8922 9378 4627 7106 206 6332 608 4920 6263 7135 283 1262 3112 3228 6245 4047 5510 2208 
3615 5280 2416 9337 803 9960 1803 1395 1000 1483 8989 8515 1077 5899 7701 5053 3836 7836 7456 9277 7794 4005 5074 478 3590 4996 1762 4200 4713 1189 9445 6034 2334 9699 2478 8760 4379 6504 1395 4290 5059 8529 9471 8657 7355 3736 9674 238 5569 2167 4444 6508 6639 6611 8722 8932 4958 9198 885 8853 6607 307 6183 3753 628 9398 1493 5219 4761 6598 7631 4299 4480 8056 5395 1176 6074 8538 1514 6728 8791 4354 8763 6179 9827 8264 3035 6343 8874 5340 4518 9870 3701 3835 4341 7657 5899 8485 2519 6354 
4654 6925 3721 8272 1875 7975 2451 3049 9933 4265 819 8678 5904 1065 5241 6399 1074 3357 4466 1148 8847 1630 8095 6199 5843 967 3528 6491 8585 6465 2416 9075 8421 2292 9021 5242 7653 610 7572 9269 3843 8922 4671 4042 1464 7070 1112 8578 501 2529 925 879 1402 7845 749 9764 6378 5060 8977 9432 3090 3330 4698 6080 6829 1999 2455 572 3879 3077 399 5401 1445 2326 8531 7587 769 7735 7966 9615 3405 56 1103 9888 3020 2976 1858 1227 6567 2296 8800 2680 6578 2775 1983 5994 8042 2592 4872 9781 
2689 6133 4985 4032 3532 5170 1888 9485 2103 7312 9163 1450 3688 8127 3611 6933 5202 6116 1179 6442 9293 7420 7435 2511 1268 3736 6264 1387 7925 3903 1941 7058 9229 3983 6564 9476 2932 3100 5230 6302 502 6557 2443 2918 3891 4722 6582 2367 3873 4723 1716 7140 6983 8688 1361 1865 344 9003 5929 5102 9569 208 1852 1285 2645 2653 8605 2984 9101 7439 9495 6599 2357 7917 2092 3053 3027 9906 6593 7125 9543 3477 9393 5766 6643 2380 5786 4143 6795 4876 7904 5209 8066 3052 2881 2998 8851 4494 5755 2114 
4425 9562 857 5263 3715 7272 478 4390 9633 3971 4278 2757 7693 4942 9252 5087 880 5696 5001 3930 6995 3875 2137 4624 7768 4866 8412 9565 5575 3481 3186 6687 1627 2520 8342 6754 3507 28 8264 798 9088 4919 4473 1266 4804 3265 6240 9215 3470 3404 6398 8173 8751 4443 3752 7039 5665 457 9567 5445 4671 2229 3387 9219 5172 1060 9708 9255 8074 9819 8220 1541 6996 2876 7946 5531 4489 4342 7262 690 5262 6804 8520 3274 9568 1345 7514 2221 6915 1366 1197 6169 3432 1470 7636 3893 1674 8551 3042 9370 
3764 3234 7946 8849 6514 4710 8956 3843 613 1516 271 9127 6556 9838 7801 4711 5567 8608 8095 650 4342 7340 5452 951 2252 7764 1174 9619 2920 4229 9580 180 6213 3572 7730 7335 9680 5559 7998 3406 3143 5742 7929 8071 4218 6297 3955 3977 7708 3124 5056 3188 821 4694 8603 6810 2608 8348 4271 3756 5092 3028 1426 6288 6581 9363 6992 5049 1894 1826 6736 620 5352 2215 4143 6023 2642 2488 3110 8903 9616 6122 63 4542 9383 4330 2339 4714 2494 7439 9422 6452 5762 1805 6536 2222 1920 6751 3494 3449 
5590 9149 6448 2489 4660 3421 3335 4847 4319 8606 6069 9257 8515 6593 7126 7489 3215 593 8360 9428 696 5393 788 2726 7419 1321 7772 1838 2624 8585 5045 1492 3115 1552 5914 7157 7704 8655 2534 4431 2914 8427 6403 9273 1085 4982 5088 5135 2859 9191 3302 7890 342 6619 754 8536 9847 8894 9530 2811 1110 2443 4824 7266 6032 9524 2810 6201 5139 2081 1299 6489 6254 8791 8863 5313 7159 9935 4443 4471 5225 6032 2317 9414 4971 4223 9044 2541 5638 7215 9426 7334 6862 7513 2647 5344 230 6318 3777 1640 
2576 5327 976 2455 7493 1682 3378 6421 2914 5100 315 611 9042 7748 1606 8282 4759 2626 2770 7567 7950 8107 4491 3258 5543 7535 4073 1532 1751 5424 1186 2461 1017 3001 5217 1935 4465 5666 2498 9812 7415 1338 2712 5505 3380 6493 1133 9179 2794 9425 6233 2439 4150 4411 7921 8246 48 8130 8190 6734 6861 58 4435 3756 3097 8824 1740 1715 5112 2272 3148 3482 6763 8872 2881 4345 2717 9196 5338 970 9354 9480 5180 3510 48 2010 7825 2114 9321 5480 189 736 4043 6430 3728 4983 9946 3447 6031 9331 
68 863 9800 7120 7043 3857 8545 9677 684 4828 9272 9091 4156 7777 7138 9382 6418 6343 9808 5009 5801 328 1368 2783 6813 5192 2143 1059 4631 3044 9240 4794 2360 9986 1274 3396 3929 7270 8006 6470 1929 2070 573 1989 1101 7952 3723 2290 9084 6630 8768 9115 7829 753 416 7945 8269 3716 8967 9341 721 9702 8502 5611 2204 3120 6839 4182 4193 9231 368 6263 8259 6003 858 1879 5115 3311 6502 4249 9026 2977 4140 849 5116 9593 1069 1938 8793 873 1733 8586 9311 2087 4212 4429 8402 6918 285 429 
4848 7120 2612 4243 8740 4818 7574 7678 5405 6046 1589 1183 5588 6209 5287 2777 5791 4920 3755 7854 3272 9754 2216 3976 9112 2310 6694 6542 961 4195 4369 1121 1538 5335 2197 2633 8904 7716 2120 1568 6316 2289 1459 5653 8286 7716 1522 4653 7321 9098 6630 4025 2976 1508 5287 6567 2296 1983 3424 7097 7930 9781 2290 2689 4985 9202 7377 4277 5327 3922 239 3450 1904 1418 7719 1835 9078 5045 6911 2639 5672 9092 8458 2497 6332 2519 7565 8010 6705 3685 7120 2564 5075 255 9564 3481 4395 8748 3532 3668 
5658 3456 8266 9781 3243 2522 8675 7144 5243 8662 6413 8816 2946 9314 9512 5404 6945 7083 5658 9073 5769 9243 9799 24 3710 7094 5341 7976 8005 7411 9655 9553 5395 8275 6727 4808 8444 8987 5380 6504 3329 9104 4433 2539 414 712 5576 4953 9809 6181 7367 7102 7894 7588 140 5093 114 8540 7492 454 6636 5536 8634 2353 3481 9530 4298 6334 1920 449 5435 9077 4884 895 4861 3077 1301 3735 157 9226 3161 1499 6136 2240 5206 2113 5744 8537 7580 6923 4559 578 8877 8391 9342 5927 9786 5026 6545 2461 
2709 2003 8348 467 7232 1452 1441 5623 9003 3915 7289 3257 4749 9183 588 8754 3106 498 4893 5320 68 1305 1988 4289 1623 8604 4596 3884 850 9190 173 7663 607 9194 866 7957 693 6890 9942 9036 3703 8077 8977 7401 7314 4733 6483 3853 767 3595 9518 8956 6636 6150 135 7683 5849 5087 9299 7253 4400 7302 708 7195 7145 1825 6002 7109 7441 31 8325 4910 5456 2701 1155 9236 9462 7927 6574 3658 4830 1259 1234 4771 2089 2849 3433 3356 5271 8315 9574 4721 6046 2773 5260 5853 270 6111 7059 9799 
7398 3649 6471 9557 6907 4235 5069 9412 8824 524 9166 3869 1988 3246 3472 642 6853 7611 9076 2977 7947 6847 7680 6654 2019 3738 9365 8557 6486 1326 5613 4290 4535 6625 2447 7522 3766 2219 7560 645 352 573 1312 8448 7769 7985 3795 8591 6017 4478 4176 8910 5025 2916 690 1376 4758 2257 8839 3549 6188 502 5597 6585 808 2185 1313 5629 5484 8921 4600 6114 835 4112 724 2839 1995 8382 2944 7892 2853 4983 7256 9244 1835 9094 5947 3024 2947 2708 7357 1080 2910 9886 9009 1502 746 8433 1861 5395 
1659 4740 6333 2683 8711 9792 3378 179 4667 969 2778 7030 3117 9451 5941 8983 4779 1987 1563 4931 5948 7045 8169 5496 4745 2565 1774 3207 7868 7595 3765 5637 5145 3848 8782 8934 6270 2604 4139 9726 7243 5978 974 3665 7489 3263 135 5269 5533 1938 2529 1534 7915 5420 8146 2589 1226 5840 7580 8891 9381 912 8387 798 6450 318 3319 1884 7997 9430 6709 820 9124 7217 1111 9012 973 7261 4792 610 7371 1094 4236 9292 8553 8945 2700 942 5750 8821 7757 7218 2144 7434 1889 2497 3022 723 8573 3902 
5940 9292 5647 8553 7773 8821 7814 7621 4229 3224 1578 8896 3777 3350 5614 7640 6995 9706 1312 9910 4842 4088 621 9824 1427 1080 595 682 6161 766 9344 3999 1428 680 2004 1457 9999 9087 8531 3723 9285 569 5502 4193 1847 2463 2184 1286 7134 7742 7245 6117 8037 5694 1739 6116 7485 8678 7656 9001 1848 2590 7463 4726 3454 656 2729 9805 8577 7939 3122 8028 9480 1569 7852 6065 5676 5151 7458 7865 6886 3947 8780 1045 9661 6402 3484 708 6812 9771 970 3917 4063 8873 8481 494 4014 9099 5304 6434 
1702 4299 2087 4022 4105 4703 6879 4526 8323 8705 2789 3343 4346 6426 9657 1703 535 3422 3977 1638 5990 336 2124 1205 8181 2885 2569 6985 7009 9691 6675 1463 1947 4485 5189 6402 368 3626 559 2569 6847 6067 7038 6278 8213 369 8810 4109 2119 8083 2204 8507 8440 46 8471 5751 4930 5008 9030 8236 2349 6486 199 6547 7416 8929 8678 5728 7048 3360 4315 755 4734 3812 8093 6514 5397 3973 467 1646 6664 8320 8708 9206 5472 1986 1568 1747 4621 5089 608 425 2094 2408 1668 6 1754 4276 4884 5036 
4254 7899 9675 399 8473 6693 4 3899 1914 7965 1936 4405 2248 7929 6395 8707 4980 2038 4356 8205 9284 9923 4240 4697 2179 7366 1256 1639 5179 9567 1307 977 4981 9098 8499 9557 6615 5455 2326 2303 631 3411 4797 9926 7573 7256 3193 9715 9460 5068 8080 38 3527 4246 5469 1780 1958 5838 6814 8931 8713 5855 4583 1753 5938 8813 6672 8901 740 1005 2490 6849 7784 8880 455 1208 2708 2491 7353 5949 3498 8218 6931 1115 6000 1318 6104 5189 4942 4136 5769 1859 4854 3415 4396 1795 6414 7770 8434 7367 
2895 9645 5727 9841 8241 1384 6747 672 2750 897 4811 6663 3133 8396 9575 6271 3721 4357 5374 2630 6022 7173 9640 8856 2236 7280 3605 5044 1742 9774 8076 9688 305 6327 2909 6649 9164 2984 7793 2748 196 5377 9987 1818 3287 7976 1387 487 9361 929 7420 7795 2573 2936 6223 1439 8948 3561 6811 1852 6172 6402 8194 8493 2834 3286 5152 2729 9039 5092 6997 122 5394 3112 669 1490 8365 7019 618 545 6022 7954 1638 1100 1680 7056 4106 2026 4848 5273 8266 1770 9246 1056 4135 1379 7458 3243 7191 3884 
4728 6119 6170 6065 2858 4936 2651 4172 3803 4186 2889 1362 1286 5478 6529 9805 2948 2601 8477 9472 1207 463 8506 7879 1470 3869 807 5024 8 5074 5679 4735 4158 5021 3634 488 3452 1627 7292 3205 7635 5382 9835 5333 8473 3227 3971 8174 616 8012 1170 6941 9659 5395 9403 1887 9310 1048 4248 9898 5325 3852 9302 7995 5112 3207 4368 6615 3754 3343 6254 3633 6236 6369 2776 8270 4669 8633 5287 3369 4880 3943 9336 1258 9282 3951 285 7710 428 7671 3470 1416 665 6191 5131 9814 8144 4847 6319 2857 
3336 2240 6449 212 311 3117 4530 608 7556 439 9162 6626 6643 8134 1242 5803 2000 8944 9771 7740 2730 479 4416 9389 9325 9514 9477 9241 8364 2279 2781 4633 5254 7340 7009 9106 9866 4176 515 1418 551 1610 1465 7583 3789 7688 6092 9950 9969 4600 463 8660 9051 2696 299 4314 6176 5593 1694 7414 6887 380 5119 7115 6939 1146 5395 8385 1166 296 4765 4463 8728 9765 1824 831 8673 6691 2456 4695 9601 4482 3661 8755 6597 9053 9885 4310 6097 6309 1898 6532 5026 966 422 3383 3431 1735 1053 8580 
4199 3842 6253 1634 4922 6656 1530 9848 6117 3766 3710 8058 5826 8438 8435 7274 1933 9419 6812 9610 1245 2586 2973 2069 8601 1962 8092 1700 9009 8088 6505 4332 5818 45 4204 501 61 3671 2676 7802 1844 9977 7884 3676 761 3751 3537 6661 3889 7623 9834 8508 3652 699 4100 2059 6223 5402 3364 9377 3176 1028 5414 3494 7600 5638 2275 1191 1505 2816 836 8438 748 8727 6646 2178 1697 9361 9716 2425 8994 2067 3874 494 5157 8210 7137 4467 4928 4756 48 8825 508 2576 6387 5716 8312 5482 7369 2679 
5407 7101 6537 4889 8672 3996 920 4737 6614 6369 115 2274 7947 837 6650 8812 2740 11 6370 7412 5602 7385 9650 4035 4814 8689 7607 3487 5933 9644 1345 4160 8719 4922 1373 9774 2350 4896 4580 6574 6190 8206 3553 9079 4163 198 6961 5513 5138 5944 8893 7100 9771 9603 3734 4942 7534 3658 9142 8407 3213 4688 2588 4281 4528 9487 8220 5624 4285 7067 893 67 8702 917 2684 2951 1616 3637 774 6637 6960 8142 2889 8352 6366 3767 4385 7739 4928 4681 8829 2480 6432 7115 8516 7595 9863 4791 7314 9633 
1258 6730 9735 2395 4981 2336 1589 5102 1092 6671 7140 3188 5583 3947 3902 8572 3622 3490 5457 7432 1451 7328 2080 7938 8941 7060 9266 4663 2850 9948 5844 9785 9120 1541 3309 6472 5860 5412 2125 652 4735 6321 2165 6694 2166 6497 4484 9002 9861 8490 254 8189 6706 8544 711 9750 5291 5152 9347 7376 7252 6959 3174 8206 9566 6983 343 1847 9320 7278 2558 5049 5285 3188 1812 9093 4055 8598 6446 3661 2498 5244 7830 8216 8272 144 471 6796 110 5744 823 4566 5586 8545 5708 5375 6045 8327 7618 393 
9303 8907 5377 1408 4657 8862 6756 8293 9260 3126 1709 322 46 234 1265 2952 238 2094 3546 4844 7339 6083 5691 1388 4263 8040 6019 4701 5375 7510 2496 703 8579 4948 823 399 8139 3192 7030 5183 8170 423 8351 6013 6503 5707 3780 9488 7827 8258 9554 6951 3650 3692 9858 2210 2240 8708 2358 9869 4812 7838 2989 5747 6433 6722 6922 8220 628 7947 2104 6995 2233 6797 7880 9814 634 6615 2018 6921 5925 9953 9389 9673 218 1017 532 12 4981 688 8650 4033 9581 7874 30 9064 1364 1763 5876 6226 
8077 3375 4063 5765 3131 6251 5289 5832 4435 9851 1110 3379 9605 6443 4779 6226 289 4901 5422 1414 3337 5717 9903 3968 1953 4748 8869 9002 5906 7160 4665 787 3558 2533 1535 7090 7015 7653 8749 2131 2557 8075 1633 5352 5578 9116 1756 3470 631 9634 8211 4936 5670 7588 1133 2714 6890 4035 4798 9675 9989 257 446 3308 5451 5435 364 5528 1593 2709 4434 7562 9783 6693 1355 9155 1464 282 5017 5968 5312 1985 332 1158 3080 3206 4833 6385 6336 4070 7170 9611 3952 3397 9031 309 2103 5151 8936 6449 
471 3154 1467 3918 1737 5157 7749 8828 9269 1483 8539 547 5394 473 6282 8679 3476 1117 2601 2388 2861 1359 1091 6893 5083 1361 6079 1312 3114 177 6859 926 8536 9553 3207 3992 3464 9227 1020 6104 2646 3909 155 5425 8367 4371 3582 4371 1260 1059 5121 8050 4213 761 2760 3270 7825 5377 9075 1957 9662 2345 7673 2128 6942 4294 5032 7238 4435 4113 472 5923 5151 5448 9795 2396 9815 1906 5876 1491 2354 1857 391 8004 6260 467 7344 3829 3440 3253 3013 5718 8314 4378 4630 6549 6733 8470 1972 3316 
3771 2941 6649 2351 1476 2206 174 766 9237 783 4458 7737 546 8835 9827 1832 4357 5117 5884 8585 4564 1172 78 611 1504 5361 6767 7395 72 7448 2386 6080 2735 3815 5533 9626 7483 6564 9199 8042 4788 7995 5499 3313 1533 7849 5855 3698 6239 3617 3865 9278 4187 7430 3945 870 1540 7558 5515 9226 4541 6090 75 4481 2556 4660 9261 6541 525 1931 968 5935 5136 9781 8775 14 6108 576 7923 7818 4403 4397 6977 2379 2976 7165 673 7810 9062 542 9010 5569 1068 214 6606 5665 9611 2170 6767 2158 
6505 5142 9868 9243 9087 9756 2710 6679 4182 815 9593 8848 3966 3580 9723 8540 8302 8219 9670 6384 2559 9976 317 1829 2920 6844 1460 7027 8613 829 2566 1131 1947 905 2270 8655 3059 9038 7305 6336 6850 2274 1252 9969 5396 2879 7656 6695 6082 5945 4524 5290 6469 7548 3359 6468 891 2216 7059 3396 8417 1464 1234 6524 8136 7847 2227 2553 2703 9419 143 7457 5269 3010 1472 2671 8997 552 7622 6220 1610 3762 5179 5864 8919 5883 1385 525 3376 1182 4589 244 8602 9624 5167 9087 7596 5348 1673 9615 
725 9288 6213 5790 764 6672 5412 4362 2819 6636 5969 2259 7787 9943 5326 6530 2584 7925 9149 8912 2225 5210 5012 1142 1456 6587 3019 6089 796 5170 5647 7074 608 3116 4641 8762 2076 434 5321 5209 1297 7676 460 2379 7603 6894 9662 8786 6869 1641 9485 680 5429 7204 53 6283 7996 8440 879 3990 1624 494 3770 8001 2953 4416 7073 6531 7530 8007 675 1328 6824 7485 9538 1456 8981 1336 5566 2706 6156 6723 3817 9907 9748 4977 543 3386 1674 6062 6119 1872 9411 161 6574 9498 9249 463 6541 4541 