7985 8684 763 7466 8967 6355 7057 3483 763 9738 7585 5093 6891 4998 8222 9567 7294 7004 8831 6654 2890 9933 2611 9360 5852 5420 9764 7163 7563 1317 9409 3699 2168 2101 9075 3534 4254 7024 5106 599 5220 7005 1137 6700 3270 9681 4587 3275 3962 1721 5169 8893 7798 332 6460 4029 8130 1320 655 6211 1974 8794 3215 4193 8510 9797 4330 4128 8184 1865 6439 9503 1275 3207 8575 1279 4242 5580 723 4010 8252 7544 8604 4935 6406 2287 3659 9184 6942 4886 5051 5811 3219 5666 6615 4734 9187 6409 6287 4048 
2876 5522 8437 4025 6934 1869 9573 3856 1941 7197 278 6077 7931 2209 9726 926 2929 9963 8653 4943 3420 7728 5750 8085 1114 7364 8069 6059 2749 2165 1882 5047 5837 7993 566 6721 1138 5558 9056 5797 3641 4662 65 6580 2157 552 5823 6089 5469 2853 5846 660 2230 4692 2266 3450 6339 5966 6177 3357 5892 3780 6635 3566 7774 5813 5454 8828 8600 6520 8630 9903 8984 128 5574 9837 7406 9354 9711 9272 5893 7486 2888 8167 2279 8701 5795 4908 8122 587 5767 9843 3841 4397 3053 9733 8319 1247 3893 9370 
5005 9599 2195 4716 8872 8554 6256 6813 1271 8961 7135 9393 9548 8377 3067 5316 6908 6065 670 6313 2151 8990 5846 9750 5217 4755 5187 5823 411 8523 4460 1688 6687 5539 649 3822 4933 6550 8551 4352 8218 3124 3926 9136 7111 5837 3778 3832 8711 1439 8905 1615 5307 977 3634 934 7815 1955 2615 2503 3114 6300 4672 269 2928 9412 3179 2778 3301 3071 2841 7536 6289 8718 3171 925 5415 9787 3664 2462 8434 3963 3920 4476 135 506 4633 3053 8121 6281 8307 5155 5621 3453 8747 1466 7494 7340 3322 1186 
8019 5378 476 635 654 5707 114 205 304 7223 3758 8179 273 8870 2046 2807 7279 3123 2840 9425 1155 7884 4608 7182 2814 3463 4934 2079 743 9264 3934 6151 9302 5967 6815 9251 59 8991 830 1232 821 2479 7066 3681 2737 8978 2763 2998 3036 4920 4493 4362 5936 4614 5060 4229 4030 2764 3447 2853 2861 696 3575 558 5522 3158 5707 3949 1100 322 9401 3418 5382 8499 5963 9409 9994 1506 6941 9884 4270 388 5515 8551 1404 3430 3988 1698 8572 8017 6928 9023 3247 5371 8011 4284 665 8818 7476 900 
1769 1551 2136 7801 8448 446 8690 1982 3053 6266 253 9155 7729 145 55 5529 7965 7299 5202 6349 9084 5456 3267 2551 6441 6755 4304 8952 6925 8975 1462 6465 1410 1984 5326 8382 8309 489 1732 7209 5901 7103 7554 1621 8762 9149 8516 2129 7917 1318 7975 8520 7162 1553 9997 4797 5519 6804 742 1703 2874 6387 6455 6654 3118 48 6756 4704 9802 5800 3920 4022 4007 5354 3333 7069 7366 2551 9791 9927 4490 8540 6377 9874 7855 3015 4108 3499 1870 5165 6393 9236 5296 7042 4957 9599 9222 6882 3773 101 
6184 7733 66 1349 478 5654 5775 850 4360 8458 8697 464 4602 824 4848 2935 4130 5872 8104 2031 875 493 164 1587 4119 9182 9840 2706 6410 2193 8932 5111 9396 6065 1715 6324 4651 4509 6875 246 4763 2269 9290 173 4876 2439 5738 5269 3297 1359 9191 2331 4885 4930 4554 5651 8042 1402 7067 6142 6562 9480 6189 7743 2413 1300 7714 5359 8108 5603 8464 5267 525 3439 4375 4368 6098 5218 2175 7171 1857 1358 7714 3840 939 2449 8984 6233 842 7591 3090 9603 2466 7032 3581 3228 7516 9277 6543 6202 
4670 3581 3484 7178 3883 6242 823 9477 5270 5498 9523 1534 9652 2834 5291 7818 3788 726 8438 8397 6709 1463 4256 3209 3419 2276 3335 8759 5958 19 5759 1932 1061 6069 4910 5096 1717 1490 6134 3798 9479 6983 5631 6886 9073 5989 515 2421 3640 1480 6944 6929 9305 5119 1831 3781 4069 4485 6002 8431 9613 6202 5326 5724 7593 8373 2368 2360 1812 9015 2567 5837 3245 5930 4303 8865 8511 6675 1070 7523 5683 1828 7062 5953 2597 5800 1962 3432 455 3971 9823 9029 7102 5130 7842 4065 5576 3188 6542 7507 
8695 4641 7345 2991 2797 6537 231 5889 8457 9507 6852 2072 977 2436 8544 8678 5904 9456 171 7844 7772 4994 5436 4468 7084 8069 1081 7043 7953 8537 9837 3431 8887 7979 7473 8149 178 452 9496 272 9769 5852 4238 1658 4493 1459 5029 7820 8200 2767 4029 5477 3814 9243 5591 3780 4494 9799 1803 9305 7788 8951 5327 8453 7802 6184 2507 6065 2858 6378 4172 8551 4262 4186 8321 843 1286 5478 1920 6943 3556 6862 2660 2815 3353 7877 1582 2425 3711 5975 9651 8856 6805 8898 1471 5841 223 5580 3438 9891 
4055 1055 998 7316 8875 3059 4983 4139 9845 647 1295 1688 3414 1504 5486 8261 9995 9569 2687 3005 3419 826 5978 9328 8086 8080 1687 7193 4525 5163 2321 7343 2068 6117 9353 7551 5379 4314 6417 567 2787 5295 4195 9518 3426 3631 4639 5534 9496 3335 9853 7508 623 5398 6721 9719 3054 6938 2961 9695 8084 3149 8193 2420 121 3647 337 2591 4656 1293 9468 377 131 8964 6448 963 9361 1732 2735 145 9390 7417 2043 8679 1866 4828 8852 973 8015 6529 3356 7261 3556 279 854 4050 6036 1263 2415 8379 
399 5783 5472 1328 8414 4098 8733 1622 7699 1191 8248 2457 5945 7939 564 8978 9796 1746 9861 1405 9471 3966 6678 8613 2679 8277 238 5569 7315 2029 4444 765 6639 6611 8722 4230 8932 9198 3495 1549 7560 7118 5109 3596 3359 4265 4469 4570 6828 1001 4702 183 3856 280 897 5043 118 6473 5425 5448 7706 4413 4658 5159 4490 1791 8664 8721 3896 2564 5610 3768 6183 7851 8141 1839 9460 9882 9913 2608 4758 9348 4977 2777 1683 5123 2276 5379 5958 3147 1061 6069 9257 6593 1490 9824 3435 5464 3812 4129 
9628 7614 3015 3359 3384 1763 2171 5721 2162 5227 3366 8441 2027 7163 3245 3754 4743 6330 2145 9192 1898 6436 5217 667 7878 9541 9528 1852 4033 5129 2768 2589 1441 6672 8331 6706 8119 1940 921 5297 5473 8524 2578 9876 6312 7594 505 1537 4514 4620 8049 2126 5760 3681 5422 3311 1041 4378 3763 6544 1899 9157 5581 7826 1454 4050 601 8238 7077 5641 8379 8111 399 7308 8604 6247 3845 5663 3727 4272 3801 3462 2830 6795 2650 4978 1763 1082 8727 2686 2029 5402 411 7443 319 4958 1726 2588 3739 6452 
5968 921 8792 2120 8747 1460 9431 5906 9118 9149 3752 9523 3958 7404 4392 4218 4354 4567 3800 9503 1805 1690 6270 3591 8817 1289 5340 3098 8477 9472 4418 5681 8506 8390 6368 188 2601 1207 7558 7879 2549 3884 287 2431 1289 2948 9141 2601 8477 3630 5681 7558 8898 9891 7316 8875 5993 9424 5170 4026 2847 5625 8206 5007 7705 7483 9486 7079 7793 6490 2429 7291 8345 3952 8764 8652 4540 5537 7028 2171 4867 3190 7395 1949 9637 580 6421 3450 5625 1466 6844 6296 8435 384 7839 8873 1534 1522 8306 6864 
9642 2942 905 8080 7490 8512 2300 5785 1564 4421 2948 6424 9857 9989 5095 2352 7300 8262 5956 6673 3280 7098 2943 6383 1832 9729 8964 465 8435 4857 1764 4392 4354 8727 5603 4567 2686 1020 1805 3807 6786 8121 1690 7807 3704 8817 2336 4421 5340 2601 9472 463 2346 7558 3828 1470 287 5219 6598 5250 8056 5395 6330 6732 5403 886 7304 2613 2581 9955 2797 6537 2035 8457 7972 6709 977 3591 2773 3420 6176 1108 9985 5375 5052 6856 3575 9850 2349 5402 569 4427 2197 5231 2463 8680 9866 235 7499 5831 
4368 2512 331 8867 2264 9958 5884 2048 1669 1413 9796 5582 8933 324 9833 6331 5569 5922 7727 8374 5787 3886 3954 5621 9620 8046 7277 6935 4928 9626 7603 4758 6649 5022 671 2697 4470 5607 1615 4471 6343 3783 2803 9826 2523 7305 4055 8969 7583 5707 430 5902 1324 5481 8685 3484 6980 8592 2477 3634 658 2290 4419 1634 3524 7425 1992 2147 4981 2948 3357 4758 5451 5574 4916 6524 1641 5001 7057 2768 593 8360 4112 696 788 4842 5720 8652 7772 8931 4711 8014 4964 1618 2303 4468 9665 9310 7084 708 
8531 5698 2924 4596 9464 3062 731 3432 3439 8764 1852 1267 1424 7234 5740 1628 2396 4728 7110 58 2999 3665 1092 8372 2316 3593 2090 2174 7322 9868 2262 156 9571 9794 6895 8532 2045 5431 6587 5616 6768 7148 7538 1883 9697 3391 4867 3572 9757 9577 1890 8674 3136 606 264 7453 3541 4760 3347 1335 4664 9072 8367 1283 8307 6418 2063 7930 1303 1243 2259 9999 8079 69 9546 4081 8616 5034 1359 1943 2368 672 1941 1975 3891 8181 4722 5286 6563 5599 9680 632 1667 1322 1747 6216 5235 1933 864 1407 
6591 5696 9241 2354 2603 7786 4587 2724 2402 5680 5462 9480 7179 7045 4455 273 8324 2336 1131 2637 7246 4619 5619 8426 2113 7610 6155 984 7961 8685 9052 2744 6005 7034 2546 3576 355 1240 1355 5775 8348 2968 1708 6307 7745 2049 4632 6616 9153 8463 6332 9729 1437 8160 1854 8564 1400 4391 448 4287 4477 83 1630 5675 5165 4864 341 5493 3724 8048 567 5246 5758 7371 6465 1843 4282 2219 9482 2215 5586 9564 2038 1828 5331 2766 9951 1974 4117 2 7731 7820 2247 6330 6889 3534 222 3619 1133 9411 
5055 7039 764 3118 5467 7085 6581 6073 2156 273 8789 4742 140 6446 9112 8 571 2727 5477 3401 5047 8099 4758 2470 6155 6281 6327 3026 5253 7392 1625 3398 1659 1790 703 2144 3773 6136 9431 7106 1109 7681 9996 6430 5518 8007 9807 5068 6430 136 1639 537 2414 4338 8502 4998 6418 6960 2247 4182 1714 5149 5910 1827 5262 6523 5200 3104 4495 7996 4129 1972 1912 5357 867 8570 8189 5394 9499 9735 6808 5276 4214 6632 3441 8483 9862 6861 7427 9932 1109 3755 2351 1037 6264 4480 6608 3124 9921 9770 
6728 4495 488 9156 2854 1608 7733 2083 4943 3343 8312 350 4226 6006 6841 3946 5897 4435 6953 1826 2840 3706 321 5085 1887 761 6993 728 2116 5982 1559 8476 8990 4410 255 100 4832 9501 445 9434 423 430 9421 2756 4773 5414 3592 1245 1046 3241 3321 6827 1301 1526 1174 7573 8482 7980 641 5670 221 8942 7557 4931 7218 9808 8917 5096 2280 6994 5161 7419 7241 4669 7817 9168 750 9297 2346 9318 5374 1968 682 429 6515 717 2451 4209 8634 8431 3481 449 3457 8094 4782 3205 9967 8549 8253 3778 
3272 9754 1960 3976 4387 7621 3821 1207 2382 6532 9016 2811 8018 9179 524 5335 9408 5384 7130 5700 9382 2631 5743 3483 9142 4816 348 8265 1698 3484 9737 1164 5813 3163 1797 4073 9937 2201 4556 8040 4856 3676 1138 8806 7303 5278 3024 5004 6540 8741 678 1642 5070 8547 2162 8647 1541 1026 6865 5084 3477 6870 3358 6929 3549 203 5554 8236 3843 9857 2989 726 9308 4721 5097 7312 1822 3795 6065 9319 7968 5509 280 3783 7194 7082 1468 2824 5392 8506 5676 6427 8831 3754 4480 2187 1785 2290 8466 3809 
4870 3780 8789 709 8349 8640 7067 3984 5533 1365 9547 7506 6066 8851 4301 7710 5202 9665 5179 6536 3930 3434 4077 8347 9281 2648 7011 7468 7505 49 3733 2362 2275 737 2736 293 3311 3043 9116 5664 9840 1628 4766 5824 28 8443 7584 4595 6308 1465 5593 98 7915 8499 2048 594 6253 5658 5524 6526 5713 7515 8571 3726 6761 5214 1541 6376 3068 5078 6022 7535 9538 7334 7412 1416 8625 7515 2468 2400 7016 2114 1080 1977 6878 2607 450 461 4021 1581 5804 9643 5044 8603 9060 4545 3327 2481 2948 1492 
2172 1316 1308 8102 6161 7728 5635 349 3975 3377 6550 1456 4928 7418 4413 8815 6544 153 8232 1456 5808 3022 2164 2160 6471 8548 4860 2822 3478 5472 9525 7809 2685 3479 4132 7048 4770 5222 3025 7431 4763 8242 2211 6223 8048 3376 6669 3938 3427 3117 7019 5983 9886 9762 3835 3848 3670 5558 8882 9991 5742 2816 5010 7561 2304 6709 269 2945 7551 8212 2683 9380 4984 3760 4285 2251 9148 4678 2874 1461 3730 2177 7979 4526 5370 7585 5506 8835 544 3455 8556 8313 8183 547 529 4960 7574 1957 6264 5693 
358 856 5391 2415 4230 3280 3165 6303 4854 6524 8927 2420 1591 3751 7354 8098 7721 2062 361 5340 1878 2052 612 9423 8928 251 5475 1671 5258 8077 5571 5134 3121 3562 1072 7397 4170 181 1003 3184 9765 6124 7974 7040 3702 8073 1346 1528 830 319 9652 5822 2769 5613 8500 5284 1998 8791 9525 5529 8938 3717 6668 5023 7348 1805 3308 2372 3673 4264 5263 3023 2217 2749 192 2765 3616 4248 9457 1463 9442 1108 178 9350 7504 6814 6284 1376 4514 5483 6001 5873 2569 9785 3671 3126 8505 3322 5471 901 
9952 8395 8616 485 3334 7804 795 6624 4001 1861 568 7889 6502 5085 233 3196 8439 3490 2641 7602 3831 2241 2978 2923 1581 6345 192 8631 2187 5044 8787 6692 9372 8967 9337 9060 1177 3364 4545 3639 6884 2426 3576 3901 8382 6308 7106 2983 134 5898 4856 9919 3122 4191 3055 3904 8675 418 2551 2744 9795 889 9202 5532 6720 5544 7274 7901 4099 7483 4587 1152 4270 2641 1738 8850 2519 2358 2982 5918 6653 5587 1632 5591 5529 773 9361 5090 8069 5192 7083 320 2374 2933 2231 5899 2457 1977 9456 1331 
5393 7844 3637 3357 8237 2560 4298 3332 3730 3435 471 6541 8847 7651 1630 2193 8790 7027 5099 1425 2075 8630 741 7282 3129 4604 6997 2062 5476 2093 990 5351 5502 9358 2708 7340 1927 396 5213 6850 4122 1392 1325 7943 6222 2506 1099 2307 6726 5920 2545 818 2467 1835 5464 2676 829 4390 8609 2751 8872 8025 872 8705 6320 8487 3394 1123 8980 4227 2638 9726 2987 1475 8781 6155 6919 7920 5885 4895 1880 1219 5471 9701 8703 6728 1932 3179 9724 5661 5903 3628 3687 1237 480 6966 6206 2967 214 8940 
1196 485 6157 7029 3819 1294 8860 2876 627 2938 3229 9483 1072 2305 2301 5607 9264 7299 33 2193 5630 7897 5558 4722 7533 3588 6276 9984 9046 5325 9709 4903 9369 6833 6674 2024 5092 1647 9544 1244 7046 7298 5694 5635 2582 7000 571 8470 7806 1346 7877 1982 2192 5756 3625 1774 210 6502 4200 6108 4187 2064 1499 1534 7425 5681 1951 4825 7639 3358 5124 2628 7964 3330 7338 1329 1350 8849 9818 6964 6989 9615 3928 9245 3008 299 2808 8914 2396 4452 4930 7885 5610 8208 9255 78 8370 5045 1618 9916 
4422 4185 5736 1212 467 6897 6795 5559 1766 7277 5661 82 6865 8528 1121 2499 8532 6786 2765 3240 8705 6546 8452 5515 2983 6148 9023 6858 9281 1625 3398 1659 7523 3575 5311 9431 8433 828 6298 6981 6848 2085 8597 5487 8531 9913 7371 5139 1623 5698 8898 3193 3770 173 731 3432 3439 5496 8764 5943 2615 1695 6891 6487 9395 7999 3989 7792 2661 3072 3708 2029 2675 3298 6913 3736 7067 3105 4196 307 4162 6945 6785 4923 7161 2841 1753 9038 8280 9700 6899 467 5840 1822 9896 3287 3409 4900 9654 2719 
4657 3264 1130 860 4528 3600 8659 8205 832 6428 2982 3917 7249 7276 768 9112 5474 6 5335 9741 1899 1040 4575 684 1729 7411 9075 1882 9974 2015 4504 6730 585 8081 6124 9565 6439 5390 1160 5731 4098 229 5065 6492 5161 6883 6209 6175 822 346 1507 854 7686 581 9312 7763 8051 4139 9217 5460 7998 3662 784 4474 1478 6797 4848 4204 9151 3948 6529 9042 8908 8005 5710 5531 9413 175 9274 3285 2477 3612 1382 9719 3457 8633 9336 5046 814 4509 7181 6579 3708 6645 499 426 3785 9043 6265 1293 
4905 6476 8364 4715 6622 9696 3348 6892 1687 4079 8854 378 5856 8853 5835 4954 1230 2666 5361 4272 9884 4703 1609 523 9988 9022 693 9471 2440 6061 53 1556 3673 5386 5902 9731 1705 4647 1890 9078 6585 2274 8020 6772 1924 6908 6834 2578 2325 7846 5375 9249 5632 459 1108 6338 2341 707 5470 1425 393 8341 9212 5053 2581 6990 24 4705 7526 937 6007 4123 1920 443 5613 1171 2258 9091 7998 2545 5504 9274 422 8618 3891 8566 1528 6561 5182 7223 3605 8395 2286 1629 9254 8187 3845 9134 2933 7765 
355 8922 9041 9036 7428 5675 1009 6847 5181 2251 7765 1882 4707 3629 6103 721 9806 9893 5568 933 8767 6859 5183 8907 9124 5608 2245 7758 3467 1552 4167 1140 6748 8929 9456 68 9275 9173 4183 4074 8898 572 6394 3886 480 2097 4938 1729 4820 5803 6063 369 7572 6918 4379 3582 5448 1081 7027 8084 7788 8273 6264 5611 8932 5551 2723 287 2329 7322 424 8666 9396 5597 2229 7681 5549 4408 1474 1995 1011 1057 8452 1976 8194 3744 7778 7241 7308 5694 2544 8603 6331 4613 5001 5728 4627 3555 1241 9484 
3105 5835 8523 453 8665 8566 8473 9693 5064 8351 8266 7015 5128 3651 2550 4065 2189 6546 9070 1995 5515 2983 2661 5799 9643 9118 394 8033 6001 8609 2856 7778 1333 9540 1622 3030 2650 5441 3471 6319 1141 7695 9863 8637 8442 8724 4897 300 3514 4565 8492 7123 6868 4671 8949 6635 7972 286 7232 1935 536 2183 6386 7096 5396 5020 6709 9547 3135 5662 5654 8392 7413 9933 5558 9605 9497 5629 8086 1082 3835 1194 1548 673 4162 1530 2911 3351 5473 7788 5561 9257 1876 5367 3472 531 5817 8889 2240 1397 
6958 782 3280 2923 5290 7459 6229 881 1738 1471 9604 3071 4425 2775 4848 3481 6425 6138 5480 2457 7287 6133 9058 513 234 9481 3001 1942 2589 6589 4307 2377 4298 7300 2632 7657 2910 3613 1952 3302 9764 7245 8961 8048 3036 6117 8037 1824 6116 1169 2426 3610 738 2338 5590 9414 955 4174 4084 5088 8577 3340 70 8788 2051 7177 8455 7976 1687 4025 9280 9025 2272 9407 2554 2317 7145 7807 2559 6784 9826 5494 5783 7730 1136 4144 3113 7294 4578 3969 7220 4383 3296 2818 7449 4930 7956 3855 3727 2263 
3219 7284 6426 1625 1703 9035 5412 4902 6213 2988 2080 4689 9030 9870 5741 8082 4295 782 9930 1390 9614 6795 5823 3951 8978 7421 1960 8755 6943 5417 9310 9754 4448 9908 6189 7429 4823 3745 4567 8537 1203 3730 7484 8887 5126 8424 6353 8884 5809 7012 1765 666 1207 5922 8195 9265 8548 1830 3329 1125 4321 3547 2644 8917 1705 6252 7158 9850 6039 5472 8182 5824 472 9877 1649 4805 9324 9168 3332 2003 9516 5380 6936 510 2864 123 3266 7831 6450 4551 118 5283 8161 423 3654 7857 6283 2406 8866 5568 
5449 9997 3879 185 7132 6991 897 4498 4246 4857 641 7071 1453 6244 7229 4209 4884 7501 6284 1211 8033 393 1782 795 9791 7893 7029 8382 1850 995 3441 1237 3524 5780 5346 6451 4709 929 556 8758 923 4951 5014 4866 3636 1786 6143 2680 2295 8976 1442 6403 3938 6157 1836 8243 7522 2229 3147 4982 8432 3196 770 8070 357 227 9033 6202 9587 5782 2509 5563 976 9834 2255 7617 3120 7484 2682 480 6003 9087 4899 858 4271 5116 8236 254 6472 3439 9380 1085 898 7935 7377 7351 6878 181 5813 3934 
4585 1933 7951 4458 4585 7893 4435 4398 7845 6599 798 4565 7356 5971 5789 7690 7710 8937 9125 3065 8408 1447 1205 5310 3880 8238 4380 8201 421 7359 8564 1869 3298 6702 8063 3822 7315 7789 4562 7447 9604 1411 9171 8624 3424 7231 6498 2667 196 4361 1021 2864 6726 501 794 7494 1618 2128 2702 9164 311 7954 1456 6814 9476 239 7733 289 6134 3792 7987 3654 4432 5774 7686 7439 9422 6452 5762 9533 8336 3051 3211 5446 8868 3024 2352 5953 4962 2079 2368 808 2429 7291 8345 3952 9578 3483 4390 816 
2054 147 6707 5148 6995 1041 8797 3763 1717 7826 1454 8662 3152 4050 122 3556 5216 5953 1176 2044 6632 5080 3714 2128 2036 9721 3015 3520 1570 9756 1371 5963 4238 4704 6728 9439 3835 6329 9891 3648 434 1683 2974 5192 5727 1059 8699 2002 4794 2360 1274 3354 8006 6830 9099 1989 1101 3723 2746 9916 3270 3556 5769 7792 1726 8666 8300 2969 665 3142 6556 5122 1430 1742 5575 6777 7921 5429 4596 1613 9481 2193 8294 388 1770 3901 932 2680 9070 6088 6425 944 4420 1703 2710 9625 6346 4361 3750 2661 
6015 2220 4418 8390 834 5735 1401 2811 1926 5569 1194 7835 7856 7585 9894 7793 4562 343 9609 483 1159 7712 6427 2212 1688 6466 6032 8956 8553 9337 5711 1258 9899 455 6993 978 6914 2138 281 5243 8415 4748 4874 1233 780 6139 3855 277 7130 9118 176 1966 6983 8960 741 9000 5683 4007 3806 4173 9050 376 996 2154 2097 7028 6376 2877 2515 2723 4072 2916 1841 5513 160 9823 9120 5936 5793 5211 3681 6207 2187 9215 2908 5631 1753 7831 3825 3344 3985 3584 9519 9457 5873 6435 3845 7358 9638 2569 
8593 780 9824 9785 6347 3865 3671 5477 3126 1352 5109 3105 5458 4272 2919 3792 2376 1268 2658 5113 7586 1103 3263 5284 6944 9440 1422 3305 5093 5121 2783 6446 5513 9551 6827 5010 6099 4506 4827 8025 1085 3138 5023 4241 1531 1220 3857 3167 3297 4589 1456 9683 6577 5738 9983 5680 4884 7042 9261 6456 4089 1824 3894 4962 8917 2982 5556 4202 5765 3616 2367 9062 8205 175 4240 4106 4089 2784 7252 4735 6513 3244 602 6383 355 7863 8291 8418 4056 7123 3118 7312 1486 9569 417 1945 1965 8693 1102 9638 
2189 7733 3106 1170 1889 2203 6532 1384 621 588 58 5070 7896 9758 9841 3805 1094 4907 5584 3181 5175 8168 3416 371 9948 992 8472 8750 3298 8661 1195 4772 5661 7388 3525 5968 4620 4374 4187 7822 2577 8738 4105 1706 6907 7521 6638 7278 3822 2955 4623 7062 1427 9725 361 6441 9898 1556 7565 5559 5296 1090 5026 1265 2062 5752 5452 4970 9926 361 3900 7282 9100 8005 5340 2359 1878 1979 5989 2052 4934 612 9115 2713 6690 9476 5506 6588 7384 9423 8500 2680 514 3526 3945 8928 5630 9397 251 6111 
9190 5211 4531 7570 6738 3559 1057 3220 4074 4669 8902 4485 6168 8546 7753 2656 1033 9200 3884 1729 8553 1759 7013 1403 2872 7770 8863 7872 9518 5877 1459 3312 3866 7413 291 6475 3611 8331 4318 9546 862 4277 6748 7805 9718 416 9918 6685 1246 4452 9583 9444 6924 8609 1879 8998 6734 4252 6774 6459 5375 5712 9492 1664 8816 4627 5491 545 5638 1557 2206 5214 6151 9567 2201 9848 9094 3654 1714 9226 1992 2118 4262 9913 9669 7313 5488 2717 4410 8414 5523 3920 1336 9591 6123 379 792 2051 7219 4975 
9627 2692 8245 3451 4860 4708 6149 5587 9718 6354 430 8706 8143 7470 2545 5902 1379 1324 9396 1212 4855 8125 8117 3415 5075 8678 204 5750 792 5319 7176 4663 3596 6238 1288 6705 9179 2703 2079 35 768 3626 9046 625 2771 5661 2742 7403 1909 7679 1187 3138 6313 9566 1534 2381 3613 4760 6776 1004 9440 9875 4762 6327 9096 6324 6404 2338 5556 367 1205 5088 8577 1315 70 5381 7177 7976 4025 9280 9025 4715 2272 9270 2317 4396 8879 1402 5730 2941 3318 2598 6273 3817 6340 9837 3329 935 3876 9425 
1473 4926 796 2810 5373 8641 8426 8496 4209 7817 324 4051 6839 7069 7126 7802 5496 850 9412 3104 6378 6754 3075 5148 1401 6988 288 2122 8296 4098 7482 731 1095 2643 6972 1729 2241 2529 9009 8123 1008 5746 3290 3934 4429 7764 9842 1741 746 891 5971 1789 7427 3354 8929 8027 5769 8724 3804 2977 6871 2685 8724 364 8196 8765 9054 6195 7199 1825 7416 4749 6799 615 3941 1733 2318 9910 9675 1385 8530 2290 538 792 6483 9109 8738 4741 8338 1826 5673 1736 2229 6051 5704 6042 9951 8056 162 7455 
2915 1906 4175 5827 6670 4135 9374 9032 2070 9745 4215 5013 7291 5613 4105 2510 2356 1685 4441 6432 3839 7637 2984 7594 4199 9576 7031 4576 269 7560 9927 1613 3044 9178 3017 4297 2508 1340 2500 8835 9393 6223 2639 6843 8120 4882 4883 1233 9067 764 511 1887 3314 6758 2600 7359 7853 3434 4854 6115 544 4596 7149 9886 8690 1221 3683 386 4013 2754 8678 767 6450 2688 8177 4896 8579 3405 8404 2518 2419 2444 2177 9692 805 6633 5794 3811 3769 8903 63 7045 4714 5438 4407 5251 7962 2981 4354 3822 
1020 172 3807 8121 5525 6270 8514 5997 5625 6625 1630 7547 1956 7706 4280 7949 2746 9916 8822 826 6251 597 2341 2260 4480 294 8670 2793 3604 2324 2415 7374 2593 4879 5495 223 243 5936 7172 3638 4676 3821 4349 7426 7217 181 378 7320 7455 3074 5008 4364 4956 5079 4649 9157 9377 961 3731 5058 1172 5559 4232 510 8831 2871 1399 9941 8056 9341 9502 8303 5674 8904 2371 3322 6682 7072 7598 101 9638 3619 7060 9541 7838 5818 8421 8537 982 627 8531 271 6725 2558 4095 2958 6198 291 4992 991 
2286 4653 2720 3467 6559 6796 5260 2280 4125 8889 5969 2678 1737 7978 1646 7318 5321 7642 7992 6516 8256 3392 1020 1482 3889 5556 4155 8594 9834 596 1769 4100 2059 3981 5421 2182 6091 5222 1059 3725 2913 6275 6122 2521 9133 2882 2751 2017 9199 3542 8350 426 8593 8842 7360 7811 8603 8315 1524 9869 9947 9815 4521 2934 9285 5515 6635 4985 7219 631 4165 8413 281 2130 8024 8506 784 4848 8743 1584 8580 4741 472 7071 9028 1848 1442 9466 3317 8165 6585 7389 5637 5619 1487 8645 9497 3165 1536 1926 
7715 3745 2846 7915 4870 5122 2808 8584 2060 6824 1790 2432 7642 2316 2245 2262 6515 3401 1709 1567 2783 5963 2750 4844 3130 134 9406 5988 127 5749 6741 7401 7657 7594 3188 1963 5817 1811 9017 6854 5391 8410 3817 8982 7262 6229 9435 5119 8841 1360 5729 9986 1994 7391 22 7118 3724 1814 3903 1488 5023 13 7427 5733 2937 9811 7320 4555 4512 9421 9890 4900 5661 4869 9437 8537 9244 3677 9735 4075 2252 719 9279 9476 2476 9437 6360 4929 3415 942 6804 5201 134 2233 5327 8900 3000 893 2105 3131 
4413 4669 6951 7960 1924 193 4678 9723 6380 3171 5811 3021 8580 4730 5797 5449 1979 6657 7518 6877 6764 8565 7145 1566 8040 9841 6090 992 7599 4222 3553 6017 9815 8731 2955 995 4423 8052 7519 5718 3280 6475 5113 5747 6737 3190 3839 550 2409 3958 216 6004 1893 2206 5791 7644 1087 561 2392 9932 9903 5495 5753 8975 5543 4828 9800 2134 2513 2755 4895 6839 8598 1539 3273 6841 3531 926 5614 6661 7976 9861 4190 6272 7586 5722 3361 23 4404 7519 8904 578 7355 1669 4012 5169 8907 1418 8094 3911 
7084 6425 800 6814 4452 4526 6317 4043 6702 6238 4081 8852 9639 8714 519 4369 5858 7894 948 2977 1437 66 202 3590 8862 8403 5138 5284 4599 8859 318 3161 3958 2622 672 7084 7217 9473 8362 9768 9709 28 383 2607 2160 0 8365 5449 2926 5665 7554 9443 558 6020 2047 7180 8315 7842 3500 947 9561 8903 8308 2168 914 2296 3034 2860 3186 7397 541 6642 2529 839 8939 6821 2136 5997 2393 348 3326 2538 9516 4851 6914 1745 2948 9928 3101 7100 188 9601 6386 664 6505 2735 2238 3475 1185 3659 
1802 7757 1130 966 741 5522 1933 8780 1400 3594 6335 8967 6972 440 9496 6666 6618 9441 6429 9448 7221 8614 4195 9147 1168 5198 2125 9301 9472 437 5802 2141 3739 694 1145 9473 281 99 4242 9571 6422 9815 1918 5258 5282 1819 3173 8226 3159 5922 2335 1890 1264 4792 5745 6438 2298 2800 5969 2497 997 7722 972 4574 3701 9239 8080 6580 7909 2200 8988 8623 5695 5166 2226 779 102 4290 7487 8284 6907 8955 8494 5163 1726 6259 5119 107 8471 4524 6947 6301 1199 6241 528 8281 6436 3217 8040 6019 
3216 3700 2872 1465 1232 9525 1395 4723 7496 7600 3684 5304 9527 6105 4979 7064 6200 3165 5172 6111 9183 6302 3415 617 5917 2947 9771 1912 4830 1552 7810 1624 3714 7167 9326 2735 2523 6920 2909 8595 7160 1815 7493 5714 43 3462 6371 1254 7506 3704 1186 8938 4675 4511 2132 6595 2499 8270 3058 4566 5396 7112 1333 3545 6598 6921 3132 8186 996 7754 2630 9839 6516 3987 1145 7836 3325 6260 4847 3676 428 4926 2634 1410 2233 4492 8539 2728 7197 3943 6651 9357 2887 2535 5547 7185 8595 9439 3437 6445 
6240 4821 332 5899 756 8811 5398 7483 4630 5130 7644 6697 7965 6123 3300 720 1791 6422 3396 8799 4247 5499 8710 9457 3301 2028 7898 8605 9755 7990 7114 3995 7714 1788 7451 6736 54 6077 2734 6737 2980 2891 2276 8356 862 339 8871 4595 25 4552 5633 322 5913 1127 3460 4436 1505 5232 3429 7422 9494 5803 2842 5290 500 4851 2765 7530 6681 2142 2520 7730 8317 1159 5711 5794 1777 8192 9233 6089 3211 8041 8607 6150 1480 7532 9974 3760 9408 7973 6575 4943 1065 2934 1626 3592 7417 9582 9763 6511 
8086 7347 5938 8859 3165 820 7531 7385 5079 1086 3058 3036 563 924 7579 8788 6956 8691 1004 3595 3752 1264 5778 8814 6621 3152 6273 5349 903 7987 2826 1847 7513 2684 6758 3538 8765 6257 596 379 3010 7232 4137 1841 4484 6308 1321 6111 376 7573 2583 18 507 2348 199 4349 1792 5577 8227 8882 5040 4999 2496 8020 4432 4182 4421 2175 6561 5533 9123 8128 181 1573 8746 6572 9153 9937 6838 5498 5180 9621 3043 993 9544 8559 4564 5512 2983 4941 5902 2681 9539 1510 7911 2849 7727 8478 7037 1275 