775 7985 9915 8684 763 4617 5171 7890 332 1763 9020 4913 6355 6518 6673 2070 4602 3261 7191 2090 2397 1811 1690 6955 1779 8716 3651 1010 5467 4837 8750 827 6192 2769 2154 4392 3504 9471 5026 7667 9333 14 1695 7887 5838 4238 2815 2671 5977 2894 4497 9086 335 5116 5379 2928 7928 9232 3333 9680 9306 7683 3121 7400 7310 6937 3358 4688 9256 1914 8403 164 5866 6446 7851 1994 4700 6123 5902 7929 1762 5008 690 7104 6615 3018 9228 7588 7447 538 7849 7075 4055 7853 3995 2853 3530 7435 5041 3285 
9489 7682 5057 8108 5188 9005 7940 9433 4789 7883 1958 5337 2706 9593 2972 4765 9287 8679 356 98 7975 8337 8707 2214 6893 237 7206 7833 5185 3995 6726 8029 3259 5340 906 8276 9007 4015 4668 3954 8557 1217 9289 2555 407 1857 3812 7722 2674 7974 3186 5331 9994 1219 9368 4718 9392 755 8824 8895 7192 3783 8618 6059 4551 1012 5191 6051 8779 4241 1401 4900 1514 1348 550 7511 929 6696 4037 3589 3284 7010 9488 7518 5950 6074 8487 7081 7575 8002 6694 1348 5654 6412 2050 7549 4113 4658 7199 1985 
8510 6442 7175 1664 6452 1183 207 1755 390 9316 2961 8143 2415 1398 8905 5134 9647 3599 1524 5479 9529 1863 8584 1573 4898 5452 7281 1818 4182 4206 6189 6015 5788 3096 6416 9258 6861 9493 2451 9929 7635 630 8555 8873 1695 3846 9565 9996 8330 8278 8493 6900 2418 1291 3201 6992 1962 5214 7960 5075 9547 3883 6528 7592 7185 3972 5093 3038 3086 7490 1906 4431 7800 6497 8889 8411 2382 4694 888 9105 6475 433 4287 7478 2436 6808 2185 4415 4154 4374 5883 4688 1498 8069 5137 7854 7884 3278 2534 1323 
1884 9168 8133 2205 4635 6031 5759 4084 3392 9185 306 3912 8397 2341 4602 6243 4567 2898 7960 524 6653 2754 4480 7656 5596 1089 8308 9298 6209 5642 6896 6641 4107 3952 7023 2299 7371 1631 6039 8925 7963 3036 9315 8940 9004 9463 304 9922 7271 3315 1962 6674 3893 2508 414 6129 5941 5444 1704 8738 2779 8237 4718 1944 3881 7328 8613 5748 2923 1743 3687 161 6459 9813 196 8645 5701 7871 1287 9018 9554 5245 9967 1439 977 934 4015 7074 2615 6300 6765 6954 6642 4093 6480 3554 7053 6388 7792 9056 
2363 9170 6766 1688 9653 1365 7171 1288 2324 2742 8741 9454 9888 7030 7220 324 9187 5306 3789 6971 4405 116 3119 1751 9380 1263 7798 3593 4341 58 788 8823 4954 3154 931 9767 70 9498 692 1657 7249 397 5669 7555 2292 7880 8302 478 7705 7909 9338 1084 4407 2057 4356 8292 5439 6994 6713 154 6625 9581 9339 4551 4770 666 4411 6603 8377 6657 1604 9472 1396 8213 2278 9537 6837 5670 5960 8970 6795 625 8781 2650 7933 1531 2866 3830 8978 7382 8510 5998 7421 8434 3502 7537 3393 8755 3502 2119 
9111 9357 748 7238 4680 713 1369 3009 6874 4814 1215 5741 5386 1008 1025 2794 1293 5650 8547 4274 3399 6140 5124 1178 5700 1589 2272 2703 3907 1258 1809 5648 2913 3525 3815 1537 3596 7781 2335 4024 1874 7070 8816 4199 7871 2768 7823 6303 5855 3309 9624 9721 6308 1457 5836 4174 5162 8001 8484 3230 5836 2180 8504 3238 726 2559 3025 4784 8014 7169 3235 4456 26 9763 4836 4546 6963 7433 4221 9528 7182 9337 3883 7597 8431 5028 5609 69 4464 8005 3675 2034 6823 5254 9178 7566 8922 3456 6270 3947 
5282 7639 1715 1760 8502 2755 7503 3278 7128 8585 9679 4377 6407 3043 8860 7700 7930 6349 4723 1330 8475 4947 1488 2218 1233 510 2375 8350 1424 1737 2421 9935 7631 7617 1809 0 7076 13 3940 2169 2486 9981 903 6346 6947 3796 5355 2516 5051 1616 2038 1997 8543 8916 9596 7934 8837 1084 5378 7892 602 4712 5646 9304 9244 1835 9094 488 9679 2708 4439 1033 8821 9886 4246 2900 5911 1050 1589 418 5266 9131 5743 8987 1004 5123 3820 6544 3946 677 9124 6446 6592 6247 7428 1581 8881 4011 8619 187 
4741 2593 6883 9999 3974 6222 2454 997 4772 8045 8119 1327 1102 6538 2964 7328 9471 5138 6118 3566 2281 6685 1928 5453 6596 6227 5657 5845 1609 2384 8566 369 8453 2144 3971 5252 5932 7989 3338 3830 784 2564 1912 8770 9273 7851 8141 6290 6472 2029 2404 3799 7567 1650 457 5273 2110 8557 9564 1138 4804 7987 6265 1929 6247 9454 9146 4257 1563 1007 1550 1642 8619 7897 3002 2703 1478 8822 5351 5596 531 8916 6499 1582 1159 3807 9683 9744 999 2727 8079 2086 4034 2349 1276 9661 5533 5911 5490 5784 
2884 7380 5352 6958 8919 7337 6713 2664 8030 4269 8034 4896 3610 295 9311 474 721 9583 3879 4800 6679 6204 872 7144 3497 3374 7351 3670 2248 8761 6998 2641 210 1563 111 3918 9400 2528 4277 517 2169 6298 5812 6312 4963 9055 3716 2008 8049 3346 6260 8524 9876 2392 4963 4514 3526 2008 2126 2479 5841 9397 8240 4409 9862 5329 6065 1549 6799 9183 6185 4147 854 3044 8919 6215 3546 9821 4826 2933 6389 2231 504 3638 7875 9890 7977 3015 391 212 3944 7862 4252 5963 5954 4704 7161 2131 5468 6786 
7927 5525 3021 2431 4421 4059 3098 2946 4436 6511 5180 5242 6680 6672 2306 9820 4566 944 5396 5498 7826 5829 8862 4361 3750 2661 6015 2220 4405 7613 8318 2767 4029 3814 6932 8054 9505 1560 9753 2406 1669 7989 190 6637 1912 8961 6388 943 8770 8006 4172 8141 6795 625 1254 3951 8851 5998 7537 1960 6943 2592 955 2486 9415 3490 4800 6825 8783 6988 2591 9468 131 8964 963 9361 6371 5964 1318 4983 4392 4354 5603 4567 3800 9503 1805 5153 6833 2991 6330 9192 1898 6436 1676 6609 9624 5045 8445 5921 
3410 3361 4169 7789 4734 5822 3989 5218 4485 702 1857 7714 3840 4821 2676 6474 5760 2509 3295 7081 266 842 7591 1664 2335 2527 7032 2127 310 119 7377 2043 1976 5204 8679 1866 8409 8969 6158 1344 4176 5001 9309 89 8424 5184 24 8876 7849 3369 9403 784 2564 5101 852 7051 6183 7851 8141 6290 1839 4899 1923 7984 7624 9273 3133 7291 1688 2359 6626 9673 2901 8508 1076 1316 5517 7774 9373 9311 474 4525 7552 885 9989 9640 7164 1664 880 3332 8071 7284 1284 9791 2172 2536 6958 6583 7451 4730 
7292 6206 5099 3576 8623 8616 2949 8545 7287 934 3216 8868 7110 9963 8382 2731 5843 1001 1030 6879 4135 3772 3541 4376 2278 6660 7662 6583 9999 6165 4646 1090 2353 4502 7151 1351 6057 4232 9510 25 4024 5705 6775 9232 5219 7172 8328 1207 9857 3817 2486 4441 3011 1377 9097 4591 4242 340 871 8665 7351 8012 4897 5879 5021 9859 9450 9676 8348 459 4259 3494 3504 3641 2144 2177 8753 1723 4338 6305 4195 6252 6959 1025 1093 140 2919 4112 4473 9829 2322 8531 5834 545 2380 8856 8898 5841 9891 3059 
2842 5170 1945 9214 4425 8981 1898 7070 5205 1002 212 414 2031 7413 1610 4604 542 2528 7039 8310 1500 4158 9891 4083 5399 3924 247 8461 9694 2291 1143 7441 8195 6043 5070 3931 1879 878 6896 5079 3893 553 5240 5635 6194 583 5700 9417 7134 7835 8081 9358 4440 2821 6876 5376 5669 8300 8251 8779 6206 8232 9161 9029 2103 5203 2043 9016 1334 7596 8038 1985 185 2572 7241 7522 1198 6401 9578 3885 8706 7484 4663 6647 6404 6001 558 5662 8497 8776 4106 7945 4784 4931 3503 7622 1773 1756 5823 6091 
2359 2810 2665 2344 6318 3670 4693 6371 4191 4470 3098 4643 7351 1891 6998 210 1563 9592 6817 9518 9134 2721 3295 3728 5976 9964 619 4249 1078 3608 8109 796 2810 8641 8426 9628 8549 2210 5969 8807 7043 6839 748 7069 8552 6723 5496 850 2842 7088 4182 7748 3608 2610 1827 5212 6523 5200 853 4495 3906 4788 2170 9958 6133 504 8778 4158 458 3395 3496 9465 3142 7176 8397 7995 3342 3762 4642 482 6868 1991 3930 7882 2726 9281 4651 1509 6286 6289 5753 4443 4627 8880 6682 2151 845 1980 4341 7955 
7809 3290 6848 9209 841 1490 7995 6372 3261 5072 4865 8302 836 2898 5709 707 8900 4560 2728 7469 5963 2328 457 8591 6064 4970 6165 7998 7900 6123 3251 8010 1281 4881 5192 488 3571 4291 3623 2484 9788 6834 4087 3691 5690 6172 6773 3198 7287 1529 1832 6412 2206 9648 4717 4539 104 6877 6342 8532 9493 6781 1968 1577 890 5453 9817 6671 2563 39 7884 3763 6370 5634 3378 6542 4087 9674 7148 2877 8995 9106 5088 4152 4828 8777 9653 2555 8712 9082 1653 5822 4095 394 702 1857 6734 3840 2676 7411 
6549 3295 1813 8964 1718 806 4351 6754 5053 4607 1508 1721 2117 499 6881 1950 1141 3552 2904 9563 4365 4410 3480 9809 1798 9804 6291 465 6293 2107 1816 627 6458 3338 2957 4374 6509 3965 5820 1804 3674 3468 1253 1031 4355 8532 8284 2069 733 1881 3719 5435 6155 2703 1606 56 2665 5744 872 9843 8487 3736 6264 9481 5246 6406 3343 8312 350 5608 1618 5751 1788 8299 6991 2592 7370 8995 5717 2339 2565 1761 5575 7088 3858 8298 3613 4319 9262 6540 1330 1310 9429 6854 5661 6812 9896 7308 3497 6199 
7606 1397 8567 9449 1185 3817 9048 4477 163 3384 1923 3374 1764 5144 656 6370 9951 6827 1849 2337 3166 5008 4251 8327 8966 6745 6625 2318 8495 3672 7102 4468 1570 1267 625 3615 4776 4394 394 4817 1761 6395 9589 8408 8415 9821 7551 3782 2263 7178 4819 4668 4069 5402 9942 4719 5030 8287 753 3764 4691 7860 1594 3492 376 7687 7774 9311 474 7552 5019 9720 8417 3792 3948 1622 8433 9344 4906 6623 8529 1405 4606 3197 2679 6861 5569 2167 411 2458 785 5095 3359 7949 6994 4519 8115 3856 3349 4503 
547 9870 242 4616 6368 4067 7237 1578 1268 399 7645 2006 3694 6757 2943 6915 9729 6854 260 7437 628 6252 5228 2582 3408 5006 4771 4431 8800 3890 5396 7810 7826 6903 5325 4420 9625 4361 3750 2220 4405 7613 21 9243 5591 9305 7339 198 7882 8830 568 927 7182 4264 5263 9032 2749 3496 1463 5021 7930 8343 9246 9853 1056 9927 4135 6303 1379 7458 400 8828 4253 7232 6381 4373 9553 30 1718 667 4411 3012 4299 8672 4641 8225 4607 3857 9295 9633 5041 3552 2904 8576 6291 465 7762 462 2996 2531 
1606 8570 5631 9093 5716 953 2028 6506 1560 7017 8242 5021 3277 8048 3376 3938 9544 7230 3427 6147 742 9098 7146 3815 7199 6743 6335 9045 1642 3113 2047 4805 2973 2533 3404 4746 9739 6298 8573 8664 8150 8513 8878 9777 350 4662 9686 5850 7848 3209 3715 6688 1434 3356 8282 6432 538 1683 4326 9642 7735 46 131 5020 6428 4606 7676 7697 6972 7882 6290 2979 7999 420 8103 3991 9722 478 6646 2789 2488 3850 3540 8429 3466 2251 778 6923 3809 9338 9426 8045 4182 5184 9411 6604 1043 5952 5648 609 
9749 7437 9994 1732 5914 7994 3483 8021 5285 6438 1510 2963 4246 9608 159 389 5100 2551 7485 7846 1054 485 439 1231 6887 8101 8302 4725 5709 707 8900 9627 8402 4226 3068 310 4139 6064 4970 2979 1354 6165 9064 6123 5302 8010 4164 1281 7090 5102 1317 4881 8171 9997 5192 4980 488 8227 3571 4241 4291 9938 9212 3623 1292 9835 6834 5204 3236 1328 8539 7855 2781 6773 450 5798 6799 3198 778 1425 701 5692 8119 7037 9648 4539 104 7064 5892 8339 6342 1730 1267 6781 9508 4662 2607 1755 3621 890 
9009 7744 8842 7568 7393 9911 9817 6671 5348 3151 39 5258 4176 4751 6118 5443 7884 5626 2546 3555 6370 4301 3528 7261 8981 7165 6729 8081 9166 5978 3247 2859 8930 8521 1192 6769 7333 5986 6388 7212 6834 9934 9128 1063 5280 6142 3822 7010 4463 410 6566 3310 4099 8624 4582 5592 1587 5916 463 1632 2240 1674 3983 6303 4567 3802 8107 5397 7985 9610 9616 822 260 6362 3918 9400 2528 2176 4250 9748 7029 5812 5046 5307 2156 5461 273 1828 709 8349 1394 9112 2727 5750 2739 4639 9626 8590 9657 8067 
6213 6785 3645 9644 1451 6266 9297 9778 9907 5725 6122 7742 321 3266 4969 9233 8172 8079 3420 5894 1560 8845 8273 4076 219 5120 1642 1810 2047 2533 8513 4662 7729 7848 7509 2995 4657 2749 3893 8045 6502 5184 9411 5648 609 1984 7994 3483 7209 2393 790 6614 3624 564 4787 4531 7695 6553 1469 2609 6486 429 7051 7666 3072 8398 3154 6350 3082 3195 5298 4220 3579 46 9837 7742 3335 2770 7404 3419 932 3421 9398 4251 1748 5927 570 6834 1777 2093 269 7238 709 3475 4000 2317 7149 191 4864 544 
7083 6179 3805 427 3247 136 9693 175 8074 1342 3435 772 1088 2223 3736 5922 9365 1731 7841 3298 9438 8771 3383 8297 6023 8146 7395 4644 5790 5963 3006 4024 7260 8320 3551 5617 4493 3109 5823 1376 2650 7933 2866 3893 9573 5998 8434 7537 1960 2141 6943 4863 5417 955 3783 3338 784 8618 2564 4593 3768 6388 943 852 7051 8006 4172 6290 1839 8063 3786 2277 1837 3799 8910 457 4480 8218 4498 7636 5827 7856 7537 4417 9055 7109 9377 3044 2580 4657 6176 121 8035 9515 1625 4317 2144 6136 8715 7703 
8799 203 7691 1516 7179 5759 9254 9614 9360 9145 6365 8797 7233 1526 4239 1263 6269 2930 348 1795 9649 1175 5407 9938 7 5949 1132 329 7611 3438 6798 6246 8755 5357 4474 3824 7682 3952 9955 209 1324 1714 5359 3327 5771 6946 5155 2900 4986 4723 281 9962 1573 6783 2555 3085 9802 4651 8274 9874 5937 8753 6911 4515 8013 5042 5872 1231 1505 704 1770 1571 8115 5991 804 1338 9850 3370 5026 5261 7403 8720 2362 4258 4615 8807 4184 4580 3725 827 8712 7766 1314 6754 4907 4031 6229 1718 7199 7885 
5488 2219 3738 9067 6459 8262 9980 7713 2412 6957 6149 3904 9718 1558 430 8143 6081 1324 9396 4720 9143 3761 5669 8722 1811 1992 8426 7178 744 8645 9055 3716 9513 6062 4175 2510 8386 5495 5712 5076 8523 9098 8499 6592 1087 2326 9243 1995 4394 151 5002 7947 5909 3061 2968 1071 8908 5735 5569 7851 1224 6854 5493 5319 1799 5250 2374 8624 9752 5074 8057 7541 8972 9285 2552 4213 7601 9967 9733 3026 230 2649 8595 2203 8988 6318 4470 3098 2419 2177 8365 4864 2016 5172 6854 2925 9024 4608 9258 6947 
8640 5880 8144 7952 4631 1867 8114 9473 377 7668 5725 7109 270 1502 5304 8540 8298 7724 9194 1366 9220 4524 8070 540 9471 7769 3099 5185 1828 1791 8179 1777 5612 9641 6294 1972 4767 4780 2600 6447 2302 474 2141 6825 6229 9778 9724 5687 3832 443 6405 334 6921 6781 8808 4419 8945 3955 3408 3769 1331 4910 1257 5086 4189 6535 6138 9678 3842 1701 2709 8186 1159 2933 4118 3055 2510 4386 6516 8214 3088 1329 7705 9275 6683 6467 4385 809 4846 2885 1229 7691 2266 8408 4978 803 9108 4143 9591 7530 
2831 2447 8171 5471 9595 9642 9090 2487 1291 624 2807 4190 6987 9059 3879 7722 7041 9920 1277 573 3673 958 2513 4902 7203 9050 9436 2992 574 6794 8087 1384 3843 4555 4782 9935 9496 2058 9700 8984 8892 4961 4577 2985 3372 3180 5676 6810 8712 9400 4034 1124 5058 3010 5995 9622 3902 3017 646 6012 6460 9948 6000 7425 3113 8917 557 4406 7201 3513 8642 3682 5316 8992 2168 6906 4671 2231 7906 5555 8277 6773 5974 5513 6177 5747 2737 2671 5854 558 9714 7972 937 6883 8275 9479 1579 8460 5770 3867 
9449 7421 4275 2597 7225 7604 6169 4422 8342 4423 9496 8773 7818 2536 410 9194 4087 2080 8054 2466 8510 985 4763 959 2420 6664 3974 4979 9423 9854 7214 4878 6040 5741 967 5752 1632 3692 5542 906 4602 1924 8533 75 9756 5857 5060 2394 631 3834 6617 8177 4042 7787 8922 2532 3041 2488 7091 7939 6489 41 4764 6549 9869 3990 8986 56 2656 3150 4100 4990 8880 9485 7876 7734 5980 140 9272 9434 3547 6995 2334 7538 1892 891 4026 6458 7244 4334 1245 6666 3240 6246 2885 9593 823 9521 670 7879 
1505 8914 6915 941 6058 4930 3411 6018 7885 5610 6856 3773 2624 6925 1948 3794 682 3496 3498 3044 6220 2837 3721 2834 3318 3610 6408 7391 1571 9800 8978 5343 2277 1357 5888 8040 8842 756 874 2117 8706 3621 9623 7216 700 6929 6583 7119 8043 5834 608 9269 9682 5181 3205 3617 6160 2419 2772 3107 80 5926 7779 2963 3903 6628 8141 5571 3661 6641 2863 4270 4803 3177 5798 576 179 9910 648 3890 6806 3303 4382 4104 7619 4509 3893 2367 5333 6668 3441 555 5344 4255 8149 9379 5697 433 504 6161 
124 7722 3984 8049 6193 8966 979 4835 462 2354 8523 6684 6749 7274 5993 2376 7932 6260 3748 9825 8101 8531 1964 3727 4264 1845 4621 8166 7322 2089 1437 2836 9442 6410 6841 8333 178 1184 8168 7504 5114 6409 5597 5629 785 1056 1887 5934 1064 8270 1881 3221 5817 249 5607 724 7528 5438 8131 6413 9743 9761 2370 1183 8966 9461 508 8142 3453 1699 6972 6277 5268 3041 1594 7911 3492 376 6670 4170 3272 8900 4531 456 8316 1185 6022 427 6604 5674 2211 1121 5214 9150 8023 7403 1470 4199 2369 5525 
3391 1255 8389 7785 6715 1725 1095 2448 731 4741 103 6991 8181 4498 3885 4070 5963 8462 1210 1555 176 6599 6472 3250 4620 2126 6260 7391 8815 3399 3251 8149 9496 3259 4209 616 9849 6352 7480 3371 4830 6959 5900 7377 4823 2806 5342 4074 2066 6066 1116 5427 6006 3383 5766 5758 4820 2932 5657 3071 1020 6413 7937 6523 4464 2134 1529 5675 9401 1903 2472 5971 5622 7667 7561 8254 5602 5155 3691 4773 7770 3506 8121 4925 16 8616 1046 7841 3241 9199 3321 6721 6489 4396 8411 3799 7832 1032 7406 3643 
615 7842 3327 9261 6888 4991 2350 1899 5140 6953 2094 8272 6954 8744 3549 6435 1036 7871 1155 2543 4532 7540 5986 1329 8431 4298 575 6193 1920 7142 1880 1723 8650 3736 911 5862 9179 4953 872 1057 4542 2792 6794 3352 1659 9332 8530 6377 1853 8510 3022 1719 3851 2109 5647 8553 8945 2700 1098 9303 8821 4599 7218 5992 1932 8129 4692 7622 9599 9592 3103 1226 3269 6896 2470 175 9208 7404 5148 4317 8861 4564 5173 9221 9283 9944 8406 7903 6977 9057 7569 8439 3287 9560 3020 8496 4858 3209 3814 6567 
6813 2479 5192 2138 8699 6595 664 7391 2002 9986 3396 7270 2638 2070 2593 573 1101 7952 2290 3270 3556 6472 203 3737 7539 5378 4372 3622 9597 3181 8993 6836 1754 3673 3004 1579 2218 8113 8990 4847 9526 8097 4433 8714 7409 7645 3176 2930 41 5873 8982 9342 5576 9715 4747 7588 8606 140 2231 1542 7822 6991 2592 7370 8956 3403 6868 2170 5801 4351 2892 3095 3144 6628 2668 9782 1472 2356 7218 4594 6359 397 5855 9517 588 7521 8514 7534 2144 4040 9693 2134 4907 9496 7943 6453 2801 6085 9554 3827 
958 4177 5750 6550 8403 6413 7389 85 5876 2992 4570 8971 1907 4958 60 9072 1271 4424 880 9741 8836 5960 7720 7493 2555 9880 3674 7215 5410 1430 7815 8225 5914 5566 8111 7134 5757 337 2019 3673 3584 3339 8765 5037 1659 4252 9920 6716 5039 8066 1864 6902 7143 6638 1391 8107 237 4194 2021 5665 1363 7081 2853 4411 9374 2897 4468 988 9425 1055 3528 8039 6014 425 5965 1006 4184 1638 3316 3661 3059 839 3425 2715 6471 6903 8360 6935 8522 182 6863 663 990 5029 5518 8631 7333 6991 620 7569 