1909 8056 7590 4617 8366 9427 5010 6194 4843 304 1083 8368 3403 3972 8211 7293 3791 5940 2124 6188 4934 9497 7890 902 373 2452 3559 7924 6979 7867 3808 5912 8098 8668 1400 4387 2620 5198 1228 8878 3303 8488 6413 5075 3193 7447 775 3676 851 1115 9543 7191 5220 7918 6497 1356 9508 7007 6457 8960 7888 3661 4164 6531 1197 73 9352 2584 1369 6111 6008 8420 148 3981 4656 7012 3815 1077 4796 1902 2629 4092 1200 9818 3653 7564 2337 545 2575 5616 406 2628 2612 981 41 4075 8530 5037 5005 7138 
7534 251 3361 3696 2676 1087 8548 8024 9903 8123 113 3994 3287 821 4015 3887 7977 9511 6062 3437 6051 6164 8272 2244 4164 6052 4718 8785 8112 2329 2995 2841 713 6703 1512 8831 9230 9687 4069 1257 3924 147 9262 3613 3657 7801 1704 6724 3450 1896 4970 6750 1224 3451 1273 6017 9074 8665 2654 9963 3305 2280 5751 1686 3134 2848 568 3178 6221 1280 1941 3413 7820 430 7155 6405 3217 5197 7958 631 2660 5637 2338 5681 3383 539 7609 2515 9498 8826 8303 7339 9887 4266 8047 6563 8491 1375 7980 3083 
5547 7284 4811 4490 68 8524 5471 7106 8327 4681 7041 5396 2195 9479 3330 2492 9467 948 5798 2768 9740 2416 8208 8534 962 2151 1247 8666 5684 8975 2955 4021 2454 621 5793 1477 4054 7509 599 4461 838 7897 9207 881 1975 6464 4025 5568 7460 998 9186 4217 9456 8702 5889 1579 8774 8070 3737 107 2595 956 2332 6763 6038 2972 4119 6602 4382 8768 609 7679 8561 2558 1344 8212 7985 8684 763 7466 586 6355 3483 8678 8359 3705 2049 7258 2020 4145 4556 703 8105 703 9915 6355 8359 8682 7590 2602 
3365 303 9427 3786 5010 9946 9721 4145 8925 8684 6242 2949 7213 662 9726 124 2613 6760 7835 4118 3774 8860 6725 3986 7513 6151 9618 4836 5783 3075 4067 6190 4594 8668 3283 4774 5711 5649 5689 9817 6894 5354 9063 7227 8557 5675 938 6372 6060 2291 66 6192 1092 3518 4626 4992 3151 8192 4884 7636 5690 7554 8827 6178 1412 4147 7703 7659 7924 1855 2798 6208 8165 5113 6717 3745 7675 1555 5086 2568 9646 4774 9109 5187 8732 4188 2491 2514 1489 159 189 3305 2969 2822 1959 9101 4688 712 2899 2304 
3049 4813 699 4942 8265 2513 7200 7791 2928 1951 9986 5961 9680 6264 3713 9090 8141 7310 4082 7972 4004 8516 7383 4095 1082 4140 7920 9620 1362 1196 8568 6727 9313 3138 501 9390 7380 1173 2088 4022 1623 8086 6221 5205 1115 6205 4300 6317 9156 5353 2086 3149 2466 3975 8488 3938 3644 3553 7238 1849 8603 910 2711 9791 6089 1715 5690 530 3392 2735 3591 4174 9878 7723 2585 4144 3935 6115 4671 9729 1065 7789 5822 3989 4095 6283 8068 8406 790 7117 6145 7798 8546 2082 3319 9284 8905 3279 6317 5875 
1182 2713 155 5524 6997 185 2798 2601 1542 8299 897 4498 4857 3762 2339 2565 612 8006 1363 8221 4750 3879 4800 5495 5936 4676 3821 222 9286 3501 3950 1434 7732 8282 5308 538 9979 4923 5325 2566 243 6008 6861 7247 2573 6772 9753 3085 207 5919 8995 8288 5938 6434 8797 7746 3928 5477 5685 6964 6696 552 1885 7693 9842 1831 2169 7996 6974 3699 810 7785 8253 7875 392 687 7921 8227 377 2592 1360 3617 3452 5201 5913 6696 870 9533 3351 1527 2566 6199 563 6061 104 926 3873 5733 9867 6000 
9306 3529 7275 1432 6445 3994 2247 6325 352 5631 8955 267 3005 3815 1645 716 6496 4586 332 3332 5014 111 5644 1786 5773 8576 2752 1097 8005 338 2869 7820 3121 7616 131 7908 5951 2022 1816 3829 966 3445 7543 2582 7634 6442 8069 4207 846 7203 553 3967 4211 7639 583 5700 8200 1254 5491 9146 3508 395 5141 7829 3832 8619 1478 4428 6024 4576 567 4813 311 6678 2327 4581 6526 5713 8571 2328 4970 1354 6165 9064 6123 5302 7090 1317 4980 4241 3623 2484 6834 3691 7855 6773 5798 778 1425 1529 
741 9577 1832 2206 4717 6759 104 5892 1730 9508 4662 5453 8842 6671 5258 3763 9237 2879 8896 8107 6843 9054 9525 2432 5954 1056 9670 7537 4619 5934 4406 1064 8270 2663 6684 1485 2468 1679 831 158 1330 2140 4146 9248 7085 1123 1800 7507 3116 9269 7296 8940 6709 600 7065 7358 5204 8148 6232 2474 2597 7903 773 7449 4878 9990 6161 7728 8782 5207 1784 5228 183 9381 2085 1934 4347 1427 8042 4447 7391 5908 4913 2585 9284 7995 3336 5336 724 8476 760 7093 794 4292 8514 1678 9333 3435 772 8503 
1620 989 5527 4356 1101 7455 9095 6468 4307 2222 4720 4028 1393 2669 4720 7256 101 8533 6280 2243 4720 6169 3795 6925 4463 3777 9033 7818 408 1378 6648 75 532 8445 588 2011 4189 8233 9032 4768 4132 8757 5809 7233 9472 4758 5223 8337 7283 7181 1063 575 9304 6465 1633 6164 9316 8725 7811 8245 4320 5554 1707 7441 6737 8361 9660 4532 1997 7441 835 5736 507 6008 4631 8581 4162 5921 4835 5575 4195 3183 8453 3021 4660 7116 5622 7908 4503 2476 350 8682 9280 8420 7986 8666 6735 577 5834 6315 
678 8568 2000 9665 8792 160 1100 5900 1843 1790 8800 2938 1354 389 8791 3189 4769 8416 14 4041 7761 2777 4603 4446 5494 408 1999 3120 2860 8373 7822 7801 718 4861 314 5808 6245 6395 7275 8394 1719 9916 9376 7199 7826 4357 925 692 6151 2046 3268 284 1293 9911 3982 2694 4439 7203 1560 5715 8427 5339 2977 8266 6322 7160 948 1296 521 7019 4934 3449 1257 1657 3458 1184 508 3549 9708 4643 8852 8458 7790 6181 6954 811 5443 8508 542 7756 8374 3350 9422 7712 5058 8076 6284 2891 3374 9435 
2518 1001 358 280 4174 1299 8657 5043 761 3559 7897 2216 3150 1960 9112 2090 186 9604 7490 3332 8071 2252 9791 8964 6958 9932 8378 7451 4662 5205 1170 6206 9936 8616 8545 9054 8807 8868 7110 7410 6932 2382 774 7271 5978 5978 4643 397 2437 9897 1384 8787 6594 4461 6792 6630 3380 3425 7217 4191 6616 7719 8522 6948 6024 4056 8744 1459 5029 8088 8631 6991 620 7569 8250 8659 9196 279 4147 854 664 7212 6713 2664 1395 3705 7433 7022 472 5517 2958 295 6092 474 4525 5019 983 510 3823 8331 
3796 7164 9317 3429 1807 9083 8477 6446 8610 9112 8146 1402 9868 3950 5461 8641 2741 1556 9021 2768 1459 2589 1441 6067 5921 7377 3799 3860 6359 9964 7856 5642 5793 9712 8733 8433 1191 8248 2140 4906 8943 564 8978 1746 981 4606 9277 8763 968 610 404 2893 9239 6722 2601 8299 6991 897 3885 4070 1615 277 1483 7586 864 8602 5107 4051 7088 3858 4802 3951 9573 8755 5417 3490 8193 121 337 2591 4656 9468 131 8964 963 6371 1130 5879 8156 2649 6918 2400 112 3848 8925 4667 608 6550 1706 4132 
4770 5222 2269 3025 5981 363 9489 6160 6147 4112 6227 7017 8242 5021 2822 3277 8154 913 7333 8336 4729 444 1871 4906 5793 6743 6335 3494 7519 4532 6714 5186 3437 4805 2533 4746 411 6611 319 2458 4569 4958 9198 1549 357 2070 785 905 5906 7660 5095 7706 6423 7760 9460 3754 7899 6828 5906 8115 8912 9891 6300 280 897 7652 7149 3127 3872 724 3792 4295 8331 4752 1944 4959 8236 279 4201 8919 5337 6719 3064 6798 7433 472 5517 7774 295 6092 3904 9518 1869 6289 4097 982 5253 5015 6449 4763 
7156 5678 7172 2818 8786 7513 1841 5193 2372 1077 3750 8012 8897 2328 3319 4231 2041 3754 2145 9192 1898 1852 8779 1556 5129 2768 458 6480 9044 5055 9848 5277 7199 3851 4963 804 576 8876 9555 542 551 9094 3207 4072 8461 1184 4219 2536 3774 2729 8021 5614 5285 9358 6438 4332 5393 341 3987 9556 2799 7172 4159 7348 3829 358 7652 872 6595 119 1528 5583 2500 2572 9344 4404 9854 9420 6083 5112 8815 7848 5113 4681 7429 2401 4256 1144 3085 9561 4036 2880 2374 3478 7031 6581 8744 253 8209 7730 
6784 4209 185 7235 1495 6064 2702 622 322 8835 5053 5894 3654 5897 6904 2681 4492 3714 7014 3496 3142 5010 4642 3420 2057 7882 622 7730 3724 4422 9281 9902 7087 1509 6286 6289 4097 6154 8163 1323 1575 2868 5877 6449 58 9087 9009 6367 4763 4402 9033 7172 2818 9843 8786 2601 8267 7132 9133 7894 2942 8080 2280 7964 4208 490 5821 737 2969 9706 2679 5825 2066 4075 9218 6967 7699 479 6808 5757 2669 8754 2749 5835 5792 7791 9958 842 6573 4306 6618 6584 3834 517 756 8287 4021 3242 1078 3841 
4713 1952 3045 8393 4071 1047 4416 8818 9751 8554 7903 6023 7309 5885 740 6468 2222 3038 4720 8712 3809 5854 5589 8818 9753 4190 6000 8860 4942 2348 3908 8120 259 4436 3574 1405 5535 9443 5542 4896 2901 3610 7687 7774 295 6092 3904 1869 5019 983 510 9683 4295 8331 7704 1944 8843 4288 4798 7545 1368 8519 5497 3994 1698 1923 1375 5663 5110 2649 1788 284 7743 2157 4194 9788 698 9637 6421 9610 6296 7708 9642 8435 384 6833 4627 7839 8873 1522 4004 8565 7000 9184 2370 1920 5378 4475 3590 1920 
6991 6836 1684 1754 3673 2857 9370 8499 6033 3366 6182 3371 1352 3202 263 2648 4257 2948 9200 8504 3207 153 2536 9425 6548 704 4143 7965 2493 8814 6129 1270 4557 704 4367 3408 6970 4335 4198 6870 8137 2588 3858 5513 2569 3027 539 5632 9564 2149 2700 1188 7514 6693 2198 4368 8441 2027 7163 1057 4476 5557 9302 612 2686 8419 7826 3365 4205 4106 2026 9857 4848 2002 9986 1274 2988 3396 3929 7270 5475 6830 7205 7304 2076 2812 5018 6865 2683 6866 2872 267 1645 6496 7852 7810 9643 9118 394 2260 
6779 630 5346 3914 6683 4008 556 6028 4836 1880 7273 1476 3276 8517 1932 9750 7982 4253 5764 8961 513 2218 5397 5903 1210 990 1753 6817 6008 7757 3660 6795 5724 3276 6904 6759 3909 8499 6285 4986 3328 1831 4278 6881 4908 4485 8470 8516 7314 5085 517 490 1147 2326 7353 9521 5300 7031 2775 4708 4881 2397 2297 8949 9482 2303 5586 2773 2038 428 5956 9270 8721 9177 2549 8751 6752 6346 1852 6586 3812 9382 3897 2193 6567 9245 2680 5716 1450 6141 5996 6425 3533 5232 7956 9124 9847 3526 1175 8469 
1908 7 3273 1132 8568 334 3825 1356 2482 6321 7603 7146 336 8784 4080 1253 9015 450 6619 9927 9277 474 7536 8613 645 9841 8810 8616 5085 8538 8597 9199 5136 4519 8336 6258 3647 731 10 9603 6122 1003 8943 8309 6830 7395 5476 2135 3351 9034 7278 6225 3728 8550 8870 9578 4262 3348 7866 792 834 1335 397 7562 1849 8874 4251 6136 718 3471 9063 3572 5740 6636 2914 5692 5684 4952 8146 8969 272 2253 4375 9911 6974 3357 9263 5674 6200 2271 206 2682 7304 5715 7016 4061 2552 7330 5759 9372 
5565 8933 8352 9520 7618 741 2486 3852 6769 7067 8027 4670 7565 5152 682 9805 9039 888 316 4348 3464 8987 7444 2205 6504 1808 9958 6354 980 6133 5829 5897 222 2108 1980 504 6904 4134 3396 9351 145 127 4080 2398 7417 2610 4308 4428 5895 4828 9291 8824 3915 4995 8969 5529 4711 8166 2834 8363 8193 8764 1960 8402 9986 4763 5291 3510 2697 2533 2591 726 8438 8397 1463 7752 7217 5879 4236 3450 404 8860 2837 4447 406 2798 3631 1647 7989 5734 8583 6766 8450 5424 2519 9491 1393 1967 8515 5723 
1220 3658 9895 5938 2396 6063 7158 1926 8865 3204 1615 7503 7497 2990 6961 7439 702 9450 1060 3707 6496 5182 8386 4980 8825 3429 2970 8213 1277 7683 3562 3849 4862 2449 8065 8575 4316 337 5143 845 5311 8961 7776 2178 9225 8919 3135 3561 6608 6563 2253 2683 149 7852 8440 4233 7952 7948 3144 3804 3690 2680 3720 9916 1515 9921 2279 9167 6716 2193 171 3319 1341 6719 4949 4300 7163 882 1529 8737 3412 7606 6024 9334 1670 6129 8567 9486 6096 788 448 3817 771 7229 5510 1099 2146 163 3356 7536 
7724 656 7562 9951 1849 4544 117 584 9063 6625 3572 6636 1645 5692 8153 9660 5684 8994 680 5600 8982 6630 3392 1280 1916 7212 1277 1811 9162 5672 2197 7711 4990 1333 4326 4396 1402 9539 3318 896 1207 9186 4339 1608 7909 8212 4469 1375 5502 8707 433 9220 6346 7223 8722 6982 8759 918 5482 9361 6462 3209 7702 7278 3848 9065 8147 5537 6841 8026 8289 4488 3059 1687 6102 4401 3590 1914 6751 4677 7388 9149 4653 229 5123 3419 2276 3335 9641 9844 151 3341 153 6735 7161 9790 75 1548 1577 5736 
4870 4932 687 9017 8296 402 7080 8950 3377 2544 9374 148 70 8687 4282 1023 9282 4599 6924 7690 7841 9123 3051 8099 5870 965 2382 7247 9149 5651 147 8851 2702 3111 8316 7250 2497 9576 3930 3626 9390 7172 6154 4025 7171 1413 2945 8873 2958 3772 4439 1991 7399 2012 1141 3165 4572 5329 1965 8693 7987 381 831 7719 6860 4851 7948 1008 1541 1376 9999 2221 5292 595 457 9296 5425 2285 2011 7183 1243 9192 6552 556 2685 3142 4121 383 4216 5259 3996 8790 5325 4235 7441 7688 8189 2832 9112 5305 
3841 7613 8318 2767 4029 3814 8429 3780 5095 9799 6233 198 4750 7788 7289 2384 369 1367 2144 7802 7325 2507 6170 1424 6378 4097 8049 6613 8551 4262 6769 2889 1362 3379 7421 4144 6529 7153 6418 617 4755 7877 8650 2425 9651 8898 5841 9891 4409 8898 5170 8494 5516 1898 2207 6834 7710 4529 5672 6258 6152 1917 1339 7720 2243 526 7625 1476 3978 8108 1387 6057 1880 5389 7825 1803 6007 9350 5133 808 610 914 8970 9308 3117 9927 6859 1829 7409 1266 6841 8995 6126 1340 3566 4948 1267 3089 6948 3174 
4685 62 2075 4302 6125 3959 7858 8868 4630 9576 6009 8538 6162 5126 2061 7404 5248 4843 2830 8907 6041 9219 8047 425 9990 9056 6729 9193 2420 4205 4442 1575 7673 2430 7360 9384 7060 3342 7122 1562 118 5889 7464 3117 8160 9357 748 1425 5571 2611 9389 5467 3431 857 5209 2986 4497 3677 4855 7038 5042 3502 9825 5014 5020 3482 5664 4215 5894 4698 1523 1510 3235 5556 5841 6837 3293 1960 953 178 8370 5967 3904 2794 1141 6163 2291 7813 5082 4903 7778 8565 2961 976 4992 2485 1428 2194 6403 6055 
2689 6413 658 9618 8000 5774 8973 7291 5778 2972 2502 5621 7365 8358 4526 905 6929 3911 1783 7948 9727 7228 2071 3291 7008 9699 1209 1470 2932 4936 3609 8571 1020 5236 350 800 6607 1476 3120 8986 8782 4236 1868 7170 5336 6399 2928 7976 1355 784 1651 9836 2032 2119 9790 8720 1506 7152 2190 4572 8328 1752 7442 7959 687 1543 6101 9089 6237 2102 5522 2772 6566 5484 467 8404 902 7197 7217 9762 1278 3368 7281 9105 8135 6198 9484 7938 3836 2831 4062 3776 5748 7470 6302 3049 3011 1458 5189 8020 
9598 5163 9145 4979 2625 8927 795 5170 5994 5333 3143 6757 7699 7247 8801 5260 3569 8548 1881 7350 7161 3260 302 6392 520 4080 9690 8293 6729 814 3387 8126 1428 5671 4131 3190 7893 5387 49 8996 4595 2765 3961 860 5523 6006 23 3397 5259 3252 7871 3219 354 7908 8221 2582 5710 6571 459 5624 4557 2032 355 8649 4329 7459 3430 9899 3463 8434 8474 2141 4863 9368 7565 3490 9147 9858 4800 7313 3201 5478 8404 1007 7524 4520 6041 9681 381 102 2363 8763 823 4932 4894 4188 861 1082 3603 6905 
9486 2845 8392 6317 4179 5751 2511 3276 6150 8248 6168 1362 7787 6177 2605 3864 9819 321 784 3167 1468 3454 3572 9858 6848 6889 6314 1584 186 2867 9668 2832 8626 5763 8445 4346 1521 5603 2950 2913 5979 2808 6113 1376 6049 1693 8715 880 6610 7539 2465 7725 1684 8159 558 7081 3606 9196 1582 9455 7236 725 6538 6704 9346 528 1748 5992 2477 6815 6872 4355 2080 2090 2638 4455 5227 6245 3652 550 2617 6338 4118 7063 2181 1110 4551 9210 5053 7029 6026 6399 4989 1452 68 4049 3230 2200 6318 1723 
6530 1005 126 9728 898 7545 2833 3018 7515 4803 9634 3522 7956 6021 9165 9189 6620 3284 1688 2500 1661 5250 5658 6390 8134 5469 6712 4596 175 3573 6269 6452 5693 1820 7505 5556 6758 7432 4829 4175 7809 202 7469 2223 3052 7283 890 8889 1972 3584 626 5129 8829 985 3953 6676 6072 8308 7334 4372 2322 4189 2654 8863 800 7705 6073 6800 7236 3473 4353 4151 9805 3591 8277 321 6819 6971 8761 1493 1905 14 5489 465 603 9781 8908 4901 8986 3642 5277 2745 6462 7102 3401 4017 1757 1963 1674 3489 
1804 2732 7263 6590 2500 7541 9422 4271 8497 6326 3026 6693 523 2969 995 1986 5739 9107 8020 2467 4144 2764 8264 9329 5068 9436 2958 2984 8154 7282 9504 8492 408 2782 7311 7284 3599 6240 2637 2958 686 4430 3267 3109 7922 6614 9577 6513 9234 9956 2180 7748 9143 8604 8800 8521 5728 5750 8626 5207 2949 7580 4475 503 3149 1754 8258 3950 6822 3244 6897 499 164 7776 7673 4248 5862 2952 8412 3876 7493 6218 5306 1215 5812 7241 8779 4176 8749 4214 1837 8024 1825 2471 1971 6673 8094 2585 2421 8959 
5264 9058 8688 8310 4314 819 7840 1741 3479 3600 8052 5164 8336 106 5777 2016 7846 8297 6445 8781 9103 4737 3554 2456 5481 5173 7843 6817 5260 6142 7580 1647 262 58 1056 9698 3411 8593 9623 5580 7221 8060 1902 7251 2205 5842 3218 9500 6282 4296 9881 4370 3526 7471 513 4655 1403 7461 6302 1430 4075 2712 8838 125 2476 6100 7380 8034 598 7883 5902 353 5092 4457 3270 2067 8038 758 6568 312 5960 2442 6240 9268 241 8401 9882 2773 8012 8611 2398 8790 2136 1044 9702 3581 9325 7865 3619 1392 
8502 4463 5611 2204 3120 6839 7484 4182 9882 4193 9324 9231 2682 6263 2221 8259 6003 4899 858 4262 4271 5321 6234 8439 3311 8236 9768 6502 2072 6061 684 1955 6361 7538 9288 6729 5551 8951 1083 6031 3439 6043 9380 314 9618 7611 2900 1085 2728 1339 7460 898 9389 3521 7935 7696 4296 5234 9416 8059 1319 6328 9142 7351 7472 2581 3515 6878 181 5813 3934 4893 773 4682 2210 4585 1933 7951 4458 6220 5647 4585 516 881 353 7893 8940 1673 574 9024 4398 3368 4265 6599 2399 798 9447 231 9458 768 
1941 5971 6399 1618 5789 8863 9892 9273 3384 5940 2797 7943 3827 8109 1897 207 6684 7127 7054 7258 4534 8238 4129 9057 5080 8188 2134 3273 6791 3962 4307 5681 5649 7725 7240 9601 711 7991 3385 4386 2250 1468 7953 4741 2105 1437 3417 1759 5906 3792 6202 9856 3041 7581 4914 4470 5181 7471 3173 4141 7108 27 1555 7559 8176 8357 4925 9454 6021 2168 3749 4163 7822 6280 2847 7647 8429 1084 4354 2635 7375 3117 2956 8927 9242 9493 366 8998 5887 618 3710 4637 1251 9886 1080 9886 942 4655 9437 9461 
3546 1659 3676 8364 5467 9618 4238 5559 7213 3560 6947 7634 7342 8495 5094 8935 767 3110 2758 4994 7398 888 6243 1232 4948 6912 7811 706 7196 9786 6656 1392 3805 280 8579 557 4885 5463 802 1071 1415 2890 8199 7635 8112 8583 1243 1123 7677 5378 5185 4610 4266 8419 6452 559 730 8194 5871 3842 7705 5185 9807 250 6256 784 4268 5917 2703 2466 68 1606 9806 1780 2030 2665 88 7439 2788 9843 731 6473 1343 8020 8601 3765 2755 7355 3366 1915 4845 137 4380 2076 6880 1080 8742 1894 1497 5204 
8810 1195 4234 6000 1968 8549 669 5193 5169 6994 5904 9189 9642 9692 6270 8514 2431 4421 4059 2948 3098 4577 5516 1645 4253 4548 6481 8736 8515 8812 2390 681 6817 5260 2863 4388 9690 6841 6456 6795 7572 8311 8167 1065 687 4877 1672 1626 4734 9964 9659 1559 9996 2709 7426 9582 5726 5089 6292 6488 8904 3919 5428 7981 8050 9804 3841 4713 8632 4757 3962 8643 8393 305 4071 83 1047 8058 4416 5926 9947 8160 7368 1428 6141 2421 2583 8496 126 9786 8605 2102 2152 1291 4888 673 5523 7382 8508 5752 
6011 4687 4667 859 4793 845 8449 5008 9293 7623 9217 6447 2730 7057 8659 1201 5645 6279 5966 7386 2158 5984 1757 2793 7839 9409 9923 4949 7634 145 1894 402 3 4891 7712 8542 845 6580 5061 5998 5412 7391 4793 3738 3311 919 5667 6544 1899 5840 1454 8662 3152 4926 1263 6704 8604 6247 426 2309 9843 3173 3775 3359 7707 1763 9381 3831 2940 856 967 1057 4476 5557 698 4757 3280 2686 9528 8419 618 5514 9729 4205 6592 3235 7973 1995 151 6528 9496 5542 9083 7057 5935 2037 8695 6553 4500 6613 
5569 7835 7585 9894 1070 9609 1159 7848 4862 7617 4163 2339 2659 7246 1098 9333 239 8098 9463 794 4284 3089 3818 6268 6204 9989 9802 1084 4903 1446 9995 336 5801 6331 5706 4479 3061 5768 5186 8714 9325 9753 9880 364 5353 9282 2766 1643 9954 1034 6991 9997 2391 3923 1787 4971 328 9471 7269 7540 5052 8406 8681 7500 7633 1836 5939 9817 6255 41 6609 590 1861 171 616 4966 6982 6815 7358 9123 7691 4493 2650 1531 2866 8978 7382 8510 3502 2141 6943 4863 3349 5417 6877 2486 8587 6561 5072 911 
9001 7313 6825 6988 2887 4656 131 8964 963 6371 3635 8435 2981 1764 4392 1763 4354 3980 6393 9790 731 4616 7044 5337 9552 4866 8694 3131 5947 7451 5128 4662 5484 2282 1170 3271 8129 3576 1703 4834 3869 9097 4259 8807 4387 756 319 5707 5733 5224 7621 1108 3316 7271 2491 431 2811 9419 4643 397 3452 2437 1384 60 3457 4123 8036 7573 7367 6300 8434 3791 8182 8923 7112 5964 3558 1100 1680 6424 2892 5216 1170 9936 8616 7001 2397 3869 3216 1133 6962 9086 2035 162 2589 8054 7341 7287 934 5707 
7621 7338 3821 1108 774 7008 9016 2811 5978 8616 7683 170 435 7798 3778 3319 4435 1895 7359 5906 6242 8444 5020 7676 2385 1067 7710 7234 960 3043 221 6384 5399 247 6972 1908 7698 3280 7846 1054 485 439 4685 1231 6727 279 7020 2467 9952 5259 8513 9567 8496 1544 76 7634 2845 2965 3455 6676 6795 2765 9207 3260 1117 8677 3020 5695 2278 7541 6833 8500 5908 2757 2919 8669 4897 5259 4841 9015 7544 4036 6567 1344 5310 721 5618 6202 6921 5572 3746 7783 6571 5783 8904 2697 4735 3766 847 9930 
7561 732 8374 1131 3265 2683 1529 1725 9237 3376 7922 4394 3260 2794 1843 5267 5603 6875 1485 905 6325 9712 3725 9459 7058 9089 520 1753 4219 7214 5974 6436 8497 8363 8756 8440 8215 2779 5475 5219 1746 7402 1374 9190 4056 1828 6131 7746 9165 3889 3692 2621 5658 9969 4017 2266 4027 6639 2464 7608 1490 5965 3718 9041 9699 8081 4154 4455 905 5326 1171 1363 6593 4055 6972 4570 6565 5380 5348 3608 4358 7789 9764 9614 9149 3797 3081 9800 590 8691 152 4279 2838 1756 8847 1324 5749 1237 502 6010 
2398 106 3198 8561 4518 9464 4893 7406 8679 1120 7583 6149 9788 4168 1757 7599 1106 9455 1853 4758 7339 6177 4210 2739 1470 9524 4965 9087 8409 492 8290 2051 142 6484 7305 1255 2900 1484 852 2729 7939 316 2934 3464 6504 9958 1229 5147 222 2681 458 3142 4787 8397 5685 3525 1006 8537 1264 6707 2150 7816 4560 6293 3071 6912 6845 4739 7278 4572 318 6552 8119 4994 7278 6943 1500 8093 261 9702 1348 2976 8524 7343 7849 512 8303 6288 251 1655 7635 5732 2541 1686 9224 6090 9120 4155 5636 8559 
112 1614 6721 9892 3172 4393 3189 5271 3194 313 5643 792 9753 5950 5225 5220 6101 8063 1006 6413 1488 9559 2422 5242 5396 9056 3194 1262 2518 9840 4918 3112 4293 4728 7589 8844 70 926 7399 2505 7554 8340 8354 4390 1357 7005 6422 849 8436 8420 435 6029 4098 9198 1471 74 9261 2523 4820 7787 4468 4491 6852 7204 2940 4272 3521 2377 8913 1525 224 6211 2268 7173 1717 492 5007 7483 6331 7014 4908 3952 9578 869 2171 6476 4867 621 3190 5789 9715 1002 714 8290 1472 3839 1566 2847 6296 7708 
384 4627 7839 9777 8873 8706 1534 8306 4004 7000 3737 7539 5378 3622 3590 3181 1920 21 8637 8993 7325 6119 4138 9707 5747 1050 4936 4097 1698 1923 4697 7473 7915 7624 8166 739 1688 9653 1365 4552 7171 2359 1288 1688 2324 5837 2165 5573 5327 4776 7184 9355 3024 3570 195 7575 8276 5521 5801 2148 2301 5770 1649 1629 6666 8581 2698 6773 9621 3618 5919 8245 2820 4470 4375 2451 1041 7793 5930 7842 4615 7967 6856 5807 1818 6245 7917 7144 5871 2712 8141 5660 5136 7533 3200 8389 1279 434 8773 3893 
4752 2111 7138 85 9864 5209 9537 8787 8621 3367 294 7805 5046 7561 3043 8350 6440 2581 5257 4976 8373 7556 4925 7707 3232 6322 6856 9498 9637 6321 5646 1935 604 6933 9824 565 3593 4818 932 3192 9922 8279 415 208 798 8631 9401 5857 4139 2036 6557 8617 8498 836 428 5415 2057 4897 9494 2522 7235 4044 4729 4374 3473 3704 7695 6936 1788 7218 2516 5362 250 4990 4710 6171 3384 2164 2482 2854 5173 889 1951 1624 3469 385 1565 6335 1794 3386 8355 7407 4833 7 9482 3470 2840 990 342 2589 
5968 2425 9109 5820 1464 4422 8461 8076 4136 228 6482 6986 1792 9925 8073 6509 704 4536 7695 5623 2349 1204 7864 1047 9111 1453 3332 3672 5785 6598 6267 8829 3909 899 289 3056 6681 5300 8497 9820 2383 9704 4274 5364 1272 174 179 8478 2486 9112 3071 9394 6691 866 4770 6966 134 3298 392 8245 7684 4870 1484 8279 2135 2484 135 4542 4676 1316 2687 428 1999 7022 6094 5011 5136 178 5091 2123 4679 4043 4486 2828 5054 5686 1209 79 1110 9325 8833 4953 6656 2889 1667 2258 7296 2456 5463 2537 
6712 7949 7497 6893 8162 4378 5229 9200 1272 1992 9135 1761 8285 1722 1252 315 5562 6277 2093 5261 8574 3551 9996 7289 9590 1172 9000 2823 8025 6112 7974 4134 9708 561 8426 4082 4880 6809 741 5680 7281 1634 4238 6542 9371 3421 9379 1930 380 8522 7540 1372 7095 2883 4289 9238 95 2832 1004 9346 4602 2182 9656 4351 5518 5090 2997 7143 5027 7642 7355 7595 6171 1472 6531 5355 1785 5649 2404 8614 8406 7108 9043 3570 7096 6526 1439 2254 9751 1569 6030 2701 1037 4765 1559 1361 6642 5568 572 4237 
7289 794 9452 7700 3671 1887 2522 4716 329 1803 8341 1308 2102 8857 6499 2703 1750 665 4837 6775 838 8221 9200 5877 8944 2778 9957 5105 5763 7292 935 2533 1658 7497 1750 8459 5588 2628 4850 3649 1341 5653 5060 9293 7407 5786 598 9768 4195 9273 9188 4836 2994 2842 3236 249 1778 9688 4543 887 663 1607 2672 6939 3505 3016 7933 1220 6032 9982 3880 6172 7193 8769 2246 5318 7301 9107 5203 2114 6104 5529 7187 5208 7625 1109 3265 46 2031 4843 7551 4800 5082 3629 1090 6907 6824 2247 8510 3372 
7845 3500 3450 5049 8360 5253 1952 9875 3789 8025 9881 7627 6032 2475 4562 3275 1603 6394 7999 408 5439 9764 1332 4141 8498 7100 8409 7159 7616 6149 9446 4219 8485 6553 1368 9657 1789 8292 1302 7826 6262 9892 2162 7471 2115 4873 9880 9432 3736 8690 3484 8874 3459 7945 3878 4523 4191 5211 1383 8669 1412 6121 9771 9569 5683 4427 3177 7028 6663 8473 4594 7979 9557 5478 6348 4890 8209 5615 5429 4715 3072 7908 1706 5878 7580 9585 1408 4097 8951 8883 6231 9978 8037 2106 9852 46 2493 4404 9685 2808 
9448 5922 6745 8258 7827 6449 9877 782 7995 2984 3806 1139 7985 1809 2448 6065 3571 9513 2166 4126 599 809 7611 5922 5115 5283 5456 3469 3114 3482 1701 9735 3237 1446 6492 2467 535 1481 782 3461 7325 2039 9493 5893 228 9901 2684 3453 883 3231 695 5181 9088 7393 7078 7620 9808 5071 4159 2779 3859 224 1872 9470 27 4069 6017 6953 5458 6321 8193 5500 4873 4151 3146 6753 7989 3321 938 4342 7460 7395 4988 587 3473 9890 5737 4560 3498 5996 7490 598 3588 6768 3747 3475 2182 4272 4632 2430 
9262 2166 7876 7603 600 9222 9276 9321 9478 3935 1369 7326 2456 6432 765 4735 3121 1106 9297 4242 2641 1130 729 7419 5412 8008 6443 6536 5258 1478 1306 4493 4992 7100 3416 7442 2068 2676 5438 3585 213 6334 9206 2376 9936 6147 2877 4296 5765 8135 4902 9158 3679 40 6124 9709 845 1653 9689 5481 8213 8945 8227 1584 7272 7908 7598 3399 7738 9540 2668 6084 7942 892 6615 4394 4141 2052 9260 1086 1746 5381 7497 5691 1875 6957 7728 4600 3717 4127 9629 5548 5439 5508 1104 5023 849 3056 8836 3897 
1465 2462 70 4099 1847 8577 1007 6984 6656 326 8304 8848 5012 5039 6630 6211 1178 8608 871 7730 8027 9639 1326 425 5114 6917 1877 5858 8316 7894 948 7186 3192 3175 5345 5814 7239 745 6803 6174 2773 1295 3135 3592 9375 5557 7544 2639 6435 9283 6174 2023 4489 8895 6722 2569 7562 6789 9971 8453 6157 546 7695 753 2778 7606 5202 5379 7376 7222 6745 3385 1269 2582 6546 5256 402 8770 3718 6762 205 7582 1940 3281 8493 991 9792 8520 1052 1493 5629 141 3810 6268 1867 4174 9285 7973 9295 3057 