8070 5497 5799 3994 2338 8754 6994 4812 859 4407 9359 232 7124 7362 5681 4493 5546 2845 1897 3343 5966 5358 949 5687 9527 6169 46 9968 6157 2260 1267 4519 7093 4039 151 1964 2289 974 5307 2267 311 9631 3874 7048 38 1519 2780 8595 3917 1865 525 6635 2987 4296 640 4242 1688 1955 900 9746 3286 8976 7391 8691 3327 5763 5944 9725 4221 8106 9537 4440 3947 7166 1399 6407 3499 8876 6936 397 5744 4763 5577 8446 575 6416 7447 620 6159 558 7901 4179 1205 4966 5178 6370 1373 5029 6602 1966 
3664 2346 5150 8428 2976 3130 4005 838 1576 7254 5375 1553 7179 6451 7904 3353 8319 5452 9246 6045 482 6161 2647 6177 4993 302 4963 5118 7448 7687 8628 2794 7159 6577 1151 1825 4140 6044 9639 4557 1134 3889 9395 8898 2175 8587 7200 6086 2225 8407 3651 6440 3045 2085 4320 8864 8653 6620 2576 8986 5283 3372 8027 9319 4185 1177 1324 2927 1729 4377 4310 8405 3540 9349 1650 1949 5827 9242 1452 8647 5185 3963 5479 6194 389 519 3228 3981 3843 3964 9618 3945 6963 5526 2798 2812 384 3866 7300 3485 
4316 7632 6205 156 6274 4439 4033 4579 2501 2353 8529 3232 6909 4864 7092 3263 8312 9277 8053 5611 2121 3987 9286 8437 5575 5279 3175 9936 6637 2209 1483 1222 6976 719 8898 718 7856 4010 4279 1440 8433 3633 9980 1056 2482 9827 46 2870 2709 4080 6845 7985 5388 8988 420 6442 6789 8883 6338 9811 1142 4557 5121 822 2267 8697 5417 3981 281 5554 6824 4856 6203 3952 6039 9047 2971 7447 5995 8097 117 2584 5193 1856 4962 8959 5207 5074 9111 2738 1157 9665 5045 6156 6788 4949 1607 4014 3831 2583 
3350 6891 3795 8382 336 7426 7940 7454 7252 5681 7181 6590 1949 2141 9368 5728 3149 5072 911 9001 8193 6688 891 7021 1683 4061 4326 9642 3357 1597 4633 5728 4152 802 3464 5894 4698 1523 9993 4246 9968 159 9632 3203 6998 5541 7804 637 9425 6620 8513 9577 2501 8496 5015 8094 7775 6594 4698 2898 1843 7229 9084 6279 3513 8544 7074 1411 3947 3471 7640 2061 2708 2134 6786 482 5842 3971 7796 7537 5337 8034 3705 4896 7433 4109 5914 6825 750 5856 9302 7917 2346 2477 6195 7433 4416 4139 2536 3774 
1527 3354 9172 8301 5298 6859 999 2455 1591 1042 744 829 9228 9307 4492 7149 8123 3177 98 4395 8499 2048 543 9771 5658 5524 5811 3726 1588 5214 3099 8279 8590 5659 7405 9458 9538 7484 688 334 9338 72 2915 8446 537 9730 3227 5572 4679 4007 5308 9458 8411 4648 7735 4065 9026 727 5442 2229 5401 2816 888 4347 4132 6143 3524 3346 8306 4099 766 1418 4772 669 8160 8689 3454 1136 2136 1555 1827 7951 5176 3239 3197 2624 797 6808 5400 4996 8946 1654 2240 2111 4812 6220 5994 4035 9593 9409 
8820 813 3522 9651 5458 9993 1452 7053 1089 2035 8677 8338 7132 83 3118 7617 6181 7694 8660 8005 2611 3606 3365 5621 418 9957 7547 7702 7180 7721 7048 9742 7609 3999 8027 6124 9714 601 8533 503 6910 9429 3862 3670 9473 3857 4618 1473 5938 6561 7867 9517 8349 2087 4296 5772 870 7203 9315 9014 1422 9813 1599 9820 8013 810 7603 3280 3218 8733 7747 1543 9346 4380 370 4815 1709 5151 8545 7560 7378 8099 4088 7530 5819 7490 9052 1996 879 7489 8256 1548 9833 4013 1829 7377 6468 5267 8648 3005 
905 2120 9712 5795 8933 3725 8724 9459 7058 7372 9089 6169 520 1753 4219 7214 8136 4090 9179 6377 2299 8363 8756 5720 3969 5475 4564 7740 8618 9190 5364 3189 7155 5034 754 9804 5595 4272 571 4137 5840 9869 1559 2549 5129 9159 624 6678 8959 6724 6755 8214 2220 7731 2632 7846 3808 5106 9598 5065 9374 4144 4364 8710 1345 5033 6298 5097 9560 7730 4780 7026 8733 8332 4058 7314 6433 9995 9556 8874 4385 4700 8579 9953 6210 5916 1086 4220 2397 9481 8046 8377 2273 2815 4632 242 3031 8829 1994 1376 
7579 8054 6031 843 1422 4836 2677 5430 1310 2329 862 7131 7492 9802 9929 2446 8136 1571 8556 6274 2640 3988 9285 6750 5442 1865 522 6294 4095 8961 2622 2498 1628 3034 5161 7814 4138 1272 5495 2272 3819 4063 9269 3031 1963 1348 8434 2558 8524 8108 6288 251 1655 7635 6900 1686 9224 2263 5424 4768 4728 8206 2583 6770 7219 4468 6190 3420 8647 1032 1619 8518 5094 2231 4774 8845 2119 3180 794 7035 86 1705 4717 319 6771 2683 2455 4693 5627 2978 4217 9889 1504 9757 8494 2390 7629 3280 3069 4157 
1077 9750 7299 8897 2328 8406 7126 4821 9938 7411 6438 6101 8515 6593 1717 1669 3805 8232 4098 8733 3201 7699 1191 9886 8538 8897 3390 26 6793 7368 4257 2906 8862 7468 5997 8187 8783 8450 8954 2588 5969 7328 6839 317 2372 5686 7358 3750 7047 318 3319 2661 467 9532 4942 3754 2043 7215 5217 667 9541 1852 367 1450 4033 725 2768 2589 1266 2586 5271 8315 1355 9574 4824 964 8550 4820 9841 2773 6344 4519 8761 5990 5853 4940 6856 9607 1007 2157 6185 7108 2045 9272 8033 2616 4501 514 7215 7487 
1852 595 7770 6470 1929 2070 1514 4585 5180 2488 7179 3189 7895 3110 9862 6122 4542 9383 4330 8474 3654 4432 3317 2858 5858 7838 4361 4526 3129 7964 3018 5725 2332 4796 7175 70 6047 3044 3420 8756 5430 1702 5681 6315 3112 8549 2313 9287 1490 5169 3127 3872 724 7706 4658 5159 8664 8721 7697 7711 824 2215 9708 6530 1055 2145 1394 6425 8443 392 24 6584 6901 8195 4384 5393 9417 9425 778 4031 2105 118 8930 7341 3158 4942 7542 2067 5092 3497 4222 8714 8761 4922 75 9592 6214 9917 9134 2721 
3295 307 6000 1968 8549 2313 9287 1490 5169 6234 5353 3427 2496 2074 5916 4878 6317 5022 2444 8374 5972 1210 6242 8238 4194 4640 4400 2000 7157 780 1370 3921 9651 3001 7939 1207 162 6532 8259 9016 431 2811 9419 4643 8616 5294 1384 8787 2593 5600 5035 2843 8815 9824 272 2217 5545 7601 503 6791 3746 285 5592 4407 5980 4232 2801 3697 8116 1259 3469 9565 5100 5228 4518 8456 6127 8428 6535 4108 5006 4431 4399 7515 6511 463 7282 5242 5738 6680 3890 8826 6412 944 346 6903 4420 8595 5829 5425 
3750 6015 3841 4405 3897 7613 8318 5477 8054 4494 7341 1803 9305 5657 7001 5845 4375 7788 7289 8566 5327 369 1363 1367 8453 2144 6184 8381 4758 6170 4138 1424 2651 7456 9601 585 3803 8945 7421 1920 8438 284 4194 8759 2784 5045 8445 5921 6919 3410 3361 3316 2903 3661 3059 7108 5136 9060 2456 1306 7647 6750 1645 9639 3774 4548 6481 7585 4091 4148 6604 8254 6356 4795 3023 4388 9690 9231 2927 9217 1763 732 9690 5484 5211 4929 4316 3595 1390 3280 8419 5514 7853 7260 1100 1680 7056 9857 4848 5273 
7846 4284 7083 9093 9196 3983 1310 4993 7585 1574 3069 4157 1314 677 8200 4029 3814 8054 7239 5095 2225 3338 3830 961 3896 2564 4593 5610 7614 4796 5253 9402 1395 4109 8788 4826 2933 6389 504 6587 2457 6805 6968 7299 3944 7862 94 7569 9270 6809 8165 3727 1232 9880 7949 5916 9032 3952 5553 9930 1965 5736 8013 3620 5477 1570 4056 2377 5716 953 2028 755 2928 6838 1161 5989 4003 1430 7061 3640 5636 3397 595 7703 3128 345 9254 7268 4301 8760 9301 6572 9279 4687 5097 8716 7338 608 4437 3479 
2078 4132 7190 8338 2269 4112 7802 41 6591 5021 2822 3277 8048 6669 9357 3427 9544 9287 847 3427 6147 4906 3060 7146 8181 3815 5793 3637 4269 3549 6473 1516 5372 6398 7384 4863 8539 5621 6474 3052 3517 41 6266 1448 8390 7329 7089 3088 357 6202 9587 2509 8999 5563 976 2470 3901 9208 5148 5565 367 1366 3293 2570 7592 5848 8843 3863 3797 3583 9701 4670 2140 8943 7939 564 4855 8978 8954 4606 4257 6678 4927 8613 5654 2167 3039 3010 765 7443 4230 4569 4958 1549 2070 5109 4209 8363 9677 7501 
6651 4211 6284 6877 3277 300 7403 2599 9095 1988 8316 3699 4428 8301 1944 4152 7493 1976 7208 8712 760 1375 5168 7159 2909 3577 8058 1987 897 63 9313 3740 6212 6990 4046 4369 5442 6632 6163 326 6590 5537 8832 4715 2746 6224 4594 9119 3139 9003 5148 5565 4609 3985 3009 2077 1256 9644 9563 4425 4690 681 6486 8017 1239 3915 5208 184 6174 3188 2697 813 6212 4868 746 1901 8268 4824 3901 437 3850 3626 4634 5601 5493 115 5571 1562 2514 241 1978 9086 6414 9138 6253 3398 3047 8693 294 729 
6684 6525 371 2413 2855 3145 1154 3356 5491 7368 9615 4218 8858 1658 9503 8594 6270 1289 9268 464 7392 3956 4307 4000 2377 4298 3287 7685 4501 3317 3359 7117 8663 4119 7705 2815 1251 3278 7676 8040 3896 2340 5893 7999 8333 5427 3379 8685 9765 9620 960 5635 9532 3043 2374 6726 8500 3928 8147 9177 893 6262 5227 863 5399 4794 8628 5987 9070 1995 5322 2983 8405 2661 2908 5381 4007 2163 5278 2971 8339 2619 8314 4844 7727 8583 620 9840 7654 5299 8793 3697 3401 930 2730 6284 802 5402 7803 3555 
4478 2409 8670 6669 6170 5732 5728 3723 4627 719 8286 167 8492 3025 6098 3989 2777 5525 6593 1717 6898 9765 5144 256 8335 4094 8898 2242 3821 1896 1456 2633 8658 451 8718 5477 1421 721 3833 7621 5992 7577 5929 2022 6875 6129 6817 3083 660 4675 1310 909 5661 9888 1863 5812 9191 229 7387 1605 5977 332 138 2581 1824 8610 5191 7442 9047 1670 7861 2671 3933 5424 1041 1080 6317 5875 1182 6530 1055 2145 1394 8443 24 6584 4814 6901 8195 4682 9425 1473 4251 2105 2348 7152 118 4993 7341 4942 
7243 9654 5700 5743 6390 5816 7621 7935 3953 3155 8785 607 1249 3350 2318 3864 434 1041 382 1345 6588 7203 5465 6665 8531 7377 1821 9744 1056 6108 7398 1744 3562 7440 3522 8405 856 2450 7164 618 1825 8026 7933 2210 6068 6653 699 3224 8360 7163 482 7391 4958 2764 5761 5433 7791 4209 8977 2750 6093 25 3611 7539 1692 9762 6373 6534 8932 6724 4292 9536 355 5376 1332 1820 8388 6750 9939 9457 8817 1388 8831 7180 8307 6418 6909 8729 5749 8647 7464 8079 2798 308 3557 6169 2768 4469 9935 9570 
4722 5286 1707 6109 9680 632 1667 5666 3026 8372 985 2163 6428 7827 5250 8 8665 8977 8014 7719 2509 8316 1342 1396 8290 2207 3764 961 9211 2981 1400 9741 200 3899 4680 7470 4527 5107 6979 9094 6617 6407 5887 4565 1180 4252 5801 8107 2509 2754 803 1346 8751 2375 3524 429 6732 1992 883 6435 1266 194 6326 3752 2096 1573 4243 6446 8146 571 3950 2739 4639 9626 713 8590 9657 8067 5346 4627 6785 2968 1772 2739 2070 5794 3104 969 6422 3737 522 2384 9117 550 6887 6745 6537 231 7549 5889 
9333 1263 4411 8747 9460 8073 307 5624 3303 699 6592 558 8788 3546 2043 1857 4738 5204 3677 4308 7811 8409 4428 8895 973 9970 9309 89 1269 1279 919 1659 2743 3585 7608 3937 6845 3696 4710 8124 5852 4981 6795 625 3951 8978 9573 6795 9650 1024 7159 2858 8495 8767 8827 6294 1004 7204 252 7232 3317 7578 2170 154 879 6645 3972 3524 3504 6973 9098 2564 5317 7445 2608 7763 8755 8469 9347 3303 7300 385 1006 3917 308 5926 7640 7270 3375 7673 3869 2915 9399 9537 4733 4494 1819 5062 2559 1307 
5053 4920 2810 1279 5638 3894 4652 2780 1192 5644 4189 988 1145 5457 14 4569 9228 7685 5725 6702 9128 3564 8058 7152 5822 6882 2808 9575 4347 7074 5923 9247 9500 1381 9508 8986 4236 2578 4845 784 3898 9682 5793 4572 3403 543 4292 1481 9933 1062 6787 6612 474 3193 8945 2521 2308 7759 8991 9761 3193 685 7837 2248 7853 5920 7164 4156 9317 3429 9083 7759 5725 2818 721 5143 845 3869 4241 5469 34 9903 8103 2721 3936 946 2712 8691 7855 5888 5020 5045 2031 4185 5736 8422 8531 7790 6297 5345 
3316 5447 875 1855 2302 9283 5853 8054 9178 867 1904 7184 3828 1470 1063 6315 4708 3811 3257 5542 3577 5863 1207 2054 679 7844 2500 3525 1006 8537 1264 6707 2150 7816 8055 8125 2066 1382 9998 1190 3365 1551 6185 279 854 664 7212 2257 5337 7337 6713 2664 8030 4269 1395 8858 3705 4701 7433 9532 4109 7022 472 2958 9373 295 6092 3904 9518 4525 1869 7552 9735 7609 510 9683 5108 7987 626 7704 622 8843 3863 4288 3583 5491 5663 5497 250 2194 4395 2468 4697 7664 2434 8886 691 2699 6931 4378 
773 9729 8264 5952 6793 2743 9687 8074 3632 7141 8160 9373 8086 1892 5614 7178 4566 3223 141 8527 7989 2763 5778 2179 3855 6400 4608 8224 5880 8144 6263 1348 8431 1867 3010 8487 3863 7067 5803 7388 4755 4999 1392 7547 8745 2665 1195 3997 1289 5862 4542 5383 2 548 1625 2497 8936 394 7874 158 5653 4326 4146 6828 1254 7817 6755 2 7731 6727 2247 6524 3020 222 5055 9730 1891 6664 6852 7251 8353 8595 3858 4626 9644 4860 8648 3904 1397 1627 8687 6267 2232 1463 9084 2576 7680 8269 380 1833 
9813 5268 1591 7905 542 2690 1619 5259 3134 8365 6768 946 4111 5995 7590 6797 4334 8990 9785 475 3826 4441 9320 9582 3680 6379 4201 8763 8711 3413 1108 7929 4167 4295 7492 1683 1139 3277 8845 2264 1665 1185 4386 1185 2523 1829 8663 1124 5965 6605 8075 3930 6251 4963 8352 5390 6509 8349 3194 432 6727 4121 7603 5936 9096 1364 6427 7600 576 2355 5207 6609 7340 7332 7120 4472 6799 6346 9866 6432 3938 2185 2332 557 9266 1534 8775 8453 3617 2133 4123 6456 3612 3865 9723 8162 3733 7102 5498 9796 
1482 4896 4338 3162 8990 3843 4942 9563 8434 3069 5016 9217 9637 2395 6276 6472 6035 2713 6405 7530 2188 1318 4734 9647 2595 6470 8107 2375 3965 1130 3390 5891 5673 738 2123 9969 2724 6763 2596 4770 27 2657 6991 2228 8062 5556 678 1651 2162 8647 6865 4355 6870 3358 6929 3549 6441 3354 8166 3279 6786 7047 27 2395 257 2519 3457 4597 379 689 3196 526 709 9342 6697 9304 177 3745 3223 3202 263 5610 2648 4257 9646 4870 3207 4072 7438 4219 3774 6728 2729 6668 9616 9909 1563 8237 1173 6930 
6868 9167 7070 6716 6224 7172 4289 550 7348 5585 171 358 6750 7652 872 8796 7444 1575 929 119 3633 4934 5115 6879 3630 3662 1924 5430 135 779 538 4467 7785 859 9071 8073 6011 7187 5463 8598 3170 4273 3006 9706 5201 5057 6776 3818 2180 1368 9637 8417 2567 1386 3969 9032 2612 4679 4962 3163 6180 1662 1608 1908 3528 1375 9220 4197 1038 9102 8678 7111 8493 6328 4252 1933 7963 4410 5416 7132 6489 6590 5097 6556 5197 2461 9871 7934 1130 330 1652 2791 2608 1948 3438 7345 2940 3142 5577 5365 
9561 7678 2613 6555 8745 6334 141 1722 1435 641 4671 8982 3802 9463 3351 8448 3980 2325 56 2724 6176 110 2962 9599 9318 2994 4103 9747 7041 8424 4317 8480 6138 7043 904 5909 888 6558 8554 5564 3968 7322 3526 3363 7763 1893 9259 5580 7228 4008 3499 1093 3220 8479 1662 7025 6268 4151 8124 6725 4115 8157 6312 4602 2237 8359 1105 461 6547 5094 923 8211 2319 8678 3381 2539 1260 6739 1221 3430 7631 4514 6730 755 9022 2037 3655 468 4578 8121 4734 9141 3406 7923 6710 3758 9031 4316 8300 832 
7950 3876 2936 3404 5136 9308 2829 5952 8742 6340 2310 6238 5884 7964 7578 9169 3380 9168 3838 360 261 4141 6967 6013 6360 6247 3948 5061 4831 6398 8052 5013 5958 982 5727 7942 285 2879 5602 1071 5165 4691 573 9582 2754 6766 4966 2801 1548 2456 9777 8744 4169 1901 8654 6193 3591 5604 3070 1404 9847 9772 3931 1175 5473 2245 7022 8590 7998 7152 9590 2253 715 9357 7693 5419 1471 9596 2693 4144 2749 792 6661 706 6750 6989 9562 302 7933 8931 6767 3013 1207 6070 4774 756 8731 5154 2783 4531 
3742 2857 7319 4351 8176 1810 6853 7049 4505 172 3033 6962 1730 7379 5576 3099 3974 9618 1788 1599 6842 922 3203 323 5402 9521 6318 293 1742 3366 9500 9175 31 8795 3227 6697 4904 4239 622 2106 9261 5959 8529 2029 7821 508 7339 4172 4510 1484 7881 7586 1599 2001 4227 6059 3434 5324 6233 8463 3008 6252 91 7888 131 2881 6371 5964 8435 4983 7404 4354 3822 5603 8858 4567 2686 3800 9503 5468 5007 7466 6331 7079 7793 6490 2429 7291 8345 3952 8764 8652 4540 8597 7028 2171 3333 3190 5789 2092 
8290 4905 6476 6562 9621 1926 5700 6260 439 5226 6961 9596 2790 8364 5986 895 1550 164 5578 3373 2570 1148 8995 533 5945 4031 1592 6252 384 9430 8885 5809 3850 8949 6137 9464 7811 5799 345 5149 7009 7212 4826 9005 7270 4129 5549 1096 9565 8033 1639 8881 4002 7839 8149 2517 4310 4953 6197 5936 2067 7941 2086 4498 2095 2750 379 9947 2368 6711 2261 7423 9096 1638 6878 7953 6251 6080 4184 5241 5966 2190 6849 9912 7203 9241 947 5012 7454 9516 7359 1878 1021 7234 7031 2946 465 8950 776 292 
9844 866 544 6570 6774 8490 7906 8595 1340 8185 7497 1491 3918 8263 6281 5331 1425 7202 8865 8140 5788 7940 5783 9886 3411 6902 4403 8192 4479 3211 1523 6648 888 4174 3698 8178 7429 6421 6992 6551 7055 4089 4296 3320 5902 6430 727 9105 9717 4074 5711 6426 3121 64 3275 3965 1036 81 3818 928 6634 708 2187 9782 8886 2560 8359 4266 9467 1523 1693 8973 2115 8158 1948 8783 2887 1293 6448 9361 6371 4983 7404 4218 1082 5226 4567 1020 3807 9692 3591 2431 2601 4418 8506 8390 3828 1470 6909 284 
5148 2066 1382 9998 8236 1551 8909 2162 5337 207 1395 8858 7433 1076 885 8327 5353 3731 5565 7871 6127 7823 8785 5855 4636 3309 1909 9624 2512 5989 6520 389 7032 4963 3637 3956 2994 8393 7303 3024 5004 8945 5865 7153 9805 7261 3556 2660 617 3353 8650 5975 7573 6397 2327 5947 7451 5205 1170 7292 5821 4558 2439 7371 248 5916 1982 4282 2219 3114 6397 6133 4413 26 4014 987 6067 3288 4058 2942 8466 551 7303 7388 5791 283 8452 2599 421 1955 4596 3786 2385 5697 7648 568 5781 4382 9637 7148 
3160 3751 778 7658 8086 7484 702 8214 3546 4114 3175 7518 7726 886 4879 2538 7497 441 4556 5756 3651 6637 721 3358 6818 7881 7095 5419 8355 7526 375 6109 4584 7220 136 9733 9981 656 6561 3108 6285 1546 4431 1161 5118 1799 7644 8732 7751 3042 2899 5225 231 6106 6666 6898 4302 3342 1781 3485 2752 6760 794 8005 6763 2869 1609 9012 7616 230 2017 1854 1953 8703 9472 270 3829 3445 1305 2582 5139 2802 8155 233 3196 4021 7602 371 1061 2923 6345 6245 8108 192 9643 2187 4828 8603 2131 2771 
9060 8464 3364 4545 6884 8584 6043 5561 2084 2087 9965 2257 3826 2814 2157 5950 7967 5303 2537 3779 9075 9905 8076 1582 7277 4254 2616 2740 9411 4223 6690 5460 9758 6211 7371 9094 3984 1401 6246 5014 6478 768 4362 3952 8142 9091 5814 3371 3354 8665 169 9293 7738 4310 7983 899 2034 3065 3142 7995 4851 6868 3930 1805 7907 2726 5903 4083 1761 4051 1512 9348 4977 2777 4256 4660 229 5123 3419 2276 2896 5373 6801 7808 7685 3359 379 4540 6913 7220 3209 6813 7192 2707 6649 2952 2143 4223 7198 455 
6885 9403 2699 528 8047 8257 1279 7313 5311 3516 9665 1469 9726 4372 2945 5651 603 8620 8488 1685 1500 5323 4200 3688 4850 3768 634 7231 1018 4093 3016 546 1147 3293 7113 1664 2580 7612 9511 7861 191 6447 4387 9888 2100 2750 4678 505 792 834 8157 3716 9675 6920 9058 9497 473 31 6252 8649 463 9479 3089 2268 2658 4307 670 2629 978 2076 5931 1518 3780 9069 6438 923 7543 7312 2454 1361 7598 4017 6221 7368 6152 6020 3160 9364 7222 6325 3744 687 2170 2774 1568 8464 297 5040 2142 7182 
9352 4169 3693 5166 6563 2555 3172 542 2238 9157 2443 5433 5830 9613 5828 6461 661 3576 4119 9628 9129 1215 8251 5776 4688 1701 5748 5377 4224 4409 5101 561 1012 193 7578 9650 6929 2339 662 9213 1310 6960 7917 2805 6547 2983 9606 2426 2420 8360 8885 1913 6005 7775 609 3184 3123 3203 8371 8457 9279 1570 7591 5704 8277 8497 2742 8493 1616 1174 7472 4174 7276 5780 3768 8866 5116 8182 8478 3353 4342 4441 8276 5864 7452 4705 4178 6336 6348 7984 8319 1966 1321 3913 7411 106 6646 515 2184 7032 
2677 473 4834 7884 5075 5090 1503 231 1245 1363 7172 1711 8243 4333 8283 6524 1684 5788 2593 4305 9506 5732 9521 1025 5375 640 7914 5342 9115 4515 6599 3991 8064 5267 2952 3565 7355 423 1885 9416 9319 4282 3148 7697 4917 8760 2703 6925 6649 1840 9594 3846 4712 2563 3599 9413 1974 4975 1677 6764 1256 4930 6525 9834 5902 7148 530 1458 5917 9514 7546 7808 3101 6542 7117 7643 2308 4556 1512 1677 5578 8163 2121 3391 42 3246 5641 7185 6877 7319 3997 5853 7536 3094 3802 2435 1444 7272 4732 2170 
1136 8936 9537 785 1261 5630 6802 4597 2739 4998 7168 568 3155 59 7433 4034 4587 243 4170 7680 9790 2816 3435 5464 3937 5403 7559 8753 1915 7253 2819 3821 4887 8000 1812 6455 6064 4538 8790 2329 5637 8000 3678 2902 3479 7878 9375 8862 9625 6346 4361 3750 2683 4409 7502 3841 7613 8318 4029 5591 8054 9630 4494 4108 9305 3710 198 7882 4750 8830 3612 1307 1609 2384 8566 5327 1367 6089 4150 5252 6184 2507 6170 6065 4091 5747 8443 9856 875 9134 9338 1151 9973 9323 7468 9955 9507 9210 3375 2715 
8360 6935 5827 1328 5793 9196 6622 3492 7478 253 5444 1429 4515 3111 6814 6858 8435 2202 6222 8258 3784 7994 6216 8505 577 2801 6144 6550 2726 3241 7948 1541 3084 517 5673 457 1610 6345 2441 5425 7183 2385 9192 6552 4671 3594 4107 5751 7776 3142 8464 2811 3036 7019 4707 2526 7086 2654 1052 8060 3431 2068 4600 1069 7377 4926 1646 1033 5979 2997 1217 8928 6077 247 1073 1925 8361 7809 7120 1163 8325 9004 1145 2218 1878 9026 7804 2981 7143 5510 6944 7670 250 5201 6206 5106 2563 6677 1713 6209 
4913 1693 5464 108 6636 3164 2803 7160 7811 9097 2512 3185 7530 5354 1804 8813 390 9585 7221 5187 785 5378 6189 2938 5298 9871 5781 640 5311 4987 8312 4887 9944 2873 4125 895 2661 5066 1968 1419 7244 9510 4883 1126 793 1842 2149 6060 7514 905 8001 8944 3172 8660 7033 4576 3695 2320 3992 7387 6992 1605 340 6931 9471 489 9494 4067 1716 5316 9301 4834 2348 3478 1304 6581 692 8280 5406 8941 2713 3672 4305 910 2142 7102 9433 3452 4862 5655 9920 7445 2691 403 4178 5869 1137 6752 261 5416 
3494 1276 4493 6698 4974 7449 4069 7572 1637 3727 5963 9805 7433 3785 1955 7347 266 8025 1208 8115 3856 280 1299 111 2681 4158 7014 2267 657 3142 4787 5010 3420 3930 7882 7730 7770 9099 2290 826 7792 3244 8666 5599 8300 4959 2969 665 7024 6556 5122 2300 8156 130 7427 2194 4395 286 4083 7684 6092 474 4525 9735 7609 510 8417 2559 8979 5515 8075 8674 3711 6310 8006 9858 274 520 2989 9746 2104 5634 4824 21 2636 822 234 1685 6821 7371 4823 8894 5842 5572 3271 6211 3398 6076 8707 6565 
9129 5365 2488 5497 191 4346 9071 6808 7649 1575 8614 8251 5148 6567 4047 5570 9477 3455 3692 3817 2759 1713 4329 69 5523 5111 7061 6756 688 9331 1490 823 5775 1391 6960 2701 6300 1233 6916 9746 50 1028 6428 513 6007 2007 8630 9892 1646 8540 5269 403 8357 388 4998 1813 2920 6427 1846 5038 7726 2435 3469 9087 6186 9162 5623 9674 9529 7396 8454 9956 6082 5803 2000 5265 9537 705 2529 1691 7673 2047 513 6169 2538 4178 9566 4523 2068 5087 1569 8868 4848 6483 9256 5084 1603 5873 8413 1965 
787 6800 9181 8049 371 7820 2271 9803 8216 603 8756 5377 8463 6545 5492 6137 6094 696 251 6192 3982 7047 8821 3379 9473 2385 8999 6929 9783 4 4751 4061 254 2956 3607 4477 2053 3991 8129 4529 5179 52 8005 2679 6131 7737 569 9978 7052 3577 6853 164 8510 994 8731 9331 7180 3155 4302 9807 6660 7917 2780 8469 9161 8668 9806 4453 8206 7289 2278 2729 9055 4825 5915 817 5200 2441 8680 2142 2193 3280 6004 5003 6009 2956 5923 6283 1967 9406 8020 4317 794 9782 9973 5582 7327 8515 9985 2668 
257 5257 9843 3628 6792 854 5517 4101 6469 6136 3281 2811 9819 2961 8510 3320 1889 3948 8050 4478 5181 4367 2729 6782 6948 1064 5860 3869 5276 9274 3832 1541 8069 9430 1502 590 7388 5881 8014 2956 4283 9326 6414 2503 5473 7229 9303 650 8779 9536 3812 2253 7469 3606 3551 9326 4073 8365 3199 867 1589 7305 311 9229 7166 8034 9419 6192 4472 1171 805 2244 4497 8180 6287 1577 1298 6841 9513 4400 6042 8714 4892 5667 3317 587 2468 6456 5057 5660 6113 6197 3038 5820 5545 3681 7235 2144 660 1374 
3127 4319 2392 7684 1391 4233 6330 5202 7822 105 2358 8060 6615 1504 6514 6598 6289 7989 3093 8403 3679 8355 4231 4506 799 7313 280 3191 6460 8328 2509 6311 3533 8370 536 5481 1116 6775 1650 7823 2847 4463 2437 4806 1388 1590 5962 4529 6090 1961 1728 2339 1645 7306 106 4517 4432 4702 486 3185 1722 2996 4659 7184 7512 3254 3110 159 7715 9512 1181 5367 9970 6462 2772 2864 1552 2278 8823 958 8360 5307 7021 6569 1894 459 8433 4711 589 3095 1155 5560 8470 5281 2821 319 5224 8456 5268 2587 
982 6076 7295 4091 1569 1393 6399 6530 7748 7101 8819 3382 3613 7962 3510 9451 2090 4392 8141 2712 8909 1813 7677 1073 8059 2666 4756 113 8701 1959 4544 2670 6899 9836 9174 1499 5763 3634 5594 9221 4001 9337 5781 125 598 4914 4403 6832 2707 6188 2194 3730 4262 5092 6860 183 9796 6544 2002 8192 8692 2528 649 6362 2073 4697 292 5631 1509 1847 5087 1494 1592 1681 3155 7451 1206 1718 3987 5361 3711 9383 5037 1816 9260 2531 9436 6029 1397 9323 1039 2632 6619 1134 8688 4978 248 7428 6251 4126 
7869 613 7285 6386 3959 6341 2358 8998 2620 2053 2136 5472 6958 3777 3693 7666 8324 9567 1828 2263 1534 8374 198 4675 8822 2123 6800 7142 1154 2437 5009 8513 1792 8247 8750 6258 5243 4744 5771 308 2262 7466 3592 5879 8064 8856 8801 1357 845 7503 8366 9698 7095 1192 2387 4588 1232 8867 6893 3535 1639 454 9503 9193 7200 4506 9209 8957 5487 3952 9408 2326 5027 2912 2121 9877 8828 1087 7286 482 4100 1173 4283 5897 8587 936 6785 7781 1419 9964 3526 5475 2778 4536 1321 9454 3579 6521 946 8309 
6851 5752 5091 181 2258 6263 7125 2054 9407 7630 8199 4793 3888 8813 3917 7991 3250 8172 7553 7309 1039 2368 8214 4909 6520 3460 4779 620 1051 9773 9607 8349 3457 9870 2964 2622 1132 5050 6448 8299 4482 8617 5569 7444 2761 3185 2162 716 6610 6426 7244 7213 9761 6953 8509 2238 5908 3075 8871 3960 2616 4394 9427 2992 5933 474 7606 7009 3824 2384 976 7537 6277 1518 8748 1860 6326 29 7127 5152 3825 271 1974 3367 5719 8013 6463 4292 2814 603 8600 3254 8428 2793 3867 1696 2382 9539 9364 8929 
9938 7370 3303 4890 1226 9079 7879 8678 2708 2649 33 656 2149 5756 7150 2585 2090 2111 8684 2607 4750 4880 4817 1703 6570 1895 9956 9944 8956 3695 659 4679 6002 3998 5352 1819 3637 2153 3179 265 2640 7370 5552 2053 9383 5622 9308 3294 9446 785 3209 2935 4994 4911 3802 6034 1619 4498 3492 8021 8646 871 333 8278 6839 9555 9064 7348 6083 7879 1387 6346 2782 9512 64 808 4718 2286 5794 2709 5789 134 3810 2564 1997 7486 1943 9980 2656 2555 5542 1618 6067 3021 7439 8540 2781 1761 5660 4058 
9062 7329 1719 3362 9597 8645 5216 1598 4235 4087 6003 6436 191 6949 4456 9538 9350 7222 669 3337 2146 2192 7995 9708 7490 6377 6178 3538 922 2271 6774 6886 881 5165 5681 7694 257 7012 8152 3382 113 2839 4157 4030 6546 673 4711 8713 3751 5252 5743 9870 616 4226 7447 6144 2568 6520 7583 299 8855 5053 1514 530 7211 3734 883 8994 1419 8082 4411 2281 4935 4176 515 4264 5557 7331 1961 1469 2399 878 595 2504 7676 4798 3547 3129 2298 4202 2303 396 2115 931 2487 3986 7862 8670 5834 1887 
9614 7031 3469 1185 439 9087 3889 6186 2270 1677 6595 7409 6626 9529 6643 7060 8134 5716 8454 1242 5265 3427 1691 7673 4123 2047 3228 513 9734 3423 540 4881 5311 7628 8954 5868 4451 3883 3659 3884 3431 2908 5366 6661 227 3225 3711 3928 6787 2454 5629 2925 8440 4152 7552 8518 7148 5015 4212 5494 3717 2949 3409 4663 987 1680 2666 1330 9041 4093 5714 4363 8578 8642 966 9964 415 3364 8074 6179 8245 5136 1421 6118 5107 7830 2083 9339 8781 8910 8016 4470 8126 3331 5268 8356 1041 5335 2331 2693 