775 7985 9915 8684 763 7466 8967 586 6355 7057 3483 6699 8678 6160 9252 6022 971 9422 4370 8328 6225 7761 5989 6899 1242 2664 2231 4527 9187 3730 4089 7657 3222 4534 8809 6352 9811 8531 3931 1344 6202 1980 7127 3017 4885 4219 4942 8265 2513 3666 8672 6488 5972 6590 4036 1020 1522 1246 4726 2695 3342 3088 1006 3076 380 7856 8801 4895 7563 7982 4967 6 4903 8458 2065 7422 7151 5714 3747 5981 2610 8073 7862 588 2308 4183 4282 7755 7890 8051 4793 4719 9596 7727 1954 6877 7620 8624 3832 8159 
6076 2833 1020 7900 594 4425 8999 363 1626 4095 3948 539 5758 5534 3658 7611 7161 3690 3346 3670 6167 2020 3379 1213 1031 3436 9289 4188 5553 6418 565 3051 8641 9431 2976 6506 8463 8837 9152 9470 2467 7310 9311 488 1133 7725 9366 8943 5933 4981 1358 748 195 881 7166 2363 5859 8683 2961 1185 8269 3565 7437 3166 5485 9927 8008 1512 5732 5540 6595 5588 8232 1891 6437 269 355 2096 104 6159 4651 7598 345 8153 130 5442 2042 4553 5251 316 8470 489 5175 949 4470 5988 9108 5520 7109 4651 
2702 4229 8157 6948 2952 3488 8238 8691 8583 7512 7102 4055 9499 4179 9243 7997 552 9921 8776 9628 8397 8821 9809 3869 5513 8091 4637 5450 1020 5221 1543 5539 7153 7492 4630 9497 366 3429 8872 9162 5416 7857 8403 3098 7326 5614 7885 7062 7386 5044 6430 5952 9794 20 5415 174 129 3186 3356 4752 1960 4006 5417 6836 9190 9947 9805 1735 5612 245 5150 7269 763 2380 6913 4033 5941 3980 5120 9204 5706 5108 6663 831 2048 9722 1088 7168 9456 8509 7741 3159 9951 1363 6856 5243 4711 8676 852 5563 
7032 1414 9966 7259 5808 6862 8715 8148 3927 7242 9739 6406 891 5434 1216 9075 1381 388 9838 6623 8530 418 9111 3188 7963 4427 5050 2716 9801 6236 3214 4826 3318 2944 8299 8003 3289 8165 8178 9724 2480 8010 544 7748 2938 7093 4194 9966 3104 4223 6495 671 8221 3368 3503 3631 3809 8357 4277 1651 9032 299 9611 9156 1606 1258 9027 3736 4077 1260 8707 3621 2753 5483 4409 1302 736 8284 1482 4128 8965 5342 1259 1288 3945 1457 2939 8421 8466 8066 6523 7944 8478 5123 3635 9802 4304 6312 609 2687 
1386 6074 2606 9887 4893 5381 5153 3764 4815 2281 7834 7587 8717 121 2487 2071 9504 3594 2310 9393 5476 2316 1023 8179 718 7526 6620 8305 5182 8400 9828 2279 5058 9786 7963 3882 4430 3726 5652 7378 5538 280 7961 1204 1081 6223 5397 1988 465 9610 5092 9616 5170 3918 2528 2176 4277 517 9748 1067 7029 6298 5812 400 2290 3809 5461 273 8789 4742 7747 4986 140 9416 3256 8 2727 4272 8950 6131 8677 2369 4674 2375 9050 9297 6985 335 6062 7729 3858 1531 3830 5998 8434 7537 1960 4238 3349 5417 
2486 6316 6561 3490 9147 9858 6795 5919 1186 5943 7120 3644 4943 710 8207 5569 7257 4709 8342 8737 6859 3353 7050 5841 2196 7570 3773 7104 5916 2879 2113 5926 7640 7270 3111 6072 2895 2346 5610 5400 1441 4555 5554 6933 2688 6063 5365 2549 3165 5283 2346 3119 423 1270 2678 1055 3378 6171 3265 4979 9441 811 1768 1065 1976 2162 389 2392 7298 7424 971 1964 9163 348 522 8597 1688 4150 1128 6127 17 4840 6677 2312 2596 2726 3992 8929 8484 5248 9298 847 6076 3166 7715 8142 9379 3824 1716 2579 
1108 3672 430 3593 815 8101 9817 4450 7029 7464 4501 5128 3364 4179 8903 7004 1795 3173 2891 7623 4085 8960 3753 2618 5358 9494 4288 937 7374 5611 7508 1051 4918 5384 7279 7451 5907 6443 2387 820 4222 1743 5455 4319 8963 1969 1821 2743 8127 4737 5271 1178 6396 2492 9290 7939 3272 5352 7955 3862 325 9060 5711 5257 3727 3017 6109 4917 4244 3761 431 4068 5669 6354 792 8035 7176 4663 4777 3796 4288 3583 2214 8519 1698 4395 4697 7473 1375 5663 6814 4729 4493 5728 6659 6767 8090 2215 9617 778 
9815 1240 5076 9268 2589 6589 235 6823 5265 4307 4000 2377 7254 6801 7808 3287 8699 9107 7391 2002 8815 8567 1274 2988 3396 7270 6470 5475 6830 2593 9099 1101 2746 8629 9916 8822 3552 1322 6413 148 655 6700 2969 1430 8551 8156 1648 6777 7921 970 5429 4750 1613 1455 9890 5697 3374 6140 9273 8166 9192 1094 4552 8765 5446 6626 6111 2193 1513 7184 5852 3570 2335 5642 5251 5801 4859 8443 4586 968 7827 9860 8485 9553 51 7664 267 5279 46 9237 773 2156 504 590 1887 9486 6749 2355 6581 1676 
2743 4374 3631 3696 4981 1304 1363 2479 8591 1107 5007 7705 7483 9486 2368 1162 808 7793 7545 9578 6970 3659 8597 8352 1375 9397 3333 4867 621 3190 9637 4036 3839 2847 5675 8166 9642 8435 7196 1475 2744 9968 2323 487 7160 7197 6472 4209 8565 5636 6895 3737 2370 1920 5378 3622 3181 5125 6991 6836 9757 5106 2857 3946 8940 8990 4847 2539 414 3176 2930 4764 8655 5265 3778 5210 7367 7102 2663 7894 7588 140 7889 3206 1797 4878 2348 3653 6636 6766 1023 3686 7728 7119 790 575 6193 4033 1920 3433 
5362 6324 5435 7788 8132 5350 8036 5842 7573 1294 8897 1662 4759 4782 3600 2628 7112 8247 3558 5469 1247 914 9472 826 6421 8440 5141 8932 500 4197 725 5341 5576 8829 9655 9553 761 9534 3559 3580 9005 3169 6210 2142 5769 6253 610 3743 1461 6761 9841 2649 6481 6135 448 3894 7432 266 7110 9034 9326 55 1640 1845 9581 6664 7842 1398 2069 2928 5980 9418 5039 3272 9754 7885 2216 3150 8956 690 3976 2810 9173 6805 8070 186 7370 7866 4067 173 7569 3670 7573 2252 4327 9862 446 8964 5329 6958 
6583 9932 5596 1087 4662 3048 3271 7292 5099 8745 8623 8616 2949 3869 8531 9407 3216 1133 9889 8868 6962 7110 256 7410 9086 7621 7338 6932 1849 7271 431 2811 4643 3452 2437 5294 9119 60 1671 5445 4461 275 6368 8314 6012 6678 445 966 7466 8546 2737 6860 2082 3235 7938 4446 3319 6202 9997 1460 4435 3317 9431 4670 7178 7153 2389 9118 9477 3259 5498 5212 3958 6384 6284 655 4796 8796 2929 9402 8734 3342 3720 4783 1755 4436 6950 1213 482 8701 6904 3115 8884 1737 3525 8741 1642 5070 2162 1541 
9855 8721 7711 2215 6213 4374 8013 2988 6544 7183 8662 4050 6036 6920 3696 3123 1841 8591 2847 5007 1878 2079 2368 1162 808 6490 7853 7291 8764 4867 621 5789 1949 714 8290 4036 8301 6421 9610 1566 5625 6844 6296 7708 9642 8435 7450 1475 2451 8873 8706 7197 4209 5872 8827 9473 1542 7650 377 4290 9261 8796 997 4225 6530 1716 9579 6430 2827 9460 5754 897 9481 5271 4366 3362 4166 15 5532 6746 1361 1179 9293 7435 4600 2440 9259 5373 359 6306 3523 8702 5811 9594 315 9346 959 7881 4546 304 
2957 6052 2789 55 5945 412 6167 6226 134 3306 2449 8491 4896 3006 9405 9347 1097 6578 732 9213 7167 4317 6452 2810 3501 9339 7819 1431 4709 9177 8551 9417 9140 850 12 253 7367 5361 3411 5845 791 4666 1419 1047 559 5322 699 558 1024 9052 4602 4826 1909 9721 755 5311 8854 8955 4702 9881 5763 4701 6046 3135 5650 231 8363 245 6619 646 5465 6071 4188 868 5996 843 4605 4284 5911 1858 7201 620 6819 2053 7751 3916 584 8891 5915 7671 6850 2163 3050 7721 8280 8209 5406 8525 7667 6784 
2713 6989 3613 5246 8768 910 2142 7548 5859 5601 9433 8078 9912 8977 5253 2644 2610 403 4178 5869 1137 6752 8705 5706 124 22 5460 233 9758 8372 8857 8708 9880 4471 5353 499 623 2743 1649 7251 5497 5019 1846 4697 286 6814 5728 8987 2170 3329 9958 1229 3363 426 8168 5029 4418 7558 3828 3884 287 9752 9325 7641 2163 5544 6344 6654 8170 5218 394 8068 170 445 6145 7798 2737 6860 3235 4446 6202 9997 4435 8577 9398 635 9431 3581 7331 6431 4141 3051 2038 1277 268 5292 3789 820 12 2368 
5400 4514 4803 8379 7551 823 336 9967 1981 4596 5770 3408 7031 6411 925 4952 8969 272 2253 5850 9911 6974 3815 5271 9263 5674 6200 6600 1152 5465 206 5051 7304 7117 1604 5715 4467 142 6742 2552 689 2381 2290 1416 1122 8933 7730 5731 8825 7869 6490 2575 1066 1055 3001 3928 2733 6954 5740 6760 3633 2396 8275 4376 58 1092 4072 7159 2326 7993 9499 2880 3114 8420 3790 3388 6057 6235 8259 7538 5079 8294 2826 7713 8499 6957 6149 3904 7987 1791 7842 1398 2458 3723 2069 8334 8142 5980 4075 9237 
9418 2216 3614 1960 2679 2810 9173 186 7866 4067 6641 6679 3582 8792 8313 3500 5469 7159 6356 2892 9465 6277 87 7149 4054 9853 2385 6805 9169 9976 7983 9923 9882 6081 5830 1419 1202 1181 8807 7406 2459 1881 4746 2689 335 7729 2956 8860 5746 4356 6010 5945 1592 7740 4524 9128 9581 2671 8096 9522 5918 9661 4411 4305 3720 7757 433 1789 9936 6999 9613 592 3702 1270 797 9351 9390 7377 2610 1976 9809 3677 8409 4828 8969 5122 3461 3016 1344 5001 8368 3554 5184 8549 7066 7280 8876 741 7849 9403 
8641 2564 3091 5541 1389 8565 3656 9945 5770 682 6515 4109 27 7776 2752 6760 794 9150 6822 5396 9763 4844 8327 4490 8245 8898 9847 4235 9693 8324 1521 8514 5475 2119 1947 3898 2042 4475 8576 2252 8262 1661 3569 1868 2811 3639 3531 3128 3793 3771 8528 6100 3402 1022 6413 85 9216 5876 6495 1907 60 754 2683 7769 6466 7184 9910 4839 8519 2257 8914 3315 4565 7635 4354 8077 6325 1640 5483 696 750 5539 7798 3056 521 9586 6704 4170 3156 181 7730 3269 3033 6716 6124 7974 7040 314 6492 8073 
1998 8791 2757 5529 9419 8938 2214 2919 9645 8669 959 72 634 4897 4925 3261 1006 9698 3385 4841 3654 9015 4366 3416 8124 6247 6532 4496 4726 7942 4036 3842 6567 9995 8863 7527 6419 5310 8703 721 1361 4106 6202 5624 9474 7598 5572 5142 4017 1959 6571 6566 8229 9337 3217 7006 2327 8668 9385 9400 6232 6979 9333 9505 6019 2673 8426 8042 999 5825 7570 6528 488 874 1109 4091 4467 507 2770 3136 8523 5749 930 4067 5254 7598 7818 5830 1807 7870 9411 1146 8066 4678 3074 4593 8763 2393 1802 248 
3544 3617 1421 7772 6587 4137 8051 6935 6948 681 4056 1075 4684 5518 7640 4606 6981 5180 7671 3110 2201 2838 7045 2339 4714 9294 2494 5858 7686 9422 5642 6486 5202 8336 4365 3835 8868 5095 6962 3201 5281 6673 8519 7869 4598 564 4157 6450 9750 1205 4231 1884 2202 7314 2043 7873 1238 7487 1676 5425 367 4033 725 9021 1459 1441 458 6067 9461 9044 3079 7585 4859 7249 521 8456 6166 4982 9995 9036 5502 8863 7760 5493 2364 1464 9494 1716 2691 9675 1385 8530 6644 2290 9109 8738 4139 9663 5317 1828 
5392 6742 3889 9189 6620 405 8743 3423 1590 1381 4282 4968 1914 5603 369 7674 8659 2198 40 7800 6480 581 2768 1483 1034 9878 7486 2723 3269 5492 9263 2696 1247 7727 7946 7047 8891 6149 2201 511 1236 4272 5775 3232 5619 6721 5046 1918 7214 9940 9416 6617 4533 9344 9842 5897 8313 7324 3445 3850 4134 2955 1877 2830 5274 3027 515 1194 991 7414 7683 1040 8491 6525 366 1737 5410 5762 7083 5465 339 60 9196 6134 3983 4130 4007 9417 7556 7463 4726 3286 6673 4670 8577 5406 8444 2934 1811 5380 
6504 9958 5147 5829 1220 222 188 2108 2681 4492 4158 2267 657 4995 7176 7756 202 4870 3427 5948 143 5999 4065 6090 90 200 1152 1590 9379 3988 5597 5629 9354 785 7626 2490 518 3991 348 1624 7216 3610 5874 9209 6177 5353 8638 8834 5895 6823 5983 2324 9757 5758 4820 2029 248 1843 8175 5239 1187 6934 8309 853 2937 7285 8230 3659 6299 9632 7565 6176 256 7759 3671 906 5967 1711 9686 7382 1549 7046 8459 9136 1621 1515 6417 878 7735 3369 2951 4531 7207 1888 371 6328 9843 4007 4048 7538 
1934 5321 4589 8674 3136 5531 1998 5204 3865 606 1404 149 6645 9615 4760 4145 5628 3789 2780 8501 1012 1638 8941 3797 3588 52 3290 1133 6426 223 5015 2949 8810 5769 8182 936 2430 720 1858 7095 5525 6958 4837 3781 7554 4524 7621 3821 1207 2382 162 1849 6532 7271 9016 431 3893 1800 8616 2437 5294 9489 7802 41 7017 5075 8727 3277 8154 8048 3376 3938 3427 9544 9287 847 1384 4729 444 7673 1871 9469 4906 7268 7146 4589 4811 1821 5296 7736 1266 6370 2643 3893 7853 2392 9563 4890 3610 1113 
18 4269 4797 6562 14 798 5700 1615 7497 4611 9024 2603 1312 7012 8825 9249 5775 1960 1235 3734 8509 7087 9621 6662 6205 9477 6306 639 7935 3953 1027 2241 8072 3442 9576 9812 5623 9131 694 3044 3017 8593 653 6818 2979 7733 2165 2119 9730 6684 1071 4659 3486 8282 2204 2567 5217 5560 8540 5244 594 6677 9946 8279 9290 2183 9190 465 7062 7747 520 5490 1918 1050 3955 6560 5942 5090 8568 4399 6620 8388 2919 9334 9672 2503 4593 8491 7546 4434 7070 6676 684 4624 1345 2804 2074 5916 8074 4130 
6329 7651 2931 6317 1899 8571 116 781 8558 2702 1867 9540 8055 5437 7834 6413 5539 331 4783 3236 9487 3209 8816 1755 1284 2946 4436 6950 9619 954 5649 9512 8701 5404 2758 6945 7083 320 9136 1222 8884 8435 5658 1737 1356 2537 5410 1059 1539 9355 6593 8520 7083 5465 339 9740 9093 4730 60 2331 9196 6134 1215 3116 4007 7076 2005 1848 6025 7556 2618 8668 7463 9701 9280 6393 1064 1123 1124 3286 3454 9421 4670 656 7565 2729 682 9805 9039 7939 5406 316 8444 2934 3464 1811 8987 4788 7444 5380 
2205 2170 6504 3329 1808 6354 3363 6092 1645 188 504 9790 4492 8778 1936 3714 4995 5557 4787 5010 3342 6023 3420 2057 1805 7907 1279 6286 7280 4097 4311 2218 1323 1575 9009 6367 2209 8860 4402 7156 5678 4287 3916 6543 4479 3699 3133 2601 7513 8267 7132 6320 79 1597 2967 2194 755 1860 9881 9225 7911 1060 8543 3561 8029 2301 9493 2369 133 1001 6438 9373 8335 223 2996 508 1988 680 6683 2053 89 9475 9285 4193 4667 2639 5523 227 9367 4470 1005 3649 9505 7784 8880 4041 1879 6925 9707 2708 
5949 3498 9355 7458 3076 8860 68 8368 1305 1939 708 1143 2 378 3780 7731 6312 9809 2373 9561 2247 1949 876 6524 6330 6889 2727 3534 222 7651 2924 9961 972 6651 7196 6520 4808 2360 3266 5602 2345 9136 2567 459 1123 6886 114 4221 5419 2406 821 3971 440 4482 5460 5353 1782 4470 1650 9196 8040 9823 2662 2962 6278 1012 3638 8856 2706 7987 9650 2066 1331 2259 2581 1299 2662 9808 2457 6398 4256 2785 9270 87 6926 6695 6570 7348 3453 7974 742 2608 288 9062 158 8130 3623 2003 6670 7031 
7687 2705 9504 6191 1163 9954 6971 7838 3853 9063 5939 9817 4989 41 3913 8682 9302 9171 6696 1850 6100 5549 9045 117 4458 3641 2639 3453 3830 7183 8181 2801 1707 9680 5666 3961 314 249 5235 1933 8250 6360 9801 6698 9151 1611 6058 694 8780 2909 7901 3028 7379 2759 43 6912 5498 5687 1024 5989 4586 1742 1617 9802 4270 234 4622 845 6360 8564 2939 6656 5197 1750 8186 4076 8730 1097 4653 6257 945 7317 7053 6640 6804 7688 9796 2829 5437 1930 3805 1411 7056 2288 5750 8065 8562 5746 6278 2258 
5956 9486 8698 6105 2780 5206 7852 471 4114 7337 7148 5947 2033 9320 8018 9947 6477 5675 1683 854 8410 6269 2401 3662 5503 7162 5273 7072 4593 914 7213 5441 7124 1130 4782 1041 9102 6264 1748 6444 8447 1038 3345 2831 3819 6307 9282 941 8493 6381 5484 4851 8536 3956 4750 5085 3081 7160 9472 4161 7475 9687 9004 4961 6237 7795 3271 3717 280 9743 1091 3198 5689 1684 1202 48 5090 5371 4786 3720 8971 2878 6806 6715 2178 313 6958 5905 987 7669 4275 4581 4115 7023 2579 6210 6438 2251 8291 7720 
3350 5089 3524 2769 7662 1256 1957 2325 8458 2857 7917 9753 8042 1584 437 100 4455 6102 9612 4458 6844 7895 7273 4555 6425 3910 2637 6619 6923 8416 2173 4079 129 8784 3347 1169 9175 4833 547 3780 8276 808 2636 7301 8766 3756 186 4615 6412 346 5498 7810 6903 4235 2710 6600 7688 9112 2661 5651 7613 2767 5477 9243 8054 9630 4108 6039 3710 3684 179 4274 8365 1887 6182 760 5932 545 4691 8742 1638 8964 4474 4854 9318 5770 1968 6515 1313 7468 4437 4578 903 5852 7937 4046 4507 750 4407 5582 
1510 3335 7857 5824 6997 3419 3523 7506 932 6016 1453 8868 4908 5896 596 7154 752 3557 4582 8990 124 9220 3232 1304 9024 9573 9236 4578 5639 2116 501 4904 3744 788 3006 6107 6077 4196 1307 7097 1283 1512 6783 9500 8067 1520 6279 6877 609 5751 845 2591 9668 8445 1483 9341 2808 5464 8715 6610 8491 8159 7081 3606 1582 1633 9455 7236 8062 528 1748 6815 9087 4455 550 6338 2523 7715 7564 4381 7466 1328 9400 4904 9671 832 6419 6129 9816 9683 6932 9162 499 1434 7187 8991 8880 1429 2869 267 
2611 6742 8181 3297 5488 6255 7264 554 9241 9785 7658 5758 2517 6156 7751 3345 4285 1943 8356 6221 4750 1613 9481 1048 1923 9890 5697 7624 4 244 8166 1862 6910 7291 8393 1288 6111 2193 4776 2273 9975 7575 776 3008 40 299 8841 9925 3441 7019 9862 9721 5455 7427 9932 7477 7014 9505 387 1560 2469 9753 3124 8644 6951 4241 6741 6587 8142 8249 1746 1751 9140 3538 4067 1035 4325 9737 8880 9485 7876 9219 6371 3678 9853 934 2683 4026 9771 6458 4334 2815 8139 2986 6246 9593 823 9521 1505 6915 
3248 941 5610 5476 3757 7802 78 9802 6207 6704 1404 1032 4710 5329 6120 6735 7680 9790 3942 8099 5072 1577 8380 3920 1670 5612 8012 3319 1884 1662 176 3245 7314 6330 9982 8390 4702 358 280 897 8657 118 3872 2253 3094 5059 4413 4950 1369 1791 8664 8721 7711 3649 4374 8013 4802 3109 8781 1254 3951 2866 7334 3893 9573 8434 1960 3149 4684 6825 121 1548 7575 5801 5689 8878 7989 897 8956 6868 3246 2339 2565 612 1945 8549 3858 9913 4677 3494 5590 544 6448 2489 4660 3209 5379 8606 5759 6069 
4910 8515 3917 6593 5096 4229 7085 3171 9533 4597 5597 3461 7118 1449 7409 9017 6103 7279 3196 3439 4389 5754 3994 3698 8095 571 2421 822 9824 6995 6362 2622 4087 5338 8489 1284 1766 9377 8938 2214 6179 8669 72 4897 3261 1006 6915 4841 4366 8124 6532 4726 4036 3842 8082 7185 5025 7776 1118 795 5252 3764 3032 1491 8585 309 5205 4691 5871 1250 5671 5758 2225 4209 2441 9981 1077 3611 4654 6373 3975 4178 2249 8719 9617 9697 8978 9256 8658 9455 3633 257 45 7473 6048 5026 9355 5633 6834 5711 
7044 8850 7915 5969 7684 1511 1407 5337 295 5136 3348 4577 8369 8779 2863 9690 9231 7137 306 7016 9184 2441 8167 9695 4738 4308 5895 8852 6548 8368 89 3554 3457 4045 4703 6182 3223 1878 5610 2292 5571 3121 8441 7364 1206 9431 1683 7893 3910 272 1461 8409 6385 2351 239 4344 557 4646 1246 4913 5204 1777 3660 5312 3990 6393 5388 8036 1809 2660 4520 8290 1895 2804 4919 4564 2520 8325 6173 2121 121 9609 7654 5315 426 7286 5612 3670 4085 2286 6314 4536 7429 5169 2452 1541 4778 8409 8408 3713 
4141 9586 8176 5234 1139 6021 6449 590 4163 7822 6664 5282 2004 8566 2573 482 5842 6597 369 2784 9444 2908 1887 5617 9938 6294 6182 8961 6117 1961 1824 7870 8678 7656 2426 1949 7262 9941 407 5125 3956 8188 1610 572 5190 28 2384 2 1977 7841 3588 2441 3904 7685 7687 2432 6818 8769 9300 3146 4507 409 2295 7654 7530 5495 4013 4288 9632 1866 7210 6157 6417 519 1548 1807 4664 3941 2131 3537 5305 7814 4177 1158 762 9604 1793 9678 7492 4432 3142 8939 6335 7271 12 2368 1608 9891 5993 9424 
4425 2832 4409 3841 7792 2803 1345 610 3743 9648 3208 2742 3853 3421 6481 6135 448 2881 3635 8435 4392 1082 5226 5603 1658 1020 5153 8121 5525 6270 3591 8514 2431 4421 5340 3098 320 9313 8069 3630 8506 3828 3884 1063 3170 7724 7713 2412 4708 1684 2616 1009 2043 2392 2647 9790 3016 7269 3362 6477 3980 660 5459 34 2389 7792 627 4558 4709 8887 7650 6391 8117 7737 4521 13 1645 2706 8932 6243 8219 3990 9093 381 7184 4840 3981 2763 5728 1788 632 5110 3994 8646 2068 9601 7804 5733 3249 9311 
1869 7552 9735 5019 7609 983 8417 6395 3792 3823 3948 4295 7987 8331 7704 1944 3796 6903 6461 4288 4798 2214 3266 7545 7059 5791 5497 7427 6693 2940 3366 2027 1175 7163 7488 4349 1057 4476 4757 2686 8508 2573 5514 7826 7853 3365 4205 1531 2246 5730 9539 1207 9584 5396 9431 1683 3280 69 2556 5790 5472 2233 2906 4655 7299 3622 7068 9855 1580 8471 405 8011 4522 9824 7757 5759 7845 2398 2997 3619 5175 5611 6885 8195 1329 7484 9882 9324 368 6263 2221 8259 480 4899 1879 5115 3311 684 596 8035 
9766 3016 6706 8221 6904 26 9195 5485 2845 2949 8042 4875 9623 8849 3175 6438 9695 1058 6394 6543 9239 3734 2996 8509 9621 8081 6205 3471 6319 8290 5654 9049 238 9522 2749 256 3900 336 9835 4605 2073 4896 4572 1371 874 6635 3287 5061 1270 2801 6775 2821 5829 7902 7382 762 8707 4536 7046 7865 228 9136 1334 3029 1621 8110 4961 6624 4001 2607 1861 8901 5085 3196 3490 3831 1061 5332 6373 2693 7674 6231 7982 2674 7690 7167 40 9271 3934 5861 95 5154 3958 7403 7233 5110 5895 1748 5664 2400 
457 8370 3731 71 381 9247 7142 9112 2639 6780 6264 5918 3496 7249 2321 8208 8472 9337 1954 253 318 2667 1024 2504 9736 6202 8184 2580 170 5860 902 5969 3659 7484 6870 3679 1374 619 7006 9511 4808 8965 5730 1552 6086 2136 3631 6668 312 7634 1379 8847 741 8761 4727 5846 48 4073 8864 4905 1683 7832 3988 7048 7129 5076 1363 7918 2693 5975 3023 4021 208 7135 846 4856 6785 3025 1524 8516 663 6437 3537 7326 9800 6469 3254 5015 8129 4392 3286 3227 4141 5114 3089 3288 4373 1805 7730 3724 
9209 1509 6286 6289 5753 700 982 281 8163 2218 4511 1800 9059 2928 7060 2803 7570 8648 179 7448 7396 2163 8537 8924 8403 1383 1528 6850 1325 2315 4271 9780 7212 2500 7943 2110 2506 1099 6726 3730 1569 9525 2838 8424 6474 7530 1814 4735 8258 3744 310 6959 9102 7670 217 2806 8607 7651 5379 4900 2064 9893 6184 8026 5800 6567 3583 7797 82 5171 9023 2274 3743 8373 9076 2306 195 4510 2512 8597 3744 843 8529 8624 6998 6607 2665 2385 5297 3524 9016 7137 6243 8813 8372 7596 7199 399 6465 7720 
8862 8189 4361 5305 5651 6015 3841 7613 8318 8200 2767 4029 5477 9243 7153 9149 5212 1876 6825 9528 2946 5983 4479 2353 7119 689 6324 1242 7860 6726 4288 4798 5491 1368 5663 5497 7427 5019 1846 4395 4697 4863 606 7901 9556 1123 5818 8377 2922 8528 5749 6522 151 7403 9416 896 818 178 6962 272 4016 9849 1885 133 3831 2434 6438 9373 6879 7148 4697 4192 4439 6977 2829 2411 7208 9999 3888 6443 4732 201 7589 380 5526 3442 5482 5945 7706 8060 553 764 5095 3918 2645 1277 5855 4565 5278 5133 
6029 1927 3925 9653 6533 3434 1040 4914 7471 856 5167 2770 6250 4474 6608 8909 7275 303 1409 4174 6447 5972 7381 1344 3657 3474 1605 1755 1118 9922 8696 6174 3031 2977 4140 849 9233 2562 4590 3618 8882 2657 7776 7315 2394 3291 1665 8399 4445 4250 43 7250 1739 4898 5081 7145 5821 3269 1718 3457 5669 6610 7686 3433 2896 4866 9621 8914 2184 254 4380 4129 8857 6389 770 4095 2175 7434 702 1358 9147 7938 3840 9938 7411 5669 204 7859 3314 6156 4663 4341 1124 6238 677 4888 9179 6734 2703 3186 
8285 1333 6339 768 2482 6480 101 6933 8982 1654 2016 3700 6528 9349 870 2244 9605 8511 1418 8506 3462 4955 6714 7845 3376 9206 38 2683 2875 3534 8787 3325 6171 5507 7314 7655 2523 1549 8994 753 6040 2488 6450 4347 5291 476 1271 3934 7416 5283 834 4798 3870 7856 5755 4780 1176 6035 172 7369 1355 1379 5417 9658 4601 1174 4399 5269 898 1211 299 9496 4147 1974 3352 9109 2644 5683 7758 1971 8817 8936 9945 8965 5058 6021 2476 1456 1120 570 936 6413 2132 975 6558 2215 2726 1262 6699 7305 
3709 311 9560 7880 9229 7477 8983 3369 9419 4705 9143 1171 805 872 8538 4497 78 9811 7411 4523 9302 5087 1180 5070 3074 3330 7762 7795 5229 1644 8156 9240 2634 5151 6379 9994 606 5118 3777 3877 3630 9019 5321 1140 3274 2084 8425 8463 3033 1910 4731 131 113 9111 9737 9312 8937 2999 1210 3095 698 8004 1694 1523 8085 1249 6248 4394 3120 7538 7784 4187 7335 8608 1910 9075 5631 2960 5519 8666 9223 8298 57 8386 110 7928 2806 2210 2049 5960 5763 3498 2276 5379 9920 3029 9448 7083 66 792 
4347 2192 1711 5342 1572 7778 148 2289 5435 3573 4748 8869 5906 8804 3183 8002 5252 1086 2533 2812 1535 9929 5164 6530 1856 9023 7925 226 7907 4365 1506 613 1649 4096 2388 183 9171 3416 639 3112 3843 4654 6628 1882 275 5223 9134 2045 1161 178 7645 3021 5521 6423 3661 960 958 8924 1769 8432 9695 5188 9160 8404 718 8903 9992 956 3551 8234 6460 596 761 5242 798 1617 7331 8196 38 9060 9760 5277 6039 2676 2035 3214 6450 779 9626 7589 2231 7185 9224 3161 5837 5373 1351 2186 2081 724 
2156 3103 7014 9827 6302 56 6344 3419 5097 6966 3918 2911 6341 5669 5124 8058 3673 6258 4678 8015 1653 7987 5481 5452 8213 8198 5315 1608 1726 4465 9615 3739 1751 1985 716 1158 5835 7386 6940 9887 3920 4454 8159 4003 6711 9801 7009 2226 5143 7186 1832 2549 4850 797 7377 3505 903 4571 3535 3392 6526 4680 3795 7144 8476 6008 4849 1318 5200 2806 6286 8850 595 8816 8508 8699 3298 910 6627 1827 7336 2563 1868 4881 3356 3634 4781 1387 4685 242 6869 5048 6254 9546 2433 7701 925 2229 7464 45 
6533 2641 2086 3329 2162 2023 2044 4166 2481 9278 6179 8508 8465 1987 1641 1905 2973 4211 4589 9183 5702 2093 8022 2265 9935 6624 3583 9490 293 5576 1444 9405 8359 4711 3100 9625 2349 3705 9934 2803 877 4655 1945 133 2620 848 9136 4762 8031 8941 7311 5176 1078 217 1225 324 7670 9280 2786 7388 2150 5050 2362 2331 5043 1924 3310 4566 8015 7524 7044 8041 3263 3367 8252 9493 6305 4244 8738 9195 66 6591 6572 181 9969 4199 1947 5036 5552 7691 8288 9377 7216 6776 9243 7638 454 8183 3354 9356 
6268 255 5359 8495 791 3804 1053 723 3466 8011 3747 993 4667 858 5854 81 2193 1558 6004 7520 6388 6344 744 3687 8766 4914 2032 9546 5023 3601 2103 6426 3044 3010 4869 1854 9905 9573 3930 403 2294 2168 1277 8372 173 9907 5210 9179 8977 9400 8307 3054 9140 4853 6916 3167 2742 8243 8777 140 8776 9412 7761 7469 1109 6185 4364 54 1648 7840 6618 3001 1175 1685 8236 1466 3805 2300 3742 2024 9608 9731 6825 329 4166 2880 288 8440 8404 3472 3567 4559 8436 1040 6983 431 1845 2695 3135 735 
9139 3516 8963 1013 3540 3823 891 1743 1787 943 7928 4349 768 7087 4459 7486 1706 9610 9865 3870 1510 3309 8392 8090 4841 22 4991 4721 7761 372 6299 7915 1529 5067 6332 8644 993 1773 5857 6314 8859 6921 7025 9760 916 7223 2743 3902 5747 9578 959 1966 4113 3553 4198 3287 5830 5083 5188 5605 3192 5631 7242 8874 4867 609 2044 7520 2179 5068 4856 2432 8666 5751 8931 5779 4435 8847 2472 2104 9520 8010 2509 9014 5108 2814 4843 9278 53 6720 177 8069 877 8100 7882 7749 8017 7657 7891 7057 
1929 4501 2278 601 6491 3914 2540 7949 6383 9644 9306 1157 9126 66 4550 8260 5833 565 96 6997 1975 3278 9274 8460 5970 806 4565 608 6328 3997 2888 8253 9615 8002 6844 6284 576 7609 4654 1920 6734 2578 7649 3479 9340 9158 408 1355 605 7552 2491 647 7814 4584 3279 357 1867 7808 1546 9335 8085 8074 1492 298 2449 8537 729 2316 4402 1440 5154 2795 5045 7871 1248 2517 3468 8579 2432 1087 4416 7614 9120 8813 7475 7106 9693 6103 3639 1043 9403 2624 7615 5670 8183 9525 367 60 2168 16 
7411 3278 7816 4025 6108 8024 1753 9041 7856 950 2185 6739 8397 9587 8994 8670 8256 3030 7339 9030 2274 9697 8250 3544 1390 8803 6511 7408 5779 5834 5646 4688 7788 7738 5986 4837 753 2150 5925 4463 8854 3242 5675 9214 9051 4691 1363 1377 3129 148 781 4056 9304 8940 1099 8996 2048 4755 1051 6606 2556 587 3240 1449 1626 7664 956 2724 7265 7636 1385 9387 519 1404 6701 5606 2849 3377 7044 5689 2954 1077 8367 896 5052 7698 4079 6354 730 4644 2169 7858 1037 8770 878 4661 1743 1014 1825 4931 