5850 4708 8857 9951 9733 3728 6731 7259 9671 142 4299 8939 4507 9155 383 1285 5287 6791 5215 84 5356 330 2283 1751 3229 2973 711 6067 8801 3492 5863 3527 3859 7930 3311 1264 9077 1415 2967 6147 1523 6766 2473 9460 8801 4418 3185 2207 3013 5489 786 1922 8145 4404 862 6244 5792 9059 2761 4556 9960 3886 1749 2586 3783 6544 2392 4316 4555 9726 3334 8823 7869 6346 202 227 9753 3139 9988 830 4543 9816 4101 5398 4569 5496 4047 3306 1196 6868 6187 2085 1399 9899 5241 239 571 8411 314 6722 
253 3826 8327 7319 582 7004 4104 8544 6116 5806 7203 1370 9924 2902 8412 2600 3025 4616 3996 6590 4958 6111 7142 3925 5933 1842 4571 2409 4830 8745 3208 5916 1493 219 7474 6541 1393 3293 3276 2643 1203 9883 7532 8150 3734 276 2732 2017 3198 5547 1310 9920 406 8855 6399 768 2630 6494 5864 8406 8368 5138 6068 1147 6549 914 5220 4362 697 6455 3987 7769 7391 3196 4611 2532 5963 2034 3327 7724 5320 7857 5944 1928 8904 5762 8473 6744 1559 7083 365 2151 4548 6380 1410 8476 1601 5705 1149 317 
4751 3465 5360 7987 5499 5039 2063 802 5177 1921 5487 7639 6240 1470 4020 1068 3071 3287 4221 6394 4390 8106 2377 9537 3145 3061 3947 712 3030 7760 6938 515 4550 2425 4409 8481 649 4239 2501 1717 7310 1356 7883 1325 5746 1921 9432 4475 1459 2577 8915 872 7050 4573 9197 5088 2064 4391 7123 8630 999 5192 2292 6549 6528 8647 8449 3123 6260 5617 7133 8494 5296 9950 6736 3761 7925 234 2316 7298 5254 5829 3085 6802 920 6277 3532 1020 6589 1742 7552 7342 9249 6479 9362 1570 6880 238 9658 9419 
2301 2574 9573 9457 8811 9871 123 1752 4027 5446 3277 9091 7013 7419 8588 7251 3198 1139 5863 7322 382 1635 9623 4209 2042 9412 5005 5636 1480 8957 3602 7662 5137 9847 1850 4128 9269 2468 7956 5883 3870 4901 3052 8079 6801 7492 8652 3128 3962 3082 1499 744 2988 4565 8946 7116 4568 6185 8243 6205 1084 8441 7829 2311 2215 5883 4235 5018 3698 4616 8746 6877 7148 4228 3721 3271 5099 5733 7338 3821 1108 3316 6532 8259 6898 2491 2626 9804 8365 760 545 2537 5961 8785 6117 1604 2576 4108 9355 5783 
5793 636 8016 485 2723 470 4578 3594 5424 1041 5077 6288 3362 9928 1728 30 5728 7743 6667 9107 3555 667 4411 3012 447 449 8672 9907 2721 4607 9881 7952 8087 1987 7618 5740 3025 7447 2095 3806 2976 7284 9301 2052 7904 929 213 1342 193 9049 106 2834 6754 15 4226 1310 724 7386 1737 562 5041 2925 2649 7822 3552 105 8576 4365 6414 4410 6102 743 2940 7508 9821 9809 1202 5352 4520 8359 4420 7159 651 802 9465 87 4054 6134 6805 9169 5091 8189 4718 7166 9166 1837 948 5714 6785 9522 
7333 3238 4253 3805 3374 3673 1819 2917 7192 3330 4314 5665 6557 5658 2291 9697 8854 8376 5030 1212 953 2934 6535 5898 6563 6743 6897 1917 5205 8947 7518 8635 2373 9464 7379 3099 6497 1063 6223 9637 5160 733 378 4493 2650 1254 3951 8851 3830 9573 1960 4863 6795 4802 625 5823 1376 7933 1531 2866 7334 3893 9573 8434 8474 1293 131 1548 6448 9361 6371 5964 1318 1680 2981 4978 6795 3109 625 5823 2650 1254 7933 3951 4493 1057 1147 4233 2283 2707 5603 7616 8437 463 3250 5336 9922 48 8409 9788 
142 6861 4925 101 7830 9563 477 3760 8229 535 4666 966 5495 7732 4677 5397 6321 3053 8440 3404 1815 2787 8161 719 5511 6879 6371 4609 5834 4002 2411 2527 863 5068 3812 1512 1008 8921 2416 9744 2012 7926 3520 5660 2225 3948 3233 8507 2544 4620 7661 6535 3430 2008 1817 1717 4084 9479 9903 4338 7790 4105 4703 6879 4893 8323 8569 555 8705 6800 3436 9044 7120 3343 9348 8618 7112 6426 6809 4179 535 3422 2871 4729 4518 9434 8382 5990 5139 1592 1753 9853 5504 2702 8747 9808 859 5897 2982 4299 
5966 3388 582 5681 8324 6886 3729 1604 5889 8843 6617 8986 291 32 5612 6232 4480 2818 7507 2872 943 3728 492 5335 6167 793 5400 8437 2166 9306 8367 7623 880 6159 9803 1575 1658 893 2816 21 1668 6118 8371 3575 7990 5562 5872 7538 1164 7602 6610 8431 974 6319 1438 6293 9255 3027 5930 3258 4831 2010 9691 6675 1947 5189 6999 8955 7631 193 3160 1334 4015 8036 5468 7926 3486 5913 3681 8872 3161 5397 7802 6205 3277 5542 8811 6026 7761 2735 1865 6820 3300 2168 3414 4983 9616 8213 8889 3370 
4109 1828 8821 8507 8983 2289 8540 594 6677 5281 8768 7062 5738 5090 8568 8557 2919 4552 1517 7852 2503 4593 8491 9990 6676 2073 1416 5227 8862 7507 8657 5395 7520 7810 8800 8041 6751 4984 7077 3080 4745 183 6124 5816 8474 2907 1122 1661 9749 4407 3569 2263 990 695 8948 1597 996 5437 6818 2224 2003 4343 3936 6554 6025 5435 4587 7894 3771 2005 9156 5197 4815 7397 1977 6962 5126 6175 1591 1835 8478 476 2026 6021 4121 4659 6285 8076 7318 970 2130 534 2482 6677 3618 1574 4198 2607 4623 1953 
6540 3862 2324 7052 5497 8730 8526 6350 2348 2437 4276 4608 3676 2924 7187 6349 7274 8282 8537 6849 9419 8081 3265 675 1465 3134 5497 5561 9181 1998 8382 8647 5802 5453 8794 7657 2132 5581 355 6644 2287 766 2517 7603 3186 5658 9918 6705 9963 1442 5971 9838 6155 4115 6456 2544 2709 4699 3146 1987 2938 1633 1047 6665 1027 9924 8985 9130 9736 9402 3326 3206 2970 5985 3384 7571 6984 4118 3180 7442 884 6399 2477 5762 5044 6105 4773 4374 6368 3737 1991 9758 7892 737 9562 5393 9425 4251 120 2348 
179 9845 8930 7341 4942 4805 3991 2218 8504 506 4294 6652 8018 9934 9179 6493 4150 7802 7325 4031 6170 9707 4172 8049 9601 585 3803 4186 2889 1362 5865 1920 2907 9805 6943 7757 6862 617 6909 7877 8650 2425 4743 7873 1306 6372 2087 792 7395 4083 4548 7585 8515 8812 3735 4464 7188 4368 849 9690 190 7137 306 3372 2441 8910 7301 9133 8618 905 8080 2280 6374 5854 7964 9805 8512 4494 2265 5291 6963 8253 1398 2458 3723 3778 61 8142 5980 6401 138 7854 4463 5371 1020 5468 6786 8121 5525 6270 
3591 8514 9179 2703 966 6155 399 2082 4446 5126 8857 997 5022 4646 4444 4593 6961 9024 9596 9450 2603 9464 4570 6316 7569 206 5665 5643 1263 6948 4056 663 4684 990 5029 8088 716 7333 7640 2514 447 5352 2215 4143 5180 3365 7179 3189 1580 7102 9862 6122 4542 5469 4714 9294 2494 2858 7686 9422 6452 5762 1805 6536 2222 9533 8336 695 4365 3835 5446 1304 5095 6962 8770 764 510 7300 8262 1597 5953 5956 2990 9001 5630 4912 1401 1640 1096 6912 6845 3146 4583 4572 921 9541 2549 9570 4480 2249 
8056 1176 9022 2290 5271 139 1355 9574 4824 5563 4820 9841 2475 9927 116 9197 905 1576 1001 6300 3349 1299 7652 7149 5425 5448 3358 4658 5159 8721 7711 2215 4374 9894 2988 778 4689 1148 3215 242 782 2308 8027 9913 4067 7237 4542 4714 2494 1611 2858 2320 6590 1317 550 7217 4137 4191 6616 1263 182 9439 4269 1441 9549 5340 4560 2082 7344 2826 7713 4860 2907 8945 6957 6149 3904 9718 7395 8069 1685 7519 7132 9133 2942 8080 2280 4692 239 9084 8512 5785 2810 8295 8050 9973 835 6606 3131 5947 
5128 5414 4524 3125 3640 5925 4486 4041 8025 5421 5241 2921 77 5266 1421 3145 7631 6279 1208 2402 2169 7823 5472 8168 3723 8822 826 9721 4959 7024 9055 3526 8049 6260 6683 7704 1926 4318 6514 6610 5580 9891 4055 998 4409 8898 5993 9424 1945 9214 4425 8494 8981 9205 1898 2643 3050 1031 2977 8119 3429 9282 6478 6562 8524 5243 7594 1089 7795 9055 4514 3526 2843 9658 395 7305 3832 5363 7259 5609 605 8097 2387 41 352 5576 8655 3924 1128 140 3206 1797 7492 454 6636 8431 3686 5315 288 3570 
4333 3170 4618 731 8367 2643 2608 2916 2761 7094 9910 9267 5790 1137 9366 4078 5667 3477 6964 8769 1853 4807 9450 3008 409 2982 4365 796 7657 1092 948 6983 8485 4871 2519 598 5258 8240 1489 4789 5478 6870 667 3610 2206 3716 9383 5783 6488 1483 756 3627 9567 5063 4397 339 7260 7634 6990 9342 5830 1086 3775 4928 4757 3962 8643 4071 1047 4416 1400 7368 5741 242 4616 585 9913 4067 4477 4002 1578 7645 6480 7309 3280 4049 8746 4718 9694 447 127 260 307 7437 628 8109 5813 1883 8426 8496 
8844 676 4209 5969 6513 8678 7043 6839 748 6723 5496 2011 2785 8183 3104 1782 6537 2186 6378 6754 4912 5148 7697 4560 739 6837 8641 7509 3481 7906 6206 6015 9083 1493 8931 3656 5913 5543 9350 6266 9778 6899 6603 3765 9359 5454 7841 8274 2577 9318 11 1685 5026 5410 2651 263 8668 8002 2604 7358 8329 9371 6417 7938 2180 1338 875 4821 6128 4805 5292 757 364 4276 1703 7851 2023 4160 2801 127 8296 5019 3588 3170 8320 4822 4552 6114 7877 8337 7451 9922 8489 788 5355 990 6020 6107 5615 3692 
6065 903 7811 3315 8299 5858 3952 2 6857 6141 2041 5789 8715 4338 3468 9964 2794 3235 6875 6395 8331 7704 3796 7502 3841 7613 6154 1323 5015 6449 4493 5823 2650 7933 3830 8978 7382 8510 7421 3502 8474 3393 6943 5417 9368 6316 3149 4800 6825 3647 2591 1293 131 8964 963 1318 7404 4978 4218 8727 5603 1658 3800 9503 1805 5153 8594 6270 3704 8817 4421 4059 2948 9141 3630 4418 5681 8985 3342 1624 3550 7505 8040 5956 1557 9041 1761 6526 9186 1153 9322 1402 5071 7028 5456 1489 4122 3276 9842 1303 
6485 3174 6438 1432 6892 1449 8371 5153 668 1887 9143 8777 8346 6623 1604 8649 1880 1273 5389 2220 7825 378 7683 5237 8212 6235 8354 4621 3945 4310 4640 1893 8712 3601 3876 16 4639 9717 3319 9471 9318 6160 3965 1812 247 8700 1544 3944 5962 2842 7852 21 4743 5069 8326 6294 8421 7840 521 2123 6890 2063 8378 6558 2234 6892 149 8371 7955 5012 9143 8777 9532 3925 7154 6001 8609 1253 5656 6626 6833 3210 7883 9655 1623 1533 3202 2622 2970 2770 5970 8958 906 1235 5967 3406 3809 2642 2272 8857 
1038 5680 1738 2499 9149 2489 1683 3209 6041 3421 4847 4319 19 1932 5525 8648 9257 3917 1717 1490 3931 5144 6025 595 8862 4094 8898 9959 5303 5793 6094 9084 4186 6836 9632 1668 5037 5954 5940 3934 4429 2983 9704 242 9874 5914 9168 750 2207 6142 9297 2477 5461 5374 429 1450 1142 2657 5055 9887 7101 5133 82 4851 1228 9724 5380 628 9807 1614 4893 1219 3817 3640 2334 4039 1163 2777 9750 2995 476 4318 632 8371 5233 1570 7591 4578 313 4843 6663 3316 9219 3143 9056 8927 9277 4537 4813 7705 
7185 1575 631 6601 7867 9384 7060 5302 8269 4396 9067 8493 6954 257 2437 8787 1671 5445 9696 2146 7317 9677 7935 4026 362 2613 8115 3180 7494 4710 388 6478 3933 8296 153 3716 8715 5963 2979 6402 5192 8227 9938 3623 2484 9835 4087 5690 6773 7346 1046 1500 4085 1999 8064 6480 6701 3694 7437 1363 6385 4215 6252 5098 5228 2317 4779 8456 5893 6430 3479 3408 4108 4771 4431 1847 4494 7515 6511 463 5242 5738 8826 2306 9820 944 2000 6448 8885 1370 3921 2980 4713 1240 9268 1197 464 235 6823 5265 
4307 4000 7922 7254 3421 8540 2090 7685 9379 8417 5549 8573 7126 7802 5496 850 8507 3104 5979 6537 8506 5575 9989 6608 4182 7748 140 5910 7182 7703 3045 47 7651 8964 3062 6667 3555 6732 4299 8672 2721 4607 5437 8993 344 1337 2932 4058 6262 5553 5374 2402 6167 4439 516 2112 1074 3036 9012 1935 7658 4871 2051 6456 4453 8975 963 9292 3167 5784 1204 7802 8686 6958 4134 4520 3216 4420 1578 9465 1549 3921 7580 4941 6805 9169 6336 8158 9624 5830 3804 792 8216 4802 3109 5823 1376 2650 7933 1531 
3830 8978 7382 8510 7421 3502 8474 3393 8755 6943 4863 3349 5417 6877 2486 9415 6561 1323 5732 7631 719 2431 627 4594 7400 5409 1268 6784 8080 6737 8047 8983 3143 3567 6729 941 3958 9277 2420 9625 4205 631 7867 9384 7575 7853 7122 7025 5909 6061 7074 118 4966 5178 4096 800 5191 3214 7626 8602 7302 2649 8019 5130 7507 3474 7623 7120 7524 1808 1210 2128 7446 56 1538 8268 2738 3800 2480 3435 5 3339 1820 5776 8037 9311 5943 1540 8971 4722 7391 2611 5190 1301 4589 3691 14 2756 7751 3196 
9102 8507 4700 8089 1895 2206 434 207 3149 9914 8678 8460 3823 3915 1702 4846 886 9781 6977 6130 9197 6090 4098 4767 3201 8433 2421 2140 4906 9869 8986 56 4325 8880 9485 9219 9272 2913 5283 944 6431 3275 3051 2038 7080 8470 6304 7318 820 1380 2368 1608 4514 4803 5180 7392 9185 1659 1790 9950 6856 7523 3575 5311 9431 8433 2648 7243 428 6393 9790 5692 7044 5637 7915 120 4135 6688 1304 7610 3875 1306 5343 6372 7843 792 3774 4993 5387 7585 4148 8254 3735 4464 6356 4795 5587 9840 4368 4602 
9690 6841 9231 6695 5380 1914 2720 4954 3154 931 9767 70 692 2738 3230 100 1518 923 8378 2089 4718 4197 4173 2877 2916 4248 4904 713 9119 8671 7335 3062 8549 3432 3439 4368 5943 2615 1695 6891 6487 7464 3989 2661 3072 3708 2029 2675 6913 7239 1803 6039 7882 1920 7757 6862 493 617 6909 1582 2425 3711 4207 9651 8856 8898 5841 5580 3438 1055 7316 8875 8898 5993 2842 1945 4026 6019 8981 5516 9086 566 2973 6255 2630 4208 3579 2595 5642 6696 1885 4655 9133 5790 810 8253 7875 9726 1582 8887 
2126 5696 8426 4827 6205 376 9086 3033 13 4720 9491 2941 2621 2559 7044 1811 986 8917 5681 6006 2634 559 9613 6548 9344 5698 5343 9656 3001 8370 744 6678 3357 5157 7907 2276 5498 3574 1127 4349 8770 3201 764 510 6040 7300 8262 1597 2378 6534 190 8618 9358 6388 852 8006 6290 2029 1837 6997 9020 7790 2421 6623 8657 6200 7355 8277 7443 2458 4569 1489 7118 7613 7706 3359 6423 2991 4265 7949 3478 7760 9498 1038 4469 9460 4570 7899 1576 4519 5906 4488 8115 1001 4702 6300 183 3856 358 3542 
280 897 1299 7652 5043 118 4503 3872 5448 5243 3094 5059 4950 5159 4490 7697 2215 9894 5719 4689 9416 782 7237 224 532 2086 307 7437 302 6183 1333 3753 8628 1363 4630 9398 5100 5106 4518 4779 8456 6127 6535 5006 4431 1847 8800 4494 6511 5180 5242 3890 8826 2306 9820 4566 7197 346 5325 3414 4235 2710 6600 8189 2832 9112 2683 6015 3380 2762 7683 6145 9030 3623 2737 2130 8101 3484 7359 2389 9477 7057 5498 5212 4143 6532 3590 7942 5535 9443 9848 8365 9495 7954 1638 8785 5265 6860 7904 3999 
2405 6909 3093 556 9936 3165 6999 5430 5244 6915 462 5068 1607 5719 162 615 3422 5276 5983 9188 4537 892 1627 8939 7492 5795 9287 4647 2835 5065 1689 7382 5955 8274 389 9989 2016 8638 9508 9748 785 1922 9035 6020 2413 1261 4837 890 8728 5989 2535 6330 2562 7153 8219 4106 7917 3451 6555 5615 3200 3692 8587 6065 9951 903 276 2092 8216 5356 8082 8732 764 7646 2159 7591 3837 79 7747 1676 3031 5566 5886 1870 6790 2774 8498 8882 7343 3316 8938 2592 9437 4176 8454 9626 6338 7172 8021 5201 
5320 5140 767 1206 4236 8989 4348 7487 4354 1342 6547 5152 6980 6865 9572 659 7393 6638 560 2853 6310 4933 7863 253 6453 4982 7042 7269 2313 2026 2360 6386 7384 3861 2515 5423 8007 7551 76 9242 6965 2956 5488 758 7264 1837 6282 9920 6608 1451 6103 676 6815 5848 5742 3299 9318 4518 6491 5380 2757 1039 3607 2978 7023 7590 2165 4119 8859 6427 6959 5209 7186 9167 5014 4276 6648 5330 2734 1397 2752 4170 143 6809 8955 4808 369 2949 9684 480 4591 2004 792 4729 7481 432 9388 5419 5766 9802 
2110 6223 673 7585 4447 8018 3758 4534 3767 8152 9184 1274 3431 3561 7385 1526 626 7343 586 5126 1667 770 4013 7644 3447 2322 7827 4805 3847 6795 625 7382 4109 1076 7022 472 7687 7774 6092 7552 3479 5951 2915 4726 2261 2130 4189 8818 6693 3805 7371 6168 8527 5460 2968 9598 4379 8513 816 6684 1204 3462 604 250 4831 7664 6201 6931 2255 9061 6445 1126 8775 8570 4171 5941 6692 7460 7753 7058 1561 4039 5571 3144 1208 8607 4348 4670 9211 5853 7152 9495 159 783 9221 4388 3163 871 2095 9059 
9555 4726 3967 8537 4222 7144 8571 6197 2708 5873 2050 3025 7897 2447 161 6000 8020 901 548 4720 4064 7314 2725 2067 5890 3569 4927 9774 2062 3776 8882 3991 7755 7188 5927 8871 1194 2433 6717 7398 8968 6837 169 8367 6825 4817 109 3947 5151 6814 2134 7376 2936 9659 3820 9710 8869 7305 3435 3749 284 9451 8985 9868 492 7869 4140 9561 7939 2077 7880 3703 5545 3571 6037 258 2116 8029 5720 3652 154 8880 2812 9534 2931 6183 6990 1912 5711 8211 9846 8025 938 6457 5066 3054 7208 2847 7435 4919 
152 9686 7220 3315 3310 1931 6652 4368 2868 8564 3214 3860 2373 8423 3302 5028 8588 6203 8840 8992 6600 8678 3820 9147 8340 298 9908 4158 8933 7205 2442 8294 7163 822 5939 5965 2737 2665 3631 3313 9891 9890 8756 4536 2271 7429 9886 8546 4653 5717 3713 6495 4456 3231 1444 2594 7993 3092 1710 889 7372 6665 7896 7479 8361 3850 8997 3394 1820 1119 6127 3706 8248 2148 6188 9800 2800 4358 9806 1006 6664 9721 5926 4904 8165 6937 2731 103 1343 4876 9965 7805 8285 6447 6971 9801 6400 6814 4613 6752 
544 3757 1505 63 8189 5079 430 991 6804 7270 7216 4162 5612 7868 3533 9799 1350 6717 9831 5805 4549 6406 5309 2660 4433 296 319 9020 2115 2791 3746 6792 1515 9762 2017 4559 8219 2419 9485 6432 958 3963 3343 9858 4979 996 9979 6649 9810 4963 3162 1652 7307 6543 9709 5420 2003 8257 7403 9795 2074 2823 4473 1748 6772 111 1952 2097 3210 3179 3334 5858 9539 7575 441 4774 3475 5772 9504 6934 2416 7974 4860 2121 7994 3367 3486 6649 8272 4311 5880 1588 8895 3763 7709 9827 542 2139 1854 3989 
5982 4189 7692 5936 7068 470 8920 4902 9242 7139 1881 6531 1630 2329 8302 7478 750 6272 6809 1690 8383 8428 4985 6291 1843 1390 3493 9077 7665 1602 3528 6980 5571 4056 6989 990 5262 5200 3799 3813 7996 720 1912 5357 1002 3265 122 5394 5027 5276 633 1470 5337 7019 9862 5671 3494 2351 8215 4318 3203 632 1014 8371 9279 5233 1570 4504 7591 3326 5366 5704 7494 8277 4810 8497 185 892 8493 6849 1616 7519 7148 5497 7781 2864 2143 7032 4160 3000 975 8956 3801 464 1420 4966 9313 5178 4096 8779 
7571 8858 8375 3184 7402 0 8275 2630 6403 9749 4977 157 5482 8169 7283 9699 9245 7706 8060 5982 9923 9042 9289 4815 7899 2876 5151 8545 7560 7378 7778 5085 4054 7342 1323 9590 8181 6080 5308 7128 3269 2993 1041 5449 4653 1808 9985 8442 2921 1497 9305 7275 518 303 7733 4805 2162 4593 8334 3520 5972 6067 5699 2053 2235 8451 9457 8318 4142 2997 9445 6449 3657 5485 1932 3501 9492 4562 8748 1038 761 8901 243 8531 4868 8851 293 9347 2578 7315 9228 1467 9351 4266 4358 5776 1188 7684 6813 3306 
8639 1879 5199 8971 5565 702 6866 5213 6235 6589 520 2400 4013 6535 8600 9563 9120 4686 641 5914 9566 5508 448 976 4258 4915 3991 3306 3919 7910 2629 5685 1552 9158 9606 6935 1770 8130 363 1675 3897 3861 1840 2086 7771 6907 9817 4342 5532 7332 6383 1755 2005 6174 3317 3791 2628 6545 9472 8922 2488 8829 3132 8275 6727 3559 1867 8380 8927 2830 4252 1306 1394 7523 8253 8075 6460 5642 7412 3676 8562 8589 5933 3169 3373 3210 449 3467 750 4420 1736 8771 6235 6178 9670 9537 8284 369 1567 5264 
6216 4426 1573 3623 7216 5404 6124 4453 8741 9670 7413 1717 8712 1532 4536 7020 5191 5838 2870 1234 8154 2236 121 186 6696 4937 5979 1376 5846 1430 8551 6629 6777 5429 4596 6339 2701 1923 9890 3774 5387 4091 8812 681 4263 7077 1213 8111 399 6465 537 426 111 6739 3745 8689 4272 67 5953 7308 4885 5463 2776 8403 6455 443 8364 1372 1469 6813 2701 4697 7182 272 3739 9156 812 5439 6409 3133 4962 1546 8355 2407 127 1514 8071 3494 2730 4811 3674 9544 4868 4824 7480 5777 1937 4220 9578 5493 
3915 699 950 6751 4050 8560 2112 3609 4211 6641 5560 4726 4851 4553 5471 7157 6720 775 5801 6253 4966 5256 5909 5516 9094 9116 8014 6106 8480 3772 6933 1711 477 5749 715 5435 5239 3719 2750 6035 5702 4588 6509 4615 6366 5339 1301 430 5001 8423 6679 9999 2981 4222 2731 3696 201 1129 1573 1641 9731 9682 7152 9146 9061 5712 5770 3974 7983 6311 8023 7224 764 331 1781 2661 5381 4064 7850 1324 394 3104 4778 666 8543 8846 5334 1143 9232 6205 6100 9523 9158 8105 990 9398 3886 3954 2409 9372 
2125 6837 6825 2709 8012 6926 8615 7578 5902 1324 3111 4768 2789 9689 5075 2631 204 5750 792 8035 6156 4663 4777 2245 1124 2666 1750 4381 6475 3391 4888 6705 1687 4589 2079 1076 8285 2482 3930 8081 9790 8403 731 4616 6390 6122 5711 759 5637 9692 8725 9552 295 4577 9060 3875 5343 6372 2087 4083 4548 8736 8515 8812 6604 3735 6356 5667 7488 2686 8508 5514 2196 3984 46 5905 2484 7393 4234 4061 2889 7413 5169 981 2234 5410 3760 4285 2251 8104 4850 4678 2874 5696 7143 3952 6977 7838 513 1461 
7170 8951 3730 2177 2289 4526 2264 5370 3129 2185 1333 9593 8363 5506 843 5409 6568 4156 9685 3429 1807 9083 8477 83 3562 3849 721 8065 4316 5143 3661 4241 5469 8626 8393 3433 5477 4647 3416 8691 6814 3099 8254 2629 9505 227 9367 3019 226 6374 1258 2018 7728 5927 493 8263 948 9225 5301 6956 9827 5306 3445 7201 4547 9840 4908 596 5983 5567 1443 1744 4582 124 6216 117 2107 7227 7727 6620 4132 1856 7569 3835 7725 6566 6247 6187 3474 55 4499 8414 1368 9577 264 4931 2765 7649 8796 4511 
6994 9402 1499 9189 3184 6609 9624 773 4502 6919 3410 3361 319 803 7654 3375 7418 1317 550 7217 4428 8051 7719 1263 681 4056 6858 4684 6367 8054 2228 1975 683 7794 7438 7099 8260 9316 6798 6291 8519 7984 6410 9046 1217 1395 956 7991 9124 3113 1802 7450 973 1064 3650 4410 7292 4377 3207 6501 950 1966 3631 5545 3593 7968 7748 3208 5478 1625 2203 4902 5101 2349 7942 4939 6436 3979 571 8061 6427 4413 4685 8884 270 1543 58 5673 2935 5411 323 2293 9438 5955 5360 7035 5748 481 4368 5777 
4776 1447 4721 4417 2499 5463 1959 9038 4300 13 782 6625 3633 2125 1692 1080 1190 3289 1214 6980 9486 1367 9412 8490 9817 6707 5601 4326 9904 8428 1683 6740 6298 8836 9491 4792 5350 9697 5445 3353 4595 9111 7301 6565 7164 2362 1146 2814 4645 1410 8555 776 1804 881 8027 221 6384 3184 6262 7223 5762 6304 339 9093 60 6134 9242 4137 4354 4432 8651 9827 8264 3411 4339 5144 1158 6335 2368 4803 823 2741 4596 5770 1124 8297 7031 9012 8146 8389 8062 2253 5850 9911 5271 6703 5674 6200 1152 9298 
8426 142 4061 2552 7330 1023 9723 6038 5759 7000 5589 8352 9520 3582 4993 4902 940 6769 7067 8401 3991 1706 7261 8109 7428 7208 8533 3660 2839 3005 3557 6328 4731 3848 7773 5347 6911 8695 1990 7094 5054 510 6332 1081 2599 1446 2262 1560 4219 1395 1426 956 9124 9473 377 6608 5725 9430 5128 5682 7109 1901 9738 4480 5304 1811 8540 7039 6208 8298 2765 7724 6403 2852 2085 9194 5888 6259 9302 2963 3931 7769 1850 5932 1791 9129 8179 5897 5117 1871 5080 5296 5609 4387 2835 9403 4362 2110 9916 5768 
1624 1551 6337 1378 4645 5991 5124 9324 5700 8154 883 1589 9961 6219 573 9035 4603 2255 9581 4226 9365 7977 9911 300 7854 4788 7394 1659 2759 9203 6749 170 6027 1874 1135 1359 1916 5280 2617 4129 7766 574 987 4756 7278 8898 6861 3647 7925 156 5539 9040 2126 8302 7120 4804 1665 9590 3167 9110 8110 862 8670 4683 7854 3194 320 8717 9680 3782 7673 8145 7278 4286 776 1489 8373 6188 5903 2128 8957 1461 7242 704 2321 7343 1754 7208 8670 8712 7105 2307 8931 5998 3054 5674 8387 5058 8595 8076 
6284 2891 5899 2890 906 2608 2885 8412 292 5701 1158 2513 4774 6962 4794 9168 8615 5848 6470 7200 5970 78 4459 2384 8600 8085 2035 2458 2072 3591 2436 8544 1341 2621 9782 2663 6604 609 9 5482 1984 3483 7720 637 5846 5962 1444 963 5672 7475 4267 6602 2856 6556 6103 3835 278 5955 8106 6247 5287 420 4352 8856 4273 8160 7633 3250 3776 5451 9502 3775 8948 3138 612 2574 7172 1175 6069 3122 1510 6866 9698 442 8454 3948 132 6784 27 593 9333 1164 6262 7661 7732 8806 8526 9448 4112 6227 
4763 8242 5021 2211 6223 8048 3938 3427 9544 7230 1384 4729 7673 6436 1286 7651 9249 2220 9452 2560 8440 4411 3012 2256 8163 3857 8087 8993 2077 8034 4896 2901 1316 5517 9373 6092 474 4525 7552 6395 7987 4752 1944 6903 3797 4798 1368 5663 7427 1622 564 4157 1077 7299 3365 1884 176 9907 4743 2145 6436 667 7487 1676 725 1459 1266 3967 5850 2545 95 7964 4798 6723 2810 6604 3478 5893 6990 8775 4146 2537 6331 4587 4659 966 7689 4883 2927 5480 607 2183 5857 2528 2605 1175 8095 4468 9552 9816 
581 6312 283 8697 9320 4708 3004 3314 5028 9698 8039 7976 5212 7347 9596 6034 5732 9283 5459 337 3778 145 5646 9356 4998 1608 1980 4526 887 5567 602 5226 6836 4178 9245 1104 749 9204 3730 9495 4420 7036 3872 4972 9913 1018 3682 4849 7515 4688 5856 2733 1784 6756 2007 9185 9060 8725 3896 1113 4446 5902 4307 544 4728 9356 7618 8081 8330 4434 8813 1382 3283 7388 2961 7450 3469 9087 357 1677 6595 9674 6626 6643 8134 5716 7295 6082 5265 9991 7414 9091 4123 7101 9734 4831 5536 3896 9726 1620 
4848 9256 5084 7560 2089 7517 8276 2331 8025 1162 1700 8910 1032 2948 5837 9130 9577 3979 965 9224 8538 973 7521 1168 904 7798 5461 8306 6022 1990 6267 6020 1394 9370 4071 538 6991 2351 3813 8645 5298 8374 8762 5776 3289 5210 8429 6773 9532 2594 2795 4923 7049 9402 9519 4177 6891 1485 8642 1283 8859 5709 7580 6626 7266 744 6223 9469 4252 6929 1205 5404 7894 1826 6070 7579 1354 4972 6579 1611 2671 4349 59 552 4817 768 9408 633 3991 8737 7037 5976 5777 9075 2559 190 2348 8192 9064 8075 
8197 3146 2697 2706 2419 2339 8046 1553 7190 3818 9663 262 1336 6938 9427 1358 6126 4893 5951 8222 5015 1847 2648 9276 3960 9988 9929 9695 5873 4261 3954 2240 488 4447 4270 3377 12 5578 7696 836 5336 5655 4898 8718 9776 1578 6279 4317 217 779 7878 3148 6297 6035 565 2611 1365 7495 8814 5363 74 1113 8910 5085 4527 1070 2785 9049 1155 6938 4524 4831 3684 9946 7716 6621 9680 5997 8785 2437 7297 2646 8368 3631 6042 2103 3547 220 3194 5364 8623 4606 5920 2217 7578 9923 4590 2948 3558 3320 
9747 2668 4065 6485 6924 5692 2332 8706 6626 9558 4294 6452 9260 1304 8987 4372 8873 2456 1432 7658 9636 1450 6628 7011 3802 7021 9763 5309 4556 2737 3783 9531 9383 9672 8870 3964 8182 1154 7137 3099 838 7159 7323 5142 2132 9394 6937 8328 765 6538 2192 7449 9506 8219 1585 9149 6663 3473 6660 8234 267 7895 5311 22 7319 1488 9653 3536 207 9893 4325 928 4184 3742 3630 4618 4973 4523 4192 6753 5188 9550 4739 5726 8951 4641 8691 3736 6500 8613 473 4262 9308 5035 143 4065 9087 3209 1583 3023 
7233 4183 3158 3559 579 3313 9159 960 2181 2951 6191 4053 8129 5091 8480 5052 8756 9483 5182 2369 9328 4020 7180 5396 5317 9785 4368 8720 7891 7631 2940 1721 6089 5024 9974 5106 3971 1215 8181 7959 2091 4164 5303 5534 6275 9533 2299 6464 9521 7035 6078 5237 8523 3407 9448 8528 6306 2931 459 1924 4160 266 8422 485 686 8138 4500 2969 1346 6319 1178 8180 4625 2429 3115 5738 8121 5822 7078 430 6392 3711 7118 7273 1222 6651 9678 586 2066 7205 8083 828 6767 9488 2267 9352 6772 7456 9725 6747 
5389 5763 8495 8176 8596 6691 9710 4155 9644 37 3008 5081 1141 7964 3326 2028 9704 6463 3455 3099 584 9376 8879 3866 8892 2603 7552 3204 7563 8582 6553 8157 4870 102 6468 9813 1959 2640 952 7273 9160 129 680 6234 7454 9203 5223 2554 7446 3112 3680 5321 31 2698 4096 7757 4467 2094 3560 5823 7567 3084 3204 3101 3289 2458 3454 3780 3626 240 2659 2528 6016 6449 3318 4850 4969 8709 6977 1261 9268 9820 4052 1010 1613 3474 9433 713 6939 3173 3652 5137 2820 2751 8178 785 3422 3822 4698 7552 