1629 7384 7795 4498 6073 5269 5816 6594 8735 7201 755 6757 2442 8853 3813 5873 1880 7712 3887 4260 2971 4588 1542 6976 3491 2916 2888 1261 7716 4445 9209 8755 5762 4724 8036 2066 9329 6884 4565 5499 3941 1438 7846 9451 5263 4496 3347 4969 2161 329 6496 9775 8394 273 8870 8483 1804 1013 3449 1268 6657 2983 4622 3681 2223 5044 100 3046 2446 4922 7986 3653 5617 8970 7219 9030 8702 6147 1446 7450 9171 6690 5660 4778 7445 8073 9483 3856 8839 7305 9778 1314 3231 5998 3520 4943 4402 8124 9485 32 
9897 711 8208 8328 2582 2933 5486 5986 5645 6459 6636 7720 7206 4426 4430 7726 5049 7275 2556 2774 708 9825 5841 1678 9746 8674 3623 297 9351 7816 8042 6557 1198 4833 4558 1893 3053 93 507 1755 9080 2703 7300 8255 6802 8561 46 2737 3782 536 2793 3058 6441 473 1090 4276 2046 6780 9157 3468 6066 8443 8689 1280 2206 3742 9994 1300 4515 9707 3214 6038 5047 5437 8606 4302 4333 977 1644 7551 7772 4349 8200 791 2714 7543 6149 8765 422 9493 8191 630 4983 8555 3183 3846 9565 318 8756 8617 
5267 2745 4546 3705 4335 7162 9355 3201 7236 8662 9549 6992 7960 5075 9547 7125 7592 5883 6689 773 4986 8696 9568 6443 5872 8560 4511 7988 732 6460 6950 5314 2197 1517 2087 852 487 7182 257 9302 8769 3465 3293 9352 5381 9071 7546 6043 614 7453 2644 3240 6526 2161 40 7623 297 6608 3743 2520 1417 4453 273 3614 3077 764 2247 7494 9110 9977 2997 28 8660 9380 8236 5589 3936 6826 9558 3619 3023 948 2949 4991 4829 5783 8584 7519 2495 8668 349 4528 4512 6495 4765 5436 8044 2955 4004 1834 
6714 2451 8635 64 2127 172 8209 145 8756 3913 9450 9222 9485 4167 6296 4658 6986 1918 6105 1721 7118 4483 3750 2521 7510 6723 7000 3312 2837 8594 3764 5546 3321 3845 7047 6554 7069 4243 5803 361 8892 3476 3466 2541 3070 6459 2840 9624 6425 6209 1017 8641 3982 1384 409 9459 770 5788 4704 4348 9575 4886 9688 6835 920 8581 5988 247 314 1214 4165 4552 8971 1494 4613 4351 5460 8648 8192 8660 8546 630 699 1651 6139 7570 4689 1183 8159 2088 3822 5224 7045 3599 6907 5392 2789 6740 4464 45 
6784 6838 8780 5177 9821 9262 5192 4218 6183 1544 2212 4875 1678 6906 1378 8653 2550 8269 3555 2665 7286 9458 7152 2836 8925 8684 7151 7563 9210 8279 7934 6654 330 7586 4481 2160 3424 6439 3134 8403 8361 3740 3503 3718 6777 2002 9330 4549 9588 3328 9249 9023 6662 6640 5418 5023 1780 8799 5002 8893 6275 5643 6946 9588 1332 426 7921 5956 7020 5376 8678 8087 3125 1876 1662 263 128 9480 4300 8023 7349 7482 7370 8982 7676 2837 8970 2139 1719 6502 1506 3376 1392 44 2185 1634 9595 8440 949 4858 
3427 1622 8264 5949 3935 2644 4883 8354 131 9860 7351 6840 4249 8285 9429 2986 8851 7449 1414 9256 2649 9132 7187 3729 6992 1970 9280 9542 951 3946 5202 8834 5594 5296 7992 8502 6771 4957 9599 5142 2998 1088 6249 1706 6623 9507 4486 9036 1717 9365 2281 9354 7030 8201 7848 179 6488 985 6561 3009 857 3045 7433 3352 8730 2825 5525 7028 560 5204 328 8626 4096 8616 9781 6473 4622 8454 3634 7921 9220 5115 5154 9496 3169 1742 9680 2753 3124 1457 9660 572 9933 112 5495 2890 7707 872 9240 7257 
4375 1947 7505 8154 9003 3279 3350 6891 8712 3272 2342 9633 8982 1869 7448 2029 7183 7090 5120 143 8019 2466 3975 6590 1342 9579 7103 2147 3778 4627 5459 8559 3078 9809 5775 7209 3005 6058 8938 7379 2287 9540 2214 3074 2380 9522 7670 8576 6873 6911 4897 5375 4433 1453 8234 9633 485 333 968 6062 387 9014 7807 523 4741 7562 9067 9079 75 2796 8781 6176 9631 7030 7831 6226 5822 5778 9210 7159 4484 9733 8252 2046 5153 8473 8752 7644 6235 5259 2541 410 7449 3077 7740 6443 4440 5290 3341 5726 
6841 1398 9076 8452 5962 993 8906 7985 9915 91 8335 1366 3239 22 2436 940 5307 6242 7042 9498 9850 4537 5311 3999 5053 9336 8303 9151 1398 7686 5916 5636 7798 9601 6801 5138 775 8684 763 8967 6355 7057 3483 6699 8678 6160 9204 2049 4843 7258 9076 3644 2020 8682 5860 775 9076 8682 4617 7046 5935 759 6770 9118 5622 4430 3341 827 2492 4758 9589 1936 5129 4571 3640 7763 7091 5103 7455 5805 2591 4094 4173 3855 9517 8330 9346 2711 7543 1965 7226 425 949 8491 6607 8210 5761 9565 5574 899 
7740 2450 6242 5643 2276 3761 481 2941 4966 4387 807 6570 6779 7771 8630 9367 621 7650 8328 4639 492 7904 4065 4339 1533 3293 869 408 4612 8605 8999 3509 372 9692 6637 5359 7258 7932 4001 3969 7759 813 2637 4879 5898 4171 5722 9192 5040 6130 9108 9155 4597 4724 8344 769 6681 8592 9920 6524 6395 4283 1054 118 8093 4289 1656 3637 4138 3793 4790 8874 3470 4794 4804 4178 974 6572 7246 9920 8641 7104 9657 4619 6213 110 6092 6195 8935 2783 8382 1803 6422 3737 9416 2384 7034 1459 8600 6887 
5309 1792 627 4558 2067 5696 7650 8426 4827 7737 376 9051 1678 3052 4997 4238 7416 2272 7324 7589 1982 3914 4815 1153 2017 3377 5240 5635 6194 1194 6055 238 9849 8566 8081 560 3221 9358 3541 5150 31 8661 8649 463 6840 508 3749 7334 4802 3109 625 5823 1376 1254 8851 7334 3893 8510 5998 8434 3502 7537 8474 1960 3393 8755 1960 778 2080 78 547 9870 3215 9416 927 782 6368 3654 1268 7437 8171 5010 4362 1583 6238 7586 5864 4161 8076 5536 5381 9827 703 4868 2562 8235 6686 2666 2242 9016 
6281 1561 1883 3706 9776 2246 5141 8513 180 1560 7436 490 5821 676 8956 1076 6211 4485 3515 4033 99 7188 766 9344 2078 3999 1428 4551 680 1795 8904 6683 9231 2053 6018 9475 3723 9285 569 5502 2872 2822 995 962 9367 8454 3019 7929 5329 3535 9072 9225 1329 2607 3755 3508 5972 5614 3403 9124 9880 7301 703 4489 8079 472 7791 1470 460 109 4635 5365 8601 8499 714 1864 8069 446 3970 2505 3325 7495 3332 6620 6171 5430 9101 4475 4474 467 5081 7829 3825 9282 4370 9159 3714 7932 7229 6769 
1252 7989 7341 7333 5927 6388 570 6116 9286 6570 7468 1514 416 2730 4811 368 4547 9544 3735 5104 4787 8657 5855 7327 3231 3077 3493 4656 9986 9814 8604 7261 9739 8872 9323 955 5797 1357 8246 3623 681 921 2643 3414 9160 671 1740 1715 194 7531 8822 5824 9520 8152 6546 4133 8926 8210 3500 7383 7529 271 9208 8395 1812 6217 9350 1765 2623 8591 2748 210 7714 4431 1656 6925 5349 6649 6976 9289 4362 2110 6605 1551 1378 5991 8154 883 8921 70 9961 6219 573 4687 2630 2255 158 4226 5065 3986 
7852 5124 1708 8917 8677 6952 2292 7416 5258 240 5917 1024 9826 9593 229 9986 2561 4853 3941 1733 8586 2087 3405 4212 5680 535 9813 549 4443 1265 4283 8420 5951 7327 3944 6550 7734 7841 1294 6880 8941 6264 2181 5721 2789 1062 4491 1114 4458 7908 3846 3024 2058 1535 7773 1523 2141 9046 1470 3168 4206 9694 7712 432 4167 7280 5772 9760 8789 1344 6669 7840 9297 182 4206 8115 7843 8756 439 6968 8894 8993 2742 261 5432 2745 6719 538 2239 5633 7655 790 2112 2542 1654 9477 7751 6416 7800 7592 
3347 3582 7849 3945 627 4835 2393 1810 4278 3958 3330 9799 3493 3381 7694 244 8460 6557 1754 7575 7625 6576 3097 4584 9679 2032 5027 763 9163 9751 2434 3979 2612 6183 7279 6952 6350 1176 2620 518 9305 4294 8040 4058 346 4025 5270 605 5272 9297 1126 8830 175 7165 3436 8010 8073 9062 2771 4129 2265 5472 4174 5248 5477 2069 4186 454 6423 1987 2331 4789 7788 2298 143 120 9536 480 792 5763 432 4258 5419 117 1761 2585 7585 8018 7613 3767 9858 9870 927 4295 7028 9913 7237 2854 7125 224 
1617 7259 7641 5544 1727 8170 2539 9363 5541 8335 8862 614 2445 9959 1499 2336 1896 7432 9965 5793 2633 8658 1653 5980 3832 8358 4658 4490 8664 7697 824 9894 2988 778 3741 2357 7239 5531 1148 6592 6810 4728 7491 6891 9698 2836 245 1526 375 626 8084 586 5126 7184 8857 997 2042 4013 1247 7060 2803 808 5352 2215 4143 6023 2642 7179 3110 2838 4372 7045 6652 4432 1611 5774 5858 2320 6452 5762 6486 4359 4365 3835 5446 3024 1188 5966 1087 2352 6040 5712 4493 1376 1254 3951 8851 3830 8978 7382 
7421 3502 8474 3393 8755 6943 4863 3349 2592 955 9368 5728 6316 7565 3149 9147 9858 7313 8783 6988 2887 2591 6371 7930 9593 6303 1379 4310 7191 8591 7491 3294 3131 5203 326 6925 4075 2586 2561 3425 1170 7370 7016 731 269 399 1277 4085 1999 6480 6701 3694 7168 8746 7098 6383 1832 741 9729 447 885 4878 3653 5536 1329 7728 6193 1920 3433 788 2128 7071 7788 7622 8132 8783 8612 7573 7367 8897 9347 4759 8110 1763 8727 1658 5468 5153 6833 8121 1690 9692 4059 320 9313 2431 5340 3098 320 9472 
1207 4418 6025 4726 3286 4670 7565 2729 9160 9039 8577 888 316 2934 9358 852 9273 8006 7851 8141 6290 3786 1837 7402 8761 4940 6111 8077 6185 2045 4932 2689 4019 4290 8910 9674 7228 4285 9074 0 4194 2539 9153 7975 8417 6932 6284 7649 7614 3015 746 820 2929 9189 3184 8445 6919 2903 754 7381 2248 663 2008 5760 1363 8453 6089 3971 224 5550 5822 5218 4485 8319 9186 6822 3637 3956 1713 3656 551 8668 7319 3251 4980 8112 7413 2225 190 8618 2564 5610 1912 8961 8770 6183 7851 8141 7927 2336 
5863 284 7844 4295 6422 4288 3797 4798 2214 5491 785 7822 4330 3596 4424 8890 7706 2991 7949 1038 6616 6994 4570 7899 6828 4488 1001 4702 6300 4174 8657 3127 4503 724 2253 7706 3358 4658 4490 8664 2688 8721 2766 2580 5396 5498 6903 4420 5829 7441 6600 8189 2832 5305 2683 4409 7502 7820 2767 4029 8429 6932 3780 4461 6630 5017 2762 7225 84 6678 2978 8171 445 966 435 2775 9030 8505 2082 7938 3319 2130 9912 6104 7269 9835 8717 8307 8628 1120 7835 3701 7647 1547 6123 7996 2552 967 4341 9345 
5917 8644 1598 1199 7585 7197 9010 4362 7227 3781 6623 5691 717 9082 7249 9470 4089 2961 4721 748 7198 7514 5594 6418 3253 8001 3172 7033 5812 6726 5778 5553 9191 6237 6441 7979 2332 4175 3662 4136 5443 4394 5906 9623 1712 4834 745 190 1304 6196 963 692 1106 5406 2561 7667 1240 4591 2709 3672 8768 7454 6534 232 784 6637 4593 3889 8187 379 3381 3020 8496 3643 7220 193 434 3814 6567 6813 2974 5192 3419 9033 4287 3916 5240 3699 5047 4147 4094 4122 8267 5193 7519 5112 8724 9133 9642 2280 
6374 4859 9084 8148 5785 2810 7507 8295 3501 7819 1431 4709 9177 8551 1592 1573 5335 7638 7052 2413 2358 2802 302 4162 6069 6493 2487 6179 4308 668 2707 3354 8929 6106 6986 5769 4272 8724 5953 1157 4350 6683 503 6380 1563 617 782 2470 4590 6542 4174 5391 8745 1854 7791 4630 9887 7101 5133 82 6002 8259 3532 8304 8054 5783 552 1087 7592 4042 9645 4954 4458 9623 2017 1012 8856 7578 6929 1299 3116 1646 1619 4325 2312 1079 8762 7852 625 7536 5820 8963 6854 8284 7743 7305 8538 6265 1929 5095 
9454 330 9278 9146 7340 3508 1563 3251 955 4456 9998 1190 1475 5671 6038 6185 279 4147 2162 664 2257 5337 7337 6719 4269 8858 3705 8508 7022 7774 2976 6981 2215 8570 3739 1240 6589 5265 660 3421 2090 3975 1593 5594 3889 4263 1517 1839 1291 3020 4037 8021 7221 8237 9556 550 2113 3829 3960 7652 872 8352 6595 7216 6392 4934 6567 7376 3630 6634 4036 3135 9311 3416 7544 4036 3842 9995 7527 9497 1344 8703 1361 4106 9474 7598 4017 6221 2153 6566 682 8668 9400 9859 6979 9505 2673 8426 1123 1692 
1702 5553 3036 9572 1935 9318 6677 2 8609 6456 4018 963 1300 793 6718 4385 6944 5216 3906 9576 799 9409 1349 9107 2236 3366 1352 1878 3317 5610 6278 3817 3493 9769 163 1259 3384 3374 1764 2553 6370 1849 2337 4544 3660 584 5976 2762 8953 1958 3271 5993 6625 3572 5740 2261 2797 6636 2914 1645 2927 4265 8153 6593 9660 915 7196 3403 5684 5307 4409 7652 7386 7350 2040 7743 6674 3555 3884 8975 9522 9054 3216 8868 6962 7110 5733 9086 1207 2382 1849 6532 6898 5978 3893 9419 1800 8616 4802 9399 
9097 3275 6552 1354 2172 7541 7256 1514 3029 8203 5985 40 9771 8726 3627 1546 4623 7188 6771 4379 3253 7983 9846 5291 5509 4261 9173 6586 1335 4763 5641 4583 5727 1386 8453 460 9048 7350 2224 1361 1847 3563 6002 3883 9283 6979 3375 4580 7752 1091 3699 6424 9987 6882 1516 6097 2127 5320 318 7681 704 1480 5342 115 4069 3088 4813 3413 8035 554 3933 6858 1625 2759 3168 1798 658 6291 2466 8348 2120 3064 9223 8107 6020 8849 6211 7371 5090 7781 7355 731 1935 4750 3278 1649 3430 4937 8393 5577 
6188 2465 1906 4286 884 2344 5317 9210 5897 9150 1311 8174 78 4374 4403 2967 1858 6892 442 4365 3948 9333 5884 7661 7732 8806 5770 7083 2572 170 6608 9781 1714 7783 3608 2610 5471 1593 4225 9160 3608 1946 7343 3501 2463 2906 2927 7196 5150 9786 6656 6405 4253 3805 7274 3374 8579 3295 197 1819 4726 2196 5501 3409 6323 284 3580 4543 7693 2776 6043 3701 4367 5799 345 575 6219 5992 1572 2221 3026 7655 3494 8778 6145 8982 3492 561 1949 6005 5454 2020 8843 9143 6218 7665 5761 2944 5720 3857 
4618 8290 4825 6561 7867 9517 8349 5258 4330 5280 3626 9346 670 9130 1390 2807 6758 9774 5602 1359 6406 1453 5506 3595 631 9910 6403 6689 8080 8049 9431 3405 6682 753 2188 4348 4965 9089 1655 5372 4361 3421 8792 1870 4580 8206 413 7744 6845 1836 8195 2570 3003 4051 9287 4139 6169 1644 6576 5065 5955 8274 8732 2159 2162 6061 2987 3031 5886 1870 8498 7343 4446 6585 9437 6338 8021 1206 8989 7011 4354 5152 6980 6865 659 349 522 5049 5874 6689 8128 6776 1188 4299 8797 3764 344 9775 360 4107 
564 5885 2574 1469 1015 1263 6269 2930 6779 5183 692 6820 2155 2052 1175 882 936 8251 4157 322 9383 8491 4896 3006 1763 2180 1097 2915 2278 6561 8457 1570 7591 5956 214 4810 7774 9631 1787 1908 3323 5938 7275 6588 1605 4189 2157 8399 2165 4291 7571 2647 8703 2246 3746 6084 5591 1385 4789 1780 7297 5511 5123 6176 7804 8903 9170 678 121 1995 2382 511 4095 1732 3830 5691 8297 6055 4601 6984 3847 7126 2963 9733 7382 4265 5987 9663 5504 1318 1702 4191 6863 6903 945 6610 1551 1378 5124 9324 
883 70 6219 573 9035 2630 9581 4226 7977 5212 7852 300 9895 5715 7728 6357 7896 739 9077 2808 4394 9869 4454 2660 3168 2630 8271 980 9754 1938 1740 2561 8793 3941 873 146 9977 2746 3967 8782 3454 5149 9874 6510 2129 9027 5312 8087 1468 7197 9044 4993 5159 4490 1070 2215 9894 4689 1718 7173 373 5657 5945 5704 9597 3172 2968 1772 9814 110 8905 1452 5104 2739 3440 8382 969 3960 9458 9538 7334 7412 1416 2408 9425 7166 9511 8460 4143 2286 269 6176 11 4069 4238 6865 3413 2445 1431 8028 
5097 9480 972 2619 2476 1195 116 3119 8889 5348 58 788 8823 1528 5064 6447 5733 8097 1674 8062 2968 3794 7923 4358 9533 3461 1449 6103 8337 8920 3906 3439 6926 157 9667 9226 3161 6136 6007 2240 2113 9564 7372 2912 2575 2119 252 6651 4148 2307 1220 1212 9100 6800 149 8440 4233 7492 2959 1859 2680 2960 9261 221 945 1511 4862 8968 3394 954 1662 1123 8980 1468 6995 1382 1190 3365 8236 9196 8909 4147 2162 3044 4201 7239 547 1718 8082 4295 4616 5112 9133 9642 905 2280 4692 7490 239 3891 
5785 5770 5465 355 784 1311 7497 2809 8306 8197 8632 8851 9573 9605 4085 3659 3184 6262 5227 6163 8196 6747 4794 3924 1026 8461 6196 587 4178 9053 4021 905 6878 4619 7132 5026 9603 926 1246 2604 5106 7358 9371 6417 8951 9980 9449 5237 6128 9611 1816 2962 757 7187 1703 9024 3570 3588 3170 731 1095 2608 2529 3789 7305 1458 8940 363 9513 1137 6108 1744 2842 3858 3959 7109 9547 1260 833 4303 6061 7021 3500 8595 1403 6556 6479 330 4210 6588 4117 9819 7851 7002 951 6854 5898 5319 1799 5250 
5999 4743 8624 8786 1158 1197 7319 2868 4667 6424 7100 6430 9918 7015 7700 9160 6473 6459 9770 4435 4170 9916 9995 9259 9762 6561 8670 1482 7206 7150 149 5337 1294 955 3464 6377 8246 465 3623 1102 8308 681 921 1169 3598 619 7952 5823 7933 8851 3830 7382 8510 7421 3502 8474 3393 4238 8216 4863 2766 955 2486 8587 3490 5072 911 7313 2420 3647 2887 2591 9468 8978 8510 7537 3393 2141 8755 4238 6943 8216 3349 955 6877 2486 5728 8587 6316 9415 7565 6561 3149 5072 9346 1637 1641 9603 8868 9726 
4030 2578 7311 7215 5768 9100 771 2560 6424 4714 6840 7873 6908 1214 2854 8195 5929 9742 3968 3920 6073 9053 4021 905 6796 6930 3987 2193 745 550 2113 4461 5585 171 358 1532 3680 872 8796 7444 3122 7216 7376 5473 3357 3662 5430 3135 7832 135 779 2693 538 4171 859 1877 7278 2577 3291 4435 6633 2165 5816 4441 5422 192 9743 9761 2742 2370 9985 1183 6660 6277 9209 4959 2810 4987 2522 4527 3857 7909 8492 1805 4518 6138 4703 1159 9131 4524 7046 7030 8347 7546 2016 5928 3935 62 2075 3820 
1319 7305 4229 3136 5526 1913 7800 3670 3560 5788 2593 5575 3818 1415 8374 1382 6540 442 3245 6628 3666 5753 1595 4488 1063 2557 4495 2660 5580 5033 411 9454 5551 2137 410 6523 5687 2622 5833 7745 7429 4591 7833 3160 4092 9086 7448 7789 7964 8151 3783 5383 7350 5942 9909 7867 8747 852 2358 2562 2096 7427 4245 35 1877 2830 5274 9653 3027 1348 9485 2764 8109 1194 1645 8747 1589 7683 9997 637 568 2896 6693 8282 7228 8543 223 8142 8409 7529 6954 726 5419 3376 3920 2887 2259 58 6633 3756 
8824 5858 4441 6504 2270 9131 3707 5422 5366 9686 8033 1114 4390 6001 8291 2856 5656 2751 5356 8800 7130 7820 5013 7612 5840 8499 3020 9977 3619 1133 9279 339 5055 3584 1216 5897 6223 5434 2998 3854 5073 1930 4696 1237 8772 8942 7071 4079 5418 6328 7813 6095 2318 3200 8495 7752 6713 4820 7360 1984 7204 4390 6395 9075 3782 2277 8706 4663 5476 6404 5131 1016 5662 7908 9608 3878 330 4938 8164 138 9310 8581 1788 5743 7351 7500 1048 5115 6061 5118 7611 2728 7316 9129 5995 1891 5117 1871 5296 5903 
2051 4320 7790 2499 3785 623 8396 2028 9865 647 9506 4051 9066 9954 8459 2846 5869 7369 5218 9531 4069 6506 3676 8682 9906 6402 8782 8981 9328 227 9476 2219 1866 7218 6118 3634 5871 6932 7674 3179 9943 7477 5160 5182 1541 4020 3916 7200 1377 9289 1215 4394 1077 382 9066 4249 4214 9392 1682 1918 5975 1401 7799 2705 5103 7971 5399 2655 6398 2839 5697 2387 31 3190 4062 3420 7575 4783 780 4321 8874 4772 1678 4519 4291 9447 1878 2659 5836 4710 3004 1094 5807 6537 3051 8434 654 7881 5561 2533 
3997 4362 5751 3255 9093 5648 1046 2981 7986 724 8723 9368 320 3569 3072 3003 8315 8159 5419 7754 9090 7427 1712 5276 2817 5701 2928 481 4934 5592 5607 1101 9569 4491 9953 3686 4864 5688 1842 7628 7570 5912 5475 1332 6318 1767 3057 4230 547 4003 1966 5946 6418 1046 5223 9191 7718 6339 6187 9362 3037 8941 8064 1110 4199 5379 7166 8516 862 2526 6895 5836 7336 678 1257 9155 7222 7033 1318 3327 2376 9829 6726 2837 5800 7941 6369 9124 9526 7481 9504 547 5873 5706 756 664 1590 4148 3245 1903 
4420 9501 8196 6772 1680 4857 1764 4392 4218 8727 5603 5371 1658 3800 1805 3807 6786 6833 1690 6270 3704 8817 2336 1289 6795 3109 625 5823 8781 2650 7933 1531 8851 2866 7334 7382 8510 8434 7537 2141 6943 3349 955 8587 7565 3149 5072 9147 9858 4800 7313 2420 6988 337 1293 1548 6448 9361 6371 785 3635 6995 1680 4857 1764 9079 880 8179 4046 565 7486 6565 3639 4657 8116 7576 7901 4819 1199 1263 7002 9531 6060 42 6739 3200 667 8275 8551 7627 2513 1950 8608 1832 9871 1819 2237 3395 5166 542 
6837 7680 3293 1949 3295 5597 953 178 5967 7668 6818 1141 5454 5537 2754 3473 7561 554 3224 8782 3377 6550 7853 4213 7418 7118 1026 8232 2164 2160 6471 4860 3761 8237 8002 3338 1566 4237 9373 1807 8358 1434 7248 6534 1272 6951 5790 8566 9185 5445 6745 7979 693 9544 9017 2838 7756 9599 9077 9309 9511 4845 7525 7113 6131 2408 8841 5950 8622 3473 8917 6243 8855 4758 5748 3420 6960 7004 9166 5303 3468 3518 9693 8297 9254 5923 4875 7455 2772 3218 5715 5001 3004 4535 7810 4764 8326 9603 7991 9074 
2993 2836 3609 7759 1192 37 7270 2970 2796 6211 5392 8451 8393 9247 5459 3029 4865 6834 2052 8999 4560 2728 4226 4139 9820 82 4315 6643 9023 2828 5747 6538 5622 2306 7194 7809 5516 9841 3745 9999 6727 2436 4644 6399 8421 5484 7243 7052 3362 8412 8843 1910 669 9619 8109 2532 9861 1779 6960 7856 911 520 7214 5974 6436 8497 8363 8440 8215 2779 8618 7214 5364 6812 7155 5034 9483 479 3533 7497 6870 9197 571 4137 5120 9869 9701 9597 9944 1737 1906 3079 5129 2276 1946 1702 739 1881 5543 4316 
652 7237 224 3938 1046 1500 2006 3280 2074 8074 42 2931 1899 9988 7371 2382 8103 1843 9739 4755 2455 1591 9280 7856 3970 5197 5436 9749 5074 8371 7111 9940 8705 6902 8428 2237 7143 3638 6638 8107 1274 5502 9238 4306 4772 882 6982 918 9361 3209 8836 1027 3743 2292 4231 6460 9873 5022 3090 3536 3283 694 1277 6285 6879 4871 8988 4929 1475 1638 7301 3991 8862 3321 6768 7148 7538 3306 2838 1553 5926 8190 1023 3171 9559 8144 4210 4175 9129 3621 1241 8451 3681 1852 4621 2586 3719 5833 2333 3102 
5849 9684 705 7525 9551 652 3673 9012 9718 2196 3267 3432 3330 5501 684 9697 6729 6363 6705 2776 6043 9155 6220 3842 8800 3515 1446 6554 1459 4601 8619 7258 498 8776 9386 2377 5286 7955 8887 7343 721 6632 3483 1009 7505 8816 9140 2479 95 3037 572 2743 3235 5259 939 153 6481 3011 3746 9552 9842 3074 235 2503 6215 558 266 6847 1640 1845 3257 7300 7685 3317 3359 5549 8445 3889 379 1457 3861 7220 3209 9550 2380 6567 1683 2479 7192 2707 5727 7198 7489 4631 664 7029 7557 5963 8815 9986 
3354 3929 7270 8006 2638 5475 1929 2070 573 1989 7952 2746 8629 3556 826 3775 6413 9721 3244 8666 3817 6795 625 3951 8851 3830 8978 8510 7421 3502 8474 3393 8755 6943 3349 5728 9415 9147 9858 121 377 8964 963 9361 6371 785 6995 7296 5324 2252 9464 3062 635 5511 9395 6032 6057 9828 2890 9553 7792 4720 2661 1717 4864 2029 22 4567 7406 2449 7503 1617 8822 9931 8684 5541 2066 7975 2765 6932 9628 1318 4983 2981 4857 4978 1763 1082 5226 3822 8858 4567 1658 3800 172 5468 6833 3704 8817 2431 
2601 9472 1207 2346 1470 287 9752 3957 6401 6909 3577 679 7844 3525 7816 8125 5327 1205 9050 6038 9196 664 7212 6713 8030 7433 8508 472 5517 295 9311 4525 5019 8417 9683 6925 3792 3823 3948 4295 7987 4752 7592 1944 3796 5848 622 6422 6726 8843 326 3863 4288 3583 4798 3266 1368 8519 5663 130 5497 3994 7427 250 5019 1846 4395 4697 7473 7664 1375 286 5663 4083 5110 6814 4729 4359 4493 5728 284 7743 6767 8090 4194 8759 9788 9214 7305 7987 7489 6807 8538 5525 4471 6265 5812 1929 7461 3390 
330 26 9278 7368 7340 4257 3508 2906 7847 395 9615 1007 5141 5478 7305 7829 9831 1642 4926 2449 3832 733 514 8619 2218 7503 7897 5363 3002 1617 2703 7259 1478 5609 8822 9325 6684 9931 2163 7236 6344 1727 788 7986 6654 9590 3739 1781 8684 3999 6608 5541 4577 2066 9153 6055 7676 7975 2765 4026 9048 6932 5922 6284 9628 7649 3425 7614 655 3015 746 4796 820 8796 3360 6065 4511 5253 6994 2929 9402 6957 7487 3342 1499 5904 548 9189 9642 3184 8817 2784 9624 1272 773 8445 4502 5921 8157 432 
3410 3361 4169 3316 319 2903 803 3661 3059 7381 7654 3375 839 7418 7018 3800 1317 3425 7826 2715 6271 7217 6471 4137 6903 4191 8051 6616 7719 6935 1263 8522 6948 7933 681 6024 4056 3952 1075 663 6858 8744 440 1459 990 7308 5029 7461 8088 716 8631 9921 7333 6991 7640 4606 2514 7569 447 8250 5352 8659 2215 933 9230 4143 4830 6023 5180 3365 2488 7179 3189 3110 1580 8903 7102 9616 6122 2838 63 4372 4542 9383 3109 4330 5469 2339 8474 6652 4714 3654 4432 2494 2858 5858 7686 2320 7439 9422 
9640 6452 5390 5642 1805 6486 6536 5202 2222 9645 9533 7691 8336 4359 695 3051 4365 9989 3835 3211 9658 5446 5337 8868 1304 3024 1188 5095 5966 6962 1087 8770 2352 3201 764 510 6040 7300 6945 5281 6649 2990 317 7869 4598 6450 2328 3319 3365 4231 1884 1662 4743 9192 7487 5425 8872 1450 1556 5129 2768 1266 4169 6067 5921 5514 9044 5055 9708 4643 6925 6456 3522 3568 4742 7502 6510 5341 2656 7790 7619 6878 5780 6461 5730 4101 3772 8600 9583 3234 6891 122 5315 3641 229 353 2861 6742 338 7369 
9217 9995 911 3434 2783 6585 7540 2521 4446 8237 3302 5794 4224 9050 1834 2053 1287 1509 6028 9310 2919 5256 3533 615 8034 5103 7429 8504 4572 9995 2948 6423 1393 2946 1456 8916 1734 9049 1164 15 3238 3754 1124 2991 5476 2324 4986 9802 4216 8653 9721 8854 8146 5353 5648 609 9749 9994 7994 9208 1379 790 5846 3385 6865 5962 4830 6563 3428 4830 5169 4411 9019 4443 3164 9801 5407 9021 272 9037 118 7163 5267 3028 1522 1925 9912 5482 2615 1397 1670 5249 6096 1185 7229 3493 4112 6120 4655 2728 
9366 6134 3625 9546 2111 2187 7841 2441 3904 7685 5508 2432 6818 4828 3146 409 2295 7654 7530 1254 9539 426 2309 3359 7707 1763 2162 9381 3831 856 8441 2027 7339 9302 612 6025 6393 7045 4330 2339 4714 9294 2494 5774 2858 2320 6590 5390 5642 6486 9645 4359 4365 3835 5446 1304 5966 1087 8770 3201 510 7300 6945 5956 6236 7869 3069 2372 5686 7358 1587 8012 2328 2661 2202 176 4942 3754 5228 1898 6436 9541 9528 1852 367 1556 725 9021 2768 2589 5514 5055 7199 907 8433 1191 2140 4906 564 8214 
4109 563 1313 6310 9908 1263 8161 6794 6060 4178 8436 2690 8244 9443 2806 7824 2566 8804 2427 1725 9085 5632 8622 6308 1465 1486 2104 9228 1944 425 665 311 4507 2295 7530 4489 240 6944 8797 6741 408 5242 6594 4378 6727 4578 4929 1794 9275 4904 8487 4984 7327 2977 1716 806 3832 3107 6212 842 4241 7242 8652 6783 9500 6318 9516 1945 7494 6954 4394 9290 5906 6533 4558 8759 2212 8041 183 2353 4910 7289 8669 9886 5287 3237 7614 9546 7861 2582 7676 914 5356 6063 1645 2768 2357 261 6391 5580 
3914 4621 5536 7190 921 2848 2442 9759 4002 8866 7081 7903 3373 4632 4805 369 1740 6235 1056 5477 6178 2278 8284 5670 8970 1659 4650 8682 9739 1568 4273 4466 2736 3812 3197 6651 6808 8415 1327 2499 4935 5189 4902 3798 3128 8700 1644 2732 9820 4789 6878 1202 1382 6319 8140 4974 3212 6957 4396 6402 8995 1340 2884 4276 1632 89 7111 8255 2016 3174 344 4685 1703 6328 7155 5912 9483 479 4272 990 716 5352 2215 933 6928 8903 5477 9243 5591 8054 4494 6039 6233 7339 5657 2030 8830 4375 3612 7788 
2415 8566 6493 369 6026 4150 2507 6119 9707 8443 6378 2651 4172 8049 6613 8551 3755 9939 8321 2889 1286 5478 5865 1920 7757 6862 617 3353 7118 13 3711 4207 6805 6610 1471 4780 2627 1008 7941 9345 6512 4498 6228 3792 531 9510 871 9304 3946 1825 9976 3222 7041 4446 420 6163 512 6609 4662 9381 6291 6514 5042 212 4156 2136 379 7226 6676 2968 9801 4141 5087 1303 6323 8464 4095 2430 7008 7471 5721 1455 1051 9833 1481 5845 8207 3315 800 9927 5961 8457 307 9151 1041 7544 3554 3612 6183 5194 
6697 8809 5705 8944 3111 6819 195 6187 9118 2661 3092 3566 1432 4173 576 3064 9815 9333 2341 1830 8010 6787 6095 4633 7051 3629 6513 1697 3670 9361 8884 7076 1885 7245 5394 1205 8926 4151 1636 5598 4798 9262 6229 3380 3513 625 4867 610 6150 8600 8343 2749 7968 645 5258 718 1823 4007 1573 1560 4614 5019 4311 4546 9837 4820 6120 3999 3511 7884 6753 2513 3273 4050 418 5403 2992 3662 6976 3555 2974 4854 7509 1074 9718 5049 1838 7178 526 3414 780 2912 5734 3083 9832 954 5001 6282 9227 2771 