3218 593 2326 1974 1812 5172 3544 217 7510 168 3993 9111 2046 9797 5839 138 9160 5230 1646 1814 9313 1112 2045 3307 1678 881 2207 3654 6349 253 5247 5059 8623 9282 8716 6814 4361 5803 7647 9960 1696 3733 140 6781 6557 1589 6276 2592 2094 199 6935 668 2758 9539 6729 5914 8255 253 8327 6418 2676 3209 133 6794 9552 4013 6528 6151 6006 5437 8429 6073 1626 9429 4772 3281 6119 6601 7849 9534 2010 1133 7973 9452 360 2060 1388 6341 1483 210 3870 7556 7112 2598 6512 3375 2269 2704 1004 3761 
102 8723 3793 3984 7578 443 9034 1738 463 9934 678 8442 1087 8402 8512 4454 2925 2432 5453 5742 8955 7170 6961 1965 1789 8741 4941 3912 296 6398 4629 8568 6686 8224 2509 8724 4309 8315 4583 7500 4999 9467 1626 6100 5287 1033 9954 8636 8531 262 3115 5567 6153 5936 1594 6342 5986 6045 3954 5706 6663 7168 9456 8509 3575 7741 838 466 4595 772 6654 436 6712 5365 7534 2776 4244 9944 2853 2799 6803 4545 2993 6858 4742 3365 7609 9075 1874 8177 4600 219 9295 9532 6423 4957 6631 9597 9722 6205 
9598 2963 3221 5448 2590 9001 7904 2995 7751 5441 9900 9035 6017 8387 6018 3064 6058 8349 7176 6301 3220 6807 1545 8989 2600 446 4321 7201 2221 380 5936 2600 5966 4030 6827 1636 6915 348 2484 5903 8676 7191 2326 852 2297 5461 6867 8254 2351 6609 5903 5145 5487 2156 7468 3740 1907 4693 340 1744 5849 3727 3071 7536 2139 5768 8512 2773 1030 55 1240 1051 9647 2618 1518 7568 234 6709 4572 5780 9658 470 3900 2580 4488 4543 2342 851 8238 7862 3697 8813 8043 3341 9907 7843 952 6863 860 763 
5311 4658 2383 2061 7199 5116 1985 9151 1398 5916 9601 5138 2974 7012 3097 2557 7699 9566 4888 4700 6688 4486 1799 8243 2442 7127 6907 8008 6038 650 6780 1278 1545 7201 755 5988 5819 5391 7965 3567 5937 9666 9750 3440 7792 1313 4480 7160 8800 3560 4473 8280 585 3638 7995 6538 1970 903 2850 8341 742 3264 3176 7124 7883 6718 3257 5227 7001 597 302 5158 466 7161 7211 9026 2724 3539 4479 8766 7840 7830 1464 8803 5089 2206 2191 7890 2916 5841 3198 1261 6737 5740 1855 3481 9230 7202 2497 1612 
9597 7314 6884 127 3774 606 1190 5040 3006 2925 4890 9329 4880 533 4199 8707 4766 80 646 1727 2451 4077 6052 9962 5764 144 6899 4845 1067 7407 468 4983 5526 3731 8805 3849 4093 1692 1849 2917 2045 4219 1958 980 2101 2513 727 9832 4634 3493 5379 3182 2945 1939 9014 1643 4325 6142 9866 88 5078 7439 4140 7226 4740 4156 6893 6477 3142 218 3580 7683 5733 5775 420 2673 7179 8299 1559 232 7276 8348 9011 797 7240 9614 3749 2822 6871 5399 6102 3757 9339 9212 5482 5497 1455 9680 4100 8942 
2217 3740 4881 8700 1939 1364 711 103 9366 4017 6225 7581 8636 5439 7502 4300 9966 2637 9189 6253 9102 270 1170 5411 3424 221 5316 8719 8157 6437 2900 6453 9198 738 7907 7249 7224 1938 2703 4430 2880 7890 8819 9015 9860 6423 3258 827 2625 5072 9497 7689 9557 9464 7618 8535 3595 4117 9005 2026 753 3604 6747 703 1167 3537 1069 1183 8159 5465 5224 4305 4843 1897 645 6907 8262 5971 2952 1748 7708 3877 9510 2550 7286 5655 9210 9869 784 988 2001 6633 8592 5696 6905 3126 6508 5021 4684 1341 
965 6266 8956 6933 6154 7442 5814 387 9435 6438 9145 3142 5594 5794 6110 2150 8699 9961 4267 8947 1525 5388 9206 6675 8495 7310 7738 8116 6262 4233 7408 1228 6421 5980 9330 3466 754 3167 3589 1814 994 4116 3156 7560 9037 871 3787 448 3711 7617 8965 2526 76 4247 3706 4670 5118 4779 2556 4611 1293 417 6578 6294 6075 1669 2873 2592 7996 4963 9940 3683 7685 9354 6215 9089 7075 3987 7811 7688 2576 5847 6611 1193 3017 9867 3196 6842 5595 3814 967 2742 4942 7250 8265 6653 2754 536 6874 5596 
5780 8754 1089 1489 8242 4580 6009 8990 58 5284 775 9915 763 7466 586 7057 6699 6160 9204 8682 1909 8056 4617 8366 7985 3544 5659 5788 4630 432 2934 5926 86 853 9507 4220 3571 8200 676 101 4654 5989 1330 8998 5903 9921 239 2094 8886 8931 668 8411 2758 9539 6729 5914 8255 1198 253 6879 6692 7243 9121 6424 1224 9503 3132 3388 3521 5866 8896 8680 2742 946 2661 8281 9052 1883 7608 2078 2888 712 1161 3690 7589 950 1966 8949 5496 797 8842 8607 6856 2655 168 5572 8009 2693 5577 3415 
4557 6333 1166 5256 8696 6075 3950 2642 505 7077 8043 4946 913 3988 2938 2748 2449 2651 7475 3545 5427 3152 8773 4449 2365 1078 7221 5431 265 1419 7885 8437 774 6201 3065 8050 6405 991 6249 7248 7514 9481 7815 8726 3125 4458 1428 2419 4366 5824 3338 3442 1441 9044 2037 6816 510 8420 9848 4331 8697 3800 2683 2912 9033 7512 2164 1743 5917 6459 8845 1378 4452 9813 7381 1860 538 2627 7037 2021 4303 1149 7997 6566 1515 9405 2373 6471 870 2656 6055 4932 5876 1156 1122 9787 5874 205 3830 3440 
1937 398 2652 2651 4662 5287 4651 3868 792 6975 1741 692 1969 2402 1121 8044 3264 4168 9117 4049 9820 3599 6243 3237 9708 317 4307 7445 3236 571 6316 4560 7565 8940 1509 2303 1093 8173 5984 3914 5159 0 1422 8480 2903 1934 7425 9234 3372 8831 8247 8538 200 6458 372 4582 9451 208 5224 215 6678 5212 1419 1632 6717 7874 1704 7117 1962 8661 4670 609 432 1245 4650 9480 3166 1041 666 2873 4855 9525 1831 5652 4748 6417 2141 4803 3162 9356 5411 6838 88 1248 5210 7495 8595 7986 1022 6764 
6497 8783 8480 2683 4760 1474 7377 7464 1572 9259 4425 922 8014 1978 8513 5681 3814 3074 7679 767 4803 3814 5705 8460 7748 3886 9785 4473 3148 6442 4367 5898 7439 9373 4740 8971 719 460 6681 5932 5491 571 4260 6577 1716 6742 2522 8096 4120 2055 6689 4728 5663 2929 4335 6928 4637 7022 9606 3259 2463 7030 3623 2561 8645 4996 6779 9062 8911 5145 9905 8594 9020 2643 6876 7977 7746 6870 6556 1213 4890 4889 8143 967 392 2342 6017 6301 3220 1807 9203 4429 8024 4321 2816 5828 3918 2267 5164 5236 
9829 380 3510 2600 1589 4030 3619 9080 2812 1050 4968 3850 9760 5143 8762 7808 9671 6929 4284 8989 462 2224 5382 9550 2012 1903 1574 7156 6296 4413 2556 210 2657 5907 2883 2189 3771 340 2835 9440 3520 7254 2703 4430 993 7890 8819 9229 2645 6737 8903 9468 3074 3507 4545 5283 655 5397 4943 199 5171 3177 991 1314 4516 6982 914 7132 9093 1527 6078 9782 6719 59 8980 1975 4259 9737 4845 8950 2999 1719 8013 8284 2080 5416 8408 8941 6267 5925 5195 9527 2836 3899 8347 5392 2797 5510 8544 4724 
1797 8819 8002 9522 1726 4799 2117 5693 8866 3084 7411 4858 6386 323 3569 2597 7654 522 4798 380 447 7427 7743 1849 1261 2195 9648 201 1006 3139 7573 9084 3556 6261 5657 8215 1864 8614 8264 5522 9902 336 9225 6728 1386 3999 9000 462 8679 1260 7812 1626 6467 2415 6359 9946 7685 5741 4741 8499 7387 8648 7887 9415 6620 5131 6504 8004 2702 3197 9419 976 1257 3062 6252 5825 5603 6840 6072 4045 8324 4095 5071 5316 3843 7873 9775 3051 7629 268 4787 6304 6200 4912 396 457 9665 1187 2497 5179 
1208 9390 7100 7468 9601 9120 9897 3249 8305 884 3175 2978 7976 656 178 2276 380 7314 6447 7852 99 8580 4443 1341 9801 5407 9021 7782 272 9037 6610 8737 3233 5965 377 465 8435 2981 1764 4978 1763 4354 5226 3822 8858 2686 3800 9503 172 5153 6422 326 3797 4798 7059 3994 1698 5019 7899 8115 4702 9891 183 3542 3349 7652 5043 4503 3872 5448 5243 5059 4950 4596 5159 4490 1070 8664 7697 824 2215 6213 9894 9328 1346 2080 4689 78 7382 9463 5477 2991 6678 7032 8373 473 7884 5075 5090 9664 
7579 7789 6638 7670 3107 347 9595 355 3944 4419 7797 2432 8387 6223 3069 4702 8794 9944 9973 3786 4056 8634 131 5038 718 6454 240 8453 5496 8392 9924 7159 2541 8222 5076 3325 2612 1153 2987 3738 1495 8357 2515 6316 8699 9451 7417 857 7598 9049 4261 5615 3026 9939 3985 786 6595 5140 1306 9263 4427 3385 2742 2552 9057 4224 7973 6009 1427 1331 303 9397 554 4921 359 1262 374 950 6802 1328 3433 5794 7408 2322 8739 1068 1683 5948 1606 8657 423 7287 4639 2493 1161 2198 2431 3064 6303 4567 
7131 2647 967 8255 4845 6006 4432 4050 6706 4349 1747 1687 3972 4778 64 3424 5783 899 9600 2851 3056 9288 525 5756 2994 2044 3318 3174 4969 8026 9370 5044 3874 3064 9145 358 9739 5431 3762 6334 9034 8932 905 4330 7660 5095 6587 7387 7613 3359 2991 4265 3478 9498 6616 4570 1259 4771 3791 5394 199 1355 3344 5563 6046 2255 2475 8585 8761 7389 9607 7059 7108 2045 4932 8033 4501 1179 401 3984 9674 7228 4285 9074 803 5189 3125 1906 5484 4486 6390 3320 4316 8855 1421 8025 2169 6825 6463 2142 
9648 3208 6761 2742 3853 3421 6481 2656 7432 9967 2797 6700 8549 5291 5253 2458 2069 5980 7611 3150 3976 2310 9604 7573 9534 6958 6187 6606 7554 5596 4200 5484 5205 5232 5001 8368 89 7756 791 4200 9207 7527 2616 9412 5239 2739 8531 5536 2318 8363 1836 3155 3957 1207 1449 3525 1006 1087 5148 6995 8125 5327 1190 4593 8961 5101 852 7051 6183 7851 5305 7831 5199 4842 552 7790 7636 5899 7875 5073 6968 1570 1051 8477 3230 1371 4238 2113 4704 1210 2131 6920 3484 3547 2004 4500 1272 3048 6903 8843 
1788 5759 3147 1061 3917 5200 4575 2111 507 2931 5696 5021 5881 8266 7456 687 6734 224 9082 530 6098 4734 2167 6508 3328 411 7443 8932 1489 3495 905 5906 1490 5353 3570 3427 5751 8369 5580 8074 7651 2931 1899 8571 3389 781 1867 9788 6413 3209 2946 7678 6962 1213 3349 482 8351 5404 5192 1248 1222 5658 1737 3525 2537 1057 1539 6593 8770 6945 5953 9619 3349 8618 7490 7437 1333 628 8471 4630 9398 4493 3951 3830 7382 9573 8510 5998 7421 3502 8474 3393 4238 4863 3349 5417 2486 8587 9415 6561 
5072 9001 4684 6825 3647 2591 9468 8964 6672 1226 9009 6367 1366 7156 4248 3699 9843 4810 1841 6864 8119 5112 8724 9133 9642 9486 7490 9084 3676 2300 8148 1564 4509 8295 8050 7819 1431 6451 4709 8551 9417 628 9140 3606 9391 7367 5222 2912 5893 5845 7844 2500 147 8537 1264 7816 2066 1382 1205 1475 9050 6038 6185 8909 1075 9358 6388 7051 8006 7831 6472 2277 552 9514 7790 8218 4498 7636 7856 5642 5793 8232 9712 907 2875 3201 8433 2421 8248 2140 4906 1060 6623 84 9796 1746 9861 39 6303 4854 
6524 6051 5412 3064 3569 8847 5591 2871 4406 3909 6929 1831 9125 1871 5440 718 2296 2261 1645 8153 4239 2726 940 6788 3241 5679 1863 9612 8200 3350 4060 1003 3991 7201 8442 5230 7631 627 1281 167 8492 4404 327 9333 8539 8635 9206 5820 1635 5768 7725 6566 6187 3474 3765 3316 1379 2785 7747 1856 2696 3388 4389 4009 8932 7604 1788 9948 3277 1299 6809 5581 7500 8287 574 4726 3286 6673 7565 9039 8444 8987 7444 5689 9225 4586 968 7827 9860 9758 3713 9652 1659 9486 6749 3899 4710 6640 2479 8591 
5007 7705 7483 7466 6331 808 7793 6490 7853 4908 6970 3659 5537 7263 1413 6833 6190 6974 8433 4186 6836 3453 5037 5954 5940 5105 9995 6828 619 3223 2840 242 750 9297 9945 2477 9318 2190 8049 4299 1651 2601 6148 3533 1659 5665 3728 1530 7956 9124 2624 7070 925 1770 1853 2877 6919 1608 2280 9957 5570 6995 8148 3090 850 8895 1999 3077 72 1445 4391 2326 7587 7427 9426 5705 7735 6537 1652 3305 5089 1103 9888 3020 2976 1508 5798 6567 2296 4925 2775 2831 3424 7449 7230 1385 3813 2924 7489 4471 
6247 5095 2190 330 26 9278 4257 6719 207 4493 2650 9820 7197 5325 9625 6346 9112 5305 5651 6015 8318 4029 3814 121 6798 852 8006 5305 2029 2277 6962 5707 5733 5224 9086 8597 2035 3821 1207 2382 3316 997 4013 4444 4805 3847 2541 9726 4606 3765 8411 3348 8743 1530 9728 4079 8233 4167 285 410 5006 2076 8183 7536 476 3461 411 8493 5730 2572 3963 7751 9619 47 9928 6381 3380 3304 7651 1728 8964 2220 6667 9107 2560 3555 8440 667 792 2256 8672 8225 4607 9881 5564 2916 5936 1620 8279 5211 
2908 5631 7831 6435 3865 3126 392 5458 7586 3263 9440 5093 7893 5010 6099 7485 4241 3297 2954 8516 7418 4387 1234 4767 205 9857 2849 7737 2241 199 1533 139 9574 4824 4721 4339 5653 8119 3324 1855 9321 7363 5580 867 5797 2683 9725 4850 2874 7438 7170 419 9680 6671 5821 7340 7314 4566 6795 2633 30 949 6489 7099 5045 8806 4038 4133 2106 3055 9990 4927 1544 350 4919 2263 7644 331 2556 3599 2481 7901 4580 5867 6674 8459 2564 3059 5278 490 8339 4648 2541 5756 3818 1366 2794 9928 2267 7575 
4597 2495 3008 3957 2850 5959 1490 1455 6970 2800 7656 6870 462 8582 3856 3364 5820 6508 2700 1188 4458 1720 5983 3260 5237 6812 1241 3232 796 1517 6112 5472 6053 7547 2311 1782 5637 3301 257 7381 1663 4321 6632 4627 2687 7122 5013 6180 354 515 8288 2357 2640 9218 9548 6670 2538 604 6680 8499 1427 3543 5178 8072 4807 9639 2260 8630 8050 9330 444 2216 2806 3207 3523 266 9603 776 7250 3008 4578 299 8841 3581 7952 3941 310 4134 119 1732 4048 2735 8511 2656 4219 844 6835 7699 8723 2748 
4639 8847 37 2597 545 3733 7892 1306 6174 6682 2207 9941 5848 1108 2855 8912 8622 7688 1778 9269 9159 6183 7120 3856 7121 9749 1949 5137 8263 7380 7612 7707 5800 2514 1962 8136 1121 3971 9029 7102 1759 7079 2979 7546 3188 7507 326 4288 3583 3266 5791 3332 7826 6903 5325 3414 4235 1703 7441 5425 7688 5305 3893 5101 5378 5731 616 8886 4423 3423 4800 7967 5778 8123 4605 2674 1098 3653 8840 2404 7875 3881 2938 7447 1425 3649 9827 5645 5752 7000 1013 4456 9110 4261 9707 7526 549 6190 4443 1609 
634 1762 1204 1420 3308 4321 5951 7057 6404 6287 5775 9139 1701 9330 8191 9347 9925 5184 9228 4631 6290 3036 1227 2699 3977 2509 7215 648 2581 6347 4122 3212 470 3469 9400 5583 6805 4585 1163 546 2404 6837 1792 9726 9536 5769 3448 3930 6112 6760 1326 941 3108 1826 4732 6101 5948 4296 2923 9417 138 8676 1352 6943 3261 7489 2017 1015 678 6566 5930 541 496 6913 6653 5273 5672 2874 7498 3650 5327 9798 7947 9215 8085 6926 6919 6539 5787 8556 6802 2252 7543 8818 4437 5684 9332 1819 7606 7104 
1907 363 4821 2469 5405 8292 8440 8295 7859 1036 5974 9658 2301 9037 7355 4638 4922 258 751 6617 3652 8880 7348 2931 3623 8616 1912 7457 8211 8025 5066 2847 177 7440 6683 252 9686 3315 2415 537 7720 111 2734 3384 2171 5227 3831 2940 856 8441 967 7163 7052 9143 7265 1691 5211 9467 6305 890 1812 1647 8369 9859 5679 6472 1265 8672 3070 3274 7699 8723 2770 2043 8847 9941 1156 2597 359 545 4618 3607 9311 7552 9683 6925 5108 7987 945 3796 6422 6461 3583 5491 8519 130 7664 6814 4493 284 
6948 1454 2535 9259 4511 1800 9572 8144 6622 3288 302 7938 4910 3376 571 2201 1928 4900 9951 5677 888 2839 9101 9824 1065 3435 6761 6396 1432 4129 7559 4781 3821 7346 7635 5350 5283 1518 3158 6750 8001 106 8000 1801 5994 3821 864 2902 7723 3505 2635 1658 3188 4485 4635 3032 3146 7570 5362 9468 7890 6619 6805 1471 223 9397 8240 4055 4409 3059 1323 8494 6317 1898 138 7382 1366 3293 1031 4092 5920 3754 2965 1180 4071 5243 1089 1537 4514 3526 8049 2126 8350 7146 5793 604 3024 2435 3048 5238 
8890 2595 8544 9338 9426 9658 9444 7328 6603 3541 295 7650 8117 7737 9419 4521 4878 1364 7061 3772 2557 5361 6816 9745 5835 1924 2227 1971 6849 3212 498 391 5268 137 8172 528 9613 9466 825 6809 7308 5143 5534 9156 6843 9054 9525 5954 1056 6144 1887 7476 1833 3180 1655 1381 3466 9445 5146 9623 92 1678 8662 1793 7492 9179 9917 9011 8939 4086 6153 9875 6324 1796 3960 6880 738 4614 8902 5556 4174 4084 5529 6997 1315 3340 5726 8455 4025 235 7625 9270 4396 8879 6056 896 9186 8195 3817 6340 
6882 7626 191 4450 1560 5337 8158 8194 4373 7968 9078 8552 7070 1984 1880 1720 1004 3692 2141 4253 9 5366 5529 5720 2627 9093 399 109 1747 9312 5235 1933 7581 1946 2147 9573 8434 8474 4802 5823 8978 1960 6795 3109 5823 6877 6316 3149 9001 4684 8193 2976 6086 3365 3110 8903 4372 9383 4330 9716 9394 3617 3452 986 1205 403 2771 6016 5103 5201 4313 5913 1425 6696 8504 3670 4572 5895 5094 3553 9995 2806 2648 3978 6228 4964 2983 5351 9665 9390 4034 3242 6989 2939 5048 786 2994 6904 7589 9891 
5190 926 4228 9296 2505 3519 9420 1610 8340 4922 4460 4124 9345 761 6372 563 3581 5435 2187 3794 2479 2459 525 8818 3237 4792 5200 5224 3900 4816 8717 3788 8083 247 2349 280 5445 8417 5555 8325 5742 7042 2104 9985 3852 1589 776 9262 4004 9758 5567 8490 6400 4027 9957 9196 880 7383 7978 477 9615 3803 6180 5105 7198 3306 6166 2815 4632 9733 443 3031 9867 8054 6031 5261 4728 5712 963 3701 5565 702 6866 9237 1090 520 9180 2113 2940 3797 9563 7796 641 6174 854 1374 2840 8046 1710 1183 
2547 877 5698 790 6624 8805 3589 2342 2169 2296 3489 207 507 9877 9202 1739 7247 672 5979 4711 5674 1244 264 5390 3644 8287 2892 7318 3697 1627 9944 7983 3207 944 7197 2580 5396 5498 7826 6903 3771 4420 8595 5829 8862 5425 9625 6346 4361 3750 2661 5651 2220 4405 7613 8318 2767 4029 5430 6110 5624 8979 4991 3201 6838 688 6312 4222 7895 3775 1952 83 5926 9947 8160 9188 6141 1126 3024 8073 8496 2906 6052 8605 8432 2152 673 3790 1563 4728 1938 3976 7036 7090 5552 556 7528 2803 2822 2708 
4303 8381 4029 21 5394 3714 6442 9679 8426 9080 854 2012 3218 8306 4132 1869 8928 5864 1214 1339 898 7935 127 9416 6328 7472 3515 181 4893 2210 516 7893 4435 4398 7845 231 9458 768 1941 7690 34 5715 4931 7710 8937 7688 698 9357 8064 7552 5007 6605 7758 6378 1582 5727 7366 5310 2529 3880 1304 149 4037 3 304 460 3663 7472 5027 5830 635 7784 1746 5593 3814 2053 111 3882 3194 8470 2492 1033 5352 8431 550 1328 5178 1453 5272 6775 5704 9514 625 945 7858 32 1562 1155 5180 6179 
7172 4133 7689 7704 5785 3448 4512 5424 4743 5386 4084 58 8217 9582 8179 2470 7919 18 7909 9716 5728 8770 3643 7469 1716 4520 5320 1682 5506 9349 7424 6167 8277 5625 3473 9017 9610 3334 1885 463 6699 1717 2379 3251 2107 8664 4780 141 2768 1153 4398 2014 9744 100 1771 2791 7622 8894 6377 789 2617 3064 2685 9241 577 8706 6328 7060 9677 2189 8929 6939 7557 4288 6070 1726 3675 8528 2282 2943 7019 8962 287 2805 61 5068 9775 6173 7736 139 2542 8955 4023 8157 5693 7396 2530 3419 2425 8664 
9963 774 471 2115 7693 4164 3851 79 4934 3693 5637 5340 8468 3917 8746 1680 8174 3347 3917 1179 1956 6861 429 3002 3908 6802 5714 3171 7654 1571 6337 3868 7038 548 7291 5045 5921 432 3361 803 839 7018 3425 4428 4191 6616 905 4424 9128 7706 6423 4280 7949 7760 4469 9460 3754 7899 1576 239 6285 4986 1893 222 5119 7016 4157 8821 3149 6145 755 4802 9721 8854 1971 8834 2917 9376 565 8053 1625 4317 2344 8933 535 2992 1521 3177 6658 9279 4340 9233 7899 8479 4601 4665 1513 9062 3190 4788 
5316 4036 1538 441 4556 8134 8431 4564 4684 3721 5285 6705 6343 4852 9290 726 4800 2677 3503 3202 4933 4375 2304 4328 469 7994 9988 2476 6131 6950 5312 2384 249 2135 2815 7071 5906 5455 7440 2652 5304 7703 2170 6073 5057 9511 592 7928 1056 8900 1912 1105 7294 8703 3771 3771 4534 3241 6206 9890 2563 4913 6633 5464 5587 5721 5309 1351 7557 9015 3139 605 1060 2221 4515 3725 6005 3688 6564 3564 3291 5883 9385 3878 2120 2426 246 7234 9697 6028 8128 4740 6333 9287 8711 6690 3378 3979 861 558 
3857 2166 3902 5940 3851 9292 1862 9296 6323 549 9303 7218 42 1932 2022 8129 4648 5432 3513 1349 7622 1462 236 8621 3072 8451 5875 3090 6080 9483 1999 1956 6961 72 4678 8995 7481 1233 9728 5547 6120 4082 9544 9171 3248 1828 8179 5080 2600 8463 9865 2079 958 1511 9906 8782 7208 5990 2219 2827 3062 6174 6878 6723 7301 7352 8840 4226 1185 837 6333 8205 8863 3053 7760 1935 1162 489 5316 2374 6624 8744 1106 3933 1631 6592 4758 7651 4292 7061 7660 2079 9905 6231 2899 2559 6784 1830 5494 5783 
6994 9265 2346 2752 9571 3163 5798 4988 8773 4104 3744 8449 748 2537 116 7138 7103 5047 1374 8910 7513 1841 6864 7132 8724 7235 1113 18 4269 798 8865 5700 439 5226 4611 4140 9450 3707 6496 5182 8386 4980 8825 5536 1717 7233 5169 1407 7838 2046 2311 2045 5875 8556 3744 7998 8859 6959 8698 5300 1773 8294 217 7941 3764 4074 2934 6066 1116 2769 2733 3383 5758 5365 5050 3351 4156 8775 8565 1322 614 3391 1488 4015 6619 9824 7383 4773 8193 8734 3720 9189 7291 4150 5252 4031 6119 8193 4656 2881 
5964 3635 1680 4857 4978 1763 1082 8727 3822 5603 5371 1020 1805 5468 8187 5780 8954 4644 3739 7963 5968 8136 8747 6486 9645 8336 7546 808 7793 6490 7291 2234 1904 5728 2220 6667 9107 3012 2256 8163 9295 9633 1987 7618 4417 344 1337 4058 9949 7329 9509 8110 7416 7284 9301 8299 8240 929 6332 1342 8346 7477 3317 1164 5053 4607 1508 1721 3122 3657 713 9854 9119 8671 2163 2475 459 1772 37 5396 784 1763 3657 9709 7715 1102 6369 8684 3475 6475 5692 334 8191 2392 9501 5417 4582 7839 3052 3133 
4997 3482 4238 4073 7416 6804 2272 2749 7324 4665 3905 2492 4323 1982 8638 6996 5639 49 3143 8593 5471 8464 2275 737 4989 6470 3464 4447 1470 4215 4698 1510 2963 4141 9608 9048 9632 3203 2405 2551 7485 4973 5541 970 485 439 7119 4685 6727 6887 7020 5738 8289 9952 5259 9577 7388 2987 8935 5015 8094 7938 7967 57 6594 2382 6337 8157 4762 2998 6697 3323 543 6503 4959 1749 3651 6637 7495 9331 8126 8080 5762 3090 2726 4996 5671 6367 7156 1671 5240 8118 3699 9843 7714 5097 8716 8925 9061 7338 
608 3479 1706 4132 8554 4672 4470 1558 2132 5601 2728 3157 9480 7483 7295 2184 3902 2083 3137 9153 1042 2580 8920 3608 5882 4105 80 6037 6498 8606 8402 3004 4690 9260 4283 1663 5193 3672 1980 9506 5112 9597 755 9776 5173 1699 3957 4783 8642 8691 8618 2485 11 4819 5648 7599 904 5906 6597 2564 1408 9653 9929 1506 6995 2286 6358 4838 3277 5542 1101 2140 249 6144 8966 225 5851 2890 2006 2603 6460 8599 425 2752 950 4045 8445 6628 6190 7754 2947 1494 7150 6746 1438 6484 1893 7399 9754 997 
5453 1947 8700 640 4082 4374 3205 9172 1511 3925 4053 5124 4162 8072 9746 8357 8058 4165 6742 3195 6878 8247 7312 8974 2195 58 464 78 5065 4698 8863 3719 5690 1770 286 9162 8194 8272 6313 6359 1722 362 4463 3853 5284 1989 8690 6370 1839 8481 5966 8968 9240 8656 4278 9929 4503 1449 2849 9182 4774 6930 1992 7553 5848 2070 7822 7660 6764 9303 1693 1963 5165 3589 3502 7976 5792 7229 252 9371 5633 4378 3763 1899 8662 4087 4926 1263 4348 8111 4411 399 6704 4093 9903 9647 1147 9122 1967 2007 
6793 491 7861 191 2742 3363 9187 1195 2721 116 1383 3109 6420 3968 7675 8699 6060 9973 3872 7494 3965 9906 5758 6959 6561 5144 1602 787 4081 1993 4075 5508 3115 6883 1382 1118 4327 9791 5329 6958 6583 2327 3131 3781 7451 5128 4524 3048 1170 7292 3576 9936 2949 3869 4387 756 319 256 7410 4200 4524 3048 9632 9841 1474 7456 5657 5835 6102 1808 3147 7951 3699 4094 1841 7301 5943 9642 7490 9196 1543 3044 4201 7212 7337 6719 3064 207 1395 8858 3705 7433 8508 1076 1316 7687 5517 2958 295 840 
9311 3904 9518 7552 7609 510 9683 5108 4752 1944 622 6726 326 3863 3797 2214 7545 7059 8519 130 3994 1698 3067 4268 3917 8617 314 6683 8237 1514 722 6864 2190 3567 5894 7197 9035 4109 2273 1328 9293 7788 6772 2483 6724 5445 673 2471 7965 207 8409 9646 7415 1746 5029 273 896 4611 4878 4556 2171 4469 7058 1845 5946 647 4584 8510 7878 6958 1187 7487 459 1328 5797 6663 9208 8508 1111 57 993 6133 8581 6623 3566 4087 4212 7942 314 1488 4673 4701 977 2050 606 1028 7205 4186 6597 6721 
8480 3072 9593 710 4741 6926 3246 5795 3277 4704 7383 7263 2355 4068 1158 2943 5009 4547 3478 6651 2446 5638 8170 5433 9143 5853 9278 1034 6999 2064 5476 5779 8744 910 9517 3193 423 4303 3025 4220 6832 8290 5663 421 4627 6825 4006 7017 3492 9331 5045 3336 106 186 1572 4752 2488 7045 7870 1382 4061 64 6088 1552 9016 6282 3466 9780 9807 3706 7320 2131 5645 2979 9435 987 2610 1015 1080 9563 7904 9966 8079 7524 7697 6842 6594 1702 1866 8184 6778 9401 6469 8958 4902 6949 9420 7498 6832 6233 
9368 4004 6540 4333 5046 4386 9709 2765 93 2832 8978 7864 8472 9710 8294 4074 1561 357 6356 1744 6172 2018 6742 9706 1518 2484 1339 6863 6893 7786 6368 4251 1543 7133 2826 7777 1401 437 4744 9416 3785 2632 8346 6597 773 4065 2128 2452 8075 6730 4709 7014 3907 3383 9647 5098 446 1552 8335 487 7138 5621 9798 2326 438 6819 8594 9186 5392 2178 738 9149 3167 6792 1305 4596 8160 7958 1703 1479 7319 3737 7468 5628 6675 9537 3224 2048 1585 4838 5378 7521 8323 2335 6135 4960 7445 7865 3173 6564 
7314 8426 747 568 3785 6323 5263 705 108 5293 3538 8330 8662 6373 1861 1831 9386 2778 6396 8624 3648 9468 4327 1140 9814 1302 1351 2213 1942 4467 7281 6775 2391 8247 430 7163 7630 7776 6474 2232 5686 1367 5190 194 8576 8136 1536 2305 1798 8471 6367 7860 2874 8608 7651 6663 3330 8761 9704 9786 5244 7451 5804 4830 5459 2778 2232 4078 1169 9484 7660 3987 6792 7763 3166 5178 6940 9362 3247 4343 9805 5251 9844 2456 8082 9971 8660 7390 1621 4156 3207 5670 5082 7524 4650 7673 5233 4330 4791 6450 
8051 2830 1550 8000 3840 6051 4357 3394 9521 7346 2837 994 7249 4002 827 7476 8185 2433 3166 9540 7063 3966 5217 8414 1104 6315 1440 9071 3674 5165 1855 4049 3463 9444 6127 2476 5865 4251 7703 962 425 5987 966 6759 2886 9697 8477 3217 5155 6354 7317 1576 9600 7282 479 3248 2848 6297 541 7015 1403 5639 3842 5701 6861 4323 495 9125 502 9242 9799 1495 3094 9431 67 7856 2866 1625 2284 709 5122 2972 4613 3606 6829 3023 8276 1214 1621 7674 7840 9396 1209 8368 8596 3366 1703 3686 4360 819 
499 5999 6593 1057 2844 8952 3522 796 6799 996 3137 1228 6281 2979 3117 9308 1331 1072 1383 8358 3081 1624 4534 2945 1758 8533 1766 8579 3681 9962 6058 8192 8581 5311 7724 6328 3504 6262 7879 148 2747 9061 973 6317 9774 980 6096 2586 2350 6481 1059 9570 790 1005 7733 5763 7910 8419 5632 9618 8457 7071 2744 9679 881 8629 3058 7512 8349 9932 6846 3795 1811 3186 453 4734 4987 8077 1950 6607 8276 8347 33 9644 2351 4695 5015 5786 9393 1873 1548 7831 4782 2076 5625 1840 8426 503 6928 2701 
374 1417 7169 1159 5177 1977 8833 5186 5761 4819 4266 5607 4952 2681 1432 8602 4559 592 8921 1261 2543 686 2730 6365 9105 5722 3335 6290 4 7691 6773 3416 2052 1910 3582 4895 5586 2160 1450 7913 5210 9482 4693 3969 7413 8727 8686 306 7355 8039 2921 8326 9310 6086 2806 6649 4004 1317 7306 2296 8593 9266 9053 4241 4602 6083 3139 5644 7717 6763 5914 3796 8222 8217 3286 3834 1121 3614 1965 3638 5763 7650 3187 7103 3996 9524 9992 3872 1120 5418 9187 5380 1442 5145 8210 8735 3112 4222 5686 831 
9335 8448 6969 7243 2126 5055 263 7673 8017 4422 8524 8986 4074 6582 721 6701 2948 3330 319 7411 7402 8994 2783 6076 1533 2857 8060 7218 5719 5471 2152 3372 1705 7762 915 9656 3916 3182 3408 8690 8704 6470 4103 9093 1377 495 696 2309 5340 3326 9371 7288 1573 3716 2520 1726 3677 1044 1214 9718 6338 5653 6464 1712 2751 5151 2985 8579 2478 7061 6196 5563 4175 7299 2525 5701 8005 522 3299 8860 9844 2360 1401 6696 2606 8687 8020 1349 8309 4024 6136 1074 7254 5946 6999 5690 9074 6976 6305 3360 