9620 9026 2724 5382 3182 183 1620 7830 5089 2191 9352 3862 3198 6737 3319 1979 3401 7100 9775 273 4127 1591 9158 9087 690 3557 4675 6844 6822 8061 3222 1886 3626 8431 6637 4667 5941 4876 300 5967 7435 9160 1814 9313 1678 881 9620 4705 6896 7240 3438 5136 1295 1717 6545 94 3827 7252 9717 6076 8587 6681 454 7507 8570 9978 2350 671 8422 7895 6134 9903 2582 9910 3157 892 2659 1155 3229 7689 7154 2620 2942 5247 8505 8014 8788 4033 1086 2299 6184 1395 8577 7189 429 3819 8739 2386 2629 711 
9823 5736 2925 1766 9949 6828 4327 6696 9962 6137 3280 8013 6329 4717 2818 2767 5391 5459 8406 9578 9534 3121 4167 1918 548 4172 5433 2521 4185 9126 2821 361 9760 2150 8431 7057 5497 3710 1060 7589 1887 7468 9249 3417 1361 2384 6022 4342 5826 9422 9108 8328 874 5930 7532 67 3688 7258 6951 5727 1973 7274 7668 8351 9734 8750 7405 1305 4219 9627 2676 3089 7885 1803 9174 9389 8139 4650 4969 9858 4733 676 9426 9527 7266 8555 7811 832 4056 7359 2905 4572 7060 5194 6981 8452 4329 420 3372 2036 
7973 1804 2123 3151 8050 7555 7394 9133 8703 4724 2731 8757 5846 8836 7284 7683 2732 777 2363 1886 7976 8807 8770 4787 2306 6345 9756 1612 6002 2491 4959 9050 1075 2162 2901 9532 4109 7022 472 2958 8624 4061 5904 630 6950 1945 760 5456 4515 5705 1853 7760 3684 6634 9815 2092 4804 5671 375 958 9132 8257 1479 1279 1878 3136 9865 8712 2610 9726 6681 1 6378 5341 5912 4441 4542 8096 5471 5017 1112 454 138 1417 4549 9288 410 4961 1298 8832 7073 6972 1824 1323 2113 2702 1013 3540 9191 2180 
829 9916 7949 5843 3208 3108 6192 7278 2496 391 3759 3074 8445 1655 8107 4368 8405 7238 5381 3022 4064 393 9394 718 6779 568 5785 6451 4709 929 556 6028 923 717 1954 7421 2141 6943 4863 4802 8781 1376 2650 1254 1531 8851 3830 8978 9573 2141 7421 7995 6543 2818 6374 4308 5502 7785 309 3979 9284 285 2168 544 9463 5420 2436 7515 3613 1652 6788 4109 3929 1168 9647 7385 8668 9731 9230 9284 4891 3355 9094 7475 6040 2888 3695 8627 7150 8257 8721 8636 420 1194 5155 6285 9837 3649 8018 6458 
8481 7915 7443 8 6332 1152 7251 4904 6991 5054 2466 8759 5145 625 2091 3362 2059 4551 8154 8896 3058 2239 4338 3226 7294 2044 7152 4450 425 8601 9871 900 2923 4592 1114 2503 3003 8369 3871 1900 8445 1671 932 4864 4079 7744 8364 6930 8546 2128 9090 7160 8953 7282 2512 3837 2773 15 3708 2072 5354 1979 7247 2326 2341 4183 5042 422 3680 1857 3150 3245 2495 4211 244 7873 2289 1528 8778 3721 1854 1699 1971 1742 5054 952 9593 6978 2061 2616 3443 617 9619 9098 1706 3172 6846 2244 4775 2817 
752 8762 7730 9884 8231 2276 2455 2715 8456 7053 2090 8811 1453 6924 3213 9965 9217 8285 6971 6400 1208 4613 6752 8831 5563 544 7974 7914 63 9790 3170 3176 41 8982 9342 5576 3778 5210 7367 7102 2663 7894 7588 140 7889 1797 4878 454 6607 7437 3753 628 1363 304 6385 4215 5100 4518 2582 5086 5893 6430 8491 6117 605 2576 9598 5216 1176 3441 6568 2128 7019 5455 9932 7477 387 1560 2469 6331 6608 3124 6951 1669 6587 4780 8249 8636 9140 3538 2901 1316 5517 474 1869 9735 5019 983 510 6395 
6925 3792 3948 4295 8331 4752 5848 326 3797 7545 5791 250 2468 7473 4083 4359 1788 284 8090 9214 7305 7987 8052 5525 5095 8897 2190 3390 6989 9278 6793 4257 395 9615 1007 5285 7305 2449 8619 3002 1478 2356 5544 6344 6654 8170 1781 6608 2066 6055 7975 6384 2765 8417 9628 655 6065 4406 3342 9189 3184 7291 1272 8157 4169 3661 7381 839 7418 3800 2715 550 7217 8051 6948 7933 6024 4056 6863 1075 4684 990 5029 8088 7333 6991 7640 4606 5352 4143 3365 6928 3189 7895 3110 2201 2931 3389 9540 1063 
6965 5209 6230 7407 6983 4056 2028 755 2928 6838 9020 4480 8218 4498 2589 6589 6737 60 3233 1671 5445 4461 275 4169 6368 6630 5979 7467 620 8659 5410 9355 2029 6508 3328 7443 4569 357 5906 3596 6587 8890 9128 7706 6423 4280 7949 7760 7707 1457 3643 3312 7220 1304 2847 5007 7705 7483 621 5789 698 1002 580 4036 8301 1781 8319 8742 2537 5961 1638 4488 5619 4474 6776 3795 4576 7822 6141 8131 9412 6537 9932 1063 3811 3577 284 5685 1449 147 1264 5148 6995 1902 8055 4456 1382 9998 6038 9196 
8909 1075 1543 854 7337 6719 3064 207 8034 3705 2901 9532 7687 7684 7774 295 474 4525 7552 7609 510 6395 3792 3948 4295 626 945 7704 3796 6461 4798 7545 1368 8519 130 250 5019 4395 7664 1527 5663 4083 5110 2649 4493 2157 7987 8052 5812 5998 5371 9503 6833 7927 5525 6270 3704 8817 4421 4059 2948 320 8477 9472 5337 5095 6962 8770 3201 6040 5712 6945 3259 1687 3908 8978 259 5535 179 7652 414 3176 4953 5873 4764 6181 3778 5352 9230 4830 5180 3365 7179 7895 8903 9616 63 6652 3654 2494 
5858 2320 5762 7807 2431 1289 5340 6375 3048 3232 9205 885 9989 7392 4035 7164 6278 9229 5124 8180 9755 7764 8961 786 9973 4496 4953 3984 9955 8783 9642 4299 5045 8445 5921 432 3361 4169 319 803 754 7381 7018 465 5019 6395 3948 7987 7592 5848 6726 6461 4288 7859 1182 1293 6487 6425 6341 5996 9333 5393 9425 778 4251 2105 7152 118 4993 6747 3158 6674 2218 1390 7245 415 2797 98 1510 386 5658 2650 9515 6858 1625 1504 7772 9527 8988 6991 8397 2629 6636 8345 9761 8857 1849 3968 2787 7280 
1718 7364 682 8831 2441 722 9584 3536 4300 2498 5525 6624 1785 403 5004 4703 2798 1661 4403 5597 9492 5284 3646 4994 401 2183 7129 1504 1233 6250 8199 1914 2474 847 2194 113 7242 1403 432 4290 6144 874 6512 7156 3621 6379 5042 2891 9481 8096 4977 4777 1781 9460 2608 4758 9348 4977 7388 2777 6448 229 5123 3421 7033 5379 4847 4319 8606 4602 4998 7168 1280 3687 8363 568 267 3155 9877 7028 5461 8933 7287 9150 536 3984 9719 6683 37 6266 3397 9297 3043 565 7838 7486 6565 6898 5880 4695 
3802 4136 7745 2276 1340 8843 5223 5738 5598 742 1922 5917 4333 462 9147 3160 2774 8756 5152 9766 8221 6904 3314 4131 606 9555 3348 1195 5557 4017 6680 7856 8915 4536 6953 3706 8251 5587 4519 3512 6046 4896 3767 8411 6990 1763 2180 2915 9273 2278 4522 3110 7167 4317 9930 5288 6960 8643 5418 8000 2522 6094 2420 4604 1913 3113 1756 7355 8277 8361 4758 6065 4091 5747 6378 4097 7456 6613 2503 7198 6215 6592 9052 877 8341 2868 1461 6761 8070 9604 7490 173 8071 7284 4327 2536 2562 6187 6606 6932 
7614 3015 3360 2929 9402 7487 1499 3720 3184 7291 2784 9624 5045 8445 6919 3914 4169 319 3661 3059 7654 3375 8778 458 7014 2267 3496 3142 5010 505 6023 482 3420 5156 2057 1805 622 7730 3724 9921 8744 4684 1459 990 7308 8088 5518 9921 7640 2514 2976 8250 6981 2215 2642 2488 7179 3189 3110 8903 4316 2431 8855 9515 1308 7347 7631 6279 2402 7823 5472 8168 5029 7461 9137 445 3590 3352 1649 2788 1250 5770 5465 355 4168 170 7105 3425 2947 3170 1662 1420 7764 8862 1741 268 6841 9047 1601 9355 
9763 7825 2303 4834 995 6689 2848 4375 5795 4873 5460 5390 7998 8736 604 7840 6391 2345 4460 9859 7579 2123 8228 6890 7830 4343 5529 8378 6558 2234 149 147 9592 6974 9845 9811 2709 1540 5726 8223 292 1143 2702 9990 4802 1376 7933 1531 3830 7382 8510 6943 2766 2592 5417 955 6877 2486 8587 9415 6561 3490 9147 9858 4800 7313 6825 2887 2591 1293 377 1548 6448 465 785 6995 1318 8435 2981 1764 8858 9503 5468 8594 6833 7927 3591 8514 8817 2431 2336 1289 5340 3098 9313 8069 9472 3630 1207 463 
8506 7558 8390 7879 3828 1470 6315 9752 3957 5542 679 2500 1404 9844 1032 2453 388 6125 67 4649 231 7696 1612 9963 1959 6488 2455 4578 903 7937 4507 2785 6657 9712 740 328 560 5825 7496 9218 5791 9903 6692 5716 3415 2374 6624 2979 8695 4751 8134 5692 1141 1228 4789 4962 6829 6341 1156 8442 300 4565 7337 6755 1199 5892 6535 3408 6078 3331 7431 8745 8743 3439 3997 4831 3049 3267 4845 9969 7050 2315 7412 2076 5303 1346 1894 1497 7540 6739 861 3789 9528 5112 6941 6012 3648 3959 285 5592 
4407 5251 7962 2891 319 467 8157 7727 8015 841 9807 2176 3780 6920 4789 1490 1684 1570 3744 145 139 4776 6234 7389 4076 3519 8107 2749 7759 9541 9155 3193 3859 3572 1658 7937 5024 7331 4449 3529 4764 9911 8357 4418 7879 2549 3884 6991 2514 2976 2484 3112 2198 3521 2889 669 7413 699 981 3896 5751 8369 5580 6329 5845 4580 7727 3442 1225 2346 1291 2776 5408 3486 4495 9546 7450 8067 1539 9068 1195 8419 7634 7585 2786 5112 8560 9189 1433 459 9324 3169 9339 7160 3641 5226 9830 2946 8094 4121 
2021 8934 9386 2772 5788 9841 5905 7014 3953 6692 291 4739 819 9681 5400 9348 6922 8754 6530 2838 2132 4238 5944 5731 4305 950 7919 967 8933 6480 5931 1774 645 9841 4884 1243 9009 9503 2299 6217 5213 3043 9524 4238 4489 3964 4061 5825 1113 1216 7261 3956 4646 7815 6129 6586 9956 1652 3527 3156 8865 7852 782 9439 3094 9474 4199 1988 2946 465 5879 8950 4758 9262 9844 669 8098 544 6570 2364 8490 4027 7906 2349 9957 7108 1340 4054 4920 4633 880 7383 7978 6599 9592 4866 9658 7905 7720 2705 
136 4300 1869 7314 1974 4632 1929 443 7926 4830 1994 8503 7579 9923 5199 4728 3258 8971 7671 702 6866 5533 9711 6235 1090 520 9180 6535 4485 3797 9563 7796 4686 641 2700 593 854 4205 8615 7027 2937 8708 5762 1123 9826 6262 5728 9542 2344 7386 9057 530 201 7992 3592 7616 2 4018 7551 1300 9957 3167 4385 3906 2351 799 9409 8237 1349 407 8880 2775 2239 6007 5864 7390 2962 472 8405 5381 2223 7850 6831 1324 8398 3922 8798 7893 9627 6404 2446 9750 8846 1237 6779 3524 5785 3914 8758 4586 
4951 7776 3485 8576 168 1170 6760 9150 6822 338 4925 956 6355 7495 7406 9754 4007 6539 4044 6961 7790 6658 1713 2129 4304 7855 9846 7183 5715 1430 2312 167 8397 2629 1758 2275 2147 365 3239 1492 2644 2172 1316 6344 2410 3699 6084 5739 8935 6937 867 4516 6555 5492 9472 5364 7952 4007 5599 4688 4934 9828 7856 8355 4536 9175 1875 3415 1658 2699 2110 1604 366 9517 2760 8170 9274 5030 4786 2465 3369 3529 138 9251 4986 3514 3280 5400 2937 1692 4412 9582 9225 1211 669 7087 8109 6380 2532 9861 
5267 3444 7856 7082 7814 1763 425 4119 9628 2680 5460 1215 7587 4688 5023 5748 734 5420 3456 175 2189 3866 7748 4772 4196 2173 1945 7494 4394 6533 2212 4137 4570 3443 371 2699 2032 889 2830 8631 4828 8782 8099 9848 953 4262 3640 2574 4545 3327 2275 365 8382 6308 3349 6713 2410 735 3253 1183 179 6268 1796 6434 8977 3138 4982 4753 6313 4723 1534 1714 277 3852 6130 1814 7128 4852 1004 6696 6050 8755 9096 6324 1796 4184 4245 7906 7610 5426 5142 2085 7093 9856 4192 6767 5400 9780 9224 9693 
3636 1246 4013 7315 1710 5159 1473 3032 5293 2502 970 4249 3891 5601 9904 1683 84 1738 101 9803 7125 5217 2938 6685 7363 1669 3353 1908 438 6891 1554 8530 5655 7739 3199 4260 3121 943 2812 4442 7066 8401 5460 2040 7822 6231 9698 1080 5859 9747 8868 8534 258 2541 7725 2585 651 6626 8200 5707 9674 508 3660 4839 4402 2145 4463 4125 6342 975 771 6866 2453 4395 3002 9851 6918 5541 5451 3085 7401 2509 856 6763 1345 414 4493 3109 5823 1376 3951 3830 8978 7382 5998 8434 7537 2141 4238 8216 
2766 2592 6877 2486 6316 7565 3149 5072 411 4067 2776 4695 226 9799 8518 7882 7001 8779 5845 7921 2384 369 5252 4031 8381 6119 4091 8443 2651 9601 585 3755 3803 4262 4186 8321 2889 1362 3379 1286 7421 5478 4144 5865 6529 6418 7261 7757 3556 2660 493 2815 6909 3353 8650 7118 2425 497 5975 4207 8856 2479 6805 8898 5841 5580 9397 3438 9891 4055 998 7316 8898 5993 2842 3916 435 2640 5225 8645 7347 9278 7586 940 3878 32 8095 5563 1049 2984 8632 1943 7171 9832 4817 8443 5073 4263 1118 9650 
6973 6530 2802 374 4991 887 9081 652 9204 6330 1737 4512 4889 7065 7733 6937 300 3567 8100 3122 4321 9596 8306 9961 3942 4984 7152 7572 5436 3687 2997 6939 7394 9601 4155 1539 6618 7182 1561 7295 161 7030 7132 9012 3423 6282 2217 1937 7445 3199 346 8689 6932 9398 4478 7315 4619 5743 3434 5507 224 6667 604 8474 912 1668 127 3829 8220 9396 2706 2415 6181 1048 719 7246 715 4390 6916 7279 829 866 8989 546 3605 9225 6370 1814 9377 3125 1824 1940 8572 1638 1865 8543 3479 5113 4615 3555 
7994 5755 5740 8137 5665 7444 8525 3751 1736 2579 4108 1838 8842 3449 6015 1115 5889 3368 6996 334 4449 5709 9559 4490 4192 1315 9328 4562 2374 9715 714 8290 8301 9610 2847 7708 8435 7196 6833 4627 3231 3208 8969 272 4708 4375 3319 6703 9263 2067 9698 9040 6600 4619 5051 1267 7117 1276 142 8999 689 2381 2290 1416 4070 9850 7000 1122 5589 8352 9520 3582 6168 3852 1343 2971 420 8401 2185 6145 6886 3901 5171 8591 1130 9531 3573 3995 3617 8424 7032 820 8474 6018 5672 8265 2680 4523 3277 7491 
9194 6006 4718 3645 2201 9590 2098 4891 845 5053 5355 5678 1050 7586 8782 7239 6970 3354 78 9171 1706 9452 8676 1230 8817 6907 229 1137 8055 6581 3359 113 9757 6609 9868 8630 9782 6351 3800 2330 8911 9136 3155 6172 9719 7842 6892 1543 3454 1434 6898 534 2482 3618 6368 2607 9045 9378 5895 273 7172 5578 712 7641 5443 5231 9515 2426 489 6606 8418 8049 4384 4079 6659 4954 7572 2666 5495 2117 1230 8068 1052 7975 8589 397 6697 8327 3324 8655 9092 8494 298 6403 8093 9468 342 6619 3946 349 
7809 8195 1611 8021 535 8035 260 4329 7584 2317 3268 6929 9156 9837 5589 9525 5954 5220 6144 7426 9022 747 1926 111 915 3519 2932 2742 934 5925 6961 7137 5093 4959 7701 9706 2086 7645 9242 3280 6757 7098 6904 3115 9136 8435 2537 9355 6593 8520 6304 9740 7720 3173 1310 5721 5227 6693 2198 2940 856 2027 4349 4757 7366 9528 8419 5514 7826 7853 5145 9028 9729 7056 4106 5216 8895 7314 2110 4945 7256 1045 9657 9282 7690 4928 6797 2487 4029 6861 9856 4055 5064 2946 1773 4551 3878 4305 6603 1789 
1450 9915 9919 9712 974 3290 1490 1498 8101 6372 4865 6834 2052 8999 1887 2728 4226 3068 310 6683 15 1354 6165 3251 8010 1281 2566 9997 8227 4241 4291 3623 2484 9835 5204 3691 5690 6172 6773 450 3198 7287 701 639 1931 8119 7037 4539 7064 8532 1730 4662 3621 1332 9009 7568 4562 6188 7104 8734 5728 438 731 3668 7985 1016 9480 2897 9902 9128 9757 9067 7219 8018 6562 2350 1909 3677 8298 8919 7164 827 6305 45 3616 2005 7089 932 7273 9182 8970 361 5632 6381 8390 47 4360 4365 7990 397 
9669 6635 6597 7163 5346 9037 7683 9543 5859 5282 1057 1689 2316 2398 9355 852 882 8980 5285 4089 2408 3752 3002 2187 643 2324 8543 4587 3571 4879 1828 3977 5936 6237 7172 3638 222 9286 1611 181 1588 2131 1541 6376 3068 8590 6956 7871 2773 6532 7803 6082 698 3624 7820 564 1758 1594 3488 3845 30 429 7051 1838 7776 8585 2277 1492 242 4179 5325 2106 4023 3216 2213 9990 350 1157 8863 8431 4747 7696 9677 9558 2804 4919 9261 540 8350 6322 5053 4607 1508 2741 5100 3250 2960 8921 8291 4942 
8223 4167 5037 250 428 9210 5675 4590 3261 8648 7976 9951 7540 3395 6102 657 4995 5557 4787 7995 3342 4851 4642 3420 3930 5615 2726 9281 1509 266 6286 5271 3157 4666 8279 6371 3635 8537 1087 5148 6995 1382 4959 1205 1475 9050 9196 1075 1805 7927 7807 3704 2431 2336 1289 9472 5681 8854 7856 6486 8733 2985 2421 8248 2140 84 8978 9861 9471 7355 3736 9674 8361 8158 7315 2029 6508 3328 411 6611 319 4569 9198 1549 357 5109 5906 4330 3596 4424 7387 7706 6423 4265 9498 9460 3754 7899 5906 1001 
4702 6300 3542 3349 4174 1299 8657 3127 6473 3872 3358 4950 5159 4490 2688 2150 1902 4456 1190 1475 5671 1551 7238 5273 7846 9712 2110 5665 7256 9564 9282 7690 1332 6338 4928 6797 2487 8231 6861 9276 9856 6570 6591 4055 9476 457 2331 7636 6154 1328 8414 3201 9344 5945 2591 6338 9798 586 5126 6651 7820 2037 6188 9476 2141 8175 3514 891 7121 3971 741 8119 7037 4717 4539 104 5892 8339 8532 6781 890 5453 7744 7393 9817 6671 3151 4176 6118 2546 4301 5634 7123 5408 5338 8489 8995 9472 3235 2818 
3635 1318 4857 4978 4218 4354 8858 2686 172 5468 6833 6270 3591 4421 2948 3098 2601 8069 5681 2346 8506 7879 2549 1470 3884 9752 3957 679 1449 2500 3525 1006 1083 8537 8885 1087 5148 7816 8055 2066 2458 1739 6116 9138 7656 9671 1308 914 1456 9369 7527 7508 3413 5242 5194 7304 9769 8630 2002 9822 5186 6158 9752 9879 5074 4093 6291 6933 3064 2255 9223 8107 9642 239 3891 8512 2300 5785 2810 4567 3802 8736 3634 2509 7439 2035 9280 18 7361 4160 2479 1718 8566 5791 9553 6603 421 538 4596 3786 
9919 6228 3122 4191 3990 9990 6869 3314 8569 5060 3768 807 6608 5844 1846 8411 9416 3846 9018 4294 9328 9512 43 2338 5709 9489 70 2863 913 8149 2563 2606 6516 5341 1161 7025 3125 1608 9640 790 4279 9651 9891 6407 8294 5860 1739 7536 8326 2829 1076 4887 5076 816 6231 7526 1438 2280 7920 1369 2629 9038 7266 4326 812 9361 6680 2769 4620 4137 4801 439 7768 2253 9198 3981 2235 5997 4018 6554 830 4418 29 5763 5209 9365 326 2746 1333 573 2222 8911 7010 9986 2192 7956 4218 5170 5295 4639 
3213 9645 2445 9619 5672 659 9744 3034 5427 601 9729 2179 7194 9770 6934 2127 3958 1260 4361 876 1769 5679 3134 9216 5595 1395 8714 3485 419 2657 8008 6936 9444 6620 5366 8146 5949 3944 959 499 6685 2805 905 8913 5306 9508 6468 6128 33 3401 2260 2485 1689 4555 87 6971 8330 3099 3853 9695 4279 3635 5242 1211 6601 516 734 837 5930 604 1074 8511 1225 6675 7138 2435 7523 3048 5238 8465 438 6138 7212 5723 788 6762 2135 9748 4277 2363 5728 804 9940 5342 5837 6643 6356 5837 4181 4201 
1004 3076 7795 4468 590 1765 8115 2129 6250 5134 1486 3960 7329 1293 1955 9417 3009 1810 6297 6328 6839 1225 4566 2821 5904 5055 1710 5817 818 1444 547 7187 1710 8190 6132 4925 9328 9997 5967 2985 3912 4395 424 69 5817 2893 9857 8228 566 3232 1463 2928 2861 6157 4938 2726 8177 2017 3813 3186 3316 5658 5819 7839 9309 1442 8387 9838 3139 2544 1243 9721 3182 3146 1987 2938 1633 6075 4665 8424 6455 2451 3631 6606 9867 2196 5420 3195 5270 2683 4584 443 2236 4687 5293 2580 4776 6397 6660 8282 