4029 2588 6130 2731 440 9970 1958 1854 2974 4966 5097 4984 6240 5865 9166 7223 1591 787 1857 1162 8896 6583 4534 6403 1309 4496 504 2071 3570 6570 6001 8756 340 861 5113 338 4466 3859 1184 2110 447 8627 8869 684 2931 2655 8731 3563 7214 9139 4391 4192 2983 4622 3681 9030 1759 9253 6918 5244 6000 1885 8090 7907 7385 166 7443 6719 2201 8774 5143 8146 6321 3341 4941 8660 5017 4418 9534 53 9104 7411 6038 3219 9057 3742 148 6272 9782 2884 4133 2166 3430 2515 4217 3442 6982 4953 4078 677 
3033 5292 6054 4172 1152 3799 1482 3389 648 9686 8229 8014 3262 703 611 9495 3474 5175 2697 1076 8806 65 7692 4750 4201 8432 8199 9998 730 755 2396 8239 3105 3103 2438 9545 7513 9989 7102 4076 3029 8336 9065 4196 2096 9976 4661 5520 8360 1919 3581 7399 6103 4225 9102 578 5752 6145 7648 5643 6123 4255 4617 7181 4462 3451 9130 2742 1594 8706 6063 9814 6079 2790 2374 1019 4636 5543 7888 2374 8540 449 8619 9869 914 9536 2615 8342 9809 9199 8900 5798 2492 1081 9393 4521 7249 3437 9256 6429 
8098 3625 5385 2766 5417 6877 9415 6561 3490 9858 4800 121 2887 1293 1548 8964 6448 9361 6371 6995 8435 4983 7404 4978 5226 3822 5371 1658 1805 8594 4540 3020 9142 138 5039 3272 7370 1170 7292 3576 8745 7287 3216 4387 1698 2330 5813 3163 1797 8592 8497 4073 1080 4890 7163 4554 7493 511 2512 4856 3676 1138 5381 1378 1782 3308 5630 5085 5736 2860 8570 3128 6918 7513 9175 4301 4805 6298 8513 4882 1480 6775 9637 5968 8052 9016 1039 8775 6724 6246 2460 9754 4941 7149 5139 2367 9829 792 9086 934 
3856 2973 6255 5947 69 2941 9852 8938 3579 5642 2560 5702 3235 1649 9656 4655 132 2783 1683 2205 6905 4737 1149 4690 7827 2013 688 4222 6614 3995 8023 5296 8866 2818 5000 15 5853 911 2737 3285 6657 4173 2792 5383 1659 8530 1996 2476 1625 1853 2497 3022 8573 5940 9292 1441 8553 2700 942 9303 7214 7148 9057 1228 7057 4533 8824 8068 8780 3404 2996 4041 8086 1377 8484 2980 5795 4586 2389 875 2920 6853 8934 5306 7047 2395 2519 5856 2501 379 3196 2295 9342 556 8995 755 8279 2385 3441 9522 
8280 4305 7757 433 7358 4393 6938 9919 6423 974 8012 2328 3319 3754 7465 2043 6330 2145 9192 7878 9541 6943 8964 785 4857 4392 1763 8781 9198 1549 357 267 3596 4424 8890 7387 7613 7706 3359 4280 7949 7760 1038 3754 7899 6828 4519 5906 8115 4702 183 897 1299 7652 8657 7149 5043 118 3507 1500 2086 4049 1832 127 3545 7437 302 8628 4630 6252 5106 5893 3479 4108 4771 6062 6511 6672 3207 7826 8862 7688 8189 2661 3841 6001 8609 2856 1253 5656 2751 5356 1394 6833 9325 7883 8872 8626 7037 9390 
993 8415 2939 5048 1739 786 4728 2994 8963 6904 7589 9891 9684 70 926 9296 3519 1620 5684 3856 9357 3494 670 5038 3019 3796 8450 8570 7969 6505 4154 5240 6748 6628 8988 2996 7922 9841 5091 303 8585 998 6465 7889 8359 6597 8904 9342 1078 3841 3775 9694 3213 1952 3045 8393 83 1047 4416 5926 8818 9751 9188 8573 8267 3078 2583 2906 2625 3765 4991 700 3316 8375 1503 6655 115 3008 3769 234 5886 7230 6371 8967 3866 3541 7418 3093 5470 1335 4145 5628 1006 2562 2780 4184 1638 8543 8941 3797 
9555 5198 5364 6111 3290 3983 5637 6282 9476 6993 7305 1994 1190 6302 5859 3412 484 3030 7013 8168 8756 2337 6219 5671 3213 7496 9070 3113 6333 5740 4346 6608 9430 2 6523 7109 6381 9565 2678 5304 1811 8540 6208 2765 7728 6403 4082 9375 5888 3835 8573 659 755 2592 1566 2738 9000 5580 6743 9475 2254 5510 2236 7467 1322 3539 2984 6733 2455 196 5377 1113 4023 9996 1818 3714 1045 3287 7976 2121 7815 8002 1667 3337 2891 7097 9819 6036 7075 6445 9788 1568 501 8342 667 1633 7587 613 9947 5925 
1296 9985 3019 7835 2412 2358 2677 9720 795 8444 9637 630 9125 2323 1023 7232 4035 6329 6687 1685 2168 3317 4814 4405 8998 879 4435 5105 3972 1709 3524 1026 714 6641 7385 9922 7414 3074 4550 4137 6244 4490 8733 2254 8750 7200 5790 8733 4849 537 3071 3456 1759 4746 7329 4451 4985 1516 8584 5941 1098 201 1951 7409 8656 5105 8704 9669 534 1179 2661 8497 7711 5164 8459 3447 2335 2327 1719 873 6337 99 642 7867 9936 9490 6375 4884 8220 4558 9775 9664 1423 5530 9404 4959 665 3142 5575 7752 
7921 970 5930 4750 1613 9481 1455 2522 9890 5697 6140 244 8166 739 9192 8393 9653 1365 7171 2359 1288 2686 5514 7826 5145 9028 1100 3365 4205 7238 4106 2026 9857 4848 5273 7314 8400 9712 2110 8884 4972 1356 5410 9843 1539 6593 8520 6304 339 9093 60 2331 6134 3983 4130 2005 6828 2618 1324 6393 4726 1124 3454 9421 5685 2500 147 1083 1087 5148 6995 1902 331 1755 4436 6950 5533 3349 5649 9512 8701 9333 9417 778 120 2348 7182 118 6747 3158 9728 4294 9000 9408 7775 2943 741 6854 5003 127 
859 3913 708 6183 3753 628 1363 4630 6385 4215 5098 5228 4779 8456 6127 4108 9759 902 5615 6728 4038 2869 9748 2492 4108 2487 363 513 4640 9912 6519 8577 3317 2644 1895 3484 7359 7153 9118 7057 9149 5498 142 9708 2322 4921 2626 9804 3309 7356 881 6380 3449 1405 5535 9848 6471 7274 9157 885 4745 9495 618 4691 8319 5392 227 2350 7954 4488 5619 4474 6776 2713 8895 908 6860 6411 6141 8131 505 2819 6117 2843 6920 3999 1394 2913 775 4108 4570 9652 9788 636 8016 7847 733 5193 6371 470 
4578 3594 8905 5507 5077 8325 3571 223 7172 3818 2308 4349 9286 3501 2107 1629 8746 1800 2801 3937 4981 1363 492 5007 1878 2368 7079 7014 5789 9098 7853 4908 3952 9578 869 2171 4059 6700 621 3190 714 4036 8301 6421 9610 5625 5675 8166 3852 8720 8435 7196 7694 7450 7839 2744 8706 2323 487 9060 9657 3451 8499 8182 7112 5895 5469 8775 7126 7787 8922 6593 2488 4309 8005 7411 9553 9534 2443 3169 9653 7792 5769 6253 6181 2742 3853 3421 6481 448 7110 7205 3205 4993 2797 779 1304 2620 8158 4475 
7317 7282 5738 3890 8826 3207 7197 346 5498 7826 3414 5829 8189 3750 4409 7502 3841 3897 8318 2767 21 8966 4838 5714 3232 885 7392 7997 1483 5107 1853 2842 9913 4758 3449 7388 5590 2777 544 4256 4653 1683 1685 7301 8119 8724 9133 5739 4692 239 3891 9084 8148 2810 7507 280 897 8657 7149 6473 5448 7706 4658 1070 8721 4374 5719 778 2080 78 1148 9416 927 3142 4295 4616 8764 8652 3659 5537 7028 3333 7395 2092 1472 6421 5675 8166 9642 384 6833 4627 7839 9777 9968 2323 7160 3104 5630 8506 
5575 6754 9989 9573 6164 1334 3331 115 1736 8515 4545 5645 4581 1083 1035 6441 917 1359 3289 9839 9570 2491 3413 6000 3129 1528 1431 6579 5900 3232 8257 9746 6118 7414 4706 1040 8491 6525 1345 637 9998 5603 8566 6693 1643 8158 4446 3224 6221 5614 9164 2449 3218 3165 3176 4572 999 1511 2775 4739 9633 4418 3702 9472 222 196 8491 3492 7478 8495 511 2799 6522 7000 3830 2778 6150 9739 7381 1167 5418 7767 4950 2028 2012 3628 2194 7796 4972 539 4403 8136 2142 2662 5977 928 5818 2957 6585 2167 
4667 1947 7452 9622 5153 8594 8121 5525 3591 8817 2336 4421 320 9313 9472 4418 2346 7879 1470 287 9752 6401 3577 2054 679 1449 3525 147 1083 1087 5148 6995 8055 9998 1205 1551 8909 4147 9583 3879 9480 9865 3586 1123 6904 1692 1770 5374 101 9057 6944 4439 2112 74 8814 1988 2575 8138 6681 1565 4148 7751 5370 6765 7328 6092 6788 4175 8463 5478 1726 1769 7973 1546 2126 8414 5470 5902 7621 690 176 5138 6506 9246 4674 8785 472 1366 6889 1249 6512 2197 2318 3699 3864 1887 1291 434 1041 382 
1345 9452 7203 5588 5874 4529 403 9468 5846 1213 6486 4852 3412 6344 4339 6952 3351 3521 3567 7408 8305 7728 1322 614 8008 3206 968 6591 1718 6477 8978 8658 9455 3633 257 4310 3219 270 5304 4778 4079 3817 6208 2765 7728 2085 1095 7745 9544 540 9471 9171 3248 2570 4092 3754 2965 5297 6562 5243 2392 4963 7795 5998 9454 26 9278 7340 3508 1563 1007 9597 6991 3202 3004 3946 8615 547 7574 3275 4279 1765 2725 1405 4257 3311 3986 9674 238 6861 9284 4578 8905 1080 2609 1926 8865 3204 1615 7503 
4611 4140 9024 9596 9464 4570 6496 5182 7569 8386 7685 6323 9249 9593 2562 7033 6860 6310 5775 2389 1416 7142 7066 705 4206 1555 4726 6560 3685 5648 3314 9059 7465 4742 2928 8225 8723 4804 8648 5704 4649 3442 6635 5695 4480 7855 1671 4601 3121 2087 3544 7798 6704 2713 7397 4170 9485 9653 5107 3269 3033 6716 1102 8112 7288 1640 4804 7629 3754 294 8670 2544 1223 3769 3717 1590 2199 5023 7348 3673 4264 5263 2749 192 1163 3833 8240 1497 9 995 2167 2152 2941 9414 2907 6614 2478 6093 1763 5545 
3888 1161 1054 6472 1158 9144 8877 8249 6529 8846 3524 9977 7598 7371 3843 3772 2557 6816 9745 5874 9209 1924 6849 8638 3212 5895 5983 5946 2324 601 7823 9466 5268 1967 9791 1412 2023 4384 4348 9224 9862 5008 7331 6423 26 2614 4636 6974 6954 6637 531 6792 2915 5436 5568 6446 2063 2540 1763 2130 9085 4266 4766 0 1240 3368 2969 7394 4259 1550 3202 2948 9322 4870 153 8405 7450 3939 9817 9384 813 3059 759 4965 6126 8296 1766 9939 4320 831 7685 7948 1008 1541 2441 6512 2285 7183 2663 2218 
9920 2900 8490 9353 2715 6898 3938 5115 6622 2121 1136 9836 794 141 9130 1390 4999 2542 9469 0 3136 4786 3909 6383 2167 6818 138 9251 3550 9750 1132 5400 4822 5406 2937 4412 9582 3879 1392 669 7087 8109 9241 9861 6602 3444 4977 7470 7082 8475 7927 7807 8514 2948 9141 2601 8477 1207 8390 3828 4708 3811 679 1449 147 8885 6707 7816 8125 5327 4959 1190 5853 4705 270 704 6773 4019 2650 1179 3984 1043 3134 9074 803 0 5189 732 3125 1906 3640 5484 5211 6567 4041 4929 2230 9001 3286 4316 
8855 1421 7631 6279 1208 1431 5383 2059 8174 7392 9185 4317 1659 2980 2144 3773 5311 7703 9506 8691 6980 2580 7782 2595 6836 4852 6422 1535 342 102 8195 1611 2816 9989 9400 1407 4318 7186 9456 6708 5742 5145 5622 35 9258 4278 8158 5751 5867 6145 1512 7674 3752 6062 5525 330 9072 4484 1820 499 4310 2243 1622 4521 6822 6038 3514 1524 5256 4741 2536 5208 96 237 2977 3652 26 2904 1069 2517 1589 3498 4049 625 6092 537 2355 1676 3899 2671 5424 3491 4208 1293 155 9708 8383 2162 5456 1424 
1360 6301 3283 1205 2771 5201 5913 4140 3089 3670 5895 9995 4964 4251 718 6745 3572 2797 2914 5108 4265 8153 5523 5307 4409 9948 2212 9857 7314 7812 5665 1045 775 4928 4172 4029 6861 9856 6591 5650 3368 733 8040 9350 6290 2979 7999 9553 2806 2792 7234 4621 9532 3043 4316 3815 221 1289 8147 9177 6163 2764 1194 1962 903 1923 2553 7779 6827 3444 4544 117 3660 8874 4251 718 9824 3073 3968 2211 2948 3590 9204 8764 622 1594 9482 4455 2504 8072 4079 9925 6575 9533 4403 9189 4416 9983 3272 5595 
419 8717 3237 6251 290 9472 4906 6639 4230 4569 4958 9198 2145 1898 9528 367 9021 4169 8331 1284 6480 6832 3079 7585 4576 8319 9186 804 3637 2623 5723 2135 9553 7683 2449 4241 8626 8393 6338 3416 946 1614 7855 5020 6020 5613 542 3707 1240 7119 7947 3402 9083 1481 525 5935 4824 8695 4598 1535 382 484 9676 6656 5649 7640 2876 3313 4863 9700 5733 3506 4473 2091 298 4761 9808 5245 5763 866 9583 422 6429 6890 9036 7542 8730 3608 8860 7740 368 9779 188 6963 3572 74 7616 7476 602 6297 
3051 2480 4332 5815 1851 9595 9387 3178 8348 9989 7363 9400 1407 485 7186 3467 7525 7727 4296 6105 5077 935 9090 6239 2868 6947 3666 1814 9293 8098 5838 6769 5010 3192 7174 2662 9687 8315 5085 7946 702 6244 2474 4552 6697 7947 9730 2012 8777 794 2713 1162 6983 6615 9003 208 1285 6788 7154 8076 4562 1071 5820 2066 526 6976 2572 4182 536 5910 1827 5212 5092 3921 4768 3556 2644 1109 3755 1560 6331 3124 6741 4847 4313 8142 8249 1751 921 6549 670 8914 3248 941 6058 6018 7885 5610 8208 9255 
3929 9802 3103 2553 2146 529 4960 9677 9555 4279 1765 2725 4820 358 3179 6905 5693 1149 6491 1582 6086 2722 5063 3060 5424 2329 7362 1967 7305 9067 6071 6708 5871 7130 176 1966 8353 5683 3806 8213 2485 8246 8543 6135 777 5653 3035 2968 8142 6801 3752 1188 6691 3256 7456 197 259 7335 7920 6210 118 3579 6495 8222 2004 646 3005 1669 5131 7243 4362 3543 8819 5508 4731 9626 10 46 6189 9856 5546 260 5162 8553 7366 7105 4367 3813 5595 2132 989 8546 5807 8726 6724 1646 1296 3720 8278 7174 
8744 715 7603 8260 6789 8761 9830 9851 5933 126 4647 6642 9285 2562 6391 912 3783 4353 1676 2567 4721 3729 7166 9535 2571 5314 4361 48 3767 3902 3109 8167 3212 2157 5592 744 1367 1160 8552 2898 2872 1415 2093 6282 6212 2148 9387 5343 4513 8294 4246 6779 104 6430 8375 24 3079 7344 6514 1979 5150 5065 562 2150 5560 3861 5386 161 7880 7311 569 1736 1592 3304 8304 3568 3942 9926 5085 6439 3644 7224 6306 5223 7314 6879 1018 6125 7032 453 3638 151 6363 4519 7981 6444 5788 1486 1102 687 
6538 6183 2882 2964 6205 6304 2762 4978 2373 9965 1756 5827 1333 4032 3112 9590 1352 4763 451 3959 3259 3743 1091 7829 366 2075 8624 187 9848 5751 4274 7019 562 4691 2350 9539 6860 505 2819 605 2576 1394 9355 13 9514 9494 9147 4949 8639 3382 4343 7203 9422 3365 6454 7891 4679 9973 8124 5201 5464 417 180 6934 3328 3517 5364 2078 7508 2008 8891 5548 2193 8163 2537 6237 7913 7832 7544 6937 9382 854 481 3256 790 9477 1731 2242 9582 6149 9348 9393 3175 2117 4166 7247 2222 3163 9676 8651 
4805 9127 8060 6179 5064 2899 5343 8697 3700 8385 4939 603 9742 8280 6088 6990 8738 2128 2785 3202 4270 7942 2917 4608 2597 4286 1777 7918 8278 7935 3833 3367 3417 7662 4377 8704 3642 7342 7254 7572 1608 8467 1345 210 4270 3587 5757 5606 1286 7716 2035 4805 1329 9576 1592 6491 713 692 3598 4009 3768 4272 7044 7412 5333 6908 9815 6753 8146 740 9420 7295 9816 2537 6268 4254 5374 6331 3061 4469 5052 4280 7301 1865 1058 1249 3227 6814 4562 5820 2807 3657 1459 1632 3544 1029 2479 5596 3215 6429 
5403 613 5645 7280 4901 1567 9357 1998 7131 9913 1641 6075 333 7613 9739 7059 244 1937 5814 8904 9972 9912 5790 773 6959 1297 2311 8382 5921 6925 6648 8739 1073 3549 7625 8130 3872 3777 6200 4414 1654 815 6330 8364 8752 2029 2996 9966 302 7747 204 2288 6065 7304 4049 1067 3770 1505 6622 1119 1471 8758 7379 7532 5434 2517 8080 164 8087 3008 8211 7988 799 2687 5473 6186 4697 98 9112 1461 2408 3411 484 1284 6871 3879 56 4551 4052 9781 9150 1806 2021 6867 4987 1008 350 4902 7561 1225 
4854 151 8273 4741 4080 2613 1374 3928 6172 4506 9600 5983 4994 6121 3769 1234 2177 8242 5672 3806 8098 8800 156 1365 1486 8664 2831 684 5718 8419 2199 2323 8577 422 5950 7228 7555 7666 3006 2292 7880 8302 478 7705 3221 1508 3059 4965 381 9777 5499 7951 9051 2477 7361 2373 5853 5537 752 4088 4797 2949 2324 213 8432 9473 7605 2410 2191 8802 5889 6954 5386 886 6760 3633 9732 8275 3601 3882 5306 7292 5078 4072 7159 3578 2926 8078 4645 3790 2163 6235 9215 8304 6181 4491 7933 3990 354 5502 
7325 7581 1279 1593 2422 8719 3944 5979 8724 9802 4713 2351 155 3981 7581 8909 4147 2162 5837 6823 3896 9358 8961 943 9273 8006 4172 5305 3786 2277 4842 552 9514 9020 8854 4480 8218 4498 7636 7392 1625 7914 5549 2213 6545 52 3556 1544 8243 350 773 7635 5291 6962 8863 826 4851 7644 6120 977 3574 6755 2897 8979 5918 994 737 5892 1037 903 6352 6525 7839 5475 7791 6910 1413 50 7329 5582 8933 6331 150 5267 4915 5749 7424 4781 7476 9400 3481 3716 5783 1483 2697 4735 9621 5120 5849 462 
174 9914 3503 4733 5553 819 8196 461 5395 8630 7942 1115 6426 8295 7363 9361 1970 3534 502 9476 1794 1494 4620 4137 1363 6338 4172 7853 8552 850 1782 3075 1401 6293 4023 1416 4739 7967 9771 386 311 6678 3970 6526 8445 9704 5811 8571 8262 6814 3099 8254 2629 6022 7535 3482 9538 7412 6491 7484 2091 688 5993 3528 9338 4510 5108 8616 1764 1110 3782 1124 8882 2842 1897 6717 3773 8805 589 812 9101 9444 7787 8738 5927 3751 5716 4545 4100 6723 4469 6418 4280 7301 4235 578 7352 8994 8061 4226 
6103 2603 3321 2429 4139 1415 4520 8812 8964 9361 6371 6995 7404 7212 7337 6719 2664 8030 4269 8034 4701 3610 8508 2958 840 9311 474 9720 9683 6925 3948 7704 7592 6903 6726 3863 4798 7545 7059 9820 4235 7688 6437 3947 8549 699 7651 9540 6413 4436 9512 8039 1539 9642 3357 1597 46 5214 4923 6775 9637 5325 3991 243 8052 9016 1039 8413 9333 6861 1811 6418 7247 2573 8376 7149 2367 9829 9753 207 4927 9692 8288 934 5938 3856 2973 6255 5947 69 3928 5797 2630 2941 9852 5213 6964 4208 6656 3579 
1494 2595 3905 6696 339 373 3235 1649 9656 2849 132 2783 2169 7996 6974 2205 3699 4737 810 5693 7785 8253 4690 7875 6491 855 8393 1582 5734 2589 8583 2280 2722 6766 5063 8450 377 5424 2519 5316 3608 9491 7362 1393 640 6083 8515 8458 5723 4536 7305 270 3658 9895 5205 5938 8969 1972 212 414 6941 2198 2031 9460 879 3068 7413 814 7362 9381 6897 4191 9725 8728 945 1610 8998 4604 4204 542 7896 8310 3980 1500 3441 6745 5453 2815 9891 1397 9350 2811 3947 7313 8551 2365 5446 5645 4893 9694 
9036 547 4357 3016 2047 1050 4147 5671 2583 8306 5698 1751 8197 2623 8632 5625 8851 1443 6164 9605 4476 8322 6274 3331 9568 5969 2367 115 8515 7728 5645 4581 6534 2267 2684 1083 4890 2184 1035 1159 6441 3551 7116 917 1238 4569 1359 9513 3289 7826 9839 5025 6341 7567 9570 8339 9272 2329 4758 1956 3413 6000 4140 3129 2868 640 5661 1431 4109 2669 5900 123 9697 4330 6572 9914 5765 7769 9371 8681 9997 5762 3376 8077 9789 5305 2087 5483 696 9090 1213 974 2133 3810 3562 7916 521 4371 9485 9653 
2246 1003 9489 3033 6716 6124 8112 6492 8073 1346 3019 9827 7505 319 9705 2720 7763 6924 3964 427 5613 3808 5548 1560 9719 1570 2647 8776 9444 8738 6717 869 3941 6804 264 3541 4760 3093 1335 9273 2562 747 4184 4009 8941 2542 7073 9058 9264 52 8828 9963 5879 9811 1528 7378 3013 3078 7152 7004 755 5642 2592 2594 9000 1833 3029 2321 5528 2900 2330 743 9483 5585 3389 8108 9703 918 6491 3084 6609 7958 4813 1041 207 4256 7054 6955 4534 1467 3616 3471 8238 4129 95 9310 2165 316 6345 6785 