6160 6040 9204 2049 4843 7258 9076 5860 1909 226 1715 807 9930 8377 4188 2405 2295 7464 8891 7760 2266 6427 9369 410 8867 1233 5815 6060 5427 1495 5585 4975 232 9 9394 2173 1377 1015 1220 1203 4211 2163 6887 2230 2320 2692 8050 173 8794 3155 6257 5666 5134 2724 1513 4230 5876 662 9407 4591 8050 132 5395 4694 9588 2624 489 8326 1851 9271 9961 1899 5388 4237 6285 4881 5650 2733 16 8276 6989 6653 776 7657 5029 7413 8809 9440 9811 8531 3931 1673 1344 4138 3318 2302 961 9770 9583 9394 
9285 2067 2160 6725 5529 3194 7234 6327 105 9352 8733 1636 738 6613 3161 7583 4836 1606 399 3506 175 8288 9464 2408 9021 3516 4850 3392 9225 2787 7415 4371 9744 8855 9260 8046 4229 5345 7063 7009 3291 3873 6263 2464 9007 4795 9338 3549 8323 9325 9473 491 4801 7417 5403 8414 8806 3413 9071 8836 3458 7887 8023 7555 5828 9668 195 2448 3467 7279 5754 9564 6923 7358 7021 9698 4093 9074 9146 3073 4286 1135 9478 1704 3535 5308 9848 7662 7615 8258 9318 1650 343 8059 9554 2648 651 390 3481 6654 
2019 3738 5319 3540 1725 8869 7305 8643 3435 3749 6509 1555 1382 6452 4140 9561 5866 5623 3160 842 7803 2077 4922 7880 3703 6866 7041 1429 5720 3623 4613 4640 5711 8025 6457 7208 2847 177 7440 1931 8564 6237 3037 1399 2158 6634 2505 37 2554 7316 9940 2821 7189 8416 3742 9839 2240 2138 5802 2304 8434 9757 7375 4555 3117 2350 1548 35 9717 9121 9172 9746 6979 1163 2078 2732 8217 5264 8048 2755 8536 6738 5672 7248 9344 1583 9681 7369 7669 4052 7196 6707 6942 5862 7446 1634 2709 5684 4419 1685 
1845 4115 5442 3792 5857 2602 725 5099 1640 772 92 4051 1176 7683 8060 9781 9655 9072 3016 6583 3621 3280 9541 1653 1122 6779 7187 9447 2823 2410 173 3296 9534 9862 2536 618 8694 2327 5947 5596 4200 5484 522 3271 5099 8745 7001 2949 3869 8531 9407 9889 319 256 395 5285 5478 7305 5657 7788 8566 1363 2507 6065 5747 6378 7456 9601 3755 843 5478 5865 1920 2907 9805 6943 7757 493 4755 7877 7118 2425 497 3711 4207 9651 2479 8115 6610 2710 8189 9112 5305 2330 854 2901 4109 1316 472 5517 
9373 6092 3904 4945 3576 9208 4768 5027 7685 4214 5216 2044 5291 9830 3358 3299 7140 4260 8589 4703 8369 9589 2221 4634 5627 4988 2669 2547 1666 7205 7304 363 6896 517 8048 9288 2935 2186 7113 507 8343 9593 1379 8591 1875 6599 1680 180 6652 9934 53 524 4217 5384 5743 9076 8857 8265 7259 6684 7986 9590 8684 7676 1733 3157 4666 281 1575 5877 6449 9009 6367 2209 7156 5678 4287 3916 8118 5935 4147 8910 4810 4122 1841 7519 5943 9642 9058 4493 8090 7305 5998 2190 330 4257 1563 1007 5478 7305 
9831 3105 3360 5253 2929 9402 6957 7487 1499 3184 2784 9624 5045 5921 432 3661 665 3142 6556 1430 8551 1648 6777 7921 2376 970 5930 4899 1455 4823 6140 9588 1862 739 1688 6626 1095 2069 961 5610 1912 8961 943 8770 7831 6997 7567 9514 1650 457 2331 7140 1328 4855 9143 4174 1299 4503 3872 724 2253 8358 4658 5159 4490 8664 7697 824 9617 2988 778 5531 547 1718 9870 9416 927 2494 7856 3152 3947 8150 5559 3198 1268 1383 4998 3687 6115 8191 6111 8400 2392 5847 8435 2952 1442 9328 7557 850 
7618 5393 1095 784 8416 7548 2795 2023 8764 2122 5019 9161 1523 252 9968 5100 5869 8955 1054 3556 5232 1530 9124 3526 7747 3175 8065 5157 592 8747 5039 9481 780 6793 85 5694 8678 1405 8332 1169 9001 7262 7967 1308 914 3956 2654 8188 2025 3431 4037 989 572 1658 1966 28 4098 4414 3588 505 5462 1630 1492 3671 2241 3144 433 4728 9146 1938 1791 5303 283 1595 6667 945 9835 2363 5663 4757 9528 8691 9412 9729 2588 6452 7963 5968 8792 46 4469 7812 9282 1332 4928 4172 2013 9856 4055 3767 
5064 2946 9973 2196 9323 3673 9125 5997 8450 8570 9986 3739 9960 6452 5968 921 46 4469 7682 8073 2717 3705 3112 2198 8549 2889 9287 5353 4624 5580 1899 9788 2946 3349 5769 3921 7292 9384 5259 3996 8827 811 379 4691 969 9760 5852 9533 6334 3477 9306 8104 5172 8869 8856 904 8320 5721 6011 4086 6153 858 1929 162 615 3422 9943 8772 6241 3410 9082 4061 1212 4156 4574 6067 4549 4857 9643 9661 1122 2008 1764 4251 1259 5986 7212 7298 4802 8227 898 6506 9906 6805 5990 6071 612 6307 3062 1573 
8257 7012 193 9550 3814 6338 6761 2356 1463 7217 1111 6200 3670 2613 6873 5879 8941 5056 8927 5524 1726 2893 138 4181 8084 6948 7184 3279 4905 1728 3175 740 5425 400 5842 1344 8771 4362 5546 6023 9973 9983 9288 6904 2825 6356 9997 5736 8921 5173 1527 2665 4103 2085 1565 6111 6623 6021 2984 6009 2857 4222 4039 3859 6550 6263 6589 8005 3528 4334 282 2893 2048 8637 3366 4791 4007 160 5308 8996 5381 4648 7735 5531 2211 1150 1372 7799 5495 5214 7392 6781 3173 8537 3162 4519 7016 4665 1513 1062 
7121 9576 5049 5838 402 2770 8959 4639 9941 7288 3156 4618 7892 8622 1370 8944 6682 4801 7071 2539 1108 9928 9501 6498 3856 7062 7612 7707 3931 8136 1121 7576 4697 5130 4065 2328 5576 7546 7507 8695 4641 1216 6058 3232 808 2624 1334 3175 732 6222 3795 7778 7257 1644 4630 2732 4789 4164 8966 1663 3971 9023 5795 1644 7382 8274 9345 9748 1922 1261 3375 9944 7765 4106 6107 3451 5615 8587 9423 6490 4419 8468 2006 9368 4311 739 8879 4695 7289 9709 5475 3976 1423 8274 9957 7459 5317 8460 8230 7487 
3279 6598 1179 6495 3242 6764 3892 9114 7143 7104 7584 6946 428 3544 6825 7878 5687 1379 2590 470 5557 2358 4702 2562 6726 2443 7488 2269 6935 2291 3488 3845 2609 6486 1283 1838 6489 8585 2277 9973 891 4038 4179 5325 3921 9990 4927 1544 9881 350 4837 773 4919 1157 5291 8417 3948 7704 3796 6903 622 8843 3797 3266 1368 5663 5497 7427 8390 1063 9752 6401 6909 1449 147 1083 8885 8055 5327 5353 5341 4410 1176 1152 5017 1112 4225 8178 7343 6095 3660 9007 5272 4431 4807 5557 9371 8490 8065 3660 
6424 9171 9913 4188 1594 8206 6706 2348 655 5122 3872 5904 8399 4712 2633 3406 6135 1367 3269 7004 4532 3865 6562 5006 3663 408 6625 8842 7463 4305 310 8232 875 8600 2068 7494 9926 89 9951 5303 6558 4283 8420 9452 212 282 8659 3020 7351 8748 1038 761 3546 2128 8994 1212 2317 1391 865 74 4041 1509 624 9894 7430 9201 6291 6187 7464 9636 6968 8954 8676 4855 8687 2745 8445 2020 8573 4230 8510 7537 1960 2141 2766 5417 6877 6316 6844 9541 768 660 8789 3428 5541 3371 811 91 7908 2041 
8585 1180 2964 7374 2738 9163 7225 7256 5118 7666 2292 7880 7148 8302 6802 2588 7909 9338 7468 762 9962 2254 9864 5557 8166 6121 5901 8189 5305 7502 7613 3780 9630 4494 7341 24 9305 8830 7788 8018 2415 8951 3952 4031 2858 1424 4936 8835 9931 200 984 8616 3926 2986 1393 538 4956 5813 5785 811 6698 3322 6555 450 5731 950 967 7423 8607 312 9030 834 1370 7273 9448 537 5526 8651 6743 1054 8404 4473 1729 84 427 434 9144 8416 2680 4011 8556 239 5034 8821 8539 9912 8609 5600 8948 6759 
7522 4203 9804 5675 1972 2921 9386 3724 3684 3488 2423 4568 9538 6408 3844 46 2808 361 3806 1732 1631 7926 4830 4350 9525 1376 5536 8639 9923 8927 857 3258 8971 1685 5533 7312 4686 593 4139 9783 9998 1036 6279 9324 6159 4443 9650 2490 4101 2163 9867 7159 1352 4443 8550 7348 3394 6884 1004 8709 184 6329 2170 879 1026 792 7588 2128 6799 7141 4174 8728 9729 1981 6186 6511 9204 3141 1001 6893 2638 6155 6919 1699 9575 3229 4895 885 4700 2319 7428 2205 9729 200 1685 1868 5959 9774 2614 4033 
8123 6940 3341 7734 7779 5966 1665 1473 6024 2846 6905 2152 7728 6700 9696 4319 7691 182 8474 4499 4178 6458 8459 4750 5013 6968 4261 3463 41 5451 619 8570 6018 8346 4048 2359 9096 9990 3322 2985 8611 4229 2197 3094 8463 3701 1740 9957 5386 2937 8059 547 2444 7592 4755 5916 8957 3399 4789 9946 2753 4661 5906 4894 8463 3002 9704 6867 1769 7340 7332 6557 2262 5457 1413 1999 3580 1536 8738 5057 2211 9609 6594 5546 9136 6216 2262 973 3973 9934 4836 9188 1880 2667 5318 7278 6200 8950 5287 6296 
4509 3731 6581 8750 7979 9814 5627 6126 6818 4627 5579 2660 8965 9079 1429 1482 3998 364 9802 2238 2815 9444 5350 8579 8517 285 4550 3565 9199 5976 845 1049 9963 5158 8198 8317 9302 3211 2160 661 5668 5502 1033 8360 1436 3657 9729 5625 2037 9170 2173 3433 6427 360 4470 9983 8573 8057 716 867 836 1101 9407 1376 2323 9659 9739 6402 1327 381 6351 444 9292 5989 2468 8871 3963 9060 4794 9355 9896 6003 514 2199 1929 4857 8704 4629 1312 6283 3193 7430 8900 1560 3144 4115 6750 6547 8846 3448 
8847 7533 6102 194 7975 5145 9536 9882 3960 7937 1124 8227 9913 2442 3654 682 8863 6559 3450 2471 8813 6214 1301 8372 7874 2140 9664 5513 2021 3720 5444 3059 7418 7964 3841 2767 8429 3780 7239 5095 9799 24 6039 7339 1307 7289 6026 3952 2144 5252 4031 6119 4091 2858 1050 6378 2651 8049 585 4186 8945 3379 6529 6418 3356 7757 2660 2815 3353 1582 13 3786 9651 2479 8115 8898 1471 223 9397 9891 4055 392 3263 9440 3292 5121 5513 518 6131 2569 118 3161 4187 3991 6838 3005 4362 9038 5508 4731 
9176 9437 5874 1737 2198 4790 9204 9914 3097 1947 5553 861 9967 3635 5887 5337 3409 9654 1407 5399 5078 8829 8084 2537 9170 6201 8161 4831 3571 5509 6451 2852 2060 3001 6715 8527 8897 5692 1955 7896 5683 6769 9622 2894 5645 4545 9200 5380 5469 3456 7139 7326 9702 3749 4018 1181 3003 6459 6260 9782 9746 436 4748 2082 4202 2056 3025 9170 1285 9499 583 9628 820 8796 2929 9189 8817 6609 4299 773 432 803 3375 6271 4137 3952 8744 7333 620 2514 2976 8250 6981 2215 933 6086 4143 6023 6928 5560 
2201 63 7045 3109 5469 6652 3654 4432 6332 1342 193 9049 8350 2117 7762 462 2996 6278 9387 6581 3261 344 8883 7419 5775 5916 2830 4066 9930 1965 5736 7668 5597 1570 4056 9093 2377 6886 5716 6506 1958 9073 1161 2557 4003 7498 1662 1430 3232 9313 8069 1207 5681 3828 287 3811 6909 9955 8187 9210 5780 8450 8954 2588 3739 9960 8136 46 9460 8073 2717 307 4234 6000 4061 3521 2889 669 7413 6234 5353 3896 1345 5580 8074 6329 1899 3730 9540 5437 7834 331 5337 1304 1188 2352 510 6945 5956 4684 
8519 6236 317 7869 3069 2372 1077 8012 4959 5846 1615 1430 5575 7752 2376 6221 4596 6339 9481 1048 1923 2522 4823 7984 7624 9273 3133 8166 739 8393 1094 7171 2359 2324 5573 6928 4776 7184 9355 5577 5361 3570 2335 5642 1641 3685 7179 9059 5185 6117 1514 7928 5086 9842 1441 5337 4181 2669 9268 408 9133 1666 3784 7092 2581 5492 63 6672 5520 7601 8504 1849 7199 2775 7113 2287 2587 8500 4876 5763 2471 5037 7495 5353 6340 9489 1220 9023 6889 9016 1342 7726 961 2695 7036 3761 2147 5472 7809 6856 
5888 9509 5531 392 9566 4574 3445 7607 6686 5807 4342 4683 4843 6978 5306 2279 6047 2376 4287 8290 3247 546 4472 2166 552 7335 6064 1696 8717 9111 1694 4615 4135 9538 4312 1217 2772 5788 9841 7014 5731 6243 8265 4967 2340 8165 5376 4221 5552 4095 3947 1118 3930 1916 1005 2602 6381 8343 5148 8125 4959 279 664 9912 2615 9619 9250 4392 5141 6300 2894 2131 6671 8035 6399 1973 1375 4151 2048 4462 7419 3830 6181 5393 92 9453 1612 9500 6469 3021 5575 6469 1434 6098 574 2625 4386 8232 6408 9101 
7018 792 2560 9486 1452 4212 6190 3666 1085 2652 7956 5705 2724 2420 217 9991 5126 8975 9492 1158 9889 8930 636 1415 7937 8238 6627 626 7272 8829 9655 3134 8275 6727 4808 3060 2142 2803 743 6526 3743 1461 3208 294 3421 6481 8380 6499 7110 9034 6847 3205 55 6700 4494 6664 9530 1791 1398 2458 2069 5980 9237 138 6348 5309 4260 5436 3713 5714 5611 1183 4570 3576 8234 9642 1644 9873 7566 7099 6785 8103 3001 1718 7447 5740 4843 3109 3882 8796 5306 3665 5078 6832 4072 3578 2926 1831 8420 4645 
3790 2163 5704 6002 4355 7538 418 2438 8304 8708 7933 4588 4537 7248 918 312 7869 2941 6750 2476 9319 1549 6799 3270 4719 373 318 9762 5657 2407 7121 9597 2381 7842 280 2480 6764 9541 2704 1468 3678 5970 9623 660 8789 3428 5541 3371 6427 4804 7629 3754 2260 4026 5922 9628 655 746 5720 9417 7556 6393 1123 6673 656 682 2946 1268 6448 8940 3921 1930 9815 1942 2589 3577 147 6707 6995 8125 9856 3705 2210 5969 705 8186 5398 6768 1165 4726 5594 7976 7179 9067 5185 4742 7060 8225 7570 4804 
8453 5501 216 8593 9987 6617 5722 6216 1909 7431 8784 4208 3781 8897 2766 882 7010 6406 4736 5189 2968 4500 8908 4021 7364 1484 3939 9460 3639 8633 3852 8116 7745 4653 1199 8161 2151 9735 6060 4402 1887 2549 1108 9985 466 5189 1159 5615 4232 6097 680 704 1480 2286 4238 6865 2445 8174 3933 38 7747 5374 7866 8612 8269 730 1710 860 6800 6413 8013 4037 3435 6088 8920 5304 6968 6478 1179 4766 994 7120 1821 9941 600 1493 37 9639 5900 2036 840 3891 868 5813 6761 7901 8821 3812 9929 193 
3124 8069 5653 1437 4355 9694 3353 2788 1626 2736 5454 2529 2359 3047 4879 6317 1326 8441 1345 281 9146 9615 9831 2449 5839 3002 6974 4737 8253 6086 5063 3060 377 1617 5316 1967 1220 5205 1002 6941 2031 7362 9725 945 1610 8998 542 7039 8310 5453 7313 9858 2013 613 8176 8357 4925 3802 8683 7778 1776 6897 3532 7570 2553 5703 2359 4982 5663 1681 4731 9291 887 4864 3180 6798 9893 7915 6273 3961 2755 3312 6492 3332 112 5328 9008 7564 5718 3206 2808 7694 9006 9883 6157 7103 6093 5451 4120 6629 
727 1831 2169 6974 7785 5899 2457 6805 5180 3189 3110 4372 7428 2689 8033 6773 5794 401 3035 3134 9074 803 0 3125 1906 5484 4486 3320 4316 9001 3286 77 8855 9515 1308 660 3428 1811 5517 3904 4525 9720 8912 280 118 5425 2253 4950 1791 2688 6848 1128 1587 7074 2257 5831 4772 385 3059 6939 2227 9245 1737 3425 951 702 7014 1150 9281 9505 5097 3558 5316 2280 9258 4492 678 8144 9285 4920 5998 993 2312 8676 1113 9609 6057 6863 4297 1581 4446 9457 3065 8251 9077 106 9065 6092 9697 1451 
6055 7498 2635 2157 5630 5144 8597 1070 8437 3261 3509 7574 8986 937 7224 8243 7125 6904 7051 9967 1117 7391 8438 163 478 1509 5964 7332 4465 8449 7697 6800 2729 4155 614 577 6161 8278 1600 2030 8990 6397 1775 604 761 6719 3519 2555 2911 2728 2391 21 9442 3964 5250 3225 4181 9779 9744 7667 6345 2667 1590 5924 3670 5102 22 2541 9749 6714 4715 9806 7517 6536 5616 764 7138 7749 5046 513 4339 4785 7969 4958 7238 7510 7085 323 1370 6181 4795 4250 2704 5554 923 7618 9457 9426 9538 714 
1417 5900 7899 1156 5872 4730 6528 4028 2237 4775 8468 4605 4336 6857 496 8004 1621 2788 1377 4680 5706 7147 2654 2389 3598 5219 4359 8251 2348 2036 7382 4696 853 723 4255 5159 193 1611 4273 9339 8139 8747 1392 5433 2884 73 6355 2853 5178 725 4254 1656 139 2964 2026 2245 9274 1872 5860 2250 2175 7177 8924 3428 4348 7471 169 8078 1155 3561 5191 7680 7555 631 4014 2290 8788 4852 6901 3121 917 998 9578 7918 8695 833 2692 407 4625 4170 4081 7323 4357 3670 396 7604 9538 8319 5240 9619 
9987 5877 1441 4197 5428 6727 5789 7902 286 242 9142 4643 5827 8783 7409 2740 4482 9053 9285 6126 5775 1898 6532 9488 6008 2605 35 4037 2091 5834 257 3282 5750 8950 1263 2703 5048 457 56 5157 347 4703 234 5371 438 9077 7587 6318 700 1504 5397 8272 3730 904 2356 1356 9992 4270 5043 6658 7713 9943 6609 2105 9022 2930 7469 6977 245 5043 8456 5397 9835 2044 5399 7530 696 2580 8011 2575 6095 7237 7265 9521 839 5157 5535 4751 7519 48 6899 508 7627 3070 112 9391 2370 9751 1924 6210 
7584 135 9517 1392 8535 3914 1314 4974 6381 2870 5816 9882 9036 7618 1956 7810 1948 7888 1643 2748 4469 286 3193 1203 5771 7405 7547 4358 562 9356 179 262 1383 4019 5731 3632 1675 5071 1950 3817 8544 2683 396 2589 3905 8917 1007 862 6517 1521 6181 4929 6040 8338 1149 9577 7007 7634 4824 6236 1355 1896 9153 1623 3072 2538 1455 4797 5448 1913 6823 5031 7299 4993 7956 8703 158 9020 6524 8974 8448 4224 755 1890 602 6647 8482 6901 1825 7246 701 2049 6376 8405 1681 6626 3130 8098 5960 2053 
4921 8778 5472 240 9024 4387 6674 2443 4048 4578 1376 1316 1690 9120 9520 4090 484 2741 4057 9978 7833 6565 8948 2930 5730 5203 279 3889 8920 1851 8977 2878 2337 6778 7008 9381 996 4271 2049 4437 4420 4518 3234 9404 2387 6732 3228 9595 6610 3500 7526 5798 598 6610 204 6355 7807 4116 2126 7834 3312 11 7241 4223 1401 5539 7962 3081 1386 2334 6378 1043 1446 5918 8083 5478 7974 7412 2636 3779 6453 5466 8013 6848 2088 1570 7014 2763 5330 3186 3516 8427 8425 9069 3655 2301 8573 9471 7768 2938 
282 9811 1852 8535 2496 4662 8207 5571 6112 350 889 7535 3494 4021 6380 1990 7074 954 7481 3748 3887 3129 6203 7817 6157 129 688 4134 7874 9064 1764 5568 5578 7115 8905 6561 4435 4333 9225 4042 5678 5361 1723 8250 7831 8257 6786 6506 1350 4816 5171 2788 3844 8364 2212 964 4064 3518 9596 6186 455 2961 695 625 2520 890 4125 2729 6977 5199 5919 4389 7923 2022 5061 1011 1161 7777 6165 1644 8705 3940 5657 2033 513 892 9110 6535 8413 6909 1803 5896 1695 7787 8437 3831 8804 825 4978 8303 
7611 2455 4699 5708 7877 6473 9209 9693 1023 8010 6698 276 8342 4436 6379 8439 4582 8352 7561 1090 8936 4629 6015 941 5048 2781 7442 6219 8377 6234 4953 601 4048 5230 6415 4944 4781 5781 4459 257 1364 8867 1879 3132 3615 1676 8078 4968 5916 735 7425 1690 9337 9103 6270 66 6917 4355 8996 2573 2427 9380 659 3222 8241 7229 825 7107 7072 2731 7705 8134 6023 3770 809 5516 6698 4752 9201 4729 682 5670 6806 8305 1691 3239 7311 4080 4678 943 1230 1674 2557 9130 327 3220 1578 5571 1803 5016 
9798 5502 63 4741 2420 9207 3817 9619 1405 1459 349 7199 8785 6672 8522 8756 970 5090 7994 6967 770 2838 5372 2034 5812 9557 445 1336 6835 5551 7656 5898 3088 6148 686 1619 1878 4122 6760 4381 6562 295 7999 9266 7036 8275 1415 622 6816 8761 9130 9530 8702 7903 563 1883 8685 384 3312 9819 8907 5964 5094 6401 4369 7373 1455 9843 342 5710 859 1625 9847 9113 2437 1163 6500 9499 6169 4703 7275 6331 9983 6912 5964 1231 4582 7266 294 4125 6952 9293 313 9744 1300 7019 1384 1497 8617 7845 