2008 4055 3603 4525 6179 1346 2451 8425 1417 4702 2225 426 5636 3707 4953 2121 8240 5728 6688 351 8006 5305 7655 7906 9036 9434 5201 353 7841 4588 6435 2916 6785 8405 3530 8817 65 2216 7832 2742 9531 6976 5791 9912 2131 2007 4900 873 2098 3265 4794 24 308 3506 3060 5580 3928 6150 9990 1912 2786 1571 8207 8515 4003 3416 8831 3639 6128 5672 1636 9942 3274 6387 2631 4078 1377 1067 6330 2312 1726 4052 6479 4000 826 2491 5396 9372 8166 9062 4055 7336 2438 9533 8181 5029 6564 1978 2526 1223 
6860 5329 4862 6294 3028 9741 4664 7011 6984 9800 8678 8031 4695 3125 9374 2142 2286 2600 2614 6051 3907 8981 6164 2976 3343 2036 4164 6052 6658 4718 8785 2696 8112 9618 526 2329 4501 8454 1295 4505 669 5293 2765 2183 3253 5949 6119 8955 250 7765 3727 6836 3737 3199 5972 2823 8148 5020 8593 7245 1909 4082 6783 4171 3975 997 1268 3930 4991 3191 508 7131 2832 9954 5409 6895 5260 8890 9812 4031 104 9051 7647 7350 5462 1432 8035 2573 9032 6871 8916 9315 1862 2107 6175 5885 9239 5541 5545 769 
1525 8604 6412 5061 2609 5586 2809 8312 4854 7475 6524 5212 6055 2420 9176 1788 1591 2370 3751 888 270 8925 634 8184 4936 6146 7070 1330 9967 235 5554 376 3866 4204 5815 2797 9660 6151 3843 9857 9120 8028 2989 726 647 9308 7313 4862 6709 5080 7312 1822 9480 5136 972 3795 1909 116 6750 2619 6945 2476 6065 2232 9319 1549 8660 6799 2197 7968 4112 9183 4719 615 4486 373 318 5509 9762 8034 5657 7121 9597 2381 5268 4641 2480 8753 5750 751 6764 7194 9541 2704 1468 3678 768 9623 9443 9772 
4593 8506 660 8787 8789 3428 5541 3371 5676 811 192 6427 7576 7387 1010 91 1623 8831 4804 1654 1153 7629 597 3754 2341 2260 3002 4480 1049 294 8670 2187 2793 2041 7864 3604 8585 643 2324 2964 2415 4587 7374 3571 4879 5495 223 1828 243 3977 4170 5936 7172 6768 3638 3818 2308 3821 222 9286 7217 4958 1611 3501 1121 7227 3950 2107 9445 3937 3935 4266 4457 1629 8746 4141 1800 2801 4158 3596 7150 7374 2789 7949 4400 8131 5834 4778 5604 9413 9318 7872 4526 9608 8160 567 3874 2617 730 599 
6260 9976 9026 3305 3170 2875 3728 6722 9498 8550 2100 6752 9545 620 9578 6226 9322 6542 5101 6559 6617 6407 1618 5549 1413 5801 7895 9403 2501 8038 4010 2723 2234 147 5012 8777 9811 2986 8346 7229 2684 3529 2552 3470 2092 352 117 2689 6014 8955 1129 5670 8970 4650 1863 9739 4669 9204 6553 4466 1926 5142 8039 3051 5938 1196 1005 9505 5271 4366 3362 1793 7214 9128 9098 3545 1216 7778 5583 7222 1667 6083 8815 7848 3709 1016 4681 989 5442 7109 1144 6691 5936 4496 4489 6931 240 1502 7907 5039 
1802 4263 4530 1307 773 2017 6514 408 2796 4390 985 1867 9864 6023 7698 2591 4057 3064 3270 2787 8346 8210 2370 216 9495 3163 2095 6812 6086 5590 3545 3978 1795 1438 1223 6046 8367 498 3899 8031 761 4464 4735 7471 6302 2712 125 9364 5224 6243 7607 6286 3757 4312 2655 3479 7355 5014 5716 4914 1235 8033 1740 6502 1164 4457 1731 3325 6180 3785 4773 5939 8193 6094 6833 2328 6423 6216 3799 3954 4091 1685 4514 5921 1284 6244 6357 6508 4948 7697 22 6310 2465 3521 2124 9548 1050 5504 7876 7235 
4496 988 4603 7659 986 3153 9935 7596 5870 3285 3138 7397 7941 8362 813 7965 2017 3133 6262 9272 1418 2316 7227 6712 9947 870 4957 1917 8002 3963 1088 6582 8400 562 8459 4988 9373 9009 801 4157 2557 8858 9716 8427 6817 1783 1339 5187 1258 2495 7008 9777 760 7256 3051 3014 9918 6680 1670 7550 2585 5672 4834 5468 3065 4462 5774 6562 4281 847 2134 7169 1150 2111 6797 1390 8141 8834 6386 9074 4903 2980 2072 482 499 9408 6598 6019 5898 9284 6528 200 1825 3874 5728 8991 5315 1382 9820 5231 
3558 3091 9032 5688 4669 702 7235 6386 5946 3919 9751 7361 3977 6303 5739 5034 2585 3234 4197 8601 1836 2513 3301 4059 3164 2251 3179 8192 4479 8865 4038 5056 888 2909 9672 3775 8126 3693 9458 7910 8485 4818 7171 7660 5823 4301 525 2649 2210 2259 5570 1415 4095 9622 826 5268 9895 5569 7487 3635 5895 1947 1925 5106 3925 8068 7598 11 9219 6860 3319 6519 9398 635 7178 3883 5906 823 3259 5212 142 9138 2322 2626 4143 8120 5903 3590 5380 4926 5363 2374 1711 3638 7875 926 5073 2457 6968 1108 
8125 1155 7939 84 8978 8954 8529 981 3311 3197 7355 5654 6861 684 3010 5402 7443 7048 8338 2269 9489 6160 4112 1003 2822 3938 3117 3427 9469 7146 1899 4573 8533 1642 4805 3404 1298 8664 8513 3547 7729 7848 5314 7848 1434 3356 538 889 1683 9412 1909 9642 131 6775 1591 9637 5325 2566 243 8052 9016 1039 8367 6724 6246 6861 9754 3235 3319 2130 6519 8577 9398 635 4670 3484 3883 5906 823 7057 9149 5498 2018 142 9138 2322 4921 2626 3908 4143 8120 5903 3590 5380 8978 6380 5535 9443 3587 3684 
179 4745 7019 760 4691 2350 6022 7954 1638 4488 8964 336 5081 8895 7822 1803 505 2819 2843 605 3999 775 9355 9465 5557 7806 505 3762 5156 2057 622 3724 1434 5753 4097 6154 1915 3469 1259 7418 4485 4771 9857 3791 5394 2290 6795 3951 3893 2141 5417 5728 9415 3149 911 6534 4890 3551 4453 7173 8533 5533 2622 4822 7816 4254 9786 6864 3009 3064 6285 2156 4927 7184 3024 2335 5251 7575 8276 5521 5801 2148 4859 8443 9225 4586 9947 8485 51 7664 7892 3713 1279 504 590 1887 6749 1676 2984 3585 
3631 6845 4710 5852 6434 3682 6255 7746 5685 5213 4208 3579 8295 9339 6451 6123 8551 9417 2673 2702 5592 9391 12 3947 2026 5559 6343 759 5800 7799 6215 4015 2043 7088 9891 2647 3079 9824 8460 9193 6600 917 3959 3390 4232 2801 7962 7613 8116 1259 9565 4771 3761 8819 8117 662 8678 204 5750 792 6320 2666 1314 7267 207 1092 1386 35 2482 3930 7016 5637 7915 7108 5136 3875 7647 6372 2087 792 4148 4795 4368 6795 7016 9695 8334 224 530 9659 702 7126 9938 2509 7591 3090 2335 40 3581 3279 
4334 3968 9225 5266 5922 3842 4576 6726 2931 7596 4246 9246 8764 869 1375 2306 5396 7810 955 3783 190 784 2564 1912 3346 6683 1926 5425 4318 5633 4378 5667 7826 1454 8662 3152 7077 1213 2145 7402 6901 5876 7831 5393 1924 7922 778 4251 2105 7152 6674 5393 9728 43 4294 9000 524 9408 5700 6241 4495 4129 506 867 8189 3921 3259 6336 5828 771 73 8807 4146 2689 6315 6197 8005 316 7161 3130 3240 7674 9716 4515 6814 6893 9116 4885 9480 6904 4720 6086 2029 22 5161 9374 3403 1303 2092 4640 
2902 6929 5238 3662 135 950 5498 3574 9155 3006 6843 6562 6120 7067 5426 549 8227 9700 8308 232 3219 6043 1153 3625 2111 4735 7464 8432 9343 5383 8671 5375 9068 7760 8560 3983 3116 2005 2618 9701 9280 1064 3454 7565 9805 7939 4348 3464 4788 3329 980 4232 1915 7418 1377 6497 2849 9719 9834 5904 5241 4466 2560 3332 471 7803 6082 698 7820 9586 808 6553 1469 6795 2633 9954 429 2624 5045 8457 3956 6750 2146 5227 5050 8436 6585 1218 9498 4131 4498 2629 8790 649 4536 8906 2051 2683 4355 200 
2962 9355 532 7957 2723 4648 3656 3982 7769 9145 6392 4437 2725 4852 4057 3781 7868 9918 4548 2092 2902 3649 3311 6929 1651 3662 2007 7907 5498 7063 2443 9374 9756 8388 6624 1031 1518 2067 6992 4585 2945 943 6233 1437 5511 6390 8903 9170 3755 678 9534 8808 7018 2715 6471 6903 8369 681 663 1459 8088 8250 9230 2642 7102 4542 5531 9870 3142 782 2308 2776 7199 1773 4912 2047 4805 9739 1145 8294 8513 350 4882 7729 7848 3209 3715 7848 7265 5498 7732 2378 6432 538 889 2123 1597 4633 131 9213 
5325 2208 3991 243 8052 1039 1432 6724 6246 2460 9754 6055 8376 5139 9829 9753 792 5919 9086 8288 3974 945 8988 8660 4576 8013 5553 229 2176 7387 7979 1605 340 4817 5346 8851 6433 8587 911 9858 9001 4800 7313 2420 8783 121 6988 3647 2887 2591 1548 6371 5964 6995 1318 8435 4983 4978 4392 1763 1082 5226 3822 8858 5371 1658 3800 9503 3807 8594 8121 6270 8514 8817 2431 4421 3098 9141 320 2601 9313 8069 3630 7558 7879 2549 3884 3811 3257 6909 5542 3577 5863 2054 2500 147 1006 1083 8537 1264 
6995 1902 8055 4456 4959 1475 8236 7971 5303 8895 4476 8322 3331 5969 8515 6568 2267 2184 1159 917 1791 4569 3289 9839 6341 9570 2491 2329 1956 6000 3129 640 1431 2669 7259 5827 8257 7779 8777 2221 4294 7152 1011 3752 2478 6225 4015 7254 5506 6860 5990 3210 1461 3208 7551 2649 6135 6499 3205 6062 9530 7842 895 1666 2948 9449 5237 9611 1816 7330 9059 7561 4957 4528 9604 2749 1713 4774 5072 9802 3287 1904 4584 3685 4831 4684 3507 8561 8048 85 2337 1947 3852 4293 5840 7417 1516 6242 7866 6758 
9737 2295 4391 5829 5621 6474 5950 7058 7747 5506 5613 7765 7911 7657 1562 6206 8730 6728 3312 271 2382 7960 3395 4555 443 8602 562 6617 3580 7893 6392 8111 9535 8382 2081 7732 1945 2911 4451 7857 1369 1215 7607 518 8825 4099 4131 7028 9913 7442 5223 3233 3492 1011 8416 4726 6678 7117 4066 6145 4446 2130 6519 5956 9325 9590 1733 5922 8744 2768 6623 4855 8978 8954 8529 1405 4444 8664 4374 1386 3980 8403 6390 5711 5637 1407 2711 285 8116 9254 9770 2871 4301 8760 2400 4937 1146 112 6944 5216 
2193 9468 5879 5211 1813 890 1647 7695 9859 1265 3070 6835 8723 3714 4854 9390 0 7780 2248 2969 9244 1604 869 7756 1595 1944 986 4931 8285 202 1124 4870 6474 8877 6817 110 5104 8935 7510 3134 6968 9302 9297 6195 5374 27 9195 177 1173 6930 3987 9556 2799 3702 4289 4159 2823 2113 5585 358 6750 3680 8405 7238 2223 1305 1831 9108 2802 6442 3013 4735 4389 4291 4860 1148 6896 7986 7750 553 4538 5240 9988 6194 5700 8387 9457 4232 9510 8816 5705 6670 7951 9325 8465 5219 1981 2048 7216 4473 
2235 8665 3482 9632 9006 1228 4372 5038 4394 628 2741 9807 8343 7952 5253 620 1409 3817 3277 6660 3640 6010 3323 2132 8555 7721 9355 493 6909 13 9651 8115 1471 223 9397 8240 4055 3059 9424 3211 8981 1898 138 3050 7382 100 1801 3039 6649 4177 9713 4694 3522 7254 6853 8332 7728 493 8263 9225 8067 8593 2024 7278 7892 3403 3423 8060 9637 7954 8785 5265 4474 6776 5081 8895 5866 7822 7904 8131 505 4460 4108 4570 8923 485 5544 3630 5603 9708 8932 621 3041 4477 4243 3831 4623 2066 8754 768 
4758 8408 4069 802 453 2068 2585 9221 9120 1461 380 8305 510 8204 6904 6216 2202 6063 9309 8379 5610 8644 1199 4900 4609 8784 6623 717 2332 4800 2914 4089 1971 5533 7809 8195 724 4490 7640 9617 2988 3741 2357 78 5531 1148 9870 9416 4248 3822 8548 3697 3736 2514 1907 7739 709 2632 8793 9070 1418 8674 1835 2706 3150 439 2155 3917 3543 7617 8195 1975 698 5323 9430 1214 3610 8070 2958 4158 5940 3451 7734 3889 2822 4906 2606 6457 1427 5718 5802 3274 3001 9761 7328 2652 7583 3141 8381 1334 
9983 5321 9700 4473 3429 5419 5367 6622 2377 621 4123 5124 8917 6952 2080 7416 1440 2053 3618 725 5116 9754 229 1069 5005 6486 5070 2314 2937 590 9135 3065 8753 800 5106 7905 5320 9843 2173 4766 3366 6974 9017 6360 7756 8597 9599 3165 5615 9124 1998 9611 1501 1424 9584 5264 5418 3036 2529 6477 6699 464 1547 9054 7818 1303 4640 6453 7189 9855 7948 877 1742 8568 9738 7592 8143 3292 8545 8737 4788 5295 6389 3985 4278 7785 9808 5020 5650 2846 8622 7071 7108 2539 2855 7688 9749 5953 3086 2597 
7612 2644 6234 1747 3432 1121 455 3971 9823 9029 7102 5130 1759 4065 165 5576 7546 3188 7507 4641 2626 6058 1857 9497 4034 4405 3945 1103 7851 8551 5407 8261 7174 7090 3828 7210 8821 490 8970 7399 2012 1141 1322 473 9042 6252 1641 463 4746 3089 2268 8852 4307 7334 6376 7995 1010 7630 100 1518 7211 555 3656 6509 7391 5339 430 1449 1566 836 1384 6747 8851 9083 1565 5884 1535 8237 9636 5321 4021 3100 9323 2131 8933 7215 3376 2790 3244 1367 6021 7825 7836 7565 727 8930 7199 1152 251 2288 
7503 5536 590 1529 805 8548 9367 6840 2293 734 9472 3730 3650 8185 979 1486 2102 8058 7402 6925 4906 1861 2409 7397 8311 7988 8307 4741 7707 3776 1194 9601 9205 1924 3785 348 7534 1874 5945 4241 4242 2216 8910 8875 4467 9260 836 2426 4605 7156 2563 1305 97 6317 3466 3822 8602 6533 6032 8229 5425 9725 4401 43 936 4714 42 7386 6654 2420 2008 646 5816 6648 7085 9688 6528 4840 5320 1345 8519 1771 9859 3149 8957 3077 1176 7571 3088 8049 4714 6940 2962 995 890 7946 4130 3183 1230 6658 
2086 5786 2381 8914 4065 7028 1330 9380 9846 9204 9914 4733 3171 5553 819 9967 2133 884 1258 3273 1617 7999 6795 9373 5182 647 1688 9217 7231 9100 9673 4349 6578 9253 9244 1664 1657 4492 6537 1886 7217 1132 8961 8327 712 2933 1635 2070 6946 7399 4630 257 5333 6167 6879 8178 248 4242 541 7383 7786 1955 5423 1726 5893 9377 2553 4728 2523 4180 2667 4393 7285 3659 3627 3100 3067 4472 5794 3988 1905 1543 7172 7871 2078 9004 208 9786 2386 3346 2865 9425 7715 4443 1195 9515 7066 6331 1986 7747 
4547 3594 2602 2912 261 12 9880 1324 9568 1054 1642 5659 897 4153 8593 7341 8658 6831 7801 9012 4074 8241 3059 1875 2570 4970 4715 9806 1033 1004 8954 1914 4964 1332 7497 3745 7099 4629 1277 2380 7235 342 5468 2529 3577 7676 5866 4757 3280 8419 618 7260 2308 9729 4106 9857 5273 8400 7256 1045 775 6338 4108 4172 4029 9856 1322 5351 4583 5219 4761 6598 8712 9710 5539 9665 8843 6674 5651 8972 6242 603 7647 8488 5899 4664 6845 3112 4438 6441 3273 8318 1262 1531 3708 530 8859 6705 9260 7749 
7634 6260 3104 7709 8577 4070 4450 6795 6757 3674 2666 8083 9473 7217 8782 9280 4282 385 4383 4414 5512 9710 1431 6212 8249 2518 5640 6902 2147 7553 6482 2234 6628 6528 8967 4441 7391 7958 8788 1051 6379 4201 8535 3988 3487 7037 3112 6792 889 5776 2885 7717 4627 5013 515 1729 2357 8636 1376 7574 4289 2081 2412 8111 7113 6142 1632 258 6047 2290 5561 1668 6903 9566 4081 9308 8257 6825 7889 8383 1023 4138 8023 8269 9988 9323 8711 2473 813 9816 8920 7813 8668 2216 9362 2081 4328 7319 1086 9390 
4504 9690 661 7897 4249 7008 4327 6698 3363 2981 7178 3445 4761 5213 8721 8373 5071 6974 5593 7215 9982 9192 5217 9528 4033 1441 8331 6480 9848 8720 4635 8319 6457 6822 7774 3956 3744 3804 8876 551 2620 3251 8112 2069 3783 3830 784 3896 19 9257 4910 3917 1717 6898 4825 9924 595 614 8898 2242 5416 8895 2370 7354 6146 4204 2797 8659 6048 3576 3752 4266 6356 7149 2634 4941 8871 2382 840 7609 9683 3823 5108 7987 945 1007 7829 9831 3739 5541 1733 3425 2136 4796 8796 5253 9189 6609 1272 432 
319 803 3059 699 558 1024 9821 7426 2374 4826 1789 1711 5899 6587 9890 7977 4569 6805 391 6278 1596 9275 2868 5124 9755 7764 334 5135 1441 2218 890 9934 524 7243 9311 7130 9382 5743 1501 2047 4179 3001 798 1717 7730 2815 3278 8820 6234 4765 1927 1582 2979 9236 4316 221 1289 3928 3659 3184 5294 6865 7223 863 6747 4794 3521 2955 2710 1253 4955 5014 913 8619 3301 5063 5777 5126 8773 8340 9824 8062 4836 8467 3590 9204 4445 7353 1594 278 9482 6072 7313 8072 4079 1263 6775 167 7383 5261 
1345 9674 9680 7214 8575 5948 7766 8758 2183 2478 9827 7342 999 2481 2455 1591 1042 7463 5979 8470 5824 7804 4096 472 4262 8895 6168 8546 2147 2656 6195 1033 5979 9200 9297 2981 7013 1499 2872 4758 9917 1196 9518 5877 1459 8383 2268 331 6852 3866 6475 7902 4331 5527 3333 7427 5019 1923 2468 7473 286 4083 6814 4729 4493 5728 6659 2157 9214 6807 6247 3390 2348 179 7341 4942 7542 4805 582 9000 9179 2459 7142 8477 8000 738 1944 2523 6474 4810 2948 5591 5544 5323 4200 3688 4850 1883 8485 6291 
397 2421 7612 9511 7861 2742 8741 7030 5362 324 5306 4405 1383 5348 3593 82 8521 264 4620 6753 8284 487 7231 4097 6971 729 6684 3277 4153 5902 8496 1078 6439 6782 9409 7376 4179 8436 4611 8986 7788 7514 2398 3309 2817 2480 8043 6793 8474 5534 7227 0 3475 5740 1735 165 8998 5470 7988 2682 8661 9958 980 6092 1220 2681 1936 2267 9465 3142 7176 7806 5010 4851 4642 6868 7192 4314 5658 2291 870 7693 7441 9616 8464 3905 4626 319 5447 3675 9770 9386 289 2653 8451 8885 5809 3850 6137 9537 
8040 9832 5654 9049 9901 6087 4704 7306 642 6995 7728 7561 554 3224 8782 4007 1456 7853 7418 8990 7235 9831 7206 66 3026 1658 5174 917 4400 6448 8885 7635 2980 9815 9815 235 6823 6278 2896 7922 5373 2090 3975 4501 3359 5594 8187 1291 8515 7894 4599 434 2974 2143 1059 50 7029 5963 8815 8567 3354 7770 6830 1989 6269 3552 7792 3817 3142 108 8551 8156 315 2376 6221 4750 4899 9725 2522 3374 6140 244 6910 1688 8393 5532 9653 1094 4552 8765 6626 9673 6300 5573 1513 3541 5361 2335 5251 2438 
3876 7931 9225 4803 3225 6368 7664 46 9652 1887 213 3899 7608 5852 3123 1304 1363 2847 5007 226 2381 2290 4070 5565 4135 1838 2358 6793 7859 7621 2107 2505 7488 1211 8033 2831 4245 4134 2955 1877 2830 5274 5154 3027 1348 9796 7518 4218 8747 1589 5620 4706 1040 8491 6525 4799 1142 8155 568 8726 6724 2592 7308 2023 3602 6018 6998 3524 586 5535 5891 9316 5900 7230 1133 7896 1146 1099 6823 5533 924 5457 9620 6727 1496 8140 3219 4367 9524 92 9911 3701 7243 9698 1932 4296 8074 8878 3419 1418 
1510 7719 7773 1835 7042 5207 6911 627 2639 2836 9798 5794 3658 9480 9649 6889 1341 7055 2480 3003 6854 7797 3730 9624 9323 8126 4539 2075 3925 4356 6676 1403 5133 4265 610 2715 3090 8621 4642 1015 3251 1612 4579 6466 6715 2008 7200 79 9212 4325 4741 7277 7226 9760 7010 8736 9847 6712 8353 885 2630 2212 7830 7607 4309 4067 8054 1551 6513 6382 1516 772 2849 7110 2374 6296 4326 8584 1954 201 1951 7409 4183 8306 8006 110 2209 3086 5630 4483 9061 9388 8762 219 3724 1914 1190 6399 471 3977 
7992 7872 6277 8463 7291 5668 3615 5411 2214 4487 6676 3564 6573 2135 1818 24 4836 952 1249 280 3616 3186 6138 2712 2653 4317 6330 5217 667 1450 4033 2768 2589 8311 2968 1708 6106 4021 2049 6185 3617 5352 8025 2266 2591 911 855 3072 6603 5994 5484 3821 864 1384 6620 9722 5023 3054 7331 4764 9911 4635 4650 2038 7080 1918 5503 6155 820 7271 505 4514 8379 7551 336 9967 4802 2991 9828 119 4439 3826 9815 2238 5024 5647 3511 5994 9240 2130 4461 2954 2253 8616 9973 5516 8663 5142 6149 4527 