790 2043 8642 2514 9173 4288 6809 6787 8872 6654 8274 1986 4029 8431 9209 7490 1076 5395 7062 6216 4031 5724 2901 363 3987 5952 8054 2949 7119 9467 1626 3655 1888 9508 443 4530 9598 6790 262 1909 5567 6354 4831 861 2500 5276 90 59 4604 436 6269 8622 9944 2853 3405 3885 4600 9797 2926 2294 6417 1249 8181 2533 6322 1129 8945 9962 5095 7204 4200 2227 3179 5358 3182 8295 5170 4458 7562 7660 6053 2428 8658 7145 9240 3788 2674 4331 2213 3669 4152 1635 7754 7610 2384 7923 8428 135 9997 9989 
1744 3717 2832 702 4152 1121 2738 8276 6537 5313 9915 2002 2020 2374 5575 7187 1800 5141 1974 2414 4843 9624 8692 9596 545 2965 3385 671 5618 8385 8845 66 3717 5106 599 5213 4809 1700 8976 8534 5336 9885 5841 6374 1901 4842 317 9774 115 7720 3172 9784 5494 2605 3611 7860 4869 1987 1840 5752 1211 4003 7363 3293 2180 1300 3964 881 4751 2315 5537 2388 9853 442 8095 1000 9296 4099 177 5729 1017 3833 7607 3413 5576 4103 8731 8029 2710 9259 9723 9850 5917 5565 8933 436 5780 1527 8929 8689 
9172 8301 8177 4752 67 4661 2088 2776 9242 7269 7367 2679 2891 4195 9493 6253 567 5049 751 7634 421 6260 6952 2237 6676 8793 215 2765 8011 2433 9207 7853 3182 3020 116 4891 3687 4263 1804 3674 1881 8658 698 2208 3078 8474 636 1375 878 5027 3265 9234 5642 8563 9695 3898 9790 7799 9146 9108 326 8125 7632 2787 4425 9839 383 1027 6286 1707 7064 2629 3337 2357 2892 6319 3902 8298 8928 3547 2331 823 1495 563 7831 6357 2265 4267 2278 2001 1159 2933 1738 8488 2124 8872 5455 1226 4873 4966 
2376 8712 8698 2904 8748 5757 4000 7207 5557 8960 1976 292 7050 120 9527 4552 985 4387 8061 578 3607 2271 7812 6342 7746 4921 5755 6591 5336 2440 6992 4648 5927 1514 3426 3785 6152 543 2835 3096 5594 5187 3980 973 8704 8787 4004 2676 8822 4915 6558 9574 7894 4080 4256 6729 1037 9748 7664 3708 1428 5581 7154 1931 2326 6406 4049 2342 6108 5856 1675 4043 4503 3013 1402 4989 3094 628 9829 5899 6018 1045 2608 4229 5639 3223 323 5893 4108 4771 1662 7082 9623 6997 8854 325 4498 7140 9651 8115 
1471 5580 8240 998 4409 8898 3059 1323 2842 3211 8494 9675 9205 5539 1755 2992 1421 6353 3833 4283 8457 8221 4750 3879 1548 465 5964 6995 8435 4857 1764 4392 4218 1082 4354 5226 3822 6130 6451 6123 1978 6516 2673 9848 6808 633 4575 4860 80 7596 5881 8266 2803 4847 7930 8343 9853 4135 6623 8978 9796 1746 1405 4606 4257 8657 6678 3197 7355 3736 2679 8277 8361 5569 2167 3280 6383 7358 885 8853 3913 3545 6183 3753 628 304 3251 4713 4404 2380 4982 9313 3782 875 9481 6242 6133 540 8028 8880 
6448 8940 7635 3921 4713 5076 2316 1197 5837 8816 3956 4307 8295 4298 660 5373 2348 4993 6747 4942 7542 6513 8807 7043 6839 9707 376 6321 7802 850 6181 1782 2186 5377 2702 6856 4912 5148 4560 739 2731 3146 4739 7278 4572 921 9541 2549 6719 2514 8831 3924 4299 4480 2249 6437 9759 3390 902 6295 3380 2185 1400 293 3191 7779 4111 7547 6872 8012 318 1205 3365 2661 2991 3245 7314 9192 1898 6436 1238 7878 9528 8779 1459 1266 9461 6480 9044 6832 8720 3079 3851 4635 3697 4963 3682 8076 2146 9927 
9011 3275 9555 4279 9644 6264 358 5391 4230 1548 1684 3280 486 7469 4854 6524 2420 1591 8925 634 4936 1330 235 5554 376 4251 5815 8236 6602 9857 8028 7304 2965 726 5097 9480 6750 2619 2476 84 9861 1405 9143 431 8117 3415 5669 6454 5742 7859 5560 4663 6320 4341 4777 2245 1124 2666 9241 9904 4934 4120 4381 1288 677 3391 4888 6705 207 9179 6734 1386 2703 4589 7480 9556 5852 8285 35 3980 7370 428 9790 6834 269 5692 1540 2945 5637 7684 7861 1788 888 7354 8184 6146 235 9396 3866 4204 
937 647 7313 4862 5097 7312 8030 4269 8034 4701 2901 8508 1076 7774 840 474 768 3723 3930 1521 8081 9790 784 269 6390 5692 5711 7147 8850 7684 9692 120 5119 295 3037 7610 3875 5516 9784 7843 7395 4993 7585 4148 681 6817 9606 326 4798 1368 7427 1698 1846 4395 7473 1375 4083 6814 4729 4493 5728 6659 8090 9788 5525 5998 5095 2190 330 1534 26 7368 4257 2906 5108 8331 4752 1944 3796 5848 6422 8843 3583 7545 5791 8519 130 3994 250 1923 1742 6629 7873 667 3122 9541 367 725 2768 2589 
4169 6672 1284 3967 9848 7199 7585 2598 1773 804 3744 3804 576 8876 4128 9555 2728 542 779 7353 9501 2620 4475 1981 7317 2069 955 7989 7454 3338 3830 961 3896 6637 4593 9358 5101 9273 5305 6472 2029 1837 1650 457 7790 4480 656 2729 9160 7939 7989 6534 190 6300 8923 7112 3253 8440 5141 7787 8932 500 3128 7094 3041 2488 7976 7091 8005 7411 9655 9553 5395 8275 6727 4808 5769 1680 7238 2892 5273 7314 8400 9712 2110 5665 775 1332 1669 4780 2241 8249 3538 8986 2900 4100 4990 8476 7734 1472 
9853 7044 2334 8742 6791 7982 3511 1245 2986 4714 8914 3248 8519 2115 4930 6018 5476 3929 6081 3103 7682 6297 4947 6866 7534 2144 274 4140 733 2801 4804 8251 7266 9129 4340 1268 6264 5115 7113 8539 9 3343 9575 5751 592 7971 9733 8919 7458 1270 5004 797 2195 3319 5760 1278 7466 7730 8016 1162 4132 1298 9390 7233 3850 4634 5601 1229 5138 861 4802 625 8781 1254 1531 2866 8978 9573 7537 8755 8216 2592 2486 8587 7565 3149 5072 911 9001 4684 8193 2420 121 3647 337 4656 377 1548 6448 2881 
465 5964 6995 1318 2981 4857 5380 647 881 8398 7716 6750 2232 8660 4112 373 5509 8034 8023 5945 149 1769 5268 4641 5926 6764 8361 9623 8787 3428 6196 7332 307 1751 2573 8976 4828 746 3408 5642 8079 482 5842 5971 3971 7796 1499 1789 3264 2991 1264 1686 7236 7023 6548 2735 9344 5343 6607 86 9139 4261 7225 818 9307 189 7528 2961 556 239 7989 7333 5927 1008 570 6834 547 6116 2511 4917 1670 1354 396 7326 8216 7103 764 3837 79 2987 1676 7299 1990 5648 7269 9315 9813 1599 8625 6343 
1046 8013 3669 2309 2219 660 3280 8733 1543 9346 6258 535 5049 6286 534 1724 6589 839 3425 6271 4191 8360 1263 6948 571 1509 5753 700 8163 2245 7307 1226 8361 9772 8506 3428 1269 5676 192 7387 91 8831 1654 1924 597 2341 5693 3002 1049 7908 8670 643 2964 2415 3571 223 243 4170 7172 4676 4349 9286 1611 1121 3937 4457 503 4141 7674 6448 7829 8651 7716 5029 4422 8700 4950 8880 2958 2165 9531 9086 4720 3236 7432 4130 3041 8992 275 4776 778 936 3519 8107 8532 4368 6121 5784 2765 6406 
6546 8980 5328 7674 8452 6358 4502 9992 3927 4032 302 1474 5917 173 5354 6293 860 6572 1602 9797 7623 9850 3519 48 7026 6476 5612 6473 1166 6736 8961 5231 250 5875 7480 2492 310 7998 2438 6780 9102 5300 5900 9260 3409 6323 4543 6363 6705 7441 5723 5291 1263 6775 6575 8931 9533 7995 4403 7102 7111 6307 1218 155 6944 3292 7893 5010 6099 5023 3167 3297 1456 5738 8443 5680 6810 1571 8220 4979 3016 4619 4277 4081 7900 7176 4437 2657 4057 1037 9918 8344 8205 4598 2902 7536 9219 6738 5364 7501 
5020 7806 9867 272 2253 9911 6703 9263 9698 9040 6200 2257 8426 206 1267 4331 9266 4061 8999 6069 689 2381 1633 121 5654 8369 4232 159 9174 6982 3946 8536 102 9847 2816 8021 881 7881 1340 2724 5457 4842 809 9217 1303 8013 2317 5204 2535 6559 2931 3221 9810 1308 2939 7249 8456 8236 2917 2068 5502 5271 4017 7247 25 6381 3635 1716 3183 7956 3422 4834 1304 963 8209 8865 2134 5314 1312 4307 2126 1564 7470 8015 1324 6904 7438 7838 1461 8951 3730 9513 9839 7567 9570 7504 5039 518 231 2253 
6809 6367 7853 5704 9631 4649 8677 3442 3020 2040 5695 4891 3687 2351 7967 5820 2673 1881 8658 6455 1031 4355 8416 4367 7699 4493 6767 8759 9788 331 9487 8816 1284 7678 9314 9619 3349 482 6945 3170 7724 3451 591 4860 6957 3904 3454 7395 1558 5254 6081 8015 6962 7398 9396 1108 4244 9904 4888 207 1092 1687 1386 3186 1076 3667 1805 2482 7370 428 1521 8081 269 5692 1540 8850 5969 1511 4135 6688 1304 3037 7610 8369 5516 1306 5481 7843 4253 4993 5387 7585 4148 4263 7188 4795 2896 5842 3461 411 
6492 5730 7232 5893 9333 5222 3025 1560 7802 41 5021 3277 8048 913 6861 6418 8376 5139 2367 9829 9753 792 5919 9086 934 2973 1349 5947 69 2630 9852 6964 4208 3579 4065 6546 2894 8463 1280 6332 9729 3380 5838 9351 2185 293 6045 4717 4111 6625 3522 6213 9943 5864 4649 8905 5104 3440 1050 4802 3109 625 1376 3951 2866 7334 3893 9573 5998 8434 7537 1960 2141 4238 8216 2766 2592 7877 2425 497 3786 4207 2170 1808 6354 3363 6133 4954 3606 850 3508 7367 5222 9393 5893 4343 5845 602 5506 2444 
8374 1419 5972 7176 4663 2245 3596 9241 1750 4888 6705 9179 7480 9556 1076 5852 8797 5053 35 6339 1805 2482 3723 862 428 3930 8081 8403 731 6834 4616 6390 5692 6122 1540 2766 8304 9951 6745 5826 8963 2218 4958 9669 3838 4480 3105 792 4196 3942 1742 941 307 6582 1602 1420 3725 4759 907 9856 7963 6991 8019 9498 1271 1887 6749 213 1587 1908 2984 9340 519 6845 4981 2707 2430 7259 4604 2062 2093 5351 5502 3919 7231 9516 3342 2883 3745 1790 8580 6888 8750 7593 6953 7566 3624 7054 8524 6312 
6260 6683 5250 5425 4318 6514 4378 8797 3763 6846 5667 2241 1899 5581 7183 8662 5619 8895 908 6860 6411 8131 505 4852 2843 6920 1041 241 5335 5905 2633 9342 8904 5029 6316 3598 2289 3330 1459 5653 2871 8191 6651 9432 7339 5897 5189 1631 6985 1159 3342 4539 5892 5797 3600 6772 4772 9466 6556 1003 1706 6638 3822 4623 361 6030 2043 1334 1579 3132 2653 7456 6210 4187 7230 247 646 3005 3264 675 4362 3543 1236 4785 7971 5841 6837 3293 1949 5597 953 178 8370 5967 2032 3904 2794 1141 6163 2558 
2291 3619 2754 4715 9663 987 4240 4498 6447 6458 8252 5143 8206 8671 6948 413 3819 4599 2515 283 8660 3207 9582 5324 357 8448 5826 2729 4164 5349 5829 9388 2549 3137 7563 5269 3280 1900 2386 9882 1214 4347 9779 2378 4323 9532 2314 3467 1443 8369 9846 5448 4369 4762 9438 9549 5340 3941 3170 2826 8499 2907 9556 8797 8285 3980 7016 784 269 7044 7915 7684 2353 7171 6734 7938 4821 2676 6474 5760 2449 3212 8984 842 7591 1664 2335 9603 2527 776 2466 7032 2127 3228 7516 119 1111 3670 9795 4792 
1663 5879 4236 3450 8860 2649 7554 1906 162 611 185 406 3409 7132 9093 1542 8299 7989 6991 3885 4857 1615 1599 3246 4670 1483 2565 7017 9434 9111 2551 3310 3983 5663 1228 5954 1114 7041 6433 9324 792 3691 5408 7210 1158 58 5722 643 2986 437 7552 9664 5018 2172 8154 6372 1202 3441 1962 3499 4235 8514 9249 5048 2119 8413 5780 6626 9781 3812 8689 8894 1275 1375 4151 6010 1269 2048 1050 1241 6554 6978 3075 2633 5827 141 1390 2807 6758 4275 2246 7462 5602 1359 6406 2126 631 4265 6569 1752 
6530 3040 5219 5723 4655 9255 333 6444 4559 4428 2258 6067 2766 7616 5117 8475 7521 358 8529 3433 1612 9108 7824 9294 7211 3804 5825 2331 1052 3248 9668 2366 8187 6380 2669 1833 238 4468 189 1248 1741 9471 762 8244 2839 2490 3510 2351 4803 1347 9426 6072 8308 5492 9541 9155 3193 3572 5134 843 3203 1867 7164 9317 2816 1807 8213 1277 8688 2818 8575 337 5143 812 3661 5469 8626 7793 6338 9159 1959 6250 7532 5852 8786 4453 4507 6616 8754 3792 6921 9079 2963 8815 2861 7912 8668 7422 8179 2712 
9577 7037 7425 8574 6102 4784 3128 6375 2996 242 7884 5325 7914 620 5549 3055 3556 350 4919 5291 1418 4841 9893 8579 7722 4913 6658 6461 2424 7190 8754 1342 4028 238 1422 3130 6793 544 962 9148 1424 2908 5057 1372 3074 8298 3287 9149 4862 7661 8525 8283 3200 6003 330 1274 6760 7147 7425 1023 4310 2536 3082 9371 4511 7625 8186 6900 185 538 8121 1948 6064 622 5993 6942 8100 5894 5211 5750 3597 2496 2549 1221 6570 6763 5418 6547 2522 9687 2426 3736 4405 7719 6674 6839 9882 2682 8934 2221 
5840 6003 858 4271 8236 2942 7463 9081 1420 3011 7242 6342 6490 3746 7235 4019 7780 7094 7100 7715 8416 9220 5804 7154 7624 6814 9890 1071 4906 1749 5729 1011 3657 1258 2351 8867 9018 7403 3222 8726 7104 5597 5738 3549 2278 7033 6389 2448 5674 1271 2871 4590 7629 6586 1277 7889 3805 5351 4570 4187 8912 5803 1818 5671 4663 9740 6680 5236 5863 9690 5387 8555 2070 7382 7940 1490 4066 7440 6147 8023 6672 1060 8802 7512 6793 8364 4154 2198 6539 6257 3207 6927 1261 4361 5963 4850 3288 723 2692 4516 
8839 8082 9120 5511 9142 4274 9376 1067 4092 189 5221 2778 3986 1348 2596 8962 6958 4920 6093 1279 4561 3169 4619 2811 2701 3157 4675 8196 4850 8143 8641 6423 7273 3733 410 6590 5081 7604 4043 473 8111 5796 1240 6067 5915 6318 813 4010 1442 6523 6567 1289 5416 9122 359 5496 1235 619 5165 3654 5924 1080 4270 8661 3750 3337 2599 1046 2961 9001 2488 3733 6381 2109 2949 4717 9675 8873 5171 3094 9096 681 3493 7455 804 3401 8604 8061 4777 8083 275 17 8360 963 5627 28 5273 3971 5186 7188 
1196 1647 1554 5325 1654 9848 7029 6624 4663 2125 2829 567 4280 4396 596 7626 7976 2289 4620 4534 9538 5046 6561 2998 4072 71 1526 5425 4623 7672 6618 4689 1462 2564 5698 4653 8816 3805 4699 7091 7229 5419 3199 1995 9617 9774 6226 2431 4553 1403 8226 4215 5955 9345 5315 4534 7959 7850 6383 9515 4709 1658 9068 4171 392 7214 9240 6242 8288 4076 423 5097 6011 6993 7984 3124 2027 2804 4605 3417 7124 7949 5157 4695 226 4002 7346 1268 3938 532 9706 2006 6701 3694 4049 8746 7098 2943 6383 6915 
9729 447 885 5003 6607 307 7437 302 8628 304 9398 1090 531 8916 4812 1159 5705 7164 9744 3227 5087 3919 2086 4070 2349 1276 8369 9820 3346 8301 8724 8950 2088 2776 3396 9728 6018 2369 4674 566 8335 4899 4908 8039 9123 5450 4232 9311 8785 3815 7247 6764 1074 6407 5410 3572 74 8960 2394 7616 7476 5066 602 1085 5778 9149 5918 5210 7055 2480 5815 9387 6021 1924 7363 9400 4318 7186 9456 8344 6037 2384 7561 1851 8374 1131 3204 9484 4683 3500 1529 1570 9237 2371 2883 3615 8155 7406 1642 2462 
4872 5091 2032 5183 6313 3848 8355 4188 6460 6706 9853 655 5122 3872 8553 7439 4712 4670 7340 8077 8533 3583 2777 2939 8686 3774 7212 3307 7639 273 3197 5975 6182 1030 2948 1594 824 7384 1602 8227 3189 4104 4503 5533 7880 9391 2785 3788 7909 5638 8466 8412 3930 9849 2498 9042 8478 4754 2949 7564 9498 3428 7579 8387 3483 2848 1106 5239 5997 69 8869 2271 9817 1843 8660 5128 6497 2054 4812 6937 7737 6432 2185 7559 9266 7817 3617 1018 5803 5867 8763 4926 9896 6781 3839 9966 8812 7776 2818 6515 
870 8310 7803 8985 2312 2001 543 3550 7325 5086 7505 8040 6393 7606 9186 3425 8034 7028 5456 9321 8862 1741 6841 8369 2303 6689 4375 8304 4873 9917 7998 8736 604 7840 2345 521 9859 7579 8228 6890 4343 6485 5529 2063 3174 6438 6682 2234 1432 9103 2151 6337 9071 2132 7306 1254 1340 1267 7111 8255 9499 1097 3077 1186 6854 2193 1374 953 8551 4352 7052 8961 3775 9172 511 2324 715 6810 9119 1781 9472 1279 5997 7282 2221 5052 4661 762 2288 2476 6346 5966 3652 2933 2374 3618 823 5940 5326 3554 
6381 6386 8013 3006 9871 3489 996 1649 6173 2914 4617 6624 3948 8313 6565 4419 6406 4642 3921 26 8035 2414 9683 6918 9213 285 429 6154 3621 7069 7510 1389 2459 1398 2193 4821 1663 7863 3892 2996 215 7733 8615 2549 4742 3287 7661 5525 3200 4881 7147 1820 4310 9069 3082 2243 4959 1622 4794 9393 9702 5782 5868 3978 8108 6623 6307 5297 8257 3873 9119 1781 9472 5997 2221 5594 8175 4373 5085 4024 949 2730 4474 9848 2660 9592 2724 3203 110 1492 7659 2574 2412 7596 5870 2345 854 3285 7386 8017 
9812 301 4520 863 4442 9470 8545 9677 684 2368 7337 8842 7476 9341 4340 7664 4083 6814 4729 1788 284 8090 8759 9788 6745 7885 871 9255 78 9802 7682 949 1900 8868 9726 9891 7583 9036 8331 9100 2560 8061 6840 9161 7873 4324 9269 1323 8668 3841 4046 565 6565 3639 8633 3852 5134 7630 3802 4136 8392 8843 2305 7002 6794 2937 6739 667 8436 8551 2690 8244 8400 6166 2806 8845 9339 9074 9802 5471 8608 2975 7283 6625 2094 7220 8932 6473 167 1766 4669 366 9517 7227 7275 1196 9635 9274 8139 1676 
1674 9796 162 6031 6878 275 4503 8475 4822 8964 2220 9452 4411 792 449 4641 8163 8087 2077 1441 222 1980 368 8778 4158 2267 3496 9465 7176 505 3762 482 6868 1991 2057 1805 622 1279 9902 7087 4651 6997 185 3631 1647 9093 1369 4169 8331 5921 9044 3967 9848 4666 8279 6401 9418 3272 7885 2216 8956 3976 2310 2090 186 9604 2410 7490 173 7569 9534 1284 9791 2172 8334 5980 9237 5039 4570 7611 7897 5727 3614 690 3976 2810 9173 9604 7490 5101 3670 7284 9534 1284 446 8964 5329 4837 2327 5128 
5414 5205 7292 2397 1567 4876 2661 2908 7238 9083 4064 7850 1444 3805 7340 8827 1490 9920 8790 8514 5048 1744 1690 1183 3898 1386 5609 6684 5544 7236 788 3739 2358 4577 6055 6284 7614 3105 4406 7487 9642 3184 7291 4299 3410 7503 79 8447 4811 9440 5590 5556 5088 2051 4025 3510 2114 6442 3308 6649 5022 4470 7061 5322 2673 2559 2803 9661 5783 6994 9265 3081 7613 4982 4888 150 9814 2325 3007 3204 2691 6961 9555 1545 2907 9924 4178 3160 1529 8134 3531 5692 3617 7937 3467 1290 5066 495 9397 8022 
6517 8160 748 7449 4069 7011 1637 8400 1528 4845 6350 1045 8459 4988 3834 5875 8726 6533 5034 2379 9415 2880 923 7931 3919 4896 4048 2691 2600 6556 4259 9409 3830 8566 3257 6436 9575 9696 466 4116 2806 9403 4615 8617 9477 7751 1979 6416 3996 7800 5556 1858 5642 7426 1839 3058 3226 4316 8652 5064 1719 2805 4981 436 1953 40 3604 2072 602 5321 5054 5660 1678 1296 9339 2573 4188 2358 7233 9111 2627 263 8343 9739 3762 6334 522 2578 4880 8583 6924 4856 7710 1958 2126 8558 5612 2124 3940 9344 
2935 770 7556 5626 3110 6898 9996 5274 2671 4554 1613 4600 256 190 4348 4003 9184 5649 2330 4021 3163 8592 2979 8200 1478 6684 9931 1781 4577 9153 7676 5922 9628 6958 6020 8313 8359 8735 3216 2849 651 2507 4054 7923 9853 9160 888 4348 3464 8987 1808 6354 6133 5897 2681 1509 3714 6102 657 4995 7176 7806 8397 7995 3342 3762 482 5723 9895 1002 2198 9460 370 814 4191 7953 1610 4204 7896 9302 1500 8731 2861 2815 4083 7313 2365 4893 9694 4357 2809 5698 8632 9605 1334 3331 5645 4561 2501 2741 
154 5439 2305 8532 7586 6071 5261 6144 2654 9177 2709 6882 8751 6752 273 5293 1639 3157 573 6586 7473 8272 9400 3812 809 331 4847 7436 9382 3503 2193 5779 5716 1168 8049 7869 4299 7638 4467 6148 3533 5665 7709 3851 9124 3696 2908 8065 5230 5039 9416 5080 2729 7516 2919 5325 9302 7764 4370 4439 9669 7659 626 6931 8616 9243 9566 3377 1860 4611 6597 9374 1821 8228 7601 4282 7363 3894 426 8552 6074 8477 2346 7879 1470 1063 1805 4651 1509 6286 6289 4097 982 281 4311 2218 6533 5863 5685 2500 
1083 1264 6707 2150 1902 8125 5327 4959 1205 1475 2162 3044 4201 2257 7337 6719 3064 4269 4701 7433 9532 4109 7022 472 5517 7774 840 4525 5019 510 5823 6865 2499 1682 2825 8598 5696 7650 8426 7737 3033 7815 2775 4708 5865 6079 7737 4008 5743 788 4842 7772 5436 9577 2303 1634 9310 3719 8723 8069 643 1081 1712 7043 8436 7477 7952 7142 3047 7706 333 3314 9277 4922 6488 9535 1703 5017 4362 639 1583 1137 7586 2934 3315 6897 7740 6432 4236 9490 2341 8932 5785 3903 9131 6564 8068 2594 6222 4664 
1388 8831 1283 6909 1009 4352 7220 8051 106 5404 6270 1544 6351 4728 9912 1580 8591 3185 9523 4481 1612 7664 1118 3496 1386 5700 3343 1934 3515 3473 157 33 8254 5006 2764 4611 1055 8916 8219 1772 4396 5750 7478 6897 2273 5629 8594 9340 1216 1678 2647 7565 6359 9418 1088 290 801 3791 488 1648 2708 7357 1080 2308 8821 2910 9886 942 8180 1733 8044 9215 8949 7169 6276 1115 8868 9010 1313 8603 526 819 2388 1365 286 3719 7607 5157 9440 510 6498 8548 6087 61 7895 4190 5517 6168 6926 3553 
4099 6930 5296 4191 2351 6202 8866 2818 5783 2887 6047 5853 4982 2360 1812 947 6461 837 3724 5621 8511 6675 7138 2657 3048 5683 1828 8465 2082 7212 5723 4032 1922 5917 932 173 177 8325 860 7769 7623 4599 7307 7261 2769 1166 7920 6352 8556 3371 310 7253 7302 7145 7899 6002 732 8020 8325 4910 2956 5309 2184 4317 9605 9356 9587 8612 6042 7140 8906 8377 5549 3788 2698 6841 8737 2883 9291 2334 339 2112 6602 9140 4211 3446 5223 5570 8428 2103 243 129 9983 2963 8104 8963 6119 946 3096 3801 
2192 1488 8254 8663 6026 6308 3137 7044 4231 3069 8414 527 3903 4855 9997 3342 9584 3758 9562 3713 1279 9652 590 537 2777 6749 213 1587 1908 3696 1841 6519 4670 7178 2389 9118 5270 3259 9523 2768 6705 1386 4589 3380 4758 9348 7388 2777 544 4256 1683 5123 3419 7033 8414 9311 5019 3823 5108 6535 9601 982 1955 1078 9285 4310 4680 9778 5775 5013 6008 35 271 9357 4870 5965 6569 4531 6588 7554 2275 1263 6485 3851 6232 5942 4164 5183 5048 9561 7067 5157 8610 1642 3278 3836 6420 9520 4264 6766 
6822 1575 8980 8483 5092 8028 5665 4384 1168 1658 7502 1241 4324 4629 8539 3 9570 8928 3349 4276 6136 869 3638 4408 5389 5763 9874 636 7086 3144 9602 4564 4265 5134 9815 4129 7257 4451 639 7622 1275 2125 9744 2337 8366 3813 3628 162 5121 1695 9535 6577 2920 8822 3060 381 2699 7261 3856 9991 3020 7695 1510 3678 9168 2089 4062 5647 2381 8725 7795 7149 6525 6662 5942 4475 9079 1492 138 428 2143 5388 7085 2524 8278 1272 8345 9281 5945 2048 751 1055 5846 8161 4791 7418 1993 5601 5949 1553 
7703 3359 6730 8435 8716 5186 1448 8839 3263 2203 6887 6315 4392 2801 6056 9464 6044 433 6794 9803 6794 8544 6304 5458 7290 7629 7021 372 6416 5425 8573 1771 6963 7296 6761 6325 1416 4319 6552 8674 9856 5782 9801 3601 4448 6196 4183 7396 7219 6176 8624 7777 168 3832 5730 6065 6957 7014 8813 6078 9189 5760 7910 759 4092 1744 1057 2844 8952 8667 4689 7547 258 3375 486 3963 4538 2554 947 864 4367 6412 1105 346 6647 8297 192 5423 9791 8425 6112 3322 9151 8059 8694 2257 657 8402 7389 871 
5933 2459 8066 9255 5167 5505 687 6920 7970 885 3789 4688 7805 4792 2015 8984 9877 1192 2984 3806 6231 5360 5639 8439 133 341 6237 1777 3831 2021 610 6630 4500 4408 9793 9618 4420 4491 6998 9570 6322 7838 3333 7837 2645 9863 3711 1419 3549 8833 6361 9301 8775 3838 454 6108 5404 1787 4611 4965 6966 3369 3279 1730 5730 623 8255 5771 7924 2077 2590 341 9886 6237 1777 5909 3831 7899 7458 8939 1508 4612 1712 8674 1685 1466 1111 8402 1085 5933 8066 6183 7121 7552 8582 4212 8157 102 6815 6379 
6492 3128 7425 7467 3384 5231 17 2907 2855 1215 6983 9591 2124 1763 3635 3975 6730 5046 4726 9604 2693 7548 4875 4115 9789 6778 1386 3943 3101 1989 8707 7962 2326 6103 6740 9437 3794 8083 5055 7131 9586 905 7412 2636 6137 9754 3700 1679 5153 654 9380 8709 2719 6840 5208 7255 8537 8685 2872 589 669 3512 6678 5363 3498 5559 8671 448 3317 6189 2346 3354 6359 7881 5296 9029 9031 5756 1402 5146 3990 7020 1684 3231 4950 8942 6696 1476 9278 9935 8071 4790 3398 4329 8409 4323 7529 9753 4425 9089 
9241 8544 4308 400 2326 3038 8465 9085 3681 5437 7235 3037 6839 7161 1074 1750 9911 8592 4391 5276 8524 3048 9019 9858 4818 5244 301 9293 3080 5037 8006 1543 6470 6453 5639 1137 4874 9702 1621 2644 7139 1219 752 8725 2990 9663 6215 5391 2683 3735 5224 9237 1306 7029 2253 2204 1834 3700 2937 1531 6943 9196 3417 3322 8639 103 5378 7437 5056 5335 2189 3635 5386 5188 4298 9704 2850 4393 4380 891 1228 7144 6730 7615 7544 197 9578 54 4798 4434 6663 8261 9851 8354 3347 9175 9300 3894 1025 1007 
4690 5841 2564 593 5765 8717 4466 9398 8573 8407 4264 6314 39 561 2866 400 9474 6288 2527 6272 293 5576 6765 8359 8766 7496 1828 4136 6231 1301 7162 4568 5535 4945 2018 442 509 2004 9315 3281 797 7230 919 5950 9192 3690 4880 6871 4945 4354 7164 3114 6845 1192 5666 1610 818 7648 2273 9588 1758 8874 2314 6207 3010 8489 9040 7923 828 4501 5934 4036 8194 4115 589 1368 9467 5657 379 1919 1943 5773 1655 3601 7341 1400 6262 9721 6899 9243 5543 8472 8663 5570 1507 8170 2026 4919 1890 1157 
7530 181 6881 1359 3704 8966 9193 3373 8911 2674 8726 356 412 2640 3420 154 4167 7733 5380 9521 4194 980 981 6514 586 8419 4269 9635 3869 6882 8545 7884 2475 3741 2429 7623 348 8295 1696 9270 6832 8849 2130 7476 1685 445 9571 7420 8221 5056 7787 150 1843 5382 4956 9850 5335 5798 4033 7778 1422 4894 6618 3863 4301 4244 2530 5642 4582 6420 1902 1912 6501 8061 3713 6242 1367 2761 3949 2311 39 2530 5308 5303 2747 1806 4659 9783 3231 7910 2664 6308 2551 1214 328 136 5439 7246 1467 6581 
3002 7811 9733 6041 4953 6168 8027 4294 4794 1205 7778 730 6396 8798 9447 6398 6660 7277 68 8057 6776 961 430 199 880 6080 8136 968 5411 6979 1211 5839 396 7179 610 6691 932 1922 7761 3472 3676 8117 4807 5048 9886 2828 7065 6389 9344 9677 1722 2120 3025 6787 839 4815 8402 6494 471 933 3019 5066 6823 5389 9798 3980 7119 7749 8916 8988 6036 942 2064 1023 815 1000 4378 5257 2609 5206 1616 7846 1879 9909 941 6507 5750 1104 5853 759 8350 1648 4376 9282 3282 1161 9543 4754 7497 4353 
4619 9031 3585 7330 816 6301 6613 8604 4356 9244 3490 8321 7048 9376 1263 1558 3436 9483 8803 8284 5789 2550 8565 9829 7739 8536 1737 447 429 7908 2869 6412 1224 9921 8154 1503 9534 986 7079 3631 9516 5721 7754 3585 4878 9058 8200 2342 4079 9453 168 6995 3107 3379 3108 7252 8823 830 6019 5919 8563 2602 1554 9718 7403 7503 7108 9297 9300 9039 3692 8266 4666 2792 6039 8736 3048 1031 5691 2029 6195 9216 6879 1343 8850 7842 2481 7591 5805 7841 7272 7111 4806 6036 4612 126 9063 6068 8687 1565 
6884 5719 4423 7579 1695 9857 7933 9855 8172 733 8775 4327 8830 520 9118 9536 7711 9484 6577 8671 2300 69 6265 4144 309 1330 6206 3361 409 7251 7582 583 6171 890 8242 6077 3583 369 7304 4844 5376 3311 9799 3638 241 8259 3504 9061 3260 9411 263 8928 3195 7043 6875 4255 2786 4345 2221 1640 1833 533 7597 8494 5916 3423 2875 5619 5397 4076 3636 6902 6453 8131 596 513 7419 6774 9486 6126 6368 1992 964 4711 3881 8933 4045 5944 5617 6767 287 3191 8136 3248 7974 4794 6764 5685 9940 2106 
6534 9044 5284 3298 1478 663 9816 2960 6452 5860 3233 9956 3249 7123 6967 55 4427 3270 8715 2866 9103 8722 8734 4279 9948 6581 5913 1625 1536 9412 7893 4407 5403 8262 1298 50 3971 2017 192 4760 8676 1500 3801 9121 3952 5305 7675 148 5232 7968 6315 1553 6207 963 224 1224 9162 505 9707 8532 5934 9464 2995 2603 3496 5512 1098 8928 2394 4426 3774 7832 4500 7048 5805 9205 1245 8618 5489 8468 1652 5039 30 6954 8539 4580 2283 8393 8979 6681 6062 7638 8398 5940 6515 9661 8008 6401 9434 6309 
5421 3819 3922 5729 3746 7439 1844 3688 161 9148 8347 7072 2838 989 1140 1556 2511 8005 9611 4310 5510 7064 3388 9352 9142 8869 1116 4270 1963 6413 7924 1300 3556 3262 8083 9610 9244 2656 8299 6061 8180 9795 4632 1706 5262 6174 730 2640 1738 3647 2023 8964 691 2417 8125 1500 460 5911 7694 3042 1703 6073 9351 6948 7112 5934 4783 9924 8032 4195 326 2068 1764 1431 9798 6820 2336 726 2801 3042 5275 6648 8219 5902 7522 4928 6341 2007 2014 874 3595 9859 7564 5172 4155 4776 475 8698 4228 9400 