3817 3272 9245 4860 3209 6337 799 1887 7583 5467 790 9846 472 3752 6787 5062 5812 2742 8167 2247 2487 3043 7842 717 3448 7921 947 7958 5880 6495 2112 4158 6323 4490 1644 2702 8676 5510 4988 6739 4697 4432 4187 8178 8689 6588 1280 2206 9994 1300 4515 4719 3919 9707 3214 5214 1281 5047 3490 6750 7359 2216 774 5531 8606 4302 5492 5166 3644 9460 8618 4831 139 6576 4841 7352 3293 7484 3219 4236 295 9251 6796 9595 3055 1976 5832 563 3347 5119 792 7960 910 3117 3858 3771 2082 5669 4092 2335 
3465 5447 653 1756 2959 1533 5802 5885 7352 6447 3516 205 2749 8238 6734 7105 5621 5298 908 1503 6094 7376 1902 3321 9879 4708 1195 2748 2244 2568 5197 4910 6519 4333 598 6093 6535 3874 8784 8038 3007 928 459 2563 8874 3534 9391 8104 4732 9865 5079 1707 6159 3694 6821 3550 6653 90 2573 8619 2370 3741 9023 4037 6869 111 6526 7267 9355 5463 4523 4683 7064 3526 7988 1824 2938 4073 1340 3709 2354 4228 8891 3517 4544 237 9105 3558 5755 945 5155 8865 7571 9755 4998 8548 6589 9881 1554 7109 
3282 7405 5172 4037 9537 1959 2784 642 5539 493 2707 1516 704 756 1118 655 216 659 3293 9098 3930 421 2934 6134 9113 7747 8545 1779 9301 595 7427 6675 6586 8683 8729 5710 7906 7989 3183 9066 7443 7518 5575 1029 8199 7424 1449 5146 3882 5229 6909 5308 5450 3495 8680 485 9818 1497 1880 1069 9404 6876 722 7338 2241 6140 3969 3658 6709 1351 8209 485 9152 3356 4381 3325 1277 9689 5127 8370 5613 4540 1180 4505 6420 261 9648 1308 984 3339 9901 7124 223 7135 7534 1574 5344 8019 5052 1460 
15 3505 1140 2223 5470 4148 6763 6650 3183 8835 838 3315 448 8136 9540 2533 1120 3028 6462 2615 6024 9261 9560 9824 116 4836 4483 3968 9216 8467 7989 8322 9204 7458 5798 622 1594 1710 9482 6072 9196 8474 8755 8216 2592 6189 2458 4569 9198 357 905 5906 3951 1187 2497 5179 8030 6536 9576 3434 3626 8347 9281 2648 7100 713 9266 7505 7171 3529 9149 2958 2775 7006 2239 6007 8853 5864 1772 3332 621 4361 8985 6491 5905 1544 7207 9485 6088 2604 3989 1848 7233 9998 5390 604 521 700 8884 6474 
9908 3889 4135 3841 3772 3541 393 2278 8514 6660 7662 6630 4012 5956 1140 5542 1054 6719 5431 9144 8877 6529 8846 3524 9977 5500 5933 1364 7061 560 1719 7496 8416 6967 6808 2645 1780 3264 6814 6292 4557 1455 3408 4335 9552 2045 3623 3673 2734 6668 8548 8765 1847 6271 6648 4877 6716 8727 1678 7007 9056 69 8706 8536 3619 8832 4715 2020 4594 9119 3139 3388 5194 6279 9367 8314 8026 9843 9845 3914 3925 6592 7839 8201 7263 2869 2099 2653 9528 9080 3910 2578 9751 3361 3696 2986 9049 1626 7306 9937 
3212 6423 5299 5193 6656 9609 1417 1095 8332 6886 201 6823 8938 9112 145 9967 164 7266 3024 8024 3182 6999 5250 5207 4769 7822 9828 6724 9024 2399 4565 9458 8020 6399 9220 6259 6461 6696 5932 1791 4031 5995 1891 1871 5080 5609 4780 2600 4387 6671 3588 8463 7790 2499 623 2028 647 3457 4051 9570 8906 8708 8817 4323 9906 6402 6805 6760 3724 7208 9328 8792 5990 9476 7502 2219 1866 960 1447 608 1309 828 4408 7064 4054 1644 245 7229 2982 9572 1580 3228 2957 2302 7762 7131 4250 1668 3326 2399 
3856 1219 9328 3178 9043 7606 8307 1545 4378 1579 7203 5986 4147 5570 885 308 8327 3731 7325 5565 291 5804 1623 158 6679 8601 1296 2512 5989 6520 9862 7032 2341 4497 8043 3045 1909 5363 204 4845 5195 6708 2033 3358 1510 8721 7135 3835 5032 6032 544 8019 5439 7888 8055 686 2683 305 5867 1194 6614 8510 5868 3733 1976 2152 8075 5120 1445 129 6335 6093 1399 6634 8212 3969 4098 7436 7163 7024 5162 34 2101 5037 477 2263 8058 7263 1141 5192 6472 6149 718 3102 5097 1219 4836 9335 2252 6879 
9738 1448 2239 4708 5503 3462 4358 2816 6520 2655 8093 4733 7445 5981 8207 2742 275 5126 6402 8485 1252 9746 8 4641 9372 1613 8281 4769 6481 1754 1933 4983 8384 5416 1608 4748 22 562 416 5281 4744 2359 1736 3239 8005 3867 3550 4283 3568 3942 6776 8302 7772 7422 4943 5578 5548 5081 1700 8140 1784 878 3536 2902 1990 9412 7842 3471 3072 5785 8037 8419 705 5475 2019 1654 5705 761 5817 4645 5072 7130 9870 6291 325 9740 1492 6649 7013 2158 886 1576 8912 6122 7045 5469 6652 4714 9294 2494 
1611 2858 7686 9422 6452 5390 5642 6486 2222 9645 7691 4359 9989 5446 4311 2218 5751 4274 8365 1887 9495 618 562 4691 5392 2350 6022 5961 8785 5265 9539 2713 2130 4435 3317 635 9431 4670 3581 3484 7178 7359 3883 7153 5906 2389 6242 823 5270 3752 5498 5212 1687 1603 424 145 5536 2318 3155 7028 5461 59 7287 9150 953 5761 4215 37 1124 9421 682 9805 888 4348 8987 7444 2205 2170 9958 980 5147 6092 1645 1220 188 9790 4492 1509 4158 3395 6102 657 4421 5340 9141 9313 2346 3828 1813 6233 
4390 8685 4348 4003 9184 9737 1279 1164 5813 3163 4073 5721 4554 9456 9434 362 9442 8569 2296 9638 7494 1979 3324 388 6125 6478 9909 3933 3375 3341 9339 6123 9417 5869 6304 9093 60 6134 6607 7066 2128 6089 9932 7785 8516 3312 5020 1588 6626 7802 2011 2785 9412 239 8507 5979 3308 9932 1763 1082 7256 6338 4108 2013 9856 3767 5064 2946 2196 5983 7008 4953 3984 5997 8187 8783 5780 8450 8954 2588 7590 2288 5943 949 1555 6534 961 6637 4593 1912 8961 5101 7051 1839 2029 3799 8910 9514 8854 4480 
8218 3636 7790 3872 6297 5345 3316 4150 9368 8260 6479 1735 6950 1497 844 2579 794 3878 773 432 3410 3361 3316 2903 3661 7381 7018 6554 3425 8051 7933 7940 5943 9486 8080 2227 4692 5854 4859 9084 3676 5785 4509 3501 9339 1431 6451 8551 628 2702 4802 3109 625 8781 1376 1254 7933 3951 8851 2866 3830 7334 7382 9573 5998 7421 8434 3502 7537 1960 3393 2141 8755 6943 3349 5417 6877 2486 8587 7565 3149 8822 9325 8438 7641 9931 7236 8170 1781 5541 6055 6384 4026 6932 6284 7649 7614 2136 3105 4511 
9402 8734 1499 3720 9189 3184 8817 1763 2162 9381 3831 1750 6705 8269 4589 9556 8285 3980 7370 3930 1521 8081 784 4616 1316 7687 9373 9735 7609 8417 6395 8428 4108 1662 4399 5053 7552 6395 5108 7987 8331 7592 1944 6903 5848 130 250 5019 1846 7473 1527 6814 4493 2157 8759 9788 7987 7853 2308 3365 4205 7238 6424 2892 5273 6795 1376 1531 8851 7334 3893 9573 7421 3502 7537 8474 1960 3393 4238 6943 8216 2766 5417 6877 5728 6316 9415 6561 3149 3490 9147 4800 7313 8193 8783 6988 337 1293 377 131 
6448 3635 1318 8435 2981 7404 1764 4392 1082 5226 8858 4567 2686 6925 2451 8323 641 9834 4752 8678 234 8231 528 3029 6915 6834 4725 5709 8900 4560 2728 5963 457 1354 7900 3251 8010 1281 4881 5192 8227 4291 1292 9835 5204 4160 1062 5716 9239 9122 9078 9999 15 3415 1280 2374 3839 6624 7212 2979 1932 4751 1811 5672 4873 2182 8047 6629 8510 6438 8354 1333 4326 2955 9659 5331 6702 8884 993 7433 996 3103 2514 4248 2980 8314 9155 167 4647 986 2885 6651 3723 8120 6211 9072 6642 9540 5940 4906 
1642 3832 514 2218 4029 9243 3780 4494 7341 24 8518 1369 8664 7697 7711 5989 5131 6470 1929 2593 7952 6269 1564 7467 6012 1912 6678 2978 1529 1798 2379 8915 4942 8223 428 6449 6018 3250 8648 8184 9270 344 6809 1486 381 6131 4840 3831 4623 1798 8042 7215 9743 5192 5410 4596 1539 1359 88 7815 23 2347 3687 8111 1867 1445 2623 271 1051 1802 1921 2689 4985 1286 4032 6328 3532 8548 6882 9584 935 5396 8224 9431 1683 7893 7158 8181 2556 5790 5472 3094 6407 6636 7299 6217 9855 1580 7669 6910 
4580 1216 5266 7835 7179 2669 5369 3608 3779 80 1514 4351 7090 4688 3306 3682 6964 6080 9248 1041 371 1808 9985 2921 1497 1779 1888 3705 9572 1374 6881 4130 1112 8961 4856 6548 9172 7104 2570 921 7671 9876 5799 1318 4983 4857 4978 1763 4218 1082 5226 8727 3822 8858 1658 9503 3807 6786 6833 9692 7807 3591 8514 2431 3024 2335 9975 3682 7575 8276 469 2148 4859 8443 4586 7827 9553 51 7664 267 46 9757 2057 5256 7620 9687 8234 4726 9815 2092 5446 4804 5671 927 958 8578 8293 2499 7536 9049 
4810 808 3462 4171 7792 7157 6689 3615 8426 3001 5797 3600 3184 1100 4227 8416 5791 479 9903 4568 8787 8152 2809 7653 610 7039 4671 4042 4249 4876 3963 925 3185 879 1770 1982 4802 625 1376 1254 3951 3830 9573 8434 8474 3393 8755 6943 3349 5417 6877 8587 6561 9147 9858 4800 7313 8783 6988 337 9468 131 8964 963 6371 5964 6995 1680 7404 1082 3822 4567 8194 6532 4345 7909 5876 698 3624 7820 564 3564 4258 4531 2291 1469 7552 1283 8585 1492 9973 891 3730 4179 7884 4023 3921 6545 9509 6206 
8616 4834 2389 3869 9097 4259 4387 756 3533 5707 7410 5224 7621 7338 6932 1108 6090 3316 774 7271 9016 431 2811 8038 5065 2437 5294 1384 3233 1564 5979 498 7683 3709 7117 7469 6683 6064 4970 1354 6165 7998 6402 6372 9707 7353 3498 3044 3408 7458 3076 4748 9392 4051 1533 2622 2970 256 7759 3671 6578 5967 9889 8293 9245 8345 2272 8427 8719 6115 3085 1038 2948 4643 2499 6904 7598 5249 2959 7706 6133 9706 1055 5821 7420 4810 5057 1950 4477 8583 9540 4298 8774 6928 2479 1504 8808 5844 5938 8814 
6491 5123 6677 3907 5275 7616 9068 5137 1372 8846 6854 5593 1049 8381 194 67 7791 6681 467 1136 4144 9532 7324 9356 1029 7276 7298 3425 6235 6176 9599 9318 4125 6165 9659 9852 9629 7043 8726 904 1017 1103 1860 6558 7869 427 7322 3526 3156 4637 2089 9649 9800 7682 1208 5716 5926 8533 6953 1600 535 5953 9936 5701 4646 1090 2411 2888 3461 9992 9162 2509 3927 9304 1474 4333 6808 173 177 8325 2007 6293 9209 4238 1814 9300 2650 9368 4040 9693 2134 9496 6453 2033 5567 6144 2130 2726 9173 3991 
6683 503 5033 8210 6082 1563 2470 912 8296 5796 1669 734 7073 4898 2017 6082 2957 3749 2973 1137 1509 236 1327 5705 788 4175 7206 5495 5712 2399 9083 5909 208 8695 1071 7992 7835 86 226 7316 3521 7696 1319 2469 6878 181 5813 4893 4682 1933 306 5126 7789 8475 8749 6494 7826 8624 3424 1439 3409 156 8833 2357 8092 6567 2667 6913 196 1416 6691 7341 8102 8847 2864 6323 6502 7680 9628 6063 8982 9164 581 3950 3153 3054 3742 6602 7509 289 6134 8584 6538 7284 5519 1848 6310 2124 4601 7933 
7876 206 988 6854 4961 8176 9212 5059 3026 9459 7954 4072 3871 8990 4395 8782 9642 9877 1393 9617 2669 8220 6422 5949 3457 7894 5793 4391 5495 1872 3832 1593 6331 593 5884 8251 8394 4859 2399 1638 2376 3714 1295 2263 1421 1313 1254 6571 3628 2705 7774 8080 9501 9822 9470 4875 8737 8738 8923 1827 2705 5606 6707 2097 6278 2098 5906 5103 6343 5112 9597 4374 9553 7892 9562 3713 2156 504 919 1659 1334 5969 4545 2267 1083 2184 6868 1238 7192 1359 5025 9570 4758 3413 1528 1431 6579 123 3232 5827 
9746 1428 9366 798 1418 8431 4489 7644 9500 4337 1495 542 1454 4926 1263 5641 8111 399 8604 6247 8657 9843 3775 4977 1763 7647 8488 5899 6845 585 1437 4313 7702 2217 8460 9193 6791 3648 1669 8911 5438 3039 4407 4824 49 1400 2773 2475 9499 9927 5853 7389 4843 524 9674 1374 1472 2356 7218 4594 5855 9517 588 469 1933 8680 3910 7006 1343 5426 2430 5162 9653 7229 7024 2037 6188 5819 5499 3388 6221 453 7284 4132 9373 4625 8492 6626 4004 8650 7520 8602 4772 8340 8689 9746 2724 1050 3284 9441 
7697 6877 2264 100 7095 8441 2554 6909 3025 2535 8182 5360 691 481 920 378 7380 8465 501 9306 8442 8104 1597 8869 8856 8262 8320 8907 7350 1704 5050 7330 5897 9264 1244 5223 5364 2753 285 5288 1427 6912 426 4447 3481 4008 2451 6548 6131 6232 4915 3751 1198 4144 3113 7294 1165 5644 1306 6655 6591 3575 7363 7316 9554 8489 2603 5802 8810 4618 2724 2378 2105 5680 1273 6478 617 9271 3275 8789 8807 8875 7730 1800 6023 4706 1040 8491 9997 1345 637 9998 6443 4295 6786 3408 5642 482 4838 2631 
5913 8929 8027 1035 7662 1117 4649 3182 5473 116 4891 4281 8982 7967 5203 8703 8532 6658 1713 2129 5194 8693 4431 9846 1668 5715 8008 6991 8397 5756 8683 6063 5800 6219 9233 6410 1403 1690 973 2591 8951 5445 7655 2715 9809 6840 1961 9411 4294 9316 5309 2896 4343 1183 3576 2328 6953 3088 5033 3624 3689 7054 5729 1767 1953 1216 5928 406 2647 8427 9494 35 8072 9435 2785 40 5933 872 1968 1003 2686 4555 6453 7793 6687 4932 6366 196 8284 9554 3511 7874 8793 6998 2163 2397 4913 9932 8155 9148 
5691 2980 9280 2271 5595 7986 9103 992 5458 9923 7863 545 5963 8943 9643 8630 1494 7751 4778 8092 4648 611 7611 120 8463 2604 9381 3503 6617 6530 6782 2742 2253 179 2597 513 3604 2845 5581 4866 3309 8493 7924 1295 9714 9906 8587 3873 9409 5051 3927 1083 9362 7140 1503 8357 7736 7642 7864 3196 5488 267 6834 827 9747 3612 4759 242 5449 7211 2508 9084 6280 8021 7352 1733 8918 3739 7245 471 6873 4592 9532 4750 4062 5795 4580 8923 4319 8963 9245 6545 5798 138 9957 8154 651 9227 4502 134 
9895 7912 392 1340 1297 9273 4445 6089 9762 568 9605 7079 5552 618 4208 5556 6823 5253 7177 8627 7413 2225 7454 2117 3338 232 961 3896 2564 1912 3768 8961 6388 5101 943 8770 7051 9273 6183 8006 4172 5305 7831 6472 8063 2029 5199 2277 2404 4842 3799 9514 457 7790 3860 325 4498 7636 7140 4190 5827 9964 7856 3750 6486 1328 3152 5793 8232 4098 8587 911 6825 8783 6988 337 4656 839 3052 7765 7657 6970 655 2867 3002 8508 8609 9126 1447 8976 685 1197 6409 9275 941 8790 4180 512 1051 5708 
6191 5315 8170 5356 7003 5983 8473 918 7711 8560 8041 596 3403 842 9082 1496 3735 3848 5749 3082 6195 9427 1228 946 7695 8637 6341 8254 5894 182 4138 8499 5771 4645 885 5837 439 4459 6319 7718 5918 4508 1287 8524 4042 9469 6795 9505 6391 6415 1962 9792 2474 7964 1864 7861 2584 9834 2579 6375 8849 4071 1967 2808 9575 9696 466 4116 2976 8333 7074 8625 1729 2343 7487 747 8497 5269 4713 8101 6334 3290 6507 6399 1113 9678 8357 7819 7032 9612 1540 3449 7987 5876 2698 6339 841 8090 3199 640 
7838 8287 3722 3540 8021 4277 9904 6990 9626 3784 7807 7216 756 5474 7285 5583 3167 528 1016 8995 2811 6252 8998 5843 792 2275 6751 3291 3396 8247 3628 1278 3902 1968 1419 2594 9385 3827 9883 1930 5234 9178 7494 7682 5736 4562 9193 6443 2793 6535 9153 4157 4232 8985 5617 3904 3322 1059 1334 4051 4172 8461 3091 1694 958 3551 2390 1236 576 7164 4326 8537 5972 8651 1742 8584 9401 8932 4894 6671 5059 9544 9854 5826 1857 9564 5317 750 9341 6821 1396 1893 6591 3748 121 273 5172 5869 6860 9250 
5481 8636 8624 4449 42 5821 3036 8895 3877 8586 9766 4980 7882 5411 841 7668 5423 5922 3482 4524 1634 3329 2676 6858 2138 1972 1212 9096 8421 8555 6800 3453 3831 5217 4288 3783 8557 8578 5974 6702 7250 8052 6550 5708 9855 5885 1025 7059 3547 8981 1076 1287 8939 5418 1839 6943 9410 4044 784 5256 8105 9871 9335 190 2928 4333 565 8640 5158 8424 3837 9090 3093 564 8109 1735 5252 3633 5980 8377 8948 8122 9995 6911 2233 9035 6071 1012 5741 2315 1879 7445 9545 3964 3325 1151 6802 870 5658 2445 
3776 2369 1140 6881 3211 9658 5446 8868 3024 1087 764 5712 8262 6945 5953 6673 6236 317 7869 5686 1077 1502 6740 2376 9446 8772 121 2968 4964 7667 4313 7017 4445 9562 5751 9322 6542 5101 9094 6407 9510 6684 1618 7004 5549 4252 8720 6190 2303 9564 446 940 5575 3016 1639 2085 8295 7866 8272 3812 331 7150 7423 7436 9382 1650 8444 6881 2193 6018 9858 5582 8145 932 2680 9070 6141 5887 6062 1763 3914 3318 186 8131 879 11 9109 2885 7304 9769 8630 2002 1210 9822 7429 4609 6668 7534 5580 5074 
8057 7541 4093 6291 8221 918 2466 6933 8348 9583 2120 2255 5978 9223 6141 8107 6020 39 8849 793 7960 5202 5412 9431 7975 522 5049 3380 5874 8128 6776 1188 8425 5916 2113 7640 9746 3111 5400 2185 5815 98 6124 4849 8704 3071 7320 6353 2036 4738 2631 309 6218 8662 6924 5709 8135 239 765 3690 5668 3647 3100 7162 54 5224 713 3299 9457 9030 1202 5154 8215 2791 2790 6006 7151 1540 1122 5756 260 9619 5104 6846 1865 5037 752 9884 9248 5417 4949 286 6994 5004 6519 5533 17 3507 9893 7462 
4211 8243 4913 9873 6461 5806 5317 5176 6936 976 4398 4493 9016 358 3368 7348 2274 2046 6350 7671 3082 7875 9662 5203 6049 6697 4764 9561 0 3136 7478 1069 3584 9488 4090 6377 3471 644 5475 5219 7402 1374 9190 2722 1703 7677 7332 8038 3123 9766 8414 4771 1847 4494 7515 1642 5095 4257 7847 9615 5478 5253 9402 8734 3342 5904 548 3184 7291 6609 4299 5045 8445 8157 3914 4169 319 3661 7381 8800 5569 8348 7045 3752 5713 1821 6639 6546 2894 1280 6332 9628 8160 1854 8978 2546 6045 4111 5357 9837 
5770 4372 9516 5080 5794 9480 7027 3586 4746 9624 1702 5374 7386 2402 2306 5456 201 6858 1074 3036 9318 6677 2 6456 963 7753 9292 6718 6290 3906 6538 9409 3427 1349 407 2193 151 2769 9485 1837 2885 7717 2225 5712 2715 8288 2357 3547 7489 9653 9218 1230 665 9203 604 5314 4687 3556 243 5258 7989 3798 9755 1818 8683 6293 5 9826 5274 2784 8627 404 2384 7498 526 4523 9939 436 5592 257 8446 9122 3886 9389 7929 4251 6195 6156 90 9385 9784 4246 7432 8237 1349 2236 9358 6051 1713 888 
7833 5670 3064 3569 2871 9625 2467 9567 9972 57 4698 6337 8157 3867 8103 5253 870 2468 2114 4665 2707 433 8064 9920 7578 1829 4653 7121 3116 1639 9999 15 4431 2374 1916 1277 4751 1171 351 7224 3854 8308 4183 6961 5502 7943 6053 6865 268 4981 2081 5994 3936 888 514 8822 8438 6684 788 7975 3637 4269 334 5135 1441 7885 7392 9549 5340 9777 1534 7160 9845 6895 941 1920 5378 3622 3181 21 8637 6991 2218 9047 8097 4433 803 3059 7654 839 7018 6554 2715 6271 6471 6903 8051 7719 1263 681 
6863 7822 267 4702 4174 4503 5425 5243 3094 3358 8358 4950 1369 1791 8664 8721 3724 9209 571 266 7280 3157 4097 281 6533 7307 6449 9087 6367 3419 4402 5678 4248 7172 5240 8118 5047 5935 1374 2601 8910 1841 7940 1618 2031 1095 3465 1212 3872 6297 5345 5737 5653 4534 2304 8549 1434 6289 5753 2847 8720 7694 9968 8565 5636 941 1920 1920 3442 8327 3202 8843 8940 8474 467 605 414 803 5484 5211 6567 8025 4316 3595 1390 4316 77 8855 1421 3145 1208 4788 802 1578 6277 3921 2367 2634 6134 410 
9624 5830 1202 6961 8807 3898 4822 7732 487 9444 1574 2190 8273 2519 1230 5842 4389 8109 6935 6801 3264 9190 1686 5476 7236 7834 8668 9582 7487 3720 9642 8817 7291 4299 5045 4502 8157 3914 319 803 754 7381 2248 839 7018 6554 3425 2715 6271 6471 4137 4191 8051 820 3036 8134 4400 7109 4776 2029 2555 6630 248 5916 1843 1982 2195 8175 9450 4282 7702 2219 3114 6397 2303 4333 4413 691 744 9483 2773 9564 2038 6497 7611 428 2271 9016 3765 1659 7289 4711 2850 9355 4300 8052 225 9219 6852 2743 
1985 1420 1113 185 5371 7241 2493 3475 544 7083 7249 6179 6008 3651 8074 961 9897 3436 8711 6300 7015 9631 5983 6801 6459 9558 8107 9916 2367 9995 9259 8891 2970 4720 4626 3226 7699 8515 5337 1294 955 2427 2189 8246 1766 250 9210 3308 5663 7231 9938 9282 1764 3728 9193 7341 6388 4395 4917 3336 6989 6949 5980 4493 9819 2724 5484 2190 3551 1997 8644 4668 9056 4915 1344 1538 159 3715 9125 7027 2056 2123 8872 2395 9368 978 9429 4540 8464 9640 179 5145 1970 3193 3198 532 1440 742 8151 6641 
1546 5415 4304 113 9281 7908 2276 5779 427 6738 7443 8 5040 2342 5456 7418 1328 7567 6196 8327 9582 6965 1891 758 7264 1837 9398 3912 3219 4924 3299 1876 2032 5958 6165 5063 7830 4584 9102 3502 4411 5389 8313 2071 444 7017 8996 4543 4282 9251 2473 9268 466 8390 6239 369 8056 8746 9367 8234 5819 1313 6098 5898 7008 5100 8742 5638 7858 3779 9419 240 8952 8684 9153 1733 2765 4026 7649 3425 655 2136 4796 3105 3360 4511 6994 4406 8734 5904 548 9642 2784 1272 5921 8157 6919 432 3914 3316 
319 2903 2400 1324 3327 7300 8540 6801 7808 3287 5476 9379 4501 9614 5549 8445 4540 6913 1883 4050 2227 7490 7964 9084 3676 6452 5785 2810 7507 8756 6914 9339 6130 6451 6123 4808 6099 7792 5769 1345 6526 3743 1461 294 3853 3421 6556 2656 8380 2569 6499 7110 9034 1180 250 6581 3261 8648 7976 8883 4430 8165 3727 5579 9880 7949 5916 3462 6623 4066 4267 9930 5736 8013 5812 6073 8466 273 8380 3603 2525 3154 586 2575 2196 252 6651 6297 8668 1529 2797 4265 5307 7206 9367 1799 4967 4773 2470 912 
7319 6542 901 2629 5857 3262 5051 3582 2576 1690 3862 2051 200 532 7190 437 2023 4652 1571 4772 3016 4619 4277 8521 4247 8415 7640 9894 5719 778 7239 5531 1148 9870 9416 6592 8082 242 782 2308 7028 6368 5157 3654 2776 4926 8111 7308 6247 426 5461 3775 2171 9381 2027 9302 612 2686 5514 2308 6424 5273 7846 4284 9712 6989 7368 2906 7847 9615 5141 1550 7829 3832 5839 8619 7503 5363 7259 9325 6684 2163 6344 788 6654 3739 2358 2539 9363 4577 7676 6384 8417 6284 7614 4796 8796 4511 6994 4406 
9402 6957 7487 3342 9189 8817 9624 3410 319 3661 3059 7381 2248 6795 1345 637 5603 2896 6693 1643 8282 7828 2848 3907 9344 634 9301 1609 4010 3934 6379 1186 5124 6630 2272 6800 1982 680 7166 704 1480 1019 9657 5825 1719 1100 2356 3175 1887 8065 3547 2680 8962 5157 5230 5039 8625 9416 6372 9464 4574 7151 4607 908 2919 8732 9055 2929 8154 368 6963 9649 1704 74 2663 5066 1085 8977 7055 259 6564 7496 3156 2072 8432 1020 6873 6785 2410 4573 2029 4373 3633 9732 8275 3601 3882 7110 2986 7159 
5140 6913 8195 5936 1484 8397 5471 6118 7746 7084 579 8102 6932 2990 6556 2173 7534 4980 5941 8591 188 6794 5049 3232 2426 6471 9042 501 9378 8647 4054 4453 9949 7002 7487 8845 6155 8068 4959 2683 6110 5627 4473 3276 4645 5439 248 5718 3784 8501 3860 2061 1529 9191 2839 1700 3351 6509 1614 2872 240 571 3831 8240 3647 1021 2969 1492 8560 2815 8060 2433 6922 3753 602 2784 9080 5688 9148 9354 4479 372 5750 1415 7561 1762 2276 9224 3170 8310 3319 5731 1659 8159 7978 9574 622 4535 3759 7136 
5612 7695 7520 3529 1627 4714 8731 3302 1057 9351 4788 4100 4939 3702 7977 4165 7495 6769 7269 7753 3200 2081 2335 5181 9814 1011 2742 902 9373 9009 5868 7560 8013 3734 367 1830 6367 8033 5396 3255 5932 3429 1558 4394 4360 7526 1212 237 9175 588 7652 8012 5666 8459 2857 1970 6661 4575 6331 8152 423 8602 1972 4905 5094 297 9295 7071 1560 156 5381 8656 3824 2458 8095 533 3382 4037 7132 2656 5835 1956 2658 9111 5713 9165 154 28 6577 1757 7192 8684 4191 1401 2648 3983 9358 5893 979 3749 
3469 439 3889 6186 2270 1677 6595 9674 6643 7396 9956 8092 5803 9223 4837 994 6112 3385 2776 5910 3228 369 5598 2328 4057 7957 9651 2919 7524 2733 3318 4119 5027 1144 3726 188 8801 7984 2382 8317 359 169 5246 2327 8204 5513 9522 8337 9320 7637 5865 1508 8722 5382 983 970 8473 3227 3267 3971 2540 1507 8174 8357 616 8476 6734 8885 7482 9549 8347 5985 4397 9523 9648 6350 2464 4178 5157 1176 1896 3010 9428 3880 3662 2210 8831 6600 6712 3900 5992 5264 2658 2579 1141 7362 8887 6460 5980 7591 
9208 895 8736 8397 8617 623 1641 185 8528 4912 6468 7327 5728 6075 1774 172 4101 9347 1509 9545 3601 526 3064 3840 2283 8490 4675 9031 316 254 8114 2458 4886 3382 8634 6404 88 3933 7659 7780 2072 8755 4720 582 4186 6945 7960 9310 7262 784 5086 3350 7703 3858 8255 9387 73 9231 9818 7942 8111 9583 680 9587 7607 4225 6222 6213 2250 9826 4535 79 2522 7992 3901 3162 5593 6580 6473 2080 19 5361 547 5701 8839 6037 3122 626 5154 6504 5557 9797 34 2978 8512 8917 3057 6909 349 6423 
7868 2896 726 4240 9815 6088 1139 1868 4927 7736 1028 4714 8225 3884 6624 4374 7353 6333 410 6170 7112 7458 6017 9406 5265 6485 5918 1432 3409 3300 3852 4384 7558 7940 9007 2032 5631 6406 9093 3047 3759 5732 398 3986 4208 7695 5886 8157 744 5154 396 5358 3299 6109 9244 8658 4419 4289 900 3512 3688 1011 7740 7885 4490 1871 8698 1616 4457 7845 1553 3000 660 8301 8358 2608 5424 8204 6667 2623 7169 996 2418 4290 7056 3751 6149 9021 3161 7814 4252 8843 3463 7691 2302 2224 6620 4642 6303 2423 
1190 9479 7671 3044 5142 6719 2211 9354 4387 194 3230 7303 25 4654 581 454 9566 3569 74 4270 587 9696 692 3775 5956 5551 184 815 2229 3828 8787 3811 3361 6291 1677 422 2740 3907 9940 6820 530 2510 8410 322 8871 6000 3104 8566 7127 31 679 2492 5843 8319 6406 8738 5239 5512 190 6889 5374 2947 8609 5218 5813 8497 1083 9571 6117 1337 6815 1104 1021 5125 1729 7189 9552 4010 4926 4498 7239 182 9834 320 5787 9905 3717 925 5036 3390 5029 3566 768 1002 9164 7886 4359 5282 2105 6559 
876 6010 1529 4539 7250 5406 457 5854 3737 8213 7593 2572 7665 601 8507 9562 6217 1459 4375 7455 661 4624 3858 8533 7040 788 4873 7776 95 2361 2355 8605 2755 8633 6083 9914 9180 2350 3344 8926 6642 6784 3424 3773 3296 6836 7113 8800 1150 5462 6163 9998 9083 8311 4144 5637 4030 5718 9240 8820 7244 1981 4581 694 6255 9851 6937 2969 262 3674 159 2447 987 2992 1409 5524 6831 1539 2951 4652 6181 6927 1613 9771 9016 7710 5458 9336 8404 6347 6449 7676 7054 1707 7676 1803 9768 968 8893 2757 
9104 3433 5523 7461 5759 5852 1180 6815 9336 1322 5599 4786 291 1594 9403 5381 6255 9245 969 7995 5876 7069 3194 9062 5993 8464 6035 3806 1735 1548 2958 1780 3450 8828 8230 7066 8850 2425 4318 1307 8176 8130 3430 3517 2265 2723 3738 9544 4731 8595 8031 2161 8366 6985 9175 8123 3826 7933 4267 973 1751 3716 2642 3156 6456 7411 942 4504 7862 1379 611 5272 2720 8936 7166 3940 7127 2718 2510 4686 3449 7533 6784 2873 2864 3509 2735 2719 6748 5077 2653 5420 1665 629 3765 2534 4620 317 6729 4460 
6013 9926 559 2027 6738 9094 7980 3802 6347 6157 129 1537 4359 5806 2361 1063 8118 7070 5895 4723 1409 4277 7521 7084 3860 1196 5213 2024 5167 9553 3372 3929 4660 3135 5713 3892 19 5485 3555 7315 5799 4163 5775 34 5647 4594 4677 9118 7179 5033 867 6998 6978 8616 3293 719 6987 9705 7082 7185 2332 8041 197 5072 7235 9593 4220 1036 1398 4824 2320 149 5642 3974 6654 1761 2620 3559 6252 272 4850 2869 3306 9521 1680 6279 241 6315 3787 2832 8059 3712 3950 9867 7994 1769 4351 4173 8382 16 
152 5465 3380 6904 7227 1472 1284 4267 8129 8145 4021 9386 6485 9209 3994 3434 1410 2262 8747 9776 4526 189 9478 3611 6487 8687 8306 6733 7442 161 9476 9979 799 5839 3352 7587 4496 9879 8168 1040 1435 9110 8808 7303 4789 2483 9250 2321 774 5262 7419 5964 2587 722 3993 4014 825 9051 5601 4065 417 717 312 5446 9706 7389 7251 1532 9205 9011 9432 2476 7872 7893 8167 1551 2893 3542 386 1784 1731 2415 6402 2124 7265 1638 611 951 590 5953 2070 6786 8293 986 8116 6060 6671 2171 8144 8834 
8909 7317 9480 6765 9859 5823 4072 1829 6580 9282 8024 4133 9655 2450 5899 4274 1851 8818 4830 9762 2039 6073 8147 186 9628 7154 7695 8022 3272 7876 2700 9951 6820 2963 1457 1085 7334 8701 7760 2240 6234 7628 7776 3005 8738 2850 7311 6440 9757 934 3569 2949 2998 3034 1772 9461 3144 1687 3486 433 2400 2536 5077 4546 8568 5439 3938 5332 3566 4701 1078 7897 8216 3530 2185 6409 9563 2465 9928 9128 4633 7051 5845 4877 962 9236 154 2091 5882 2226 8534 7367 52 4473 7569 2215 1452 5307 5033 3488 