3234 7905 9061 2970 6472 6941 4451 4793 3045 2008 1561 7152 7004 2775 2594 6165 6080 8477 3029 2321 4557 1027 1793 9706 6884 7829 7584 3251 61 9675 4009 709 3415 3452 5028 5063 9162 9261 1572 79 6640 1247 8224 2569 954 5806 1801 5053 9418 1528 5869 3061 6115 3789 9789 8379 2279 1398 8451 659 3470 6355 2794 7669 7359 7166 8825 276 1862 7478 3563 8486 415 4185 6187 2490 4456 2940 5587 9295 7726 7819 4729 2049 3620 6466 6494 5457 9002 7952 4127 170 31 4480 2711 9177 5743 8952 3664 8969 
560 7133 1401 1789 4114 9101 9851 9030 5943 603 4906 155 5018 2863 6187 1224 9846 4790 4962 765 3690 5668 613 4153 3714 5441 5320 5145 6405 6598 2047 3031 6096 1675 2740 8344 735 7128 1691 8546 3070 7524 1206 607 7123 5059 5546 2136 9613 6420 3968 599 8258 8321 7644 6650 8268 1184 1971 3663 1379 1238 9851 5433 219 6291 5140 5856 9089 4030 8760 6510 2560 9476 5992 9594 8165 4540 5439 4767 5418 9349 412 1848 8009 1020 430 8326 6150 8062 5504 7270 153 6717 9544 4549 8776 2365 1205 5671 
6038 1551 9196 1597 6649 6673 8519 9001 7869 9058 564 3750 3365 1884 2041 3754 2043 7215 9192 6436 1238 7487 5425 8872 8779 2768 2589 8250 6086 5180 3365 5560 8903 7102 9862 5697 9273 9192 5446 780 1714 536 140 5910 7182 5262 7703 7835 3045 3104 4495 7996 720 1972 1912 3265 5092 6997 6394 4768 3556 6999 9598 5216 4833 2044 6966 1173 5943 8618 5739 6374 7964 6393 5119 4866 5136 7610 8369 2456 1306 5481 6372 2087 3774 5387 8736 4148 681 4263 4464 7188 2896 4368 849 9690 190 9231 7572 4770 
3372 1690 8474 687 2634 3952 6473 513 7170 4361 4801 4526 3129 2166 9593 8363 2731 1549 7968 4486 4641 91 1153 7629 4748 2341 2260 294 7840 1728 30 1718 3062 2220 6667 2560 1721 3122 4109 7236 9590 1781 2539 2066 7975 5922 9628 746 3105 8796 3360 4330 7706 1564 8416 8314 7225 4428 8051 8360 1263 6948 7933 182 3952 1075 8744 4684 4750 6641 5092 7855 75 4824 9134 619 1497 5405 2167 6052 4033 2344 2152 9414 4339 1763 3786 8115 1471 9397 9891 1055 7316 8898 3211 4425 6317 138 7546 5617 
9728 2570 6706 5920 1940 9282 6478 6562 5473 7671 2578 6312 7594 8052 6265 5998 7461 8897 4257 7847 9615 5141 7305 9831 2218 1727 8170 4802 3109 1376 7933 3893 9573 5998 7537 8755 8216 2592 6877 6561 5072 9147 9858 4800 6825 121 3647 558 9821 7426 2374 2231 504 3638 7875 9890 7977 8016 3015 4468 3520 7299 7862 9756 1371 4238 3538 1555 9930 9381 4368 8441 7339 9302 4757 7366 2686 8508 2573 618 9412 5232 9028 3365 7056 6424 9857 9712 7256 9302 7366 9528 4503 3094 4950 1369 1070 3805 5642 3152 
5945 84 9333 5393 472 5324 4031 2105 2348 7182 7152 179 9845 7456 3755 3630 8775 7126 7787 8932 2532 4197 725 7150 2332 8131 9318 8160 2617 3769 1590 5023 2372 4264 1840 2217 9573 9487 1284 6950 9619 954 8267 8119 4662 7894 9486 8080 2280 4692 6726 1899 5581 7826 1454 8662 3152 4926 6036 1263 5641 7894 140 114 2353 8431 7728 6334 689 1085 788 2128 3457 8094 7622 8783 8036 6775 5842 1294 8897 1662 4759 4782 3600 2628 5964 6283 1247 9472 3191 7126 4855 4197 5576 8829 6954 761 2443 6099 
6210 9162 1345 610 4506 9648 3208 3853 3421 6556 2439 8037 181 410 4961 1298 4937 6972 8126 1908 9861 7698 6747 2622 3143 5156 8541 6518 4149 9051 9599 9651 5856 4830 6800 2253 3348 4609 7952 7948 3804 1472 4902 9031 7661 6969 8113 6877 5923 6776 3017 5752 944 6850 8829 6006 5418 3584 6732 3836 9015 5740 1413 9900 5081 3938 2201 6978 7438 8260 6798 6291 2151 8947 9909 8658 6410 5945 2394 142 5952 1384 3535 5486 3380 2692 7546 7483 2368 7079 5789 2429 8764 3659 5537 7028 2171 6700 7008 5789 
698 1002 714 8301 6421 9610 1781 9242 4425 9446 8772 121 2553 8369 4964 7667 3882 3991 6974 124 1933 2994 7017 4531 9081 1619 1860 2178 7911 4660 3561 2983 6649 5914 8576 6825 7402 111 5644 1786 1170 1936 2296 7375 486 6086 8486 348 9946 6987 9205 4455 3375 6841 1292 5884 2077 418 9709 3814 9425 6548 4069 121 9407 8369 6573 4232 2692 8035 1246 4857 1046 7355 4330 6616 1397 1337 1215 1314 2140 518 3478 6994 4570 6828 5906 8115 8912 183 3542 280 3349 897 7652 7149 3127 4503 3872 724 
2253 5159 1791 7697 7711 824 2215 9894 2988 9328 1346 2549 1063 9752 4708 3811 3257 2339 3317 5774 9640 5762 5642 6486 5202 9533 3051 9989 3211 8868 1188 5966 1087 8770 764 1597 5956 2990 6236 1574 4598 2372 3750 4925 4584 8005 2941 4416 2212 7743 3555 8544 4556 1531 3857 1456 6577 6129 5680 9261 6456 1824 3894 4962 5556 4202 3616 9062 175 4240 4653 8367 7121 5600 8969 9078 15 4431 1280 3839 1916 6624 7212 2979 1932 4751 1171 1811 9162 7285 4655 2182 3815 8047 8510 6438 5181 6927 8204 2955 
8191 4330 2339 8474 4714 9294 5858 7439 6590 9422 6452 1805 5202 5200 720 1972 5357 506 7333 5092 4122 6997 6394 9499 4214 5216 5953 9925 6568 8483 3827 7014 2351 2823 1560 4480 9753 8644 6951 4241 2406 6741 9966 7405 1560 6832 2833 6493 4153 8060 7626 8625 6346 2582 1639 6586 8272 982 809 7150 7423 9068 6804 4388 3503 5585 1427 8403 51 267 9562 504 1887 2329 6000 640 1431 5900 9636 5827 9746 4179 5542 1742 1428 3781 3001 9366 8663 9762 2994 6946 9416 8453 3044 7032 9047 6539 4266 7790 
5677 905 6418 2632 7033 6726 4733 6478 3992 229 1642 2315 2527 5966 3674 2035 7531 9994 9280 6167 18 3083 711 8982 4160 7074 3186 8862 8270 9130 4269 50 8992 3826 1236 1910 7571 7811 1850 6005 178 8370 5967 2032 3904 2794 6163 2558 2291 4070 1196 3427 9988 8529 8140 1674 783 6680 3288 2389 9552 5564 2605 2392 7225 1893 9259 1720 5580 5704 1268 3499 3505 3975 7472 5544 5477 7459 6068 3157 8091 6982 4336 7353 5544 5635 6614 2952 7806 2895 6368 8090 1941 8019 3168 5637 6564 6993 8410 1994 
5230 1190 6817 5876 6557 2443 484 8499 7303 7013 8168 8756 2262 2765 2044 9070 8698 2699 6090 3316 774 7008 8259 7271 6898 2491 5978 8038 5978 1800 4643 5065 8616 7735 5294 9119 60 7186 8943 3492 4461 7786 275 6792 6949 3023 9726 5742 5296 2922 4079 8233 4167 5425 1940 410 5006 6923 3086 5842 476 3461 411 8493 5730 9333 9619 9928 1286 1904 5728 8792 9452 2560 8440 449 1241 1413 6771 2612 8348 1441 3036 4511 1800 1512 302 4832 6023 5003 4337 2920 1928 9951 7250 7785 8064 8985 9674 9680 
949 5130 5948 7766 688 1511 334 8073 4510 6991 8796 3062 3192 4847 9068 1650 3503 2193 388 1770 4710 9245 932 9070 6372 6088 8281 4719 4609 7638 3381 8962 2834 9522 256 4863 8382 2509 6523 2485 6775 499 1456 2625 9204 6408 5611 3462 6201 3604 9660 7152 159 9221 4388 6699 3967 6197 2050 3025 2447 6000 4720 7314 2511 2067 9433 6968 3569 588 2283 6948 5904 7886 1419 8072 9147 2788 1148 3606 4385 1630 8790 7027 8417 7282 8019 8236 4147 1291 3020 9142 3861 4858 4599 193 434 2380 6625 6525 
5876 5291 6061 6491 4445 6119 7154 4323 9276 2773 7935 1507 5370 9444 9919 6092 6422 2096 8364 9485 7518 5910 9841 7342 9568 4868 4383 447 7856 6686 5197 9908 9130 7979 7473 7450 4762 91 3052 9849 5852 3831 9908 2569 1030 4135 7402 5644 7776 1691 2751 7751 3487 8793 2788 802 7803 3555 4478 2409 6415 8670 6669 9571 2940 8735 477 3723 4627 719 116 8286 1281 167 4318 3610 9338 6814 7279 3638 6441 1007 6926 9667 9691 3674 8034 3705 4109 1316 7687 295 7609 7853 7164 9238 9220 4772 6113 6848 
6902 8878 9641 4391 6482 453 1533 6537 3719 3297 9297 9660 6142 3555 482 4202 6693 7877 8337 2449 4203 4600 8255 6739 7435 3160 5045 6996 7309 1369 3314 3353 4312 3541 9755 6565 8797 970 5551 7893 1673 3368 5572 2306 4806 7953 2302 3013 533 6115 97 713 9179 5680 7701 8923 1827 9608 5606 8508 6707 1459 9551 2946 2559 2097 9932 6278 539 1153 964 7188 6241 9702 5906 7563 6705 1980 6930 9506 2890 5112 4852 9597 755 8830 5869 1390 7967 6060 7668 4858 4511 1877 3957 9279 8912 4383 2643 2550 
7665 8894 98 6505 6536 853 5336 2406 6981 6726 9393 746 7935 5919 5603 3686 1986 9560 5367 1266 6575 2001 5570 3182 6018 4036 8526 9432 572 5731 9330 2712 2407 2106 6694 7215 6804 7966 7253 5142 3878 2621 2760 6805 3253 1113 2375 7132 1216 482 6094 5842 7407 8178 3089 7242 7512 9348 8808 8543 8063 2376 9629 3194 6259 5954 3065 8207 7068 7347 552 8239 610 5073 1009 6453 8832 9187 9767 8274 6430 3632 6475 8792 1370 1168 7150 6264 5186 5752 4603 6395 7659 2542 986 2574 2412 5958 2077 2061 
2345 6739 854 3285 2022 3138 9172 9402 7397 1277 4324 7941 6315 4748 5600 2086 4526 8362 4498 813 672 6288 2750 7965 4811 6663 2017 379 922 4040 3133 5623 7193 9947 5235 1486 6262 3438 1472 7964 9272 1367 1418 5961 5685 2316 7124 6305 9142 9079 7227 8948 6712 5450 4571 9947 2644 870 482 3485 7870 2644 8237 1917 3367 8002 4786 3963 5321 4021 6582 3338 6116 8400 6402 1566 9323 6350 562 194 9136 1209 7649 8656 3948 6529 4538 2636 4294 4023 9031 4739 9370 9905 3846 1599 7286 532 1428 1581 
6515 547 3343 6612 2159 9701 8368 8416 1055 1776 7294 8733 9728 637 7037 2960 7128 1251 7250 9875 4372 8883 2331 1064 584 5780 3973 3356 373 8679 9060 5325 7537 7068 1225 1057 5228 2582 8456 8428 4431 4399 6680 8826 2580 3771 9112 7502 3841 7613 3814 4108 3710 7882 8779 9989 5880 2731 5351 921 5219 2514 8831 4480 1211 8056 9759 1176 6330 902 8538 5615 7439 6728 4585 9242 2216 2869 9748 2492 8791 1350 4137 3064 2871 6046 6143 5706 888 9841 8548 5657 6102 3147 9630 7651 1713 629 3419 7202 
6247 7578 5169 1468 8923 7039 764 4903 6672 3224 1896 5059 21 4448 3763 8326 6294 8421 9568 6775 3242 965 3634 1882 5560 2034 2019 2237 7839 5067 3149 4799 4393 6035 1749 4742 5709 7259 5848 7084 4105 6740 4739 7369 705 222 9149 7478 1355 5444 4515 6814 6858 7054 5988 2555 1183 7593 2328 4582 4046 297 5033 3624 645 5692 2711 7248 4590 2967 4929 3164 4098 7060 7205 0 5461 1645 9700 2381 7382 2312 3649 926 8533 6953 5078 6891 8532 187 4686 2069 6165 70 8913 9073 4646 1090 320 9460 
2353 4025 3469 8290 1104 9373 486 7709 1163 9698 5386 9063 1321 8386 7767 2697 1056 4394 2384 9699 8894 4763 4846 257 4497 3501 3886 6973 6063 7538 1164 508 9066 5708 2825 8580 4572 3357 505 3904 5614 7411 456 6784 1548 5364 4110 8548 5299 6030 3110 8017 9169 2529 8093 5192 7114 7210 3856 1433 4622 7823 813 4060 2997 84 2844 4910 3958 1260 4420 876 1769 3050 3134 4301 5595 3485 419 1397 3433 8008 6060 41 1545 6620 5366 8146 5949 5893 8171 2076 1836 5306 4750 6128 8186 8179 425 3877 
1268 1832 2068 7249 9332 8352 8385 3161 9599 7790 6161 2000 1990 4629 6183 5968 98 8455 989 6166 5935 7022 8872 7721 5900 7720 6483 7270 7001 7822 6876 5374 904 7913 2043 5931 8984 8561 9915 7446 1712 2462 254 9962 4499 6892 7858 2382 2512 756 6765 6351 9497 3854 7504 8868 8314 3431 7311 5162 5553 3536 5393 2129 4836 2370 9950 8171 1046 6333 7552 8216 5357 8893 3972 7952 3515 67 7665 953 234 7404 5818 7763 6578 9911 7796 5566 6946 1244 7181 9026 3884 6645 8152 4730 6237 1613 1088 5340 
4051 9747 7956 4061 2288 813 4037 1062 1297 8005 1133 7464 7024 2290 7877 7920 8750 6019 750 3917 9438 2025 309 5610 839 3255 3302 4215 8826 9669 9040 8844 4849 6807 4286 4618 631 5849 6531 2067 5101 4447 5719 3771 4582 9542 877 7164 6278 2323 4258 4369 8285 3451 2412 5026 4068 8985 9384 2612 4470 467 9003 7289 8610 3036 8395 4131 6948 5303 2535 8262 1800 2693 9572 4893 5196 6196 302 4832 720 6023 2066 5003 9421 3376 6069 143 2201 6697 3637 7409 4481 3611 5695 5677 7540 9344 888 5803 
2839 1053 3188 4624 9299 9101 4199 1114 1421 8277 5464 3812 3937 777 8895 9933 1593 7253 7959 2819 6320 8000 7548 8420 9683 9912 8977 2691 403 9769 6996 6047 3494 4709 5118 8323 7822 7978 9012 3644 1326 8615 6201 3440 2879 3332 835 4672 8133 4188 1985 7594 3313 6180 5105 3029 136 1869 7314 4632 8114 1631 8829 9867 1376 7579 5261 9171 6122 7666 8200 1257 9455 5916 9974 3802 831 8201 1838 8596 4110 8659 7523 134 8451 2641 896 919 5335 4409 8499 5817 5414 1584 5603 6097 3659 5051 3378 8811 
3308 7096 8159 3976 9007 8794 1237 2821 8160 5030 6207 8952 215 809 4025 9943 8962 7098 3137 7727 5762 5465 8560 4130 9417 2590 7463 3454 9039 2934 8987 2170 3329 6354 1229 5147 5829 1980 9790 368 8778 1936 3714 7014 4995 7806 5010 505 4851 6023 442 3365 4176 9626 2108 5320 767 4236 7011 3231 6547 280 4870 8712 3537 1678 8102 5708 9333 3435 7195 284 1088 8869 6721 8503 4645 8921 6219 4687 2925 2255 9581 5404 9911 8597 2346 1650 6574 7292 9051 6061 4680 2602 3905 737 9417 5476 1593 5549 
7175 1291 3381 3020 8496 3643 4858 3209 2974 2707 2952 7198 7489 5451 4631 9107 6595 3044 2002 9240 8815 8567 7752 7217 7369 9012 7261 9795 4792 610 1094 8941 4377 7865 4254 5891 2288 4397 7961 2569 3557 8189 7433 2872 4594 4391 5855 588 2033 6530 8680 8860 2430 5162 5508 3645 7820 104 6188 8175 3388 7730 4220 2970 4393 5052 7070 7953 3809 6008 19 8293 9245 1263 5741 8345 134 2272 6105 5186 8857 1849 1649 3085 3968 7280 2499 6222 5984 7983 2705 5201 3025 4340 2090 5379 3117 7544 6932 7238 
8207 4769 4996 6545 7282 9084 6628 3658 6851 1139 8187 497 7726 4729 1205 8044 5421 7970 1410 2055 4628 4261 8854 9703 2814 1578 9950 3718 1836 8901 6824 5125 1055 4326 46 6775 8835 5968 2566 4690 6008 8775 6724 8413 1980 668 1887 9592 6974 9845 9283 8937 6420 9615 3699 2463 2887 7795 7264 1754 3856 9702 8011 2950 298 5733 578 5968 7332 2505 3937 6491 4644 9960 4862 2940 9821 1798 9804 3176 7517 1504 3610 1113 4269 5711 5804 2396 7158 4001 3081 9403 4404 2380 719 155 9790 9814 875 9481 
6242 4945 5664 6998 6835 150 3782 8694 5128 4662 1170 7292 9936 8872 725 2768 1441 8331 6480 9044 7072 5277 3079 3697 8319 1773 9186 2378 7774 1199 576 9555 6795 3109 2650 3830 3893 7441 8189 2832 2220 8318 6841 1878 1162 7793 7853 7545 8652 4540 1375 9397 9310 8685 4348 3018 5649 5813 8592 4073 5721 9937 552 7493 6904 2512 5324 8877 8393 3762 8919 6713 1395 6798 4896 2901 1076 472 5517 2958 474 9735 983 8417 3948 6200 2679 8277 5569 8158 7315 2029 4444 6508 411 8722 8932 4958 3495 357 
267 3596 4424 9128 7706 6423 4280 7760 4802 8118 5129 5627 7231 3862 9903 546 6091 2007 397 9564 924 4548 2816 467 8395 5303 9436 953 1512 8144 8933 1630 7380 9159 7062 1292 9868 9 2167 2711 8005 1886 2941 2907 4100 2478 3788 678 7849 8235 6913 8843 7647 2135 90 5918 6153 6293 1241 6458 3338 6509 8514 1795 5205 8555 69 4857 5104 1097 7324 938 3374 247 7228 990 6489 8873 6254 7462 6739 8107 538 8121 322 8643 5915 1556 4169 9461 3967 7585 2714 3119 1773 9186 6572 1030 4918 1285 
653 2742 6221 9052 2744 4242 1404 336 8027 4590 2311 8311 396 416 1697 8657 6126 8797 6279 6140 9719 6878 275 4503 491 6117 1425 9270 87 7842 2202 7771 7128 9150 9197 5420 4383 4207 9714 9193 3444 4289 8663 145 4964 599 4817 5061 5760 9985 901 3734 3125 5223 6512 863 7066 6693 2105 9496 2986 5355 2987 5806 1032 4016 6543 3164 1706 9452 3644 1230 2879 3332 226 5524 9076 3178 5038 8327 3743 4998 7386 5423 2828 9597 8644 9710 4660 333 1694 7946 7508 1051 852 3423 763 9041 3079 6555 
2831 9154 5022 202 4083 4723 9951 7608 7033 9670 7843 5304 8112 915 8590 6923 8460 1646 3861 6463 705 1148 4798 2709 5462 8825 3227 6245 5573 1331 2220 9444 5429 7455 9117 2344 3412 7186 4734 3407 728 4390 9263 145 8695 3935 1522 8152 465 7571 3243 8735 7022 4820 4358 2798 5597 7975 3461 1449 1689 6103 6106 3638 6441 6926 8632 6164 4476 8322 9568 2367 7728 5645 4581 917 1791 3289 7250 2127 310 6543 486 9351 127 2398 2043 4738 8824 8969 973 8015 9970 6548 8415 8368 3176 4263 1269 5184 
7066 7280 741 7849 4713 2380 719 4982 7777 6379 3782 5759 2871 8191 8027 4047 1151 6804 1442 9481 7618 1095 1504 1 1425 8262 7402 741 3129 1871 9159 2062 5840 5154 1645 5620 6871 9997 5603 6693 7228 2827 1863 9344 8761 629 2613 6969 2070 9724 59 8961 6016 5767 5903 9406 1210 3687 1753 7152 6008 1011 1037 68 2884 3188 5354 3312 434 6813 2974 5192 7489 9107 664 3354 5425 5840 3152 601 1263 7308 9997 3840 1039 5903 4830 7148 6035 4929 818 2752 3402 7002 351 9141 5995 3469 2643 4044 
5117 7590 6797 9593 3081 3707 6528 475 3826 3078 5315 7958 3680 4896 5070 4035 8680 7131 1932 3169 8185 8951 8649 4902 7875 929 5532 8574 6983 3503 8361 4933 5351 4375 5538 2304 2165 255 1532 8835 7980 3005 7994 9988 9571 2476 1256 6131 1111 6950 5344 5312 2384 245 249 6759 2135 2553 8924 7071 246 692 5906 4578 2727 7584 7500 8123 7071 600 1532 9555 4305 9649 2925 8169 8195 5309 4766 6901 7350 9717 2862 768 3555 893 4829 6913 3877 5106 336 9891 8560 4126 7828 8691 691 9459 598 2485 
5864 11 4590 693 6924 5799 3612 3504 4424 6253 1917 9336 7171 5910 2856 904 9595 6597 9054 5421 3547 1285 8833 1978 6834 3653 7778 447 2920 6556 79 9847 5591 9091 6570 700 6371 2437 5524 6461 240 8557 2292 2073 5613 221 4535 2447 2364 7490 645 6474 9622 6083 3401 5433 7047 6256 8237 4173 3997 6189 4567 4639 1203 9745 9554 5744 8376 8424 5809 7012 4714 3251 8149 452 91 4483 3261 6248 1885 133 9373 6879 3841 4457 4439 2278 8514 6660 2270 7208 9999 5956 2280 6865 2263 740 1472 990 
9398 3886 8507 3634 5484 7243 8634 5498 8412 1910 1657 7349 916 6761 873 8959 6150 914 135 4402 5284 5087 9271 7595 1663 9977 2861 1323 6956 903 1764 9717 4472 2258 890 6393 9790 4209 2210 324 5970 6321 9412 5979 4542 4330 6652 3317 5774 5858 2320 7439 6590 9422 5390 6536 2222 9645 7691 4359 4365 3024 3201 8262 5281 6673 317 7869 3069 4157 7358 6450 1587 7299 8897 2328 1205 3319 2661 2202 9532 2991 7314 7465 2145 5231 667 9541 9528 4033 2768 1459 1266 6672 4981 7825 7304 2678 5058 5402 
3281 2048 9117 4424 3164 8990 1889 2884 1028 8849 1869 7622 9293 9545 7499 8302 5859 8094 7640 5242 4555 1078 8445 1663 5953 3498 308 5328 806 5086 4104 6527 5858 1878 8867 7994 8505 4493 2306 7642 6772 5337 9790 1363 6528 9551 1691 9922 6220 8404 7275 9471 2410 2695 4147 6516 2454 7375 3081 5653 7388 4465 1851 2192 831 9258 769 7670 6950 6003 6383 8532 343 1413 3417 8702 7820 5923 394 1666 2475 9272 3390 5753 1236 7352 8731 515 9271 5521 8723 976 7195 8866 2707 4692 1386 5996 4756 5506 
5594 1386 1593 1785 9341 9141 494 2024 1094 6562 2324 4165 5609 8573 2194 8705 3819 7107 5855 2385 6401 7472 7243 3548 9245 21 2575 2244 1074 7612 3934 9209 63 8325 6963 269 3629 6477 4113 6894 9662 1641 2689 9251 7267 4712 1284 9168 4140 4375 2579 8378 5645 3291 8226 6266 8597 7299 5753 3767 7442 8351 4510 5126 3395 6078 2534 6590 17 8364 9980 7210 7134 2099 6018 5356 8228 6145 9888 9996 7916 1144 1776 7738 6296 2382 2735 4342 8193 5900 5248 8663 938 9920 7151 1644 7522 3612 9398 5628 
4043 6307 3455 2854 9542 1999 2536 9629 8501 216 573 115 5982 7848 6679 8583 220 2602 8718 6379 2477 5345 9164 12 4201 8816 7075 4177 9881 3540 768 489 2994 453 8619 4442 8771 5018 1536 7270 2992 1815 24 9731 2080 5780 1039 6005 7129 7979 4701 5868 3219 7215 7042 9748 6048 2355 8399 8955 2873 1925 8116 121 5867 4886 548 1539 3187 7418 2007 5781 9938 4320 7255 1732 1361 8142 8815 1994 4488 4434 9562 4183 8606 1116 9570 8182 600 9116 2769 5235 6128 3283 485 2120 9493 3483 8775 4617 
449 7075 9095 1772 4055 3152 8629 3119 5388 6399 7089 8143 7126 7290 7075 623 7025 3149 77 8700 407 9456 1684 5768 3412 2568 7990 113 49 2418 4284 8980 6350 7755 8519 8018 1320 3990 5274 682 279 365 1347 375 4040 678 2775 167 6435 669 349 894 5115 2244 2462 9667 5267 2773 7412 4852 2779 7587 6440 3569 5381 7669 1739 2917 1731 2622 433 2543 7633 5077 2215 4224 5020 3283 1163 2804 2503 7810 2962 9238 7658 5054 74 7188 9863 2816 6397 4751 7255 8933 8171 5212 8262 413 9136 6024 
3772 8380 2601 8866 4151 9802 6491 3337 1418 6173 3210 8592 5353 1518 6447 7770 8504 9854 2867 6076 7295 5924 6090 5271 6625 5240 9366 4092 5541 4447 4392 3582 3200 798 3523 6804 3812 9371 8517 6278 3046 5204 4304 5035 3151 9005 8957 7905 6916 1179 240 6337 1572 2181 9467 621 9629 8329 7402 140 7330 5035 4443 1838 839 8045 1966 5589 7159 3765 2245 5121 7928 1421 7598 5756 3329 2378 490 5439 7983 2436 9863 4114 380 7835 5294 3083 8248 748 6889 1596 5499 3459 8210 4467 4756 5162 6434 6251 
2109 1739 4121 2203 8955 4075 3168 5191 2552 5200 1272 8182 639 7833 864 8126 7570 3299 2695 15 1807 8729 8111 4529 3049 301 435 2808 7553 8459 7876 6809 1615 5153 8969 8496 7650 5995 3117 1154 163 6639 1697 7441 3107 5851 7852 7439 6562 8653 9310 5674 3614 5871 8482 8928 4727 8166 6805 145 2793 5987 6985 1220 6325 6104 2960 5152 5644 5210 4585 8014 908 6118 9375 4644 3488 9578 3292 6052 1191 2555 9255 2445 8655 1474 9060 5719 4928 6708 5035 5391 2518 6958 1185 826 7308 3544 7013 4354 
537 1330 3944 17 8032 8548 6400 3249 983 1655 1360 2529 22 6173 6735 7932 5424 5880 4244 9704 2530 9905 1789 5209 8622 5701 6997 9840 101 2096 4241 7273 397 5198 9180 533 6666 9203 689 5981 1950 9409 8919 1882 6826 7450 1252 7093 1513 9968 9211 6279 1039 8924 2721 8507 8082 8966 4976 2237 742 1736 5364 3675 6137 4347 9822 6048 5000 902 5271 1445 2146 3882 4856 61 6604 1196 193 7693 3353 7263 2007 9103 3057 7360 2470 6022 2798 8739 3441 4572 5409 7252 7196 4556 3026 5129 768 5414 
6841 6081 3281 726 4448 2045 9762 1621 480 5294 505 1909 7225 1850 7159 2214 7611 8816 5584 5263 8604 5728 1565 5532 1800 7005 6893 3113 3931 658 7589 2011 9679 5837 8923 2353 2586 5266 938 7460 4598 4316 7490 1985 5237 5412 7970 5551 9846 7458 6485 7455 5631 5326 5886 744 2302 9244 900 1098 8698 4457 8301 6787 5655 9857 7602 5671 6360 5688 4431 5388 5159 8213 5369 5349 2647 2189 4873 7176 1178 1831 2614 3380 1374 443 4806 8579 2090 92 7332 4229 4007 7812 3722 8588 3600 4491 5280 3025 
9964 143 2275 3492 7859 8507 3547 4589 8623 9978 3168 9702 5118 7489 2078 9192 155 9734 9525 6254 5775 7476 2120 2284 298 2811 9429 4245 509 9039 6280 5412 3056 3719 7617 2242 9066 5246 7878 1442 9502 1399 6358 7731 3572 3183 9832 1515 196 3097 713 1409 8796 8228 6406 3353 6121 536 6786 3814 5166 688 7903 9273 1997 2886 3232 2551 7422 2116 3715 7253 6823 3389 743 758 8198 4702 6141 3857 389 2414 285 7758 1503 4719 7658 5478 4975 9678 3152 7129 5710 8443 4219 5923 22 5423 1453 3929 
7411 6619 3598 7772 174 6845 5631 7906 3729 6083 1194 3624 4969 4229 6602 5773 4513 314 7695 7055 9895 1034 6641 3337 2077 1544 7791 4281 9011 3069 2649 1078 5243 9461 9098 3417 7257 8150 5590 8659 7660 8890 5875 7991 9144 3402 924 5111 1753 3252 9127 8072 4983 8654 24 8943 3822 9131 5177 639 7118 9398 6695 4639 8592 8855 9373 1989 2319 2553 5192 4282 6701 9232 8210 1411 2367 1450 5321 3424 2656 9259 1860 8629 9878 1625 1680 3353 3019 6274 948 1368 9580 5803 517 8194 3844 106 2650 8455 
7481 6650 2265 5036 7920 8294 9084 6298 6666 6488 2112 6044 4119 5093 1631 4524 5727 7783 5434 5337 8768 3497 2237 9629 348 1967 9362 5420 3270 9110 4659 5365 4580 8758 8372 9828 4648 4019 8854 823 8745 90 9274 5823 6851 8109 8994 6507 8259 1423 3024 3566 520 3666 2978 4777 1930 9505 2425 9831 5232 7162 1855 2795 1388 5739 9357 9045 905 1487 7031 1416 5081 4759 3778 4072 3636 2475 8410 5272 8169 5456 4706 7641 1026 7389 8450 1769 5974 4953 4131 9960 8602 7852 1593 7809 9883 880 8553 418 
1630 9298 8821 9775 7720 3013 2880 4780 2891 578 3422 8235 6181 8430 5575 3845 7299 9655 2542 8759 925 7457 799 8834 2227 6288 1397 5462 2426 1402 8091 1512 5896 5228 3396 6470 7085 2865 3751 8274 3674 6799 528 5382 6106 969 4482 163 5237 9475 7553 2470 3091 2021 8933 490 8083 8759 4924 3747 2129 2647 1959 1837 7750 1577 4953 309 9571 2905 8835 7722 7474 5299 896 7282 4095 5594 4936 1413 9403 8153 2843 125 6001 957 6786 6670 2141 3554 9239 2894 3599 2983 538 2220 8693 6223 3128 6070 
5309 3648 9713 2763 8241 5354 3440 7354 5606 9318 9710 3092 1215 3086 5268 649 1378 5503 2973 497 9542 2538 1806 8994 1367 5059 4131 3695 413 7402 6496 6720 3900 6164 2394 5115 1833 8834 1745 8595 7485 9508 4992 6403 2983 5010 3168 555 2412 5540 7051 3973 1649 2418 2623 905 7925 8865 9739 610 4655 5601 653 6690 1461 5543 2775 4752 7785 5433 6549 9812 2034 138 6140 35 2858 3763 1523 9854 351 8485 7753 1358 9706 733 360 2628 295 5112 7507 4432 9384 2940 9197 8129 9368 4270 8545 9181 
8413 8660 2017 8514 2368 4773 2620 3726 8816 2089 9550 6198 8801 2178 6493 3913 9685 925 3298 8847 7627 4534 1377 3079 6910 1795 1739 8928 6605 7648 2857 5577 1673 608 9816 7575 6806 6106 9651 5791 8533 1121 5188 3732 8229 2815 8266 5958 6198 7697 2869 2429 2394 5797 5286 4323 3311 9693 887 4663 7740 9898 9136 4784 258 8516 4839 2672 3135 7149 832 6370 9568 6621 4519 1997 5367 6669 9690 6545 6946 974 2590 4185 9063 7253 1178 3504 6667 1473 8288 6925 7682 3156 8116 2643 1617 3476 7988 7849 
6449 8859 5528 7858 2074 6779 8832 4664 965 4248 8270 8495 7404 1774 5229 6414 2911 5922 2907 9617 8566 4525 7898 2513 5747 1372 1945 3011 3253 5327 6054 6343 2227 6654 965 9091 2237 9287 1857 8550 7780 9936 8167 4461 6066 1092 3326 8165 2287 4698 111 5298 4593 2519 5855 4925 2326 4434 3291 1509 8735 98 7628 7126 8372 3414 4346 7422 6764 7553 2252 2451 5986 4971 2538 1841 4864 6276 7828 4507 7785 6169 9594 4235 3798 187 7713 9976 4911 1128 4322 2334 1086 848 2909 2368 8002 1513 3760 453 
8068 9746 6958 7940 8025 1822 4216 2205 2682 8353 8374 2588 2172 8815 6653 8501 3727 2823 2413 9489 262 3261 2398 8982 3911 2742 4421 8331 8841 6197 5290 6781 4222 3464 2779 2498 1154 1127 9678 9942 7647 8179 3669 7355 6082 3969 5696 3668 2951 9663 5693 4084 2262 886 282 4019 856 3721 7720 3636 6219 9774 1142 7346 7120 820 4768 7310 6549 2707 9745 7819 6676 7839 9627 1456 1770 1672 5541 8911 2175 641 2930 9383 714 7003 3019 6933 6777 4161 3898 625 6686 5745 4032 2090 2421 2177 8400 3634 
8051 72 5527 4787 5335 7702 1780 8266 3437 5269 6457 5780 8398 6970 2764 8648 4656 18 7676 7087 1709 27 5860 3886 6308 4260 3872 711 685 9399 5499 6020 3453 638 6891 9700 1906 7010 3022 4670 5658 7679 5677 5373 5735 9966 8813 6346 4673 4035 2654 4259 3366 5971 11 5217 8343 3464 8848 8982 4974 3232 5782 7902 6614 9813 2313 8643 5186 8049 8609 8197 4955 8673 3962 2844 7328 6282 2855 8897 4625 2671 5731 9072 3905 4842 2304 6976 6559 1474 6789 8872 117 3273 5079 2327 1471 7352 6407 348 