8056 334 5448 1441 4131 8294 6111 9673 5837 2193 5327 3541 7667 9355 5852 9913 195 5642 5251 7575 5521 7931 4859 8878 8763 4803 9947 8485 51 9758 7892 9562 3713 919 537 2355 6581 9340 519 7608 597 5129 3385 7819 2340 3424 5403 886 2080 7440 5282 2232 5492 2244 5571 6896 4263 8309 9553 8685 4621 2374 6384 3659 6262 5227 3161 6136 2113 5744 8537 6923 4559 9186 8391 5314 9342 5927 9786 5026 6545 4068 8985 8348 1452 5623 2691 7805 4749 3036 9183 6632 5933 588 700 9574 8754 2283 7718 6948 
3106 5303 1454 4080 9259 4511 1800 953 2693 498 8960 6034 8144 4893 5196 4373 4910 3939 3266 7574 6069 143 2201 9103 349 8245 4477 4900 5661 2692 8237 1183 627 5733 9269 380 884 483 1516 9528 7169 7976 656 2261 5427 4265 8153 915 5684 8994 680 9948 2040 6442 9885 4389 1334 8186 6896 7750 3967 899 2799 186 6586 5278 9112 6038 939 153 9730 8885 8844 6137 9537 8040 2285 3839 5149 72 4328 1927 9967 2782 8583 9540 8025 1622 6356 9395 6915 7240 6122 5638 8865 1263 7970 2425 2837 3561 
1499 1007 5493 5430 8380 5250 677 1447 8607 7948 1027 7043 4762 5917 8230 2314 2536 8360 5108 1191 9857 308 3741 3832 5289 3419 2659 7246 8968 3861 3840 239 5275 7614 5959 6379 9455 2387 4977 7814 3683 3641 4838 2743 8791 873 8716 1431 7774 1415 6232 9631 3393 8774 1787 5431 2664 7772 9830 4137 8406 1344 8706 6167 5938 3563 4900 8019 1301 6303 549 44 9648 2112 5487 4734 166 2826 226 5173 2858 3047 845 6387 6943 3554 2424 4798 6747 996 1649 6604 2914 9558 7910 1864 3538 5047 8731 7414 
5202 6617 3652 8880 7348 615 6183 6990 6121 182 3428 7391 4244 5818 2978 193 9640 9152 4507 9201 5259 786 3128 739 7067 5455 6872 5264 4573 4320 7533 6598 9117 5783 5032 2509 3446 4372 8244 8496 6116 6819 2218 5475 4522 2225 8670 1333 9986 15 7956 4999 4708 198 1927 8402 8815 8604 7362 640 5723 7532 8774 6240 796 289 1736 1662 7494 4771 4539 887 1861 6912 8552 5658 2898 8756 6688 8524 3410 6861 2446 4183 3836 5459 722 6983 7325 9537 8644 7639 2790 9545 8699 3866 3903 8284 2096 4811 
131 8360 8522 8369 7933 182 6863 1075 6858 440 1459 7308 8088 716 7640 4606 2976 5352 2215 9230 5180 2488 3189 5654 8158 2029 3328 411 6611 4230 4958 7560 2570 8119 7671 4620 9281 5760 6260 3681 6109 9261 1926 6265 7461 3390 1534 6793 7368 7340 3508 1563 3552 514 7897 1478 9931 1727 7986 1781 2358 6608 5541 7676 1733 9048 5922 4768 6854 3068 260 268 708 8628 323 7416 9398 3743 5098 8428 5006 4431 4399 9593 463 7282 6680 9820 7197 346 5325 3414 8595 5829 7507 3250 6777 4582 3048 9542 
8141 797 885 7392 4035 9627 7014 7793 6490 4908 4540 3421 5818 4629 1604 1394 4570 1830 9652 636 5028 733 6371 470 4578 3594 5077 1080 3279 7859 4208 6985 8383 2162 2145 7402 6901 1502 7831 6341 8811 5996 4384 5393 9417 472 4031 2105 7152 536 1666 477 1045 6683 1313 936 7964 3832 3018 3507 224 2317 3938 762 7645 9242 2006 840 7309 8787 3492 275 6949 6368 5979 804 7774 3744 3804 6476 4128 2728 542 1304 8668 2620 9310 3484 7170 4801 2264 1333 6203 6267 3591 9189 2358 5352 6069 6179 
9061 7859 5215 7621 1049 817 1119 3540 1835 641 7071 5662 7229 820 5470 6877 1753 6181 8965 9342 4226 8079 3544 2043 9809 9318 8160 730 6215 2916 2161 3983 3634 3494 1913 7014 2823 6264 6608 8943 4855 7261 4755 497 525 3119 1343 6457 6822 7774 1199 5762 4730 2331 9196 4928 6591 1322 9134 8862 835 3984 8783 1765 5693 8435 8052 5010 1938 4941 2367 6772 869 9086 5938 4147 3856 6026 3971 4091 5747 6378 4097 585 4262 4186 1087 2150 8125 4456 7487 9528 1852 367 1556 5129 1459 1266 4169 1284 
9044 5055 6832 3079 2714 3697 2598 8319 1343 6822 7774 576 9555 6025 9280 4726 3454 9421 7565 9805 7939 5406 8444 2934 1811 7444 2205 1645 188 1509 458 3395 2378 3956 3804 6476 9555 779 1304 442 8112 7317 2069 955 7989 6637 2564 3768 8770 8063 3786 2277 9514 4498 7140 2253 1207 7844 7439 5390 6486 9533 4365 5446 8868 1188 1087 764 5953 5956 1622 564 4157 7358 1587 7299 318 3635 4392 1805 6833 6270 4421 320 5681 3884 3957 3257 5863 2054 7844 2500 147 8537 7816 2066 1382 4959 5671 6185 
279 4147 1543 854 2257 7337 8030 4269 9858 261 5140 7053 3734 4440 8942 5418 6095 7852 3200 7752 1494 6919 3702 8616 6174 9597 9075 123 5952 1452 7805 8479 5662 8776 9361 3765 3823 1944 5848 8843 3863 3583 5491 5497 1698 1527 1788 284 4770 9695 8474 6439 1653 4774 5035 3561 8457 1363 1571 6641 6679 9672 7144 3189 3374 7351 3670 2248 8761 5410 4922 8473 6926 9691 8095 571 351 5560 3049 1263 841 507 6888 6589 3424 2091 3660 9023 4191 1768 3562 4557 704 1990 4367 1034 1455 3408 6970 188 
4335 4198 9552 6870 1648 8137 4252 1305 3726 9993 5843 967 3524 6243 2850 5994 795 8716 1271 9144 9846 3749 3167 284 8996 7430 636 3386 1952 2854 8631 2535 9602 8468 6302 4794 8745 6334 4151 9618 6982 1808 1733 1270 3768 5139 8743 5635 1411 7548 3455 6614 7612 1239 5297 7075 5818 5149 53 7925 4823 7333 3903 3631 1941 7058 8019 2546 5637 9476 2932 6993 7305 5230 6302 502 2918 8168 6510 5749 7099 4637 714 1304 492 2429 4908 2234 7545 6970 6700 7008 5789 1002 8290 8301 9610 5625 8166 8720 
6692 7196 384 7839 8873 1534 7160 4004 4209 203 7000 2370 3622 9597 21 8637 6991 1151 3202 1754 3673 2857 2539 8474 4847 9104 8714 2387 2234 9862 6958 618 8694 5947 7451 5128 4200 5484 2282 6206 9936 1703 2389 7849 6956 1515 9921 6422 2096 8706 4101 9172 8177 5770 6520 3804 7769 1427 768 3737 6161 766 3999 167 192 1816 8532 1114 4390 2801 4575 8291 4858 3431 5656 4494 5356 3210 8872 8025 9390 7562 993 7569 8415 2939 4925 2994 8963 9555 3656 1304 8668 2620 8158 4980 7413 2225 3338 3830 
784 6637 9860 3225 9553 3737 51 7664 7892 5279 46 773 590 2777 2355 1908 2743 3696 3123 6640 8591 5625 7705 2368 7291 2234 7545 8652 3659 9397 4867 6071 2092 580 1472 4905 1566 5675 6296 3852 8720 6692 2744 9754 3588 4254 3466 7814 4177 1158 762 8662 9712 2985 7699 2638 2593 9099 1101 6269 3552 826 6251 6413 8300 1598 6262 4794 1026 247 1525 6102 8839 3633 3131 1328 741 8207 7615 376 9811 7229 2684 3529 2552 7275 1478 1432 8498 3470 6037 7131 9918 3815 716 3513 490 99 8544 1411 
3350 6355 5639 5638 3408 8079 5971 7121 1789 7427 4101 8689 8301 4272 5770 4661 9296 6131 7269 9728 6018 5012 4195 9765 4674 4830 4899 4028 6511 2409 8033 9019 383 9372 9052 936 8193 734 8251 4896 8226 6990 2180 7003 2582 4829 5700 732 8240 8547 1034 1344 6104 9167 5604 2887 4656 4502 432 3676 6516 9592 8549 2210 9046 8678 7043 7903 8974 6589 4627 9015 2930 6663 1778 7418 3410 7582 4805 7662 6318 6886 3966 8287 3839 6092 9966 1744 903 8925 6590 6795 1376 2650 7334 7421 7537 1960 6943 4863 
2592 955 9368 8587 9147 4800 7313 6825 6988 2591 1293 131 963 3635 1318 4392 8727 1805 8121 7927 5695 9814 7308 6129 2455 1462 5528 9976 9147 1148 8847 5078 5869 7288 9511 7402 7873 9125 3129 6780 5514 4758 2470 6155 7339 7317 8296 3026 729 6428 7827 8665 2509 7157 6650 8027 2981 9562 3899 6542 6675 6407 4565 5549 4252 3516 6833 6836 3453 6040 5940 5709 3803 3223 1824 8678 1169 9001 4177 8555 8415 8557 2499 6909 7109 9936 7506 7315 3191 4493 2833 5902 5549 3388 1721 2798 4733 6276 2107 355 
1854 8763 5608 9518 4008 8566 8452 538 4492 9197 6111 2157 764 4686 7406 5086 1119 4462 641 1453 3473 254 9904 9677 1258 7712 4104 3221 3541 4587 1371 8851 3610 9924 1059 6264 2215 8381 601 4921 7164 4061 2313 9287 1490 5193 5169 4733 3896 2496 2804 8074 4878 6317 8571 8055 331 1755 7678 9619 3349 5649 8351 2758 9040 1152 9298 8426 2682 7304 1693 1680 1604 5495 9850 8933 5731 7618 4176 8997 7745 606 7901 1340 2305 7011 1103 42 6903 8244 8400 6166 9663 7741 9808 971 7348 9074 1712 4624 
6363 2282 359 4796 3676 6902 777 8589 3169 449 3467 3627 275 4603 4039 6885 3376 5475 4782 1736 7140 5398 2394 8771 5707 1957 6157 8005 1632 6235 7680 1056 5477 8213 3565 2278 7586 9537 5069 8284 3840 6837 5670 8970 5549 4650 3718 9739 6456 1568 3182 4273 4466 136 3812 1926 6070 7702 3617 9083 5230 8825 6699 1719 9428 1883 1355 635 4392 5917 5141 2894 1922 180 6671 4208 6995 9018 737 9706 2679 1312 9910 4842 621 9824 4033 4774 595 7188 6161 766 9344 1988 149 5210 5999 8432 2102 3460 
5739 8007 8935 9574 8869 4579 3286 2529 9165 3024 4716 2221 9072 720 5908 4913 8079 5412 5286 6830 4168 4906 8520 1374 6834 2242 4644 1517 9092 1185 5141 58 9005 2402 1392 5175 7586 3880 9194 5888 1366 3835 376 6461 9302 540 9471 3931 7769 3248 1850 3099 6100 5185 1828 731 4031 8179 1777 5897 1891 5612 8619 9641 1972 4767 5903 4780 2600 2051 481 3588 2309 8463 7790 2499 623 8396 2028 2588 647 9506 2079 3457 4802 4051 3847 8906 8227 2846 958 5869 898 684 5218 1511 9531 5296 6506 8817 
5265 6760 8981 9670 612 939 2557 3366 8858 8233 9420 8427 305 6817 8458 8765 3446 6221 1339 5929 5594 6415 955 8323 3569 1638 5838 6343 9464 6634 76 3925 9409 3442 2783 9511 8556 6168 5373 7231 4933 3509 7506 1200 2959 1814 5726 137 9295 2046 2327 1106 1791 4092 5241 8219 8017 8013 7153 4997 7524 5709 7419 1082 4978 943 8032 2485 2143 991 1937 3957 3069 8697 446 744 5485 916 7079 5487 8082 3501 9085 9431 7377 1146 6850 7422 8581 4205 2401 9524 2237 1238 9580 1977 8225 8776 1366 5321 
7901 7541 7158 5170 1456 4237 8671 5178 8103 1536 6325 1305 8958 4906 7711 8802 31 4829 780 9033 9406 5908 1079 5331 2341 2851 7021 8305 4387 3346 7825 9063 244 7341 6002 7229 3742 9074 2330 700 9005 4968 3653 9146 1169 9039 1071 9580 5731 6828 3073 9182 4482 2615 8256 3651 8743 1135 1418 1073 8187 6776 3545 3394 5825 4865 802 9478 1972 4870 1434 4450 919 109 763 5308 886 9848 4221 3393 7615 3488 8258 2270 4188 3704 1650 8639 9739 343 7461 2881 546 4719 5748 6634 817 4296 5972 4136 
4231 9554 3455 2853 7643 6557 3009 18 9516 2848 3945 627 9358 4903 2417 4278 1229 3976 7694 6830 2364 8460 3363 6328 9313 542 6839 6639 4219 4904 5174 2216 4566 7557 9769 3790 704 1089 2180 5995 7951 8959 3505 3879 9001 9825 3999 6942 6799 4711 65 4379 518 2819 502 1666 3809 7227 2895 2232 3415 5752 5984 7634 9679 5192 7531 9247 9723 3568 6038 4653 1367 6714 8650 4207 5633 7183 7466 808 7014 7793 5789 9098 7853 8345 9578 6970 4540 1375 2171 4059 3333 4867 6700 621 7008 6071 7395 9715 
698 2092 1949 9637 580 4036 1472 8301 4905 6421 3839 1566 5625 1466 5675 6844 8166 3852 7708 8720 9642 5103 7196 7450 1475 9777 8706 487 8306 9845 8565 7000 941 3845 3622 3590 4156 121 360 2968 8369 855 2691 4140 3707 4181 2669 9268 7706 8323 9036 6424 4714 2018 5239 8558 5234 5733 9056 3939 1216 1879 7572 9276 765 5036 6876 8083 1594 4008 1475 6382 3536 4715 8187 3927 6885 9903 2637 3391 7140 5637 3288 5991 5743 9114 4885 7258 6492 1229 9274 310 7763 6700 4714 6669 7889 5212 1635 1659 
5361 3031 3211 4452 8595 8901 7525 2672 5830 2592 6996 197 5973 7164 7226 7531 7010 6325 9444 6288 9067 8323 2648 3741 9868 8546 8141 8880 1907 4386 9635 3578 8210 2081 7938 1743 9515 2425 5132 2167 1722 6512 1691 7094 2700 4638 9128 6636 3564 5286 7152 1879 9572 5660 9976 7036 8634 9697 5519 8268 1369 2629 404 8509 8732 9259 2457 9549 2770 8275 1212 6965 5189 9933 463 1940 6123 4981 2420 4397 7797 9458 4609 2815 99 1540 8941 3878 6783 5150 2678 8850 4206 9058 4418 6891 3781 2311 7898 8296 
2407 1953 912 204 51 5662 6177 9514 3374 2657 3193 2993 9553 7135 245 6560 3653 4691 2760 7643 3884 9651 8171 3040 5989 9129 6785 5419 9415 5133 2407 4187 8804 9662 7906 1423 9034 2285 5072 7130 9870 6291 9404 3327 7955 6294 3646 2158 3511 9265 9796 2439 1191 4471 7471 4758 882 4678 3274 1231 8748 3539 6695 5935 8173 5050 8509 9105 8864 748 1805 848 535 6065 7403 5045 1429 8350 426 3469 5229 4910 9471 577 4000 987 2696 526 8749 1036 432 3444 7444 3440 5750 4242 3309 3490 8239 9590 
1997 3205 9385 6121 3692 3557 5200 9552 7901 4488 6961 173 6966 6239 7088 6508 3901 2827 6427 394 6486 4699 5209 3252 1367 6999 9799 9560 7190 2512 6544 2231 9438 445 2028 9727 8975 7488 3247 8025 3801 6097 1696 751 2421 9327 4450 5988 3970 6647 2138 1738 8154 4159 9838 1438 4127 1833 1310 6760 9653 9246 1816 5270 8857 4149 5524 4830 4710 7856 5174 9240 4794 4739 9570 8993 1724 6437 6330 6074 5615 6728 4585 9242 3973 3549 6965 3301 2266 6650 1494 8063 3581 7819 1964 7776 5174 5786 186 2236 
2296 1167 9598 3718 1335 85 5641 5278 6278 6086 1513 9674 9831 348 1957 4069 3563 6002 1978 4455 3883 6193 4580 6420 6841 9987 4232 2077 4454 9709 3814 3359 2205 7372 3289 6510 8076 9827 1489 6190 1170 634 1420 2790 4915 212 282 7065 6279 4860 3424 624 1618 1794 4392 5172 4018 3455 8315 1367 1306 0 3532 3400 9388 7022 5055 1298 811 4804 1107 4046 8991 5687 2558 5439 9802 6559 9551 7201 9139 7861 4429 1490 1091 4613 531 9742 6048 4318 9761 913 7914 3403 7662 5899 4474 8895 1803 7380 
1604 4460 6920 1394 775 5221 9652 8016 733 7442 2723 9284 3630 5507 3491 7205 8934 2044 9061 5052 5716 7230 6838 2807 3216 5131 6653 7026 5396 7893 8976 2906 4655 4191 6217 6910 2700 4522 7757 1725 303 6145 7665 5836 5079 1599 6429 8359 7994 6630 7214 8332 7853 8992 2902 7373 3752 40 2551 1723 8320 9203 7279 9149 4822 9706 8525 5780 8866 5116 8182 3007 128 3247 3266 1368 8519 3994 250 1846 4697 4653 1683 3419 7033 5379 8759 8606 7509 5096 1717 6898 9765 4825 9924 595 4094 3594 6389 7225 
2978 7798 2737 6860 3235 3319 6202 6519 635 3581 7153 6242 9477 3259 9523 2018 142 2322 3309 5380 259 9782 8398 6437 8759 8495 3832 7439 4012 775 1670 8414 7934 4621 1726 560 980 3610 9924 5658 6764 6597 5794 8381 9510 4921 4883 5971 193 4753 3742 2853 2477 3347 2370 4003 3465 7495 3736 8792 5228 975 495 4802 2322 8806 8869 4579 1906 3220 6716 9060 813 8648 5741 7655 8387 5971 5346 6396 773 8547 9417 2902 923 3399 2132 5567 8256 2837 9833 6569 5082 9741 6218 3524 8370 3762 6192 3187 
3018 371 647 2569 8200 7157 325 8354 5509 5783 3114 4570 9977 8404 664 6956 6978 5306 2279 6047 7634 494 7640 1164 8835 5375 444 6064 1696 1694 4942 4135 9538 7769 2772 7581 4739 4967 9088 8165 3004 6062 2012 2778 9313 1916 6381 6655 4067 3241 8367 6720 342 7640 4021 5372 1919 3109 5299 8177 1582 9000 2370 1600 897 3044 1203 8146 9728 9376 4577 5855 9566 6688 9455 1733 1558 9289 9797 9403 8970 5768 9624 2412 2911 6337 4645 5700 1589 4687 2255 9972 7889 8653 9365 5404 5065 7852 1635 5082 
4788 7394 25 9428 5142 6338 9856 6570 4055 3767 5064 2196 9323 3673 4953 9125 9507 9210 5780 8954 6825 1147 3592 191 7280 5753 3157 700 4097 982 8279 4311 2245 6533 5942 1323 7307 1575 1226 2868 5015 5877 6449 3738 9009 2699 6367 2209 8860 6875 4402 1366 7156 9033 1671 4287 4248 7172 6543 5240 2818 3699 3133 5047 8786 1374 4147 8910 7513 4122 1685 8267 1841 5193 7301 7519 6864 7940 8119 7132 5112 4662 5943 7894 8618 9486 905 5739 2227 6374 5854 7964 4859 9084 3676 8148 5785 1564 2810 7507 
8756 3501 6914 8050 9339 7819 6130 1431 6451 6123 9177 8551 9417 6516 2673 4954 9140 2702 3606 850 9391 3508 12 253 7367 5361 7220 5222 3411 2912 5893 4343 5845 602 466 5022 5506 791 8374 4666 1419 1047 559 2503 951 5322 2363 7316 1927 6082 5624 7198 699 6591 6592 558 8788 3546 1024 3811 9052 9821 7426 2374 7328 5357 3541 416 1867 7066 1002 4122 8966 5478 1769 8372 5642 3481 6018 9110 5618 7438 1037 6795 5724 1315 6407 7420 3736 9481 6406 7459 3343 9947 9751 342 8446 4310 3875 2421 
2727 9018 126 4306 6226 2814 695 1134 2334 1028 773 7537 116 3219 2020 3868 3289 8164 5916 6689 6036 3319 2043 8893 877 1771 2471 4672 1823 7 4038 9242 2869 2492 6791 2183 2213 8651 4874 2509 3010 4804 196 207 2292 2809 5384 5112 2728 554 5575 574 2427 909 4904 6870 8192 9310 8932 571 8581 3277 4322 4118 8535 7825 8390 736 4563 4278 3289 562 6390 5160 92 4520 1815 5649 7525 7117 5085 6486 9065 4035 2630 797 324 9355 4441 3880 7582 4977 9064 9400 3207 673 4143 7753 2261 5362 
7481 9598 6578 8381 9910 841 7777 1907 1388 4414 3509 9520 1407 5284 304 2199 6475 7842 1971 9562 8054 2625 384 9698 3329 7605 2900 9901 2946 9432 6081 4425 8456 6865 7198 5868 4963 9204 6643 2484 8388 556 858 6942 7361 8116 9919 9445 5313 3273 4850 3887 2964 3446 2525 3346 4920 1153 3212 5101 8802 8825 9703 3752 7541 3788 8438 8397 2356 8552 9988 6873 8927 5524 611 406 2798 3409 5630 5575 5220 1401 1640 1416 8361 5351 1493 921 5219 4761 2514 3924 4299 1724 6437 5395 9759 9022 6074 5615 
4038 2216 9748 6791 4629 6792 9326 3205 55 2797 3695 1571 6641 6679 8029 9672 3582 2701 2865 3497 7855 3670 1891 2641 210 1563 6280 392 2589 2280 1243 377 2519 5316 1393 6083 6475 4536 7305 3658 212 3080 2156 2577 8364 2569 293 1217 3557 8017 3084 6250 7937 4453 6616 8754 750 4570 5480 4081 794 8229 4179 8815 477 8668 7422 3608 8179 2712 6565 3639 2528 4657 3909 7630 4136 8392 606 4653 4819 2305 7011 8161 6794 1451 6060 4178 1593 8244 9663 9808 9339 8774 1712 9802 5511 3755 5966 7217 
9994 6983 4254 3083 2444 3637 3554 8876 4713 5557 4888 9313 150 5759 9760 4126 2325 4194 6242 6133 540 5664 9058 6835 363 6149 513 4194 5588 2000 780 8940 3001 9815 5076 9268 9815 5837 464 235 6823 3956 4307 660 5373 3287 4501 9614 5989 8445 3889 7835 9560 379 3381 1457 3861 1210 7254 9835 862 3136 5204 8266 1404 7453 6645 9615 4931 4760 4936 8504 4694 3093 5470 9123 8650 2542 3797 3588 9058 1704 7431 37 7441 1067 3468 4398 5434 2517 2687 1345 5033 6298 9560 5576 9083 4058 9617 3913 