9590 2358 3999 9363 4026 6284 3105 2929 3342 548 3184 7291 2784 8157 1450 2768 1266 7989 6534 232 961 8618 6637 2564 4593 5610 1912 3768 8961 5101 943 852 7051 7851 4172 8141 5305 6290 7831 1839 6472 9416 1240 5876 5770 3629 6063 5607 3643 5481 1535 5229 4746 8497 4099 7358 4112 1592 5193 1788 5015 6548 4186 1808 9166 501 6385 8445 5728 628 3727 8769 4205 5094 5878 7651 1713 3724 7514 1817 629 7482 3419 1736 2278 6224 5942 3725 7002 8172 1376 5350 9075 5266 1068 3115 2885 8363 3744 5397 
4641 5169 9857 1468 8326 4760 8923 6415 7039 6881 4903 3842 5467 9269 7085 6581 200 4945 6694 4084 6542 961 2235 1666 7313 4369 1041 1121 241 7674 1538 5335 2197 5905 2633 9342 8904 8651 6417 6669 5029 1568 706 3986 3330 1459 9133 729 8286 1522 6111 8027 2545 581 5511 8069 274 4718 2737 3429 2729 2914 4971 9166 1905 7416 948 5714 9858 4376 3238 9381 4900 4385 1630 2193 8790 7288 8095 5099 4012 2075 8262 8417 3129 9159 2062 5476 2093 990 520 4944 3919 7231 9320 5837 724 8913 5950 9837 
2315 4271 4789 9780 2500 5620 6871 7338 9997 4799 5603 9350 1643 7228 2827 9344 8455 5444 3599 7553 3613 5995 2885 4987 836 5709 2728 4226 4824 3061 5198 2968 1071 8908 4254 834 1401 2811 5569 7835 7585 9609 593 426 6218 8514 965 1753 9834 2496 2914 6403 3146 5412 2139 2859 9468 6854 3184 1225 3897 6779 2905 190 8448 5477 8915 5406 5809 5622 1941 2306 7157 6146 7809 2782 9584 2474 6607 153 586 3251 1044 9800 7165 6729 8081 124 2126 2859 6516 8795 6965 8536 439 2998 3854 9514 6782 1930 
1237 7071 8701 2318 7752 1984 7204 8616 9597 9578 8206 9853 5747 3872 5904 8399 8785 3976 3889 9404 3406 8533 9866 8686 4322 3307 2421 2524 3197 4046 1030 3074 5159 5167 4104 5533 6240 2782 9172 2361 1856 3691 2630 2143 6254 6333 4242 4695 2279 2765 7877 8366 8106 6921 8945 5770 5548 6887 7157 5837 8312 4533 2119 4519 1525 4839 979 9661 6847 6001 808 9745 5194 9676 7818 6360 473 435 6817 4789 2607 577 4608 2823 4452 6452 2163 5011 4860 8029 1697 554 7483 6305 3626 5677 7017 366 4275 1478 
5925 5240 4365 8489 9411 8286 9711 6603 4794 4505 6384 2537 1806 8060 8899 6043 3763 9919 942 4599 2522 6758 8169 8304 8726 626 2218 5555 5130 5170 5747 8044 8329 6448 6019 3605 2435 9456 3743 8706 4725 378 4690 5375 9377 4293 5509 4920 3917 6329 6618 7976 2369 7737 4613 4064 2324 6599 7766 8958 1399 4828 5379 4102 655 7379 648 3091 1962 6196 2689 1953 4902 1672 7678 9658 7363 2201 121 7425 9021 3735 5408 1759 351 9511 5753 7959 8010 4845 7646 6667 9713 7021 2759 4420 2163 123 4761 1489 
2128 8957 8100 5587 7247 431 6860 3491 8951 7208 8670 7105 2692 8931 9940 9724 2333 5674 586 6054 6508 2800 7379 7167 5887 6791 1498 4223 6522 2908 8131 5306 3503 9403 6250 7754 6468 8977 6721 6603 2869 9282 3878 7648 4743 5352 2375 4752 6422 6461 3583 2214 7545 8519 130 3994 1698 1846 2461 9790 7800 2047 6589 6822 7774 1199 8876 2728 542 779 7353 9501 2620 8158 4475 6504 4035 7164 6278 8039 2868 2323 5124 8180 4269 8056 334 5340 4560 8285 4860 2041 8585 4170 7172 4676 6006 7426 1611 378 
3714 9689 9774 3596 732 2789 8131 8728 7872 8160 2544 7642 2399 1590 1068 2199 7182 4272 1840 9032 9583 7166 4800 7144 4222 3670 2248 6998 2641 210 6817 3358 9059 3295 6965 5209 4249 2164 4926 3676 9856 6436 8426 8496 9592 8549 8772 9627 7817 9046 5969 8968 9295 7830 1384 6620 4912 4917 3515 3667 9375 2110 3391 6734 8800 5053 6511 7763 3890 6412 3207 2766 7197 5396 3414 8595 7441 5425 9625 6346 9112 5305 2683 7502 3897 8318 8200 5477 6932 4494 24 7090 3710 5657 2030 8830 8018 2415 8566 5327 
1367 8453 6089 2002 8815 8567 1274 3354 7270 1929 2070 573 1989 4942 4167 7101 8613 238 8158 3039 5402 765 6639 4230 1489 7560 2070 905 4424 3152 5641 8379 198 1307 2415 6493 1367 8453 6089 4150 7802 6184 4031 8381 6170 4091 2858 4936 2651 4172 585 9939 6769 6471 6903 8360 6935 6948 4056 3952 663 7308 2404 7567 8854 3860 325 8218 6359 4190 9964 8862 9125 3948 7704 6903 6422 6461 4288 3266 1368 130 3994 5019 1846 4395 4697 5110 5728 7743 8090 3581 6242 4556 8040 3576 4856 8877 657 7846 
5215 5556 4158 1642 5070 2162 3250 2248 6777 344 9542 3056 3232 797 9640 7164 6278 8341 8039 2868 9281 4651 1509 4666 8279 2245 1323 4381 7267 207 6734 1386 7480 9556 5852 3667 768 6393 8081 784 5692 1944 622 3583 5491 5791 5663 3994 1923 2468 7664 286 5663 5110 2649 4359 1788 7743 7098 1832 9729 885 260 3545 708 3753 304 5100 5086 5006 5964 6995 1318 8435 4857 1763 9503 6786 8121 7927 3021 4037 6668 2078 8237 5322 2908 7238 9083 2139 7304 7850 9118 3922 2260 666 8382 1850 8543 8846 
2029 6707 6779 7464 3524 5780 5346 6451 929 6028 923 4586 4951 1954 6006 433 2450 537 6189 3487 8092 2897 9737 8866 8616 6217 2735 6939 123 481 596 4388 9323 2075 3925 7976 3673 5956 7494 4810 9106 2279 6849 1616 7781 2590 1912 852 9273 8006 5305 2404 6862 2815 3353 7118 497 5975 2479 8115 1471 4409 1323 4026 8981 138 8507 2570 1940 1569 7594 2008 8049 6260 3681 6109 1478 4917 5422 5633 4310 8797 3763 2241 9157 7967 2673 3674 698 6301 3637 9095 6966 5424 8625 1183 6660 9445 9623 92 
8662 7492 9179 9325 706 8829 6588 6915 462 5068 1607 5719 5276 4489 8346 5360 3866 9111 2385 6225 2025 7832 4096 7254 7829 870 4168 1070 4435 2367 2509 4720 7545 1482 195 3226 7993 8868 5333 3464 1357 7291 921 6507 8236 7640 2976 5352 4830 3110 2201 5265 4474 8895 5866 6411 1803 1805 6786 6833 1690 9692 6270 3704 8817 2336 1289 5340 759 3317 7178 3883 7057 9149 5498 3958 9708 2322 4921 2626 3921 7923 9853 6805 5091 7983 9923 6336 8542 5692 9882 2250 1419 7406 4746 8381 5248 316 7652 9948 
2830 4252 1306 2081 1394 9896 27 8075 1495 5820 6460 6808 2282 4796 6902 777 1906 5135 6706 9512 6885 3376 4782 4065 5398 5707 6157 1632 7680 5477 3565 2278 7586 8284 241 2994 1659 4650 8499 1116 5119 9375 3781 9102 5428 4069 9808 8458 4752 8277 733 7339 360 9148 6165 6792 3882 124 4313 5529 5160 9434 8413 1100 6267 6215 9111 7123 2916 463 7079 2240 7948 1674 5922 3983 1064 2011 3151 234 9885 7257 4616 4863 4377 8884 4788 1229 1078 6240 3676 9856 1883 8426 9628 4209 4058 5969 6513 8678 
4051 7069 3149 2502 9802 4527 1860 7911 3357 377 7380 2364 3981 8773 8340 9443 3304 5846 8621 8839 9216 6907 7776 8790 5120 2853 3996 5993 1490 3029 2975 379 1475 3336 7832 8722 1309 8643 1719 5740 1413 8394 809 7867 7804 8727 2505 2572 4647 4756 6620 9121 9101 8675 2373 5853 3089 5366 5720 2627 9093 7796 6382 888 9981 4525 1077 3019 2762 5818 3073 1409 612 6070 5740 7568 4839 7365 4595 6821 9790 3717 8163 4814 4452 8110 4139 608 3672 4664 8367 3887 2063 1009 4891 9421 5231 2259 9248 2888 
2031 8616 1359 698 672 3891 8582 2398 1619 1980 4480 4935 3123 4166 5120 7441 5723 9155 5070 3931 1879 7447 7823 9728 9615 1478 788 4942 3754 2145 5228 7878 1676 1791 6213 3741 5478 6943 7877 8650 2425 8115 223 8240 5993 5170 4026 9205 8444 5380 826 6251 7792 1726 655 2023 4057 7024 5846 108 8551 315 6221 4596 6339 9481 5827 9746 6670 3781 3001 9349 7212 5761 7485 6762 2135 3351 9748 9537 4277 7278 2742 6225 198 6927 3186 7023 402 2600 3871 3893 7517 1189 7415 2609 9632 4112 9841 1592 
1474 8548 5193 7456 9274 1672 2268 9971 2901 3147 2780 501 6385 8579 5094 5878 3047 3724 5533 1817 7034 2276 2305 5223 7002 6794 9531 1451 6060 42 3200 8275 8551 9556 7509 9051 7087 6787 7204 7458 3794 5956 6393 9041 1153 1489 1728 268 1601 2959 9763 4834 6689 7032 5795 5390 6641 1016 4681 7429 989 5442 4256 2560 7456 3579 6312 2373 2247 9232 2439 5136 8290 5822 2552 2906 4896 2807 1572 4332 2697 792 3354 4353 6489 7731 4221 1698 4223 50 170 696 484 536 2610 4222 4688 7288 1099 6174 
8944 6698 6682 2207 7071 9941 5848 4397 1108 5015 1778 9501 5967 3250 4900 7197 1523 4362 4208 6623 1310 9082 7249 2961 1308 6568 9174 9438 7157 1459 1814 4095 9300 8505 577 8514 6866 3593 6272 9484 274 2590 1727 733 9554 5750 6550 8403 6943 6526 6636 940 6838 5679 8200 3350 236 4350 8442 2759 1952 7206 5033 8210 617 4967 2470 912 7253 734 9650 856 7010 2611 8738 3913 9300 6830 3840 247 259 6402 8756 2683 1670 8279 5593 7875 9662 3579 2708 3658 3488 9344 9790 7461 5824 3419 7574 4534 
932 7795 3421 9827 1293 2804 8946 3365 8933 5731 9520 7618 741 6168 4902 1010 8272 1228 1156 5642 173 994 5892 8637 903 6525 6910 5453 9599 9796 1906 4600 3385 9284 9209 3539 92 4496 7565 913 2090 7120 7247 1647 1430 8838 125 2476 8850 6826 1879 9138 929 6585 8904 3881 1069 1046 9162 9625 750 3352 3584 6337 535 9492 2090 8541 8941 6708 8974 9606 7108 8802 2507 2236 1672 3165 1274 8421 1507 2110 9002 8928 6400 7151 1443 1978 2521 8282 519 5845 949 2132 1542 5928 1480 3554 9481 4552 
9964 5258 240 7550 5917 1024 9826 6799 1938 9986 1740 2561 3628 5729 4035 4125 6464 5457 9577 2900 6723 8573 5551 827 1172 5343 6088 4064 5421 641 588 6084 5798 9729 8715 1100 4565 1833 2099 8871 8013 4097 8890 1692 1617 8739 4675 8858 7822 2285 70 9585 4254 3528 2888 8130 3777 5394 9505 8527 1272 4866 5292 830 7891 2770 9782 4024 8359 5447 1637 8384 7138 8782 7103 3089 8212 9024 5491 5095 5149 6880 4610 3484 6048 6411 6736 3056 6287 5186 9870 8532 9694 6116 2123 7156 6704 7217 4137 4191 
6616 7719 1263 6948 681 182 6863 1075 6858 440 1459 8631 5829 8862 7688 4361 2683 4405 8318 8429 7239 7212 505 1089 9055 4620 3983 5720 9417 6828 6090 3319 9997 1460 4435 9398 635 8101 3484 7359 7153 2389 9477 3752 2322 4921 2626 3908 3309 7356 647 881 2730 8398 7170 4361 4526 7585 9593 8363 245 2416 5126 4013 7827 4905 4606 8743 2922 4079 5425 7685 5665 5584 5643 7066 5519 705 4956 1165 7644 9730 5373 3685 9059 6117 2928 2803 8648 8453 2797 3096 2807 8924 1126 2560 2373 7483 5451 1640 
8222 4992 1030 9881 994 6306 3161 5749 5721 6158 7319 5891 1963 5165 2892 7 9542 3502 7976 6199 8151 252 2412 9830 7408 6349 1514 2570 4268 6440 9480 909 2202 6030 3435 4847 3036 9068 8444 3897 428 2193 6018 9858 5582 4710 9245 5716 4491 6141 1168 6425 5536 6675 6568 5552 2012 4095 3947 9313 2425 8085 6655 3181 4067 7971 5065 8367 7640 2632 1919 9813 2703 9670 2101 6447 4127 6800 1157 2705 2250 7099 1042 1486 9470 3326 4559 2166 9668 1827 9021 539 7188 5906 6930 4858 1877 8912 556 6726 
3904 5603 5367 2001 8526 572 9330 4198 2106 2362 5142 6805 7407 242 2370 1305 4809 2803 9319 7211 1234 754 826 3911 8457 320 1879 1234 3224 3082 4252 5683 8054 1551 6513 6382 6175 3251 6475 2632 7886 6480 6208 8293 3700 7807 9518 1058 3885 1929 7289 2932 3285 3651 6543 7358 6822 9606 4386 4329 7426 5036 2430 5821 9531 7134 3457 5929 5669 260 6610 7686 3433 54 2896 4866 4629 9036 1775 8661 3948 808 8914 3480 2184 3792 3330 254 926 3711 6372 5992 1526 6633 4678 671 6814 725 9711 5355 
2978 3482 1073 1640 3782 8233 554 9090 7406 6306 9344 8333 4531 4190 903 1752 7536 3098 7521 7561 5285 7232 8684 6222 9757 4214 7990 966 211 5278 7273 3611 2707 3420 2573 4127 1156 9584 3434 9050 26 5340 9563 7974 8134 8835 8745 2261 4407 6587 6777 1780 9438 5466 3451 4697 1982 7180 8591 6967 3603 6329 2182 5260 2578 7899 3132 4997 1042 7088 2618 3254 7208 5302 8566 4003 5395 4403 8930 1706 7277 4842 7123 8224 3276 5089 5098 2974 5407 872 1094 8377 3476 2240 2212 4329 910 8459 3773 7209 
6449 5757 8982 2744 2247 1445 9509 4815 9388 6985 4126 931 4548 5391 3957 5585 2886 4091 914 2425 1622 1397 4499 1251 2151 7178 2763 5119 9453 5874 8861 8463 6655 9876 3406 5757 2997 1782 125 5338 9742 584 3275 5936 6972 7962 9292 3149 8845 2872 9744 8103 6220 3193 1616 2914 8275 4516 8921 8537 5130 3074 4786 8067 6561 105 4049 3776 2767 5487 4835 8872 4480 5734 6965 3218 2663 7465 2953 1437 7443 1714 6032 8727 792 8525 5243 7701 9832 9703 5129 249 4444 7816 4456 2701 7984 8166 9192 1094 
5446 1688 2324 5837 2193 1513 3541 7667 5577 5361 9225 4803 7827 8485 51 9758 46 773 9652 8132 4021 6275 7166 9511 1480 4561 269 8748 329 5654 6865 6573 4232 2692 2445 1246 9443 8612 2059 2650 3933 6858 1659 7185 2980 4189 8680 7703 1448 7229 8691 4388 6179 2176 3234 2679 5305 3103 9356 7000 5267 4800 8849 7973 7967 3118 8126 9795 6495 2187 1756 3442 2705 4352 2459 5944 8856 8754 7699 4792 3111 5062 9890 1647 4609 8337 7148 1195 6005 9502 5230 8479 5224 3422 9809 1928 8076 7975 6181 1298 
3839 6349 8792 160 270 1790 2996 3329 9594 1719 5608 2655 2584 4658 917 2698 9185 599 3653 8173 6059 6974 3970 4149 8263 7402 4189 1509 8865 3562 7124 4038 7881 3266 132 162 8163 9672 7225 8748 4471 6629 3856 6012 7018 530 4654 495 7328 7710 3418 389 4846 1067 9503 8121 1690 5481 627 9310 4448 8069 643 1607 7120 7503 6252 4746 2268 1854 2996 508 3749 7334 9733 5997 2629 7630 100 1518 8358 6438 923 271 8378 555 3915 9674 7852 4344 2072 8800 7158 2063 6432 8411 9512 3688 5912 1869 
4843 6663 8080 2980 8047 9990 3567 5671 1986 9564 4226 6335 9272 6859 1418 2316 9142 7227 8948 4571 3485 3921 2644 5321 9759 3100 6116 6402 9323 4237 8336 9658 8868 3024 5966 5712 4684 6236 564 6450 2328 3319 467 9532 3245 3754 6330 9982 9192 6436 667 9541 9528 8066 8005 3357 8363 3674 5574 8160 6071 7131 868 9172 5652 280 1204 465 5092 6082 1967 9795 8172 378 4002 4269 7417 4621 2139 2517 4953 6230 2730 1893 6702 6927 4262 2691 4592 1965 6414 3647 7770 2486 564 9645 3060 7044 7446 4946 
662 1653 9639 5303 7260 596 1566 1951 7110 4438 3865 8558 4172 6163 6413 7864 8057 863 3426 8488 600 5053 5268 5355 5678 2987 9405 7490 7239 8963 3087 1905 4723 7485 9171 6573 6907 7112 835 1985 7808 5958 98 9767 2322 1107 5562 2028 6172 974 9099 5876 8015 2140 2985 2435 7842 6741 8687 1074 1903 6639 2241 2668 845 2255 6821 6056 8787 4919 762 586 7788 3736 1280 300 8344 5892 990 9400 6179 7697 1604 6510 3427 9872 4436 3752 8402 6288 9465 4763 7744 2104 490 5658 9355 6593 2372 7358 
8012 318 101 5322 7316 5624 699 558 3546 9052 4487 222 6904 4492 458 9465 5557 4787 5010 3762 4642 2057 6567 2479 5880 1867 3669 4931 3427 6023 8331 1284 9848 7199 7585 4576 525 8319 1343 6822 2336 3956 576 4128 2728 3656 779 7353 8668 8112 9756 6534 3952 1909 433 4633 1480 9213 3205 8435 8835 5968 2566 4690 6008 6313 5010 8775 2850 6246 4941 5139 5197 792 5919 3974 6434 3682 5179 9390 7172 713 7171 1413 8700 8880 2958 3332 838 2962 1544 2604 3989 1896 7618 7418 4825 4648 1333 7948 
5733 8884 6011 3622 4642 7446 4876 4761 9692 5245 5763 5441 4799 8213 5870 8246 8543 8518 777 2483 3035 8280 2964 7529 726 1604 7638 3424 2887 5922 554 2165 5816 8824 5858 4441 7527 5646 7682 43 2225 167 3654 9686 7235 7154 8098 1449 2856 4327 2972 2751 2943 1394 6833 1717 7037 9390 4034 5735 6989 9961 5226 5603 3800 5468 8594 8121 1690 9692 3704 2431 5340 320 8069 1207 8346 9111 1931 2657 4133 5405 6921 5475 4902 9335 1445 5180 1914 6120 2874 1264 6100 3720 6785 6144 874 4991 9623 7216 
2110 5238 1379 7619 5900 4124 3769 234 5886 1447 6833 3022 9243 6560 4602 8008 7291 3355 1090 5323 8361 7701 1378 8322 6534 7754 7756 3499 36 8947 2043 464 4511 6406 5445 9258 3366 7979 1712 8360 9876 1462 7897 1265 7210 3856 4622 7823 2175 5237 7306 475 1883 1017 5986 8048 9705 7357 1120 519 8739 2972 4856 7163 8268 7082 648 2977 3890 6806 3303 3815 4104 7619 9437 4509 6822 6562 7542 3459 9519 4645 4743 4018 7391 1322 5203 5368 4813 3919 4125 4755 3040 8060 9066 9781 9655 4748 8799 3758 
9713 6764 2978 23 4593 8631 7590 2165 5842 9492 4990 708 3498 2735 6396 3601 5206 5159 7156 9015 5518 6145 3603 1109 51 7208 1447 424 2164 5470 1381 4163 7482 3885 3628 2478 4682 5710 6783 1092 1292 1817 1432 4527 868 2889 5367 7884 4324 568 891 7497 2247 9411 7748 2538 5149 8075 5262 5200 8474 1327 4520 8083 7979 1971 1546 4551 7880 9372 8556 2252 1326 8817 3440 1137 7680 6581 225 7792 6609 9164 7837 2322 5212 4125 5562 818 2028 643 5575 7799 2725 2339 7571 5163 937 3054 4919 9686 
6652 2868 3302 5028 7568 8840 5448 3862 8633 8933 7205 8294 822 7740 2286 9891 8525 9890 4536 8546 2492 1460 4653 6495 3226 9090 1185 6941 6110 3476 9923 6036 5700 2631 9142 3023 8857 8265 1164 1797 8497 4890 3421 5818 4629 4527 3205 1640 1845 4494 6664 5045 7842 2458 2015 61 5980 9237 9418 5039 690 2810 9173 3660 7866 4067 5101 3296 7284 131 6371 6995 4978 1082 5371 2686 3800 442 4980 9756 7413 6534 190 3896 4593 9358 8961 943 8141 7831 5199 6997 325 7636 7856 3805 6154 3152 4098 8661 
4946 7880 6096 9312 2475 621 3320 411 7600 1219 3468 9579 158 5426 1128 631 6406 3380 8278 6442 5305 1947 9750 9560 8066 7450 488 113 6035 2512 2401 1302 9474 241 5054 416 6230 5262 4217 472 9881 8777 79 5460 8929 1351 3811 8833 9170 7080 4169 2258 8098 4913 5824 560 4417 5313 7858 5404 3086 8706 3948 5601 877 3116 3546 1404 6936 9555 2601 3791 8433 6678 2946 4607 4492 1679 7561 785 7423 3813 9236 285 3595 3452 8897 7001 8131 2555 7875 1580 2131 1559 7703 3639 4205 9948 4196 1113 
601 7954 441 3003 333 4352 4027 3731 1487 4156 1463 2510 4138 3825 4408 4755 9483 5396 3982 4314 4926 5811 5405 2480 2309 3188 4371 8671 8814 3790 3184 4510 2737 4708 8316 819 9969 575 8172 9194 7169 5861 5225 9479 2723 5539 8698 1455 5669 6885 1652 4256 3744 973 9234 4301 6875 1186 4310 5293 6122 163 7393 1099 7096 7751 7334 5449 7190 2477 257 8475 3620 587 6115 6955 9806 6201 5601 1097 9262 6301 2299 52 7201 2185 3665 8343 9549 457 8177 1569 6863 7887 9374 2045 1360 8376 6874 8806 