5391 7965 5873 1880 8962 8892 6030 5748 9697 3451 9675 3660 5640 4000 5799 6616 719 8615 9580 3665 6116 1438 7402 7172 9199 8181 46 1528 4261 4331 7455 1009 8702 7362 6147 7340 7450 9171 5417 1664 1021 7397 245 2451 9633 6290 2441 8594 9532 1215 7 6225 1251 462 3153 4379 6926 5224 8138 3675 5431 6015 3583 7909 6265 2294 3357 5035 7734 8672 7798 5696 4481 3910 8594 3211 524 7355 7103 6082 7859 7548 1619 7276 3999 6022 2601 6856 3681 6892 2613 6069 4800 2578 9011 7718 3521 797 4796 9614 
2822 3172 1899 6871 5382 2605 6102 1451 3757 1621 7844 705 2896 7578 6923 4075 879 1956 5515 9315 7301 6801 1051 5209 4147 6015 4515 5330 302 904 6079 2880 3258 6976 4309 8236 4966 3222 5589 919 6542 8089 298 7386 8329 3634 3696 5372 3359 7927 7074 6008 6294 8967 662 4496 4198 2742 5399 1734 6153 5369 4167 60 3142 4161 5794 6058 2234 5837 3730 3275 579 3171 8356 2959 6332 132 6403 6393 8770 9205 6239 7297 8158 4791 8605 2544 4504 5996 5290 3651 2050 969 254 6272 7180 1537 5062 3555 
9052 7683 3440 1766 4409 7272 5386 8768 8839 6221 9762 9669 9170 1665 5345 5432 57 8530 3911 2281 3946 2533 9354 7030 8201 7848 5919 7685 9215 179 3493 3763 6488 1448 2941 81 5547 6793 9626 2499 774 3045 9728 2441 7433 5295 3964 5141 6415 4079 9719 840 8197 5922 4226 6055 5945 658 613 6427 9356 6443 4760 5660 4490 7173 9591 8542 2018 3843 1143 7297 2340 1134 9969 9227 886 337 377 2390 9606 5260 7188 3257 5032 5587 9840 4388 9690 190 1058 4770 2441 9695 5433 8644 5365 3926 4877 6734 
1626 530 5550 4734 3528 3202 5610 6278 9322 4870 7433 4139 2536 3774 766 4037 9377 6986 586 2078 1563 8237 9358 6796 4332 7070 6224 3702 2193 745 550 4461 3829 3960 6750 3680 8796 7444 119 2821 4934 6567 6879 695 4699 3662 6634 4036 1063 2693 538 4467 7785 5153 6011 2141 4926 2765 7649 3105 6065 9402 3342 3720 3184 4502 6919 754 4407 5557 6121 2680 4702 6389 2443 2269 1211 8033 8313 1454 9880 4255 7889 481 83 1531 5702 6331 3848 341 7774 8048 567 5049 5246 2868 421 2845 2965 7179 
9156 9212 8841 5029 2066 7373 9218 357 7045 5791 7638 7891 2601 5232 3851 7747 8741 1334 1917 9964 7222 6325 1568 3548 3171 4098 8002 5045 8869 3524 8262 8320 5721 8650 3988 8884 4062 5859 586 2980 3997 1858 6998 7574 7770 9135 1853 63 2385 490 3524 9316 9016 3765 6243 4711 2850 8813 8372 7596 289 9585 869 8038 2743 9761 6937 5371 2572 50 7522 1198 6401 1711 3987 8015 9807 5549 9565 2450 136 9003 1639 6300 537 2414 4338 5223 2437 8502 6805 934 8292 3634 874 2081 5759 7153 7715 3470 
3943 3557 8493 4252 4731 7963 847 3662 2660 6489 1633 6590 6556 5197 9094 4244 3567 5324 6234 9897 8740 7787 330 2608 1948 3688 2529 4044 1304 8201 421 5519 450 7359 8564 6191 3298 4799 8063 5323 3822 8602 7315 8475 9604 1411 9171 1124 3409 156 8833 2357 8092 8016 6913 1416 1021 8847 6726 7680 7494 2128 2702 8982 9164 311 6609 1456 3153 4535 3054 734 239 7509 289 9343 9618 1651 6121 2123 6538 7284 5591 5519 5561 5655 6173 9816 3953 440 2537 6268 6204 6989 1582 1548 9802 1084 5190 4773 
2740 9995 3180 5801 5706 4479 3459 7459 8714 573 9880 7042 9577 623 7420 2577 7795 5367 2573 1898 7185 1852 8585 1439 5421 5798 9924 1100 8566 6522 9915 3679 5578 294 1234 3155 9498 5114 2697 7739 486 1690 3150 2615 8089 3092 5156 9529 2308 137 1156 8740 8188 1066 1555 1467 273 1248 611 6586 1126 2193 3058 255 4552 1004 9396 7204 974 252 6766 1150 2134 8008 3322 2106 7578 2170 154 9628 8245 6035 8645 9679 2825 6098 6902 2962 2534 6605 3792 9503 2206 8337 6074 6691 1000 4600 612 2924 
9205 5770 3302 8845 7870 9502 7069 5509 4403 7457 1739 1751 4685 5008 392 1004 8859 8236 4144 2545 227 9257 6520 4006 4758 9976 3947 5772 5858 7703 2235 7971 2655 5460 7192 2311 6201 6452 7955 2313 4790 8571 7325 1830 9281 7503 3025 8333 6053 2641 9866 3523 3135 6141 4712 9115 4757 1881 8909 2667 9418 1197 4465 9598 4892 89 4517 3482 8789 7869 1696 4366 1456 9214 5942 2629 7999 1632 4563 4840 1226 9397 794 3719 7538 7622 9902 4600 9440 666 3168 6601 6498 7046 4165 61 8650 3268 3250 3288 
7059 9709 228 6347 3161 8224 9053 1492 7066 1954 2040 3581 3559 1080 588 7567 8218 4498 5827 2280 9805 8512 2300 8148 1564 2810 8295 3501 8050 7819 1431 4709 7849 3369 3081 9403 4404 2380 719 4982 9790 5042 4126 2325 4194 6242 6133 6430 6734 1076 8285 6339 3980 7243 862 6393 9790 731 4616 6390 759 7147 8850 8725 7993 4469 1041 2767 2914 5503 7393 307 3112 6149 5587 7395 1558 6354 8706 7470 7398 1108 4244 9143 4068 662 8678 204 2991 6616 3754 6828 4488 8912 6300 3349 7149 2749 1163 3833 
6032 5266 3312 5922 3842 73 6726 4860 5671 9132 8257 4617 1878 3136 7313 3516 2938 6466 1920 2907 6943 7757 6862 493 2815 3353 8141 2029 2277 2404 1837 6997 7567 9020 8854 3860 325 2331 6359 4190 9964 7856 6486 1328 9712 8733 6102 2985 7699 2421 5945 564 8978 8954 3369 8657 6678 3197 8613 2679 8277 238 8158 5402 2458 1489 9198 7560 7118 7682 7677 4422 6961 1199 1212 467 6897 3429 5473 5243 6312 3716 2843 2126 5760 6260 5250 7704 1926 5425 5422 5633 4310 4768 5003 6607 3913 1333 8628 8471 
323 4630 6385 4215 5100 4518 4779 5893 6430 6535 4108 4431 1847 6504 7269 877 1754 1128 7894 7588 179 1887 6182 760 2350 3714 8483 2036 5671 6089 3494 1622 7358 2946 4496 7008 4953 9507 9210 4395 7507 3253 500 4197 725 2765 6032 4248 5998 7461 5095 2190 1534 9278 9146 7340 4257 3508 2906 7847 9615 5478 7829 3552 4926 3832 8619 7503 1617 7259 5609 2356 6684 2163 7236 788 6654 1781 2539 5541 4577 2066 6055 7975 8417 7614 2136 4796 3105 3360 5253 3720 4299 1272 2141 4863 2766 2592 5417 6561 
9001 4800 4684 7434 9147 7938 7411 3935 4141 2801 3596 732 2789 4400 9413 3874 2544 599 7642 4025 3717 3641 754 2248 3800 3425 2715 7217 6903 7719 7933 4056 6858 4684 1459 990 5029 5518 620 2514 2976 933 2642 7179 7895 1580 9616 2838 9383 2339 4714 3654 4432 3317 2858 7439 9640 5390 6536 9533 8336 695 4365 5446 3024 5095 1087 2352 764 6040 5712 1597 6236 7869 4926 1263 1213 7308 6247 7720 2309 9843 3775 4977 1763 5721 5227 6693 2940 5337 1173 6568 2036 9721 6861 5671 6089 9932 7477 7014 
2469 6023 5744 4910 3266 4077 9281 2648 7100 9266 7505 2341 4422 1413 8700 1589 8880 8659 3319 3277 374 4859 8352 160 8996 4648 5756 7805 5531 8743 4351 5291 3981 2857 6338 6574 6986 9926 203 4107 7285 1795 6845 373 3954 6696 3219 5599 4885 4820 7061 8307 6684 2357 1485 4733 7266 9796 394 4167 6613 9298 8256 3723 6247 5287 420 4499 674 9639 410 9094 648 4797 1967 7610 7015 4913 9284 7995 7505 455 9851 4918 7270 4661 8211 7093 4432 797 5689 2158 1906 3328 9398 5098 2317 4779 8456 6127 
3479 4771 1662 1847 4399 6062 5053 6511 463 3890 6412 2766 2580 5498 5829 9351 2216 8038 1041 241 2110 7970 7943 5642 4627 7992 8986 5879 6650 9423 1494 8552 2797 3285 4542 4310 3871 8151 2782 5895 6823 5983 5268 9613 8854 5268 6809 7308 9791 5534 6212 70 7399 400 9420 6535 7333 8354 1940 2836 4269 8419 339 4377 7707 8195 6354 9906 7288 3166 4687 3766 8072 3196 5214 9293 9915 3649 7623 9217 6447 3545 2028 4533 1223 9742 2025 6124 9714 1899 2369 4074 5250 9807 871 1218 6652 8296 5945 8814 
7391 3550 2632 8079 9209 4510 7505 1329 3481 9530 7119 6635 207 6798 4701 8843 5059 4950 4596 4490 8779 6154 5793 907 6102 7699 1191 8248 2140 4906 1060 8954 981 4257 6678 3197 7355 3736 3986 2679 238 8158 3039 6508 765 6639 2458 8932 1489 4958 3495 7560 2070 905 267 7660 7897 1617 1478 5609 8822 2356 9931 7236 7986 8684 3999 9363 2066 7975 4439 1909 9726 8669 7583 9036 8331 8061 2707 9161 7873 7978 3983 7593 2614 8998 1954 9143 825 7265 1691 1578 9468 6350 4792 5879 5211 6405 9467 7773 
3925 1009 7505 2811 3639 3793 349 5495 4986 8025 7392 9802 3173 7881 8537 6645 7605 4714 9233 175 3162 6294 1520 1346 2468 1048 2400 7016 13 4665 2707 433 1513 1397 8551 5645 7838 1717 3532 6946 3044 15 9368 8260 1915 415 8067 7594 4223 846 1334 8782 3893 31 899 9988 7754 6194 1194 238 8200 6316 3541 4587 980 4436 6560 9813 9641 8851 2070 3610 7255 4338 1700 9497 510 5658 6264 5006 5794 4659 8381 9510 4827 7164 5281 6024 193 793 3742 1905 6393 6206 7173 4003 3465 5186 9090 4770 
3471 3843 6971 7213 5407 780 7174 1270 747 5595 7622 1087 4955 4778 3258 1141 6651 3701 6859 6056 1929 1714 9635 3228 5858 9122 1860 5072 4901 8140 1878 9952 8265 1219 3832 7439 581 775 2970 1670 7099 1459 2729 4621 3981 7780 8522 8990 3224 5856 381 1014 8839 9777 6860 4851 7951 1176 9051 1376 2221 595 6345 4647 5425 2332 2385 9192 4671 3594 4107 5751 9980 3142 4121 383 4216 3805 5259 449 8827 8897 8399 8790 6130 258 9760 6334 8679 7576 2066 357 4756 479 5086 1987 5835 897 8747 6772 
6618 6584 2454 3834 3147 9843 9381 7168 3345 8231 9591 7342 8667 6840 2580 6042 7140 998 2040 6155 4279 7415 5549 9003 6175 728 5812 6841 8737 4033 9291 9827 3043 1962 9750 6639 7050 2112 6602 9140 7369 1527 3446 5223 9142 5481 7224 8857 9310 8685 1698 8891 4003 9184 1279 1164 6689 1080 4554 4637 6651 5852 5637 6859 3288 660 5991 6056 2876 983 5459 34 8809 4294 9635 7685 3228 884 5858 1873 9122 6008 8524 6572 1860 8561 2558 4901 895 8140 7777 1878 6058 8265 1219 2370 2948 334 3832 2545 
7439 8553 581 4012 6765 5511 8925 8189 8069 274 2970 1670 8414 7099 9901 4718 9509 2737 728 3429 1459 2729 3409 2914 9166 9530 6424 5627 7232 673 597 1101 8231 557 4885 5463 802 1071 9770 443 5408 5817 1646 3408 8918 513 5348 279 7585 278 5544 7974 8118 5129 5627 7231 3862 3016 9903 9647 1147 1414 3293 7113 2007 2580 7546 5617 3293 1031 6706 4092 5920 9282 1180 5473 4071 1569 5243 7212 2392 1537 7795 9055 3716 8049 2126 5760 6260 3681 6109 9261 4917 5422 4310 1041 4378 8797 3763 6544 
9157 5581 7826 1454 4050 601 7077 4348 4411 6704 9627 1664 2323 9755 8961 2690 2980 5076 1942 464 6589 3956 2896 660 3421 2090 9379 9614 5549 5989 5594 8445 9989 7175 8187 3149 3085 9694 4757 1952 857 1485 8004 7275 9528 2112 3597 6464 1107 6509 8950 5821 3621 8533 8630 8701 8959 4474 9390 2197 5947 865 5245 9343 2066 217 5154 9259 343 7580 3137 3631 4710 5852 1304 1363 492 2847 6530 3751 8184 6146 1330 7721 5554 9396 3866 6742 2797 8236 937 6151 9120 6843 2989 726 647 4721 6709 5080 
5653 5136 7716 116 1569 6945 2476 2232 8660 6689 4873 7546 7478 5114 3111 6764 9116 6858 4885 5988 2555 33 5448 1302 8402 4768 7541 7188 2533 8452 6338 6761 9430 961 2235 1666 7313 4899 8038 1538 5905 2633 8651 6417 7716 2120 3598 3330 1459 9133 7104 1784 8082 6804 1095 2795 717 1954 111 3636 5773 8576 1097 6822 131 5951 9476 1816 3445 7003 6486 626 3355 616 7050 9166 1349 2071 6094 4778 8789 7909 9243 8950 1860 9561 1632 148 70 6065 5747 1050 4936 8146 4097 7456 9601 585 9939 8321 
7421 5865 6529 919 4708 5850 9911 3319 3357 1301 2067 5674 6200 2257 8490 9298 5465 8426 206 7304 7117 5495 1276 4467 142 6742 2552 2290 9372 7000 1122 8352 2486 6811 4993 8170 1781 7614 820 5469 8474 9294 3317 5774 9640 5277 525 1343 6822 3956 9555 779 7353 442 1070 8721 5871 4374 9617 2988 3280 3545 7416 5098 5794 3408 1930 8759 19 5525 9257 5096 3931 9924 256 8862 3594 9959 392 9965 5793 1039 6439 2948 1653 3792 2461 4774 5166 3832 1281 8718 847 9987 1026 5477 487 6353 721 7625 
3695 3879 9480 6679 8029 6204 9672 3582 7144 3189 3586 4757 1638 4389 4851 6597 9555 5715 473 1033 9055 2809 1422 1941 561 9018 8717 9757 854 5256 8234 2041 2539 377 5046 927 5452 8578 3368 4044 2376 7256 4775 3554 6622 4578 9836 7168 5125 2023 7759 164 337 2784 3779 7208 3743 1537 8873 6417 3265 9038 8970 2820 812 4336 6680 2769 4620 6790 4137 4645 7768 9785 9998 6819 3391 6415 7687 7713 2474 8384 6169 7695 6151 6955 4382 4964 1543 7212 8030 5791 5663 5497 7427 2194 2157 4471 6989 7790 
4480 325 8218 2331 4498 6359 7636 5827 2253 7856 3750 6486 6154 5642 3152 8232 8414 9712 4098 8733 1622 2875 4767 6102 3201 9344 2421 1191 9886 1155 8943 7939 6623 564 4855 6200 4927 7355 1689 3736 8613 8277 5654 238 6861 8158 2167 7315 684 4444 3010 5402 765 411 6639 6611 8722 319 2458 4569 9198 7560 7118 2070 785 5906 4330 3596 5095 4424 8890 9128 7613 6423 2991 4280 4265 7949 7760 9498 1038 4469 9460 3754 4570 7899 1576 4488 8115 1001 4702 6300 183 358 3542 280 3349 4174 897 1299 
7652 3127 118 4503 6473 5425 724 5448 2253 5243 7706 3094 5059 4413 4950 4658 5159 1369 4490 1791 1070 8664 2688 2668 5871 824 5989 2215 3649 6213 7640 8013 9894 9617 2988 778 1346 3741 8426 8171 8549 9627 2210 4058 324 1120 8807 7328 5970 9707 2304 875 4511 2423 9283 5853 1904 2683 7184 9332 9380 5410 7265 9725 8104 2007 4678 4994 7838 9819 1717 7730 3532 1783 8820 4856 15 4150 4765 8031 1342 4680 2579 794 8215 2957 1666 4036 241 2110 5335 5905 6448 7943 9342 7829 8904 6417 6669 8600 
692 5311 3516 2938 1950 9726 5148 603 4678 9990 8488 5899 6845 3112 7484 6202 4438 8460 3945 3396 4293 1340 8299 8318 2154 1900 2427 9659 9891 31 5768 4242 9100 2560 117 8061 6840 7973 9161 5708 7873 4324 7978 3983 6908 7593 7646 2614 1214 734 8998 250 2854 4492 4452 7052 4730 5727 7453 2680 2104 3674 1944 8690 9307 425 8846 5593 3789 9070 2515 1510 9985 567 9771 386 6253 311 2327 3970 6526 5713 7515 2263 6286 4747 6120 4904 331 431 3856 6975 1826 5899 3543 8817 8376 140 2050 2906 
4555 4580 5867 5417 2358 221 6162 2267 4748 7813 9392 4051 1533 2622 256 4393 2770 7759 5 1800 1427 7902 6974 9716 3638 513 256 5767 6424 7547 7552 6105 6887 3771 3419 2844 1495 179 3656 6268 9899 3138 4982 7724 5489 6313 1197 4723 7875 8871 2527 277 4334 3645 3074 1023 8426 5575 175 22 2974 8740 1892 2904 2503 5614 3223 9960 8201 1908 1164 6602 2929 7422 6362 9440 4703 3022 5689 7807 9661 6994 6985 9364 5013 1673 7364 7287 2564 6894 8726 6680 7414 2605 3274 7225 348 1283 1009 1303 
9421 5231 7464 9999 8079 69 4081 5806 9771 9993 8265 5229 7433 8786 1997 728 399 7140 76 7205 6766 544 8438 8604 96 2414 2419 739 4459 5752 4211 1571 5582 2468 4599 5331 4695 7289 7772 4664 5475 8223 3976 3500 7002 1423 2932 7989 9074 4541 794 9897 8889 9902 5157 9440 499 527 7046 2287 2189 3250 2690 7129 5045 7243 8843 1317 7547 5975 2764 6352 208 7135 846 2707 5309 127 598 8516 663 6437 1199 2912 7700 9264 8799 107 5848 1802 6293 1711 1801 5123 2242 2312 9515 3390 2748 6116 
2219 5091 1163 8076 2751 3546 8552 8939 8587 9627 1229 740 5650 5149 847 3362 9111 8392 8953 9174 2353 7584 5166 8776 4724 4081 8087 5191 4073 3705 2596 929 6865 2633 5923 4485 5041 53 2417 2598 1903 1707 6182 4488 930 7332 4656 5593 2272 7856 454 7328 2476 2449 5010 4261 8063 7485 2471 5732 9574 7930 5988 2146 3573 3609 1350 2829 9660 9428 9792 2042 4020 7105 5362 9437 9306 71 5851 8926 8061 3075 7408 7018 2729 1616 8134 9087 9256 1471 4325 3773 2680 9953 985 7887 2297 3275 2357 2717 
2173 615 3012 7409 5851 2564 308 1293 6449 8127 131 8748 387 506 4277 7594 267 2883 4970 702 2325 5204 5477 9525 2368 5847 145 7797 2685 6460 3660 1379 6822 7774 1199 576 9555 8668 9955 9210 4395 8450 9986 7590 2288 5943 1323 8792 4469 9460 2484 8073 2717 4234 3292 8213 7903 4788 8472 5295 9321 7555 7892 1306 6174 1370 6698 7339 3648 9941 5848 4785 1108 2855 3862 9159 6183 7120 8362 9462 1628 4766 2831 7584 6978 9047 2263 8398 1050 7108 1115 600 8933 6132 2727 5814 8125 6746 9128 9835 
4691 7810 2693 6714 9400 6337 3890 6278 2578 9751 5696 2742 1749 5376 8937 1254 6810 3212 9407 6423 5193 2297 6656 9609 1338 9840 7707 1194 9205 1089 6666 5061 8659 5550 4241 4242 7599 2216 8910 1819 9260 7156 5885 6317 6943 281 29 938 2729 3645 8496 6601 5998 807 4664 2697 2626 4692 5825 8454 3495 2334 4746 830 828 7258 1052 3248 5382 2366 8187 8974 5306 6128 8186 4881 6390 8881 7958 3489 7043 3192 4594 5567 9731 9383 6844 6675 9581 9774 6737 6582 5093 2048 1366 2828 6950 1115 8868 953 
2775 6721 3353 159 8458 9405 7053 3521 2090 8811 9194 1453 3213 5771 7583 1764 3822 4567 5468 5153 8594 6270 3704 2431 2948 320 9313 3630 8506 8390 3828 1470 1636 5848 9445 1774 1285 3656 2370 7441 3465 5186 6325 4770 6971 2768 780 8261 7174 1270 6873 7622 5840 9977 5841 9135 1960 5597 953 4779 7767 6632 6818 5602 6717 4446 2944 9739 8872 9411 9934 5273 2785 3788 7909 2998 1009 3199 7851 1856 8158 2630 1939 6863 6254 6333 1913 5957 1478 3334 3421 8106 4411 5503 5380 9976 3444 8250 4088 9151 
1748 3000 8606 955 9054 6931 9260 7511 7104 238 4283 1663 2278 499 9518 4588 7526 114 2348 3653 8919 6766 3481 9530 4298 790 575 4033 1085 1525 2374 6324 4802 9616 4542 9383 4330 6300 2410 3541 7184 5361 3682 3355 7931 4586 9947 4538 9553 1991 267 9237 773 537 6749 213 1587 1676 4374 3631 3696 8124 714 6640 492 2692 6530 1107 9516 1325 1790 3493 5860 3629 8075 6808 4624 2282 5933 1906 5135 2164 6706 449 1058 3467 3627 9512 6885 6913 4420 4021 8771 6157 8005 1632 9101 7680 1056 5477 
6178 2278 6837 2994 4650 1863 3718 6456 1568 4669 1485 4466 2736 1926 3279 5142 7702 3617 2457 9083 8825 1719 6195 894 7725 7891 6646 1065 600 8312 259 8259 2965 2783 3585 6548 4678 71 5992 6649 2940 9552 6753 3365 2202 4942 618 6187 8694 7554 4200 4524 2282 522 1170 4730 8129 6206 3576 8623 8616 4834 2949 4162 9762 8234 2401 8204 4644 7110 5338 9674 7148 2877 6035 9472 973 2818 9606 4408 9106 2193 4152 1467 4828 7979 9125 1375 5168 5888 3708 8859 8933 9053 3724 7749 5049 2868 7634 2845 
1117 4649 8677 6452 949 8136 8792 4469 3679 7393 3705 3112 3521 669 1490 699 3570 4624 1345 5580 8074 7651 2931 1899 8558 9540 5437 6413 4783 8816 2946 4436 6962 3349 9512 8701 490 6945 7083 320 1222 2537 9843 9692 8817 7939 5406 8444 3464 5380 2170 3329 9958 8612 9347 6545 9119 1671 3492 7786 6792 4169 6368 6875 1671 7172 4479 5047 1374 2601 4094 4810 4122 8267 5112 5943 7894 8618 9486 7519 2971 7546 8196 1588 665 738 6132 2703 1448 360 1799 6180 7835 4590 6542 8315 535 8745 5355 4244 
6548 9762 6915 9521 5847 752 7366 7902 7547 1753 9776 7253 4862 734 158 5841 5834 3525 9650 9686 2881 3365 3189 3110 1773 6457 7774 1199 4128 542 1304 9501 5975 7319 3251 955 2225 3783 6301 9265 9523 1387 186 5417 20 2267 9655 730 5052 1137 3671 4734 7230 8162 4089 1181 4009 8941 2542 420 9264 1244 5364 285 5288 1280 1133 8885 6426 1427 6912 3685 7485 936 7718 8205 7319 1853 5575 3858 3613 3380 4758 3449 1913 5590 544 2489 3150 3482 8940 2449 6382 5060 4230 5124 8862 6768 8049 3306 
1934 5321 3572 2658 4589 4424 1890 8674 3136 5531 744 5204 3458 3865 8266 1404 149 7453 6645 9615 4694 3347 5470 2492 5628 1006 4249 3747 2797 7802 5676 5606 8109 9033 540 9855 6684 1044 7127 8030 6863 2971 7125 4997 5998 7258 9594 5169 6555 9205 5093 9175 4337 9278 8361 8861 8579 6210 1086 3198 6041 4184 4836 6287 1663 5775 3926 749 7055 3400 8919 5056 3063 1812 8599 2783 956 5331 6482 2539 916 8067 4968 7050 9885 7983 9997 2952 9628 3044 1485 3742 4491 2003 3245 3623 9177 8240 4665 9407 
613 8812 4078 4137 4078 7124 6276 4449 5611 9060 4521 7051 8381 6955 8253 1500 2918 7461 1911 2256 6842 4350 1134 9641 491 4685 239 6342 8548 6225 368 2673 7640 4619 2788 6174 1060 9598 6189 1255 9046 4301 4822 6313 1022 4070 2744 6560 3481 1874 2949 1658 6090 7265 7029 5111 2674 1650 9698 5004 6058 6368 5979 8106 7225 4726 84 7683 3709 170 8171 445 9030 3778 8546 8505 2082 4446 2130 5327 1475 8909 2162 664 7212 2257 6719 4269 4701 9532 1076 7774 9518 1869 9735 7609 983 510 9683 3792 
5108 7987 8331 7704 7592 6903 6726 6461 4798 5491 8519 130 3994 250 4395 1375 1527 4083 6814 4729 4493 9214 7489 8538 6265 6247 5095 3390 26 6989 6793 2906 7847 5285 1550 9831 1642 733 8619 7897 3002 2703 8822 7641 2163 7236 6344 788 9590 3739 1328 4319 5346 9262 7757 5992 215 5768 7577 7504 3388 5629 2039 6814 7626 6284 1376 9994 4514 3991 348 9105 8706 4559 4531 9086 821 7211 1518 941 555 2089 4560 8700 9674 1192 7314 9551 6580 6762 4632 6324 1224 7016 1577 2224 9320 7480 9273 5135 
7846 5836 6619 7717 8536 102 9847 6699 1875 9139 4448 7895 4584 5831 7770 9135 1853 1057 4476 5148 8125 5327 4959 1205 9627 1664 1596 2868 2323 5262 8180 7764 786 4269 8056 4762 4131 3170 8285 8518 7339 5657 8018 1609 8951 1363 3952 4150 7802 5252 6184 435 6155 399 8546 7938 8577 9398 4670 3484 2389 9118 9477 5270 3259 5498 2018 2322 424 1370 2887 1117 2380 8677 3442 3020 6635 9777 3656 116 4480 3687 2351 7967 5820 2673 8699 1881 8658 6455 1031 4355 9548 4796 1044 777 6842 3373 3627 4603 
6913 5475 4782 1736 3390 6377 1926 1823 2928 9788 7702 7107 2530 764 4088 875 962 9453 3489 8067 7665 3755 5614 8994 7100 6429 3626 1618 8708 898 1511 3363 6760 7388 1422 3669 810 660 1530 5800 7747 9346 5049 3063 8921 7510 8058 2427 7857 1369 2201 9085 6874 4814 1215 2287 8286 4781 6505 7482 5708 1002 6286 1688 2072 3918 5602 7092 397 4218 5196 8333 5641 3831 1870 5146 4718 8151 6294 408 9597 3259 8863 7405 2971 2035 4576 1970 7109 8773 8010 2604 7528 4644 2523 6316 6170 4695 266 5654 
9222 5423 2213 803 9325 1112 2369 9471 9272 6589 7432 2082 2007 7744 8466 8364 9090 4721 1523 3837 7314 917 2064 7306 9271 7210 8672 40 9010 9562 4692 8276 2088 7248 1869 2435 5300 2111 5666 1287 4181 1171 8033 4771 5678 9518 8548 4629 817 1344 7955 3881 8374 3145 1742 8781 6110 820 1380 1608 4514 4803 336 4596 3088 2645 5724 2389 6463 455 1508 6466 8553 9337 5711 8911 2848 6993 3688 4806 5243 6708 4874 2597 8960 9000 4007 4288 996 3516 7902 1836 9598 2801 4180 6021 512 7549 3677 3643 
5708 7582 6124 1865 4312 1594 9455 3029 5938 9873 3952 8142 5814 3371 9293 328 277 7269 4203 7980 2034 5052 7526 8681 3981 5202 3274 7500 917 232 7633 1836 2955 3190 6255 4799 6441 9053 5015 4293 3127 3281 3563 2789 2886 696 3863 9609 4778 8834 9902 9529 5961 8865 5092 6954 1483 7219 37 1909 8919 4338 4740 3616 932 744 3947 8970 6145 9217 4100 7149 4681 3432 397 9669 6597 2242 3762 7723 4402 6333 6256 129 2316 2398 840 5285 5728 2776 4511 6646 2133 8036 9285 2599 2057 2754 9642 6596 
6115 97 713 8328 805 9179 9975 8537 6928 6407 3277 8497 3866 4699 9144 4382 2833 8258 6370 638 6216 1175 2591 6866 3389 1325 6573 3196 8814 9337 3668 9733 4536 9608 434 3919 6838 9932 7808 8080 3615 7065 7008 6499 5830 5330 8735 1421 5801 5473 5626 448 7779 285 8973 4303 4041 6149 8963 2365 5580 343 3979 7399 1054 9617 9622 8692 9547 1240 4310 6871 2908 8381 760 6034 542 7016 3321 6902 2175 6404 6946 1751 5329 8414 8055 8088 5124 8379 6906 3977 8607 4906 1323 5543 8159 5202 3453 6862 
2674 9860 8110 9841 9369 7062 9976 8385 6089 7472 9395 9132 7102 5552 7354 1560 5050 2311 1725 1074 9914 1608 3611 1938 4311 1893 1187 2127 8179 3623 9633 4083 1123 869 28 4526 401 7559 6359 2934 9736 5939 8578 1107 2858 7911 2969 1241 9531 5624 959 93 822 4313 4830 6192 2247 2620 843 6091 6698 1936 2141 2879 9663 4675 389 4761 4113 3822 5936 8758 4862 9045 6677 4874 9956 8620 1881 2592 1345 604 4038 7962 1931 1643 874 4974 9169 5477 6907 6213 7558 5099 5486 6192 7908 9320 5195 1572 
5984 7939 3555 6068 3277 28 6136 4417 9806 1860 1700 2431 7332 4886 987 3928 1465 437 2213 9799 706 4466 2711 4176 2744 266 355 8745 2771 1954 3281 6526 1512 6113 5225 2769 1482 7395 4246 3917 9575 918 8609 1584 1976 9028 6222 5435 3389 1496 6861 1734 3093 8944 9040 8715 802 5171 9830 3265 7556 4100 6571 9961 9945 2858 739 7020 9492 6540 849 6530 516 6487 437 7440 2743 4846 4350 1370 7796 4123 9942 6882 8630 1554 8669 2680 9277 9320 1147 4006 9481 2331 9978 6498 3620 9427 3720 4047 
2693 3851 2258 2969 182 5941 9988 3577 9197 3618 4078 8296 7930 9236 5598 3925 460 1330 7670 5261 4218 7367 1649 7777 1705 6265 3947 9954 4716 8933 9612 9488 1286 5554 9017 1635 1934 6414 7085 7997 7981 6707 142 9630 636 4636 892 8071 9480 6068 4498 2855 1127 8323 2693 7084 3589 4018 5212 1840 3889 4268 522 5020 6039 8374 7420 5173 9676 8916 4562 8327 8322 9557 9167 999 9311 2527 2145 5225 3562 2964 3086 9669 4611 6472 9533 7536 6495 7684 7119 5393 9884 1438 4456 341 3279 3271 4849 6594 
9197 8946 3276 761 4044 5170 2679 6487 4094 527 6584 3983 8579 3529 79 6580 567 547 8649 9857 732 9072 8628 7204 2585 9318 8588 9444 1646 8842 4745 7102 6644 3918 2742 3667 8599 5357 6087 5294 1837 3300 1442 2750 1331 5205 1813 3587 2920 8479 340 7178 4833 9779 8277 9384 3244 7458 637 9118 9469 7655 1258 1586 4453 9303 2574 7756 4944 1894 739 3451 5093 783 3220 1748 4696 1229 4452 900 6286 1895 3709 3532 820 810 9278 8671 6198 1283 1757 3805 5140 689 7035 9391 737 7342 6977 3994 
9360 2092 6414 547 3135 409 9410 3405 1650 6632 8919 5480 1685 442 9479 7498 358 8337 7107 4151 4296 7590 7353 5319 9815 8713 6839 599 7308 4529 1889 8680 4757 3591 6342 452 6718 3262 6264 1477 7912 7539 2364 2474 803 5856 3805 4625 1283 1812 1634 1818 8348 8878 597 7874 2482 3507 3959 2431 1769 8810 822 3369 6898 8291 8715 5370 9058 8270 3940 6000 4248 1571 633 9769 835 4817 5636 5395 6683 3015 8758 4540 1113 8069 1488 549 8537 5614 5567 3663 1663 1571 1071 8329 6356 4735 217 9197 
1 171 3821 3609 8738 227 3268 7575 2576 6364 1637 724 7701 4851 362 104 3373 8911 1628 3332 2674 7576 4493 8546 85 412 2873 9232 6488 2104 9597 8805 3737 8196 5252 2596 1332 974 4334 336 7241 2155 8919 3209 8684 6765 4751 3501 1448 388 5210 231 547 1980 3196 2666 6705 8078 2061 6455 2025 6553 8157 2949 5875 6379 7058 6492 3128 2533 3394 5231 9975 8962 6463 3635 3975 2843 4806 7556 1185 9087 6186 2270 1677 5032 6643 8134 5716 7295 8092 9551 705 2529 4123 2047 3228 513 6087 6169 
8546 2170 5250 3837 6391 7390 6118 6056 1030 2287 453 1982 914 6722 7947 4574 6798 2636 9295 6821 1120 5827 3647 3838 1183 8478 2746 6577 2353 2915 871 6565 5919 9598 5839 8572 7688 8684 8216 8906 7827 9200 6661 2791 8258 2811 227 8979 9503 4634 8075 9360 8674 4400 2707 1560 8017 8431 3531 1019 7841 4976 1871 3637 7496 7970 2599 7027 1658 8374 9675 8401 7668 9696 9205 1351 4237 1068 9595 7155 7669 8464 8903 1669 4110 4969 2708 7052 7059 9751 341 7373 1409 3320 2712 2364 7529 1765 9198 5875 