2380 6396 1261 1627 793 5184 2093 5796 9399 6352 5520 8583 5074 9541 957 2669 8971 5191 2028 6846 6007 3022 7283 4673 3445 8907 3819 781 6804 77 6527 208 678 9200 7400 9033 7673 598 6384 9504 6275 2895 3027 2681 1620 5139 5491 2993 7489 9117 3273 9313 2463 3623 2561 8645 9617 6645 9905 5568 8129 6870 9550 6926 8077 3340 7881 3663 5583 7811 9894 5043 5023 5825 7187 3581 2592 6868 348 8880 4982 1015 3377 6293 5232 3133 4046 8262 5026 3906 7952 8672 6919 2423 749 5932 4498 6384 4366 6531 
8384 2611 5935 2981 5515 7306 4409 8275 2734 5958 2311 1518 8217 3937 8226 4324 533 1198 3812 4413 6416 262 5320 3685 5688 5702 477 9222 1503 5521 6091 7673 3913 8337 1635 3290 828 1957 3850 4607 660 4610 4041 6622 2930 7039 7591 6694 8403 9595 6441 9626 1515 4236 6519 9863 5605 4370 7445 3975 3583 2575 6116 6438 8204 6837 5111 9367 9277 7519 8811 7107 9585 5065 9520 4782 3778 5343 7990 397 4431 7726 4360 5079 2167 2430 9956 1159 4540 9883 3130 6823 6443 5698 445 500 5080 2319 6776 1163 
2377 1528 2105 5230 1673 7813 8313 7045 8603 7626 5970 6376 9396 4346 6361 5969 6984 4123 1269 1328 8599 6725 5697 3641 9744 761 6507 9010 7494 7820 204 4060 9685 6181 3157 5736 9281 2720 8456 3157 9211 7985 763 8967 586 7057 6160 9204 4843 1909 7590 2602 7050 303 2469 4441 9118 1979 665 2333 7884 7934 2350 4338 7283 4815 7412 5208 6764 1152 1832 1482 596 7856 7482 1590 6209 8828 5292 6595 9827 5456 2709 4080 7512 6845 6109 9817 6230 1696 8877 3654 6349 1772 9471 9037 6242 7083 4361 4413 
3347 4620 2396 1536 1027 8602 460 6681 3653 7435 4543 5492 3822 908 9906 4607 3697 6375 233 5684 1509 787 514 1026 1135 8927 3357 4775 7406 6934 6040 6827 3920 4003 1812 6694 1018 1380 7700 8000 6350 7274 7217 4266 2608 9743 4898 5895 475 8641 6883 7758 6148 6307 2065 3842 4309 8480 916 671 9948 6278 6842 8246 2184 7103 3633 8235 1775 1361 7998 6508 2488 520 3653 6640 989 4282 9664 2436 3175 8090 8525 8112 1847 3817 7760 7735 1079 5251 5141 8316 5549 8068 7603 2643 3662 1248 3884 6207 
1240 6759 1336 4654 544 117 6578 1079 8927 5026 3368 4099 227 3062 3869 7430 1694 866 7096 52 4911 404 7478 5688 1543 9590 9531 6808 2979 6753 5895 542 2750 9377 5921 9180 5537 6618 4237 867 7145 7508 8513 7046 5368 5159 4697 9574 3210 8188 2340 5815 4705 101 325 9900 1323 3615 1730 8750 1064 5547 5396 1849 3854 8166 4055 9710 5080 6564 1978 718 2526 3452 6860 2352 1323 151 8708 2381 1959 9294 6403 5889 2934 7297 4527 3289 4504 763 22 3426 5790 37 2457 749 8358 9696 2822 8469 
6519 4333 722 5749 3039 2448 9925 3455 9283 7391 7179 3419 9097 366 2927 6032 5530 3478 151 8694 5395 2683 8561 6829 5523 9111 5573 7277 1172 5048 6192 7924 5215 9514 2317 2154 9146 3898 3504 5026 4563 7607 14 1695 7913 7747 8841 5732 2827 3849 7607 952 5059 2840 9425 1155 1728 9486 8653 5876 7500 6765 3173 4151 7049 4519 8345 6789 7664 4905 2670 6451 8546 9963 4966 610 2606 8601 7670 8822 3956 3512 1575 4412 7638 3898 4666 229 4730 3133 1066 7545 1307 3705 1958 241 4783 5484 738 3295 
6550 6600 3965 1092 709 7402 9199 8181 9015 699 1591 2861 316 1857 1162 420 2499 6303 770 6720 1584 5272 3921 5725 9650 1390 2984 4821 3562 6001 8756 908 2273 1460 8428 6489 7982 9383 8718 6112 5319 2655 8731 7214 9139 4391 152 4192 2620 8956 3064 6654 4893 8730 5847 9826 8542 5968 9736 7 345 8292 5743 1885 9114 3035 4325 2617 4788 6108 2871 5075 3600 594 7653 9064 400 8857 7929 9574 3822 1887 9799 5415 2216 2214 5935 5501 4403 3441 7263 146 7029 5856 8026 2613 1606 1880 4021 6613 
9745 4126 6828 5294 7609 2134 8187 6424 4797 7823 8170 2040 1440 5269 5454 5451 9792 7327 3156 4504 5792 6716 8567 3004 6277 307 5871 4501 5748 7241 649 457 3475 5838 6539 3108 4869 883 628 19 7384 885 3835 4268 8247 1730 3383 5557 3261 4990 7948 731 2473 5361 4690 5989 3842 380 7427 2159 5840 3298 3036 5195 2002 7420 1488 3323 8429 9406 4123 9767 2132 8298 9469 3833 6632 8498 7097 2958 1645 2635 3965 3167 702 5635 2252 1266 2744 4532 2421 3673 853 4709 819 2728 4929 9503 3936 6130 
7194 836 9944 7851 2766 8734 7374 8761 3706 4630 4800 2833 4767 1076 3903 2384 1203 1400 5925 5610 9917 7400 336 1532 3474 4498 5447 2415 5234 2162 8015 7767 1346 3207 8641 1274 6427 6390 701 8917 1017 9360 6187 1352 1313 4330 8070 6133 642 1987 5176 8897 6715 5958 619 4380 5608 2252 3891 5243 4750 4977 6778 5642 9358 6272 2034 1555 3759 4987 3576 8379 5396 6493 9975 766 4230 6737 5556 3399 6216 7399 374 7814 1622 6435 5544 6380 1783 3451 7717 1251 2798 1959 9543 5712 9671 5069 9285 7761 
6477 8063 689 6332 3856 1921 7046 1013 2304 8520 500 469 156 4727 5485 8546 7683 439 7771 9456 8271 7490 5887 4995 6825 7237 4042 9826 2359 9009 4244 637 5766 9941 4665 1905 4025 3527 8270 8042 8020 8695 1963 267 5923 8392 8079 7795 6038 5946 9997 7664 3142 9173 4288 6787 6654 1851 8431 6067 9209 7490 7708 8139 1960 4537 5753 8056 8408 9331 6842 667 3930 6134 1884 586 5333 6162 2697 691 2262 9701 3688 1508 2074 5770 1540 2327 7988 3944 2720 7212 2466 8524 6347 3358 5715 7673 394 2293 
817 9797 3476 6175 8618 7891 9738 2682 1062 316 6554 8150 420 3320 1484 5474 7210 9257 2287 8955 8480 2456 1542 2976 5756 6406 5421 7226 4657 6776 2938 1259 8291 8578 1742 1596 8566 3080 8336 9451 1484 4633 1162 2346 2579 1665 2881 2535 6788 6900 9451 2104 1306 3885 401 1181 3069 8256 7321 9153 6052 5551 4612 3401 4660 4575 5298 1662 8704 4043 8525 4835 7970 6561 7127 907 6772 866 5527 5639 8996 7357 6212 1087 2440 4186 3932 1342 3791 9430 7096 2400 5404 4453 5859 506 2916 4598 7178 6290 
7567 1097 2650 7102 7604 894 1391 3241 6878 2076 1303 3545 3950 5741 8861 7774 9928 4183 2533 9103 5578 6856 7017 9915 7454 1346 3373 1317 2567 1696 2781 6502 9489 9038 8029 6916 6349 7340 82 1528 5064 6447 5234 5733 9024 9534 9056 8097 9172 1674 8062 7022 583 9162 4358 3571 7830 4597 5597 7975 3461 2517 7409 9017 6103 6106 6441 3906 1007 157 9667 5765 9691 3698 8095 1499 571 6868 2240 2113 478 2128 8537 7580 7633 7372 7080 9186 924 8877 3104 4622 8391 2473 1321 9786 5026 5053 9384 2816 
6093 678 9197 8260 6956 1102 6369 8684 3475 6475 5692 6293 8191 627 6458 3338 7337 3965 6252 9128 8096 5918 9661 6915 836 2898 2052 8999 1887 2728 9967 3468 4355 2324 7215 7598 9743 4827 9090 5410 9573 3677 323 6020 93 2541 7012 8264 9471 5033 7422 1922 8456 506 93 6266 112 3017 2505 7087 5948 5354 7935 3776 2495 8511 1582 8613 7474 1723 4333 5876 8447 963 9217 8051 9896 9921 7852 326 3398 7326 9 7172 7331 2727 7774 211 9909 7761 7614 1292 689 8026 3464 5357 3839 2241 9997 2952 
4486 8087 4569 3599 3538 7557 3929 8840 9307 7182 2914 4899 3716 8173 8232 5847 7234 287 7922 5629 824 7656 4315 217 1719 1326 954 6664 2483 8312 7539 4815 4817 3270 9277 8077 1021 7270 9149 2825 3513 3958 7240 4440 8706 6804 4066 9147 9511 9666 9205 2796 5999 3441 9710 503 7137 3267 3575 5647 706 1800 1507 4909 4039 3374 7253 8646 9709 8895 4999 7874 6484 5970 7051 6104 402 6991 84 5931 3691 4126 1829 4381 2257 8096 2984 308 3367 3775 1952 8331 2712 2332 8357 2869 4738 7811 5895 3915 
8969 5122 3461 2621 3016 1344 4176 5001 4205 8415 8368 4263 1269 7248 8549 24 8876 6704 3896 8961 5101 8770 9273 4172 5305 7831 6472 2029 2277 6997 8910 9514 9020 8854 3860 325 6359 7636 4190 9964 7856 6486 5642 8414 6416 8733 4007 3554 741 2784 8445 6919 4169 3661 7381 3375 7418 3800 3425 2715 6271 6471 4137 4191 6616 7719 1263 6948 7933 6024 4056 8411 8233 5425 400 6923 5842 476 9219 411 8493 3963 9333 8107 3050 5617 9240 2360 1849 6142 4493 8781 2650 3951 8851 3893 5998 8474 3393 8755 
1080 870 3279 6317 1182 1293 9521 7879 8914 3248 941 6058 2115 2049 6018 1550 871 3757 7802 78 9802 3103 4808 4996 802 792 6027 5408 3069 4157 1587 3750 8012 318 1205 3365 2661 467 2041 2991 4942 9907 9870 8082 4295 4616 7028 8027 9913 4067 4695 2854 4002 1578 2618 1324 1064 1124 4670 5152 682 9805 8577 5406 316 8444 1683 1909 433 5214 131 9213 3205 8835 3991 3419 5678 4287 8118 4147 8267 4662 5739 4692 239 3891 9805 2300 7507 3501 287 3257 1207 5685 3525 1083 1264 5148 2150 7816 
8125 4456 4826 4927 504 6587 926 3015 3520 7299 8477 3230 4252 2113 1210 176 6599 1680 3484 3771 3547 6777 4500 8966 4582 3048 4365 5228 6436 1238 7878 7487 1676 5425 367 725 9021 1266 2248 3800 7826 4428 8360 6935 8522 7933 3952 4684 990 8088 8945 843 7421 4144 1920 9805 6862 617 4755 1582 7118 13 9651 6805 1471 9397 8240 4055 1055 998 5560 6122 7045 2494 2858 2320 9422 6452 5202 3051 3211 5446 1188 5966 1087 3201 6040 5953 6673 317 1622 3064 1395 6798 2901 8508 7044 8725 9973 5983 
4469 3286 2484 8073 5503 307 714 1011 7225 84 8171 6145 7466 8546 3235 2130 1460 4435 3317 1895 1405 4031 9443 7274 1131 9928 7753 6290 8879 7432 3427 5253 407 2193 151 7917 7833 5670 1837 5954 6046 5235 3292 1978 8545 8213 7903 4788 5295 2544 8499 4986 8107 9677 8112 570 6406 6546 320 7973 9243 4394 460 151 2193 8103 7947 5542 9083 7057 7076 5909 4824 8695 6553 5735 5569 7835 7585 9894 4562 343 1159 6427 1688 8122 6466 8956 7433 8911 2848 978 6914 2138 5243 6708 4874 277 2597 7958 
8960 5683 4173 2097 6376 3562 7443 2723 4248 1231 9823 9120 5936 1620 5793 3681 6207 1312 9215 7534 9129 2908 5631 7831 6001 3985 9519 6435 3845 9638 5129 3671 392 8934 4272 5395 2376 2658 7586 5284 1422 5093 6827 714 4506 7485 5056 1531 3857 3297 4884 9261 1824 4962 5556 448 618 4691 5392 7954 2385 4488 8964 9539 2713 8895 908 6860 6411 1803 546 7380 2819 605 2576 2913 4108 4570 1830 8170 5803 2723 8971 7343 5094 2463 2906 2927 852 4996 4391 5827 6269 4253 1392 3805 3374 3295 2917 9718 
3267 2885 1741 7206 1530 2510 4887 294 6699 9459 8523 9409 9557 3025 9338 9413 6834 7592 4571 609 8657 4361 2678 6294 2763 5761 8868 9411 5896 596 4196 1443 3500 6278 8048 8074 2042 3632 5575 2394 8496 8160 9373 8740 1892 8671 1713 5614 7656 521 206 1190 8499 2941 9406 9093 3213 939 2765 2044 9070 8698 7991 8369 7450 9473 377 6608 5725 9072 559 2488 8005 5395 9534 2443 3169 7792 6253 743 6526 3743 1461 5667 294 2656 4629 4527 7110 7205 1640 9808 6062 8549 5045 9530 7987 7842 6876 3778 
4075 9237 9418 7854 5039 2216 3614 3976 2310 2090 3660 7866 4067 173 7569 7573 2252 4327 1284 9862 9791 446 8964 6958 2562 6583 6187 4837 6606 2327 8378 3131 5947 7451 5596 1087 4662 5621 8511 9069 8988 2312 5279 951 2959 6636 1758 3262 8210 5051 1403 973 9998 9050 9196 8909 6795 4802 625 4493 4802 3109 625 5823 8781 1376 2650 7933 1531 2866 3830 7334 8978 3893 9573 7421 3502 7537 8474 1960 8755 2766 5417 6877 3814 9019 7681 680 9425 4021 2934 7166 9511 8460 4143 2286 6859 269 6176 9318 
5305 1407 1844 1597 114 5419 5489 2406 128 4482 1782 7197 4672 7475 8048 3818 969 5601 2902 8583 1368 8862 435 2567 1234 897 1067 7444 2460 522 9117 4029 7939 2446 2881 6024 3763 1699 9434 2218 6649 4161 3072 7348 6350 7831 9837 8419 6452 4119 7281 6284 3078 4778 8549 1168 749 9957 5570 6995 5875 59 4982 9278 6223 3115 2258 646 1007 3880 1303 6160 4688 6680 4530 53 7611 6118 6246 4460 155 2939 7082 6808 3135 9990 1029 1185 3572 635 4681 9615 4777 1056 5580 1902 2205 9881 3526 4493 
5448 4131 3941 7344 3451 591 2907 4708 9097 934 3533 5707 8597 7802 6591 3277 6669 7032 3427 2694 4906 7322 5178 8874 1108 90 8740 178 9350 3024 6409 3388 5629 2039 6814 5369 1748 2490 2844 6104 8872 4559 821 9451 3144 9657 524 6628 3206 2112 4577 1472 2356 7218 4391 4055 588 3438 4055 998 4409 8898 1323 2842 3211 1945 4026 8494 7977 2631 5750 3314 5319 8035 2245 3596 1314 1750 4934 2380 4899 1923 7915 5697 7984 1684 3004 7569 8319 2385 4488 5265 5619 4474 6776 5081 8895 908 6860 6411 
1803 546 505 7380 2026 3376 984 2505 3198 1849 6142 6878 8374 1385 791 8432 9207 5279 2616 5814 3835 5939 1684 5512 39 8312 5212 6055 9176 1591 2370 634 4936 7070 9967 7721 3866 6742 9483 8659 6048 9120 2614 9517 7135 7904 4995 9004 6843 9306 1821 7736 5434 8515 623 8783 1978 1298 9440 8076 69 8048 8484 6499 6164 9191 5792 2748 1799 6227 2205 4877 2543 403 6802 3783 4597 252 2739 4998 1280 2318 9914 612 9877 7028 8798 2685 7287 9150 4034 2379 6683 37 936 3397 9297 9778 3832 6189 
1691 5725 7728 6599 3799 483 321 3266 4969 3044 8063 3786 5199 2277 2404 1837 6997 552 8910 7567 9514 9020 7790 4480 325 4498 7140 5827 7856 6154 8232 4098 8733 2618 5595 9983 2132 5166 8206 9437 8894 6399 9746 2724 6631 7408 4678 1269 5536 624 4979 3982 4086 2372 6319 7981 2356 9145 6896 4081 7900 6392 2548 2725 7868 9918 6776 6148 8025 6680 9997 7240 7751 1837 9251 420 6370 242 4489 7742 8432 7605 2410 4573 2191 2029 8802 3928 2733 4910 4373 4313 1413 5386 5740 9348 155 9732 600 7078 
3882 58 6032 1092 8372 2316 3593 7159 6758 3578 6913 2326 7993 8976 1442 6409 4132 3938 6157 5087 2886 2801 4180 7704 6950 7850 8006 1571 9800 3298 3154 8514 2336 1289 2601 9472 1207 2346 7879 1470 6315 3811 7842 3723 2928 1907 4075 3272 4570 7611 7885 2216 3150 690 9112 2310 2090 8070 9911 3319 5271 3357 9263 5573 9624 4149 6371 7125 3644 3833 5548 4830 8571 6800 6301 4807 2683 7492 7952 2959 1859 8634 5414 9916 1515 9921 2279 1511 4837 7090 895 1550 6877 8841 5578 6866 2322 2872 4846 2927 
4589 4443 429 4627 7125 2945 1684 1220 3658 5205 2198 8234 9434 7935 391 362 115 8115 8569 9495 8530 1889 2948 2545 8553 8920 3143 8328 5952 305 5573 1939 9599 3644 6407 7263 1180 3516 6094 6155 9084 4186 4992 5037 5954 2521 3803 6249 619 4824 8560 2160 9824 3126 392 2919 155 6944 1422 3305 6441 1090 5752 9926 3900 7282 8005 2359 5989 9115 6690 5506 7384 8500 820 5253 2929 7487 1499 3720 9189 3184 1272 8445 8157 3410 3361 3661 8200 8054 4494 9627 1596 2323 5262 9755 7764 5448 4369 1441 
7885 9549 2082 8294 8798 8933 7287 9150 4034 953 2425 5761 2379 1313 3397 8547 6189 3018 9907 360 7391 6599 3996 321 4969 8030 3652 3002 6763 5903 4941 9763 2869 1609 7616 3416 8472 3298 1195 5661 5899 8694 8817 140 2050 2906 3449 4580 1632 3624 9119 7223 6674 6814 8459 1166 6743 5278 459 8339 9891 2619 5645 4844 4490 4152 7247 3147 2057 1225 6424 5627 7232 2400 4960 4964 8436 4438 5388 2913 8083 9473 2536 1880 6949 8347 6223 7161 3854 9514 6782 2915 8408 2151 8671 2503 1713 9787 5500 8888 
2479 9160 2459 5944 3922 9582 3724 8763 8071 6210 6046 4896 8226 9405 9347 1097 9273 2582 6436 3110 4317 2728 8427 1057 6203 3869 5826 4493 7855 7351 3670 8714 1891 6998 210 1563 5152 6280 6214 3358 9059 3207 2721 2433 3295 3728 4850 5209 9327 7802 8507 4912 7432 843 7852 5189 6402 8955 3450 8509 559 2496 6847 6538 8511 3020 6358 4132 6427 1077 3615 8136 7775 1381 1404 1391 8217 5816 1903 8088 4815 7507 2554 5102 5085 2315 4802 3148 1847 3849 9193 7169 4544 7766 8115 2043 3061 8471 6401 3667 
573 978 1172 1392 9612 5741 4836 2677 5430 558 4816 7417 7480 7671 4037 2604 1178 3409 8576 6893 2202 5004 3960 3094 3792 9647 4415 8668 7087 6633 4891 9194 3338 8359 8215 7384 5674 7204 3185 7010 2657 4435 5635 509 5939 3949 1648 9391 6832 5941 7242 2851 4411 5551 6200 7376 6900 7406 3347 5898 2783 8481 6966 8408 8942 7588 9944 4574 7415 8279 7040 9082 5799 4914 3405 2518 8769 8340 3105 7325 2177 2944 2494 6470 4810 8286 7336 6107 4254 7932 3976 6471 6634 4172 7270 6125 8516 3600 7280 4001 
3251 4404 2380 5557 4888 150 9814 5759 875 2891 8096 8160 4945 2551 6998 8027 355 7814 5569 2008 8348 2968 1708 4065 2157 2049 7746 6546 6774 3676 7873 6045 5997 1137 9837 6525 6872 6063 835 2979 6468 8204 304 6069 8131 3697 8032 8550 7621 3394 6884 1420 9396 630 7204 974 252 4106 9685 3393 3902 9987 9255 4733 4472 4284 1123 2791 6287 6650 8327 1837 2628 6035 996 3866 845 638 7306 1067 3764 3226 5986 2591 9705 1120 519 4177 5566 3937 7023 2152 7082 2374 4097 1983 7343 3301 3312 202 
4346 6625 107 5340 844 8064 2606 6304 3323 1076 7213 9569 1573 2406 9649 8261 6325 2601 6804 9680 3005 6602 2428 9042 857 8728 3862 7170 5711 5257 3017 236 836 5997 9394 193 2702 733 1981 685 9401 3338 3822 8586 4214 7741 6584 7190 4727 1088 490 315 7387 4742 9075 3907 9539 764 3234 8819 4539 5846 4298 1058 4472 2692 7013 3039 6065 2327 5778 4432 5256 3227 8533 4197 6154 2219 117 3029 602 4269 1411 5725 3391 2279 4691 9683 8945 9810 2511 8472 1884 8810 4798 1340 4358 3690 1214 2775 
1270 8777 6094 2138 6049 8107 5258 267 3412 8837 4148 8797 190 2456 7209 3743 9792 1041 7831 9595 2651 5055 4561 2552 4402 2922 5799 484 2543 8999 3799 4233 5312 8070 6339 4316 2842 7652 2094 9083 4843 3991 247 2462 9683 4594 1786 1483 4022 474 3767 5840 7510 3957 1869 4952 5426 595 6435 4620 4916 9857 117 7695 1381 5692 3303 1459 276 29 2671 4931 7910 6475 5762 7933 923 8012 342 1500 7014 8022 3431 2772 8163 8033 7452 2878 6471 1393 9812 5517 3266 8486 2871 4263 3000 5206 9128 4856 
9800 9613 1669 2757 6286 7280 700 6154 8279 2218 7307 1226 5877 6449 58 2699 6367 4763 854 6719 2664 8030 4269 2901 9532 4109 472 7442 7461 8859 4750 912 2788 5770 4168 2572 2247 6608 4182 140 1827 7703 7835 3906 9624 4921 4883 5281 696 1126 1636 793 1905 2853 6393 3656 7173 7945 9975 1190 5186 9090 3843 7090 3828 9599 1087 7210 3379 4955 3519 1991 2012 7564 1141 1322 473 5984 1641 8649 9968 2168 9479 3089 8335 8852 223 2996 508 3749 6376 7995 1010 7630 100 6150 5931 1518 8358 7211 
4089 5852 5728 543 3547 9439 8883 3578 1126 7441 1362 6007 3304 3536 4153 2767 6282 1569 4589 7433 2071 4841 3074 1590 4282 3528 902 1914 8395 7466 1615 1805 6249 8254 2198 3909 5315 5741 288 3512 132 6250 3583 5134 7732 5378 2278 5304 7329 1293 3282 4898 9530 6002 3352 1982 6932 3767 7385 1336 9565 6964 1169 1943 1812 105 7708 1024 952 6762 1864 3714 1009 7974 438 5527 3470 2366 316 2962 6968 4299 4891 8526 355 6321 6269 1634 5790 8733 4426 8440 8827 9473 672 6190 906 7650 3133 8512 
2364 3981 9261 8796 7467 3113 4171 6439 9478 4147 7965 2477 7254 1268 780 6133 4666 2194 1777 1740 8152 85 9046 5863 3595 7868 3019 1111 2907 7864 912 5752 944 7717 7757 5418 8675 9627 8200 6418 5052 4280 4235 578 6303 3105 7650 8994 4784 7009 6904 9904 4139 6794 5458 4520 2585 8812 1579 46 7652 8374 1841 3201 7647 4551 8297 6168 3454 4690 6848 6889 6314 2832 8626 5763 1521 9341 2950 6049 1693 880 558 9196 3630 7558 1470 1100 4205 6424 2892 5294 8787 6594 4052 7953 4639 9837 9780 3431 
5846 699 1486 6211 2838 4397 6474 7465 9447 3324 274 7704 8421 9092 1468 298 4467 3146 9191 7846 7890 6982 455 3946 8536 6912 2949 8810 5769 936 2430 6399 6931 9004 8753 238 1663 3672 2278 4356 3979 8782 188 9909 1202 689 8474 3839 3070 858 2975 8178 9627 6198 4224 8116 7418 1377 4485 6497 205 7810 2241 2290 1533 139 9574 1145 6893 4757 9834 9167 6716 6224 2193 745 550 7348 4461 171 358 6750 5916 6320 3394 8044 7374 1661 2869 1001 4772 4227 1666 5426 4594 3388 5952 4504 5357 5213 
9807 7527 2043 9370 7090 9835 862 957 8766 5552 1478 6977 8107 5361 6731 1823 8347 7235 816 5534 2905 3312 8828 3688 1007 5651 8972 8506 7879 1470 287 3257 1207 9861 3966 7355 3986 8277 238 7315 4444 6639 1549 7118 5906 4330 5095 9128 7706 6423 4280 7949 7760 4469 9460 7899 6828 5906 4488 1001 183 182 6858 440 1459 7308 7461 5518 6991 620 2514 8919 3064 207 1395 8858 3705 7433 9532 1316 7684 9373 3904 983 9683 6925 5108 7987 7592 6903 6726 6461 3863 4798 5491 130 1698 3570 2438 7315 
8763 5424 6865 5512 3358 6929 6441 3354 8076 8363 9054 1359 1960 6768 9465 7188 2591 726 6761 9430 6709 820 7451 7217 8552 973 7261 9988 4792 1130 7371 1094 8941 5056 8927 2649 2837 6997 8106 185 406 9239 3409 6722 7132 9093 6455 2592 897 9028 3941 2082 8294 7724 3451 2412 4860 2907 8945 5587 9718 6917 430 2994 8015 3111 8698 1108 4768 2789 2155 2164 6240 5392 8787 940 1269 8533 5676 7576 8831 1924 4748 2341 2260 4480 1049 321 6213 5864 8905 2739 3555 1080 8730 444 2710 9430 9749 5397 
6137 8713 2246 5938 3748 2512 2977 8901 9431 1622 1005 3649 6849 7126 1306 1879 1208 9707 2708 3794 7353 5949 3498 3044 3408 8640 3863 4493 1766 1014 7719 5499 7951 1008 9051 1541 1376 2221 5292 4756 7338 366 8155 568 8566 1643 8282 2848 1863 3907 9344 778 6683 3401 1267 4528 5417 773 5020 4997 7416 1273 6800 6634 7589 2492 4323 7074 1448 10 5691 9082 7249 4800 2914 4089 2961 748 1308 980 3023 3584 5205 9438 5872 3067 6322 1814 9330 3784 9300 2650 3240 2317 9004 6216 9474 8505 3280 7521 
577 8514 2872 5536 1228 1343 4394 5380 2935 456 7850 4893 2609 6660 4229 4039 8343 1163 8223 2777 6447 6009 9669 3435 9558 7860 8935 6937 4600 867 2549 1517 5492 9472 5364 9455 1983 5931 2225 7590 6632 866 3978 9684 9337 5902 2715 1679 6973 64 7489 8469 9548 9203 5964 9149 5898 4590 3458 7707 7318 8114 713 5462 8328 1106 4703 3745 1485 4443 3741 1362 4594 4562 1038 74 8901 243 5343 6237 6614 3966 9347 9925 2578 7315 7389 3977 6477 8216 6929 5569 5203 1917 3636 867 2631 9259 9855 3301 
2457 6859 7150 1212 6965 5189 9933 7192 1940 162 7348 470 6714 6123 8622 2267 2154 9608 879 2420 853 3374 7253 4293 4999 7874 7051 6863 4722 2655 7160 402 286 2238 6464 8678 8944 6673 7815 7627 8816 1766 9226 9241 6207 6355 9079 1395 7761 1701 9588 7889 7783 8159 8376 7532 3562 8636 4770 3197 3579 5710 6396 8020 1164 2420 7734 5512 7303 1365 4421 8591 3838 9562 6646 3184 2427 9171 9467 7047 6664 3883 8496 8353 7855 5020 1371 274 2866 5588 523 8793 4229 5788 5161 7607 3171 512 8561 7780 
2248 7394 3285 2792 6794 2 9332 7434 2906 8530 3296 2748 9941 3419 7555 3733 7892 8622 2989 6698 7339 7673 3648 7071 2560 9147 6554 2788 630 9830 9403 2996 6475 7581 2645 2980 5795 2778 2389 1526 875 4378 5306 28 2175 4953 2519 5856 4597 379 689 3196 5374 8813 1590 8009 3433 9688 8315 8190 5792 1006 2732 4204 3190 2999 4790 6414 295 2718 8485 1054 1889 8621 5248 6751 3809 44 5396 203 7285 373 3954 3735 3219 9114 8245 8937 4350 1520 1521 1183 3904 9735 8417 3792 3948 4752 7592 5848 
326 3863 2507 4758 6170 4091 9707 8910 7513 1685 7301 6864 229 3419 3335 9641 5958 8606 5759 6069 6593 7560 5109 7660 6587 7613 2991 7760 4469 552 4480 4498 7636 5793 9712 6416 1622 8433 2421 9886 1155 7939 564 8978 1746 6678 3197 7355 3986 9674 5654 8158 7315 2029 3010 765 6189 4230 4958 7560 5109 5906 4330 3596 8890 9128 7706 2991 7949 9498 4570 1576 1376 463 8852 4307 508 3749 7995 6150 9069 378 4127 555 2905 3915 9148 7931 8405 5001 3407 9050 7729 1056 5746 1148 8995 533 5439 6713 
1592 7740 8279 4524 9128 3441 4770 3720 6603 7358 4393 6657 6938 7533 9497 3290 7489 8547 5567 4743 7766 1548 9833 8850 376 5883 7196 1637 9782 4885 2930 2940 5089 3413 9070 6345 6558 1209 3081 1560 1867 7168 1473 6163 7103 6728 3092 9073 245 9472 9368 2306 4806 2468 3228 5017 2302 3363 3013 2547 2272 7762 8097 1366 7131 9671 4349 2703 4250 5249 4839 1240 1258 3856 19 1809 9328 3178 9043 6191 6239 4470 8307 9539 4378 2786 1579 5435 1686 7203 6774 195 5240 4966 7357 2849 7469 5287 7778 8894 
2469 213 5941 9822 3354 5984 4914 7312 7692 4174 1949 8639 3176 4695 9598 6920 3501 8512 5909 1040 4331 1708 6905 9568 2511 3862 339 4106 6367 6582 9788 7603 1508 7457 9431 8054 8668 3910 8903 9265 9453 2081 5038 4328 7319 1086 7691 666 6581 76 9801 2741 5076 6278 8921 2765 5922 655 3469 4387 1234 4771 2089 2849 2586 5271 1355 4824 4721 5840 8585 8761 5990 4705 2157 2367 4932 2143 7489 8699 50 7391 3044 2360 2988 3929 8006 2638 1929 573 7952 2290 9084 2072 3552 7792 9721 3817 4959 4057 
6933 6556 5122 2300 1742 5575 7752 519 5573 3342 7010 3037 3429 4836 1176 194 7014 1714 6334 3740 453 6018 3015 5100 1956 6066 3511 8500 1898 7600 7421 9194 7713 8946 1082 6102 6693 5465 2857 5738 5428 1528 7578 4057 3109 6571 1871 8392 9339 393 5058 8218 1817 2235 5408 6081 9145 1830 6215 1991 3928 6735 497 3929 7129 6277 2564 6991 3974 1957 3192 3706 2293 5213 2547 8374 4358 1595 6557 950 2772 3867 6369 4712 7800 134 9050 1355 4547 1685 8272 2179 5851 4668 2762 2620 3553 6612 4245 9437 
1617 1449 1098 4085 193 8316 2087 4333 3633 605 700 1739 7123 3296 2733 9168 8153 9605 2926 7806 4140 2579 8055 8378 5645 8226 5467 8 4156 7982 3394 5231 17 2966 2907 5850 8192 6983 9591 240 5943 3975 5112 3595 6451 6021 9781 663 483 2246 5409 1291 3166 9157 7938 3689 3888 8457 789 9834 9608 2983 2941 2982 2564 1025 8715 1898 8957 8374 6676 4873 3035 9193 1501 9007 6192 215 5187 8295 6059 1324 8857 4153 8873 8022 3209 239 1671 1063 9920 2 395 1835 8465 2446 7505 4815 7724 9208 
7010 2024 8984 8593 6121 2269 2872 6407 8816 4559 9153 2515 8148 1669 3785 8853 3952 4627 9795 4040 4261 3669 2272 9336 3940 7933 4979 8938 5457 1895 367 3124 591 9144 2210 9012 4302 260 3854 6131 6628 5128 9004 2805 4038 1994 2100 2415 4723 1115 3243 7917 8043 1881 3620 3658 1245 6291 9975 9784 9794 7722 7883 9334 644 2930 9610 8073 956 4384 1721 1055 4449 6995 6277 4333 7077 313 2235 2742 7329 506 3405 6622 8775 3814 5527 3832 6067 8809 8512 4676 7145 7490 9178 2178 9562 9326 648 49 
69 4672 1647 561 4725 4323 5552 7479 29 7290 793 7126 6068 4838 7438 1614 4269 2838 3338 6181 6970 9019 534 3252 5117 9976 2413 7944 4523 4322 9059 4930 1635 9184 8625 4499 8271 1189 4921 4429 6717 6037 3640 4156 3066 7522 854 7571 4813 8382 9386 9313 7002 7510 2895 9211 3478 2555 6398 9563 980 9987 6371 2465 5932 9928 4319 2091 7380 4791 1568 288 3218 2308 6942 4355 1488 7159 6246 3987 627 3550 6284 7815 1540 2702 8831 3911 6721 3890 3993 2440 5369 8959 3336 3627 4091 1921 9524 3340 
3582 7575 1106 9393 859 1754 5845 7766 7290 8171 7197 9738 5475 4269 4273 3020 4924 9581 9324 656 3650 6209 2154 3393 5821 8034 3323 7406 4003 3596 7408 2083 7537 7802 2716 6564 5172 9358 6797 8407 7509 1253 5402 9210 9126 5405 7868 4157 5458 3529 8984 7403 2865 2115 4967 2131 2838 1909 4847 2630 998 6553 2836 4543 688 2276 270 7416 1103 2242 5214 3153 3463 1973 5663 5933 4835 1687 5939 9052 2072 4368 7804 5834 1494 6626 8463 3712 7458 1930 1713 1677 7264 5971 8408 650 3139 3975 3405 2418 