4890 9329 2262 510 8958 4199 2350 80 9535 6169 316 6046 420 6303 913 993 1409 551 3000 5838 46 2709 4080 7512 1602 4637 9817 6149 1696 4051 9889 9936 2614 613 2784 1391 1183 1460 3357 2522 1382 4631 7387 8767 4710 8666 9922 6294 6122 3619 4882 1745 5122 5631 952 7279 6848 1489 4300 1728 5946 7181 9629 9730 2814 3388 4419 4934 2079 9264 6151 4231 178 9251 7925 6848 4755 8241 9844 5744 9455 1360 4467 408 6834 3350 1184 9081 1134 5957 284 1131 8909 6421 5015 6015 855 4309 8315 4583 
2888 1802 8445 7241 1050 4852 2893 838 466 4595 6654 3317 9608 5087 2776 4244 5863 5753 2799 6803 6215 9267 398 6210 1898 6091 4877 425 680 1740 1469 2268 4892 4592 9623 364 7626 3105 3530 2635 6321 9876 7001 3770 3069 7978 4991 5229 5593 9891 1248 5439 3760 1240 2584 8860 1286 9792 6699 2108 6408 4760 9600 7059 7489 4959 5308 9310 7413 1760 2544 5813 2026 3185 2804 7776 6718 3159 2184 7861 4805 6062 8606 6402 9572 2376 7764 6637 4692 6077 5193 754 1779 354 8454 1852 8043 3092 7691 1053 
6590 2894 8469 309 2630 1826 6593 5751 8777 1683 2570 8872 9682 9286 8341 2706 1212 3152 5553 6313 8198 4309 9416 8465 843 9932 1644 7939 7545 2013 314 2999 3400 7821 3576 5850 8876 5369 5165 6469 2902 2654 592 6914 4338 1335 8837 7452 2413 1548 8567 3436 6587 9013 4359 4327 6044 7556 3199 6508 1295 8912 9059 2592 7517 3418 6008 6971 8516 7310 3282 6043 8012 2 7599 2786 5626 209 84 3609 501 4905 6472 5765 316 3282 5072 7058 9940 2974 340 5983 342 6946 4938 7697 564 5205 7906 1642 
4942 2405 1529 2488 3662 8001 8253 3978 1536 4842 3552 7474 4782 2878 7118 216 416 4465 2070 5546 2371 9977 7188 9924 3586 803 6268 4220 4156 4332 5414 7708 6549 6938 7155 482 4083 8661 4470 8548 732 16 7271 7061 3556 1981 2731 4714 4783 746 4652 1938 6158 9253 7925 5232 1060 2170 7033 8141 5677 8576 1986 1423 8354 747 8484 1911 6818 994 6604 7953 1741 8756 6177 6279 1782 326 1511 2842 4800 3682 9293 9359 7391 50 5729 1345 7825 8445 6310 5995 9480 6939 7433 8196 3838 726 9725 6470 
6404 1703 7556 8015 7931 6850 7375 5322 1071 3777 7404 8769 1603 1488 7214 4265 3835 3745 4488 2259 9037 4854 2449 6115 8919 8623 7335 6901 6678 4892 4609 8094 4995 6284 8773 3688 4286 6728 1528 7345 5363 5401 7442 8891 9890 4972 7502 8927 6178 9952 5042 7109 5223 17 797 8476 6696 9745 6487 4740 3941 2004 7629 6593 5509 4143 3938 7224 9545 1380 6116 9435 2704 3618 4714 9922 6108 2344 6125 3141 6326 9173 6071 3183 8021 7164 7124 25 1106 6316 9975 6615 192 6357 1646 6308 2144 4350 6278 3210 
9585 9318 1929 403 5070 6729 6604 2801 4152 9965 7628 1002 3346 5086 3671 3321 1702 483 1894 5233 4554 5336 7184 8546 5520 9737 140 9659 8871 3222 6980 1827 6023 7484 2804 2340 1465 5686 6551 7478 4313 2851 1153 532 7405 2841 942 7739 8340 5603 1614 1013 6746 4947 9192 2769 1997 248 5986 8859 7757 299 609 7804 4366 7510 5308 8384 8692 2216 1708 8962 9604 901 4740 9544 1340 1406 3043 7392 8255 2250 4043 2413 3456 8844 7318 3580 9520 282 271 215 2498 6165 7017 8413 2849 5120 2125 4746 
7064 5569 3347 2543 4055 5239 1370 3648 2539 4785 8622 9159 7120 7121 9749 7821 9272 5161 4711 4580 4854 418 1240 528 4637 5852 6859 6056 5459 1929 1714 4351 3228 14 9122 2577 9049 6809 2690 5374 5095 1914 7147 1510 5533 6895 8292 4589 5802 7849 5786 9163 7225 7256 6735 6110 2525 7809 1258 2469 7712 6802 3221 6798 1508 7468 762 7749 2808 7382 7421 2141 6943 4863 3349 5417 6795 3109 1376 1254 3951 8851 3830 7382 5998 8434 7537 3393 8755 8216 2766 2592 955 4493 5359 9809 6176 882 3742 6308 
3595 2167 2629 2076 5160 7211 1518 378 941 5712 213 3915 1246 4850 1192 9551 6580 6762 9594 3930 3010 8131 7164 1577 1304 6934 4427 1459 2197 8961 5231 1918 121 7480 2079 1093 2492 7677 9531 8859 6959 4602 9102 5300 5900 9897 8294 3033 4823 9062 1970 3764 6524 5378 6632 2769 5427 2733 9189 5766 59 2439 2555 6630 4409 2863 8289 4037 5766 9148 141 3866 7702 7748 1270 5060 1392 1283 1333 5210 1528 7307 2207 2500 2572 8101 4844 4404 9854 213 9952 1835 7045 6641 8576 5549 8588 1542 562 3388 
3377 6672 6242 9301 2134 897 2798 7314 7894 2069 6276 3853 3614 2377 8756 2282 6247 3595 1854 2473 5608 5271 535 4700 3583 8160 8740 7656 141 1464 2641 1827 8201 3939 9702 3562 3422 594 8503 8686 45 7165 1198 6399 6931 7137 8507 2813 3634 3408 7243 8634 5498 5332 1865 1910 9624 6416 5854 521 1103 1860 7869 7322 3526 7593 3363 4637 2089 8546 5940 8674 5704 3567 4008 7682 1208 1093 5730 1662 7025 3026 7608 9591 7342 8667 970 6042 5692 8377 359 9003 6175 6841 8737 2229 9827 2334 9750 2143 
437 5316 5659 332 2374 2866 5715 6357 2695 6638 739 6220 2808 2735 2630 6710 980 4176 3558 378 9456 8801 7192 8884 7146 9717 2818 1936 5149 7711 1641 3928 9600 8142 2727 94 7053 3769 2177 2749 7250 9946 2883 9457 2806 4358 5776 6323 7198 6813 3306 6166 7392 1974 9733 5251 2098 172 6631 8918 930 694 1949 5140 5075 6565 3610 1871 5873 4943 6844 722 5871 6895 2035 7911 5753 4521 4556 3742 7646 9520 7668 6245 6882 9048 141 1858 2789 5430 8149 6854 7129 8390 9780 467 6321 4801 1339 902 
9869 7770 3349 9035 5240 5956 6916 4514 5874 1479 1204 4553 7613 3386 3087 2990 3592 1641 2040 2945 536 2695 9035 4921 7190 6240 1086 8007 6110 6528 571 3205 1089 4498 9476 9179 9259 1173 6259 5380 7182 5408 903 3611 8854 108 1231 4556 7436 5031 8551 3713 4848 8251 6181 2065 9312 2879 3396 2107 6250 7134 8511 6591 339 9058 142 1021 8878 333 4154 9570 4299 4480 1211 2249 6437 5395 1176 3390 902 5615 1514 7439 6728 4038 2216 9748 1350 4137 2183 4354 2213 8763 6179 2415 5327 1363 8453 5252 
4031 2507 4758 4091 6378 2651 7456 8551 3755 9939 4186 6769 8945 3379 7421 3232 4136 4035 9627 7997 1664 9275 8015 1324 3111 1302 1212 4768 4244 8125 9689 431 2642 662 5669 7631 4299 4480 1724 8056 1176 6295 1514 6728 9242 2869 8791 6791 2183 4432 8651 4874 8264 3411 5144 3010 3947 5059 1791 2668 6213 9328 2357 5531 9870 927 5204 8409 4828 7922 7300 3421 2090 7808 3287 4501 3317 5989 9989 7175 8187 1517 6361 1457 9142 8496 3643 3861 4858 3580 2142 6253 4506 9648 7551 2649 6481 448 2569 8259 
2491 5978 3893 8038 4643 397 3452 2437 5294 1384 8787 7186 6594 8943 4461 275 6949 1461 2177 2289 2264 2185 1333 6858 3592 9572 783 7658 4871 4018 3112 4431 7845 6718 6204 6944 3906 2351 2892 415 7346 8093 1116 9305 9375 3781 6881 7239 5468 8594 7807 4059 7931 9225 4803 7827 9860 3225 6368 7664 7892 5279 46 9237 773 2777 6581 7829 2449 733 514 8619 7503 5363 4172 9276 2946 2196 4496 3673 835 7468 3984 9955 9507 7716 7852 9721 6799 3270 8463 9133 2871 1522 2948 5544 4702 7974 8118 3688 
5466 1465 1883 1718 1018 3862 4783 1755 2946 7678 9142 3643 3861 7220 407 3894 4589 7480 3667 1333 35 1805 2482 7370 428 3406 8294 2826 591 8611 8945 9667 6149 3904 9718 7395 430 8143 7470 2545 6962 9396 4768 2789 9689 9573 4068 5075 8678 6354 792 8891 9184 5649 1164 5813 3163 1797 6689 4073 4890 7163 552 2201 4556 7493 511 4856 3676 1138 8393 7846 6540 1642 8647 4355 3477 4173 3549 9278 1563 5478 7305 3552 2449 733 8619 7503 3002 1617 5609 9325 414 5576 41 6608 1714 7783 536 140 
1827 5200 853 4695 4477 226 7125 341 7346 3938 532 9706 2810 8295 6914 7819 1431 4709 1978 6516 850 12 253 7367 8308 5361 7220 3411 5893 5845 466 5506 4666 1047 101 2503 5322 7316 6082 3568 8104 4678 7143 6473 7170 7193 4526 3129 8815 5131 7270 6470 1929 573 1101 6269 3270 7792 9721 8666 9058 2372 5686 6450 3750 8897 1205 3365 176 3245 3754 7215 9192 6436 1238 3122 9313 3630 4418 2346 8390 2549 1063 6315 4708 3811 3257 5542 5863 2054 2500 147 1083 1264 2150 8055 4456 1382 9998 1205 
1475 5671 6185 7029 2002 4794 2360 1274 2988 9214 7489 5525 5095 9454 1534 26 6989 4144 7153 493 6909 3711 5975 9651 2479 8115 6610 5841 9891 998 4409 8898 5993 1386 1945 6019 8981 1898 138 8507 7382 7143 5920 3754 9282 1180 6562 1499 7585 278 1500 5323 4200 1720 4850 1465 5627 1718 1018 4093 1588 6091 1147 6291 1414 9122 1967 7113 2007 6858 397 6978 2280 6098 9725 6464 5072 9029 490 737 8972 2679 1312 9701 4485 3515 1080 875 595 388 4551 1795 8904 7216 762 7558 7084 5696 9864 7240 
7585 7698 3978 8108 6991 6623 6057 1604 3226 6263 9350 6235 3353 3518 4621 9402 2517 4640 6230 6663 2730 8712 5739 8140 3219 8572 3268 5958 1646 1610 9911 3215 6592 782 2308 8434 8182 8247 3558 3630 9472 8424 8549 7066 8876 7849 2351 5557 7777 9313 9790 3782 875 4126 1728 6133 4945 540 5664 6430 363 513 647 5588 4832 8885 7635 1930 8551 975 6726 8500 4085 6384 9177 5294 9626 8590 6234 4619 6213 6748 4249 1482 3877 2262 4586 2389 4416 8144 875 2938 4496 6853 5306 1508 8938 4780 9864 8622 
2830 9946 1348 941 9233 5620 2773 6871 4799 1142 8155 8566 7228 2848 1952 5081 778 3655 5444 4365 9301 8837 8929 1105 4528 6581 5417 7888 3052 3482 8379 4342 6800 6634 6434 6996 3143 5471 2362 737 5722 9116 3464 4698 4246 389 5869 9920 1054 7810 439 637 9952 8513 2987 5015 4958 57 6337 2174 4431 9593 7282 7763 8826 6412 3207 346 7810 4235 2710 5425 8189 4361 9146 3508 9 3119 5744 5273 7314 8400 9712 2110 7256 9564 9282 1332 4928 6797 2487 4029 6861 4055 875 9338 1151 9973 5983 3984 
8187 4395 5780 1726 8450 8954 6452 7963 4074 4527 1860 7776 9881 2178 7911 6046 3135 4758 8204 5609 2915 9730 3227 3366 5452 4679 4791 5308 9458 420 8693 2541 5756 7805 1882 327 2207 7592 8657 6182 5416 3846 6020 6325 3744 2170 4502 432 319 754 7381 2248 7418 1317 2715 6471 4137 4191 8360 6948 7933 182 1075 440 5029 8088 716 9921 7640 2976 8250 6981 2215 6086 9230 4143 6023 2642 2488 7179 3189 8903 9162 9648 3421 6481 6135 448 3894 7432 6499 7110 3675 7313 547 4162 9422 5706 7358 888 
7721 6755 4343 1474 8548 1788 1672 6102 7951 501 3386 628 8769 7651 1713 3724 1497 629 1157 4060 236 4350 3991 8442 2759 403 4824 8991 5421 9 6380 6082 2792 617 4967 2627 2470 695 7835 4590 6489 8152 6197 1563 566 8292 391 3690 660 4998 7399 5268 266 3825 1559 9996 2709 9582 6482 8223 1974 4228 292 1143 2702 9990 9839 3780 6312 6727 9561 2247 1949 6889 3534 9977 2777 2661 1690 9969 4034 4314 857 9552 9842 7517 9408 2447 3849 6428 4606 8551 3855 2385 7882 9350 6290 2979 2806 8743 
8685 4621 8517 3815 4926 893 5227 6163 8196 6747 2943 3081 7134 5757 2019 3451 6668 3253 3339 5333 8554 4484 6648 5074 2678 8371 4813 5039 450 6902 8428 2237 7992 3638 8659 85 5198 8107 237 7058 6953 115 9428 5940 7230 8228 1133 7896 1146 1099 7018 8736 3061 5337 2306 8194 6986 199 2962 5521 7041 4317 8480 267 3648 417 5213 7586 850 4645 8388 7985 1016 2901 9480 2897 4836 9060 813 4952 7995 5741 8834 5386 5951 5971 6396 4146 773 9417 2274 923 381 1996 6140 7489 1050 9059 9833 6129 
3387 3675 1899 4013 6577 5452 1982 5381 1829 7397 6468 5855 8648 3005 7034 7058 9089 6169 520 1753 6174 845 8988 9604 351 9506 2749 1146 162 1016 8214 8883 1904 667 4684 4846 9590 4662 5047 712 1534 8968 6139 9705 7339 7317 8296 4239 7510 3134 4519 8297 7867 5184 3699 4428 6650 8301 9072 580 5099 824 809 4170 3334 3782 3970 2505 7399 5356 6305 1689 2373 752 4797 6228 1941 3961 6785 8103 1852 2438 7933 5926 4387 8413 2879 3291 7486 8082 764 7646 6072 5862 9953 79 7747 7299 5566 9096 
2774 8882 3316 4080 4176 9626 3922 2785 6521 1009 3199 7851 1856 8158 2696 3388 3691 6863 7835 427 6333 1913 4242 2765 3334 3421 3465 5608 1876 3609 9795 4483 5974 222 2308 789 2902 5378 2187 5612 1756 3794 3442 5986 2705 4352 9160 5944 8856 7904 8754 8818 3237 4792 4273 3452 5062 4899 6355 1381 9202 9890 9920 1647 6094 2420 8885 3485 1913 3113 6005 6025 6039 7388 5607 4151 9600 2454 7384 7129 1194 1394 6232 9202 6644 1791 2664 5645 2479 8808 220 8361 8653 6941 2972 1456 4089 8117 7973 6799 
6124 7473 4160 3682 6118 1911 3077 8846 1374 1015 1049 7167 4774 194 8457 67 2989 6681 22 6249 7324 9977 5644 1029 5021 7276 2958 56 1306 6235 6176 4892 9785 6608 4177 2994 7041 8480 7827 2986 4813 6505 4249 2680 5940 5676 8872 1227 1897 6684 8030 4325 4256 7054 7078 6955 6643 5367 1467 3471 3163 9282 7087 8865 1871 2134 5314 6704 3962 6414 1938 812 1599 7569 9630 8546 2492 1460 4206 8409 8408 5717 5607 3223 4713 2015 3663 706 1087 510 7300 6945 5281 6649 2990 1574 9058 5251 7962 7613 
8516 1259 7418 4387 1234 6497 2849 3791 3433 2241 3356 199 1533 9685 2970 8213 1277 8688 7683 2449 8191 9339 9802 4423 5511 458 6946 8517 2913 5559 9494 7385 2203 2922 6865 8528 5749 5749 4356 8772 1033 7269 1121 6680 6522 6845 9846 6556 8380 2569 6499 9034 6847 2797 6700 6664 9065 7987 1791 7842 1398 2458 3723 2069 4075 9237 2216 2090 8070 880 186 7370 2190 5026 5410 2651 926 5834 8842 8379 7123 6503 51 2702 8554 9980 875 9449 5229 3777 7303 4209 2566 8804 2130 4266 5632 2069 4849 8443 
6914 5243 6708 8415 2263 826 4851 7696 9677 9500 5943 331 5609 4337 1826 6668 2788 3599 6833 140 2906 3449 8892 7693 1632 3624 5952 2564 8817 4421 5340 3098 2601 8477 4418 8506 7879 2549 3884 287 9752 3957 6401 6909 284 5685 1449 147 1083 8885 1087 5148 6995 1902 4456 5327 4959 1205 1475 8236 9050 5671 6038 9196 8909 1075 4147 1543 2162 3044 4201 8919 6719 3064 207 8034 6798 4896 2901 3610 8508 1076 1316 7687 5517 7684 7774 840 9311 474 5019 983 9720 8417 6395 6925 3792 3823 3948 4295 
8331 4752 7592 1944 3796 5848 6422 6461 2214 7545 7059 8519 130 3994 1698 1923 1375 5110 4359 4493 1788 5728 284 7743 7446 9130 8251 8779 8978 6206 8232 5236 2103 6658 9329 1847 8727 8554 6356 4926 9808 8281 7240 6830 277 6485 4124 7128 4852 8447 2053 1004 4762 9096 3610 2338 9414 367 5088 3047 8788 2051 7177 7976 1687 7878 4775 9280 9025 4715 4319 723 2246 9829 3913 8959 652 6392 4402 8103 5284 8398 1942 3779 4400 4829 732 9213 9157 1310 2184 525 3753 5288 9143 7917 7457 697 1197 9175 
9109 6053 7186 6872 7885 4643 983 6217 800 7721 8341 5802 9670 9269 9306 8863 8402 2119 5507 8031 4336 8198 1078 9650 2854 7608 1982 1996 8667 6840 2580 9401 998 6155 1694 8377 359 9003 4348 3951 670 7334 5997 1010 7630 978 1518 8358 6438 3013 941 4127 213 4718 4197 10 9551 6580 3010 451 8131 7164 1036 1577 1304 6934 2776 2224 2111 2595 5846 1213 7235 8098 3431 5656 4494 8800 6833 9325 440 7037 6724 5735 3001 669 5957 7026 1976 1973 9780 2025 5271 8956 6206 3374 6602 7417 9737 6474 
794 1674 8566 9520 3196 3088 6213 5829 3668 8121 8275 1678 6256 9887 6473 8067 4738 7629 8496 4664 3178 6238 2334 4746 656 828 2441 4093 5382 2158 9209 1688 492 6384 8974 7087 9408 1644 6544 1927 1136 5603 8754 1688 4322 1476 3798 8513 3728 1527 7826 824 7892 5005 5685 335 5948 270 814 7181 5477 1225 3207 6981 3785 6265 1293 2293 8364 6622 3348 378 8853 3510 4954 1230 5543 5239 9884 4703 523 2331 234 2344 6694 9858 2939 6992 310 235 4495 2717 1162 4557 5130 7486 4512 4160 5424 4819 
4084 9282 8217 9499 1803 1689 7677 5436 1313 8806 894 7344 7954 2523 2032 3974 8389 1261 9539 9105 6090 9421 689 1787 1254 9650 5712 639 3366 3393 2802 374 6148 5680 887 8506 3828 1063 6315 2881 6995 8435 7987 7592 6461 3797 2214 7545 7059 5791 3994 1698 2194 1923 2468 7473 1527 5110 4493 6659 6767 8090 9214 8538 4471 8897 330 26 9278 9146 4257 2906 1563 7847 9615 5285 1550 9831 1642 2449 5839 8619 3002 1478 9931 7236 3329 9639 6049 7110 2808 5512 3266 7204 2123 7571 848 950 3631 5545 
4703 7750 1640 4681 1006 441 8884 4526 4184 4125 6399 1086 85 3069 9823 8082 9431 6850 8581 1238 1439 7779 8196 461 3635 9563 5973 7779 3219 7284 6426 8295 975 8427 9188 680 6198 9300 6881 1192 5644 4075 7765 2268 3792 5845 183 9549 1168 9647 6550 5825 8906 1102 4088 3162 6979 8368 3269 2631 1819 6418 5915 8490 1243 65 3650 3284 4839 2337 7519 1590 9237 502 4443 1666 4076 7227 1939 2897 5387 3408 4326 4876 4507 6511 4917 4335 3174 2629 6038 9891 4653 4493 1367 1776 8443 9362 8127 6905 
79 0 5904 7205 5795 6365 9388 7604 3498 660 8938 1710 1789 4046 8991 2150 5439 9802 9551 1464 7861 4429 2801 4330 6704 2122 3657 613 9581 494 4659 5837 7987 3411 4141 7318 7614 5646 4815 4785 2677 6686 5567 5478 7750 1856 9458 8868 4002 8102 4592 8755 7174 5638 9326 6679 5316 5536 9843 6346 9726 206 7635 3541 5324 9221 4668 5997 6975 4507 3121 7810 1633 2989 4900 3233 8893 3278 1061 48 490 3267 1214 782 368 9289 9266 2220 8300 2191 9058 87 9652 1417 3104 2634 4222 6270 2761 2458 
1080 6666 8815 3768 4624 7009 2608 8851 690 8384 5884 5163 9616 4576 2640 9779 8762 4682 7053 3246 3798 1540 6181 1335 5798 2263 4427 4206 941 8729 3339 8470 709 6629 2890 6638 1162 8024 5748 9380 3132 617 3598 167 5742 4592 2906 8376 6607 8173 6955 9768 8393 4217 4240 3662 7509 7011 9430 1821 9901 8059 4006 5568 4707 8383 5115 2805 4446 8128 8274 7627 8632 4090 4938 9645 4380 928 1200 970 1593 1805 9645 695 3211 1188 5966 764 6040 5712 6945 5953 5956 4684 223 1055 8898 2842 1945 8981 
9205 1898 1265 2643 7508 8507 1366 7143 2570 6706 2977 9282 6478 8524 6312 2392 1089 9055 3526 2008 2126 5760 3681 4917 5633 1041 4378 8797 3763 5667 6544 9157 1717 1968 3621 5453 7744 7568 8284 3778 1294 7050 1349 2071 6535 3507 8789 8616 7080 1780 2943 1907 3798 5800 3479 1644 5055 9887 7101 5133 82 4315 1663 6643 2632 5857 8373 799 9679 195 7194 3744 2782 843 3905 3365 8562 1737 7757 6837 1965 52 7128 2596 4253 3650 1368 3745 866 5190 2893 2679 8654 9867 8596 8411 6768 2583 813 2135 
471 908 6480 9584 2298 9440 2739 6201 4669 1344 1538 1610 5112 6403 9235 9125 4729 4734 2123 2395 286 978 9429 8464 9640 7582 8069 5145 1527 8930 3289 7963 1965 447 5263 2564 7192 2311 3848 7069 7955 3813 7375 9612 3882 2914 802 6159 8037 1552 5038 3120 4626 2492 1006 1264 5327 1205 1475 6038 9196 8909 1543 3044 7212 2257 5337 1985 2957 1137 8524 6463 3374 412 4904 3790 6971 1811 986 2991 1264 2662 5977 5505 6117 4182 7102 8239 1334 4244 1947 3504 6761 1053 4410 2110 1816 1156 1854 4053 
9153 5786 1133 8431 5343 1789 3531 450 804 9927 37 4562 6472 8147 7732 3267 2993 1121 719 1601 45 7475 5355 7857 6390 2201 9085 4814 1215 9887 2140 6505 957 9208 8395 646 5002 6515 6217 4504 9372 6243 6183 57 4431 1656 3440 2282 4374 6588 5731 7049 3490 7664 8299 3515 8688 1339 1058 1285 5804 8474 4906 4299 4186 5320 2674 3653 2525 1198 7559 8811 6499 7961 2219 593 8420 5520 4021 1471 9218 3020 8363 7648 6459 6848 8725 7383 2162 2535 7536 8800 3798 614 4257 1459 4601 8336 498 8585 
4841 8580 6376 9739 1568 9059 5620 6111 1280 3831 426 4447 360 7485 578 7718 1206 4767 8647 1185 3539 8481 9272 6911 6809 3468 5776 1757 8386 4656 9093 184 7392 363 8875 5405 3576 4403 840 7859 2058 2045 1250 8369 6858 990 7461 5518 7333 2656 2569 4527 6792 7205 2797 1845 3257 5045 5291 7987 6963 8253 5253 2015 8334 2928 1907 6401 9418 5727 8956 2679 2810 2090 8070 186 2410 7490 173 8071 3296 7284 4327 9862 446 8964 5329 522 2438 9117 1316 4029 5585 2881 1427 7902 6974 9716 3638 2218 
5193 8555 2505 1658 1723 1171 8221 7282 4445 943 7180 5707 2677 7241 3770 1323 1041 9460 2767 2484 1054 2717 4061 2889 9287 6234 981 3427 5751 8369 2804 5916 4130 42 4878 8571 3389 2702 1867 8055 7834 9487 3714 7014 8397 2461 5166 3832 1281 8718 5035 2992 9068 1421 721 8006 9583 1571 9865 6204 2701 7144 3189 3586 7855 7351 3670 2248 8761 2641 1563 9518 1063 619 4249 1078 3608 8109 7407 2455 796 2810 5373 5178 6516 8844 8171 937 2210 324 5997 4051 5970 748 376 7126 4870 2785 6856 5220 
4560 1640 1416 3146 5351 4739 7278 4572 7636 9541 4761 7631 4154 5250 1211 8056 5395 1176 6295 6728 4038 2216 9748 8791 4137 4354 8763 6179 3411 8301 3010 3035 2483 6163 2026 6847 3198 8874 1676 6878 8374 7756 1684 9207 7358 9439 5782 1009 6329 8921 3648 7299 3319 655 746 8796 325 6359 4190 7856 3805 5642 5793 4098 8733 1622 4767 3201 8433 9344 1191 8248 2457 5945 1060 4855 8954 3369 981 4606 4257 3311 4927 1689 8613 2679 8277 238 6861 2167 3039 684 3010 3328 7443 6189 4230 8932 4569 4958 
7560 2070 7822 267 6587 3478 4469 1576 4519 8912 3542 897 7149 5043 3127 118 5425 5243 4658 4490 8721 5989 3649 4374 2988 1346 7239 9030 6154 8733 2875 6102 4832 2665 210 75 9592 4824 9518 9134 3347 4597 4998 1280 8363 5735 1836 267 3271 6158 1183 2493 6529 6445 9742 566 7111 146 9844 6402 3365 3857 3292 6267 8523 6077 3108 974 3728 8227 3094 5552 3599 541 3414 2441 3763 6430 2765 7017 9220 9568 3230 3322 9463 2542 6422 874 278 5938 7339 6 9241 8035 5845 7316 4462 1760 7245 9990 
4262 3738 4809 3509 4490 2713 3834 2131 4471 6244 4585 857 9222 7813 4356 483 6622 9073 8358 7338 120 3445 3609 2082 1318 5929 7296 9537 845 9805 601 9453 4910 4698 7319 8346 1086 9390 8927 661 5681 4249 7008 6014 713 103 9457 1202 2791 3391 9989 4286 7867 5102 119 5982 6176 9579 4466 1645 5302 9698 7893 1489 5172 4812 3477 440 1805 2211 5361 596 640 5358 1961 9918 2763 8247 7475 1911 623 8962 3642 4629 7432 7110 9034 403 8433 9159 1362 3944 3230 4252 1987 1875 4704 7161 1058 7135 
9004 213 390 2485 8346 8917 1617 2356 7641 788 8170 3739 8684 3999 6608 2066 6055 2765 4026 6284 2136 3105 6994 6957 5904 3720 9624 3361 803 7381 6554 7217 6471 6903 7719 6935 8522 7933 6858 7461 8631 447 933 2642 9888 813 5152 7293 6491 5882 7572 2367 8021 765 7871 6197 6876 8083 1755 2529 3524 4878 7371 4113 1364 7061 2557 7216 721 27 8253 9548 8292 8995 1933 6460 4624 2282 6902 7315 1455 2800 3858 3027 3861 2149 2700 700 5677 7046 6097 9444 8158 8270 56 3549 4173 1188 4265 7811 
3293 1949 4201 8919 6713 8030 4269 3705 2901 7433 3610 8508 7022 7687 7774 6092 4059 9141 8069 4395 7664 5663 2649 4359 5728 6659 6767 8090 8759 9214 6807 8016 212 3230 1875 7161 2131 6599 6920 3484 2248 6375 1272 3056 4198 3232 797 9989 7392 5594 2198 699 4733 981 3570 3427 1345 5580 8074 42 4878 6317 8571 116 2702 8055 9788 6413 4783 3209 1755 2946 7678 9314 1213 8351 7083 320 9136 8435 5658 1737 3525 1057 1539 6593 7083 5465 9740 6134 3983 2005 8133 7556 2618 7463 1324 4726 1124 9421 
7565 888 316 2934 1811 4788 3329 9958 980 5829 1220 1980 6904 9790 458 3951 8565 6210 2835 7209 8314 8200 1950 7940 5186 3135 2522 790 4279 5313 7196 68 5408 8091 8417 1799 8024 5267 4536 8706 3807 165 6326 8722 5770 1664 7797 7578 5348 1107 6867 3377 3521 7120 2569 4273 1232 9108 1451 8217 5453 4079 873 7914 7662 4006 1968 9303 4916 2344 9858 1232 1562 750 2966 2970 8351 7025 3460 7889 8514 3805 6656 4570 8912 4404 392 2403 1321 69 4355 6118 7717 4374 3027 2281 6685 24 6596 3062 
4047 4792 4146 4657 316 1518 7943 3435 7651 2193 3011 7027 8804 4012 8262 9593 741 9125 8019 6058 4604 7615 4189 7703 7948 7229 3742 5101 5731 5167 9356 7319 3423 4800 2929 4225 3118 9348 7426 4040 415 882 1974 292 6957 1143 3641 7130 378 7731 6727 2373 2247 6524 6330 3020 9977 3619 1133 9279 339 3584 8868 554 1626 3030 2941 3577 2337 6219 9406 3213 2262 9090 1301 7260 2044 9070 1426 8698 7991 9124 8369 4232 4879 6333 8901 9473 1516 7286 2 5221 1901 5505 9738 6071 9733 3817 8298 7724 
6403 4082 4524 540 9471 9171 6696 6100 5185 1791 4031 5995 4001 3369 4713 7338 608 6550 2078 7747 5981 3142 5846 1615 5575 6629 7752 6777 7921 6221 4750 1923 7915 4823 3374 244 9588 1862 739 9653 8765 5446 6626 2324 6300 2193 2410 5327 6928 9355 5361 5642 5251 2438 3355 5521 469 7315 5689 4586 4538 8485 9553 9758 3991 17 2610 3868 2434 3942 540 8291 4980 5808 2997 5595 3313 7537 1006 4918 455 8304 1840 2100 2127 6397 5670 8456 1830 9672 5962 8222 8045 6963 7117 2068 6209 3909 6682 4213 
7107 4301 110 1900 236 1493 216 8456 893 2962 6871 5532 4911 8033 2307 6519 3438 1283 8457 1425 9931 8952 7932 631 4986 2194 2165 9660 6770 8985 9267 2913 7924 1116 3727 6137 4608 4914 9190 4323 1791 1108 2479 1195 6537 7497 121 8110 8785 4655 5764 5146 9997 3963 1965 5757 3206 3428 956 9803 8216 9399 9169 109 6065 4506 9209 6157 3952 9408 2326 5380 8138 9820 5743 4220 2121 8980 8828 6616 1192 2984 6231 7616 3723 9055 8339 3742 6543 1394 7493 809 2745 351 4648 3273 1122 9402 6105 4396 
867 5344 5726 5669 8306 9078 6023 6154 478 1729 2585 1272 1440 9813 5462 7434 6491 9612 1418 442 3210 66 9150 3129 3266 7976 3597 931 8568 6330 9460 14 97 7383 1295 9232 8330 2368 7009 2027 3727 3292 662 4397 3133 2381 8193 1552 2289 5166 7048 4544 3625 9872 7478 3948 36 7756 123 2340 2278 5517 2974 5365 833 25 1307 5419 4301 9829 1104 7671 6118 7911 1568 2547 1063 8047 8339 7713 5039 5232 5444 7549 5430 2229 3894 7959 8019 5955 595 7966 4796 4295 7275 6817 5294 3181 2643 8507 
2998 8082 2515 6957 3939 7850 442 3035 4436 8733 2193 7199 4587 2186 2298 3139 6797 1682 8431 8212 1634 8160 9155 9247 2049 2750 3619 4020 4913 9145 8739 4279 255 6527 8398 7126 3442 2378 6723 3515 3676 4185 5414 688 8409 7053 311 8142 428 6113 218 5571 4697 8078 9916 3971 2072 183 4142 6644 752 382 5493 6434 441 1710 1513 8943 4924 268 4329 4056 2996 6358 7854 8218 4150 7064 7163 3566 259 7969 968 870 2901 8913 7208 376 7350 2272 4038 4781 3936 4178 1053 7748 3215 7607 2156 9204 
1011 5864 5468 3819 7500 3012 4901 9756 332 8096 5143 4791 1378 3198 6744 6834 9177 5908 6512 6956 8606 4541 9625 9239 2376 5703 8890 8067 5163 520 7488 1333 1301 9131 3833 2822 106 7758 1349 1752 9705 226 8827 8526 1604 7037 7361 2454 7035 2928 7274 392 1415 9304 5608 8603 2172 5166 2048 1210 1080 6745 3617 1917 4721 9808 9327 2020 6384 9080 5655 812 4396 772 236 8053 4087 2658 9043 1723 1540 3485 9728 3097 3169 1393 759 5611 5896 5923 3303 9998 4105 2622 3469 3650 3780 7083 3529 7197 
1376 2137 8714 6533 2308 6892 9535 1455 8037 975 9010 3829 9602 2569 9337 3883 4390 4757 7998 2158 9412 6056 8789 6961 1312 1025 6066 4276 5646 788 8774 4900 1965 6055 2121 8300 5153 9652 1244 1590 2680 4474 6331 9753 7668 4968 982 4896 245 5366 7732 7679 977 6241 7089 6444 5176 2510 8334 738 9283 8866 740 3217 2314 2301 3862 7843 5235 775 955 1836 6877 1543 3470 1834 3156 9166 1133 569 9154 6704 9315 899 9350 9126 9755 7240 1792 8884 1940 2241 6295 4149 7165 5364 460 4177 6134 2494 