9125 7032 271 8999 7260 9162 1851 2053 6499 7326 4974 3130 7708 992 1024 3513 7386 3968 8387 1044 7309 2520 9240 6426 652 1694 7877 5172 3544 217 7510 6989 3209 133 9552 119 6849 2334 4855 8921 1931 5141 6073 4195 9429 4845 6119 6525 1262 7413 6335 4618 6589 7737 8843 2124 9304 8478 5617 2478 4409 6692 9577 2532 7710 1799 7948 2355 3846 8301 7904 3388 6752 8669 8246 8467 2742 7589 4541 1436 9049 6917 8292 295 3542 6135 6758 2693 6701 1245 5102 337 4999 6100 2309 2125 6137 446 678 1530 
2881 1488 9729 5115 6769 4609 4198 9643 415 1773 303 4773 8074 8749 8217 8077 6639 7189 9305 2393 9644 28 9503 7400 9371 9033 7673 598 3162 3082 660 6153 5936 9900 1594 6639 6342 339 5986 651 7573 9851 3954 1724 8429 4188 2424 9702 4632 5063 4991 9974 498 3048 6291 4098 396 2576 5847 7960 9579 1397 5240 8843 1246 1182 4726 3305 8030 3981 5222 4687 6034 8186 2661 5594 7808 4808 7780 439 2616 260 2752 5625 9402 5661 9473 5177 6455 6389 738 7240 8248 611 9272 6667 9328 1944 404 6229 
3164 281 6765 1835 5013 7932 4138 5244 1052 7951 8214 5434 1989 5712 4165 4063 8660 4790 2845 5326 6734 2099 8873 4928 1196 8650 5446 1010 6826 4961 2302 5068 7910 1727 1389 5434 2973 7492 3282 9034 8383 4315 8879 57 1059 6874 2157 8657 2079 1321 5053 9231 4501 4726 6277 2803 8237 1685 7852 5530 440 1134 5175 5449 4055 1858 5725 4016 5491 2673 495 7571 346 1900 9577 2753 1648 5556 4116 4610 145 2154 6339 7997 4036 5483 4952 7284 9618 8713 5343 8896 7838 2184 5743 2531 3995 2108 6749 8657 
800 1630 8803 7969 6800 8636 4646 5920 4264 5063 9522 1207 7360 407 6950 9121 9290 946 1398 4047 840 7992 7298 4660 6992 8173 3296 1638 283 9216 2254 632 8213 3334 5206 694 1965 2723 6168 21 2654 4068 7516 7424 6773 5508 4632 9158 8193 5644 6150 8940 4509 6394 6813 1493 147 381 7193 9456 9713 9920 9478 6390 3546 3906 6350 6671 174 1304 4925 6948 1076 7437 6791 9956 4595 8923 6455 1294 3648 9959 5112 9714 6232 942 6104 4489 6362 1509 1160 2129 8035 8816 7055 9107 5765 4483 6544 4358 
9687 7460 4014 9643 2055 9289 6098 9701 4945 6099 6013 2165 2245 7352 4621 7403 8193 983 5264 3113 4522 6520 8759 6639 1003 1655 997 7054 1343 4809 7338 3216 6710 9789 8008 5283 770 4405 7528 4474 9026 4931 2668 5619 9626 6792 8216 1844 5183 2912 2671 2420 337 4656 8964 963 2881 6371 3635 1318 4983 7404 4392 1082 5603 4567 1020 3807 6833 7927 5525 6270 2431 9472 5642 6486 84 1746 1405 9471 3966 6200 4927 3736 2679 2167 684 5402 319 4230 8932 4958 3495 7118 2524 5109 7822 4238 1933 7469 
4974 7386 3962 4761 3148 5082 2788 6067 9900 3795 8067 5076 4478 5011 5456 3605 476 2864 8190 4176 754 4066 5017 2646 3649 4911 5225 4293 4275 3843 2306 3484 2482 2618 2994 7051 7052 4295 6385 7013 6171 8899 4230 1031 1217 200 5246 8314 2897 1765 3973 6295 264 2089 1722 5947 6642 2251 7582 4134 3651 3143 8918 117 6178 5423 7094 6487 9301 9413 2291 2598 2803 8801 3542 1725 9506 4951 6276 5375 640 7428 5031 6795 4313 9906 3344 6447 180 69 4339 8653 2084 797 5850 2297 3469 1118 518 265 
8551 2486 2852 6980 8520 6755 6554 8189 2916 9601 5226 1483 8403 7943 5219 1375 4564 7259 3030 8501 1768 6080 9339 6515 2573 4188 2358 7233 9111 2627 759 8343 9858 7408 7748 522 445 9556 6452 7824 940 3371 192 8831 597 5693 1049 2187 7864 643 9694 9729 7358 6854 885 3068 9890 2163 6654 3739 2358 6608 5541 9153 7676 4346 8923 5221 1632 5793 8170 636 6686 5028 7847 733 5193 6371 9284 4578 3630 3933 8905 5507 3491 870 5603 6317 4208 2713 155 6526 2162 1001 6425 8443 5876 8811 5996 7262 
4251 2105 9845 4993 8930 4942 6674 5976 4805 3991 2218 506 6652 8018 9934 9179 53 5335 4217 7243 5384 9311 7130 5700 5743 9163 3483 9142 4816 348 4390 1442 9550 7192 2707 2455 5373 5178 6516 8496 8844 9592 8549 4209 937 2147 9306 1821 463 5434 9853 8004 2039 6326 3708 1076 472 840 3904 9518 1869 7609 9720 8417 6395 3823 1363 2144 7325 4031 4091 6797 4172 2487 2013 8231 6570 6591 4055 875 9338 2946 9323 7008 4953 3984 4395 7102 4644 9960 3786 2479 8898 1471 223 8240 998 8898 5993 2842 
5170 4026 2650 9555 2186 8910 3035 2927 3134 4285 9217 9001 6825 121 2887 4656 377 1548 6448 2881 5964 6995 4983 4857 4978 1082 5603 4567 2686 1020 1805 6786 6270 3591 8514 2431 1289 5340 9141 2601 8477 3630 2346 2549 2054 7844 2398 4582 4504 6586 3056 3232 9205 3209 3147 9283 1018 8212 2683 1071 4285 9148 2007 4994 5696 3952 4526 2185 3079 7585 2714 9 525 4963 3119 6822 7774 1199 576 8876 9555 542 7353 5975 3251 8112 3783 7454 3338 232 1205 467 2041 176 4942 3245 9907 3754 4743 2043 
6330 7215 2145 9982 9192 5217 7878 9528 1852 367 1450 4033 725 9021 2589 1441 458 6067 9461 5921 9044 3967 7072 9848 6832 8720 3079 3851 4635 4576 2714 3697 525 4963 1773 6822 3956 3804 1713 779 9501 5975 442 7319 8158 3251 4980 8112 7317 9756 7413 2225 7454 3338 3830 3896 2564 4593 5610 9358 3768 5101 852 9273 6183 7851 7831 1839 6472 2029 3799 7790 325 6359 4190 9964 7856 3805 6154 5642 6416 907 2875 4767 6102 9344 2421 1191 373 2407 149 1769 5268 3931 8248 5926 1468 4493 1376 3951 
8851 7382 8510 5998 8434 7537 8474 2141 4238 4863 3349 955 9368 5728 6316 7565 3149 5072 911 9858 4800 7313 6825 8783 3647 337 4656 131 2881 785 6995 7404 1764 4392 1763 1082 5226 3822 8858 4567 2686 1020 172 3807 8594 7927 5525 6270 3704 8514 8817 9533 4493 5823 1254 2866 8978 8510 7421 3502 3393 8755 6943 4863 3349 955 9368 5728 9415 3149 5072 4800 7313 2420 6988 3647 337 9468 2881 6371 5964 1318 1680 4857 1764 4354 8727 1658 5468 7807 2431 4421 3098 8477 463 7558 3828 6315 3577 2054 
284 5685 1449 3525 147 7383 5261 6307 208 3149 2077 6882 9355 2127 9019 9425 4021 2934 6275 6362 7166 6548 9402 8460 1480 5342 115 9308 6176 11 2526 8006 9729 5952 3445 9687 6704 2796 4893 9947 7988 2134 7939 1077 8706 1081 3655 6074 4179 3103 1226 3269 6896 1764 8904 6035 2051 4694 8195 501 375 7194 1680 614 8365 946 9141 3469 4044 7590 9947 9785 3826 3078 3922 5315 4744 9582 6379 4201 8711 3413 7121 2678 2311 8802 1782 6792 9058 3377 5776 7717 8058 2225 8324 354 415 3547 6669 9218 
1230 6670 5964 2474 4332 3377 1009 6017 8499 912 5817 1228 7041 3791 9324 792 3691 9005 6315 9117 6887 6537 7549 8721 9507 6852 2436 9338 1341 2621 3893 298 8045 359 1044 9190 5476 3661 2634 559 9613 8056 5856 3697 3401 4744 802 7803 7659 1714 367 9652 8735 477 5477 116 4991 8286 167 1882 2308 4404 5749 6060 2889 2207 6872 1242 4683 8082 5457 6979 1070 7835 6802 8895 9391 556 3861 7 4826 3385 9165 1948 4716 8024 9072 720 9898 7294 1165 5636 313 5021 3610 3210 12 542 8908 7437 
3623 1600 4837 4147 1962 2233 5845 8930 6571 592 7369 3683 6632 8502 8376 6577 2477 791 7661 2824 8973 9797 3480 2828 8479 3336 9913 2966 1634 1669 4493 1102 9515 5484 2521 2353 3109 1376 7933 8851 3893 7421 3502 8474 3393 8755 6943 4863 3349 5417 9368 5728 6316 7565 3149 5072 9001 4684 6825 121 5938 7749 3682 8797 5477 6007 8490 5744 3674 6923 4559 7526 4622 5314 9342 1482 2262 4586 2389 875 2938 4378 8934 2211 7951 2519 5856 4597 2741 3196 9979 709 2979 2295 9330 6860 2654 2987 9680 1471 
3398 129 2604 2752 9193 7651 8514 8099 965 9225 1753 5004 3596 9545 7349 983 2403 9650 3783 4362 1027 5685 3525 1006 8537 963 6371 5964 1318 1680 7404 1082 3822 5371 3800 9503 1805 3807 6786 281 8786 4094 5193 9177 628 4954 5592 3508 253 8308 5361 7220 5222 9393 5893 466 2444 8374 1047 101 2503 5322 5211 7347 3587 1876 5472 713 5319 7461 9137 8859 3590 1222 2302 566 1349 9692 3193 2630 3066 3418 7308 5069 9677 8511 6046 5370 6937 1753 9342 4226 1706 6070 1611 7702 5622 3617 7107 139 
6699 1561 635 2246 8513 2131 180 9029 3288 732 7706 6133 1055 7420 3025 8284 2327 9926 4086 8484 9540 8597 2015 6356 6593 7091 6954 3134 6727 3580 9005 3169 6210 6253 610 4506 6181 9648 2742 3853 3421 6481 8380 448 3894 4527 6792 9326 55 1640 9808 6700 3257 2265 2658 892 7400 2304 8396 3757 6709 168 6606 231 391 6809 6367 1774 4310 7060 451 7285 373 3735 1973 7408 2048 1050 8071 6832 9885 8578 5257 1575 3824 7205 3791 2786 9528 6716 3425 9080 3597 8505 272 1461 5088 2351 2456 7742 
1276 7947 8937 1049 937 9442 1246 283 6373 9582 889 7274 9491 4099 7483 6268 3654 329 9679 4449 9135 2626 3746 7235 1044 9216 7094 7100 9350 8416 9220 3479 7177 1977 3398 7415 4811 2591 8714 5716 7280 4458 667 3213 2585 3756 5824 8210 9093 1409 2028 9073 6726 2557 515 1662 2421 3259 2506 527 3397 595 5425 4338 3736 3128 345 3119 9770 9301 1146 759 5797 9566 4667 4437 4132 7048 4770 3025 5981 9489 6160 7495 5822 1262 8703 4254 4266 1713 2808 961 4593 9358 8961 6795 4802 8781 2650 3893 
3490 8193 8783 121 3647 6451 8074 8258 638 856 5567 4281 1318 558 1325 3268 8945 2597 8814 9337 6550 3668 7783 6259 9733 199 6529 3020 1255 828 3125 3497 7552 5294 731 4741 3599 7226 8054 403 8736 7421 9523 8323 2648 7340 8141 4897 3547 9439 6995 8159 4758 9181 2569 4001 3369 8146 719 155 4888 9790 3782 5042 9760 4126 2325 4194 8458 6642 5650 9049 9268 1625 7819 2340 3424 3784 5403 7205 7400 7304 2613 9955 2232 4267 7864 5230 63 4263 6672 5514 7601 8459 4081 3148 7019 8601 1849 4053 
2775 1986 2452 2085 8368 860 5404 6945 3628 1248 8884 3525 5089 7822 105 4410 3480 6291 3965 7517 666 5658 5114 5597 5629 6814 7626 2311 2490 8912 518 3991 5483 2776 7907 9511 9247 3029 4865 8302 2052 8999 1887 7469 457 15 3272 9064 6123 4164 1317 9997 4241 3623 9788 4087 8539 6773 5513 2838 9722 9632 1538 7565 4231 4277 1220 5080 3311 3634 8395 2519 2011 5477 5591 7239 4108 6039 7090 7001 2030 5845 3612 8018 5327 8453 5989 5594 9989 7175 9560 4540 8515 4858 407 4361 2289 2264 2166 9593 
8819 8365 2731 6203 5700 4652 3455 6267 4984 8683 8816 7752 9670 9633 3474 6805 2935 8141 3884 8730 8301 2710 1253 9210 7887 913 2761 8619 7318 5872 3192 2677 1103 672 906 7650 3133 9261 8589 8562 2782 4196 1419 4032 2427 8194 3453 7803 583 5876 9145 6532 8823 7340 2291 6795 7552 2633 3845 1283 949 1838 6489 2624 7155 2277 3689 242 2715 620 5549 4023 3055 3921 4927 52 3556 8243 350 773 1157 8863 4489 6120 9677 1495 2556 1152 8344 2788 6833 4121 5410 9747 7342 1906 3328 3670 4053 6546 
3314 3787 3120 2682 822 2402 2661 2841 6642 6830 5940 9486 8520 2514 160 7485 9070 2086 8363 8216 7812 2370 270 8925 634 8184 6146 1330 235 5554 376 4251 4204 9483 8236 937 6602 9857 8028 7304 2989 726 9308 4862 5097 7312 4641 9443 660 5541 3371 7387 8831 597 2187 643 5495 243 6768 4676 6006 3821 4349 222 7426 7217 1611 2107 9689 4457 499 6881 3635 8318 7822 944 2904 7181 9563 4365 4410 6102 2940 9809 1798 2453 3176 3281 462 6581 76 2531 6391 8915 5076 8921 8291 2368 9199 5616 
560 8679 3667 7576 7496 8416 5791 4367 7699 6808 6692 2909 3577 8058 8754 2749 3177 63 5792 3740 159 9663 7635 8112 8583 5724 8764 7677 5325 4092 8075 8817 2345 3964 8873 3078 8206 5871 3842 4620 7425 7151 7984 784 1351 243 8074 2669 8268 3647 6585 88 5744 9843 1892 5375 954 7374 1661 1468 7876 7700 5308 825 6242 815 7416 9707 8388 9130 1140 9887 5723 3499 5137 5095 1920 6503 9890 9020 9355 7312 3281 909 6423 734 97 1668 1682 6258 6039 6012 5269 6799 5375 4961 9377 4600 7654 5770 
8845 7870 884 8121 5509 731 8410 9114 9091 4375 6348 8512 8794 5535 4646 9637 3451 5562 2890 2526 558 9909 693 2440 2874 6061 1556 9944 3673 6617 9467 7534 4747 3769 1331 3771 4136 4189 6138 9678 639 1701 1168 6595 2933 4684 2510 9595 6130 36 6804 2314 4964 9544 4549 9778 4500 4237 1779 7255 5310 4929 1177 9746 6666 662 2776 8621 2641 75 4824 3423 927 1055 3673 3023 810 7927 9692 6270 3704 1289 5340 3098 2486 8374 430 3593 762 8382 8694 6084 418 1932 5472 7120 2874 4155 28 7735 
8230 8108 3036 3276 1849 7381 7905 1907 7504 930 2996 6039 3530 9619 5104 1865 752 6558 4768 8498 2408 360 3464 8999 7269 8205 9284 1953 9923 3104 5113 6933 2893 2928 7572 8969 2772 2017 5819 2472 6886 5424 9721 2938 1047 1027 7710 3206 8706 4565 5997 7908 7284 600 954 1 2616 7009 6301 775 2011 8938 764 4373 2645 3061 6016 8067 9180 6484 6567 9639 7860 4355 6891 1120 5671 5233 4517 2389 2608 9823 7060 5125 8667 4711 3803 6897 5006 4933 7250 7693 1675 6162 4163 7324 2000 1480 3332 2069 
8583 6947 3283 533 1293 5143 8835 9032 3308 5217 2503 4814 3383 8071 9844 4618 9805 8470 4447 6950 8379 3054 5189 4090 9973 6595 1140 165 7963 2989 6699 4761 9616 9478 4417 1452 1463 8084 5747 4698 7196 3026 7443 4831 6446 7487 7047 8204 5030 6843 67 8573 6558 1389 4048 3211 1797 8237 5001 6162 9242 6918 1730 6519 1233 5736 1414 5608 3403 9389 3618 7451 3667 997 7066 2766 4199 9368 6517 483 97 5152 1697 2085 2191 9593 4428 7062 3181 7988 5557 9989 3129 6347 764 385 2093 9307 5648 1658 
1500 7883 8361 9686 1279 6453 6575 7336 4734 3712 393 4331 9777 7922 1034 3099 4154 4769 3938 1654 2740 2446 5275 9175 3995 9764 4739 7932 9586 8678 2809 5714 8624 9751 6395 6399 4169 2368 369 7191 4944 7917 852 8006 4172 5305 1839 2029 5199 5794 4771 1662 4399 5053 9593 2743 5180 3890 8826 6412 9820 944 346 6903 4420 1703 7688 9112 5305 4409 7502 4405 3044 8079 5894 8845 4854 8466 3809 5461 569 4038 7876 6125 958 7539 4446 9164 2449 3218 3165 3176 2407 593 9594 8329 2775 4739 7937 9633 
3702 7369 705 222 6622 7546 3492 5444 4515 639 6764 9116 6858 2978 8126 1007 5493 5319 3050 8380 677 202 5928 8917 5945 2394 5821 1489 1384 2992 7114 7871 9214 5486 4713 949 4011 7166 239 6186 763 4173 5832 9848 7662 4188 1650 870 5333 860 8474 6556 3162 5697 121 8426 1735 6188 8388 1521 4087 2080 1522 7606 5526 1751 1162 3580 9750 4044 9310 2055 6131 8645 9035 3780 5123 197 8749 2942 456 4065 4261 8959 2337 6142 5331 9038 6726 9739 9089 309 8186 2950 7812 6340 975 8743 330 4210 
3641 2440 5351 4795 2601 3014 9493 2443 2485 319 9800 4896 6639 3127 4648 8127 1988 2244 5679 5947 1467 915 7757 2673 159 837 4798 2709 6174 1060 9598 6189 1022 1363 3879 6679 6204 3189 7855 3670 2248 8761 5410 4922 1563 6280 3207 5976 619 1078 8109 4926 3676 5813 5373 2631 5742 3314 8035 6156 4663 759 8850 9692 120 5337 4135 4866 5136 3348 4577 8369 1306 7647 43 53 8114 6179 2509 4339 6306 3947 1704 5007 2505 1268 8874 759 1146 1450 3853 7652 3552 5468 5708 3983 7646 1954 7052 4179 
9273 4286 2656 4469 9700 7366 4378 4867 6132 37 7288 545 3607 3800 9503 4421 3098 9313 9472 463 8506 7879 2549 1470 1063 3811 3257 5542 1207 7844 2500 147 1083 6707 5327 4570 368 1936 9465 8734 1499 3720 9189 7291 4299 1272 432 3914 3361 3316 319 803 3661 3059 7654 3375 7418 3800 1317 7826 2715 6271 4137 7492 3653 8919 746 7112 3558 3253 6421 8440 5141 8922 4197 2488 4309 7939 9655 3134 761 9534 3559 3580 9005 3169 9653 7792 9162 2803 610 6181 5667 6761 2742 3853 6556 2656 8380 4629 
2569 2797 1845 4494 6062 5045 9530 7987 1791 5253 6876 3723 1907 138 4570 7885 2216 3150 8956 2679 9112 2310 6805 8070 3660 9604 2410 6579 123 3232 8257 9746 1742 3698 3781 7117 4110 9819 2994 9416 8453 3044 7032 4150 8260 6479 1497 2579 794 6562 6024 8282 8937 5528 7752 9615 3699 6424 9987 498 4232 3149 7804 3439 6882 4454 1516 6097 703 8132 5489 8087 6969 2103 8722 3172 810 2697 1566 9025 8340 4166 8127 8482 3611 5532 1151 5202 6116 2514 2528 8523 228 8566 9553 6603 2599 5631 8399 2936 
5781 1071 9521 7148 3160 347 5259 7242 1872 5826 8214 2104 7996 9164 4769 4879 6697 3323 1749 5756 7787 7495 6239 9757 3509 4949 8702 4003 524 4034 8722 9374 560 4601 412 4721 134 8817 2336 2948 320 2601 9472 1207 2346 8506 8390 1470 1063 4708 5542 284 1449 147 1083 1264 6707 2150 7816 2066 9998 1190 8236 1551 6185 2248 344 256 7621 6090 774 7008 7271 2491 5978 3893 5978 2279 7103 418 2987 841 2342 7162 777 3169 3870 3156 2246 7746 3033 9765 7258 8112 6492 8073 1346 9274 319 5822 
427 3938 5284 5908 6739 3410 5697 2666 4564 5778 496 3855 2221 1150 122 11 5707 1047 7241 3450 2885 7304 9769 8630 1210 9822 7117 4609 135 6158 2129 5074 699 4093 152 6291 8221 8348 5657 9940 5933 759 3370 94 9077 6401 8385 8188 4806 7733 6779 1248 2010 6098 3363 2945 9149 2958 7006 6007 1772 4562 4361 5774 3001 3184 1945 744 2352 8645 9414 9055 6375 2759 1327 2580 4657 7230 6438 6380 4229 4039 3323 1163 7383 9461 4354 8931 567 3176 8856 9827 2191 9737 8931 6869 3899 6312 8853 8683 
874 5881 9106 2343 6434 6284 5152 3016 5525 26 9195 606 3165 2949 583 2714 2598 1773 804 6476 9555 1713 1304 2620 1899 5016 7090 4156 9372 5565 5589 8352 7618 3582 4176 3852 1010 6769 7067 927 8537 3822 1706 8548 6886 478 6646 2789 3850 3540 9011 4710 2692 5007 7705 7483 9486 2368 1162 808 7014 7793 6490 2429 7291 8345 3952 9578 869 8352 1375 4059 6476 6700 6461 2214 5491 3994 5019 1846 2468 7473 1375 4083 4729 5728 6767 8759 6807 6265 1929 8897 9454 9273 9624 3361 319 7654 3800 550 
4137 8051 7719 681 182 6858 440 1459 7308 7461 9921 7333 7640 2514 447 6981 2215 6086 4143 6023 7671 6928 7895 3110 7102 9862 7246 8212 7184 4984 3760 3081 3568 8104 4850 4994 5696 6795 4493 3109 5823 8781 2650 8851 3893 9573 5998 8434 7537 3393 8755 4238 2766 6877 2486 8587 9415 3149 9147 9858 7313 2420 3647 2591 9468 6448 9361 7421 9186 6822 7774 3744 576 4128 551 1304 5975 8158 4475 1981 8112 7317 2069 9361 5964 6836 9757 5106 8843 1579 8940 8990 7596 4433 8714 2387 6489 3176 5576 4953 
8540 6766 1329 1023 3481 9530 7119 6635 5883 1085 3433 5178 3457 8094 4123 9573 4229 1809 5653 7860 1294 8897 9347 4889 8689 6986 5769 4272 67 5770 3804 2088 3396 7367 9728 5012 2301 4841 4674 1454 8080 38 3527 4320 6086 6023 2642 7671 3189 5560 1580 7102 9616 3109 8474 4714 3654 4432 3317 5774 7686 9422 5390 6486 2222 8336 695 3835 5337 1188 3201 7300 8262 1597 5281 7711 9617 778 3741 2357 78 5531 4177 6544 9157 4684 2591 9468 377 1548 6448 2881 785 6995 7404 4392 4354 8727 2668 778 
1718 9870 3215 9416 242 782 2308 8027 3654 4477 4982 3196 770 8070 357 227 6243 2146 976 4615 6941 2647 2854 7125 224 1268 1046 1500 1277 7645 7838 5370 4412 6267 8183 1957 2725 1451 3550 6309 1692 669 8109 8841 5267 6960 6504 7712 4363 9133 2936 6644 8808 211 1605 4291 7571 1456 7029 4582 6491 7473 7804 9499 6660 1186 6854 5530 2530 4774 194 3519 2989 3043 7700 7930 2273 9399 7112 6688 4567 2818 2831 8114 93 9171 8627 2845 1395 8186 2950 7812 3009 975 3345 2730 5351 4795 8954 9263 
1201 2443 2485 445 319 9800 3381 3916 5609 8049 37 1243 4799 1447 2423 7242 9267 4311 535 9828 2421 8783 2767 3410 157 3207 7903 5335 5829 9198 7116 6946 7812 1823 4050 3549 9225 8177 1574 3799 8079 3453 2287 4914 3339 2182 266 6847 9967 9808 6700 5350 1068 2885 6247 7578 8501 8492 6581 7874 5686 1666 8038 241 9342 6417 1776 7077 1803 7282 1901 2325 1915 5715 473 6598 1867 9055 7813 1941 1690 2456 7742 2944 239 8937 1049 937 9442 9719 2457 6407 501 3031 3646 8496 2163 9480 6795 2362 
4514 7050 7866 8801 9129 207 3984 8677 275 9307 3457 1356 9545 7019 3139 800 7739 5117 605 9418 6143 4041 6254 7054 8187 2853 2689 8775 617 3011 2341 9792 813 6577 6363 6444 5788 1486 8693 4867 7981 7719 2882 2964 7328 2099 6304 2762 4978 2373 9811 9965 2376 1069 5561 5827 1333 1295 3464 3112 643 4302 4763 3959 3743 6474 3830 587 8624 9267 2033 3368 1551 3026 6693 6684 1871 2544 3870 1986 5739 9617 9566 2467 4144 5889 2788 3032 4750 2365 2195 1688 93 6490 873 3638 9304 2235 382 2984 
138 7520 3138 4218 7282 4002 4502 134 9895 4178 392 1340 2297 7395 8817 9942 8617 4308 1016 8995 2811 9931 9029 5371 6252 8998 5843 792 4806 2275 8049 9668 8999 8247 5907 3706 438 3394 3902 1489 6906 4395 6251 2453 2665 7304 5923 7194 6963 6247 5684 6360 9940 2160 5680 8900 2282 2584 6612 9398 269 9885 1104 9721 3219 6268 314 3413 9547 3888 2358 2378 3267 3336 3279 5133 5070 1699 4766 5989 1768 6449 1470 9499 1198 8167 7633 9084 4188 2358 859 2627 759 9145 8343 9599 7408 7748 445 6452 
5277 1619 8198 1958 5465 3092 3213 5167 5612 2124 3360 4280 5626 6433 2731 4263 4301 4429 5042 2649 2210 2259 2538 826 6013 5268 5296 3635 1619 2882 3925 9938 11 1818 7496 9767 4556 6803 7096 4823 5200 2612 2241 8728 6552 5340 2029 5184 9729 3891 1237 4545 2124 5879 1180 5616 1558 7104 5123 8600 6061 6901 9220 8796 1668 9352 1927 127 7220 5506 8374 1047 5972 9578 7316 6082 7288 7827 51 9758 5279 773 504 1887 1676 3899 2743 3585 7608 3937 8124 714 1304 1363 492 2847 6530 8206 7705 2079 
7466 1162 808 5789 4805 9241 785 2541 662 5075 8678 6454 6354 5750 5319 5560 9143 8117 3415 5669 6454 5750 3314 8035 216 7396 2163 6988 1548 465 6995 2981 4978 4218 1658 172 8121 9692 6270 8817 4421 5340 3098 9313 8069 4418 5681 8506 3884 6315 9752 3811 5863 2054 7844 1449 3525 1264 5148 8125 5327 4959 1205 9050 6038 9196 8909 1075 4147 2162 3044 7212 6713 207 6798 9532 7022 5517 295 6092 3904 7552 7609 983 9720 510 8417 6395 6925 626 4752 3796 622 4288 2214 1368 5791 8519 9951 5172 
1854 7434 172 57 3903 4417 8457 3162 1954 9969 1493 2728 9928 2949 8683 3821 3492 6654 5713 108 3882 8961 2048 2539 1622 9508 932 5796 1564 7320 37 896 4418 5262 7411 944 4263 718 4658 3735 4718 1617 7890 8522 1564 2724 5555 3347 4489 930 5599 3356 9867 2377 1549 879 660 860 7558 5688 9824 4990 8824 5897 5733 6253 7958 4657 1315 8669 5686 8919 1966 1752 4490 8891 6336 8764 2153 5532 438 165 4017 2103 9337 3192 440 6312 4142 350 4253 1382 4163 4231 8544 647 8420 526 7257 1757 
3113 2275 4234 3101 7933 6383 8532 8850 9257 5979 6220 2930 4303 5072 8403 5478 4919 3081 6936 6101 4840 9143 9997 8990 1401 9416 7802 790 1638 771 900 3208 4365 2154 10 5329 9072 2381 906 5590 4514 5280 670 4954 3061 1729 6280 3126 9995 3335 593 3228 9792 686 4542 6535 9803 8840 6338 3972 9048 1240 7776 9341 1237 2228 3289 6844 4563 3057 8249 4844 4696 8299 1507 5830 3422 2362 8211 2949 7268 9988 7732 2711 8071 5532 2800 5082 3193 6310 2987 8393 9009 2281 8609 7845 3520 6958 545 9471 
1527 7576 9440 7680 3595 7115 6452 9028 2304 2732 9722 678 9093 7573 999 8541 8117 3358 4647 1784 4521 5313 7590 2067 5115 7240 599 7736 9207 9697 7724 3543 8802 2679 3693 957 2586 8544 7896 6832 9130 7879 2052 9351 1065 8253 6061 95 3647 9907 8436 1240 3513 3131 1772 5769 8201 9941 7902 7308 201 8439 5514 879 4843 9492 8489 7469 5009 8158 3987 6769 7571 9886 6197 3991 4404 2357 8666 7861 4100 9332 9335 1776 873 9727 7985 6411 815 3584 1445 6396 4474 9244 3810 3034 832 6438 1442 203 
6712 5605 1049 24 5026 7178 200 1117 4542 6543 9960 5891 7557 4505 2547 2943 4060 9255 1242 5898 4166 8460 7602 927 2857 4208 9594 3015 1092 7775 9503 1595 2952 4291 6391 6975 2361 3240 7341 2370 6009 2910 3262 138 2164 7672 1698 8297 3671 3827 7136 6590 6717 3245 3567 7944 2149 4959 7889 4570 9685 8091 4324 4851 1194 1989 4131 4953 4159 512 9728 1814 6139 990 8820 8537 9162 557 4688 8794 7711 3720 2997 2726 1985 3594 2131 2788 3751 8250 8855 2305 6880 6256 3898 5136 7267 7952 9117 7995 
8502 2174 4994 9115 7694 7710 7924 998 4718 1803 3514 7497 5064 20 9374 8796 6984 7736 5175 6085 8284 4945 6045 4309 902 6629 3015 2962 9047 894 6311 1476 3370 9765 8807 7331 3649 9967 8478 9021 3466 6058 4050 6603 1114 5572 8127 1164 4488 6030 4236 6741 4868 3564 3542 2348 1013 2301 2086 7411 2528 6274 6285 5231 1103 9486 4349 8026 3656 9156 766 9612 9681 7559 4375 1783 7621 6553 8031 1916 1865 9518 6774 5542 7778 2692 2836 6024 8050 7249 9665 6939 9282 7206 3808 3699 195 2500 8853 4248 
4666 8303 7641 2402 3125 4779 7331 1742 2384 1129 2759 1041 3374 434 5814 6444 9060 8059 5370 6119 4758 5580 5749 5541 2327 9204 1142 9357 5524 9717 9559 9639 2402 6730 5403 3595 80 2597 9139 2824 5409 8277 6364 7427 5092 8843 4332 5523 6402 665 5255 9971 6061 2382 3603 2835 6122 4311 7182 2164 4677 8105 611 9849 9687 3753 5675 8317 1533 9564 5918 6079 8012 7662 1230 8559 1000 8885 4946 7630 277 562 3458 3779 9038 7411 2706 5213 1936 7152 3730 2421 9748 7715 8729 4977 543 769 2335 8276 
7831 9243 6085 161 3240 9303 7703 2255 7654 5790 506 9077 6923 5579 4874 2643 6594 1146 1558 7255 5019 5609 3582 4199 1959 1013 4530 408 9986 86 716 8191 5135 8808 385 141 8146 4898 461 1298 3786 2496 8180 8414 4096 446 1567 1009 3394 2734 9537 5606 1244 8261 7356 2603 7437 5752 7220 6268 462 7736 3312 7918 3935 5870 633 3516 3479 4172 197 4187 9059 6256 2492 4215 9971 553 4801 6994 2096 9377 1268 4059 9104 1442 3078 4507 8684 4098 6450 5636 8433 9867 4618 1912 2412 9123 3687 8730 
5417 4369 3167 8031 4524 8336 1665 5307 1834 9883 4445 2954 9792 7981 4317 2917 4581 2546 6187 7756 2411 6332 288 7641 5983 5846 6943 7277 1974 413 7203 7085 7370 8287 9388 2014 308 8045 56 900 1534 7279 2942 5329 1639 6619 7533 9564 1273 8196 3001 8792 9877 2594 5216 6483 8528 9810 8664 447 8292 9772 2074 6482 3063 2261 7415 1044 8850 644 3468 9001 6372 1772 8151 342 2358 2115 2353 8384 397 7735 5662 5997 4283 8997 4649 6872 8370 3681 2464 3122 6390 9160 7523 7666 9834 5519 9622 8224 
3185 6337 4934 5934 1928 7225 1859 3331 3551 7062 3610 9588 8534 8261 8989 2218 3413 888 8451 1872 753 3544 1990 7930 3599 2431 957 5071 279 1891 445 3449 3922 1879 4334 7459 2082 8882 3719 9323 5825 1233 2475 2549 281 2076 9997 4332 5976 8182 9495 7448 9757 8584 2766 6420 2220 3190 9513 6914 149 2311 1099 3562 6483 5084 1965 5361 5757 371 956 9803 4644 3153 603 8541 7434 20 5489 8917 8684 8216 8906 4307 8031 463 9078 5465 7163 4108 2585 1687 1440 4691 1897 9528 5754 8380 5774 2850 
4972 9131 5188 4053 9251 3693 5411 3791 4742 2255 9911 6407 1205 2581 3939 8986 1597 2505 6037 8576 3600 6777 4190 6252 7440 7096 4127 2646 6659 5821 862 807 1817 6492 3128 7425 3384 9948 2541 6453 2907 2668 8962 2855 6983 4051 2868 5046 3628 4074 6451 1089 2824 3424 8366 9698 1939 1192 8867 7200 1639 4918 6065 9209 2241 7066 3952 9766 5380 8138 2121 715 8980 2932 782 6718 7643 7995 1139 7985 5360 318 6274 2326 2943 3965 5834 2333 2058 715 8980 782 6718 7995 3806 7616 3723 7237 6065 3742 