5722 551 3043 6470 3464 1470 9161 1523 1510 2963 4141 9968 3203 2405 5869 4973 4590 3176 4572 2601 999 1511 2775 4739 9633 8204 3702 6254 705 7788 196 7478 9716 1429 3111 6814 5654 4117 9174 554 4543 2059 9023 9515 6858 703 6856 3773 1019 9431 8433 1448 7229 3742 5378 5731 5167 616 7319 5267 8849 2361 9348 8126 6530 3535 5162 5778 2885 7705 4518 1820 9129 2777 2669 8495 7360 5108 6331 4866 966 9400 7330 5089 3914 8633 3450 20 320 879 5735 9663 709 3837 7372 2317 1590 467 544 877 
8048 6179 3805 7059 427 136 2214 8426 3632 2276 9218 6670 5957 7529 632 1014 8457 4074 7299 1207 1322 7082 5312 3150 8797 8506 1113 8934 7358 8850 7104 3071 9923 8947 3891 2398 6109 5666 3961 1747 314 249 6655 3575 9554 1438 5514 8099 5812 9480 5168 3875 8324 617 9271 5640 3275 207 6411 4071 995 7896 3470 7189 5196 5866 523 4848 5668 5930 3431 7489 5602 4889 5101 8621 1273 7883 641 9092 3574 400 599 6580 901 3734 3738 9342 2427 21 7639 7167 1658 3479 4056 6021 6131 8911 7935 9212 
1272 7756 2023 3499 6834 3828 2983 5790 4511 9185 8463 1980 3366 3258 1748 6561 6974 9544 6360 5593 7756 104 101 5003 9599 1087 3467 7196 3786 9526 2346 1783 9297 8126 38 5349 2948 6897 5242 821 5629 7454 9188 8121 8275 1216 1678 975 9188 3374 2000 2575 8622 1836 9028 281 2165 6544 4211 9709 8587 5469 9512 7964 813 7413 5291 4060 7105 951 77 8472 8058 1063 6013 3068 6798 9318 1356 4518 6966 1876 6590 7432 5541 7552 629 6863 1394 2655 6966 7160 6561 7946 1459 792 2310 8436 7942 805 
4416 635 9629 728 2676 7441 3611 5671 1156 6441 3434 9050 3908 3264 2389 9559 1226 9823 6419 4711 5006 4549 4257 8657 7324 3332 4064 2991 9192 5217 3122 1676 1852 1450 4033 5129 1459 1266 4169 9461 6480 7072 5277 1343 6822 3637 7774 1199 3804 8876 2728 542 779 7319 4980 8112 6584 4814 6901 8195 5393 1924 472 9384 1473 5324 4251 776 7182 179 9845 4993 6747 3507 224 7346 2086 3941 3170 7724 8499 2907 4708 1816 9718 7395 8069 1564 3778 3235 6202 9997 5609 7348 1269 3616 3496 3842 4576 73 
357 2070 785 3596 4424 9128 2991 3478 9498 3754 4519 4488 8912 183 3542 7149 3872 5243 3358 8358 4950 4596 4490 8721 5871 824 2215 8013 9617 778 78 9030 1718 9416 927 6592 3142 4295 4616 7028 9913 8632 6047 3883 2360 194 5837 1169 8675 5974 7523 9349 438 4713 5549 4299 5612 2742 6927 1651 5838 3871 3028 4713 8146 4982 4888 150 6379 3782 4126 2325 6242 6998 6149 1522 234 8885 8940 9651 4713 1240 2316 6246 8131 9698 5830 586 1047 7198 4602 4826 6389 504 6587 7977 8016 6062 7515 2743 
7885 7392 4131 5340 3649 4374 5719 778 4689 3215 242 782 2308 585 9913 7237 2854 4002 224 3938 532 7645 840 8125 4456 5327 6102 7699 2421 4906 1060 6623 9796 8954 8529 3369 4606 3197 9476 3152 907 8433 9344 2140 2457 5945 7939 8954 3369 4606 8657 3311 3197 7355 8613 9674 8277 238 5569 2167 3328 6639 7775 6390 4816 7224 9310 8685 1698 4003 1164 3666 4890 4554 6904 4856 8877 657 9628 655 3105 6065 6994 4406 55 1640 9808 9581 8115 5580 3438 8898 2842 5170 9214 4425 2643 8307 9728 1564 
4709 8551 9417 2673 2702 850 12 8308 53 8114 6981 933 4143 5180 3365 7671 6928 5560 7102 2201 9862 6122 63 4542 4330 8474 3317 7439 6486 9645 7691 3051 5337 1304 1188 5966 8770 3201 6040 6945 5956 4684 6236 317 3558 8933 7287 9150 536 953 1666 6112 1045 8933 5731 8825 3582 4176 6168 1010 1343 5010 8204 9598 7679 5742 2816 5010 8646 7748 2304 845 3839 575 72 4328 6516 1881 9022 747 3247 7204 3519 1599 2932 6413 9743 9761 2370 3358 9584 8142 6961 7137 9209 8033 1188 7277 7701 5180 
2522 1984 717 8492 1362 1805 6138 3643 4172 2243 9131 1326 3443 5225 6005 5049 8128 1066 2385 2574 6269 5067 5183 2052 1175 9647 1908 6600 9112 2683 4409 4405 8200 21 5477 5591 8054 9630 24 7090 7339 4375 7921 2384 8566 369 3376 3117 847 444 4906 7146 8471 4573 8598 8765 5200 7519 219 5120 8533 9009 2533 6298 8664 3547 350 7729 3209 7848 6432 538 1683 9642 3357 131 8435 8835 2208 5010 6724 7247 9086 8797 3193 9852 4208 2560 9656 9842 7996 5790 4737 7785 7875 9726 8583 2722 5424 5316 
8515 5723 1825 8445 4154 1884 9464 1576 4950 2067 8614 4767 3263 8647 423 6436 4699 416 7767 5234 3583 221 4492 635 2420 4358 8550 147 3975 4668 3529 5469 7398 9797 7858 213 7244 1543 444 2125 5826 7714 538 217 6129 8069 4214 2462 4583 8486 337 4218 2401 3467 565 983 4266 5198 5612 2311 2125 2463 5798 928 7908 6216 1075 6104 9807 6711 2106 7938 264 6537 622 1710 4455 5497 2504 4079 7383 4403 9189 5261 7111 6307 9674 2000 9745 2121 8420 435 4098 6837 2010 5694 9496 8896 1122 8885 
9333 1640 832 7206 8539 8844 6910 2188 5796 1462 4723 7646 3939 100 7634 1794 852 4391 5827 6269 4834 1392 3413 280 136 3772 5354 9171 1058 2978 8557 323 4630 4215 5100 4518 8187 3259 9708 2626 3590 8978 259 7942 3741 4031 9848 4274 760 5932 545 8319 2350 6022 7954 4488 5619 3795 4576 6860 7904 1803 8491 505 2819 1604 6920 3999 2913 775 4346 9355 1830 5783 3687 7847 6371 470 4578 3594 5507 5077 5603 6983 2713 6985 6487 6526 1001 8725 7831 8811 7876 4384 7262 1924 472 7922 5324 4031 
7182 4277 6392 2548 2101 1150 4057 3425 2149 6820 8344 7772 3403 4598 4640 6929 3662 2007 950 7063 3751 1128 2669 125 4444 3404 7067 4655 9366 827 232 1153 4735 8454 196 6353 5787 4585 943 8520 6390 8958 3241 7553 1732 8297 6055 737 590 9486 6749 2984 3585 3631 3696 5852 4981 1363 492 1107 7546 7483 7014 9098 8345 4540 8597 8352 1375 7468 5448 5059 7239 1803 5594 3112 7156 8118 1374 3317 5594 7175 1517 379 3020 3861 193 2380 1683 2707 4223 9107 6595 664 3044 2360 2638 2070 9099 6269 
2290 8629 633 5216 5953 4833 1176 9925 8686 5080 2128 7019 8339 2491 6000 640 4109 6579 9233 925 8079 394 1560 8845 5087 2842 855 9805 4114 4601 293 3568 1123 3056 712 5946 4757 878 468 6123 9757 4515 9687 6522 9691 3092 517 4038 7876 39 7353 6125 7539 4881 1140 6071 5435 753 4502 1430 1144 179 9802 5532 4714 175 3763 9434 8610 8332 1870 1180 8576 7373 5329 8741 5057 8320 3074 7279 3642 4822 7661 8525 6003 842 17 7520 4337 3426 7128 2341 4444 1656 6442 7809 5592 5222 5893 5845 
791 1419 5972 9578 7316 5624 7288 7198 6215 8962 3099 7051 3400 9150 7521 1909 2596 7358 2474 7941 8055 79 6247 400 372 2160 872 4649 2425 3069 2372 1587 7047 1205 2661 467 1662 2041 176 3245 9907 5593 2043 9982 1898 6436 667 7487 9528 367 4033 9021 1266 1284 6295 7816 8055 4456 8551 2385 7309 133 5427 3379 7234 8517 2374 3815 3928 893 6865 168 1546 1481 9912 2088 4072 331 4703 6612 2876 3193 9691 1452 9704 9608 8664 6613 1662 8210 9890 1375 5502 5335 574 7046 7730 7773 9927 9456 
3537 1678 8102 5708 9333 3435 1286 8869 1731 2379 1921 6000 9656 6915 663 1309 3861 8096 4105 8423 9389 4682 4458 881 8940 5549 4981 1187 8103 8120 3921 5650 9915 9866 1268 6455 9802 1417 8828 8744 1007 3324 5912 7225 1321 5661 8942 36 1935 5248 6491 9821 4843 9105 6784 8907 6041 3316 8080 9219 6737 8047 425 3143 9056 3567 8927 5437 941 9193 3958 4441 172 3780 9277 2962 4537 9625 4205 7185 8431 6168 1220 2510 2430 6601 7360 7867 9384 7060 7575 3342 7747 7122 3489 6436 6061 2119 118 9304 
913 5889 1825 8485 7464 6158 4447 3117 9111 8160 7336 9357 748 6932 7238 4680 713 2090 8057 7149 4351 5971 1425 6033 3746 1125 5571 1783 2611 4294 5728 9757 3901 3065 5467 1445 3813 8751 8767 3431 857 7840 9250 5209 8813 1901 8222 2000 4497 9347 2632 4288 6534 6926 423 4850 8425 1607 4303 1928 6075 3929 3339 4307 3085 9038 1124 421 7481 5821 4451 7610 2198 500 3457 5850 7328 6526 6951 9924 8222 146 7216 4980 235 5580 8067 6290 2788 100 3472 8331 8324 3513 4493 284 7743 6344 8903 6122 
3109 4714 3654 9294 5774 2858 5858 4172 9674 5569 3039 7443 6189 1489 1549 2524 267 7706 3478 6616 6994 5906 9891 304 4644 3930 9526 7652 7409 7645 712 5392 7954 1638 4488 9539 336 2713 4576 6411 6141 1803 8491 505 6117 6920 3999 2913 4108 9355 1830 5783 3687 9788 5028 7847 733 2723 470 2671 8905 5507 3491 1451 5732 7251 1475 486 6394 5586 7475 270 9658 5612 6225 6927 1651 2643 3893 3240 7559 4162 9778 2609 9632 1788 1672 1808 501 7622 7514 8394 474 3157 7455 2278 5266 5397 8326 5686 
6542 961 2235 9351 4899 4195 4369 1041 5133 4355 2324 5462 6301 9490 5986 6764 9482 2215 6133 744 5586 7611 428 2271 4503 8721 8148 3982 5575 2709 6882 9061 6752 273 2588 5293 3016 8654 1852 2085 6586 7473 8272 809 8756 1433 5802 2921 1722 7683 3130 7150 3660 6744 2104 1352 5117 7352 7478 8533 829 488 1841 1427 8138 5802 3664 9264 9663 3517 7448 8486 2891 2887 2542 9830 9747 483 9120 4327 8477 2035 5091 5075 7670 2719 7172 3047 387 1375 4333 8283 2424 4438 9956 1285 8579 8334 8153 3964 
7853 8444 4078 6487 7154 9188 7372 8764 1007 692 4125 2971 399 2296 5764 120 4642 3609 2082 1495 5139 6056 4064 2538 770 504 7856 1044 652 4710 2171 2821 5834 9768 9454 6360 9911 7203 9691 8646 1834 1313 9253 5822 9918 4212 1730 8291 6540 7054 7011 6745 7303 2120 4269 3656 223 2276 5434 6857 3747 1906 9939 2153 7150 9054 5962 4703 6160 7073 3899 1196 9825 5148 5466 7355 4444 292 7972 3724 9091 224 3614 8125 3216 4535 5065 524 5979 272 9801 6378 2372 4333 8140 8600 194 8939 6050 2936 
3271 3302 5362 7671 4795 6889 3711 9896 810 2492 3850 4763 8653 5406 35 405 3739 547 6769 5882 2981 8274 2706 8656 261 2522 1174 4579 7237 2408 803 1417 777 585 7777 9226 500 9945 6390 675 6996 3316 587 5867 4761 8825 8370 9328 3151 7981 7602 5838 3999 6663 6514 606 2285 7784 9254 2045 6921 7890 6390 9913 3571 2462 1196 6855 8407 500 775 8621 4218 9605 7057 1576 9172 9340 2839 2438 2015 7264 7330 7080 6412 5679 4373 8146 7486 2522 5521 2593 1611 9026 5304 2162 9334 1877 6707 711 
415 9519 4601 7663 9752 8598 4846 8744 3840 3978 983 222 4558 5295 4690 4495 2211 8892 5592 2185 2906 595 5358 8037 4916 6234 2482 9140 1431 9177 6516 2673 2702 850 3508 7367 5222 5893 466 791 559 2503 2363 5624 7198 6215 6592 8788 9052 7426 8566 237 5904 9835 9261 1945 6301 8171 3228 5017 6065 4203 5864 8076 1729 1424 3079 3719 896 630 1773 7838 1570 9774 6709 8891 3350 5763 2373 6289 3864 5285 1774 1442 4753 6356 9990 5145 4373 7681 1363 1445 7724 5238 2623 271 2827 3114 665 6685 
5271 1570 4366 8728 3087 4201 5146 7651 6523 2783 3941 9893 6184 8026 4211 8243 7286 6658 8362 2111 8687 4030 6267 658 8973 7291 2972 5621 9620 137 1619 8910 4171 6725 7521 451 7228 5348 8586 9699 9347 3303 7429 5175 2673 8569 1833 2193 4287 9726 2041 9614 5401 5656 9498 6067 1276 5287 2813 5164 9386 2592 7453 1086 5177 1498 6285 7801 561 793 1031 7285 9525 8192 4234 4219 5274 6109 3463 5828 3261 7805 5362 4059 5652 1203 3126 6577 5680 6810 9261 7926 9062 175 3105 4089 2784 9444 6513 7543 
1437 6383 4056 3118 7312 417 1965 9638 9732 1170 1727 6164 5596 9297 6581 8390 4310 8290 6351 8541 8802 7444 3165 6400 3093 6677 8282 4991 3330 9808 2503 2335 7070 1906 5896 5381 7787 3745 990 716 7569 8250 6981 933 3365 3110 3109 8474 9640 5642 6486 695 3835 5446 1087 5953 6649 6673 2372 1077 9750 2328 3319 467 4277 6271 3836 4877 6716 7952 456 8707 6451 967 6517 469 8378 4512 7959 919 8304 7794 2307 4696 1218 674 6117 4741 2536 96 813 2904 5102 602 6381 1589 3498 3523 9521 4805 
1756 5413 9477 5258 8229 9416 7719 8542 7171 2066 3348 8726 6834 6311 4025 1590 5609 5023 2895 3308 7182 1755 4410 1475 7909 4715 1990 2055 8187 3927 2010 6885 9403 2699 4259 4474 6846 9500 331 1495 3244 2556 7503 8694 3599 6833 5059 2481 8892 2729 4766 562 587 6392 4841 874 2081 8278 3232 4654 8465 3660 8376 2839 7111 343 4410 5400 2955 5725 3849 5143 812 3661 7877 7118 13 3786 5975 4207 8440 8922 2532 725 6593 2488 5576 6954 3134 761 9534 2443 6099 6210 743 4506 6181 5667 294 6556 
5818 8380 4629 2569 6499 7110 7205 3205 4993 9967 2797 8549 5291 8253 6876 724 2015 61 9418 5039 9754 3150 1960 9173 7370 2410 3332 7569 3670 7284 9534 9862 5329 5576 2974 9897 1384 6594 4461 275 6949 4830 147 1011 5017 8106 2762 7225 6012 1912 6678 8171 445 4066 7466 8546 6860 3235 1158 4856 9047 4765 1497 9047 844 2579 5858 6562 8684 426 8929 1285 653 2742 9052 6002 4242 1404 881 3533 8027 8800 355 1240 1355 5569 2008 8348 2968 1708 6106 3140 1821 7745 2049 7746 4632 4987 9153 9628 
8160 819 3676 9351 2185 1400 293 7873 4717 7403 530 1137 6525 6872 5876 2050 3629 7746 5107 9765 6124 7040 3702 7014 1229 9775 319 433 9920 4160 7021 5600 8969 5465 286 8993 1744 2842 3858 6579 7726 8405 2134 6908 4998 8595 5188 6421 3010 4951 6948 1924 5663 7143 4283 9995 3184 6974 3394 7255 6940 2601 9873 5958 5022 3090 1651 2600 4502 8192 4081 7517 1189 4162 6143 9777 6569 9101 8916 8675 2373 2727 5853 5537 3089 7455 259 4575 7496 213 2410 3928 4313 1413 5740 2685 155 9732 600 3601 
8796 7292 2986 8372 4072 3593 7159 5140 2326 1103 2929 3114 8420 804 2873 2163 9215 2610 7538 8059 5184 6181 8708 3990 354 5926 9858 9266 3220 7215 2143 7746 3930 5566 9795 819 9490 4215 8094 6409 7065 9655 5202 9148 8532 4038 1812 4643 9446 6684 8909 1783 1219 2987 882 6231 807 4064 5859 8868 1776 3860 5900 5867 5302 3681 8216 6796 9461 7698 2643 9981 2628 5290 2527 7155 6539 5830 68 4121 4161 288 3547 6777 6650 8966 4582 4838 4504 3056 885 3299 3479 3515 3054 2144 4485 9911 4635 3275 
4008 4026 9172 6086 6766 7149 4941 410 3259 262 9976 7983 9923 6336 8542 5828 8158 9624 2250 8715 6995 2847 7440 4903 6297 5421 415 1214 5519 5232 9001 1217 7104 7591 3665 9145 9980 258 2313 6640 8266 3917 2741 4616 1747 8579 3424 3904 8017 8801 314 9288 5756 2994 3318 4969 3809 6183 8642 1163 8236 6653 7059 9577 2770 1132 8625 2193 8824 2191 6091 5494 7915 6098 1915 5424 9934 5842 4568 529 6873 5642 5467 1504 7752 2625 593 5520 4021 1471 9218 3020 8363 3997 9964 687 1568 297 488 2831 
8048 4307 9806 4568 8787 3029 4477 6773 9352 9548 4169 7981 9342 3775 4928 8632 4757 3045 6390 6033 7934 1652 2608 1948 3688 7887 3968 9558 7345 3142 2507 7571 2647 1456 3746 7973 5562 8328 6430 7749 8687 3322 6029 4448 3091 263 4677 9285 3235 4033 1296 8863 6667 6842 2479 2315 192 3632 5596 7612 8480 5403 9649 2736 1567 5689 5881 1668 5933 584 88 6959 9360 1297 408 7344 8382 6925 6648 7411 898 4659 972 8702 4364 5502 8591 8084 9134 4496 7468 8570 6452 7963 5968 8136 8792 46 4469 3286 
2767 5360 2032 3107 8622 194 5920 8446 5933 1205 5030 397 101 5198 5343 4614 2707 733 7820 3940 2656 5325 9175 4726 4504 4386 5802 2102 2616 5272 8881 8843 9048 9905 4648 1941 9111 1816 4747 1135 4586 8976 6504 20 4491 7887 3528 199 739 7504 2951 7080 296 4659 7051 1060 2413 5826 5508 4842 832 5011 4474 3287 4731 1519 5095 7481 9903 4171 2678 8664 8637 9492 8194 7802 3579 7753 4578 573 6558 491 4948 296 2370 1978 1570 4729 210 7199 3619 9995 7729 8509 4443 7727 4633 2535 5408 30 
4411 1494 7778 8862 1040 6495 6847 4912 1853 2567 5776 3909 8274 532 3884 3039 939 2962 58 5838 3111 3532 7064 7219 3192 5970 2541 3697 9178 5593 6126 3345 1298 5356 9963 1154 4285 3946 679 4325 4010 9603 4076 8391 2793 9854 5885 4942 1413 4235 3500 826 2619 6169 8139 7994 3577 7386 2915 8743 1563 6222 1779 6270 2992 4570 8315 401 4756 3307 4771 996 996 3353 5378 3760 4868 935 6092 1830 5610 8726 8404 2076 8182 3756 3677 5978 5663 4390 5545 4731 7023 9476 5152 8720 9408 6360 3204 8582 
5875 5707 6244 37 3128 1359 6133 8192 4826 2372 8269 4059 6463 2124 5147 9935 9952 2843 5046 5112 3595 2798 9781 5409 6828 9063 8808 88 6147 7305 4574 6593 5147 5290 3352 3453 5178 1325 8261 6335 4918 2016 5877 9112 8957 2326 5380 5834 5341 7556 1185 439 3889 9162 6595 9674 6643 7396 9956 6082 2000 5265 9991 2227 110 4164 5342 5906 6493 2201 3906 5960 5763 7490 5083 6104 5710 5001 2396 9551 8091 1843 4276 9159 6760 284 8721 3314 4900 4093 5929 2455 3725 4703 8131 2262 4561 4654 3898 6683 
3194 737 5923 142 5802 1467 3091 9208 3517 5456 291 908 8623 8204 8772 5529 4972 6382 827 6892 3094 8189 6870 4664 7710 716 4978 8540 1589 1784 7388 1598 4878 7357 4615 6461 444 7251 7516 6935 904 7934 8699 6701 6555 2053 6320 8717 6712 7497 4194 7888 9445 1481 9960 8258 5978 6139 1127 4338 2007 714 8464 8690 9998 7881 1578 6729 8331 2882 1320 714 5020 6992 4007 875 7047 5684 315 7938 6559 4957 2767 9085 3116 6896 1831 9911 3027 8273 7506 8812 643 8955 1715 424 6877 6325 5158 6895 
5500 8063 8739 1158 8646 255 533 9988 1765 750 8887 4067 338 9078 1020 1885 9749 8341 3187 5769 6107 9449 8402 4504 3303 500 1152 337 2160 6594 7077 2796 6087 9905 8515 879 6348 8360 3828 85 2035 4117 6738 6067 6456 1194 1310 6931 5701 5053 7852 543 2304 9230 424 6147 1796 8854 358 7979 3080 2409 7715 6540 5772 748 8727 9954 3035 3670 1776 5744 2201 7036 5381 3161 7664 2831 5529 3307 9781 6820 262 9713 428 6871 2937 6488 2239 9871 7524 657 150 3811 3088 5405 9816 2121 277 584 
7619 6001 2469 1410 9281 5956 3273 5223 3906 5482 7880 9229 1716 2660 2108 2779 9739 8667 6631 3469 7065 9525 9301 3306 8397 5835 7486 5448 4032 5157 9124 3197 9279 952 2176 3147 4947 30 2538 8478 5321 1389 7035 6340 8534 7251 1237 2146 4402 9535 9688 2092 9542 8119 9416 8082 5016 6151 8620 1465 6209 1544 8161 8397 3935 1381 6730 1408 2175 7295 4666 3336 2274 5671 4925 4174 4375 931 6499 3813 1665 7490 2216 3602 2204 7623 8364 690 9237 7114 9766 2074 7425 6641 3992 4999 4709 2203 7752 9226 