2217 5932 192 2765 1163 3616 3833 9225 3312 3496 1469 9457 1463 73 5200 6726 8265 2111 507 2931 80 5053 7596 5021 1185 4246 2803 4847 7930 1770 9399 9246 175 9927 1727 4135 4544 6303 6246 1379 7458 3243 8863 6358 7191 3884 8591 4728 3209 7531 7491 4025 9698 3271 2836 9551 245 1526 4380 375 626 7343 2416 5126 7184 4013 7644 9826 6503 3427 2541 4975 1393 2391 4112 9954 8854 6251 1105 1897 5646 7823 2239 4956 6676 4448 872 4649 5846 7253 4518 3303 1778 7696 2425 4037 1592 6197 5767 4789 
1973 724 3591 5335 7638 9189 9060 7052 8715 1838 9976 4162 6493 6793 1136 9061 2002 7859 2020 4010 7414 9814 817 8834 7969 1835 641 7308 4565 4252 6833 9857 3453 5550 3934 6828 619 9704 9874 9481 870 7817 9168 1460 6142 8834 726 2614 4758 6339 5568 2832 4209 2789 2566 8804 2427 3734 4266 1507 9462 1628 4766 5824 28 8768 3875 4413 2655 8296 854 7253 7073 6482 5834 9686 856 6406 6182 6852 462 6258 8353 9147 6020 1049 100 1669 7141 5531 2554 5344 5343 3620 6999 4278 5990 3210 3185 1770 
2877 6919 1608 8683 7211 9957 8154 8451 5108 8148 2997 8172 1216 7751 4522 3135 8144 203 7757 7179 9987 4848 4660 7845 2042 1582 9521 9280 5836 5079 1599 3692 6379 6429 7994 6630 3359 4083 1180 8576 6062 8741 3287 4758 4881 1274 2683 4484 3279 1622 7625 1298 9277 2233 5202 5412 4908 3380 1449 1188 1066 6279 1620 3779 9905 8148 9989 7277 4254 5374 2616 4903 7493 4692 1446 336 6331 3782 3977 3061 5768 6492 6728 233 9758 8372 8857 4471 364 7371 8990 2743 2032 9094 2766 4280 6577 1008 569 1401 
1154 9485 4839 768 3952 9997 8142 7230 581 8693 9972 2662 9365 3375 8621 9171 7217 4380 1010 244 5377 8126 6143 1572 7936 5490 4345 8930 833 8217 9342 2709 4523 5328 3277 32 7442 7185 8497 3866 8812 8178 1454 9161 6249 8076 7217 7091 2448 3497 8044 424 5563 7893 6014 3624 6533 235 5798 4104 2925 3744 9799 4570 2227 9309 764 6155 8457 4289 994 3478 2755 9305 2208 8377 9823 7267 5344 4353 3982 9291 5645 6333 9376 7307 3542 8210 8701 4346 8662 1894 402 2098 4891 7712 8542 8 2970 3125 
6512 863 9696 441 6122 7250 5268 1593 6084 9901 3234 8139 5338 8282 8500 1764 7275 1766 8405 7844 1302 323 1008 1101 2337 3636 867 2631 2457 9549 2770 8275 693 6182 8500 3532 8238 3265 8698 3159 9573 238 7235 7816 2353 3782 710 3869 823 7289 8669 5065 5287 2136 3004 6648 9778 6326 695 9236 6260 914 5552 5374 7481 4159 3355 2901 1187 3960 7134 5946 2 8983 1987 2171 9082 1826 961 5014 4931 8263 4506 2421 3398 6404 5477 5599 7803 1069 2099 6704 4086 3112 9401 4763 2046 451 3959 4387 
3743 7829 6474 587 6227 991 8402 133 6684 2544 5252 1986 7273 9617 5982 9196 7408 2109 3032 5304 5068 9436 6490 1707 974 8254 2235 2097 7520 4218 4502 9895 7912 8492 7781 7395 4396 3954 8030 4308 2916 4851 5371 7592 410 2137 4806 2275 3396 3628 9958 1489 5905 9349 2453 2665 1664 7194 6963 865 6360 2907 1931 1286 9553 1718 9107 4411 792 8225 8163 1685 7952 5437 2140 8943 6623 9796 8419 6962 1302 3533 5733 3821 1207 8259 2491 5978 1800 5065 3452 2437 6111 5327 320 5361 2273 9975 7575 8276 
469 5801 7315 5689 9225 4803 6961 2459 7732 487 4657 4799 316 8491 3041 1847 4494 9593 6680 4566 346 3332 7826 3771 8595 5829 6346 4409 8981 3050 2570 2977 3754 6478 6562 7671 1089 7795 3716 2008 3346 6683 1478 4917 8797 6846 8662 1263 4348 2492 2183 2509 3411 5144 6306 984 1268 6878 8374 6728 7358 1155 5945 1060 3994 2288 949 5905 5594 9287 6234 4624 2074 42 8558 7834 331 9487 1284 954 8701 8872 8779 1556 5129 2768 2589 6067 6480 3967 7072 551 2620 4475 2069 3338 8618 1912 6388 8770 
8006 8141 6290 8063 1057 5557 2686 5514 5232 1100 1680 7238 5273 7314 7812 1045 7690 4029 5232 8368 3554 2492 8763 8264 3411 5144 6306 3035 2277 1704 2026 6847 3376 6343 8874 1676 759 1146 8374 7756 9421 6534 9729 6486 695 9989 5337 6962 8770 3201 6040 8262 5956 1450 1556 9021 1266 9461 9848 5906 823 9149 9523 3958 1687 1603 424 8502 3309 881 7942 3741 1405 5535 6998 187 3587 1131 6486 3152 8232 9712 8733 907 3201 7466 7014 5789 4910 3917 1717 9765 4825 5314 3356 410 5913 6475 1501 5442 
2279 7103 1263 841 6887 958 9148 6901 452 3835 5619 117 3689 5806 8216 4225 7156 9956 2175 4071 5085 5227 7430 73 6177 1301 4809 2221 6292 6245 8974 6738 8303 8619 1148 8995 450 1339 233 3196 4531 6412 7207 3426 4504 3352 6989 7727 7253 4020 1508 446 846 1781 4891 804 8380 502 9635 7521 2493 7652 2807 1025 9734 6115 5034 5370 4009 1071 7877 5529 6265 8808 7248 9901 8971 3640 955 1007 3880 8895 7241 4710 1410 1227 6362 8868 2035 8348 4065 2157 6095 1854 3676 2185 1400 6045 5997 3841 
5357 1137 1956 9865 3629 4372 5607 9797 3658 3851 3552 2937 5762 4746 9826 6262 5728 9371 5553 2306 5456 516 1074 3036 6207 7658 6677 963 1300 6718 2351 799 6090 8727 9487 8089 4146 9248 7585 5290 5079 6429 8359 8820 4531 3380 8190 2456 5999 8624 5928 8786 1197 2868 3834 5826 5748 8380 6158 6445 7111 8034 3292 2361 6077 8300 7688 9357 8064 7552 5007 6378 536 7271 2455 612 4839 2528 8932 9998 5671 9196 4147 2162 3044 2257 7337 6719 8034 6798 4896 9532 2958 840 4525 5019 9720 510 9683 3948 
6422 7618 2380 4982 9313 150 7061 2506 527 3397 595 7703 574 4289 6563 3119 4301 6572 4687 8094 5797 8925 9061 7338 4437 1706 8198 9590 5222 6853 7047 28 5399 2501 379 689 318 4703 630 3223 2920 1878 5610 9322 5302 4072 7438 4644 4139 3774 2729 5457 3763 6080 3941 1655 5217 1158 1678 8662 9179 9917 1572 706 8939 4086 9501 7340 396 724 4551 4304 2808 1728 1213 3562 1072 7397 9485 1003 9489 6716 4636 3702 9274 7505 310 427 3164 5630 5529 8669 1006 9698 6247 7544 9872 7789 4437 2158 
2005 4046 237 6616 8754 750 4081 6921 4479 2861 153 8451 9496 2553 5809 6357 4193 6106 3221 836 4043 8765 7759 1847 1659 4277 4252 5243 6271 7111 8705 6904 4913 5542 2763 9920 3976 122 5707 7241 5194 8444 8585 7698 2582 9182 7319 3455 8256 2469 7925 625 1376 3951 7334 3893 9573 5998 8474 4238 2766 5417 2486 9415 6561 3490 9147 9858 4800 8193 2420 121 2887 4656 9468 6448 6735 7161 2281 7680 3942 2816 1487 9403 3920 8653 1312 9616 763 4244 2463 7427 5019 5518 3966 6200 3197 7355 4108 2120 
4475 8327 8993 6836 3673 2857 3946 8113 8940 8990 811 4847 9104 9707 5496 8183 5381 1378 2406 1018 1904 2683 9332 3760 4285 6796 4850 4994 5696 7438 7170 4361 4801 2289 2264 2166 7585 1333 3369 9972 7339 6182 4156 121 6950 4053 2775 2787 6324 6630 1802 3099 7051 3400 9150 855 8600 9456 9434 5063 9842 2613 9442 9495 1244 9638 1979 9103 1200 4649 7253 4474 6846 4637 1098 2876 7685 8524 895 1666 8144 2920 5306 312 7047 2175 4953 9810 3457 7631 2615 740 2096 2322 5249 3399 896 5841 5822 4074 
6524 2934 5378 6632 1116 2769 5427 6006 9189 5766 4820 2029 7371 248 6465 9211 1982 8175 5112 9952 1835 7045 8576 134 6709 3538 1866 7397 2370 8510 2425 7420 6165 2978 4857 1327 5189 3425 5089 5624 9767 1626 6113 2940 8308 8894 4013 6199 600 1343 5846 3348 6135 1447 8791 1195 5557 217 3721 7721 5102 7590 6381 685 8708 3716 112 9477 9416 5539 2565 3945 8978 7520 5888 6238 5736 8523 7925 9507 9425 3639 5682 4852 6878 141 2531 4169 7073 8126 5143 5138 3280 7829 3855 8920 2086 1999 8064 6480 
7309 3694 3280 7168 4910 7126 7489 3931 614 9959 392 3529 3240 7517 1189 4162 6143 9778 5706 6755 8548 5015 2556 3243 6038 6185 8945 1111 946 8637 8442 1973 4521 7337 8344 737 1037 8470 9807 7299 9204 5225 5341 3127 6727 5900 7376 6499 9095 6869 9436 27 9605 1999 598 7883 6399 1869 6702 8309 686 4878 648 5503 8487 3164 1968 8081 738 6409 1913 6494 6158 4803 5380 716 6070 3903 9972 2178 7017 8725 8125 1708 5350 3448 1650 6775 2697 4680 297 3913 6491 5242 1434 3528 8436 9119 5859 8756 
4486 4306 9035 2993 7628 6753 2112 9251 4903 7309 6428 5696 2569 1079 350 3146 6124 2757 4436 6495 407 4858 248 6646 4724 7766 2714 9605 6449 6505 4835 1227 334 1605 7791 7302 7873 2315 7098 7690 9087 2756 8815 645 8224 3036 7871 9006 342 3197 3986 2029 6508 3328 4519 8912 5043 2317 1703 2710 7339 3952 6170 2858 3755 9939 6769 8945 1362 5478 3767 1151 3673 835 2218 8113 8940 8990 8474 811 467 9104 7596 2387 3176 4953 352 4764 3808 5576 9809 8655 5265 9715 5210 4563 7367 3924 7102 1128 
4747 7894 612 8606 140 3164 7889 5093 114 8540 4878 2348 454 3653 1003 6636 8919 5536 6766 8634 746 1329 1023 8431 3686 7728 1549 9183 3801 3462 4267 9930 3798 8013 2860 5477 8570 838 4056 953 755 2928 1161 8042 1662 7136 1393 9191 6727 8916 6499 1582 1159 5705 9744 2727 630 2086 6853 6090 1685 3688 634 1018 9903 1414 6978 2280 7861 8741 9454 7030 5362 9187 3789 2721 3119 8889 9380 7340 788 8823 9227 8691 7469 3068 4139 8591 1523 530 7553 6705 9260 9053 7774 9036 5049 751 2237 1778 
5695 4480 8730 2278 5203 8699 1881 1253 2208 7558 7598 3637 7865 1359 23 3687 8111 7311 853 5714 1460 8719 5124 8196 9856 3613 1034 8224 2105 6618 4018 5799 3185 6179 4877 9717 6881 4444 9095 5394 647 1233 7531 3148 3903 9839 6195 6622 5677 8725 621 5124 1708 6236 1825 5249 7416 1440 9964 240 7742 4749 5116 9754 1069 1938 9566 124 6829 3929 9744 2212 4415 5771 7288 2912 6633 6183 3752 6807 2578 5647 9086 8371 6582 2129 4505 7379 8096 2819 5636 3443 6832 8591 1400 4072 9764 484 2594 5038 
6579 7074 2418 1504 1977 9993 5486 1064 3862 6486 9080 6123 5163 7461 202 9951 6845 239 5304 3567 8460 837 2709 7285 9046 1022 3184 4089 122 836 982 116 2598 500 3077 3499 2079 1509 2472 5811 8359 6457 7963 9645 5423 7846 5148 6007 5002 7028 5606 6868 3270 5893 2145 245 2876 1837 3346 6259 1750 9496 9143 1094 974 2334 8871 7614 9142 7614 4636 5807 6195 7804 8734 7115 5913 2880 2761 92 9964 7266 1089 7544 6573 1149 6786 4743 1441 2794 7434 58 3566 1530 6652 3877 6021 854 6252 3126 
3711 6798 1057 8873 433 3170 9058 6167 8728 6068 185 7055 2988 4888 4845 9888 1213 3422 1387 1769 921 8470 2160 4404 3085 1152 9481 9815 5489 3960 7563 185 4767 8607 9241 4049 246 9289 4663 8432 9690 5694 1563 267 1209 6754 735 4020 300 760 3161 8353 704 19 8290 9431 9708 3748 7755 5575 180 4751 5469 2912 8188 508 66 6985 6915 116 4480 7211 3637 3744 3804 8876 2728 542 779 1304 8668 442 8158 4980 9756 2225 2117 3830 190 6637 5610 1912 7851 6290 6472 4842 4453 3167 6290 3906 
6538 2892 7432 9409 9348 3427 4390 2236 2193 888 5412 7833 5670 6046 5455 3957 8134 5959 1490 2941 1676 9567 5125 7109 6980 2746 275 7389 3519 8532 6786 7759 4277 9920 5074 2678 4813 8066 450 8705 6902 8428 7155 7992 8739 4962 8107 1571 6529 2411 6255 578 2702 9785 9654 8649 1203 8372 2228 3785 7223 2463 7013 9302 1414 2409 212 6155 583 6409 2810 8822 1279 4817 4234 5724 3900 6881 650 7386 988 6129 4228 1145 6268 3312 9271 361 1578 8216 8040 8248 4145 3744 5134 3309 997 3638 6663 8241 
5725 2167 6523 8873 4101 1868 8863 5984 6813 9947 5603 3400 3798 6978 3146 8799 3500 9713 7297 9902 9209 7087 571 6286 7280 982 281 8163 2218 6533 1323 1575 5877 58 4763 8860 8790 969 560 8679 7060 4035 8244 6117 7348 8531 4514 7930 4998 6068 1152 7163 580 4958 554 6605 5184 7478 301 8178 9681 722 5567 7159 7946 8389 5304 4189 407 109 9032 3243 6052 920 2425 6542 8408 6222 5229 2548 8472 8725 9552 8438 1463 7217 5916 3981 4126 5664 6998 6835 8028 4400 234 543 8292 789 2167 2529 
8846 3783 3324 594 9253 3297 2511 2630 1268 9684 7113 6406 7459 5608 592 6348 9438 3702 6847 7458 3432 6132 1045 276 8092 5884 2195 7624 3319 1874 7664 8537 4723 7664 5105 1716 8555 5808 7576 8382 6675 1951 4091 484 336 4895 9063 7457 3259 5089 943 7397 1135 5945 5536 4319 1345 964 5364 7888 5576 8733 5253 3824 2820 4336 182 6157 4645 4150 7768 1837 2212 9785 984 4862 8576 6102 6350 1813 7773 9709 528 4462 7433 2536 3774 6728 9377 6986 586 9909 6837 8237 2022 6808 7946 7659 8670 6669 
2841 2715 757 9829 337 8149 2625 1596 9204 6408 9458 4904 7725 2091 9848 3219 8116 4212 8527 8790 2336 9141 9313 5681 8383 8443 7831 648 5015 2268 7951 5192 501 8445 3386 8579 5878 268 3753 4630 3738 8860 5678 4269 8508 1076 1316 7687 2958 9373 6092 8895 3587 885 5932 4691 2537 9539 5081 6141 8491 605 1394 9652 8170 485 8905 1080 6317 1182 1293 6487 8383 960 4361 8365 6203 8556 279 2553 6927 402 2643 4502 9630 7517 4162 6143 9778 2609 7721 1592 1474 5015 2556 5835 4764 3147 9166 5192 
5728 8579 8769 4426 3047 7622 9859 6890 5529 3174 6438 6682 1432 2151 845 4341 9592 5817 2986 2684 3529 6279 1583 6325 352 2689 5631 8955 2484 3815 3513 490 99 8580 4941 7074 8896 9763 3777 6033 5931 3471 4988 3350 3825 6355 5614 7640 5639 2061 5638 6443 2134 4295 746 3408 5642 8079 6597 5971 2631 7121 9443 472 5885 7796 6827 1789 9912 1527 4100 4889 4101 8689 9172 6986 5769 4272 5298 8724 5910 6837 8367 4817 7227 7463 306 6746 5980 8718 4193 5801 3441 4295 7592 5848 6422 8898 5416 9965 
1039 2633 8658 2948 1653 451 4774 5166 1281 8718 5035 813 9651 5140 9993 7053 5737 433 898 2827 1016 1829 2766 6745 7254 3613 7939 1952 3302 7742 6793 6117 7868 768 6485 9510 8325 9738 1059 2265 8109 6231 9244 8498 8682 9452 4653 7287 3221 335 8296 3220 3761 1524 7711 1921 9478 3470 5196 2905 6372 8219 3835 7462 2675 405 3519 2072 8856 7247 334 7377 6262 4480 9177 9574 4587 8713 312 3902 5126 3970 3093 5711 6991 1153 3686 4710 5897 8340 3733 4306 5605 8986 3567 5925 8809 5799 5837 5077 
883 376 4616 2333 8790 6196 4345 6401 1014 2392 4634 5249 6048 9592 4878 9168 4724 6092 6543 2181 2631 1375 9220 3744 7023 6908 7162 1968 9803 8769 7929 5599 8252 2929 3342 3720 3184 9624 773 5556 3175 2922 8034 4079 8233 7517 6428 742 7951 6972 6973 6290 3896 3807 2340 1905 8333 1067 5427 3078 5635 9532 6825 5176 9884 4326 3375 4622 797 2200 9737 5460 4452 7606 3133 5206 4536 3781 2196 8627 9934 7541 261 5343 6203 4829 1952 2495 1550 3937 5850 236 9920 767 900 8872 4815 3560 5353 7284 
1177 4992 2872 8320 7701 9299 6549 486 7437 406 4557 8000 5457 3224 574 2266 332 2052 1208 6752 544 7914 106 7059 875 9022 1958 3115 8559 9450 2059 2717 8548 4590 4277 6235 9723 8901 898 4811 4521 5819 3954 4583 3616 260 5101 929 9727 169 5490 5887 1509 4422 6613 834 4028 2811 5569 7856 556 7793 1070 9609 1117 7015 4085 6427 8122 8956 7433 9917 1572 706 6011 8939 177 6153 6915 5068 1607 162 615 994 3275 3526 5696 1749 7104 5376 8937 1626 9937 3212 6423 5299 5193 8555 2505 1095 
8332 9247 6853 6823 7038 9123 8938 3606 5152 1110 9967 6715 9750 427 1891 3609 1527 5560 4851 7846 4497 9747 7833 7385 34 9672 7144 2665 8761 210 6280 3358 1063 5976 8109 4926 3676 5813 6516 9627 6513 4051 9707 8552 2185 8365 544 5365 5486 2445 8183 4960 9677 3275 6264 8212 249 5371 1020 3807 8594 1690 9692 2336 5340 9141 2601 8069 1207 2346 7558 3828 1470 1063 3957 6401 5542 5863 3986 1890 9287 3001 464 3910 4199 4354 8243 3227 1419 6837 4173 2167 5801 6174 1968 6406 6671 2271 8324 4934 
4549 2698 2252 9663 2737 5363 5749 8351 3157 4115 2907 8017 7326 7100 4231 611 9611 8325 9016 6496 7466 3377 2385 4988 5830 7162 9533 4603 4863 8876 8650 2847 5769 7680 1743 8344 4903 3413 8192 1123 2642 918 3943 105 7101 6095 7314 4565 9922 8813 9317 8548 1915 9635 8595 3160 8367 5061 748 6889 1526 36 1452 2002 6935 8300 3469 1185 9019 3519 8826 3836 3694 9258 1626 9071 9281 2730 4214 2232 5513 522 7890 1564 9266 1208 1667 4641 9137 5321 2821 6279 7788 6201 998 3208 1843 5961 9357 6569 
6128 6588 2999 6485 8702 5183 6149 7347 1642 3836 4194 7044 6822 5316 489 3666 4301 8028 1168 7502 2816 2949 3512 1331 4276 4408 322 636 3008 3689 5134 3596 639 2125 6802 9105 2585 2337 8366 162 4467 3560 1345 6898 6284 6179 853 5421 4734 5922 2868 9884 815 3765 2214 1434 5673 27 2884 4793 9439 9466 8712 9616 6701 6522 7640 5242 4113 450 1527 9923 7725 4109 8187 7874 5202 1777 909 8835 6619 8699 7969 8271 3383 8923 620 9174 9966 9926 9296 9628 5485 4213 2530 8165 6164 7245 6089 6728 
1918 4858 7403 2772 7446 7846 3881 8903 2864 4303 2276 6616 8064 6700 8241 4456 3187 6276 7632 9768 6765 6984 6325 5378 6455 4456 3269 6349 7202 7896 6917 9842 3375 76 7524 1003 2664 9270 4522 339 3435 4503 6335 1472 3471 3731 5101 987 8231 356 2736 1999 3597 7366 5944 1622 6059 8127 4283 612 8071 8667 3014 5115 4050 5825 6460 8555 2969 4578 5299 3256 1583 3463 635 6126 6623 6496 9752 5421 4255 994 3472 7127 2631 142 2669 8338 8355 7355 9234 659 51 754 4604 6763 8780 1632 1446 1882 
9531 9011 7909 496 8865 4726 7875 7162 4625 9845 4329 5289 2229 3327 1378 6926 2899 4482 5739 9341 9607 1770 3939 7316 1196 3479 8528 9568 5419 9773 4806 7239 3427 4907 9378 6246 1771 3916 1761 7683 15 8814 2312 4492 2237 579 4635 203 9630 4495 9608 3459 746 747 1176 6453 9223 6511 2216 784 6076 5441 61 2643 3819 5032 9271 8148 127 7740 4230 6192 4878 626 5990 1406 7503 6199 7429 5848 5385 4937 5671 5044 4511 6932 1218 6048 6961 1931 7801 9612 3122 7825 8157 1536 2123 8958 9745 7839 
5077 2028 7930 1908 9676 1053 5230 2255 3358 381 791 857 8116 815 4398 7614 7196 1141 6201 1460 9952 2206 791 2116 762 1039 4299 5440 2015 8618 2167 3685 6790 1218 1398 1020 9539 9190 3975 8072 6305 7882 7617 7772 744 6187 1571 6546 6928 2746 7851 5951 8197 4992 5840 6071 8731 4253 8981 8565 5483 4600 9604 1302 8762 7400 3142 7601 6644 1608 5412 8189 8223 4272 1364 8138 6409 7688 7664 612 6587 7905 8886 2824 6324 5194 3109 4417 9904 7647 8180 3961 2800 1324 6027 1891 9389 9571 9348 3335 