6412 3207 2580 5396 7810 7826 3771 4235 8862 7688 6346 4361 8279 7307 9009 8860 9033 9843 7840 9553 1904 30 8964 1718 9249 3062 2220 6667 9107 2560 3555 8440 667 6732 4411 792 4299 449 2256 8672 9907 2721 4607 7413 9295 9633 5437 1149 392 8393 6086 8583 2280 2722 6766 1243 8450 377 1617 2519 2329 5316 3608 7362 1393 640 1967 6083 8458 5723 4536 1220 7305 3658 9895 5938 8969 1972 212 422 414 6941 2198 2031 879 3068 370 7413 814 9381 2230 4191 9725 7953 8728 945 8998 1505 4204 474 
7896 7039 9302 3980 1500 6693 3441 8731 6745 5453 4158 3675 2815 6925 4083 2811 3947 7313 8161 8551 8818 2365 5446 4893 9036 547 2047 1050 2809 7130 4147 5671 8306 5698 1751 8197 3148 8851 4476 8322 3331 5969 1736 7728 1876 4581 2267 2184 1159 3551 917 7192 3289 9570 2491 4758 3413 1528 4109 2669 7259 3232 6670 7636 7117 4110 8663 8219 9819 1717 7730 2994 3532 3278 6234 7032 9047 9368 8260 1915 6950 1497 9047 3847 2095 829 1059 7051 6169 2388 8275 2498 8857 5008 2189 2803 7112 5948 6592 6128 
4290 3013 4735 8069 4223 4207 846 4860 1148 8782 5079 3893 31 553 5240 9988 6194 7639 583 5700 6055 9417 7134 6316 4464 9358 4599 6874 8241 5150 4436 9813 2220 2337 4788 9924 5658 6264 5006 2215 8381 7724 4753 1842 9961 4925 1866 293 665 8844 6406 7399 4267 4228 1610 6535 7333 3054 8465 7773 9306 7481 139 9779 1074 7519 8895 2268 5077 6634 8479 4369 3425 9031 3798 3795 5004 8700 3479 6108 5055 5133 3971 5793 2828 8058 342 1428 8496 4306 6765 2152 1291 5752 2856 1650 3649 7623 7142 1321 
8810 7860 8007 8935 716 7240 3219 6710 8742 9945 8382 2862 3892 9422 669 9163 8252 4251 1627 3819 8899 2276 8062 924 1482 4212 9425 3046 3861 9185 7 7457 6345 3544 7193 3867 9073 6249 313 1029 2325 7298 2724 6176 2291 9785 4177 9659 6138 1235 6635 1136 4795 5673 7593 2456 3206 805 5099 3106 4758 355 631 9778 2634 9395 8719 7106 9302 2964 5785 6170 3898 3956 4914 5285 3138 6586 6061 2602 6918 4830 3441 8390 8166 1268 7168 8228 5966 3652 586 4706 4993 5940 9330 9135 5114 6116 6946 8458 
2387 900 3029 3562 6116 531 2238 4030 1382 1158 5588 5287 9177 1415 7937 1967 435 6627 5422 702 9978 1479 9743 5521 5935 416 86 8106 8243 1308 1833 8841 4468 6099 2862 2530 5676 5855 1804 9233 343 5866 8931 9649 8792 3513 3083 8322 1757 4460 6274 3000 2202 7092 2027 9035 8402 4626 1354 1598 7987 8743 490 3229 5432 979 8331 5225 9967 6998 9535 585 5299 8035 2369 9256 4278 7731 9846 6616 4392 7487 3706 856 8834 1442 6258 3901 3267 3527 7599 5393 5829 938 535 7524 6400 8387 929 7787 
9721 5691 8020 5490 2670 3974 5135 8728 1328 8083 3453 2297 9645 1322 2314 7868 7351 9799 1350 5394 2333 254 9573 8117 662 8678 2631 204 5750 7347 5455 387 3753 304 4215 5100 6092 1869 9735 7609 9720 9683 3792 7987 1944 5848 6422 6726 326 7545 7059 8519 7427 3591 2431 4059 3048 7299 2328 3319 1884 2041 5593 7465 6330 2145 5228 5231 5217 667 3122 9541 9528 4033 725 9021 1266 4169 6672 8331 1284 6480 8538 8897 330 9278 7368 4257 7847 5285 1550 7829 4926 5839 2218 7503 5363 1617 5609 9931 
5544 1727 7986 3739 8684 3999 6608 5541 6055 1733 2765 8417 8294 2826 7713 2412 8499 8611 6957 6149 1816 7156 9476 1558 1400 6344 4940 2157 764 8033 2186 7228 9217 3320 5421 77 3587 426 713 7461 9137 445 7184 3590 7073 8715 2302 2788 8260 7188 5587 4388 5980 3272 3150 2310 4359 4365 5446 8868 3024 5095 6962 8770 3201 510 7300 8262 6673 6236 7869 8012 318 1662 176 9907 1006 6707 6995 1902 2066 1382 4959 1205 1475 9050 2322 8120 5903 8978 2730 3741 6437 3574 1405 5535 6998 187 3587 9848 
6471 4927 3736 1082 5371 9503 1805 8594 6270 8817 5340 3098 9472 3630 4418 7879 4708 5542 8885 5148 6995 1902 2066 5327 1205 9050 9196 4147 6719 1395 3705 7433 7022 7687 7684 9373 840 474 4525 7609 6395 3792 3823 5108 626 7704 6081 1750 4381 4888 207 8951 1363 8453 4150 7802 4031 6119 4138 9707 1050 6378 5575 3075 4780 1746 8636 9140 7381 1035 8415 494 3150 8880 6238 1288 2703 8797 730 2399 1091 1068 2199 7182 4272 4374 7664 5279 9237 773 9652 1659 2777 1587 1908 2984 9340 519 7608 3631 
9760 4126 4194 6242 6133 540 5664 101 5322 6082 7288 6592 8788 1024 7426 4927 1789 5899 9890 6805 6968 7299 7862 9756 2043 5217 1676 367 4411 8720 3711 2231 7875 8016 3015 391 212 3230 1371 1987 4575 2931 6106 1821 4021 7746 5302 358 5860 9342 8872 6033 1956 630 1878 2648 4257 2948 9200 8504 5302 2236 1167 9598 4803 3718 1335 85 486 1104 4583 1513 460 8188 8486 1344 9946 3673 4069 6987 1610 6002 4455 9447 6024 8282 5528 7752 9615 3699 1661 2341 3921 5884 2596 3439 4454 7829 6097 9709 
3814 318 4310 3024 2421 2727 8496 891 5126 4463 5877 9056 1817 3517 4614 6238 5078 7570 8461 9917 2174 3501 7799 6856 702 5513 4791 1692 1643 819 8013 9328 3741 2357 5531 9416 927 3142 4295 8027 6368 5157 7237 3930 7297 7907 3724 9281 571 1509 5271 3157 4666 8163 6533 1323 1226 5877 9792 9087 6367 4402 7156 5678 3025 9509 5494 2614 2052 6332 2485 8346 9049 8350 1164 5053 4226 48 3612 9757 3728 620 3223 263 4257 3724 567 2808 5246 411 2845 4402 2237 1778 2694 4450 8793 9838 215 2368 
7848 1011 7757 3660 6795 6350 1315 6904 6943 2512 6834 3 5272 9923 2820 9171 8316 8647 3200 1599 7994 6597 8992 1180 6129 3657 1795 6166 2656 5028 9892 8547 9785 2994 9659 9747 6894 7529 9034 8395 646 4504 743 2623 8591 2748 7875 6539 6925 2791 3274 4600 1629 4489 2282 2339 3915 5043 6588 3758 7049 3646 5852 1333 6339 3980 3723 428 6393 7016 9790 784 6834 4485 7938 6101 6549 3295 1664 2335 2466 40 310 2992 9068 3561 487 8006 4283 7625 9583 4750 4395 7664 286 8619 2703 2356 5544 788 
8170 8684 2358 3999 6608 4577 9153 2765 9048 5922 9628 3425 3015 820 8796 5253 4406 3720 5921 6919 754 3375 7418 3800 1317 2715 6271 8038 4643 8616 3452 2437 1384 3233 1671 3492 6792 4169 6630 1564 5979 2762 7225 4726 84 6678 3709 2176 6298 6073 8466 5461 273 4742 3271 1394 8 571 9868 1681 7578 3833 2741 7104 481 1531 5702 9615 498 121 8262 7136 3650 5767 5552 2977 3832 7097 7058 1283 9081 2226 6315 3957 3257 5542 5863 2054 679 7844 2500 1006 8537 1264 5148 7816 8055 1382 1190 3365 
5671 1075 1543 854 4201 5609 9325 8438 2163 6344 788 6654 1781 3999 9363 2066 7676 8417 9048 6630 5017 8416 8314 498 6678 170 7117 4963 966 2775 7247 6772 9086 3974 47 7620 4726 8428 9815 2092 327 5452 5179 2917 3225 5560 7103 9830 7903 871 8974 6589 7241 6663 4638 6318 4493 3109 625 5823 1376 8851 8434 7537 5072 9001 8193 6599 3996 483 4131 8950 3266 4969 8172 3002 394 1560 63 2468 7214 5948 2413 9786 7409 7827 8358 999 1239 447 7856 2414 9908 4052 5051 6189 8915 3298 3745 4567 
4639 5136 1947 6036 1334 4244 8034 7452 9622 3347 3736 1156 9261 5297 5619 5894 7158 7780 7423 5038 8887 691 9022 2031 7496 4095 5057 9133 650 9980 7429 1139 9826 4681 1323 2776 4423 6245 6112 1638 4667 5897 5616 6768 8661 3306 6390 9085 6483 4781 9615 5166 9208 8293 5002 6515 2623 57 3537 5349 3440 9979 9412 1030 5721 9542 5792 7320 9830 6349 4260 8589 7928 4703 9490 3994 2929 9982 5425 8872 8200 9630 8018 6769 5845 2444 1047 3303 699 4826 2231 6587 9890 1570 6121 1651 1055 1712 5512 3166 
1933 6324 8000 9652 3424 5545 6600 1534 4640 2926 3955 5075 2822 6223 913 6669 7032 3117 444 9469 4906 7268 8181 5793 8934 4573 8598 1996 219 4912 8533 1810 3547 9267 5314 6974 3357 2257 1267 5715 9266 2290 5759 5021 5621 4549 2531 410 4961 5138 6747 689 526 2979 318 6697 4703 1956 3371 1878 5610 4257 3600 9200 9322 5268 7823 4819 7131 1412 2730 155 981 6423 1411 6974 6792 5568 6446 4209 2789 3734 195 7363 485 6782 6037 7555 225 1336 3260 3994 8464 544 5894 962 8094 2166 7423 5781 
5869 5388 3626 691 9423 2126 60 5250 2031 647 5057 7722 650 5688 8126 3372 1332 4197 4892 3292 2512 9746 3716 4265 1949 6455 7850 2913 4979 3844 6497 4593 1912 5101 8770 6183 4172 6472 8063 3786 2277 1837 9514 8854 325 6359 7140 5827 7856 6154 3420 4474 8273 8756 9805 470 1702 3556 1981 9223 4421 7173 3700 6168 6312 6460 9941 8023 4191 7903 6836 1462 6209 6792 7458 6122 8184 382 504 5899 6587 9890 7977 8016 6805 6968 7299 3944 8477 7862 3230 9756 1371 5963 4238 8462 4704 7161 176 6599 
1680 3250 4536 2398 2004 8966 1272 9542 5714 8141 3232 797 885 9989 7392 4035 9627 6278 8341 9275 4132 7253 1778 6197 4135 8797 302 2002 6849 7075 3000 5037 495 1601 6416 5689 3596 6642 9540 3834 537 4342 9781 9346 7082 1700 80 2255 9371 3442 7845 2399 9458 768 3878 9211 2842 9679 6367 2971 6304 1893 5117 4576 4439 1773 8665 9395 8719 6582 8163 8384 7815 5285 6129 4323 6586 1500 8376 9956 1652 7686 6601 3527 3366 6342 7602 8865 7852 2397 9439 5945 1470 9474 2369 4561 8857 2615 4467 5774 
6533 3801 3624 9461 3188 5887 5425 9725 4401 969 9588 2285 8818 962 4714 2943 42 7386 8017 9812 2979 2420 301 4520 2008 1281 7085 9688 6083 7303 5516 4488 8049 867 3269 2528 3943 590 7946 3893 417 8246 7237 5147 3610 1043 9289 9438 2196 8657 8932 3495 5109 7822 6587 3359 7711 4374 3913 7437 8628 323 7416 7197 5396 5325 8595 5425 7056 9712 1213 6904 8039 3115 3525 9843 1112 513 820 9124 7752 8552 3091 6200 9988 2613 6873 1663 5879 404 5524 5512 39 6389 8092 9826 2541 6513 4167 4253 
2019 2787 2287 6823 3626 1802 3099 5661 2742 7521 308 855 1503 1187 9434 1345 9737 7429 8569 2296 1404 9638 7494 1979 4710 388 3192 9659 5329 621 153 8715 7936 2281 8759 75 6158 6832 5465 6131 1854 5367 8653 5612 763 4244 5798 8566 5904 2332 2398 673 1291 1071 7155 6749 4165 7543 5477 6952 812 6409 5002 5523 4359 7935 9246 4674 3152 6889 2432 8891 4686 1507 3350 3189 216 6631 8473 3518 8669 4729 1051 7004 9127 5152 5926 5250 4617 9129 634 3058 7145 5777 1067 846 7154 523 1073 4193 
2567 5120 7873 1660 8684 9732 497 7409 2850 3790 4126 3531 1751 5008 5932 9030 3579 7559 8382 1488 3314 9703 8626 2124 43 5189 117 9388 3887 8081 8482 1749 9974 9346 8943 714 1086 6463 438 1933 610 3984 2492 5226 3267 9748 3336 1483 7537 1952 8331 7285 3987 7635 9605 7079 5552 7549 6823 9896 7785 6457 6738 6069 3039 507 6957 411 588 9592 3719 3073 4144 2878 224 9475 2335 6708 9345 1127 69 5191 6666 6297 4829 365 189 3270 920 4393 4994 5783 4906 9456 2322 5824 7724 6315 1683 7662 
5173 80 1484 2252 456 3059 6252 9538 8210 880 2579 6986 9997 4743 453 5273 4500 7065 5617 4703 3953 5360 8000 6557 284 90 4278 2909 5537 5222 506 8506 5786 4841 6730 2869 4220 1808 9748 4025 4292 1253 3401 2539 1435 2501 9206 7801 5081 2649 3135 5128 6258 3377 8756 1990 5657 6672 6032 6020 9646 7576 1964 3110 1264 3059 2574 3832 7279 4893 4373 4083 6008 5470 321 7677 4450 6227 6076 6434 4917 3413 5336 852 894 5470 6723 2776 2854 1578 9640 1805 2222 7691 4365 3835 9658 5446 5337 8868 
3024 5966 1087 2352 510 5712 6945 5953 5956 4684 6236 317 7869 4598 3069 5686 1587 7299 7047 318 4231 467 2202 176 2991 3245 5593 7215 5231 6436 1238 7487 1450 9021 2589 1441 5897 1237 6779 3524 568 5346 6451 8840 7304 739 2404 6405 2219 4563 1191 1471 7373 608 1593 6459 5998 6561 1507 7427 7735 7966 7488 7736 5860 8574 7747 5506 7765 7911 5438 7519 2048 3763 6970 7603 8099 5406 8508 1370 5254 529 5002 8195 1197 7106 9004 9935 3921 5888 3158 5552 278 4638 3312 8703 5196 851 1280 7772 
8959 630 4373 9545 4275 1478 5925 9411 6285 615 3493 2270 2211 2077 5524 7816 368 8357 1622 1825 6122 9035 3294 8270 1556 917 4273 4027 2447 3674 766 2995 8791 4769 5314 4446 9145 9949 1046 9226 39 3900 8756 9554 88 3291 813 2899 9875 5086 6479 972 3842 8186 2933 4684 2510 4386 6516 653 1194 2773 6381 2193 2165 7390 4562 2962 5885 2707 5769 4752 5770 7269 2891 3960 8902 5529 1315 7878 3469 4189 4715 4319 9270 723 8879 6056 5730 2941 1075 666 2598 9857 5190 4692 1446 3774 6331 124 
5768 3459 8835 2258 890 444 8078 5952 4942 9172 765 3114 1425 4672 2900 2156 8573 1613 7758 6528 7985 5551 4854 4592 3500 5721 3310 8166 3542 9054 3752 5728 911 6036 40 486 127 7377 15 4789 108 1080 8301 7169 5014 8204 7318 3946 3192 1103 2035 8793 3697 9285 2730 4744 7803 7659 5183 3816 5658 9571 9652 5732 5728 1371 5477 9188 4310 4189 2906 8432 3790 1102 2521 1680 62 3950 2190 2679 658 2107 2285 9030 9163 5491 3549 5732 3872 3777 5394 815 6330 8364 2029 6723 5412 6832 7906 7233 
4674 6228 1710 635 7808 2783 8367 3979 1517 1352 6878 2959 8304 1961 509 9860 7668 4363 5464 1857 5468 332 5515 9018 9330 7538 1987 2881 8818 2637 4494 8784 4501 6369 1546 7748 2304 6709 854 4730 1407 4193 8988 351 8997 5101 5378 5305 9356 7319 7172 9348 8126 6530 5162 1716 4411 8782 6055 7337 6755 3096 994 1901 2819 3899 6991 6479 7626 5667 7211 1560 3061 8616 3465 2306 6986 8335 7190 2265 9530 7842 3723 2069 8334 4075 138 7854 651 2892 2367 2817 2385 7416 9389 9624 5830 1419 1202 73 
792 1881 4146 420 2689 8381 5248 6218 8491 9688 3041 5234 2070 5817 1228 802 9324 5408 58 5018 6327 3993 3441 4388 9690 190 306 7016 9184 8311 9695 7689 2634 8334 2206 6734 1626 1653 3989 6283 8068 980 9147 7938 3840 2676 6474 5760 939 2449 6549 3212 266 842 3090 216 776 2466 7250 40 8841 3581 7952 310 486 3576 145 127 4080 5011 2697 2610 1976 4738 5204 3677 4308 8409 5895 2428 5324 406 1647 7734 1472 9434 7044 9594 1858 2675 8899 3031 1576 3009 3080 3064 5281 7747 3289 4547 
6773 6577 1026 5728 8017 6598 2208 3150 4566 4207 6105 5946 9131 2444 4456 3884 4757 4851 3276 6883 7559 7961 4021 9218 608 7648 3997 6848 6790 6926 572 1080 4414 6482 7625 2233 7244 4273 7861 4288 9540 601 4298 9620 3899 8031 3717 8533 503 2876 7261 8843 8901 2 6381 270 1502 5304 4778 8540 8298 7724 2852 9375 9194 5888 7745 6259 6795 4493 625 8781 7933 8851 3830 8978 8510 7421 7537 2141 4238 4863 5417 1431 1358 3819 5333 7333 5927 7212 7298 547 2511 5020 1354 4643 2706 5790 5963 1744 
4963 8909 4351 1016 5253 3430 7059 3306 1119 9260 8721 2332 1841 2070 3534 5184 1467 3036 2699 3722 2509 7439 4122 470 9489 7731 674 4377 3009 8355 5719 375 4817 5819 4476 954 8764 5014 7145 9679 2395 1330 6748 4160 4203 8107 8319 1519 2390 3082 6947 2516 1997 1704 8338 8215 8224 9840 8302 7772 3264 4943 4787 9330 8140 9008 9412 9398 6750 1820 9704 4885 1636 6091 7911 7973 2547 3496 7745 2231 5736 6299 7536 3621 3198 3855 5262 3186 2642 4029 4279 7283 4655 2222 9951 6128 8326 2124 7120 1682 
1228 2281 9124 7752 7369 9012 3091 8376 2367 9753 3085 3180 9638 9844 3019 1979 4710 6478 3933 3341 8296 8364 153 9605 7161 8163 7952 5437 5740 1318 4978 4567 5468 1690 8817 6945 3628 3115 1222 5658 3525 5410 1059 9355 7083 339 60 9196 1792 3116 2590 7463 1324 4726 3286 6673 7565 2729 9805 8577 7939 5406 4348 1811 7444 6504 980 5897 222 2367 5595 5139 7121 4980 247 7228 9119 990 8873 8081 2525 7505 8434 2304 8325 7285 128 9347 4936 376 6885 2164 1799 6004 2790 5631 1377 7701 4591 2613 
871 8012 1925 4897 442 5879 7253 9805 5021 7015 4020 652 9859 5308 6252 3494 3504 3641 955 1357 465 1102 6870 4184 1169 5249 3414 671 4009 7556 2614 4097 8890 9069 9838 5752 6190 634 4876 1639 3202 5299 6269 7712 845 4817 6580 9271 3738 966 8221 3294 9953 7438 6995 860 4155 3752 9597 27 3029 6116 7620 6616 2782 1118 8764 8763 3636 1757 2622 541 9084 5876 3171 3813 4041 75 8832 5090 86 9577 8974 464 8716 8462 5999 7442 4664 6297 7326 2549 9037 3213 2620 2115 3349 606 4521 721 
1665 1992 1233 4121 9610 2959 4387 6606 7995 1877 7842 1998 4841 5963 3654 5766 6643 5786 663 5655 1836 1142 7904 2292 8302 3702 3446 196 8491 9490 4023 5444 4515 639 5670 6987 2090 7054 5988 2555 836 1060 2864 1700 8379 5610 9330 7431 8267 1523 4362 4208 3781 1457 1429 6312 6867 7772 8860 8466 5168 551 7303 8133 9553 6603 2599 8666 8399 867 5697 568 4382 5543 3751 5259 7242 9085 609 8214 3546 4114 3175 4848 9164 4769 2998 3623 9213 9934 3752 4959 1749 5619 6637 2469 7349 6708 699 7426 
4927 1789 1711 504 6587 9890 2457 4569 4468 3520 7299 3944 7862 5963 8462 5953 2044 8483 5455 7477 1288 3391 207 6441 3177 3424 3279 2929 7487 1499 9642 4299 1272 773 4502 6919 3410 3914 4169 3059 2248 2715 6271 4428 4191 6935 7933 182 6863 1075 8744 7461 716 9921 620 2976 5352 2215 9230 4830 3365 7179 7895 3110 2201 9616 4372 9383 5469 8474 9294 2858 2320 9422 5390 5202 9645 7691 9989 5446 1304 1188 5966 1087 7300 6945 5281 6673 8519 9001 1574 9058 5686 6450 1587 3750 7047 318 3319 3365 
467 2041 8003 3218 4853 4754 6548 7850 9533 3161 1143 4161 3213 7441 3769 8641 6477 4252 1890 3347 9538 2246 467 101 5323 434 5373 609 1715 8895 4193 1135 6399 6436 5158 4793 2959 7947 5293 8975 1409 2629 2046 6186 1677 6595 9674 7060 6082 2919 7359 2262 4115 1064 8361 9647 8869 9136 5554 3733 3694 1712 8206 3712 2219 420 4348 8902 2492 5126 3790 5696 4802 7767 2326 3881 3516 8861 9793 246 973 2491 9714 3178 3471 6087 8653 8934 4532 5505 5101 100 9814 7128 1403 3820 1461 3133 4961 5062 
2956 7198 1865 7691 9485 2160 8734 8985 1677 3091 1015 4605 6967 5592 5895 5142 2131 3409 4265 6435 6708 9828 9873 5430 7109 4924 6983 9736 6524 6156 9452 3402 1661 1398 4825 2737 1744 5151 9842 1477 9997 4700 9762 9753 4528 5705 6964 9490 5840 8719 7194 552 2099 4343 5094 1854 7791 8728 2204 8849 6012 3757 1308 652 876 4333 1736 1219 8739 7414 3832 2196 7292 2096 2294 8273 5712 861 1753 2891 5061 3822 9510 1520 5508 1831 104 4542 8660 7007 1278 3938 7542 1312 323 5234 6550 1025 7030 7219 