3800 4753 4207 4316 6726 221 6874 168 9322 83 1765 8960 2449 8575 337 812 9215 3418 3022 723 8573 3851 2109 5647 8553 8945 7773 942 9303 7621 2144 42 5768 7577 2022 8129 6875 8679 7398 4648 4692 6750 3513 1349 9598 6817 1462 7856 9976 6227 8366 925 330 3397 1330 1310 4919 6908 6199 5488 5882 2367 7061 871 990 6758 9015 1778 7418 597 1313 7662 6318 3839 3615 1744 9163 7405 2818 6832 3380 1267 1968 2607 2555 2999 3816 7796 3044 8005 5841 5811 4063 4583 9704 5910 4736 1802 3490 1217 
396 4201 6555 2355 9333 8607 7253 1681 3824 5958 3482 9489 8100 9023 8531 769 5705 56 1103 9888 2976 1858 6578 5994 7449 6821 1921 6492 2689 6133 5000 4032 6328 4663 5170 757 1888 8709 9813 2103 8722 59 810 6322 9025 3688 4923 15 5076 5532 5202 1328 3005 8678 6328 1933 3848 2381 5388 4546 3557 3776 2967 809 9157 7551 5336 2523 4691 4820 9871 4468 6033 7411 4491 6328 2022 171 6403 4979 9968 1118 1721 1304 4418 6037 2437 4967 3541 821 2105 9098 9755 6565 957 9575 6826 3069 8129 7883 
4457 1766 9088 312 2442 3643 2910 4160 2600 6844 9565 7189 2817 4571 9277 3226 1711 2956 6730 1587 715 2534 3968 5837 1256 4792 8246 9631 578 3338 4780 4362 2239 235 2361 5103 401 8860 3222 9781 1691 2558 4841 8194 6967 7245 4373 5131 7421 8944 6284 5648 9336 5910 1726 904 5906 6597 5421 7891 8833 6834 7778 2788 6556 3033 8657 6735 1533 9091 6570 8195 9546 8619 6748 8487 2398 7045 416 8358 1976 787 9383 4346 264 2153 3936 5262 9754 4887 7087 8089 8782 8300 3 5175 5605 8181 1422 2306 
3833 7523 1665 8156 4576 5316 865 8538 5143 853 1710 4815 4785 9244 3898 9515 111 9624 8965 1286 2238 4778 14 174 7398 2394 2813 8386 188 7210 4473 2633 8660 6074 6126 5073 325 6263 2123 9959 3535 8109 8062 5376 6077 2583 2473 5989 3588 4723 6235 2885 2024 727 6438 5662 1678 8023 1687 1857 3239 3970 2266 9624 4601 4992 6555 3389 858 5043 391 6036 7788 8076 3279 1359 3955 7353 7317 4425 8981 5516 1898 2643 7508 8507 8307 5617 9728 5920 2965 5297 1180 5473 4071 1569 5243 7594 8370 9916 
2031 6961 1199 5736 8422 8531 7790 6897 2466 299 8841 2808 3581 2127 3228 7516 9277 1732 9149 1683 5123 6041 2276 9641 4319 19 3147 4910 8609 4453 963 6450 7299 8897 2328 3319 4231 2202 9907 3754 2043 6284 655 4796 1455 2522 7915 465 5226 5603 3800 172 5468 1690 9692 6270 2431 1289 3098 320 8477 9472 1207 5681 7558 3884 6315 4708 3257 3577 1207 284 5685 1449 3525 1083 8885 1087 8055 4456 9998 1205 7720 5461 4977 7707 6693 4368 1175 1057 4476 5602 5232 7260 4205 4106 7812 775 6338 5945 
3916 6543 4479 3699 9843 8786 1374 2601 8910 5017 8106 8314 6012 2885 9521 3248 6058 9657 4029 6861 4055 8747 8073 7393 4234 6000 4061 2889 9287 5193 1055 8898 9424 1386 7000 941 1920 3622 5125 3442 5106 8843 2735 8113 8474 2728 9501 2620 8158 7413 190 8618 2564 5610 8961 943 852 8770 6795 2650 3893 8510 8216 2766 2592 9368 6561 9147 9858 4684 7313 8193 2591 1293 377 785 3635 1680 8895 5529 5962 973 3016 8015 8415 3176 1269 7280 741 7618 8146 2351 66 719 4982 7581 9278 1550 4757 9528 
2573 5514 9412 7826 5232 5145 1100 4205 2026 9857 138 7546 367 7382 1366 7143 4092 1940 921 1180 7671 1569 2578 9876 7212 2392 4963 2008 8049 2126 7585 6109 9261 447 856 7163 4349 7339 9302 4757 7366 2686 8508 2222 4359 4365 3835 8868 1188 5966 1087 2352 764 6040 6945 6673 6236 564 4157 6450 3750 8897 9049 6132 2703 1798 4830 3557 2043 6832 3698 9179 3220 7982 9425 7407 4663 1450 7533 7084 7809 726 9247 6967 5912 5086 1987 7172 897 3110 4578 8625 7193 1220 1175 7634 3933 9716 3634 5285 
8395 6361 1442 9841 4753 4427 2712 9990 7106 1854 1109 7681 1445 271 1051 9470 1937 5814 9286 2785 560 7735 8065 4113 5875 6045 2619 6278 6030 8218 1348 4830 4388 190 6795 1058 7572 4770 3372 8311 8167 106 7689 687 5365 4877 1672 1626 5550 1653 5822 3989 9659 4095 6283 2175 7434 702 3840 2676 7411 6438 3212 266 7598 3928 3090 216 776 2466 3008 3581 7952 7516 9277 6543 119 486 2735 4992 5550 591 7573 7842 2427 1487 8597 1939 9913 5324 5222 5628 7335 2252 9190 3480 4368 6739 1641 6487 
7999 7464 2890 9553 4720 7576 3072 2029 3298 6913 7406 4556 9181 4710 1410 8867 2367 3360 894 972 3140 2422 9215 2493 4628 5246 1423 9621 1369 2915 7371 2968 8208 7431 7547 4505 3765 2755 76 3049 3267 9969 6237 4380 349 7581 1080 8742 9486 2368 1162 5789 6490 2429 7291 8345 3952 8764 6970 4540 8597 1375 320 1207 4418 5793 8733 7730 9209 571 1434 5271 700 6154 7307 2699 4763 3419 6875 7172 8118 817 1119 3540 1835 7071 1453 1034 9904 820 8363 9677 7501 4211 6284 1202 6238 4850 1192 142 
6762 3930 1224 451 8723 8131 7164 1577 1304 2776 8146 8288 2111 5770 3942 958 6901 1014 5619 8752 4467 3641 378 6312 6727 2373 876 6524 3020 9961 339 1216 4949 1891 4808 7490 2345 1598 5846 6629 4750 1455 4823 3133 1862 9192 1365 9673 6300 2193 2410 6433 9475 3691 9005 1158 7318 7271 1981 6841 9967 4789 3088 8297 9554 6972 1129 9846 3649 4135 5953 9936 2282 4839 1090 753 4502 9232 1922 177 9147 2089 2849 7737 3699 8253 6491 392 9726 2280 1371 2971 7229 7501 6046 1753 9999 1578 253 4226 
6249 6185 6965 7666 3617 1421 7772 7885 2266 8650 1273 3736 5879 2737 4542 6794 9332 56 1103 9888 351 1858 5798 1065 3118 2831 7930 9781 4985 6328 6969 7312 8664 1450 8340 9862 4923 6933 1151 1837 2514 2528 8523 6442 9293 8410 8920 7420 3334 7526 3640 3361 8452 2871 5378 6123 7064 2754 7112 2532 8519 3609 1390 7073 6626 966 6155 3320 8025 5421 5241 2921 8855 2431 1308 8325 7347 266 8025 2402 1876 426 6825 713 7442 526 3590 1222 2302 4246 3720 4191 8522 4830 1580 2494 3211 6962 5593 7215 
6436 1238 3122 9541 3353 8049 3346 3681 9261 5425 399 6247 7720 2309 5461 4877 4485 2799 980 3209 5205 3814 6567 5192 7144 2665 8714 1891 4922 1563 4824 9134 1063 4850 5209 3608 7407 9856 6436 8496 3705 8171 8549 4209 7817 4058 324 5997 8678 4051 7043 6267 3529 7455 6224 3725 1376 6237 564 9075 1068 3115 2885 3744 4641 7792 377 2818 721 7832 9543 7793 2721 5780 1889 7073 760 5860 1654 4149 7125 3833 7973 6301 4807 4677 4609 7492 4617 2960 1511 2096 7090 164 5578 2151 7811 2872 2927 9184 
4767 4589 554 4443 7645 813 2364 8880 8454 810 5320 5448 8320 6231 8853 4593 3410 3524 8487 4635 8765 6356 9808 6657 6624 5305 3744 9584 9980 5247 3601 7821 275 7151 9449 6316 7103 3659 1079 8424 5186 3138 9614 9360 6477 9145 4374 112 2102 3282 2582 5893 5854 9805 2300 1564 4509 8295 8050 7819 6123 2673 2702 850 9391 2532 6764 6545 5847 6804 7557 6442 5393 1002 9563 1113 4797 6562 7158 2609 3167 9983 6810 3799 4089 3894 2367 1867 3236 4436 7227 2107 3937 9689 1977 1629 3596 7949 4778 8728 
872 1526 4649 1551 7253 231 7696 7621 1932 2991 3461 5021 6203 9048 8595 9288 5065 1298 4937 1824 7698 760 1722 4045 7829 1674 8229 5156 8541 9624 9051 7125 3833 4830 8571 6196 2253 3348 1334 405 8025 5023 1220 3167 6888 8750 8661 5661 9466 4620 4187 8557 1706 7521 7278 6776 1022 5577 2344 6408 2992 4570 1907 60 1683 2683 7769 1142 2257 8720 7657 1324 1801 7830 3811 764 4156 7785 3627 8287 681 3188 2697 5299 302 3794 3915 699 1204 4074 5207 4769 2514 9496 8363 8895 8398 7587 7210 7103 
6468 4307 3100 3038 4028 4370 8712 1259 6618 8920 1304 9722 5882 4418 6498 8424 7344 74 9231 9367 8602 7789 9895 7728 2695 9781 4422 2658 6383 995 1629 6762 523 2905 2703 5633 5632 3860 4664 6258 2705 7774 2650 7781 8080 7099 1042 1486 9470 3326 9151 3718 2089 2166 4875 8737 5087 8738 8718 4970 4996 4447 5119 669 2395 878 4661 2945 7205 5394 5117 2288 7277 5409 6701 5966 2136 3652 3005 586 2933 4706 400 4983 4993 6387 7388 274 3618 8402 823 6685 5940 9419 4979 6607 6381 8744 6386 9330 
2424 3483 3006 6747 1424 1501 996 664 1649 4033 4944 4363 2914 6481 3886 4617 6624 8358 3948 8313 7672 6565 4419 7294 2272 7070 26 8035 2414 294 9683 7792 4394 8092 9213 1252 6405 429 863 4848 9800 3621 7120 4442 7394 9470 2612 9621 7510 960 684 9971 6995 4828 3241 1389 9272 8806 8994 2030 9091 2459 5246 4156 7308 1398 7777 2193 4526 1663 8242 7138 1872 7863 9382 2996 6418 215 6343 1247 9808 7733 519 8615 6727 7706 5009 9304 8669 703 1953 5801 2896 3126 1814 7798 427 2494 8390 1037 
61 535 3411 1513 6390 4520 7958 4506 7043 4313 7849 5592 9845 5567 2609 9383 3393 9543 9581 2554 3596 3268 424 5441 6191 5773 211 426 7483 4220 7337 5535 7765 2211 9720 5667 907 9744 3273 6379 5193 2668 4242 5766 950 2067 3482 142 4252 432 3444 6282 5830 3906 3971 4005 4571 2772 5731 2673 5683 3277 2947 6163 8847 1794 5859 8964 9030 9870 1665 6384 5936 1651 7232 6143 1215 6218 1870 1168 3928 891 6011 9733 356 3031 5536 1879 3701 702 5213 9237 1090 520 5455 823 563 7627 4527 5928 
6903 6428 4537 2228 3972 9929 2270 4539 5033 2735 5458 5988 778 8632 8834 2604 4644 9678 8765 5722 683 2255 9222 3183 1432 5058 7718 8504 9048 6534 1382 8941 5702 5561 310 9936 4522 4114 7951 3467 9624 8965 9101 1607 9786 9030 7746 4053 834 7742 1852 1333 6105 4615 6010 3635 3480 7986 7305 4498 4528 6650 2201 7014 5688 5720 3152 3925 7404 6266 3319 8962 153 7838 3645 4489 8948 1294 5748 2447 9749 329 9154 3486 2115 7109 9263 785 2918 9439 9006 35 5403 9823 2163 9851 2253 159 1658 6733 
1845 2714 1210 7603 2539 4910 1179 8936 3252 5519 8076 4144 4229 9189 6533 7434 1357 434 1187 8087 6541 8660 7615 992 5654 2044 9848 2967 2563 4575 9872 2033 5421 1440 7081 305 192 7896 1476 4627 6719 6570 6207 968 4092 7955 409 3994 1508 7360 5704 2717 9661 5933 6540 6357 7534 1543 4853 786 3407 2659 2027 4857 8055 5995 7564 2417 2903 2663 2369 2162 8477 7064 399 393 3983 1755 4436 6962 954 8351 7083 8039 8884 6563 3525 1356 5410 9843 1539 6593 7083 339 9740 4730 3424 2834 9054 2059 
1960 8402 6631 4768 9986 772 7541 8187 7818 3788 2533 2591 8452 726 7997 5402 9722 7723 8396 5023 3667 7943 5920 1212 4311 9100 4460 4780 1059 2508 9247 4806 6202 6752 1233 780 182 4565 277 3547 8625 9464 5080 1253 9403 9302 7764 8154 4439 7641 9669 8242 7659 9171 5704 1336 6586 6414 8844 8635 2478 694 3275 413 3631 8834 5566 8537 7905 1946 8225 2414 4394 6405 7946 4442 2612 6989 1012 812 3869 3124 152 6064 5701 8169 8181 3404 6745 626 5826 2742 8963 9573 6077 8137 9669 3838 792 3016 
3942 941 6166 1602 9396 993 6785 4121 4923 3091 7704 3923 4715 5093 2556 1753 9653 2906 9700 7045 5840 9896 3833 3009 562 2730 7965 8996 5196 4683 5536 8100 3053 8401 9906 1556 6641 9694 8677 5550 1737 9567 8053 3342 5252 9583 4750 1571 9480 9865 9672 5092 3586 1891 5152 4824 9518 8713 2246 8111 2426 6672 1216 2977 740 7735 4191 8712 7759 1468 5584 2970 7759 6913 6008 2642 9501 8427 1649 1038 1738 6904 6222 4497 6133 1055 5821 5057 4866 4477 9926 4086 6270 2015 9997 4674 9567 7751 9114 8346 
6830 8227 504 4619 6808 2823 7535 2985 7121 7751 6222 9583 3635 2597 5115 195 7498 8680 4635 7569 7573 2252 9862 446 8964 6958 618 8694 3131 4502 6919 3410 3316 7160 965 1523 9993 2963 9608 7289 4776 4076 3519 8107 8532 2702 8112 3284 8705 8980 7026 2272 8013 6035 9237 2879 8575 9156 9837 9054 8299 2432 1657 7537 1887 1677 5934 4406 1064 1881 6341 8570 4160 4636 7528 5438 6413 573 5270 9584 7775 3453 6961 5093 1188 7277 7701 4987 1188 7909 8492 4686 9610 4172 2243 6586 2864 5012 290 3977 
4764 3944 5598 4463 6720 2694 8767 1015 4446 426 646 9334 8022 9688 6528 1563 7303 9375 2413 5419 8519 4192 6200 3149 5842 7312 4020 7354 7739 7694 9230 7604 9543 7142 6172 3185 9771 4571 9800 2580 4061 1814 7586 8488 7172 7448 1802 9357 7084 6753 80 7890 1532 6075 2815 7688 8935 5424 875 2815 1148 2896 7897 5093 7943 9534 2307 1220 5088 2955 9898 5296 4970 3900 5340 1878 2678 6716 5039 8066 450 6902 4913 7155 7143 3638 2361 6827 4962 237 4194 2021 6583 4871 2853 694 2671 7869 2897 5502 
6048 8459 8147 1227 432 6014 6276 8947 4054 1950 9091 3108 9871 201 7728 3693 6563 6714 1179 3984 1043 2406 6956 9562 6026 9342 4790 1314 69 2747 8484 3447 9254 1216 8689 8200 1654 9497 8557 4172 2013 4029 6861 9856 9212 7274 4274 885 4745 6182 760 5932 545 227 6022 2385 4488 8964 4474 2713 5081 8895 7822 6141 8491 505 6117 4460 3999 775 4346 9355 1830 5221 5783 9652 3687 9788 6686 8016 7847 733 7442 2723 9284 4596 9454 6971 4405 1007 6868 6777 970 6221 4596 6339 9481 9725 1455 7984 
6140 9273 244 3133 9588 1862 6910 1688 5532 1094 1365 7171 2359 1288 9673 6300 1513 9355 3024 195 5642 8276 9133 6115 7716 8191 6111 8400 7102 2392 4047 8435 6804 6457 1765 9481 7618 1504 7548 2795 5187 9563 7235 7090 5493 4269 6476 9621 3007 14 798 6260 439 7497 2691 6961 9355 6689 7032 9917 5390 5311 7948 9506 3073 6179 5101 5378 3103 3423 4892 9729 7816 6793 9687 2796 5161 8199 7436 4197 9079 2544 1263 2110 2370 8510 8883 8631 9188 1836 5113 4537 8939 9287 8888 3277 4800 7382 612 9989 
8006 4172 6290 1839 2029 5199 1837 6997 3562 8422 8531 6897 2263 6975 3316 5653 2780 2166 5781 5388 3919 9423 9022 2031 647 6886 6387 3606 5152 1110 9967 1469 6269 5183 5129 9647 1908 3273 53 1132 7149 6246 9845 6135 8044 2522 8926 1814 2143 9293 2443 4344 8269 4404 5010 2063 8411 3192 1982 3513 3863 2868 9921 8433 366 9 7331 2727 211 9909 2247 1302 3464 5357 1202 3839 4666 5556 5922 2564 7299 5589 4234 389 3105 9096 1811 8331 3353 3939 279 421 4154 3838 1899 9573 3398 1729 8595 1055 
7686 989 1179 5333 9483 3358 6122 7666 8200 2822 1257 8283 7349 5483 7155 282 8224 5384 7279 7451 3725 8923 820 4319 8963 1821 2743 8127 4737 3194 5135 139 2271 1847 5854 2536 9752 7473 2227 1304 4612 9967 3297 422 4129 3969 9721 1226 5328 7461 9741 2150 6762 699 4602 2933 926 6805 3009 3064 4927 8364 6736 2569 386 3568 7774 9631 4627 1475 2451 4824 49 6046 2773 5061 7227 9499 9927 5853 4705 6905 1007 2157 5350 7202 5266 7223 3521 7104 6859 321 8067 5346 6785 5864 4649 7522 5104 8935 
5794 1630 5919 6392 6567 3357 6634 3135 1063 779 5784 5987 5328 7674 9070 1995 4876 8405 1152 8344 2788 3599 9451 3657 4929 3407 9873 6461 1840 257 9392 4792 115 9016 2443 3154 7671 5203 289 2489 7458 4616 3737 267 737 3713 504 1659 537 213 1587 2743 3585 3696 4981 6640 1363 8591 5625 8206 5007 1878 7466 6331 7079 7014 5789 6490 9098 2429 7853 4908 3952 8764 8652 869 5537 1375 9397 3333 6071 7395 698 1949 9637 8290 1450 7121 7596 2678 8802 5637 6792 3301 889 7822 7717 8058 4911 4321 
3978 9684 5013 2937 6798 1375 9845 6135 941 5279 2572 268 9868 9635 3081 5034 2063 1803 6355 9888 7883 7920 7742 408 5435 988 41 4131 4469 5758 6311 4851 774 825 1245 9105 2111 2305 4121 9584 376 1875 5634 7939 4076 4568 9883 1633 6164 6540 9584 2330 8245 7032 3497 7826 3787 6600 4038 5342 1123 3029 3624 2983 9445 3397 6222 5657 2315 5798 2608 4104 3744 4570 6378 5278 9305 8281 4613 8947 3786 6231 8076 7642 541 2118 5243 3197 7127 1033 6984 5453 7446 1786 622 3266 7545 5491 1368 5791 
5663 1923 2468 286 5663 4359 5728 6767 8759 7987 5525 1929 8897 3390 6989 9146 7368 4257 2906 7847 9615 3552 2449 3832 514 5363 3002 5609 8438 5544 6344 788 6654 2358 3999 2539 6608 9363 2066 7676 1733 8417 3425 655 8796 6065 5253 8734 3720 8817 4299 8445 5921 3410 3361 2903 7654 6554 550 7217 4428 4137 6903 268 6155 12 284 2741 9967 4789 5770 1124 8002 2997 1820 405 5266 7835 9824 1516 7179 5759 2669 5772 7927 3298 8297 8146 740 4307 2222 4720 3809 521 3752 1927 3925 1733 3745 4224 
3221 9289 1061 7509 9245 7250 2808 2127 3228 3941 7516 9277 4134 486 2735 145 127 4080 7417 2043 4738 5204 3677 4308 4428 8895 9291 8824 8969 8852 3016 1344 5001 9309 8368 8424 6777 3048 5822 2175 702 9147 2676 5760 6438 2449 3295 266 7591 1664 9603 2527 7032 2356 7752 2613 1663 5879 7807 1920 9805 6943 3556 6909 4207 2479 8898 1471 5580 9397 4658 9324 7937 9093 3306 9779 1434 3155 573 7439 4538 9233 9229 4008 6646 1024 6605 1515 6813 43 7426 3346 6542 8588 3055 4170 6540 2140 6157 4333 
2993 4386 7335 3741 8408 1651 2840 8667 5538 7719 2923 352 625 2012 7231 3983 4750 6198 7354 4050 8997 7698 9642 7296 3642 230 1241 541 4646 4248 5765 8026 8744 8839 1354 5108 7332 5484 1678 2802 2223 6154 919 8320 6027 2142 6248 7755 3760 1886 1495 5015 4491 5280 421 2631 600 813 1477 4155 4235 8973 9474 5065 1543 5638 447 644 5977 4286 875 948 9498 8511 7082 566 2129 9450 1749 6607 8480 64 8311 9455 2162 6900 9148 8751 4434 610 6605 39 19 807 5081 6460 8364 3714 828 1050 
8099 4036 5338 2019 6294 9923 4106 4580 589 647 6137 379 1864 1919 7568 1943 723 6602 3015 1321 5678 537 7857 3115 4782 7027 6001 1443 5016 2873 1602 4687 7154 2372 8409 4432 1323 4883 9517 1253 2959 2699 4121 9905 1238 9346 8445 581 8056 1812 5761 808 6837 312 3117 6761 9336 6738 7407 50 642 282 9071 713 7801 1681 4356 3189 7069 1097 4518 1038 8986 101 2544 5599 5488 9867 6183 1549 4020 8900 3725 3435 3302 482 3755 8639 6327 5910 2071 9739 1770 4304 2868 1279 2012 7413 6590 587 
5547 4225 4976 9000 57 5121 1584 1074 5906 2210 8392 2049 7661 3890 2276 5193 3307 5001 3633 3935 2186 5715 6277 6412 7383 690 2044 2844 8348 826 1113 9166 9322 5600 1486 7898 5061 7697 3490 8900 6661 1964 5495 3896 1569 8868 2563 1098 6215 5757 3428 8771 9803 8216 2568 5618 7354 8917 7688 8216 8258 227 5515 928 6015 7559 2671 550 4245 1931 1384 2937 358 5225 7953 5634 2286 229 3413 6226 4259 3329 4887 5062 4059 7193 9170 4307 2246 2290 823 4524 8964 2773 3870 5290 6469 7548 3359 9925 