5977 9343 7048 6993 359 6410 9499 4647 343 7580 1260 833 9964 4303 9676 4225 9783 9594 9937 6479 1778 7374 3403 1224 6205 6652 3380 8190 6392 1426 8786 1197 2868 4667 2074 8158 724 6529 6445 7790 6557 2443 2918 7783 4862 890 9605 8120 8254 5650 5502 1492 2367 7712 8315 794 7140 8894 4612 4820 2634 3618 413 390 9911 800 765 5191 5046 6219 1041 9992 7017 3072 443 7596 8593 8125 2643 1382 4349 452 1490 6796 2419 2833 8212 1107 6649 6188 6551 361 9085 6111 7579 3821 1176 8335 5599 6717 
588 8920 1490 1494 9509 9729 2869 1833 2099 1437 537 2773 2309 9935 2599 4844 5503 8658 5661 9414 8360 1742 9242 993 7070 1383 9457 4955 1352 2143 4774 6208 1657 4200 2299 402 6172 1071 9771 4061 7586 7639 2510 6 4878 2081 901 3530 393 7743 9859 8266 7216 6076 3715 290 95 1855 7446 2226 5624 7157 7550 8206 1775 7082 2977 9125 1897 8548 4382 5590 3893 8009 6323 5586 5344 8149 1287 6351 245 8060 3743 7814 1516 7697 5392 4988 4460 4406 6721 6911 481 4508 7708 630 3217 7003 3367 2386 
7156 8160 3184 1489 7928 1807 7515 9137 4403 673 9968 9776 9896 7350 5121 9922 3242 4097 4602 6780 7874 9248 6995 1297 4223 2448 5328 2978 4785 6777 3773 8491 9910 762 7896 2086 7645 9242 2006 840 759 5119 5136 6793 2858 1424 2651 4172 8049 8551 585 6769 3841 8200 21 3814 8429 6932 7239 9305 3710 2030 8779 3612 368 458 2267 3325 9465 5010 1991 5615 1805 622 7730 3724 4422 9902 1509 6286 982 8279 8163 2245 2868 5877 3738 9009 4763 8860 7156 4479 3133 5935 1374 2601 8910 7513 7940 7132 
7894 8618 9486 8080 5854 3891 9805 1564 8295 9339 9133 905 3546 4826 2933 1789 1711 5899 7875 9890 7977 4569 6805 391 3520 1570 8477 4859 4803 9860 3225 9553 51 7664 267 9562 1887 6749 1587 1908 3899 2743 2891 1176 3441 931 7019 9721 6258 9725 9696 3963 8107 9619 9928 6381 8440 4299 8672 9907 2721 9881 7413 7952 8087 3532 551 344 764 2932 4058 9949 7329 8110 9082 2629 2499 4995 929 6332 7661 1342 1734 8350 6754 5053 7280 3369 719 3981 9313 5042 8096 540 647 1537 2843 9658 1926 919 
7779 1717 5840 7183 1883 3152 4087 4050 2811 8551 2365 5645 9694 547 3016 1050 5698 734 1954 7052 4730 2940 7265 1691 1578 9468 6350 3997 8508 8358 1070 2688 2668 7697 7711 3649 7640 4374 8013 9617 2988 1346 2357 7239 1148 1718 9870 3215 9416 5741 6592 242 6368 2776 4695 4477 226 1578 7346 3938 7896 9706 4085 1999 2006 6701 3694 4049 8746 7098 6092 4718 9694 9729 447 6854 8853 3068 6607 3804 4128 7610 5516 1306 5343 6750 2087 4253 7585 8515 400 3086 5842 1344 5730 7232 5893 9333 6674 7126 
779 442 3251 4980 9756 7989 3338 232 8618 7102 4644 7590 7963 1323 3286 1041 2767 307 3521 2313 5193 4733 1345 6329 7199 4576 1343 804 2378 3744 3804 6476 4128 1713 3656 7353 8668 442 3251 8112 7413 5352 6086 2642 7671 6707 4959 1551 4147 3044 4201 2664 4896 4109 9758 737 1279 1659 2777 6581 2984 519 7608 3631 3696 8124 714 1304 1363 492 6920 3484 3771 9310 4348 1164 3163 1080 9597 5750 469 6764 7082 3678 9623 8506 7387 597 3002 1049 8670 2793 7864 8585 2415 223 5936 6768 4676 6006 
9286 6846 2241 7779 9157 7183 3380 4087 4926 1263 5641 8111 7308 6247 8657 2734 3173 4926 514 3002 4514 8049 3346 9658 7585 1478 6514 3311 4177 919 6386 6846 2241 7779 9157 5581 7826 1454 5410 7265 4285 3568 4850 2874 7438 3952 6473 513 4526 2185 8819 6258 8365 303 4883 6280 4799 4393 5940 4742 5383 5709 7259 7432 5571 7515 5670 1659 1863 9739 1568 3182 3299 9071 2044 4369 3649 840 2857 6294 6852 6152 6020 3160 9364 5879 43 4489 240 408 5242 4663 5476 4612 2612 195 8695 2283 3774 7750 
8234 7991 2421 2524 3197 9954 6182 4992 2948 7548 1602 8227 5837 1213 5649 8351 9468 1548 6448 9361 6371 7143 2977 8119 1940 3429 8187 379 3020 3643 7220 407 3980 3441 6745 5453 2815 6925 6650 7313 8551 5645 4893 9694 2047 7130 8306 2623 8632 6164 6274 5969 1736 7728 6534 2684 1159 1359 5025 6000 640 9636 7779 7838 9366 9819 1783 4856 9368 9047 7721 9052 2744 4242 881 8800 355 1355 2008 3752 6307 7630 4703 2894 6774 8978 5388 7132 1633 5097 2461 9094 4244 7551 7787 9871 7934 4491 6502 254 
9288 3457 4051 9570 9954 3847 8459 8906 2846 8708 5218 9531 5296 3676 6402 5265 3724 2922 2269 227 7502 2219 1866 2827 3502 6934 5716 1049 2267 5557 7995 4642 3930 5615 7882 7730 4422 4651 1509 5753 4666 4311 1226 5877 58 9009 2699 4763 6875 7156 5678 4287 2930 8982 4493 1376 8851 3893 9573 5998 8434 7537 1960 6943 4863 5417 6877 2486 6316 9415 6561 8514 3098 320 8477 1207 8390 3884 9752 3957 6401 6909 2054 7844 5681 7879 1470 1063 6315 1045 7690 6338 4108 2013 1333 3980 3723 862 3930 1521 
9790 784 731 269 5692 1540 2945 7044 5637 1511 1407 5119 6002 4047 6576 1442 5393 9904 1002 5187 3610 1113 5804 2175 1254 526 3732 9342 6697 8872 3745 6278 3037 3155 9382 9689 513 2218 5661 9406 3532 2438 6927 9109 4491 7933 3990 5502 7325 7215 19 3034 6946 2143 9939 9941 1796 6201 6738 3494 511 2994 3676 7846 5278 2162 6865 4355 1933 6441 1534 9652 8076 3424 5545 2834 8363 4664 1359 4640 3955 4768 4763 5291 3510 7818 3788 2591 726 6338 6761 9430 820 7451 245 7217 1111 3091 7261 6873 
1663 8941 3450 404 8156 2649 2893 2837 162 611 4447 2798 70 6406 881 7748 1940 4124 7272 903 523 2583 1534 3424 9617 5477 4056 2377 3385 4101 5403 2080 2581 2232 7864 5230 6896 517 7601 6707 1849 4735 1334 7758 5488 2228 7903 2201 9578 6209 9974 4876 9261 3433 5439 6943 278 3651 5767 6217 2732 8025 6997 630 3839 6725 1940 6414 295 1527 4252 2718 4000 236 8621 3464 8278 9809 6338 6574 44 5396 6986 9926 9999 3071 6845 3954 6696 203 9114 8937 688 9667 9249 5048 7156 2836 3206 3374 
8424 125 6144 6776 4382 2927 2641 1738 8850 8361 8003 8653 3391 2165 6941 4291 2972 2647 8703 2246 3746 4089 6084 1385 7973 7297 6799 275 5511 6176 8245 160 6024 5062 1186 1015 2271 3776 7167 9051 3679 2350 6601 8543 4879 223 243 3638 2308 3821 3997 9467 890 1812 5674 8042 7811 5122 7997 6709 9124 9012 7261 2613 610 7737 139 1398 1972 6941 2230 8728 1610 1505 474 5430 5624 3796 8228 3329 2340 2379 5492 9514 3648 9941 5015 9269 7279 7062 1949 8263 7380 1747 3432 9823 2328 8695 6058 808 
1857 9969 251 6519 7233 5169 1407 1773 9830 9403 9048 2405 9577 2987 1307 7775 4698 2174 9688 9786 2221 2663 5751 1003 1723 6691 259 8727 9487 8089 1778 9248 7962 1675 5901 6684 6660 7300 7426 9582 4040 415 2564 882 4963 9012 4963 1974 6957 376 4403 9685 5835 3883 2512 8105 1210 468 9407 886 9213 6697 3752 6503 8462 2131 6920 6472 3771 1055 6929 3354 9652 2834 8363 8193 8764 1960 3955 6631 6288 4768 9465 4763 5291 7188 3788 2591 4694 1639 8931 4612 8014 4468 9665 9496 9423 5556 4151 8508 
6738 3105 4406 6957 7487 5904 4299 1272 8157 3410 4169 319 803 2248 4746 9624 1702 101 8700 1589 8880 8659 7006 6007 8853 5618 5864 3332 5774 3944 5398 9600 9012 1930 6423 6726 2269 8033 3445 9214 8266 9653 4544 1040 7338 9997 4799 1643 9296 5829 2361 8126 8913 3269 5509 9775 2720 8844 5737 373 8428 3356 2815 7877 7118 13 8090 478 2128 4559 7080 7526 9342 2461 2816 9542 8348 7232 1441 9003 7289 8618 588 5521 6763 8960 6622 720 7574 6069 349 9951 9344 4356 4199 1114 1421 5403 8895 8753 
2629 4781 8620 2707 4899 9542 4171 5779 8966 3787 8399 2661 2841 4395 4008 2039 778 8617 2864 2736 3751 4577 2184 514 8075 9587 884 5321 6234 254 2469 4044 4380 9189 1433 459 9324 3729 3954 3169 8725 9339 5822 3326 3641 5226 2946 8094 3767 6306 7233 1418 6580 6330 4750 5769 6463 2581 1124 1859 4554 2165 1217 7242 3415 7039 1965 4396 7342 6414 0 3647 9732 1383 4101 8434 5021 7367 1689 6881 1921 2895 5398 9645 4112 2641 3060 7504 7044 9801 5821 7792 8120 3968 1486 4534 5882 1487 8181 1967 
5917 9710 8403 3065 6627 3424 432 6657 8706 7563 8408 4703 8027 7763 5531 4445 3916 7704 2237 8388 75 2923 7914 7456 9522 3524 3373 4153 8128 3571 6213 7905 4529 4562 9061 3764 6472 371 7879 8355 4816 8147 3405 7732 3481 5811 1395 3267 7513 4919 2993 8019 4506 1121 1590 9026 1945 9941 7359 45 2911 6517 9635 4873 7285 7857 6390 7690 1821 6874 4893 1215 2287 6483 8286 4781 7607 2140 6285 518 9615 2802 6505 4027 7529 9034 9208 8825 8293 5269 1812 6217 4099 9350 4504 1765 743 7028 8591 2748 
7875 7714 3261 4431 6539 1656 9077 3537 6925 5349 6649 2791 7505 3274 6938 3181 4489 4164 754 4374 2339 4549 8601 3915 8615 1862 8346 1506 9870 3775 6796 392 7208 6192 1065 3758 5665 7049 7608 3646 6582 2097 7810 9203 7556 3490 2367 1705 3873 1575 9945 5268 4723 504 2012 7712 8205 9747 8315 794 1716 8299 8603 3515 366 7140 470 6983 8894 2838 8688 1416 3063 6615 1361 1339 344 9003 5929 4901 1058 9569 208 1285 9273 2645 6788 1249 7154 4741 3227 7624 8076 8474 6814 9890 4562 1071 5820 4906 
3366 7362 3657 5655 502 1258 1459 2351 1038 1632 428 5864 4799 3544 1288 1465 2569 7161 1421 7801 7549 3506 9231 3231 1487 9853 7613 2376 1415 6338 2013 6570 2484 3521 7413 5751 8369 4878 3389 9314 1018 3885 3751 1330 376 9483 8659 9857 2989 4862 972 3795 6750 6945 9319 6799 3270 373 8023 5704 1769 7842 3931 280 5750 469 6764 768 9443 660 3371 6427 5968 1623 5693 3002 7908 2415 5495 3977 5936 7227 4457 1800 4158 3596 2392 6458 5255 5589 2498 4314 9712 2371 2522 9888 5573 9592 6002 1592 
9248 1983 722 8599 6694 1697 47 3198 6360 1029 6954 4248 1394 8704 3037 7570 7796 9249 1690 7156 3898 4475 8017 4076 121 8262 7983 9115 3733 7507 4599 1210 5189 472 6315 7696 6352 4279 5104 8075 8294 5467 4944 7536 2800 3431 4887 5076 1484 8778 1418 6305 9534 6712 4571 2644 482 1925 6002 487 3071 1499 381 6373 2483 6999 7512 3264 2070 4969 2120 2544 1507 3353 6704 3969 5811 9618 3603 5690 7530 9513 4133 5080 1254 1489 8827 9054 9840 7313 2375 4445 6767 5735 8374 2328 9864 6766 8209 2045 
9776 7010 9783 9573 9655 7726 928 9869 3420 5438 5630 2729 7505 8208 9220 148 1574 4150 6862 2833 2348 4276 4137 9765 4019 4954 8206 9892 7936 8428 2092 9546 1198 441 9801 9169 6743 3873 3927 6135 9694 4447 185 7736 1429 5550 7314 9965 7803 8905 2099 5090 6185 8442 643 4763 3669 2410 1091 1771 2075 3830 587 8624 6227 4084 3097 4943 2887 1425 5075 7992 9786 6583 2884 3523 7898 7972 5497 6449 6266 6740 3521 3785 4419 1463 9450 3193 9916 6685 8400 5604 887 2429 5470 4675 9993 5178 7106 6503 
1376 6645 3787 3463 3936 5681 7879 2736 8258 9450 4615 1758 1686 385 2418 4869 3905 1974 626 6167 7877 2800 5991 4555 6251 9853 2542 5216 3039 2051 5495 5778 6382 1187 6181 1747 3833 8272 6509 5549 3956 3790 4553 1581 7502 4867 3247 3497 4463 8419 9572 6219 4152 4736 2999 7585 1743 9401 1896 3517 2358 1051 172 3546 7800 9602 5979 7753 1708 9568 6264 2118 5365 2487 2996 6410 145 5804 3609 7646 6689 4129 128 3371 5896 2501 5244 6427 5154 3522 2303 6486 7609 6209 3023 7011 7969 958 6485 9309 
6536 9877 7187 8184 8976 9008 8683 2529 5149 6583 7306 5346 9882 5299 730 9427 8308 6945 9228 781 3104 3351 6683 7224 6025 8668 6393 7588 8540 2348 1003 8919 3481 4298 6334 575 5883 4033 3433 5178 6324 4123 6775 5842 7367 3401 9408 568 9011 9251 926 1246 9436 5117 9371 6503 1443 7189 51 8554 9980 4821 3777 344 3487 1816 9582 7136 5840 434 5949 3408 3076 475 7296 8597 8368 1939 9292 4206 8531 2980 986 272 3178 9877 463 1605 1820 9129 2777 1827 5884 4514 7049 3197 9261 4069 3351 6524 
5654 2520 2111 4812 8845 2442 4515 2477 7706 703 3126 1368 5584 1544 1459 1567 7310 2079 9190 7574 7733 5673 1467 1753 5504 3435 200 6451 7767 2471 1629 9929 2446 354 4742 5015 8865 5380 5416 5958 6165 5816 733 9186 9641 8222 5389 8914 4441 5757 2432 8591 667 4910 143 4717 5578 5340 484 8064 699 6304 7074 2303 2418 9569 1977 1573 2121 3862 6804 193 9226 8964 1936 4769 8526 4012 1429 2568 8000 7923 1132 7916 5589 358 33 3131 5596 8657 118 6473 2253 5243 3358 5159 1070 2688 8721 7697 
824 5989 7640 9328 2357 78 5531 547 3142 2308 6368 9913 5157 3654 2776 226 4002 3946 2735 8113 2539 811 7596 6489 352 9342 8655 7367 2663 140 3206 1003 8634 2353 3481 9530 6999 633 7491 4833 1176 2044 8686 5080 931 8483 2036 3827 5671 5799 3755 2823 4480 1166 1028 2406 9400 8636 6549 7381 2686 1805 6786 8121 5525 3021 7807 2336 1289 2601 9472 2346 8390 2549 9752 3811 3257 5863 5685 1449 3360 6957 3342 3720 9189 3184 2784 4109 472 5517 3822 4567 2686 9503 1805 5153 6833 1690 5525 7807 
2431 1289 5340 9141 8477 9472 1207 463 3750 1205 176 2043 9982 6436 8474 9294 7686 7439 6452 5762 1805 6536 2222 493 3353 2425 3786 8591 1107 9486 7793 9098 4908 7545 8652 4540 869 5537 7028 2171 4059 4867 3947 8551 4893 1735 4680 2095 3878 8684 4918 1285 7961 8685 6005 1404 75 9802 6832 1487 5072 1577 9403 8380 6201 1670 4795 9616 8429 4673 8200 8743 3379 3078 5635 6646 1548 3540 9011 3522 5652 778 9597 6923 5350 2474 6784 7941 9215 79 2537 4834 1597 325 6251 1105 1897 7823 2450 2326 
3176 9011 9426 7735 1652 9176 1308 6713 6344 6887 3419 735 2882 2801 996 3656 6268 8977 8961 3313 6313 4723 7875 257 4334 6130 212 2053 6776 8755 8959 5227 6404 9480 5556 6997 3047 5726 5381 235 3824 3672 4377 3523 1966 5791 585 5284 6994 1354 2572 7942 6930 6968 2652 9973 6439 4865 7300 4684 6236 1574 1622 9058 564 5686 6450 7299 2328 3319 4231 1884 1662 2041 2991 524 7243 7193 9382 5743 9163 9142 9076 348 4390 8857 1442 8265 1698 3484 9184 2330 1164 6980 3666 6689 9937 4556 8040 511 
3576 2994 4856 5324 3676 8877 1138 8393 8806 7846 5278 5004 6540 6121 4158 8547 7196 2345 2567 6886 4221 2009 440 5460 2872 8587 903 2092 5356 764 2159 5862 1676 2774 8938 2592 4176 2769 5320 1206 8989 7487 3231 4354 6547 9285 9573 9016 7439 2341 7021 3346 5963 7825 554 4169 6816 6004 6868 8726 9930 6316 5768 2786 4937 4286 8754 7979 5190 2661 423 9912 3476 3645 2201 1030 8344 6749 7478 6897 821 6482 8121 9895 47 5508 975 406 9887 7565 4738 7629 6761 9556 8706 1315 2130 439 281 6146 
7011 2642 9066 2277 465 5862 2708 1190 8860 9484 512 3125 3376 5067 4799 1396 6683 1471 7373 6112 8363 9216 8892 9387 6492 6133 4032 6328 8688 6969 2697 9163 8340 8482 9695 6933 1837 1179 7892 7403 2511 4883 9684 8539 3343 9575 350 7428 491 592 1873 9438 3781 3805 8470 4247 5940 1441 8553 2700 8821 8035 768 6393 731 269 6122 7915 5337 7108 1108 2155 7355 9674 684 6508 411 6611 3562 2709 2003 7289 4425 1265 7382 1366 2977 921 6562 7671 8524 2578 9055 3716 4620 1926 5425 6514 8345 2306 
4439 201 7992 6688 1074 3036 9012 9318 9903 6338 9159 7513 2038 7080 4787 9722 8548 6886 4069 3901 3850 1130 2251 5652 778 7358 375 7504 7396 4492 5291 5462 9743 4827 4268 5192 1539 1359 3596 4627 23 4057 3687 9783 1867 2938 3420 8380 8927 2830 4252 1394 8292 8075 1495 4990 6927 8204 4326 2955 8191 7116 3615 5079 3692 9810 7655 3333 4531 7853 8992 1180 5712 1512 9633 6062 8741 5057 1372 9163 5143 6948 6189 4144 7269 8899 8062 1028 1482 8073 7393 307 4234 1968 2313 9287 5169 188 4590 3261 
3250 8648 6210 3541 8184 9270 6809 1236 8883 3232 1900 4235 6727 5679 8471 9236 6869 5639 501 6549 7599 8719 8487 4984 61 7327 1284 6107 6077 9524 6050 1427 6912 3782 5936 6809 6053 6891 5581 2390 4810 4499 3645 3350 753 3041 7097 7222 3492 68 4170 5670 5550 6304 1063 456 5575 9591 2672 1890 427 6641 7603 2855 8709 6442 1463 3308 6649 5022 671 4477 2114 171 1633 1884 101 2888 250 3712 8046 6382 8950 3762 9457 6394 9287 1962 8238 857 9368 819 9939 8880 9871 2551 2615 9211 3834 9755 
3396 7698 6891 9172 2394 627 9095 8086 4547 646 2991 4131 6331 4161 2804 8804 3352 656 5268 62 5272 4533 5994 3073 5734 4017 3694 6470 8554 2375 2170 176 1594 3810 2678 9195 4452 4747 203 4252 5745 2859 285 744 3617 9996 3839 8780 4959 196 4606 3320 1233 1980 4959 664 2002 4794 350 7848 3715 6311 814 8658 1062 474 2809 4565 7568 6092 2717 1884 4930 8208 7802 4792 8370 5045 7314 5231 6436 7878 1852 1556 2768 4169 9044 8720 4576 9 8319 1343 6822 3744 4128 542 7353 5975 3251 4980 
3783 3830 232 961 9358 943 9273 5305 2404 8910 8854 6359 2253 1328 6416 8433 9886 1155 2457 8943 9796 4606 3197 8613 9674 8361 8158 4444 6611 4230 4958 357 785 267 7660 4424 9128 2991 4265 7760 1576 4488 4702 183 3349 7149 3127 5425 7706 5059 4413 1369 1791 7697 3649 4374 2988 778 1346 2080 4689 78 9030 547 5741 1939 1316 1427 9434 6424 8445 6919 3410 3361 319 803 2248 7418 1317 550 6471 4137 4191 6616 6935 8369 6024 4056 1075 6858 1459 7308 4191 658 9223 8107 7446 5412 1704 7052 
330 7857 5984 138 745 3407 9127 6984 9658 3297 3436 8711 7015 7700 6473 5724 1041 9966 6048 7747 2288 7032 5201 5718 8419 381 9780 3362 5920 7435 4931 9243 7610 7800 5975 2346 8225 7926 281 6120 1296 2546 5705 7835 1056 8103 5646 7591 9377 3650 9326 4729 1004 7680 4669 4147 3176 6438 8436 9119 9679 8756 4304 4306 9035 2993 3787 1928 9042 6753 9251 3929 9665 5550 4082 6023 8295 9695 1218 2334 5573 9281 8235 1343 7651 6292 8191 5287 8781 6339 5005 309 1323 3156 7003 8792 270 1843 3329 1625 
388 4799 6405 2777 4070 478 8516 8884 4742 3377 751 6101 515 7344 6082 2951 6778 5369 9315 9278 8455 6166 5935 5121 4727 5900 9792 1878 1156 8312 9301 7242 147 692 1125 8192 4518 6367 576 2792 9836 9251 9355 9863 125 4644 167 4404 7495 7558 2235 8665 4369 9489 8933 1220 1645 6889 6142 6781 5294 9016 5094 7515 756 7156 3083 2110 5831 6655 7058 5900 9428 5940 7390 7230 4081 8228 7896 6168 4553 6752 5766 5564 5003 8084 4722 4544 4166 2681 5853 4341 8014 3869 577 8637 4225 2378 4079 5931 