593 175 9208 4784 3063 225 3009 2077 1256 9644 2174 9198 8401 2697 5028 5299 3293 746 1901 8268 569 3901 5601 1229 7037 5571 241 9086 1907 6521 1656 3908 8693 7626 294 9914 5384 6933 384 8060 3430 9923 1135 7103 1797 4765 1615 2180 7778 1672 7419 3836 2487 6384 9248 6968 3269 371 1808 9985 8442 7281 9305 1779 2945 2193 4058 9572 953 4130 7052 6720 7777 3396 1279 6324 1460 2849 6235 6898 4306 1728 5124 1967 765 3613 2315 7661 1034 6795 1692 6665 8962 7163 1690 5821 3657 6618 9181 1756 
4018 9947 3484 3146 807 3185 6179 4877 9054 1071 5987 5514 8266 5544 2086 3859 6281 1873 3008 2414 1712 8963 9946 5569 4062 5123 1695 639 8818 5087 6510 6811 9013 4231 9321 4866 9615 1365 1929 335 2843 2639 3842 2874 5012 6887 8021 8923 7694 8197 371 3512 2184 3207 1590 673 2776 1406 1124 7126 9157 9257 3472 5905 531 1655 7347 543 895 7482 3280 2923 3635 5290 7370 3131 881 7839 5752 5384 3097 5217 3766 8737 247 7831 5932 3847 8880 6362 7588 393 6052 211 7943 9244 2949 5305 818 3397 
5480 9160 8092 1139 2294 9744 603 5424 3884 7778 8138 3723 7247 3569 9256 9145 7956 4739 9230 2961 8820 9769 2078 3976 4591 8293 2618 3416 6734 7658 226 7125 7590 949 46 1041 8073 5503 3705 1968 8549 2313 6948 6863 1075 440 990 8088 9921 7640 2514 447 6981 3628 3115 9136 8435 7014 8644 4718 6741 2386 9400 1751 921 6549 4263 2569 7066 24 7280 3028 4001 4713 5557 7777 7581 3782 875 2891 8096 1977 1800 2801 7150 7949 9491 270 4596 4616 9913 7237 1578 2317 2946 46 3679 2914 1054 5503 
7393 307 9667 8071 9718 8069 4390 1333 6962 621 7395 9637 8290 6421 2847 6844 7708 7596 7645 3176 5873 8655 3778 7367 140 5093 114 454 6636 8634 1329 3686 5883 1085 6905 764 7108 4932 783 4501 4019 2650 9555 2186 3035 9674 7228 4285 7061 4574 595 4338 3736 3128 345 8851 5969 7728 5645 6568 6534 2684 1035 917 4569 3673 8783 8570 9986 3739 9960 5968 921 2120 8747 5905 9460 6000 1968 9287 6234 3896 4624 6320 1124 6238 9904 1750 4381 6475 3391 676 4058 324 9213 8435 5968 8775 6724 9333 
2460 7247 2573 7149 2367 3745 6772 4927 5938 4147 566 3682 6255 7746 3928 5797 5685 5213 8938 6656 3905 2560 1885 2980 1649 9656 4655 9842 1831 7996 6974 5790 6905 4737 7785 8253 5734 2589 377 1617 2329 1967 8458 1220 3658 5549 9989 1839 1291 6361 4540 3861 4858 434 3814 6813 2952 5451 50 9107 6595 7029 2002 8815 8567 2360 1274 2988 3396 3929 7770 9073 2638 6830 9099 8130 7952 2746 9073 5769 1322 3244 8666 655 4959 4057 665 3142 5122 5575 6777 2376 6221 5930 4750 3678 5337 5095 6962 8770 
8262 2990 9001 1622 9058 564 6841 6795 7572 4770 8311 1065 7689 2206 6734 1672 1626 5822 4485 2175 7434 1857 5285 7829 3552 3832 7899 8115 6300 5989 7358 5396 7810 3771 8595 5829 8862 5425 9625 6346 9112 7879 287 9752 3811 3257 5542 5863 2054 5685 2500 147 1083 2150 1902 1205 6185 854 8919 1395 6798 2901 7022 7687 5517 7684 295 9518 9735 3948 626 3796 622 6726 326 3863 4798 3266 7059 5791 130 7427 250 5019 2468 6814 2649 4359 1788 284 7743 9261 5633 1041 4378 3763 6544 5581 1454 8662 
4050 601 1263 5641 8379 8657 111 2734 5461 3894 1310 6693 2940 4368 3366 967 1175 3232 7392 4035 9627 7997 8341 8039 9229 9439 9755 7764 786 334 5448 5135 1441 3941 4560 3170 8285 2826 4860 8945 3904 9718 1558 1564 430 8706 1333 6081 5902 1379 1324 3111 8698 4244 9573 8819 2642 5075 6454 2631 5750 5319 4652 4777 1750 6475 3391 7267 8269 2703 9556 7859 7561 5695 9814 2617 1119 4462 334 2971 7071 2033 4209 2207 7641 3764 8615 3103 4445 8664 9562 6719 5751 5101 1618 1180 1413 5801 8720 6190 
1430 2312 901 6790 1758 5756 5839 6063 9233 2354 4196 2384 1977 3904 5508 2432 9300 9329 7244 3244 7530 1838 7336 1656 3097 1164 670 9130 7207 9774 1453 2763 4265 4489 8080 4807 3405 8626 5307 2686 5372 8792 3851 7427 6738 5228 7139 970 1048 4395 8954 4644 7590 2288 7963 1323 8136 8792 8747 3286 2767 2914 1054 5594 1968 8869 7626 9605 7613 7963 1854 763 7908 5904 5794 9510 4921 4883 772 696 1842 2370 9975 6325 3843 9406 5092 7438 7081 645 3771 2905 8448 5485 8918 2404 8948 1853 1209 8520 
2693 5507 6623 5135 385 2678 7300 5624 7493 2577 3620 1431 6847 2962 5640 6848 6902 2147 8878 7553 6482 1833 3660 2515 9092 8660 2551 3126 6767 6720 9491 6165 3173 1738 2519 2982 7311 6210 8491 5017 2415 8111 6704 6465 537 7720 2309 9843 3173 6739 9930 6795 3951 7382 7537 3393 2766 2486 6316 9147 4684 3647 131 7389 6111 2157 7059 764 6185 704 7428 4932 2689 2650 6966 2077 5601 3474 8141 3327 2711 9414 4339 3788 8260 1102 7647 6369 8684 1592 90 6293 2107 1816 627 9938 2763 7517 6258 6152 
560 9364 4535 5879 2774 8464 2831 2257 3085 767 3675 5271 535 4008 7324 4320 636 733 5544 4578 3594 5507 5077 1080 5603 6985 6487 8383 1394 6425 1502 7876 4384 5393 9417 9384 1473 4251 120 776 7182 118 4993 7341 4942 6674 4805 582 9728 8504 506 4294 6652 5170 1367 8114 8493 7243 5384 7193 7775 5700 9382 6241 9142 5481 8857 8265 3484 9184 9737 1279 1164 6980 6689 1080 5721 7163 552 4554 2201 2250 4556 7493 2627 6739 6179 5653 4326 8089 9306 5089 8733 3528 6283 2175 2799 6734 7714 7938 
3295 3212 266 842 7591 1288 6227 5569 3347 2543 7404 2739 3513 2455 4799 9976 1877 6227 5021 8369 2303 995 2848 7032 6068 2416 9284 129 3336 2601 1511 2775 7937 6124 7369 2504 222 6622 9149 7478 5444 4515 5670 9116 4885 5988 2555 6638 1060 909 6216 2864 8674 2013 5610 7585 4223 4609 5227 3781 3257 2284 717 441 7249 1662 111 748 1308 4284 2272 6568 3584 8376 2914 8686 7137 7760 8421 8843 338 2643 6264 4402 5849 578 7245 9810 9297 7770 659 4493 3109 5823 1376 1254 1531 2866 8510 7421 
8474 2141 8216 3349 955 6877 2486 8587 9415 6561 3490 4800 7313 2420 6988 2887 377 465 4983 7404 4978 1763 3822 5371 1658 172 5468 5153 6833 1690 9692 6270 3704 8817 1289 4059 5340 2948 3098 320 9313 8069 1207 2346 1965 6115 8191 7321 8027 8082 8561 6576 2952 1442 9328 9481 6442 1504 7548 2795 4338 9563 3610 6562 6464 9454 5362 5306 6971 9380 7340 7572 7983 8083 4008 2780 3455 8674 1007 2637 6680 9416 2389 2909 2825 8598 5696 8426 8117 7737 9419 9491 2610 7850 1465 175 621 3041 5458 4477 
3831 3981 2763 1798 8042 2548 8754 5728 4425 1788 4069 802 4322 8237 786 1183 2149 8305 3175 7976 380 5815 7375 6130 79 4124 5458 5134 212 2053 6696 4883 1877 4203 8767 7758 6534 7572 4600 2589 4354 9832 2213 8242 3246 3472 9466 3473 6683 3224 8495 1026 708 2695 8157 9572 13 4771 8928 6948 2281 5566 3724 9878 6335 7271 12 1981 505 5400 6258 8379 3716 336 9967 9541 6029 6411 4411 8377 1450 6938 1604 7084 9712 841 1498 5072 6834 8999 9627 4226 4139 8591 2979 6165 7900 1281 1317 4980 
9788 3236 7855 1275 450 3198 7287 701 1529 639 1832 2206 9648 6759 6342 4137 6781 4662 2607 8842 9817 8284 8035 3555 5634 6542 2712 5338 2877 9472 3920 9606 9741 4152 4828 4255 7889 3708 6331 3724 3419 567 5049 421 2965 7709 2237 1778 7179 9838 2765 2433 2311 7662 9631 4649 8677 3442 5473 2040 116 6024 2278 4263 8699 8658 6455 2208 7558 9743 4268 6440 4109 3596 2347 9783 8380 8612 142 3524 7194 9905 9702 7865 798 9447 8937 8475 9135 1986 1718 6771 2732 5236 3950 4706 600 544 1449 2542 
4319 1984 2875 1566 138 553 6682 9649 6247 1284 5727 9184 6771 7254 836 8241 3791 5237 8646 8649 1825 2292 3405 6654 2465 885 2019 1721 4668 5319 1999 2061 1669 9463 3540 6833 7410 4284 2781 9663 7484 6527 1564 4207 1447 6672 9103 5044 1435 9193 7152 5841 1383 5504 3444 6833 4289 9259 7474 3022 1759 5803 2136 3038 8663 6560 4602 2821 2247 4074 8276 7291 1861 9014 870 8635 7703 9277 146 3168 549 4862 9037 457 7701 7018 2964 1378 5785 1804 413 3665 4235 6170 9031 7261 7907 5211 2149 605 
7790 1599 4925 550 1634 5532 6983 6560 3503 1639 2818 8361 3202 4933 5538 4328 1794 1532 7980 469 7994 1256 3251 1243 8376 9556 8199 573 2184 8644 6407 4893 1861 855 543 8976 1503 1903 7579 4611 0 6638 1363 2719 3389 1547 3047 1711 1966 6861 4873 5565 7112 2032 9106 1019 2880 3895 3325 7668 7646 2408 8841 5950 3473 6983 8826 3714 7586 2719 7482 2880 2524 5673 1638 3490 4303 3126 9723 8567 3232 1711 2711 3556 2112 1925 7958 1448 9964 4006 3573 7085 8894 1435 6275 8352 9348 5590 544 2489 
4660 713 5029 7519 6976 445 2097 3455 8313 2166 547 7374 223 4619 7259 9746 4223 5119 3781 6026 1460 9657 2747 1029 8596 9191 5792 3347 3004 7404 8433 3783 4998 7168 9835 6301 986 2771 7905 7429 3670 5895 6441 9667 3994 2240 7580 7080 3350 2461 4188 5765 598 2675 4881 3441 3890 2906 8402 5205 5884 5851 5619 7668 2373 1323 7173 6467 8414 321 2113 4349 6025 2702 4905 150 2984 4170 2265 1275 5007 1263 5007 2180 2827 829 9595 7593 5154 9916 168 8382 326 5433 3208 3108 231 5384 391 9913 
9329 4895 1862 222 2773 3420 4402 1887 7156 9985 7161 2234 6555 2034 1425 1115 1916 1005 2602 6381 8343 9069 4838 6310 5905 1959 302 9298 8002 4193 9376 609 3475 3221 1040 3455 3780 881 862 2027 6852 9414 6153 5708 6631 1512 3610 1010 6226 6104 4294 8013 2777 2801 2810 2869 698 7115 5031 790 1404 2112 2806 7432 8617 9345 8760 3541 2558 459 1858 8545 5409 7566 9866 1562 5559 2972 5309 6837 473 5958 2606 7860 4101 4276 770 6937 5895 5391 1135 2727 2673 7796 6868 1294 6490 6057 5704 2508 
1054 1343 520 3049 3647 2647 9422 2603 4845 423 8856 7348 4404 3674 653 6118 4633 7717 9590 5296 2351 24 9495 6596 592 3887 1744 3159 2240 2164 8629 2125 6092 60 9383 3948 1733 443 2744 2941 4795 65 3359 8732 1794 6134 320 1277 9510 8023 5811 9543 672 4032 4711 1444 4385 1244 9836 6937 3628 2705 4900 729 3704 8287 2892 5443 4077 139 3803 8781 8312 2029 2960 9756 3697 1783 1294 1891 6273 4674 2592 4953 2432 3121 1281 1514 8754 4423 435 618 7273 9858 1067 8904 8784 7535 4492 5704 
5701 4863 7522 4939 7458 4227 5090 2059 416 4616 3588 3316 3791 9002 899 4883 9263 1254 2915 9800 1760 7940 6123 6259 4649 4840 6972 533 8592 3535 5197 661 8155 9254 8171 380 9261 9959 2503 7700 4714 4477 7371 5543 9489 8845 3692 1533 2864 6916 1420 2574 1012 6414 8369 6474 6191 8659 8761 3092 8815 9828 8192 392 9598 5789 9795 3226 1269 4069 7545 7786 1283 4991 8978 1710 9369 6831 3188 8115 1471 5664 6835 8028 8880 647 7983 9820 7271 1450 101 5456 530 2112 6688 1074 3036 6207 7616 2051 
4992 3453 6040 7555 5954 9165 5642 482 5842 5971 6827 9912 1527 3354 9190 8508 4531 7570 6738 3559 7796 4258 7214 7470 8654 2305 6197 3200 9938 2654 7312 8301 6956 129 6585 3582 4131 4671 6318 9516 4136 9220 7223 8473 4197 918 8650 9361 7711 8836 9746 6046 6673 6479 9535 9334 1070 406 9196 6704 9337 2090 3162 2617 8873 7063 4551 6026 4049 3230 4148 8061 8202 5949 5138 2732 9562 1380 2758 3989 4526 8027 1490 4815 922 4095 5158 1335 9918 6969 7511 3635 3086 8522 4313 7079 3344 6447 4480 69 
5817 3353 8653 2084 4769 3089 3045 3469 9575 5828 4022 9556 8238 1814 6448 9162 3024 8741 1651 8898 1386 1945 8494 5516 1898 7546 7382 3293 6706 3754 3429 5297 6562 7671 8524 2578 9876 505 4963 9055 3716 4620 2843 6260 5250 4917 5422 6514 3311 8797 7779 5581 1883 3152 4050 8238 5641 8379 4411 4530 9059 1063 9784 4407 5251 2801 7418 1377 4485 6497 7810 2849 3791 7737 3433 2241 3356 199 1533 139 1398 3344 5563 8550 5840 6046 2690 8585 7875 5260 5853 9197 6111 2157 704 4156 121 81 8358 6792 
3882 9557 124 2610 2938 9665 5921 1950 9726 4372 2945 5148 6242 7647 6845 7639 9625 2832 9112 2661 6015 4405 7613 21 9243 6932 7239 5095 7341 4108 369 1367 3952 2144 7802 9973 4496 7468 9125 9507 4395 1726 8570 9986 7590 6452 7963 8792 3286 1041 1054 2313 1490 699 981 4624 2804 6354 430 8706 1333 2994 6081 6962 7398 8698 1108 4720 4244 9689 431 4068 2642 5075 1350 4432 4874 6825 5029 7461 8859 4750 2097 9247 1649 2788 8260 5465 1003 913 3427 4729 629 3419 8551 1376 5350 564 1490 2367 
6350 4792 5879 5211 6405 6438 6305 7773 9709 1812 1647 1104 1356 5674 6472 1093 2656 8653 5311 4702 5763 8543 3561 8363 6619 3350 1449 9529 868 5765 598 9172 5652 7378 4057 8620 5092 6223 9937 2260 334 8113 9116 1103 5066 9401 9284 5622 8374 3204 1725 3136 9237 2371 625 7293 8155 3002 4720 1490 3248 26 1891 3969 9513 7985 3029 1254 4952 3139 4400 7157 9481 2980 5076 9268 9815 464 3956 24 7618 155 7777 150 3782 9481 4445 7572 5719 674 948 3605 9288 5065 1298 7073 6886 1908 8566 1090 
9460 9198 2102 8583 5724 5217 2953 6856 10 7029 9076 2306 7157 1954 2835 2782 6018 119 7258 3060 5947 1929 6471 6029 5069 9669 524 5234 3871 2656 773 7362 1258 7656 1632 4799 3544 1029 9709 4347 773 9361 2789 8996 3594 8696 2570 1878 7804 7143 9233 4590 8660 8629 8651 7598 4565 5000 1208 6116 2575 740 886 1679 3739 5395 1864 2306 9234 3023 4971 2064 4426 4093 4980 7317 7989 7454 3338 6534 232 961 3896 6637 4593 9358 6388 943 8770 6183 8006 7851 8141 7831 8063 5199 2404 4842 7567 1650 
457 7790 325 2331 6620 5179 2501 8496 8935 5015 8094 7938 4958 735 2382 5354 5872 3519 7026 569 6736 8961 250 169 2079 1093 7574 7938 3705 3492 3196 1650 1958 7481 7654 7142 1321 8810 7397 7998 7863 8285 8545 4868 9757 7269 9640 1664 2868 8180 3637 8961 4269 8056 334 5135 7885 7392 4131 3941 4560 2082 8294 7724 3451 591 8499 467 7289 3257 8618 3036 5933 700 9574 4131 3106 1454 2535 9259 4954 3811 4487 459 5899 6587 9890 5073 8016 4468 6968 1570 1051 8477 9756 1371 5963 1875 8462 4704 
7161 1680 2398 6650 344 4582 5714 3056 9205 6504 7269 4136 877 9627 7997 1664 1596 9229 9439 3637 5448 4369 4762 7392 3941 4560 2082 8294 2826 2412 6149 1556 9021 1459 1441 6067 5921 5514 3967 7199 2714 3697 4963 9186 6822 3637 3744 3804 8876 4128 2728 551 7353 9501 7319 9541 6598 8831 4480 6330 6074 4585 2183 4874 5144 3010 3035 8150 8874 1385 1684 2616 5782 1009 1385 2392 2043 7269 7800 3362 6681 8815 2217 7601 503 6556 448 6792 55 4494 6062 2265 9065 9530 5253 1588 1414 6858 491 2742 
1751 9380 1263 3593 82 9227 426 9534 9172 3794 3571 7584 1689 6106 3638 7436 9667 5337 1173 931 2036 9721 6861 2644 1109 9505 1560 6331 8644 2406 6587 2241 1746 9140 6549 4067 7191 56 4100 8476 140 3678 9853 2334 8358 7982 9771 3511 3968 2986 6246 3820 1927 4714 7879 8914 2396 941 6058 2115 2049 4930 1550 5476 8208 3757 9255 7802 3929 78 6081 4792 7682 8370 1618 4422 1095 3465 5428 7790 3872 4339 3316 4534 7350 875 2423 9321 8054 1018 2683 3568 7438 8567 3354 7270 2638 6830 1101 2290 
2551 7079 2240 6720 5922 3983 1064 5711 2834 8160 9188 2727 5999 6950 5523 3790 8072 5026 2157 8810 5739 716 4035 6555 2124 5521 1432 5599 1971 5783 3138 2930 4611 8986 4289 8911 6289 7514 9508 8186 5562 2044 7951 7002 427 8043 115 4766 5697 0 3236 8491 4851 1176 8630 4558 4838 1287 7857 2700 9830 2296 5990 6814 2162 5574 389 5110 2392 7298 1674 6817 3631 5329 1208 5531 2352 7748 7218 8490 9310 5022 9824 9833 6550 6799 7240 6529 8863 1487 8705 3484 2285 3159 2992 1036 7128 1917 7977 9202 
7155 982 3657 6704 9824 2893 2602 8934 1686 8021 6644 4261 7818 5087 1147 3452 3013 3934 7246 4142 4145 1101 3596 6587 7387 3359 9498 6994 5906 1001 6300 358 280 4174 1299 3127 3872 3094 8664 5989 8013 1346 2357 1148 1718 4937 759 112 8925 6550 7190 9590 8338 2269 363 3338 1437 1560 7802 41 5075 8048 9357 3117 7673 9469 3815 1899 3850 1877 9086 5813 9946 9653 3027 941 9233 6865 8491 6525 9998 414 5444 6984 4365 9808 1761 1945 1105 3934 6379 7541 5124 4602 9825 6648 7081 8585 1576 3557 
7195 3232 888 6981 4143 3365 2488 7179 6928 3189 7895 2201 9862 2838 7045 3109 4714 3317 5858 2320 9422 1805 2222 8336 4359 3051 3211 5446 1087 3201 764 6040 5712 1597 317 1077 3750 8012 467 2202 4942 4743 5228 7878 1450 6672 6480 9044 7072 5277 4576 9 3697 9065 1365 9926 3729 1969 8618 3878 8090 2938 3982 1427 4245 3649 4456 549 1170 1420 8420 212 3117 1201 5645 6279 3354 4212 843 1169 5299 7647 2807 441 3492 6924 2602 5471 9371 3001 4827 1667 1946 436 6488 1154 6331 9867 2858 3580 
7094 2700 4638 2657 5152 6813 8890 8073 2103 895 7877 7399 3380 3471 2962 821 4739 5843 2600 382 3882 6027 9370 9905 3846 3113 7851 1599 7286 6912 532 2828 1581 706 613 4086 2053 7049 5175 1826 8512 891 5348 1965 3512 1430 1364 2645 410 5534 7969 1495 6962 5902 2142 2639 547 3304 4831 5285 1600 1263 7308 4234 6612 5626 2159 7056 8368 4036 2962 1456 1055 2208 5866 4825 5174 8463 2102 4295 4752 3796 6422 6726 326 3863 3797 9550 1683 2952 50 2491 3893 9419 1800 397 3452 2437 8787 1671 
7066 792 449 4641 8225 4607 2117 2306 530 7616 6677 2051 6456 4018 963 9292 6290 5216 5217 4321 5511 9086 6537 3530 4534 3562 7263 8270 2378 4129 312 2530 9334 842 1376 2454 3147 9843 9381 5984 6133 2705 9613 8107 9182 8166 7799 7805 5214 4986 3173 8606 8537 9756 7605 9233 4728 671 3470 8479 6006 4601 13 9720 3393 9920 9062 1829 4831 5716 9239 1639 8969 1236 9078 6630 15 3415 3839 7212 4751 1811 4655 2182 3815 6438 2394 8204 8191 1828 3766 4062 5893 4248 2218 7307 6449 4402 4479 3699 
4147 1345 4792 610 7371 404 5524 1726 2837 185 406 9239 3409 1647 1369 7319 5575 9460 9882 2608 8225 7570 4804 8453 5501 9357 3686 8537 1383 4198 9447 3401 8222 1030 994 5749 5721 7319 3589 2943 6199 9887 7320 88 4106 3868 9371 8784 5749 6741 7401 8337 373 9791 7090 772 2118 49 8668 2278 7099 2 8465 7505 6249 8554 9420 5026 1800 1322 9240 7335 4946 7566 2450 882 8563 2959 2061 6858 3298 8519 2998 7020 7656 417 9420 716 6345 9304 5112 8410 1647 5471 1990 8091 7126 5707 741 8732 