4399 6062 7515 1363 6026 8453 2144 7802 7325 8381 6065 4091 4936 8146 4097 9601 585 3803 9939 6587 4569 8477 1371 5954 4712 3484 4536 2248 2004 4582 8551 8156 1648 7752 2376 970 590 9486 213 1587 3899 4374 4710 5852 4981 6640 492 2847 5625 5007 7546 2368 808 2429 8345 8764 6970 3659 7028 9397 6476 6700 7008 5789 698 9637 8290 1472 4905 6421 3839 9610 1566 1781 2847 5625 5675 6844 8166 6296 3852 7708 8720 5103 8435 6692 7196 7694 7450 4627 1475 7839 9777 2744 8873 9968 2323 487 1522 7160 
8306 7197 4004 9845 4209 533 5636 7000 6895 941 7539 1920 3845 5378 4372 3622 9597 1920 5125 3442 8637 8327 6991 8993 1151 3202 1684 9757 3004 2857 8843 3946 1579 2735 5425 9047 8940 2539 811 4847 605 9526 7596 8097 677 7652 2539 7409 2387 7645 1596 5576 4953 5873 352 4764 3808 9809 5265 9715 5210 4563 7367 3924 1128 2663 7894 7588 8606 3164 7889 5093 3206 1797 8540 4878 7492 2348 454 3653 6636 8919 5536 6766 8634 746 1023 8431 3481 3686 7728 4298 6334 6635 575 6193 689 4033 1085 1920 
3433 5178 5362 449 6324 2128 5435 3457 8094 7622 5350 1242 8036 9573 8612 6775 5842 7860 7573 7367 6300 8434 1662 9347 3791 8182 8923 2628 6545 7112 5964 8247 5895 6283 4139 3630 914 3253 9472 8775 3191 6421 4855 5966 8932 500 2532 3128 7094 3041 8829 9655 6954 9553 5395 8275 9534 4808 3580 2443 9005 3169 9653 2142 9162 5769 2803 6253 1345 610 3743 6181 1461 3208 294 3853 2649 6481 6135 4629 3894 2569 7432 6499 266 4527 7110 6792 7205 6847 3205 4993 55 1640 9808 1845 6700 4494 3257 6664 
8549 5045 9065 5291 6963 8253 7842 1398 6876 724 3723 2015 2069 3778 2928 1907 5980 4075 6401 9237 138 9418 2190 8273 1230 6971 5426 8109 6935 7280 2991 1264 430 3719 320 2888 3461 2509 742 2800 6870 8137 2588 8582 2947 2198 539 6661 4318 6210 6495 2807 646 3005 3216 3264 675 5622 4700 910 5217 3591 4731 6438 9626 2953 6782 6856 7029 46 6189 5162 8553 7105 4367 9973 2086 9176 1284 8594 2977 4196 7097 6212 842 40 8586 3642 7661 330 9422 2243 4511 8186 5204 7554 8649 8821 378 7683 
6263 8212 6235 1638 7417 8149 9421 4953 9084 7291 2420 3002 3355 1591 542 9221 8910 20 8554 7903 6977 7569 3470 9713 3449 5147 3808 5030 4139 9939 1388 3887 1009 1080 1055 5140 3785 3352 7973 578 9216 7866 5908 1908 2206 7372 6123 7587 199 4114 8973 2307 5798 6529 3615 7065 4310 2067 1999 5219 9554 5830 4779 5801 6463 8209 5626 1489 7667 7533 3085 3018 9841 6338 3173 9325 6761 640 2580 815 7614 3185 4783 8488 9465 80 7890 1532 9143 297 8703 4534 1803 1087 705 7557 8707 9794 5079 3545 
4856 8765 2273 9702 8175 5228 9534 6198 6681 491 9680 9356 1936 2830 9291 7265 6610 5643 8117 6241 8783 4664 9815 2687 7019 4236 1609 701 7219 1697 1443 7695 1608 254 9809 6606 1802 1087 7245 9237 471 5870 5140 442 9432 5795 2490 4293 4952 8582 5803 167 9717 4074 9653 5501 149 5736 4300 7263 7600 60 8737 4267 5133 5263 5989 2804 5720 7203 2 6226 9499 8167 7633 1244 859 8267 8347 8340 3373 3714 8483 3827 6089 2644 2823 5998 2190 330 9278 7340 1563 395 1007 5141 1550 9831 1642 2449 
2218 7897 7259 8822 5477 487 8006 1363 1571 6641 6204 872 5092 3189 3497 3374 7855 4222 2665 8714 6998 4922 8473 75 9592 5080 9480 1909 6945 8513 9777 3652 8079 3420 8273 8756 8303 9802 8099 1487 5072 1577 3521 1490 5193 4733 2496 2804 5916 42 4878 1899 3389 8558 9540 5437 7834 4783 3209 1755 7678 6962 3349 5649 9512 490 6904 8039 1248 1222 6563 4572 7631 3924 2249 6437 9759 8538 2492 1350 2183 8763 6179 4874 8264 1207 7879 2549 287 9752 6909 5863 2054 7844 8885 4456 4135 3745 2171 6836 
9047 2539 811 4847 9526 8097 2539 2387 414 2930 8982 7651 6317 8571 9788 2946 9619 9512 2758 6904 3628 3115 1222 8435 2537 9843 5602 9528 8419 7826 7853 7260 2308 9729 4205 7238 2277 4842 9514 9020 457 7790 325 8218 6359 5827 1328 8414 2336 1713 1304 9481 2551 6998 8238 363 8880 5588 4832 234 8885 7635 9651 3001 2589 6589 7392 6278 8295 7922 660 3287 9379 9614 3317 1593 4934 3361 3661 7381 7654 839 3257 3023 4368 4602 9690 5402 8722 785 2777 6455 1649 1250 5770 170 3707 6608 9411 1714 
2538 3608 2610 8075 7182 5262 3045 3104 3884 3906 4129 8468 5520 5253 7487 1499 3720 9189 3184 4299 773 4502 432 3914 4169 319 3661 3059 7654 3375 839 7018 6554 2715 286 4729 6767 4194 9788 7489 5525 5812 6247 9454 3508 1563 395 5141 6604 4464 5032 5587 3023 4388 8326 9690 1292 190 7137 4218 2190 9146 4257 1007 1550 7829 1642 2449 8619 5363 1617 7259 8822 2356 6684 1727 6654 6210 8636 6441 8000 3177 8425 9617 7021 2123 7874 9351 4195 8038 1041 1121 241 2110 8232 2633 7829 6417 6669 2120 
1568 3330 1459 4606 7104 5653 3529 2460 1522 2532 1784 4653 3166 7321 8027 8082 8561 3351 9822 1151 6804 9725 5559 1265 9926 9100 7276 7987 4125 2709 7346 6357 2943 217 6106 7134 6265 5757 337 4676 8802 8182 3584 3339 8765 5037 3866 5333 4277 7669 7247 1162 3266 1464 7826 5316 9301 3422 4591 515 2348 8553 1047 2345 5194 7304 3624 4414 5186 9879 753 3168 7541 658 6450 318 3319 1662 1188 6649 8519 7869 4598 5686 7358 9750 7299 7047 8897 3319 1662 2202 2991 3245 2519 1967 4536 5938 422 6941 
3699 3068 7409 9273 3611 5677 1767 699 9344 1766 1038 6344 3188 4199 5044 5374 5110 9840 8259 8062 3651 1310 2253 7249 2385 748 7198 980 4284 9174 7858 7245 5138 5937 6322 8428 1037 68 2884 1887 530 9806 2120 7780 7724 9148 7071 5869 5388 691 9494 1969 7960 9407 8576 6040 3646 9544 5540 2798 9672 6492 7037 4818 9534 857 3144 8478 8863 7509 8004 5548 3032 4043 7328 6093 6294 4983 2808 863 5437 6031 9331 9956 8080 5762 1771 8153 4334 4996 9471 9168 2003 5034 5587 2860 7446 6597 3444 7287 
6360 6698 1109 9050 4147 854 664 2257 6719 207 3705 8508 1076 1316 5517 7774 5019 9683 6925 3792 3823 5108 7987 945 7592 1944 5848 3863 4798 7545 8519 130 3994 1698 2468 7473 1375 1527 5484 6285 1764 1858 8899 4069 4254 5891 396 5281 8581 8364 8384 3569 5910 999 1591 4383 829 9280 2562 3970 2242 9908 3349 5436 9749 9130 5051 6189 6890 5652 4487 7953 2035 7995 5183 9652 5477 116 3157 7747 7621 817 9348 2971 1453 254 5008 3451 5593 4797 3076 8144 8851 6433 3015 2349 1854 4986 6394 9659 
8606 9756 6645 5532 7605 4714 2376 5357 4728 2790 7899 7776 5192 3470 1346 2468 1048 2400 148 4057 6933 1566 1742 8156 7752 7921 5930 1613 1455 7915 7984 6140 244 1862 7291 1688 5532 6684 7004 5795 2345 521 8228 4343 5513 448 3871 9938 7705 2987 1471 5488 2747 2074 2948 5622 9038 5508 4731 6782 8366 9856 260 5162 8553 2915 6080 6023 668 8878 5595 9983 2132 8206 9437 4828 8279 256 5807 6104 2682 3720 8056 8471 3226 2518 3915 2635 3973 9379 2663 888 4347 348 9179 9373 5853 8492 8306 7520 
9781 8340 1825 8138 4149 6550 908 2385 4950 2761 3650 4767 8647 9470 9941 2389 416 7319 3583 4358 9669 4059 1105 1543 9793 6781 1851 8093 3328 222 5119 9375 3781 6881 6202 4908 7546 4485 8516 8196 3312 8458 6642 5650 2846 6595 8277 6132 572 7514 1448 2553 81 8358 3991 124 4313 8857 3283 6495 9017 548 5514 1191 1060 564 9861 3311 3736 7315 411 7560 785 5557 3782 2891 9481 6133 5664 6430 363 6149 513 234 7635 4713 9815 464 6823 5265 6278 2896 934 9349 9771 3240 7427 2047 1050 4147 
5698 8358 6792 1788 5015 5835 4764 4186 7951 5192 4890 1113 2150 9661 9820 5490 6462 2766 5239 2845 151 5352 5765 4134 7615 431 4002 8359 5469 651 807 2892 2507 6277 3921 7923 2367 9853 2817 4941 262 9923 8542 5828 8158 9624 73 7941 6752 9578 6056 2219 1910 6474 3207 1184 8103 2913 5189 6985 5193 3943 6439 5381 1371 5477 116 8286 1281 167 4 1882 4404 4318 327 5749 3610 836 2207 9413 6872 6834 7592 7710 609 8657 2857 9938 2314 3387 408 3501 2796 4893 8199 8048 9984 6023 7698 1494 
894 5131 558 8479 23 8653 8776 665 9508 7780 9361 8557 3765 3081 209 3745 9999 2571 2051 7555 8323 9609 4269 4475 467 7553 645 5977 9965 4600 2440 5373 8650 3923 3523 4647 5950 308 1260 615 7524 833 6483 9964 4303 9676 6061 1403 9937 4117 6652 5430 6573 8665 8014 1988 8316 3699 4428 6650 8301 580 5099 9638 8615 9741 6719 5751 6226 4527 7349 6617 9510 7263 5349 5549 9597 4747 140 3206 1797 4878 454 5536 8772 2553 2135 90 5918 6153 6293 2107 7358 9371 7938 3752 4521 13 1645 2941 
177 4513 3366 6182 3371 1352 2920 1878 263 3600 4870 4072 4416 1184 3411 8021 586 1563 177 6438 2799 7172 4289 3699 6424 1292 542 6975 5899 8694 8817 8376 2481 7901 4335 1570 3362 1217 5504 4201 2355 9333 5146 900 4900 2064 2783 3941 3507 9893 6184 8026 1688 7722 3407 9873 7524 3547 5317 691 4792 115 9016 3611 358 8525 4112 6784 584 7504 6597 9599 2158 4454 7165 3247 1988 6570 4345 5338 9663 8390 2387 6294 980 4983 2572 9341 1771 2581 4996 3847 8230 1646 2116 4070 9921 255 2050 5927 
9947 8771 3383 8297 9268 241 8643 8611 2398 4253 4893 2210 6220 5647 4585 1680 4855 5375 1845 3606 6763 7038 2511 7822 4878 8113 9383 5042 6926 3295 6943 8974 6290 9219 1606 579 4885 608 7921 2400 2776 9914 598 3029 9772 5541 5384 6045 3489 9340 1410 432 4636 384 207 1990 3654 5960 614 7500 5153 9081 1420 4449 9135 6342 2626 6490 3746 3282 8228 1044 4019 9216 7780 9423 1735 9350 7715 8416 9220 7498 3479 640 7177 5090 4419 1977 1432 8468 7355 7415 731 1935 4750 7503 2591 8197 8714 1649 
5014 5716 4914 4937 7280 8393 5577 4458 1235 667 5229 3213 8452 8627 8033 2585 5771 1740 6353 6502 3676 1164 7605 7531 3756 2154 810 8822 3803 5824 6886 9520 5606 4457 6546 6386 4133 3406 8926 3698 7554 1731 795 9824 3500 3785 7383 4773 8193 9947 369 6833 5614 2328 1337 7883 2810 8369 4091 858 7216 30 5404 8443 9121 7512 7265 4601 1580 4976 4651 9192 7842 3327 9261 5351 7462 2130 1525 8518 3037 7710 6114 2697 3760 3304 1555 4712 518 3824 5410 7611 4190 5041 1313 8887 2025 8298 4436 2368 
3272 5408 8205 3388 7523 5681 6886 6081 6204 2128 9416 7535 5432 766 4966 5268 6123 3306 6343 9022 9542 187 5228 5252 6788 2142 7405 7315 1115 9424 3370 404 2644 5401 9860 9171 1687 7156 75 4121 8358 284 9333 7372 3187 6873 3482 9538 7334 4655 1276 6491 8625 2408 1353 1511 6589 8005 9338 1844 1646 3062 537 4679 4791 5308 5381 420 8867 7735 3818 5531 6938 5754 2267 7575 2495 9267 3957 8134 2850 243 5959 6002 2941 3091 1676 9371 5125 4252 4042 6035 3013 2703 5249 4839 7763 3396 2263 5633 
1254 5632 3860 9882 4035 7781 5803 1367 2316 2348 9142 2742 1970 3534 7666 502 5608 336 3207 7933 7622 7843 2953 439 110 6968 8993 2742 1262 8445 2020 9516 3121 7359 4230 1878 1021 9678 3212 7031 3852 2946 6126 465 6781 8079 5879 3879 4337 292 4004 9758 866 5332 5567 6774 4865 3591 7999 6400 1670 4027 7906 2349 9957 8595 249 1340 4253 1098 4633 880 7383 8600 1569 838 477 9658 9615 7720 6216 2705 7255 6583 2806 4266 5105 6323 7198 6813 136 6166 7029 443 8816 9809 173 4544 4095 5158 
2764 4210 3641 2440 5351 7965 8954 9263 8321 9800 3916 7557 1159 7091 8561 8140 4997 4469 5418 66 3509 4514 383 7918 8696 8712 9691 8965 8171 6313 5272 8644 6431 8107 8031 9108 284 3982 384 8613 2906 217 8210 7656 8261 1222 1439 8395 1382 7489 528 3158 3635 7573 8400 6725 4932 1437 7315 4805 1685 6713 3416 1680 7449 3575 7613 2754 1864 1004 5505 2275 162 9602 4440 2021 1828 7227 5549 8457 9920 150 2089 8702 8622 2604 7704 7282 8167 957 6098 2721 5428 8114 321 132 4380 9102 2901 1782 
51 9153 6522 9546 7054 6445 5741 9383 9138 2940 2702 8326 4771 2985 6864 9774 2650 5900 9650 1302 5361 2710 5464 5530 9126 4405 5906 5487 9953 4776 7323 6736 5912 5983 5026 4717 6224 7607 6378 8393 3540 4499 7522 6565 5466 5998 7302 9965 9449 746 3151 4374 9338 5253 1139 4364 8169 5267 4490 8632 8028 5218 2929 7487 5904 9189 8817 319 754 7654 3800 7826 7217 4428 6903 8051 8360 6935 182 1459 8088 620 2514 8250 2215 4143 2642 7671 6928 7895 3110 1980 2849 4166 2125 9235 2916 463 5688 4929 
2240 1674 88 9103 6303 4567 3802 2477 2509 2754 803 700 4419 341 1970 4589 1992 6843 6704 4257 8988 4182 5426 2987 4457 2178 6575 3879 6919 7878 4895 1880 3694 1668 7127 7982 6969 8248 5530 1583 5767 1661 4403 6948 5972 8687 9747 8027 9352 6909 1327 9711 3118 2448 7640 9098 2852 5104 9849 5591 479 3589 7810 3675 7921 1840 7911 5753 4521 7654 4405 3302 9701 9745 6482 5837 1896 2961 1109 7649 3714 5673 1638 7435 2613 199 3248 2872 7490 8718 6282 8175 5343 4513 8294 1053 3319 1688 6913 3744 
3442 9566 224 7826 824 7892 7373 4286 5369 3269 4957 7553 5078 7890 5067 3558 6871 994 6853 8332 940 3935 6547 8415 780 6139 3855 9118 176 6983 8353 2154 9249 1690 2836 5464 1868 4955 3531 7703 3610 2992 8803 1166 3211 3308 7651 5607 7660 245 6343 2899 8132 6427 6985 9364 1230 9866 5013 1798 8375 6146 7465 2145 5231 7873 667 9541 725 1459 1266 458 6067 5921 5055 5277 3079 7585 4576 9 2881 1680 8727 5603 1658 1020 9503 1805 8121 5525 3591 8648 216 8537 1383 7483 1528 7727 7954 1640 
8222 5013 6306 5749 7319 5891 9489 3589 3502 5953 7178 9887 7320 7408 6349 1514 7140 5101 8589 7928 4703 8369 9842 4634 1758 5627 3687 5141 2547 2035 9133 3385 4101 3784 7205 2080 2613 2581 9955 2232 5492 5571 8048 2076 5514 512 4168 6566 768 7019 8522 6950 4053 7113 1191 3251 9547 7143 3152 4283 8775 7060 7987 2325 2423 7255 2601 6648 547 6959 7058 1323 8510 2966 9008 5631 9568 8900 9205 3738 6749 170 6027 1874 1135 1359 5950 7980 5664 5640 42 2590 9005 9117 2275 2219 30 6057 9259 4677 
341 8965 4911 5039 6913 6008 6964 8257 913 6052 2091 5497 3876 8851 248 5047 6058 1027 1793 9706 6884 7829 9675 5558 3452 5028 5063 5147 9261 8224 5806 9557 5053 9418 2595 6047 4019 2726 893 9812 5216 1060 5716 5169 1522 1078 5220 7106 6814 6225 2101 1496 4362 1068 4784 2382 3251 509 2955 9086 5274 2765 8705 8980 9115 5506 7384 2680 3526 8928 251 9190 4531 6510 7796 509 86 4682 5936 4489 6931 240 6038 2135 3623 8635 7781 5774 8977 7600 5571 2000 4461 885 3047 3908 6971 294 6684 3277 
2413 2163 5902 6163 4518 2232 9264 1811 6358 20 5429 8554 9151 4439 7992 9572 7616 2 8609 4453 8975 4431 1300 3167 6204 3906 9576 5380 9348 8323 4390 2236 2193 151 2769 7917 7833 2818 5047 5935 4147 4094 7513 8267 2690 9651 9815 5076 1942 2589 5403 235 7392 3956 4307 4000 2377 660 7808 9614 4934 8445 3889 8187 9560 4540 8515 9142 7894 3861 7826 3414 1703 7688 2832 9112 2683 7502 3897 8318 8200 2728 3656 551 6412 4566 346 5498 5325 4420 493 13 3711 4207 8856 8898 1471 5580 8240 4055 
998 7316 4409 8875 3059 5170 9214 4425 5516 2643 7508 7546 1551 4295 7704 1944 5848 6461 3266 7059 8519 4395 5110 4729 4493 9788 7489 5525 8519 5497 250 4697 1375 5663 5110 4493 8090 9214 6807 5525 6247 8897 3390 7368 395 1007 5478 7305 3552 2449 733 7503 7259 8822 9325 8438 2163 7236 7986 8170 2539 9363 4577 6055 7975 6384 8417 6932 655 4796 3360 6994 6957 1499 9189 1377 7810 3791 3433 2241 3356 2290 5271 139 9574 3344 5563 49 1400 9841 2690 6344 8585 7875 5260 8761 116 7389 9197 6856 
6111 2157 849 7059 764 9891 7108 704 4932 2689 2616 6773 4501 4822 514 5794 5219 4290 401 3035 9674 1384 4912 5903 2967 908 7343 2927 5150 6405 3805 3374 2702 2765 6546 7674 9070 1995 4876 5322 8405 2908 9083 4064 2793 9643 8798 1782 4985 2946 6404 995 718 7464 630 5780 3914 6683 2957 1348 1059 1947 5641 4031 5926 2107 7551 7366 549 8120 2028 1438 7348 6670 6276 6158 8896 217 3600 3211 3885 7857 3791 4987 7021 9412 1909 9642 3357 4633 4923 1591 5968 5213 5009 7813 3911 5200 9444 8221 
3434 8015 8044 3331 4903 7778 6880 1046 9049 74 8565 8046 7528 2961 5566 556 239 5605 1406 1101 6133 1428 6383 472 6348 1704 3354 9229 9548 7352 2903 4805 4564 766 7567 8639 1860 2343 4697 6348 7578 1494 850 1031 2568 9537 4462 4609 5495 6677 2299 1221 1071 3185 9771 9800 4783 8935 4798 694 9465 3928 4136 7890 1532 2723 2815 2512 8935 6247 2815 8116 7138 8047 7679 3785 4878 8237 1415 7602 1653 3118 2082 3750 1708 9948 2503 3906 8328 7714 5792 1901 7860 3869 5867 9100 6311 56 4268 8650 
4630 9080 2827 5968 6608 4862 3426 5387 6728 4892 3482 8789 9051 9376 1456 1634 2346 8495 6907 6265 1089 4545 695 4635 9476 3957 4471 806 3853 4782 6260 3500 4777 807 8316 2835 603 805 9601 593 8215 6652 5844 2759 7228 7601 8085 4737 9316 4658 3487 2025 1503 5118 3979 7993 6481 2690 9481 116 6945 6379 2019 1925 5272 6823 5425 8500 8962 9150 9126 285 785 1955 5959 6097 7029 6106 9347 970 5580 2301 3229 7322 7934 980 9121 5423 8989 8183 749 561 2244 4633 3566 5453 7157 9072 8567 1936 
4218 8542 4119 7741 138 2898 9541 478 4435 1431 2897 6779 7187 9447 6252 2317 4779 6127 5794 8428 6535 4108 4771 1847 6062 7515 2990 9058 6450 3750 8012 8897 7135 1499 8501 4903 6672 7085 200 4945 5196 3419 5958 1932 5525 6069 9257 4910 3917 5096 1717 9765 9924 256 614 7355 8361 8158 9408 5380 5834 4473 1803 2333 6449 2121 715 5931 8151 331 5816 3870 6944 7392 1524 790 2378 3270 59 3041 8799 6676 5817 7153 2944 772 2573 7993 9685 4518 6696 8944 8240 4869 8553 9365 7913 6787 6029 2149 
4625 342 7577 5799 4274 5070 320 6327 2213 5520 1882 4246 619 3352 4093 1079 2821 3769 8982 7897 3515 1298 5549 3147 7153 7917 7689 1583 2614 3710 4925 7781 9368 840 281 8095 8435 5106 9671 4329 636 3555 971 5544 4063 4809 6894 7103 1978 9205 8671 5848 7587 453 6588 5986 8869 7536 3772 1664 9904 8989 578 4861 2412 7070 3574 2034 1534 3808 1025 4409 4631 1594 1737 2795 6062 3820 4070 5133 3094 9355 6307 5281 1174 6359 7244 8443 8555 8246 9135 7749 3696 2725 9966 2779 2444 9046 5730 535 