4646 3012 37 6414 3403 2432 5931 7493 6316 7015 147 4630 6680 3244 9647 6932 6970 1275 663 852 8068 3792 2284 5316 4813 9587 8098 7650 6841 5068 4953 509 1793 6229 2962 2224 9788 3625 7042 847 9498 2888 939 9104 4537 840 7549 5311 3999 5809 2061 5116 1985 1398 5916 3108 7985 9915 8684 763 8967 3705 2049 7258 3644 8682 7590 1785 3365 6017 1959 9721 8925 4846 5270 6465 1083 3012 37 147 6680 3244 6932 902 3668 1275 3559 7924 8068 3808 5912 7782 5316 4813 9587 5068 509 6229 2224 3625 
5488 4387 2620 7433 4785 3832 1450 6201 6526 7447 2091 7837 8991 431 2314 9281 8441 9869 1064 6216 8335 2524 22 6025 7725 8434 2888 9474 7061 5324 8125 3999 5053 2383 2061 5116 1985 9151 1398 7686 5916 8905 5636 657 2209 1425 5636 866 2167 7313 6801 8884 7291 2974 1896 801 7575 4888 4700 2469 9144 9289 580 7580 1514 2913 3919 9662 4636 132 8846 3720 6038 3930 3743 7384 7419 921 543 6558 8537 9217 7225 9657 8775 5377 6195 1634 3097 1629 9558 6106 7105 2905 4498 9682 3486 5328 3702 8098 
7223 3785 890 5978 5826 5684 6259 5523 8362 2124 1693 5269 6296 755 9132 5391 3567 5937 1880 7712 3887 4739 1035 9908 1542 2199 2417 1184 9210 974 7775 5673 105 2635 4241 6946 326 5593 3440 9080 7792 1313 1363 8800 8175 3948 8040 585 3638 7995 6139 6538 6759 9910 3264 2430 7124 3721 7648 50 3054 4022 3257 6106 7799 302 4621 3625 840 466 7161 9620 2349 3930 2021 5382 8766 7840 7464 1016 8274 8803 6976 9025 5841 1261 5740 3481 17 7202 4029 4941 2831 7297 3546 9245 6012 3857 6186 8668 
8990 7882 2257 4821 459 1310 3674 5748 3542 5671 7778 893 1464 3731 5829 7104 3593 8908 3764 6454 8480 4465 4330 4464 6390 8776 718 5975 8039 6830 6690 737 5514 2833 9084 6545 1601 6959 4949 6431 6436 7716 4445 1535 1063 8082 3044 8484 1038 2348 8036 2321 5630 4565 1662 1190 3610 5040 7767 3006 775 7985 2049 5860 8056 775 775 775 7985 9915 8684 763 7466 8967 586 6355 7057 775 775 7985 4846 2049 2020 8056 1870 1785 6017 1959 3786 9721 3 9204 3705 3644 8682 1909 7590 1870 2602 7050 
9252 303 1959 9427 5010 8105 9946 9721 4145 3 8925 4846 6183 4843 304 6465 4646 6583 37 6414 3972 3706 7293 6316 7015 5940 2935 2091 7837 9387 2314 9281 8441 8247 3617 8253 9494 3999 2183 6593 2524 576 2336 940 5307 7725 6373 5601 8434 847 2888 9104 4537 840 5289 4113 4658 9336 9151 7686 5916 8905 5636 657 2209 1425 5636 2167 6801 8884 4387 8689 7012 3097 801 7575 9908 6313 6688 1799 7127 6907 8144 3434 267 1319 132 8636 9558 7105 5281 8848 6073 3203 5328 3702 5336 9883 6296 7201 
6954 9132 2442 7965 3567 5937 9750 5435 9333 7884 1035 1983 9908 1542 674 4641 2583 974 568 4804 1085 4663 4035 3567 4241 6946 5593 9006 8800 3948 8040 585 3883 9329 7648 50 7883 6718 2995 6306 5227 7009 5904 3271 597 832 366 302 5158 3403 749 913 7211 9026 4479 3182 1022 7464 8274 8803 5089 6976 9025 9352 3862 5841 3198 1261 1855 9230 7396 7202 5226 1828 4029 3939 4941 1613 1834 3045 7297 4300 3546 2514 9245 5570 6012 2029 4545 2247 1821 7515 8668 584 8990 1605 7882 4923 2257 6448 
4821 9647 8962 459 8892 1310 6030 3719 3674 8997 5748 7072 3542 5957 5671 8469 7778 8209 5984 893 6877 1464 6838 3731 2049 5829 1688 6283 7104 3946 2731 3593 8046 2385 8837 9356 8415 8908 3030 1008 3659 8477 1095 2281 3647 1008 6965 5633 6390 7743 4415 3543 9675 2833 3660 683 5640 7319 4000 4117 5799 5096 804 6616 3436 719 8898 8615 3313 3741 9438 4094 6278 5496 8184 4605 6934 5034 1470 2673 3906 125 1083 9533 3970 116 2432 9809 5746 663 1186 8687 1030 7471 8314 2608 7590 4605 1720 2431 
4040 7665 9345 8337 1340 9005 3238 1027 4806 5687 1764 9421 872 716 6550 3943 9999 6230 5356 9469 8314 3362 9282 478 5184 4603 2191 1336 7683 1060 3566 9735 2159 266 5637 6943 3745 835 8566 4520 2579 7763 3290 7197 2400 1063 2252 4621 2894 465 747 436 3427 1494 3207 7796 8913 5476 4786 3992 9807 1320 9793 4703 4509 5887 9333 125 1485 1690 4706 8659 6683 6016 2087 431 4021 3846 5149 7603 6745 1348 2818 7321 4160 3652 5682 3850 171 9258 6861 9958 1306 8200 2408 2564 4900 1318 8191 4421 
360 3325 1629 5338 491 6658 1570 7292 1783 9510 540 7822 8387 9330 2065 5920 9112 440 719 3230 8055 6213 954 9246 7938 968 8454 2879 3951 8444 8603 5604 8915 8950 294 4487 3459 8148 4662 2908 4121 2351 9748 1473 424 94 9746 9216 4289 9634 6983 4733 9294 1993 1313 4533 8804 3355 9517 257 9302 3465 9352 665 6266 9761 6350 6462 7453 3240 789 3454 5952 1220 5802 5927 2193 2126 3695 759 9349 4145 775 3681 3064 100 7127 2564 2446 3653 8970 7735 2003 8262 9023 3053 7201 1676 1093 1193 
46 2492 1823 8590 187 2994 6360 5930 6426 7032 3753 5990 3233 2224 665 5750 4010 3129 3320 1440 3633 2482 46 245 9889 3392 2614 266 5478 6822 8075 4577 9974 2119 4605 1667 125 3136 3663 7398 2432 9574 9313 2608 3809 7324 4040 7665 8337 9703 3816 7938 4806 5687 7977 5448 3990 5418 1031 9287 5583 6672 3 7474 7031 839 4938 2580 6615 3739 4161 1715 1447 8281 4227 3339 2405 1902 6534 623 6571 9811 3887 8174 4173 153 8409 9485 5728 711 8328 7099 2933 5486 5986 1951 71 3071 5362 3325 
9080 8954 3375 7355 8844 9340 6410 4076 7241 293 2286 4040 6253 5171 948 6283 2949 7213 8641 3982 409 9459 5788 4348 9575 4886 1421 9997 6856 1090 9280 6090 573 7330 6094 8495 2326 3878 1064 9692 7478 1080 5049 5808 6139 4009 3748 3227 8625 4304 4287 4064 2619 2480 9797 6729 1522 6173 6417 8181 1665 6322 1129 9962 5595 9844 9168 213 1637 1968 7903 326 3597 1665 7902 7244 7768 6900 3581 1201 1553 9997 1742 9207 1081 2234 9852 1703 6387 6455 5969 3874 5161 9503 1255 7351 7485 393 1238 2172 
2808 2101 4379 1092 1056 6090 184 2986 1414 2649 7327 4916 3729 6219 9859 5640 5748 5792 9594 5202 8834 7966 433 9151 4149 1084 5651 2338 6575 3195 8567 6277 307 5877 8267 8060 945 7577 2070 6034 8605 9215 3521 4170 271 7920 8548 4313 4961 1982 4841 4103 6152 4386 9250 6238 277 8216 9086 1525 1638 9454 9972 2773 8499 4834 4237 1190 2282 5577 9131 6558 9456 9958 6359 595 9608 5288 9588 3269 8087 6708 8637 8042 4353 7619 7475 2763 6891 8696 6791 2469 9144 580 8695 1319 905 5684 3034 5816 
2971 1542 674 4480 4473 8280 6583 585 8633 6759 5141 903 8274 9784 2206 2191 3491 2916 2888 1261 3764 3659 7743 6880 1584 24 1309 1730 3347 9650 2984 4821 3570 3562 6001 8442 8098 9026 4367 9624 2699 497 7730 7006 1879 2268 7715 3758 5251 472 9125 2709 4080 5670 4637 2597 7753 5478 6639 657 1886 9236 9867 8175 4464 9654 8642 4667 2053 8431 7397 7269 3296 449 5967 3701 661 8136 8436 7830 9395 33 2961 927 8061 8409 2846 4980 1470 3123 3811 1202 2071 7249 9629 7182 2436 9264 3464 5967 
7359 893 9251 2439 830 8090 1232 5744 8193 1458 348 611 6906 283 7299 6324 7229 8639 6734 1212 1595 9231 8843 6528 1417 8149 7795 3465 379 6624 7176 1205 7756 4645 2094 6908 6209 5869 5592 1853 7908 8795 9001 3859 2849 8316 2422 8576 5310 4722 7766 1874 3354 7882 4656 8573 9367 1275 3348 2003 8756 8689 8649 5023 5254 2740 8532 5825 4942 2461 4567 7108 4410 82 2300 3581 6219 2592 3943 6868 8973 3688 5035 8672 6040 5441 586 9890 867 558 1097 5707 322 3418 4686 468 9508 6734 9310 1704 
81 1857 1727 1384 6734 8534 5785 8202 5235 9991 4296 576 1534 6246 8596 109 278 8138 4409 3218 7909 5249 6613 6807 283 6580 238 7941 3913 7798 9799 5696 8560 1903 2143 5973 1060 6722 8590 8602 884 4481 1959 3910 8594 4422 524 9369 7355 1058 7103 6082 1397 7859 232 3555 5803 7276 8348 2534 9771 4800 2811 7718 8918 3521 537 8891 797 9614 2822 1013 3172 1899 6871 6417 5399 5958 2605 1451 3757 8681 1621 9339 9212 1043 5762 1260 8625 5771 7073 4357 3181 9346 4591 1323 5174 9510 1915 2039 
8916 1848 9867 1555 1315 5537 6933 8289 9825 7062 1310 1412 2081 1478 8530 2169 9416 7421 9343 5604 8432 483 8825 5135 9195 9062 7716 3417 552 8018 7804 9681 7746 8596 9931 2774 7844 8110 6523 1255 6979 2720 9910 3157 9211 1157 6347 3358 1457 2997 4395 9773 7673 9676 394 8850 2401 817 9646 3476 6175 8310 8618 7891 4007 5777 3154 7179 9553 6015 2347 8650 904 312 1244 6976 3121 3936 8932 4247 551 326 4735 1711 9953 2176 3841 2524 5363 5128 2799 8627 2461 2878 4970 5838 6209 2949 662 6435 
9433 4000 9726 9674 4694 2218 5649 6714 2451 7062 5689 64 9817 6894 8209 2422 5263 8455 3142 951 2290 6414 55 1242 2434 1827 2324 1401 7036 6699 1746 9610 4732 1934 7111 8243 2700 6742 6879 2135 1086 9453 8148 158 9436 6592 7189 6632 429 1848 2934 3819 8739 2386 2629 9823 1788 978 9806 8316 9167 2151 6828 4327 6696 5577 9956 3280 8225 740 2818 9701 6397 9578 7087 1046 5649 3158 3593 5816 5464 6192 3440 5134 5305 8609 8662 8030 1343 8027 2215 4227 5154 4617 2552 4059 8145 466 2567 3433 
2935 4335 7199 1398 6855 8905 546 5134 6208 2830 2167 4228 6801 2429 8884 7291 3097 2557 7699 8144 8392 7795 6998 6162 9518 7985 9915 8684 7466 586 7057 8678 8359 3705 8682 1909 8056 7590 1870 3644 7351 7411 457 5408 6917 8694 4549 2331 9148 4680 9317 6924 4497 466 9607 7236 3378 2928 1012 7719 9695 9670 8494 2517 2659 474 1973 8112 5026 8997 6549 2003 8274 3951 1882 2188 3724 8469 7784 2286 4907 2214 579 4267 3265 4574 599 5096 3952 7378 1261 1704 4447 5492 1356 8029 2435 7224 3208 196 
5775 9233 4255 7299 5197 5355 1967 4332 4067 8448 1180 8649 3183 1248 4295 9731 9646 7542 1773 9994 5603 1342 3274 3611 9337 3958 3404 5577 8204 3774 6757 3277 1856 4798 1926 5039 2398 6222 4771 2044 116 5531 170 6401 5525 8902 6338 4506 4762 5241 8090 208 4003 568 1690 5559 3816 2543 6354 6822 1765 1778 2120 3235 7678 7563 6104 247 8005 107 8660 4925 7220 6703 3701 6672 5567 6147 1983 2695 7153 7150 9155 6142 3235 9262 2429 9721 1182 7689 6107 4392 8885 3678 2983 8473 822 6609 7353 7012 
5755 6965 6686 2867 5929 1999 2121 8657 8570 2247 5470 4857 1037 1185 6675 9163 3230 2654 8911 7360 5535 5684 6790 6620 8067 7452 7172 3181 3003 5292 7157 993 1784 6756 3602 4581 5204 3966 6467 2680 3045 4431 1542 9639 580 8249 322 2029 1644 8353 6573 9316 960 4076 2837 8327 9516 9742 1958 1283 2464 875 1999 6979 2162 9978 2738 9276 9240 2540 7835 1588 9164 448 2206 8816 404 9569 2980 6031 829 9326 5118 7000 7500 7785 2669 9997 1760 4818 8371 5330 9071 8836 7116 3619 889 647 6344 8101 
210 4243 7159 5470 5045 6244 2118 8184 7515 8704 4008 6736 2757 1267 4771 6920 8185 8726 910 6396 8595 4777 4973 1650 5264 4913 5741 996 2389 4937 4891 7549 7799 8685 3421 6884 6415 3763 5039 2660 6237 1577 7679 6430 7080 916 5954 6817 9938 49 3666 7644 5124 3129 397 8210 5143 8730 2450 3272 7435 6337 7818 1023 9946 8925 4846 4843 8361 3972 5931 7493 7015 147 1345 6188 4934 6230 902 6970 951 3668 1275 2452 663 852 6979 8068 3792 3808 5912 5345 9587 7650 5068 509 6229 3625 640 921 
7101 8668 775 9915 5263 5170 9628 2535 609 4319 2483 7980 1513 9337 352 5042 3875 605 8906 1483 3930 9138 2119 8687 8045 3029 3099 4238 408 3463 2140 7832 4199 2738 8094 1511 8956 9821 2014 6814 8931 5692 5798 6693 8626 7369 3376 3261 4660 9568 8329 8996 9047 1487 1238 5139 2505 2581 1312 372 1307 9290 6105 2603 2619 6688 4623 8670 2626 4699 6173 5814 3979 4415 801 175 6007 5537 6568 382 867 3636 5525 7712 7933 2668 9677 127 1508 8411 5288 3921 4141 4697 4817 1258 1463 968 5142 8975 
8557 177 8823 6509 6543 3483 6758 5939 7212 6112 3265 4900 8968 7512 7556 1321 3169 6766 359 5810 1512 5373 6072 6715 271 3461 7920 6386 61 3422 4199 5112 6339 1340 4386 4769 550 9250 6238 277 4211 9086 9454 9972 4379 8499 4834 1190 3694 6558 3218 3680 1745 6585 1112 2972 5985 161 2700 8485 9689 5027 4143 2379 648 648 3348 1570 6329 9243 7160 5892 4257 7984 4818 7903 4488 6083 1623 4059 6747 9351 6219 5576 9142 3994 8646 453 2068 1183 9221 5733 1461 1758 2577 737 6727 279 6442 8289 
9952 5259 5179 8935 4341 5153 668 1887 9143 9614 9733 5997 2629 100 2076 1518 3780 9069 6438 7211 3013 8378 5712 555 2089 10 9551 6580 457 2979 3272 2191 7900 5102 8171 5192 8227 4291 9212 1292 9788 7287 639 1931 9493 1332 7744 7393 6274 8035 7884 3763 3555 4301 2141 1869 6395 8090 5998 5095 26 5839 7503 7641 5544 1727 6471 1263 6948 9907 5593 2043 7215 9982 5228 9192 5231 7873 667 9919 5357 416 107 9468 4547 5834 5117 8379 7123 6503 1443 7189 51 875 5229 5237 3777 344 3487 4805 
9582 5722 6241 4276 7851 2023 958 2775 4708 1751 2297 8949 304 8707 2882 3530 4534 3606 2301 1616 7713 4830 8335 815 7379 6128 2142 1341 4539 4137 1577 1755 3621 1332 7393 2563 8035 7884 2546 3378 6542 4087 5408 5338 9674 2877 8995 973 880 7120 9741 5088 4357 7493 1976 5085 8712 8318 830 319 9652 8844 2454 8428 817 2941 8704 6793 85 5694 5293 3977 1370 1254 7974 3880 2589 7817 6801 583 3277 5225 6541 6841 5481 3441 1152 4674 8421 2292 7466 5242 2728 7572 9269 3843 1103 8922 4671 5384 
9485 289 1747 6304 2307 8901 9948 4696 5190 4767 4013 6117 7659 5256 3348 257 1195 3465 5557 9765 6389 813 1759 7556 3503 8195 892 9337 1679 1729 64 415 2640 8352 8469 2341 9548 5678 9203 604 4268 2961 1110 6017 8499 2361 8863 1125 2325 4641 9477 6306 3061 422 7021 1027 2241 9512 1313 8790 9146 1938 1791 7036 1595 6667 9530 7090 4318 862 4534 5552 2884 5298 62 3950 2190 8644 2336 9003 5102 9569 1285 1249 4741 8076 6814 9890 4562 4906 6426 2807 7362 502 1459 2351 3544 1029 9709 4347 
3630 2789 5814 1814 5421 1505 1580 4652 6123 88 5350 9360 3136 4454 4172 7 898 7797 6830 9506 972 5115 4682 8854 800 5502 9200 8591 8084 2663 3185 4481 1612 4758 1652 8442 3997 5918 8413 3402 9161 2368 448 2887 6711 2261 4223 2915 6488 8221 3294 1457 4734 6331 2790 3448 860 7053 2723 3752 9597 27 8238 202 2326 7010 895 4828 865 7919 2782 9414 9176 1118 5821 3968 2646 2127 9374 1757 6736 541 9908 9084 5876 5817 6918 555 3266 2782 1376 7794 6081 3691 5792 1422 7316 3049 6292 5436 
8687 6954 1674 9561 9582 8191 5287 7727 2563 6339 7776 2967 5611 1617 8634 9746 6243 7937 2570 1530 3156 2125 4440 8336 778 3487 3815 3810 5284 2565 6524 9801 3905 2740 9591 3902 4225 6059 211 9457 426 7483 7811 8782 9207 2211 8911 9720 5667 1692 4704 2472 2898 3146 301 5330 9847 7940 4102 3212 4948 3418 7168 399 2872 1415 2093 2130 3866 8405 9387 2225 9837 3036 9883 7381 3913 3695 3026 1907 3474 6487 5265 7913 4224 8636 9476 5740 3645 6779 8353 9217 9637 2273 5547 5818 9220 9352 7282 127 
6903 288 4910 7822 9698 5859 2926 8868 3368 1776 8081 6834 5711 2945 5637 7915 7684 9692 8725 5337 4135 6688 295 7610 9784 5343 5173 6372 2087 792 7395 3774 4253 4993 746 6994 4406 6957 7487 5904 548 9642 8817 4299 5045 773 8445 5921 6919 3316 319 3661 7381 2248 7418 3800 1317 4191 1263 8369 681 182 1075 8744 990 5518 454 8431 7119 6055 4802 3109 625 8781 1254 3951 8851 3830 8978 7382 5998 8434 8474 3393 8755 6943 4863 3349 5417 6877 2486 8587 9415 6561 3490 911 9001 121 2887 2591 
7552 9735 7609 9720 8417 6395 3792 3948 626 4752 6422 3797 4798 5791 2754 8815 2217 8460 9193 8450 5316 1393 8515 1972 2031 370 2230 7953 1610 542 2528 7039 5184 7418 6554 2715 6471 4137 8051 8522 8369 681 182 6863 1075 6858 1459 8631 4606 7569 8250 8659 6734 3989 6283 2175 702 1857 1358 8406 6474 5760 939 2449 2509 3286 3295 8984 6233 7591 1664 2335 776 2466 3008 40 299 8841 3581 3941 310 6543 3396 9351 127 4080 2398 2610 9809 5204 1866 9143 431 2642 6354 3279 4664 1534 2059 1960 
2926 8402 4768 9986 4763 5291 7188 6761 6709 820 7369 9012 973 7261 9988 2613 5879 5056 8927 2649 6997 185 406 3409 7132 1369 2777 7822 8181 4246 3403 6868 4134 4048 2735 145 1250 5770 5465 355 1254 7334 8434 6943 5728 6316 5072 4800 6825 6988 1293 131 6448 2881 465 785 1680 8890 1323 5015 3738 9087 2699 4763 3419 6875 1366 9033 1671 4248 2990 1574 7869 4050 7077 5641 399 4530 537 2593 8718 847 9987 2843 9068 3561 487 721 8457 1363 2353 6688 295 7610 8369 2456 9784 7647 6750 4083 
6481 8515 8812 6604 4263 9606 2336 5340 320 7558 2549 1063 3811 9998 6038 1075 1543 854 664 7212 1366 7143 5920 8119 1940 3429 6478 2578 6312 2392 4963 1537 7676 6932 9628 492 2692 5007 840 9518 8417 6925 4752 5848 326 3797 4798 7545 3755 1362 5865 1920 6418 3556 2660 4755 13 5975 2479 8115 5580 2567 3245 7191 3024 5974 7138 1070 2435 1828 9349 2595 2082 6259 7485 4713 5889 9658 4299 9034 4277 7278 8116 198 6927 5049 7023 2643 4502 7853 3240 7517 713 9422 5706 2609 7358 888 7721 6755 
648 8548 1672 2268 9971 6548 4186 501 6271 7651 7622 3724 1497 7482 3419 474 7455 5350 7202 5266 3115 6247 1468 4760 8923 8336 6231 3704 5142 5005 7823 6986 4337 6232 9400 9611 99 6510 7275 1546 9635 9872 9988 7327 2488 3110 8903 4372 4330 6652 5774 5858 6590 5390 1805 9533 4359 4365 3211 5446 3317 3359 5549 5384 5743 3483 1501 1163 9225 5266 3496 9631 712 4207 9514 1803 7282 4389 1915 473 1033 1773 1511 8005 3528 9338 598 4610 282 537 9730 3227 8637 5572 8983 3409 5653 5308 4648 7735 
7805 2794 6938 5249 2673 7439 8060 8705 6320 8487 954 1662 1123 8980 1605 6271 2610 2062 1453 7951 5176 356 3778 3450 1408 2624 7679 9261 6808 8390 453 5400 4996 8946 1654 3724 5888 9509 2967 6997 5381 3541 3803 3840 2619 3121 9273 2780 1638 8543 3303 3797 3588 8828 9973 7142 2942 4553 5691 1949 7189 3476 7700 4 1706 8836 7974 4563 836 465 830 9401 3097 5997 1726 7102 8570 4644 3739 2288 5943 8136 2120 8747 1041 9460 8073 2717 4234 2198 2889 7413 5193 4733 9184 2330 6980 1797 4073 7163 
2162 1541 6570 6591 1322 3767 8862 4496 7008 4953 9507 9210 2588 9986 9960 5943 5968 8136 8792 4469 3286 1041 2484 8073 1054 7393 5594 3705 4061 8549 2889 9287 1490 699 4733 981 3570 3896 4624 5751 8369 2074 5916 4130 2840 7817 9168 750 5856 9302 7917 2346 6195 5461 5374 4653 1968 429 6515 4109 27 563 1612 655 6310 4437 593 5520 4021 1191 9218 6112 1593 7648 6459 9216 6988 5998 1853 9396 7536 5779 3189 3515 1446 4611 3473 9120 7069 1348 1091 2693 9433 3712 7965 2659 6703 8490 8426 2682 
1604 5495 5204 7016 6398 5438 6742 6771 7330 2775 5191 7369 9472 6622 196 8491 3492 9490 1355 9716 5114 5444 1429 5670 9116 6987 2090 2555 909 2373 876 7612 6330 2727 7651 2924 9961 972 9411 6651 1216 9941 7196 6520 7490 5602 2345 488 3139 4273 1123 7111 6653 470 9845 8968 722 6324 2785 1322 8504 768 5175 4700 7364 2935 1849 3877 5247 1225 8089 2775 2787 5015 4958 735 2898 8103 3569 6631 8885 1460 3850 9109 6137 9537 8040 7960 6069 3839 5149 5549 6516 8126 4130 1419 3045 8194 2773 6532 
4345 4003 2977 7909 7803 5876 3699 7822 5768 2369 8537 4222 7144 2708 3025 5935 1453 2126 3595 9910 6403 5272 4431 3360 4003 7268 7044 3220 9507 1124 2165 1217 3415 9121 6069 3122 7013 7760 6866 8604 705 5454 8778 5337 1722 7683 520 3572 4688 3002 2712 6678 6154 3644 9759 3262 1935 7958 4384 4902 9599 824 6100 8673 3485 1064 7822 3247 8518 328 6279 8763 5127 2731 1404 3524 4065 3996 2144 8885 6840 9568 6376 6864 8676 834 1370 8252 7907 7486 3992 1361 911 3306 1747 4386 5522 3420 5639 2134 
3408 5842 4838 2631 9443 472 6827 6678 3357 1766 8540 3716 2759 1327 2580 4657 9389 2885 1530 4887 2624 8386 1164 6670 9211 5076 9459 8523 8499 9557 6615 3235 2326 8079 8973 8007 4689 8919 3064 207 9498 9230 5560 1580 7102 9862 6122 63 4542 9383 4493 2650 3951 3830 7421 2141 6943 2766 2592 8456 368 4492 3714 7014 3395 9465 4787 5010 4851 482 1685 6864 8724 7894 2942 905 7288 7426 2933 6389 1711 5899 926 7977 2457 8016 4569 6805 4468 391 6968 212 7299 1051 3944 8477 7862 444 595 8006 
6470 435 7798 6155 3623 2737 2082 4446 6202 9912 6519 3317 2644 1895 3484 7359 7153 2389 823 9523 5212 3958 1687 9138 1603 424 3908 5862 3309 415 2435 1450 90 5238 2082 5723 788 4713 5889 4898 5612 8116 9532 2936 5049 5838 2643 7853 8192 3240 5876 7085 3839 1240 7394 2167 8678 8765 5545 9709 7715 7647 2568 5390 4009 222 7895 6079 2520 6548 3213 1162 1641 5793 3215 8898 2024 593 8360 4112 696 2726 8652 4694 571 8931 4711 3149 2077 6882 418 7829 2127 3814 680 8460 9308 4813 4238 159 
2445 3582 5532 4131 2629 3644 8790 649 4536 8906 2051 7342 200 1868 532 4117 9045 7010 7957 4587 7190 7892 437 2723 2023 4936 1357 4652 5959 1571 4648 4749 7436 2544 9660 6186 2110 2246 7145 8879 6056 6927 4067 8054 5783 1388 9254 6910 4694 485 9458 1067 7725 9101 2091 3945 6638 1397 871 6476 7018 1821 792 2560 9486 6747 4212 6190 3666 4926 5950 3295 1095 5348 562 2420 3516 1295 9703 891 9991 2533 4792 52 6765 1817 9833 5538 4861 8130 3298 9641 8709 1395 2989 9755 7924 1087 300 1451 
2391 2075 9645 1226 2150 8369 3346 2884 4423 183 8686 5765 6958 4269 6020 431 8313 8359 8735 2736 651 807 2892 1578 6277 87 3921 7580 4177 4246 4239 2726 9749 9537 8040 2285 5799 3839 575 6643 4328 1119 6516 1927 8126 1419 6347 2427 3045 4798 5435 2773 3246 8602 1945 2842 9460 9882 4677 9348 2777 4256 3209 3419 2276 4847 4723 4821 5237 6128 9611 6545 5292 7031 7136 9289 7851 9024 308 8296 4333 8157 2643 6847 8995 2916 7245 415 3060 8067 363 9513 8524 1141 7834 9973 3730 4179 5325 620 
5549 3055 2213 4927 3556 8243 350 773 3126 3872 8607 3527 4320 2645 582 2412 7684 530 7098 4798 7059 5791 2194 4395 4697 1375 9001 9058 564 4157 1077 1587 7047 318 2661 467 4123 8612 6775 5842 7367 8434 4782 3600 6545 8247 6283 4139 6761 8552 6200 3670 9795 4792 7371 5056 2893 1906 611 406 9239 3409 1647 9093 1369 9301 8038 1945 2723 1186 1512 7888 9825 7839 4997 3097 5858 5646 9403 6999 7682 3409 8469 5119 5366 1816 1114 4390 2801 6001 1449 8291 4858 3431 4327 2972 6626 2943 1394 7883 
8626 8449 5208 1357 3721 5245 2194 4377 7242 6135 3720 6785 432 3826 8842 819 9312 9645 6512 4991 3083 9623 700 3316 5831 8375 1503 5329 7619 5900 3008 2519 7565 8010 3685 1487 3917 2580 3861 4105 1284 641 5933 6415 8357 1805 8121 5728 9147 9858 5199 6997 7567 9020 8854 3860 325 4190 9964 3750 6486 5642 4800 9186 1153 9322 1402 1708 8975 9522 444 7476 1253 4955 6374 7003 7865 2761 8619 5872 2677 1103 3480 672 3301 6190 7650 3133 8147 5777 4290 9261 997 8589 8062 7715 4836 3699 9216 8467 
7989 8322 3448 5798 1594 278 1710 8963 5430 5876 2780 3279 8675 1727 2727 5853 4966 4088 2886 6564 3191 2949 2072 213 7099 3624 6668 9752 3168 1798 4093 6291 2466 2120 5978 7960 1128 4967 9754 9010 3781 7680 8477 4185 9258 567 6203 1441 4456 8872 4815 5353 963 4992 8320 7701 9299 1714 1325 5457 8410 1100 4576 1495 2168 9554 1190 6040 6673 3571 5056 7831 2488 8677 4843 1863 6873 5325 6038 5882 6350 4181 4201 9863 9875 3839 3066 145 953 7421 1750 3013 565 8172 2011 2124 8586 1438 2062 1948 
7863 3931 6385 967 5161 9604 2539 8035 5253 4425 9473 55 4781 3865 5350 3307 3348 1477 9515 3295 339 5689 1753 4130 2259 7947 1527 6495 3414 1755 787 303 827 4332 7894 9333 9648 503 1826 8198 3812 6254 5894 4952 2336 2601 4418 3828 1470 9752 3957 6401 3577 1207 284 5685 3525 1083 8885 1264 6707 7816 2066 5327 3814 6932 9556 7243 862 266 9034 9326 3257 2265 8549 9065 7987 1791 7842 6876 724 2069 2928 1907 4075 5039 9754 7885 2216 7807 2431 2948 2066 6186 6515 7213 3879 4052 8995 4815 
8857 5433 5266 9984 350 4583 8954 8673 5645 5469 5299 3600 1965 1846 3542 2088 2793 5845 9409 4346 2934 8662 4587 145 1894 3658 402 3 2098 1867 4891 4351 7712 8542 8 6580 5061 9766 5998 5412 9985 8279 9271 2970 7933 5488 9467 4793 3734 3125 1547 3738 5223 5605 6467 863 7066 5757 514 3426 574 3446 5797 600 2105 5782 8879 5053 9780 8818 2986 5268 8286 4131 5355 7763 5678 9093 2190 5806 719 5162 2650 1032 7490 8782 3181 8090 8963 6970 3102 6543 78 3164 9171 4178 9882 6754 862 6748 
7805 2046 6116 8210 7671 5943 2580 1184 5942 815 2617 2844 6975 7091 3034 23 1600 3770 5359 5650 2332 4931 979 9 2099 2179 3294 336 3426 5615 415 981 6187 5024 2395 1323 2490 6192 71 5992 6649 2940 6520 6753 5587 3651 6709 6178 3605 1187 990 9514 2657 265 7070 2151 866 1326 692 470 6079 9782 7533 1799 9615 8937 7413 5458 2728 8916 736 2535 591 9117 2882 9150 954 3683 4323 2599 4831 3868 1610 386 7329 9562 601 2042 8893 4526 7428 2205 8785 672 7734 6585 808 3435 2703 9233 
1057 8792 4980 3516 6929 4818 2206 1257 6830 195 3258 9859 2851 1659 4740 2683 8711 6690 4667 558 2550 3857 4438 7225 8486 499 4381 1071 3404 6215 6677 8430 7152 7313 5216 2833 8474 8676 91 607 5719 3790 9504 1786 9285 2265 3611 2139 6673 4033 9487 3895 5681 8724 4315 7602 7089 2984 8755 7111 8702 3841 1961 7968 6145 5216 8027 2740 7528 3244 9389 2381 2165 7008 4485 9679 7706 8794 671 1908 4433 9875 7492 8248 5938 8920 2609 727 2560 8135 8921 2488 857 5358 6911 3286 1864 112 4541 8885 
6651 6079 8361 5738 9150 8131 4976 3600 8262 6576 5367 3721 7809 7802 7579 3656 55 935 2005 9038 7000 7990 5138 6339 7207 6146 2961 2230 6979 8652 2178 6378 6402 1541 3629 6572 5332 9545 618 7034 4089 9807 8346 4974 7530 6841 8305 7123 5494 1730 8109 308 8346 1849 7808 7353 457 3526 7296 3334 1994 9525 3000 4731 7296 1994 3883 8380 9152 7654 8466 9906 6101 476 5918 6213 7316 3266 6805 9071 6720 9801 666 1446 8228 7317 3629 7851 3187 2864 3008 5607 8727 4253 2944 4554 5516 7801 5973 5333 
4494 6470 9948 8625 721 7456 929 7790 2609 5705 6086 199 3572 9106 2385 2054 3953 4266 1982 9192 7188 5032 2896 5587 7298 8625 6235 3860 2291 4892 2962 9599 9318 2994 6165 4103 9659 9747 6894 8424 4317 9852 8480 7967 9629 6138 8255 8726 904 783 1017 7366 5909 6680 888 3288 2389 7414 8554 427 7322 3156 7763 1893 9259 1720 5580 5704 1268 3499 4364 5730 1662 7025 7472 3234 5526 6725 9618 6892 6982 7698 2818 7893 1528 4645 9324 883 70 6219 573 2630 6669 158 2662 8653 7977 5212 300 6017 
7713 25 8632 5544 3031 3211 7696 7607 5459 8595 8901 7525 9184 3855 1304 4859 7289 4579 5612 4717 5458 4944 3817 1236 5517 3174 1219 6831 3647 8486 2891 9977 6881 9575 4202 2311 6112 4296 1352 7489 3809 541 5273 7498 8250 8085 6539 6802 8818 5667 82 9332 3660 6938 2222 8386 6048 184 7392 4821 6187 7534 4403 840 2952 2315 5296 8581 9658 9801 8480 825 6842 2860 2305 8732 8439 4121 6302 2328 2276 6905 6871 4076 986 8867 8689 1633 6540 7945 8245 1097 8164 1591 7826 8477 110 5060 4038 2668 
5293 2227 8449 8457 7230 3478 2755 9305 227 7276 788 9237 9650 2467 1765 9957 594 5561 3434 1163 2320 9043 9127 6362 9398 6743 8834 1652 4808 5602 2345 488 1844 1803 4002 4269 3518 1143 9402 4310 4953 6663 8966 7948 5498 9699 7670 1470 8634 3071 6413 9894 2840 8932 8677 1991 8696 1145 6174 7804 5275 4140 849 2562 59 7582 234 1121 8460 9269 5012 4565 9534 3060 5769 743 4506 1461 5667 4493 3109 5823 1376 2650 7933 8851 3893 8434 1960 4238 8216 2592 6877 8587 9415 3490 9001 8193 2420 121 
3647 2591 9468 131 1548 963 9361 785 3635 1680 2981 2976 5937 9121 6322 7530 8166 3866 9004 6216 9474 4947 2766 7521 5052 9368 9109 9993 9858 7325 7215 3034 4932 2006 7746 6 3930 5566 6201 4228 3494 3016 3307 4387 6968 9490 267 3214 6550 2213 2825 8692 4646 5323 4839 6875 5505 8220 5735 2862 9334 8456 9818 131 4176 8307 2170 6638 5634 4783 8560 4126 691 598 5864 693 5799 3504 224 2303 9866 6727 7347 5492 9634 5334 4493 8781 2650 7933 1531 2866 7334 9573 8434 7537 1960 2141 4238 8216 
3349 5417 9368 5728 9415 6561 3490 911 9001 4684 8193 2420 6988 337 4656 9468 131 8964 2881 465 785 3635 1318 1680 2981 7404 4978 4218 4354 8727 1805 3807 6833 1690 3021 7807 3704 2336 1289 2948 2601 8069 5522 1132 5216 9613 37 9237 3298 2331 1218 7506 4705 8485 2554 2246 6447 5730 3318 5922 5994 3817 2486 9837 8716 1125 3547 2644 9431 1683 7286 3280 69 9850 6039 3094 8409 6636 4655 4191 9032 6217 4961 8002 4673 2997 1820 405 8011 1216 5266 7835 9824 9987 4660 1725 4352 9894 8316 9280 
5836 7655 3333 7214 3359 4083 1180 2902 7697 5880 739 4023 3799 8854 4498 2253 3750 3152 9712 6416 907 1622 4767 6102 2985 9886 2457 5945 8943 1060 558 3546 7426 4826 2933 2231 5899 6587 926 5073 2457 3015 391 212 633 4834 5793 7847 5193 5507 1080 8383 6584 7876 778 8234 8428 5046 1918 1751 8937 7555 3733 1306 2989 6698 4801 3648 7108 5848 4397 4785 5958 1108 4294 5015 1170 2519 8685 8240 3859 7859 5746 704 1875 8718 8396 8323 9719 9834 4488 8030 8231 1065 5393 5241 6399 1074 5902 3332 
7651 1630 5099 1425 9511 8630 741 2023 7222 3129 8207 7615 376 6060 990 4944 9358 9320 9516 1927 2883 6850 8913 1325 1790 358 4271 4789 9780 9920 6192 2506 6252 8175 1220 2676 9100 4780 6169 9333 3404 7661 8857 6150 8473 5179 2269 2189 1539 2803 8101 3978 5948 3556 8526 607 9194 6396 9583 693 6429 6890 9036 3703 1098 712 8913 188 1074 1326 8960 5066 6297 6286 477 4332 9595 9387 6021 8348 1924 9400 3467 6782 9456 8344 2037 9444 3975 5752 4474 7332 6907 5720 6195 7932 2703 9810 2981 1499 
8491 8159 558 7081 3137 1582 1633 9436 2363 2037 405 2130 1533 7486 5469 4596 6633 3573 7733 9501 3414 9438 9168 7918 9535 9389 8069 4250 5894 1718 9777 3946 1282 4886 6793 7230 9839 3192 9998 4303 4992 3115 5362 9484 6999 9843 842 8192 5490 3865 9572 5255 861 3855 8826 2689 7027 8231 9217 2537 5693 9673 4349 3979 6770 9253 9244 823 6179 9077 7713 7443 8934 31 7219 1103 3736 2129 6461 5970 7381 9210 8954 2539 414 6489 5576 41 8982 3984 1045 1313 936 3397 9297 8547 9778 3832 5622 3055 
5725 7391 6122 7728 3799 7742 1661 321 397 3266 8802 8172 3060 9399 9853 1727 6303 6246 6810 4310 6358 7191 8591 6616 8369 182 6863 1075 4684 1459 990 5029 8088 6991 7569 8250 5352 8659 9230 5180 1534 5545 8363 4664 1534 5152 6214 9518 9134 2433 5209 9327 2164 2455 5813 5373 8641 5178 676 4209 2210 324 1120 8807 4051 6839 748 7069 8552 6321 7802 6181 8183 5381 3104 5979 6537 2186 5630 8506 5085 6754 3064 4298 5220 1401 5880 6293 1096 3071 1416 5351 4583 4572 921 6719 6598 2514 8831 3924 
1211 6330 9022 6074 2789 8280 3720 1789 8377 6657 9497 6423 1471 6112 6848 6988 1760 1518 2535 7536 3189 2669 3515 7425 7615 2703 68 1606 9806 1780 2030 9455 2788 8705 1892 8968 1123 1468 1001 7675 2638 9726 4131 5865 7698 1699 7920 2650 974 5016 7273 3694 7326 5471 9272 8517 8703 1668 3179 4153 7551 2346 287 3257 5542 1207 284 147 1083 8885 1087 5148 8125 4456 5327 4959 1475 1551 6185 1075 2162 3044 5692 5637 7915 7684 9692 8725 7993 4135 295 5136 7610 8369 2456 9512 9784 6750 1645 7843 
4993 5920 3429 921 6478 6562 4071 2578 6312 7594 4514 4620 754 3937 2857 5589 3228 5004 5696 4577 8895 3984 937 5533 9547 8319 147 6066 4912 8851 9412 4301 981 8171 2702 3541 3111 5202 8316 9665 7250 1187 4242 8030 6536 9576 3930 3434 4077 8347 9281 2648 262 7100 7011 6154 9266 4025 820 7171 4422 1413 8700 4950 1589 8873 9149 8659 2958 7006 2165 6007 8853 5618 9531 5864 1772 6596 7390 621 838 4562 2962 4361 8985 5774 5905 1544 5071 7207 9485 3944 6088 8634 2604 5398 5962 6278 2842 9407 
4975 6035 5940 1749 895 8123 3617 6956 1873 244 5848 9038 3653 6740 647 7019 5566 9676 4784 6845 1762 4825 8195 7728 6761 2632 587 4021 2223 1484 1391 3939 3039 1393 4694 9026 994 7516 6616 6752 2388 505 3516 9847 966 8710 543 9555 9108 2802 8155 3013 4735 4207 4389 7203 1334 8186 8782 5079 9382 4538 3967 5240 899 7754 6194 238 9849 8200 8081 560 3221 9003 6254 8241 4436 1371 8612 2220 9058 2070 3610 4788 9924 5155 510 5658 4659 5716 9122 1236 9999 15 3312 2374 1277 4751 9162 4873 
3815 7230 7711 4990 6927 1333 4326 2955 5528 3474 5442 7661 3955 3103 3513 6873 3240 4156 2383 4574 420 3511 8374 5691 6958 7939 9621 3005 8706 3852 8743 2447 7535 3229 9842 3674 766 4966 7755 826 9521 8049 2632 3381 9665 8010 1496 40 3604 7417 6817 338 8786 3752 5404 9766 797 3888 4599 6015 2331 526 7561 4758 6656 4935 2321 898 5118 976 2821 8869 6622 9015 6462 6632 2340 4814 3555 5647 3368 5641 2038 1641 6348 5146 8376 7323 6323 7585 2823 2663 3594 9384 3142 4121 383 3248 3219 2957 
3118 6401 1076 2846 1856 928 5505 4614 8209 8525 8498 7730 6784 4441 4591 2709 3613 9491 4382 6268 9365 1620 4408 8828 3324 1869 6491 2830 8983 7329 9284 4442 2510 7867 7060 118 9304 5889 8485 6158 3117 8160 9357 6932 4680 713 2090 9846 9204 3503 3097 6821 819 3433 1272 9426 5973 7779 7942 3219 7284 6426 9461 7363 514 1396 4615 9501 2775 4687 3556 1905 5265 4000 8623 4834 1133 756 5707 7410 7621 6036 8379 8604 6247 8657 2350 2385 4488 5265 4474 2713 6092 1869 7609 6925 3948 8772 937 7817 
9046 5969 5997 1120 8678 8807 7328 4051 5970 8573 376 6321 7802 2785 9412 239 6537 2186 9932 5377 6378 5575 2702 6856 5148 1401 1640 6293 739 4023 2878 2731 6845 5351 4583 1493 6332 7636 2549 6719 7631 4154 9570 5250 8993 1211 3390 6074 1514 6728 4038 2216 9748 8791 4354 8651 9827 8264 3411 3010 2093 3947 6163 3109 589 5101 4049 4137 8627 7076 8962 2849 826 2118 5574 3438 381 7985 9886 8253 9306 7810 301 5461 1873 6612 1315 8416 2374 2781 8875 8762 1703 7771 3565 2462 317 822 7110 6401 
3485 6576 1616 9613 9911 1325 8414 7608 8613 0 5388 5904 6022 8728 5585 9630 6667 5022 1685 8548 3513 2230 7251 6253 997 9030 7431 5620 5663 2104 4278 8934 4876 3962 7929 2121 7475 5200 8520 8451 7514 6859 4800 1732 3477 676 9277 1436 8327 2150 1715 5477 7977 7025 3876 6078 102 8007 8366 9887 5940 2067 1112 4812 6751 8092 2396 6400 9839 3675 7745 1083 4218 2542 9033 5724 8723 6569 4898 3748 7562 563 1456 8765 6469 3107 4661 7579 3049 6357 5623 5744 3599 3875 9864 8039 7975 3732 9055 7016 
2605 6423 10 6932 7855 6926 1317 9086 8802 5546 2188 390 9014 2061 1042 8274 1335 1783 7041 800 8187 5467 2438 5181 689 1362 7454 9671 1463 588 9723 5367 1989 2971 1591 5324 5638 3280 6160 6509 9982 4957 5520 187 4975 6640 4067 2424 606 7253 6823 5682 743 758 8198 4118 5434 1766 6141 3857 389 7758 7624 7747 9248 1014 5805 9626 5961 7038 1581 5148 6360 9831 3600 4247 2888 6423 2384 8200 8258 2214 544 9089 8566 6085 8354 3472 8713 9797 1057 9882 4800 7234 9042 7396 5723 9634 3734 2596 
6699 6470 9051 6242 9012 15 4856 5631 5178 4355 4558 4212 6080 9282 7091 404 2257 3290 3544 9978 564 8300 8697 7757 7121 3543 3947 6476 4838 5375 2725 5803 1407 264 7495 1242 5199 4389 6581 7987 7846 3709 2909 9058 8964 281 1405 4723 6576 8869 3898 7883 3755 7960 4673 840 1899 1150 2227 6443 7226 3327 2299 1144 5317 7325 9614 1812 3829 2508 3012 799 6313 5927 403 7116 5630 3194 7124 4240 9632 2156 2656 810 3414 8230 1893 5591 4726 9961 7192 5802 2102 6418 4212 1345 5866 4149 2020 506 
4383 2533 4708 7655 2823 7388 5118 1441 3267 9450 3573 3090 9072 9932 4362 9875 1317 2846 5789 1212 9558 7265 5469 2000 5731 9518 7617 6289 4764 3100 7481 3258 2936 5115 8330 6001 1013 7977 1264 2882 3316 2142 9791 8436 5128 1206 5291 884 552 4163 2059 465 6204 3776 7295 5764 5555 4602 3089 1682 3896 9328 7438 9518 9383 461 8337 9634 3408 4855 8469 151 1764 5198 4527 6707 4745 6226 1706 8018 5142 9608 4269 7183 9761 6612 1346 5788 6774 2284 7486 4498 2965 597 836 3660 7155 376 5856 1671 