9698 4164 6589 7737 2124 1877 5003 645 2532 9104 4309 3846 9503 3132 3521 4487 5625 8669 5935 8680 9145 2714 7932 7171 7319 5015 2949 7272 6357 2130 297 331 3315 7269 2483 3609 6378 1382 4473 861 3000 5223 2231 4198 415 7189 9974 59 28 7343 2373 4186 8274 6473 8297 3579 5651 7412 1177 8526 2474 8243 6540 2078 2826 9273 8439 9986 6526 1205 8012 6238 9700 5938 7746 2940 1053 7639 8619 2119 6798 8383 1888 601 8284 2822 8981 2585 4301 3213 8682 4357 6535 9685 2534 7360 8675 3623 6626 4833 
5395 1893 3505 8070 9347 4731 507 9080 2552 7300 519 6802 4881 8861 7790 6112 8700 1939 1364 6225 7980 3013 5717 5439 7502 698 1473 944 5579 9102 270 7340 5503 8852 5475 585 3363 1566 377 4405 2264 2230 7036 3901 9356 5011 9410 5217 790 1686 5074 914 2283 7954 4959 4566 9032 5737 7471 1627 2809 3836 6436 5557 495 5802 6720 6504 9978 774 7021 9786 8338 3157 2201 4420 4996 1831 1015 6970 373 8215 2284 2101 9068 5345 5068 8098 6841 4953 1793 2962 9788 6501 6957 8508 5488 253 952 3501 
9808 3644 1870 2602 3365 6017 1959 3786 9946 4846 304 8361 5940 9497 7890 7985 7985 8684 7466 586 7057 6699 6160 6040 9204 4843 9076 7985 775 9915 8684 763 8967 6355 3483 8678 8359 3705 2049 7258 3644 8682 1909 7590 1870 2602 7050 9252 303 9427 5010 9946 9915 2257 4261 4876 9030 7384 1009 7362 7340 326 4865 2483 6002 4131 8417 9480 1759 9320 916 5244 9488 4095 9162 5273 2119 8848 9276 199 4823 8528 1056 1096 3198 2870 7908 7580 4637 7753 6149 5358 9787 9430 3380 3698 2171 1327 763 6121 
3616 5738 227 9658 7117 3885 645 6692 5140 3846 3132 6752 5625 1214 8680 1841 6204 5394 9461 4321 4249 9845 1097 7281 2203 8504 7323 6621 2269 1686 2560 5294 8626 348 2309 4437 195 8217 170 3984 4870 664 7445 332 7056 8587 8309 9906 5456 3790 7095 9586 974 9052 6245 573 6413 1962 2989 335 8223 4717 1240 1401 7036 4353 6303 4871 2249 1963 7564 1849 6490 483 1663 4156 9460 7744 7078 6178 3557 4955 8089 6389 4172 5075 2608 1702 9422 2360 4345 9654 6400 4733 9477 4054 2222 971 3080 3493 
9207 6579 5424 2202 5540 600 8086 3729 6661 5676 3038 7453 6469 8506 5333 8568 6560 2316 8450 9319 5629 3852 9818 6510 7761 2791 2872 540 7354 7487 1220 9690 2316 1030 7572 3061 8122 3288 1099 1971 9396 8744 9042 6929 8557 6662 6640 9723 3533 7058 7472 8587 7456 5418 667 7096 2869 9140 9772 5047 4404 7611 441 9912 3089 3790 5563 8112 5993 251 9741 7970 4632 2814 1212 19 3263 7113 149 4111 5852 8026 6914 1599 3970 5831 3119 5327 4807 5318 6829 5279 4021 4519 5096 1548 6613 9701 9745 7174 
3158 5592 3197 6673 6758 7381 8993 2691 3453 2206 5079 7692 4792 3694 2890 9941 6973 6786 3349 6757 2196 536 3993 2396 1313 1921 8226 3103 2438 9545 7513 9989 7102 4767 141 2432 2197 4617 753 8343 1317 4254 5305 82 1242 4194 451 7900 5189 923 3088 4869 3786 7614 9354 186 5789 8692 1428 9596 2886 545 3451 2965 9130 5328 1196 7223 9183 1831 8201 9650 5684 3034 2124 6632 5816 6594 8735 7201 755 5988 3813 5873 5937 9750 2068 2971 4588 9090 1542 2199 2417 2583 9210 3274 4862 568 3698 2680 
7775 7466 8967 586 1816 41 998 2818 7367 1334 5620 9574 1864 2147 9741 4142 9195 4724 4754 4290 4688 653 9559 4321 9328 2847 409 9363 5373 2835 9353 6536 815 4530 7826 5534 2709 826 5311 8304 5807 3339 6494 9796 2979 9010 265 6816 3654 6378 2386 895 4239 8468 4208 7532 3706 5060 2142 4147 517 3343 1304 853 6066 7160 9897 3662 1418 5629 4726 8656 5450 3456 1118 4781 6466 9728 1259 5736 730 4275 4957 2116 8207 5402 8503 7279 6869 8696 2981 5879 3164 6657 1855 8011 4147 1643 5253 6918 
4911 5331 5551 5530 5499 786 7116 9575 672 5582 2462 8752 9856 319 3676 2530 5882 9907 9763 3650 629 3669 3821 1371 6016 5096 6193 8607 4894 844 1701 9215 6640 9202 2875 571 2227 9365 5030 9976 9481 9375 2185 7548 7569 9898 4691 1900 6853 2553 2817 8473 1006 3648 9369 5782 7873 6726 7134 4118 8170 2812 511 6104 2220 4032 1292 7385 6550 8854 3876 5895 163 43 1346 2803 9876 4021 3826 6737 20 2965 6205 6464 6877 5117 7364 6940 6758 5849 1359 4446 7669 9302 3388 1833 4913 8002 3454 3386 
4160 1605 1991 7777 2564 2684 3803 4895 5995 8102 6513 6057 5420 9490 2135 4813 6635 8659 3443 337 6850 9421 4013 9265 1383 4749 5578 3010 7813 4609 5986 2604 2735 1992 9162 7881 3133 7384 8076 6012 4465 12 9276 7026 6509 9435 2055 5709 3688 1615 2357 5347 2021 252 2042 7465 80 4744 9258 8638 8534 80 3221 6315 7464 3567 5700 8955 7235 1545 9525 3577 1656 5773 9704 1634 3097 1629 2690 7384 2905 8848 2580 7985 9915 586 8678 8359 2049 7258 2020 8682 5860 8056 7590 4617 2602 7050 3365 6017 
303 1959 3786 8105 5694 9869 775 763 7466 586 7057 6699 6160 6040 9204 3644 5860 8056 4617 775 9915 8684 7466 586 8359 3705 9076 1909 7590 2602 7050 9252 303 4145 6194 4843 304 9915 8156 3212 6571 3201 7996 8428 7088 9841 6181 9565 3157 2679 3531 7341 264 6863 3271 8660 1524 3796 7302 4452 1092 376 2475 4501 2479 5399 8462 412 4009 6339 3080 7402 3206 1210 340 360 3368 616 5904 4099 9866 5943 9091 5764 7205 1529 8934 3154 5552 2661 8425 2209 1006 8482 6250 181 587 5405 4839 3148 
4467 4070 672 7408 7341 171 6421 2712 754 3167 3218 3589 2984 9694 6217 2663 98 3727 3570 6878 9252 3914 8602 2429 4287 9256 3927 7155 5439 0 7941 2765 1445 6070 3809 6167 9627 690 5929 5390 2405 5345 5995 9896 2929 9069 6685 49 7719 8903 6187 5961 6654 6284 6237 5494 8701 5795 8122 1242 5767 6098 1247 9370 9599 8872 8554 6256 6813 1460 885 2825 9543 8427 6965 9833 8482 3577 6737 60 7620 5503 5819 8959 9200 1015 6277 790 2149 1072 1218 2364 9922 6146 4288 1382 3465 9008 5974 8077 
8495 3784 1654 1584 3844 7087 9467 6046 8675 5810 9759 824 3234 3189 3157 3476 891 6859 1817 8194 3617 3028 1623 4613 2174 7250 8052 1641 1399 4099 6564 8822 6323 6303 8409 3653 7918 3481 9673 8809 340 6968 626 2560 2508 5160 7106 2477 8188 5436 4100 9153 3962 7702 7206 9102 6783 8341 3086 8551 8930 6469 1827 8604 1631 8520 1924 2257 4539 3261 1958 7362 1111 290 5064 8317 2245 2326 6184 5462 878 8548 9224 3831 5081 1052 6712 9572 711 5321 7004 1496 9091 7895 1109 1049 4223 8512 4513 9888 
3182 6758 5508 324 2943 970 7680 173 9397 6054 5020 6801 4841 1904 3406 9730 9752 2497 3977 862 9898 2713 5573 1592 5824 2332 3453 6148 1627 775 180 1800 6471 1197 9052 7844 7999 3893 724 2150 9334 6806 1831 7136 2764 5336 8450 6492 4402 375 6578 2707 7889 9078 686 8665 9258 1663 3684 9925 8035 5854 3111 5188 8270 3372 5406 4130 1453 7094 8932 7945 5660 4719 271 5406 5288 9114 6952 1196 7928 4020 7473 1333 3327 797 2049 4592 2645 6045 901 7930 8750 9528 4661 2996 9385 4637 8499 4312 
7941 6047 8592 1961 3521 908 9646 3200 443 3088 2606 9012 6895 4148 9534 5401 9250 9476 8126 8779 4137 8164 557 2111 1221 6404 9063 9813 8936 4364 2136 4807 6557 1200 3766 8095 6979 1256 8732 7846 7084 6625 1221 685 1141 4157 9572 270 8508 8942 6996 7055 8255 2264 1827 2703 3986 1299 3891 2326 2123 4138 7421 85 1544 6993 1954 8166 1853 897 8850 7952 5213 4208 6656 1494 3905 373 5794 3643 3851 9480 7757 3586 134 9826 6262 1692 1770 9371 5553 5374 101 9057 2306 5456 530 201 7992 6858 
9012 1935 9318 6677 2 8609 4453 4431 7845 3500 2892 1578 6277 1549 7149 7923 2634 4941 2385 410 8871 3259 7416 9389 5692 3804 73 792 7406 1881 4746 2689 6315 6197 5248 3835 2170 7001 7864 9381 912 1228 5954 1114 802 306 6027 9005 5117 2180 7223 4821 5237 344 3487 4176 2962 757 7136 929 3633 982 5115 5473 3357 1924 5430 7832 4964 9071 8064 8073 4186 5440 4952 4934 5337 8598 301 3670 526 5977 5221 3517 5642 7956 2582 183 9020 3829 9016 7396 7740 3508 9615 5285 3552 4926 3832 7983 
2766 7197 2580 4493 4802 3109 625 5823 8781 1376 2650 1254 7933 1531 8851 2866 7334 3893 8781 7879 2549 5863 679 2500 147 4959 6185 1075 854 8858 472 9373 9683 3266 6344 3999 9363 4577 6055 1733 2765 9048 3015 820 8734 3184 4299 773 2903 839 4330 6652 4714 4432 3317 5774 5858 6452 5390 6486 2661 5885 785 6463 7273 7147 1071 8816 7657 6775 9004 78 9410 8465 7749 5219 4535 158 7172 1981 8328 762 3800 7558 6028 5353 6340 2686 600 8933 2892 8782 1220 6276 7038 6889 6968 6550 5438 9701 
480 5406 6274 2872 529 8930 602 5002 9915 8320 6630 8976 7634 6403 9275 941 9416 5087 9598 4274 512 7704 8290 1051 6124 4312 8170 1128 5356 3060 7380 7409 6916 850 2663 3825 4757 9902 3078 4359 9582 6319 6859 6957 8995 3566 641 3543 2402 7344 8073 8531 6954 9905 2241 8555 9191 8797 970 2178 8850 4262 242 9486 8034 1446 353 3270 2067 758 6568 5960 6240 9268 8401 2773 8012 8611 2398 8790 2136 9702 5501 7865 2255 8502 4463 2204 4796 8653 4940 7126 4624 9887 9083 5289 5427 9320 4883 9889 
8909 4599 6982 6144 5189 1391 1357 143 56 8268 6315 8399 8907 1820 591 3649 9535 779 5943 1819 4150 1056 513 7464 2284 3490 5983 4043 4994 1187 6121 5678 1619 5087 9613 3541 1234 6095 4333 5191 8242 9762 253 8098 7821 5295 9009 7326 6593 9868 4291 9557 3351 8650 7517 933 4923 4686 2313 1205 4627 1212 5034 8330 1987 1681 6478 8050 772 8332 1450 3750 6822 4068 8021 1860 3461 3884 5771 6946 4002 9114 4986 4861 5226 4760 2361 3996 885 6427 596 7201 675 7241 8343 6634 2211 1385 5229 5495 
6677 7464 9230 1057 4276 7595 4678 636 7687 7329 9788 8858 4375 4225 8237 7341 3574 310 1288 6750 8479 1465 6750 6216 3174 2378 9370 3935 8443 9362 8127 6905 79 3049 1167 5904 1554 3677 2001 4075 8796 5975 7341 9876 3085 6929 638 7074 3723 5263 1768 1304 6075 9504 6433 6312 7780 5166 4719 6309 5692 3575 2698 1337 877 8090 4402 7331 5880 2189 8450 7629 2687 2774 5472 8363 6349 4940 9183 5194 1823 5746 4547 3136 8725 1533 3133 8054 8136 4382 6400 9771 5761 2824 3495 1735 5809 5134 2023 7318 
8403 9752 5551 3085 7920 575 653 9042 2571 7714 5792 7860 3964 9662 3607 3614 56 2612 3310 9080 2827 541 6333 7597 861 9440 335 8507 145 5147 9051 9376 1406 8771 4037 1634 8353 5224 6768 4768 9986 4026 1245 3968 8139 2986 9593 4714 7879 8914 6915 3248 8519 4452 6745 3411 7885 5610 871 3757 7802 3103 6297 1618 6961 3465 1212 8531 7790 6897 2263 6975 5345 3316 5653 4534 8119 7350 5447 8040 5604 2302 9283 5580 7551 1018 1904 2683 4984 6796 2007 5696 6977 513 7193 4361 919 6749 6581 1676 
9340 4374 3937 5730 5893 9928 3380 3304 4373 7651 1728 6720 3983 9103 1213 8428 8839 9199 2509 2754 803 700 429 7425 5802 2147 8141 6290 2029 5199 1837 6997 8910 9514 7790 325 2331 4498 7636 2253 3805 5642 3152 6102 8433 9344 6413 9487 8816 2735 8990 4847 9104 7596 677 7652 2539 2387 414 6489 3176 2930 5873 8982 9342 5576 8655 5265 5210 3924 1128 612 8606 3206 1797 2348 1003 5536 746 1023 8431 7728 7119 575 3983 8133 7556 8668 9701 6393 1064 1123 3286 6673 7565 9160 7939 8473 6817 3358 
1384 4729 444 1871 2694 4693 4906 7268 6436 7199 8934 5016 4076 6335 1996 3224 219 9045 4532 968 5186 9009 2370 1289 2601 9472 2346 4348 6795 2866 8510 1960 2141 4238 8216 6316 7565 3149 5072 9147 7191 3209 7491 4025 3271 7552 9720 8417 1371 4238 8462 4704 7161 4712 1680 6472 7366 618 9412 7826 9028 3365 7238 4848 5273 9564 4928 5675 8720 2901 1076 7684 4525 7413 9633 1987 2750 9895 764 4058 9949 4593 9358 8961 5101 852 5711 8441 4349 9302 8508 2573 618 9412 5232 7853 7260 2308 4205 7238 
7829 3832 514 2218 5363 2703 7259 1478 8822 2356 7641 2163 6654 9590 3739 2539 5541 2066 6055 1733 2765 9048 655 746 4511 3342 3720 9189 3184 8817 6609 4299 6609 9624 5045 8445 432 3914 4169 9715 8225 7570 8648 2797 3299 4703 7092 2232 6672 9288 7364 9288 8832 7073 5143 6511 9019 3164 9801 6719 9021 272 9037 2768 4149 842 9219 4306 2485 5037 3772 6135 48 415 2176 1675 4803 5089 1123 6103 5290 1800 6828 7507 3510 3116 7974 3659 4031 5534 2383 8126 2993 8269 2139 1472 9196 9701 7522 2090 
7997 312 1423 2821 35 9633 5536 1348 191 4450 8616 3465 8158 8194 6986 8335 7190 9078 8552 4965 9600 8670 88 1397 8294 9816 1244 4654 5790 1267 7884 8609 438 9847 5390 6486 9645 4359 4365 3211 5337 8868 3024 5095 1087 2352 6040 5712 6945 5953 5956 9001 1622 3069 1077 6450 2328 3365 2661 467 4942 7314 4743 7215 4922 3960 8265 6585 3091 4991 1389 8565 2768 6095 4871 7564 2428 5520 1807 8423 3142 3248 449 5993 1490 3029 2975 6130 258 731 328 9657 1719 7045 4367 6692 1865 3304 9455 7544 
5344 5356 5145 3060 7380 4883 3842 67 850 7768 3208 2663 9691 3825 4757 4433 9902 6907 1044 6532 9800 7003 7653 2428 8628 8074 2062 712 7719 8727 6911 2639 9212 917 7954 8519 7427 1698 5019 2194 1923 4697 1527 5110 1788 1390 2171 5227 6693 2940 856 4228 5602 612 3280 9528 9683 3823 4295 626 945 7355 8277 5654 7083 1737 647 8398 6437 3449 2367 9272 8033 2616 4501 5794 5219 4290 401 2927 4285 9690 6567 3320 8025 5421 3595 3295 6797 5021 5621 962 8595 4549 9288 410 4961 8832 7624 1908 
7698 760 2583 236 5045 891 4179 620 3055 6057 6545 52 3556 8243 350 9047 9312 2263 6286 8431 4747 4489 3998 4904 9558 4337 2921 1495 5722 3856 326 6975 7503 5899 6668 8694 1240 8817 9451 2776 2050 2906 8993 7901 8892 2729 5732 1632 713 3624 7223 5952 5081 7131 1365 7909 1166 6463 2920 8934 7951 27 2175 257 4953 5856 2501 52 5758 5201 8632 6030 2103 5828 7828 46 8003 7749 1179 1612 100 9257 5406 8441 5531 6909 2535 1688 1788 7678 1132 5216 9079 37 9237 2331 2725 4733 7506 1486 
8485 3099 622 7923 6377 548 1889 1853 2166 3851 2109 5647 8553 4233 3944 2530 1129 5139 9510 1457 2520 1067 4569 5743 8195 6524 1641 3215 4243 9488 7003 9428 4472 3116 5211 8031 7419 6318 8652 4694 571 4147 4994 4897 5407 830 9067 1634 3022 5095 6416 4448 6495 8069 6087 1081 1712 7043 7873 208 7945 2624 1726 3630 2040 9820 3528 8212 4469 1375 5502 8126 4306 4772 7223 8473 1038 742 288 8481 6670 9500 1403 6302 2712 8838 2476 7380 6673 53 7607 1187 6881 1112 4856 2988 9172 5265 9324 7777 
8234 1781 4769 1279 2221 248 3658 6851 7085 2380 7851 949 7034 2859 7371 7130 7224 8676 7472 8207 1492 7444 3426 7800 1095 8467 2729 1805 9440 8419 2643 3973 4109 1317 2191 1580 3479 2238 9230 3028 4047 3909 8916 3414 5668 9647 2311 5569 2008 8348 3752 5713 4065 3140 4021 4703 3342 358 4789 7212 9920 6222 2506 1099 2191 3251 8010 1281 2566 1317 1601 9484 2590 4140 1727 9496 4389 8234 6953 2795 5692 7054 2045 5001 7888 6952 5124 925 5819 6367 4402 1366 7156 7490 3891 8512 2300 5785 2810 7507 
3501 8050 7819 6130 6451 6123 1978 5869 2673 9140 7367 7931 8878 4586 4538 8485 9553 7892 46 773 9652 1887 6581 3899 3631 4710 8124 714 3123 1363 8591 6530 1107 4962 7546 1037 8636 9140 9869 6666 8139 823 9521 670 8914 2396 941 6058 2115 2049 3411 7885 5610 5476 3757 6081 3103 7682 5045 1890 7677 4422 4185 1359 5025 5795 9272 4758 3413 3129 1528 5661 4109 2669 123 9636 5085 8257 4179 5542 1742 4223 3698 7838 3001 4110 8219 4119 1717 7730 3351 1151 6576 2952 1765 6442 1504 9904 1002 9563 
3610 7090 5493 4269 4752 1926 8865 3204 439 4593 4611 6961 6592 9712 3201 1191 7939 84 8978 8954 8657 1689 2679 8277 8361 4444 411 7443 6189 4230 8932 4958 7118 2524 5906 4330 5095 8890 6423 4265 7949 3478 1038 6616 6994 1576 4488 1001 9891 183 358 3349 897 7652 7149 3127 118 4413 1369 2668 2215 6213 8013 9617 2988 1346 7239 1718 5741 1376 6204 5092 3189 3586 4222 2641 8473 75 937 9120 6843 2965 7045 3752 5713 6307 4021 6639 4987 2894 1280 9729 8160 9778 888 648 5657 2556 6548 6102 
1808 9166 5033 5728 812 5469 8626 8393 3433 6338 5477 9159 4647 3936 1614 5529 1405 6798 3707 1028 7858 1587 7607 6082 418 2445 7142 5322 8000 738 9523 1646 3408 2295 8872 3366 3745 3223 2648 2092 6014 8955 267 3005 6447 3471 5639 2708 2134 4295 4828 3408 891 5971 9443 5649 937 731 8990 3059 365 5972 4965 6126 3114 5576 5271 4366 9285 1217 5504 6555 9803 5379 2064 9893 6184 3270 216 275 2837 5205 9433 7686 9796 8706 5104 6600 5077 6634 8479 9031 7786 2674 7778 5800 3479 2732 4789 5171 
8966 1663 6643 9023 6656 9609 1338 6706 9247 201 6823 8938 9112 694 9819 960 9099 7172 4479 4147 4810 5193 7301 7519 7940 5112 7894 905 2227 2117 4328 5041 5089 4370 6414 743 7508 9821 3480 8663 6291 465 3281 9359 5391 2996 6391 8915 5076 8921 9387 4942 2160 8223 428 9210 5812 5095 2190 1534 9278 9146 3508 7847 1690 5737 5653 4534 7350 8549 4511 668 9321 73 792 4393 5383 3617 7743 5848 3653 647 9889 5446 7019 5566 9676 4187 8247 4352 6378 3548 1500 1176 1152 6444 6796 9806 6267 454 
7946 677 131 8178 8971 8072 5094 3501 6120 706 852 4391 6656 9149 7478 4023 5444 4515 5670 6858 7054 9728 9480 909 5424 8674 7168 5237 7431 8267 7197 6861 2165 8824 6504 2270 9131 6999 7682 4564 5119 861 8033 8532 4575 8609 2856 5656 4494 1394 9325 7883 7851 5305 1839 8063 2404 3799 4131 3406 3170 8285 7724 7713 2412 4860 2907 6608 9411 9175 194 3708 1978 8277 4266 1938 8076 8650 1460 5712 2747 8544 8596 4186 6227 5569 3004 5239 3783 4808 6911 3283 2913 3736 167 5818 7277 9226 1996 82 
9358 6254 980 4436 6560 8612 9641 8851 2070 3610 7255 4788 4338 1700 1059 3038 6764 6597 7244 2215 3517 9624 9510 4827 9023 5281 5971 1126 9584 4753 1905 1774 6206 7441 3465 8641 6325 4770 7213 1270 4479 7772 4255 7193 5080 4010 84 8285 2757 5285 5380 5964 1442 4753 6755 287 6356 1854 1109 5737 7681 1363 3911 2671 7151 5739 3838 6413 418 7697 9845 9119 3914 541 5278 1063 9567 7147 6125 1227 6007 6472 720 6007 4693 7310 3383 7554 1493 1379 6905 9502 5576 8370 4718 2563 6437 9621 3920 1369 
604 4831 3642 8775 1825 1320 3753 8952 6430 548 3057 5719 5090 6792 7070 7244 4105 8024 6781 2121 7714 538 9767 9564 6129 14 8069 471 4494 1291 337 2515 2367 7538 8084 5801 6562 6931 4266 2545 6024 3413 8990 1930 9725 3204 5902 947 8331 2007 6280 3858 6782 2238 3855 7342 5823 7214 5130 8758 3451 9524 6064 5381 8955 2478 5910 7607 5304 9568 1239 4151 2246 3022 6696 6985 2733 4313 123 5197 6434 3614 3675 7760 9428 355 1576 2473 4008 6636 938 8661 3391 2658 9577 9145 7787 4009 2542 7073 
9058 9264 9973 5432 285 5288 3831 8885 6426 3487 9833 8964 8730 805 7791 5332 9768 2693 163 7408 8090 7982 1970 7690 1279 1625 3661 4198 7370 4304 3177 892 3962 2649 2333 7408 5442 7054 2025 1604 6544 8366 2839 846 8431 7127 1614 529 1480 4968 2302 2757 4494 2969 93 7221 8560 2815 2433 8300 7494 9080 5378 2938 8157 8522 2730 8523 2713 7091 5789 8948 7800 1777 4312 7366 9658 9260 5993 7576 3329 8663 3283 7358 9489 1247 1450 9901 964 2946 3283 1777 8811 8446 1992 7946 8112 7099 3897 4435 
8184 6146 4251 2797 8659 1956 5770 5291 5607 5080 9797 3851 9480 7757 1670 5781 5762 134 6904 6262 1692 1702 9542 5374 5456 516 2112 6688 6207 783 8428 4611 8665 5214 4249 8810 9926 6491 2145 1846 4299 9198 9399 9490 7420 3955 9537 9737 2136 9026 9677 377 1671 2422 7296 7051 7052 4295 9331 9728 229 6348 8512 5250 8794 9944 9973 5646 5180 1924 8016 9345 2348 7216 2612 9205 9506 3841 5586 2355 7675 948 8506 6785 5499 8023 9988 5074 8109 1546 850 7195 8332 713 6213 8367 2965 8534 6411 2220 
1023 9595 1383 6503 8585 5417 1027 7864 6116 7883 7365 2126 9533 3194 8349 3461 8889 9980 6151 6248 3599 8332 9994 8343 1557 6668 4757 4110 4816 464 151 5302 7146 8536 6787 1768 8891 3543 6303 2662 7394 4695 4641 1529 9318 2546 9360 6607 1438 2969 7126 6207 1300 415 2545 6877 3971 8836 6626 1718 6226 6194 5488 508 3662 5029 6459 3660 8262 4839 4402 3758 2744 962 6799 6866 2453 8754 7214 7000 2540 5262 8979 114 3495 4390 5364 5897 2805 1163 4732 4167 3863 6477 9334 7744 3192 2352 5315 1395 
2977 4339 5003 6374 3546 7425 5194 5170 7146 7483 5186 6156 5462 7756 2989 2177 5681 3679 9632 4566 2287 934 4092 4634 9527 5112 2066 8631 6245 5483 6910 5033 7606 6687 9536 5880 6743 6310 7615 2608 2691 4750 3167 8041 9885 4632 1892 2349 898 5807 785 4883 7438 3193 5589 3366 6399 4367 9847 8214 2594 6937 599 5517 1713 2090 8344 6787 6214 5716 4779 7872 4076 396 4634 3303 699 6591 8788 1024 9052 7426 4487 4826 4927 1711 5899 3638 6587 7875 926 9890 7977 8016 4569 3015 6805 391 3520 1570 
8477 9756 1371 1875 5954 3538 7161 2131 4712 6920 6472 3771 2398 344 6375 1272 3048 6586 3056 797 7269 7392 4035 9627 7997 1596 9229 5262 9755 7764 786 9846 8056 5135 4762 4131 2082 591 4860 2907 8945 9667 3904 1816 7395 9384 2065 2580 5223 1282 3046 9679 5244 4435 5895 1118 1241 6348 8360 6426 5641 1050 2739 8212 3831 7036 8207 538 4956 3593 4193 325 1870 691 1832 1973 1440 364 268 5962 7220 6287 9338 3842 3296 4493 6698 7425 1637 3855 4516 7433 8508 3483 1488 7709 1955 2676 842 9068 
5295 9234 1321 8896 9583 2742 573 9622 471 6083 1587 4557 7047 2387 2326 4828 5047 2782 8731 9442 7414 2771 4820 6659 6155 6628 727 5683 8031 1118 7746 2008 3052 7386 8889 1813 6391 6323 17 9931 9799 598 7887 6194 7678 2602 4962 3492 1874 5157 917 5645 3532 7870 6131 2287 7203 871 4843 5813 1696 3838 7195 7079 2758 3210 4163 4766 6931 4061 9453 3041 929 8124 9178 1555 1916 4765 5280 4129 8681 8818 1331 8927 5994 3143 9679 8473 3964 9256 1060 7956 9686 6666 6898 4302 7706 4883 7683 1145 
1883 1677 4323 31 4787 7527 6419 9110 5310 721 5618 6202 9474 7598 4017 702 6566 8229 3217 7006 9203 9557 9916 5734 8891 8670 7206 7150 5337 955 2427 1357 3230 5806 1506 5416 9771 9479 9993 8265 5229 7433 3912 224 4248 3500 6620 4091 6511 484 377 292 4895 3878 5089 961 8863 7334 574 8076 8543 2035 5844 631 1893 5117 3034 8797 5667 9157 5581 4087 4926 8238 7077 8379 4411 6704 6465 537 426 2309 9843 6739 4977 3359 3384 1763 5227 6693 2198 4368 7163 2686 2573 618 9412 7853 7260 1100 
1680 4205 7056 2892 5216 4848 7314 4617 547 5601 3190 6805 8141 1870 1497 2400 9 3615 995 4584 5542 2304 4033 2344 3387 2152 1174 2400 597 1101 1291 8231 557 6925 4378 9921 7155 7399 351 1689 5852 2373 2727 3024 4088 2886 5114 2949 2072 7099 1941 3961 7605 6785 1852 3928 9383 8491 5017 8411 9922 6436 3110 6467 1310 9962 1723 1820 5206 1056 379 5830 4779 8735 5801 8209 5626 4826 3609 7667 9084 1246 4041 4402 9574 9165 7809 7013 1054 602 176 6058 4566 84 9568 7338 434 9144 1712 3660 
8416 9941 4028 5815 6933 2688 2940 6063 5365 2914 2695 7610 2456 9512 6449 5601 4590 3261 630 4457 760 377 9716 8981 3617 3283 986 7905 5201 7385 2710 7169 8660 7271 7887 6910 2761 3946 3192 9473 672 906 5063 377 8147 5777 4290 5126 8471 1873 3915 3504 3842 6287 419 2663 4347 6983 3853 6143 9373 5853 4625 4099 766 1825 6399 6601 4678 8071 6554 1800 3075 2544 2015 2315 9743 7336 396 9441 3302 3563 6371 2453 7438 8793 1337 9463 2482 5012 334 9182 5063 5255 1048 9035 7384 4948 6763 6639 
7749 1737 7697 8745 5054 5645 1083 2184 6868 917 9513 5025 8339 2329 640 6579 5900 3232 8257 9746 6118 1742 1428 7838 4110 9237 919 1659 537 2777 213 1908 2984 9340 519 3631 6845 6640 2692 1107 4962 1878 2368 5576 9715 1128 4747 612 8606 3164 5093 114 8540 2348 3653 6636 8919 8634 9461 7370 7490 2252 9862 2172 7182 3991 9728 506 5170 1542 1915 6598 9815 4804 5671 8901 927 5452 8578 4617 1124 3321 4742 8600 2938 8611 6466 3772 4678 5899 7639 7484 143 4146 4065 6090 1499 7585 5591 5544 
4702 650 3820 1720 5466 5129 1465 5627 8485 9903 9647 6091 6291 9122 1967 2007 6793 397 2280 491 6098 9725 6464 5021 9510 1457 8033 7324 7427 4134 35 8266 5274 6216 6063 5610 8644 1199 4900 4223 9010 4208 2039 4284 9934 2189 1601 4260 8110 7530 8791 8166 8258 4095 9249 1744 1183 2042 4475 106 7565 6176 6318 4479 3110 1128 4231 7772 8625 4277 736 7115 5080 8505 1175 3311 4010 7634 3322 8285 9716 5471 2757 901 9952 8395 7432 5964 2519 2011 219 5625 6361 4984 5241 1442 9841 2769 6755 4427 
688 2712 6356 2511 9990 3413 7106 9942 5145 1854 3726 4373 5737 1445 6430 5518 271 2827 1051 1802 9470 665 430 5576 897 9481 6685 5271 1570 4366 3493 9285 2164 1217 396 3511 2355 6670 4537 8775 8370 7925 7333 1941 7058 3983 1699 5367 127 3163 9282 928 8865 1871 5314 1312 2126 5077 6297 9597 9466 1445 1759 5906 781 856 8355 4888 4474 9388 6608 3324 8909 182 5657 6968 8894 1652 1958 7594 5002 4713 5397 2354 7369 6321 6120 3053 2960 9399 1225 3469 4498 2355 4104 2787 8161 5511 4443 4002 
6631 6561 930 694 2139 1298 5923 4616 2687 3419 1109 8579 7129 3904 9568 2511 697 5457 9788 4691 7229 7001 5675 4370 6297 6423 7140 1987 757 7788 5529 429 1596 8716 5716 2788 9057 7539 4467 937 5622 4338 3162 3274 4942 3693 1061 521 8663 5119 3899 363 6702 7670 158 12 4907 9464 9668 4885 4739 9101 9958 6442 5581 6789 7271 3296 1710 7448 5657 7324 9708 2444 5394 3356 199 1533 4721 49 6542 4641 1216 3232 808 1654 8828 4314 3945 3669 9275 2178 3074 235 8444 9659 8551 975 7882 9350 
133 3257 2896 849 9690 6456 7485 7572 4770 106 7689 4877 7789 1626 1653 9964 5218 4485 6734 8406 7126 4821 9938 7411 5760 939 3286 3295 7081 266 842 3928 216 4578 299 7952 3941 9277 3396 5262 9390 7377 5011 2697 1857 1976 5204 3677 4308 8409 5895 4828 3915 5529 4711 8852 6158 5232 4176 9309 89 3554 6060 5502 3919 2294 2708 5837 1927 396 4122 5950 5860 3629 2074 9534 6252 6993 281 6752 780 7130 176 8960 741 4173 2154 6376 7443 9120 3681 2187 153 586 5535 63 5525 4131 5485 3165 
5735 3219 2226 6801 8743 3975 9379 8417 1593 4934 4263 1517 5823 1376 2650 1254 7933 3951 2866 3830 7334 8978 3893 7382 9573 8510 5998 8434 7537 1960 3393 2141 8755 6943 8216 4863 2766 3349 2592 5417 955 2486 5728 8587 6316 6561 3149 3490 5072 911 9858 9001 4800 4684 7313 8193 8783 121 6988 3647 2887 337 4656 377 1989 3723 2072 5769 6251 6413 3244 4959 2969 665 6933 1566 5846 525 3744 7029 8815 2360 2988 3396 7270 8006 2070 7952 2290 9084 9916 3270 3556 6251 8300 4770 8311 8474 5433 2634 
2206 6734 1672 1626 5550 1653 5822 3528 3989 5218 4485 8068 7434 702 1857 6734 7714 9147 8406 7938 6945 9721 6799 4112 9183 615 4486 373 8790 318 5509 9762 8034 2964 3571 4879 1828 4170 7172 3638 4676 6006 4349 7426 4958 181 378 7227 3714 9445 3935 4266 1629 1800 9774 3596 7374 2332 8131 4778 9413 9318 4526 2617 730 7642 2399 6668 2199 927 2895 3308 2372 5263 3023 6064 7657 8790 6750 1324 5637 5270 1801 1405 864 7241 7878 8396 5023 3054 3188 7937 3510 3584 2144 1513 9851 6431 4764 9911 