990 5029 716 9921 6991 5352 8659 933 765 6611 8722 3495 7560 7118 7822 4596 824 2080 4689 3215 5741 6592 8082 3142 242 782 585 9913 3654 4477 7125 224 7346 3938 7896 7645 840 8240 7316 9424 1945 4026 8981 1898 7546 9476 6792 4830 147 6630 5979 7467 8106 7225 4726 7683 2978 170 8171 7117 4963 4066 966 7466 7798 9030 6155 399 8546 8505 7938 2130 2644 1895 9431 8101 4670 3581 3484 7359 2389 9118 9477 5270 2018 3958 1687 9138 424 8120 3590 4800 9865 6204 872 5092 3494 5120 4532 1810 
2047 2973 2623 5625 9573 9605 1334 6274 9568 115 8515 4545 5645 4027 4664 5564 585 7033 1437 3112 7639 3257 4313 7702 6441 3074 235 9171 9659 6428 742 7951 8040 7882 9350 3896 2340 7999 8080 6854 1612 9307 7572 988 6197 8522 2168 1475 3946 3536 3455 5590 1007 1299 2010 5395 9903 4259 4474 3752 8951 2702 9980 4821 6128 9611 4176 8081 7710 3054 5072 5293 9094 9895 8883 5586 9932 3717 667 4831 4684 3507 5047 4145 4078 2685 6155 3026 5250 8 2509 1396 2570 4827 1490 7995 6372 1782 3261 9045 
9037 7653 4946 2004 2477 9999 89 855 5171 7625 8529 1847 2639 5523 371 5254 9453 6374 1258 482 7728 1502 493 1843 391 3114 2215 2303 4333 2773 8668 4503 8148 4054 6882 8751 8234 2588 2884 1315 6016 2889 2952 154 4119 5108 9000 4031 5534 464 6755 1866 7397 7988 304 517 1566 3518 2459 6490 2977 2416 1788 2191 1416 5867 4091 8866 6869 4258 1731 7553 8853 7680 5197 481 6338 5152 3016 5525 26 2610 3803 1137 6752 261 6047 3494 3513 2662 6015 4330 3626 2376 5488 6622 2121 4578 2837 7168 
5125 2023 6072 9130 1390 2807 4999 4275 5935 5937 2126 3595 4265 6403 4489 8080 4431 8626 5229 8065 2275 753 4348 1655 8792 4580 7427 4337 2963 2105 457 7928 5679 1203 4346 2353 5447 6662 9345 5868 2791 1862 6588 7743 5058 4322 6161 3413 6325 6433 2620 2624 4284 4145 334 4656 635 1635 4225 9622 4370 1427 5647 3543 5178 5495 9639 6182 403 6555 2211 4324 6315 2086 6288 7637 922 6335 20 9100 2379 2233 9887 6493 5235 3975 707 8314 145 5339 2229 3378 5023 9715 2703 6826 7372 3289 9188 6054 
5464 1619 1857 3831 5468 5515 7002 9018 9330 7538 1987 6533 4461 1792 1603 6324 4165 9401 1319 275 9952 8178 3178 2306 6198 4224 6125 5547 2960 7984 9827 2304 8581 4668 9004 3718 2939 4050 8086 6851 3015 9628 2931 1885 4940 167 1639 685 8792 1682 4178 1179 2684 6583 5364 8210 3911 1174 3188 1199 7881 7756 3395 7225 3856 504 3252 3984 8143 8518 979 4846 9992 462 2975 7963 7018 4728 3474 7060 9997 6937 5192 8829 9289 9497 2907 1606 9779 3096 8945 6817 6849 4772 9806 6114 7044 6264 4027 6173 
9903 3127 7761 909 2182 1542 1183 8480 7891 1531 7853 9139 1798 7934 7889 4222 2248 6998 210 1563 5152 6817 9518 3358 9601 4186 6795 6534 7358 7299 318 3365 2991 8549 9627 7817 9046 324 5997 8678 9707 8552 6723 5496 2524 8074 3730 781 7834 5539 3236 3209 2946 6962 1213 5404 7083 8039 3115 1222 8435 3525 5410 9355 1112 5465 8560 6134 4130 7076 8133 6828 6025 319 7654 3375 7418 2715 6271 6471 4428 6903 8051 8360 6935 3952 663 4684 990 5518 7333 6981 933 6086 4143 5180 3365 7671 6928 7895 
1580 63 7045 4330 2339 6652 8995 1483 7586 7827 3847 4915 6612 7887 9680 7290 546 6091 6291 1967 2007 397 7612 6464 9888 5362 324 2198 7488 4757 5145 2308 9729 7238 2892 5744 4945 6238 2928 4075 4463 9754 2216 690 9173 5101 3296 3232 885 7269 7392 4035 6278 8039 2868 2323 9439 7764 4269 8056 5135 4762 7885 7392 7419 8862 5192 9025 9880 7949 1540 7147 1511 9692 8725 7993 7108 9060 2456 1306 5343 6750 2087 9639 4993 5387 9606 6356 3257 4795 4602 3714 3325 657 7176 505 6023 482 6991 4498 
3403 8995 277 3762 612 1736 2267 2184 1035 6441 7116 7192 1359 9570 1956 1431 7779 1742 3698 7838 4287 4479 2818 3133 9843 9901 4094 7513 8267 5193 7519 8119 5112 4662 7126 6438 6549 1664 2527 3008 3941 486 8743 8417 1517 1291 6361 4540 6913 4599 3209 193 9550 3814 2479 5192 2707 6649 2143 1059 9107 8432 5279 7358 6795 1376 3951 2866 8510 3502 8474 3393 2592 955 9368 5728 6316 3149 5072 9001 8193 2420 3647 4656 377 6448 785 6995 1680 2981 7404 4978 6368 7237 4477 226 7346 1046 1500 2086 
1999 6701 7168 625 6092 6383 2352 510 5953 8519 9001 4598 4157 6450 9750 7299 318 2041 176 5593 6330 9982 9192 7873 667 8872 9021 2589 458 6672 8331 6480 5055 9848 7199 3851 4635 2714 525 4963 9186 804 2378 1199 8876 1713 7353 8668 4475 6705 8195 9155 7374 3842 709 2234 149 8371 7955 9143 8777 7229 6279 1432 8498 7131 8955 9284 716 490 8544 1411 3947 6033 3471 3350 3825 5614 5639 6443 2573 3408 5842 8380 1749 8749 6743 8005 6104 2611 3162 2307 7738 3483 6697 5917 2314 4017 8916 5108 
7050 7154 2967 73 1100 4655 9857 2710 308 3462 7668 4912 8890 7859 6416 2875 6102 2985 9344 9886 8248 2140 5945 7939 564 4855 9796 1746 9861 981 4606 4257 3311 6200 4927 1689 3986 9674 8277 238 6861 8158 7315 2029 4444 5402 765 6639 6611 8722 4230 1489 9198 1549 2070 4424 8890 6423 7949 1038 9460 5653 8400 2240 5744 7580 4559 1199 1321 5026 6545 4068 8985 2709 5948 5671 9786 8955 2344 5910 2481 1591 1042 9280 3708 8537 6696 4762 6327 8959 5227 6404 8902 955 1205 6997 1315 70 7177 7976 
7878 4775 9280 4189 235 2554 2317 1035 1402 3318 2598 6273 5922 9857 9265 7589 8864 4038 9611 1815 4070 99 6510 9517 1196 9635 9274 8139 1674 9630 3307 4503 491 6117 1425 9270 7296 6926 7842 3465 2484 5503 7393 5594 3705 3112 6000 4061 8549 2313 9287 1490 699 6234 5353 3896 5751 2804 5580 8074 8054 4494 4108 198 4932 2616 5794 9555 8910 7844 1264 5148 6995 8125 1190 8236 6038 279 8919 1395 3705 2901 3610 7022 472 840 9311 9659 7215 31 2906 852 9786 7274 4236 8822 1917 2906 8352 5851 
2373 3099 6497 1063 5897 6025 2702 1013 4905 2984 4170 2827 5154 168 2233 9329 409 2295 7861 4288 4269 9523 1589 3160 2194 5046 9796 2679 5425 4413 6346 4409 4794 2360 444 5131 1989 2746 8629 9073 3270 3556 5769 1322 6251 3244 8666 5599 6700 2023 4057 3142 5122 1615 2300 1742 5575 7921 4596 9890 7984 2884 7802 151 5352 4520 4488 3576 9873 2045 925 1064 535 6165 4646 4538 2840 6457 5187 7946 1999 1602 9850 2571 5446 327 375 5452 8578 6893 1479 1279 3136 7313 692 5539 5921 9726 603 4027 
3423 4800 8849 4892 8126 6530 2261 5778 602 5187 9579 571 7743 5823 3949 4186 9241 1198 3821 4495 6208 4438 7919 6114 4103 6111 1924 6268 8206 4251 6948 3245 922 6189 3965 9160 6473 5724 8121 2509 9762 9208 2510 2430 3894 3342 3489 6436 1562 7074 9304 7464 4447 9111 7238 4351 8090 9757 1445 5748 9250 8813 2986 1198 4497 3923 3677 8615 7578 1845 7038 6926 6943 5753 608 7921 598 3029 6491 1582 2589 6766 8450 5424 9491 1393 1967 5723 1220 4078 3477 5031 1120 6234 6096 6659 4194 7340 7829 7503 
1617 2006 346 7810 6903 3771 8595 5829 6600 9625 9112 5651 4409 2815 3293 4092 921 5473 8524 2578 1089 4514 4620 9281 6109 4917 1041 6386 1454 2145 6425 8725 7831 6341 1473 776 9845 6747 7542 9728 506 4294 890 5170 53 6036 7193 9654 7775 9163 5816 9076 3023 4390 8857 9310 2 8891 4003 9184 5649 2330 6980 6689 5721 6549 511 8393 3337 3762 5556 9737 9436 8960 6856 3188 9101 5464 5403 7559 1915 2629 7253 7959 2819 1816 2957 6509 3937 5255 8514 4222 9351 9712 1411 6002 1983 1697 5108 4496 
965 4698 7432 5571 565 3588 8058 3088 4254 4044 7790 4106 2129 5194 2808 4431 9487 9846 7183 5715 9981 5837 1430 167 5279 901 2959 142 1758 3262 5839 7580 6645 671 1520 1346 4519 1048 6006 13 4665 1200 433 1513 4160 4653 5716 9239 9122 1236 9078 9999 3415 3312 2374 3839 4751 351 7285 1755 4655 2182 6136 9641 3566 1533 3719 3297 1694 7667 2210 3219 1452 4227 5051 2571 5103 3517 7534 5730 7928 4954 8889 4375 3950 2122 9922 8366 1330 9367 9429 4078 6751 7308 439 2367 7983 7871 6442 2531 
3946 3536 7909 7790 4715 2055 8187 1299 5395 9403 2525 6846 2730 9108 3079 8815 9824 8460 503 1669 5592 5980 5251 2891 1259 3469 2801 3702 3775 9293 9915 241 9086 3047 554 6377 5159 6078 1102 6870 7422 6507 5249 5803 7489 8932 7768 1879 4563 9378 5888 5632 3291 7556 888 5580 8060 5565 353 4457 4262 209 2529 7101 9180 5598 1019 2729 4595 8419 3862 2643 3973 9050 4109 7521 542 1317 2410 9223 1580 5617 4164 3479 2238 8316 9230 9685 3028 4828 4504 4047 3909 8916 4995 2067 3414 5668 9777 7177 
5092 2058 9368 3638 1337 4832 7117 9927 6347 2529 7528 4117 1437 9385 7923 3504 7690 9434 4149 5688 6902 9487 9464 6550 6664 908 4960 2385 4950 3722 2761 2067 8614 4767 7495 8647 3732 423 6436 4699 9941 9915 5727 416 5747 7767 5234 221 8250 4492 5181 2420 4358 8550 147 9669 3975 7642 4059 4418 1105 7398 9477 7244 3884 1543 7180 4105 9793 8024 5638 444 2121 7491 1978 1851 2125 6693 6120 7714 9885 538 8819 9767 2359 6217 9564 217 5694 6129 6526 9290 14 8069 6470 471 4214 4494 2462 995 
1746 4653 2515 4218 2367 2401 7538 8520 3467 107 8084 36 5801 6562 1443 6931 4266 3755 8760 6217 2545 6403 800 1032 8760 7721 4123 3413 6589 8341 2132 8990 5802 9670 3862 9269 1946 9306 1930 8863 9725 2147 3991 5902 8402 9104 2119 5507 9271 8331 1532 2405 2007 7796 8994 348 4336 8198 8431 1078 6713 1711 9650 6439 3858 6782 9760 7608 2238 8231 4908 4098 9591 1886 3989 6035 7342 4337 8030 6840 970 2580 8612 9401 6042 7140 5692 8906 998 8547 4279 1694 7415 8377 7007 3788 4348 6175 5037 728 
8229 5812 9661 6841 1566 8737 2883 2229 4928 9291 9580 1331 2334 1962 9750 339 6757 427 2112 7750 6602 9140 7796 1891 7369 3609 4211 6641 3446 5560 4851 4553 2534 7846 6888 2583 1188 9222 9747 6001 1859 2341 8955 3022 7833 6752 5203 5810 5564 3800 7385 291 5003 2188 4844 34 2034 8970 4722 4544 4166 546 2681 5853 2055 4341 2605 3320 9318 2489 8014 7558 4651 7710 2713 577 5066 251 612 3150 8637 5934 8212 478 2378 7376 4079 5238 6134 5931 2187 5806 1827 4647 5416 9771 9479 7688 9993 2192 
8265 8795 5229 7433 7515 8786 7994 185 728 5370 4264 4952 1897 7140 76 4998 7205 6269 6766 6504 6040 6245 6033 8438 5161 7444 3585 6743 2006 7370 7144 9368 7329 3975 7946 2414 4697 4311 2419 739 3360 7315 6781 1786 9373 5582 1509 2468 3940 8879 1085 4599 4766 4695 5658 2712 7289 7409 7772 9709 4863 5475 2791 3976 3500 2114 1423 2727 2932 7989 1812 6411 9957 3840 7459 2905 9256 6666 1330 9908 5148 3158 8132 1866 5949 5366 9303 6926 6790 2031 974 6074 1852 650 8161 8230 128 9029 5737 4153 
4074 1054 3983 2554 8467 4421 7295 3279 6139 205 4981 5356 8560 6495 3242 6764 3892 4926 9114 8353 1406 2953 7143 7107 1457 4550 8943 1792 7104 289 6611 1525 9890 7665 534 6447 6946 5516 2302 428 474 3544 1358 2141 4822 6825 495 9778 7878 6885 5687 4274 3832 1379 8821 443 6405 334 6921 6781 3868 8808 760 1234 4419 9132 6561 3955 3408 5548 1286 6260 8786 3325 966 7157 8266 9788 3953 7522 639 4444 5837 7420 8312 997 4533 6585 2119 2070 1064 2377 6834 7927 8735 5565 7521 8412 4839 2400 
6678 979 6353 553 9877 6992 4997 5714 764 9661 3064 1649 6001 121 4805 8071 7537 9324 6800 724 5713 9168 3591 4411 6811 5503 5587 7446 9976 6597 510 3444 8099 7212 1928 5627 5337 679 5247 2707 3151 3681 1954 8118 7265 1490 6350 7407 9467 1356 5674 8407 8672 7126 7366 3709 1156 8937 359 3607 1370 6698 4801 5848 6588 3862 7148 973 3219 9741 7979 7208 9125 9880 8318 7889 1262 1630 5888 5675 5165 6331 3848 5493 6253 916 3419 5246 5700 4603 2662 309 4361 4491 3778 257 2350 8197 5598 4463 
6720 2694 7164 7786 9014 7033 7089 932 7273 8941 9546 6145 7268 9962 4100 3287 4614 1939 7524 3140 3141 7209 3102 5397 7942 1997 8060 2108 4776 7300 5510 27 4213 123 4647 9419 2622 4189 3472 7103 1135 5813 7558 3907 2740 2029 155 8211 7232 2752 1888 5827 7208 9993 2295 2065 4640 1719 3991 5658 2996 3546 8717 9680 4398 8660 3553 7115 1567 8143 5916 7379 6279 3359 2933 1834 41 51 8538 8238 6915 622 2559 5987 7130 3926 3473 5923 4223 6089 1409 8771 5595 8357 1143 4041 4713 6207 8026 1874 
8656 6668 2393 3881 3387 6360 2036 2963 1324 5303 9730 4314 7115 3447 2412 7389 828 3469 2721 8024 7408 6312 3428 1220 3227 4408 5541 4472 9876 4654 8641 408 777 5911 6207 9876 7048 3216 4554 2592 3247 6480 8390 9467 5870 7442 5469 2012 9273 1903 7140 9596 8733 6792 8271 1177 1181 6561 2630 137 5671 7650 2438 3094 2573 2144 1507 4230 2151 4804 3004 3640 3141 3877 9548 8782 1801 1989 5976 6740 7683 970 9835 3670 8734 3368 3448 7212 9655 5934 5018 1764 3261 8099 6390 5576 3517 2683 9233 4926 
5421 5309 9336 802 8439 7706 4258 4123 4511 1422 5995 6658 7471 4488 8022 4234 1243 7640 1865 2036 5767 6755 9943 1083 3332 2860 7130 581 7091 316 3252 3326 8100 86 7036 3205 8101 6672 7014 785 267 3596 7387 7706 6423 4265 3478 9498 4469 3754 6828 9891 3856 3349 897 7652 5043 5192 320 9136 8435 1737 2537 9843 1539 5762 1112 7083 9740 60 2331 6134 4130 3116 7076 8668 9280 3357 3332 3730 1148 471 6541 8847 1630 8790 7027 3997 2075 8262 9593 8417 7873 9125 6058 4604 1871 7615 7134 569 
1166 1459 6736 1256 1433 6818 4001 578 6630 8988 8690 5930 3899 8585 670 1576 6779 2905 5188 5477 5485 8918 5406 2404 4778 9299 5457 2338 1 8968 419 8870 3706 5279 3666 8515 5802 9887 3098 6016 9080 2728 892 7839 9087 949 6212 5998 1978 6504 3502 5415 4195 3976 1720 4576 118 2174 7973 9820 8495 2360 800 6363 9457 2232 4917 4131 2378 9362 5904 1697 4756 4749 784 8173 1749 2053 2068 2289 8799 8890 4064 3621 6506 6135 3755 7862 956 4016 4751 2166 8973 5971 4053 8267 3661 7677 8930 8916 
4382 6341 3264 3859 2688 365 9597 1337 1887 3664 5318 4934 7798 6636 7176 2909 3280 7157 627 4558 2067 5696 7650 8426 6391 6205 9419 2934 1116 9757 4542 3383 3978 8046 248 9211 1843 8175 3114 2303 9483 2773 6497 6745 3552 3899 2735 8683 5881 7297 5197 6434 6338 1252 8035 1792 8221 2949 5735 8849 3884 3633 6215 4835 495 9213 556 1314 5859 2062 8964 8417 1799 2260 7100 6770 2558 5490 1937 2462 6800 1094 7171 5446 1688 2324 5837 6300 2410 6928 320 5577 3024 9913 2273 9975 2438 5801 2148 4859 
2317 399 532 7896 1277 4085 1999 8064 840 3280 4049 6757 9093 3404 7661 637 9350 1643 8282 1863 3572 3570 3401 1267 8761 7553 6119 5995 1609 629 8929 1945 7541 5124 6630 1512 4582 773 5014 3052 4997 3482 4073 8379 1273 4342 6800 6634 2492 7074 1448 5166 5167 4117 3600 6310 3382 5014 7280 4458 3213 2585 1740 9452 8676 1796 7680 5895 113 7792 8591 4478 2864 5156 9801 7542 9728 180 890 8018 8114 9408 6036 9311 1883 8603 9647 3592 1664 2580 8544 5931 3350 90 5614 5638 2134 4295 746 3408 
891 4838 3971 5885 6827 1789 9912 1527 5913 3354 8929 8027 5769 4272 5953 6520 4661 7769 69 9296 6131 6584 7367 9728 6018 9493 1616 7713 2375 4899 5169 2409 2126 6771 5960 3157 4068 3902 141 4514 8671 3770 1737 9226 195 3190 3403 6262 7998 469 8361 768 2824 5392 8506 8787 1269 811 7387 1010 1623 1153 597 1049 5157 4695 7393 116 5539 4783 8816 4436 7126 5966 2532 7094 5341 6599 4309 8829 3132 5395 8275 6727 9005 3169 7792 9162 2803 743 5667 9841 7551 2649 2656 4629 7432 266 7110 9034 
9326 2797 3257 6062 7473 286 6795 5823 1376 3951 7334 7421 8474 2141 8216 955 5147 1645 2108 9790 1509 7014 4995 505 482 3420 2057 7882 7730 2726 1434 6289 4666 8279 5253 2245 5942 1226 5015 9792 58 2699 2209 8860 6875 1366 9033 1671 3916 4479 2818 3133 9843 8786 4147 8379 7308 6465 537 2309 5461 6739 207 1395 4295 8331 7592 3796 3490 9001 4684 2420 3647 1293 131 1548 6448 465 5964 1318 4983 2981 4857 4978 1763 4354 3822 1805 8783 2043 7215 5228 1898 6436 1238 7878 4033 9021 3677 9553 
3559 4808 6099 6210 2142 2803 743 4506 6181 9648 3208 2742 2656 266 6792 6847 6700 4494 3089 5895 6423 5931 4964 2983 5351 9191 9665 6727 3423 1927 1582 741 9683 999 8079 3919 2349 9817 2564 3091 7906 1370 1682 1425 9350 6266 9778 6899 8423 5668 3765 8529 2822 5523 371 7929 9511 3535 5936 6834 3 1072 5272 879 4410 2110 1816 9614 6477 7538 2058 4479 226 6753 7231 1427 6633 4614 3957 5542 5863 679 3525 1264 6707 2150 8055 9998 1190 1551 8909 1075 1543 854 9446 1448 8369 4964 7667 3882 
9557 6974 124 1933 2994 4531 9081 1619 9434 2880 5525 5117 6624 7721 8744 8280 8525 8941 5569 7875 742 8891 6561 2970 8670 3226 7699 149 5337 955 3464 1357 8246 3268 1443 7291 8308 681 2654 3598 619 6143 2247 7470 870 4535 4428 549 6022 9098 4124 6043 694 3479 9087 6818 3351 5354 3776 1640 3298 2598 119 4044 9002 7952 161 170 4501 579 2937 293 7509 4179 4720 3119 2396 607 7123 9593 1269 1000 6420 3968 2290 4484 8321 7644 7487 6650 578 1847 7812 6342 7746 4391 4921 3100 166 9195 
6385 9664 18 6020 3598 6164 4482 182 8345 9406 44 5810 6687 175 9425 9607 8867 9968 4741 1495 7097 4703 7331 5625 1253 7513 2825 9568 8587 5439 7768 7963 8236 3349 5404 5192 6904 3628 320 5658 3525 2537 1059 6593 5465 9093 6134 3983 3116 7076 8133 6828 5866 2686 7826 9028 888 6146 7721 3866 4204 5815 8236 6048 6151 9120 2989 9308 4721 5097 7312 3795 1569 9319 4112 7173 615 8790 8034 8023 2407 149 1769 5268 3931 4641 7082 3130 6507 5044 5374 2174 5380 8259 1772 1510 4640 9709 318 2934 
6362 7166 6548 9402 2286 269 11 6342 329 3088 4238 5654 6865 6573 4232 4117 159 2445 5089 1431 8053 2650 9515 6858 3398 9345 8704 703 2144 3575 4189 7948 4388 989 264 715 28 4098 2 4414 3588 7625 1245 6553 311 9329 7244 6764 4013 9523 7210 1589 5457 1138 1548 4664 2194 9616 2559 3180 1655 1381 9445 9623 92 1412 9179 9436 9917 9325 9011 3142 6011 8895 4822 958 6496 8387 4031 4994 3830 5405 7129 1504 6921 2247 9728 6250 1445 5180 1914 6816 3766 6120 9930 7242 3720 5276 4290 5271 
7619 5900 4432 6664 4519 1807 1248 4628 3502 483 4327 4651 6361 9926 2199 5376 9785 667 1203 2203 821 4065 9483 8699 3976 5483 94 1588 144 4086 9077 7158 8806 4468 137 1010 1258 5579 4118 2077 3703 6617 8616 2108 172 6595 4734 2287 290 4213 7329 123 2602 3543 2124 8563 2914 7792 4277 6119 9957 9845 3338 4687 1052 781 1263 735 3328 1854 6006 3845 6440 7151 1540 2061 6039 3530 617 9098 2244 5037 9884 2775 9683 2090 903 9568 1042 447 2562 7856 3970 2666 2242 5436 3708 4434 971 7429 
2722 5136 1569 699 2838 6353 8884 6474 7465 3145 6797 8247 818 1567 6962 616 6655 8382 6729 1371 2807 7464 1644 3543 6523 1149 1456 762 8168 9581 7046 7865 228 1334 1621 4961 6417 878 7735 3369 8901 7889 8864 5085 8385 233 3196 4531 6412 4021 1888 371 1061 588 6345 6245 2830 9643 5044 8782 2771 1770 7574 4262 3520 5008 3088 3364 8684 6884 3576 2948 2147 365 3239 8382 1492 8651 2644 2172 1051 4454 754 1662 4790 4202 6798 1321 8896 286 6478 1922 6686 5029 4606 447 4830 7671 8903 2838 
4542 4330 8474 3654 2494 5774 7686 9640 5390 2222 9533 8336 695 4365 3211 9658 5446 8868 3024 5095 1087 3201 6040 5712 6945 5281 4684 8519 9001 1622 3069 564 5686 1077 6450 1587 3750 8012 8897 3319 2661 467 2202 9532 7314 4802 5823 1376 1254 1531 2866 7334 3893 9573 5998 8434 7537 1960 2141 4238 8216 2766 2592 955 9368 5728 7565 3149 5072 911 9001 4684 8193 8783 3647 3786 2404 3799 8746 741 447 6854 8853 3068 3913 7941 1646 8027 2246 6213 8958 5150 5057 3449 6492 2766 6784 9893 8963 2873 
3509 2761 2659 9255 669 7852 2187 6506 9072 4438 1928 4509 2883 2138 2829 9861 7914 5790 5097 5508 6863 8598 5721 9115 3791 4664 5626 5929 9761 2135 9773 3774 2835 9023 8533 2176 7622 2829 5664 579 7529 6994 7991 5101 9118 4833 7695 5748 661 659 9523 6902 1956 4961 3280 8373 1768 2520 3122 6537 7572 8426 6047 3938 5034 3154 3052 848 244 6434 2073 6130 88 5266 2321 7556 439 9087 6186 1677 5032 7409 6643 7396 7295 8092 5803 9551 9991 705 2529 1691 8286 7101 8691 1362 6230 2538 4178 4523 
5536 9302 3896 5087 8393 9726 8868 1773 5969 6816 6483 7164 9959 3219 2883 2759 6015 1671 7120 2014 144 4340 1923 3546 6935 2896 7006 3301 3878 870 3220 3874 128 4886 643 3768 6166 8348 279 8715 4964 2202 8052 7238 9581 4667 5837 7153 3359 8365 9029 7362 1906 9257 4577 7595 7432 1790 4794 7843 976 1971 7580 5486 8683 6825 6995 9918 4401 7269 8252 2871 3738 3951 8266 4915 5679 6705 4404 7252 8714 4944 8085 2108 4862 1473 8692 8911 9610 5370 6302 1175 392 5436 5491 9431 8391 2858 6434 4141 
3590 3242 2624 6949 6069 547 8861 330 8555 2675 5939 6741 5823 4550 6659 3962 3680 1743 2074 7542 385 1488 6080 7170 9634 7178 5807 8417 1779 5198 6073 1176 2516 5570 3718 515 386 5230 7965 3012 7277 3006 3433 3467 9055 6041 797 9721 8724 5315 7153 9421 2075 8156 4413 674 2694 607 518 1169 122 880 4404 3239 9724 8815 3831 4667 4787 975 5455 5768 5297 221 2970 5560 583 2735 8646 9464 1873 6715 1487 4044 3387 5260 6353 7682 9261 985 5681 1091 4319 6114 4188 9482 6438 6175 80 1788 
9101 9125 5020 1374 9931 4408 523 7733 3908 4618 9385 3368 2744 39 1955 7978 7882 7146 4248 4772 8868 7964 1582 4848 7593 1749 5124 2405 8508 6833 8635 4297 4 5892 764 7377 3161 5713 506 6488 6314 546 4095 8647 4950 3346 3468 355 9616 3537 2066 1971 3140 1017 3122 2412 1994 1054 1562 5221 1307 1115 5175 3556 8052 1169 701 5010 5123 1297 5346 4967 6009 6319 319 7462 320 1835 3154 6635 6003 8990 8924 453 3781 2985 8181 9205 1544 8148 8669 790 348 1783 4656 2804 4210 8841 3069 3101 
8626 7841 9520 259 8584 5192 2669 463 3729 3870 1441 6071 871 5993 1420 6863 1880 4345 1342 4489 610 5751 5225 758 810 3815 8946 9303 3792 3291 9922 6725 4860 973 6157 8412 5243 6570 6224 2498 7711 4302 8844 7429 2690 9461 9282 3726 6648 2443 4720 4398 1764 3924 7047 2960 6539 4989 5908 8674 2515 6568 2506 6258 8690 9568 3986 5961 5058 6978 1172 9806 6369 2141 8883 2986 9444 5169 2707 1774 61 4433 5040 3706 5989 9156 3076 8745 519 8852 5604 32 353 907 3376 1284 4911 8521 8793 6591 
1883 7585 7238 9756 5784 485 6173 7153 5523 3359 780 8365 4345 9519 9029 6967 1831 4618 7002 3190 1298 7624 2058 2856 9714 4149 4657 4158 3957 8551 7706 6716 2973 7337 1743 866 4497 1474 7829 528 3589 8235 7224 2678 1063 5457 2961 2362 8424 4176 4802 3550 8337 1221 6782 9357 9834 6588 7460 6613 5757 7407 6313 9219 8542 7956 1260 8953 2208 1189 1868 107 6722 1485 5060 9804 9379 8909 6708 5433 9658 6012 2148 1873 8383 1702 6413 3293 8361 2490 2936 2397 7404 2074 2842 7071 350 5351 8432 6649 
6629 2000 8076 4049 5622 8789 3588 2055 3465 3285 8181 7786 3371 5107 3600 2136 9290 9576 2878 6610 5120 964 3920 1493 9484 7243 9169 9936 3082 9831 1110 3412 7857 4038 9234 8109 8781 4941 2857 5452 4233 4671 2302 13 9519 4796 793 7167 4046 4322 1845 3192 5620 5634 8996 9435 364 2782 2820 4143 1290 3467 363 4870 4603 3965 4204 4303 3694 4288 9151 2657 8141 7048 912 9116 8268 8000 3582 2616 1734 1312 2481 304 9694 8916 9869 2315 7307 8544 6631 8573 5738 4571 8003 8070 5757 5666 971 9212 
5946 5922 4371 4283 8460 8178 9445 6181 6641 1521 3145 1807 1061 1303 6203 6923 8421 4568 7100 4335 4549 1681 6752 6149 3072 681 1368 5918 7373 1302 7648 7272 1424 6526 6262 8524 9432 9892 6473 1519 9330 7461 4258 759 2184 8158 7788 3348 3060 3645 7886 2841 8508 4873 4368 2362 5941 3577 9197 2719 4078 8296 2348 460 1330 614 4192 914 5518 1160 3140 5513 3781 2357 5369 3436 2850 1173 9131 8301 2156 9723 785 3342 2467 2386 7276 2904 4404 4809 8522 5555 1342 930 4641 6316 4820 2737 5461 6662 
9839 2665 7858 1916 8788 764 948 3732 6511 3310 6660 3372 8408 724 6204 3545 4811 2523 9528 5754 5366 2357 6930 1304 1544 2140 6093 2250 6741 7401 3469 9087 9162 6595 7409 6643 7396 1242 2529 7673 4123 1644 3445 3650 7642 2580 3692 9858 1928 4115 6056 8708 6774 2358 274 1030 3378 2287 3901 520 7556 9087 357 5623 6643 5716 5265 705 9091 3699 3228 8691 513 6087 2538 4178 9566 4831 5536 723 2880 7951 7843 2061 1371 3217 739 4458 1443 7005 7249 8545 3657 695 1071 8099 5666 1950 787 6143 
5109 2732 3600 2246 2991 5179 3521 78 6156 5556 7291 6157 6215 5267 5112 2799 2007 3201 3387 2868 1748 7337 7678 1377 7179 2239 312 1644 3241 6917 1153 9004 9611 3701 5773 8544 5666 2846 6475 2000 221 8705 9425 6406 8362 9877 8945 9166 1749 2663 2461 6090 4176 249 886 1253 4555 5502 3390 444 3475 6539 3221 1307 6403 5186 3390 1567 664 8479 6991 4049 6334 8297 6142 1169 8898 701 9494 7393 5010 5123 9157 1733 9744 1297 2280 2627 4617 3888 4589 6319 6910 319 1463 892 1794 7913 7206 1781 
5666 4408 6635 1685 99 3307 2253 2889 182 9872 1544 8148 6615 5152 4811 4120 790 8169 9462 3680 7094 6268 3813 9253 348 2346 6504 5905 9662 1783 4656 7293 4210 5963 8841 1115 4742 2284 5926 7010 6404 3069 5866 3101 8626 2134 6914 9143 7740 7841 596 9520 259 4939 4915 982 8584 4071 5192 4547 9842 385 2014 2669 4293 7947 5425 7362 9479 7644 4457 3729 3870 3696 1441 4467 3216 6071 4726 871 7362 5993 8205 9749 8861 9156 1495 7331 1784 8356 1060 2227 6694 5601 1547 3765 9752 8911 9502 9143 
4618 5145 4124 538 6079 4640 4216 4657 8323 3014 9384 7737 1593 492 7267 1169 2411 2528 8821 7447 9061 4675 9557 664 4175 2161 8241 9292 9250 8616 3352 4795 209 196 8414 1200 7635 9963 434 6171 2491 9255 9971 282 2461 946 55 6060 198 352 6399 3401 1953 8969 5508 9892 5819 1409 7815 266 7397 2321 4957 7040 1306 5984 3099 2475 4439 5759 9756 9842 5379 9891 1195 4245 7241 5253 2484 2015 4573 7537 6837 2544 2320 6574 6674 1283 2162 62 4533 3037 2900 5118 5610 5024 23 8433 9716 1878 
6411 9907 7718 191 1106 4204 7618 4871 6321 9390 2714 6395 876 8335 9159 5785 3898 6863 7571 162 3745 8118 3092 870 1540 9420 2032 4409 6752 2421 4748 6696 7714 3526 7154 8026 4182 4876 1538 6607 4919 1461 8666 1222 8806 3315 6618 4703 603 4959 5558 7842 2881 2254 1385 9042 7135 9165 5660 7999 6081 3777 9121 1067 589 7332 9865 1136 6446 4208 6383 5536 523 2225 6498 1680 2680 6782 9320 3647 3244 5855 4252 492 7926 5072 1058 711 3660 7539 8518 725 4977 4112 7508 4919 7998 2309 2321 4164 
721 1382 4492 6252 1176 3438 7055 5275 6274 7551 496 3296 3030 8178 9278 5566 7235 8641 6624 351 2237 9026 3553 739 3765 9236 2978 508 7970 2912 1686 3004 6275 2200 2928 4474 291 247 5506 4936 8046 789 9341 7583 3327 8515 2246 5815 9686 6900 6787 6871 92 1389 6080 2392 221 939 3737 277 936 8100 8030 9612 7618 1161 1623 6795 624 9288 1296 8566 4780 3696 4177 5588 9971 5049 9630 4960 8400 3539 1920 9147 6860 8818 3326 2585 663 6982 9708 9859 1172 6346 5077 3349 6706 6444 2504 8716 