3615 7209 5800 3610 3904 2073 5481 7251 1079 5207 59 5451 6328 7472 2469 181 5813 4893 4682 4585 5647 6382 5541 4767 1410 1990 3654 3227 329 9679 4449 6342 6490 3746 7235 9216 7094 7100 8416 2982 7230 5817 5704 9956 7477 1678 6431 6381 3126 473 5400 3859 6777 6103 7623 2162 950 7919 967 698 4371 3827 474 3093 1774 909 2728 8058 9190 9577 9503 470 9010 2510 4146 9524 8813 7942 8539 1141 1174 1226 8484 7472 613 6638 8239 7276 2674 3276 3864 3454 3572 4690 6848 6889 3964 8565 1584 9452 
229 3332 835 8055 7680 8133 5979 4042 8419 396 97 949 7191 6212 1919 9231 8619 6504 123 220 4195 9425 1093 3266 2906 1720 4551 8608 5083 5303 9673 1257 4524 2432 8631 2276 1287 6795 1956 6389 9293 702 230 6375 4494 3257 6882 8684 1477 3868 7329 8454 4607 5997 7593 690 1376 2257 5188 2098 3276 3215 808 3258 7593 4156 257 4110 7427 2888 6399 2830 6310 3971 4619 4627 9900 808 2788 6067 5853 6693 9379 4599 8929 8829 5989 8778 3249 6413 7113 7620 3028 5987 9060 7826 9127 810 2968 9933 
7793 7502 2145 7142 4397 6924 1810 2102 4653 3004 9249 7428 5030 8679 1633 1686 3380 4085 5019 206 8401 7175 4304 8690 2218 3757 2021 1503 3208 5113 8306 388 6892 7946 3328 8313 8359 9542 1585 3088 488 690 6329 4282 7075 6910 2890 6239 8056 8746 7742 8453 8425 4692 4594 867 5253 2069 1907 9237 9418 5039 4570 7611 7885 4026 6284 6988 963 465 4983 4392 8858 1658 5153 6833 7927 4421 8506 3884 6315 6909 3577 2054 2500 8537 6707 5148 2150 6995 7816 8055 9998 1205 1475 9050 9196 279 4147 2162 
2257 7337 6713 3064 4896 3610 4109 1076 1316 7687 4958 2524 7822 5095 6587 7387 9498 1576 4488 8115 8912 6300 3542 4174 8657 7149 3127 4503 3872 2253 3094 4596 7697 6213 2988 4689 5531 9030 1718 6592 3142 782 6368 1509 4158 458 3395 3325 3496 657 4995 5557 7806 7995 4851 6023 1991 5615 7882 3724 9281 6289 700 5253 7307 2868 4763 1671 5240 7826 6271 6616 1263 6948 440 716 6991 620 2514 8250 2215 4830 6928 1580 2201 6122 2533 6338 3736 9254 7513 9301 4937 1146 759 5097 3848 4708 8071 3904 
3454 7156 1933 3354 9652 8076 9617 3542 8193 3752 3955 6768 5228 8428 3408 4771 4431 4399 9593 5180 3890 6672 7197 5396 5964 9363 7975 6284 2136 9627 1596 9275 2323 5262 9439 9755 786 5448 1441 7885 7392 4131 5340 3406 3170 8285 2826 591 8611 8945 9718 854 6719 3064 207 4896 2901 9532 1076 7684 9373 295 840 474 9931 1727 7986 3739 8684 3999 6608 5541 9153 7676 9048 5922 3425 3105 6065 2929 7487 1499 5904 2647 890 503 917 3039 7962 3469 4387 9857 3433 1355 8982 2475 4940 4705 1344 5001 
8415 8368 7706 6423 4265 3478 3754 1576 5906 8912 9891 183 358 280 3127 4503 3872 724 5243 7706 3094 5059 4413 4950 4658 4596 1369 3576 548 773 5921 3316 754 7018 7826 6903 7933 6858 5029 8631 2514 8800 463 5242 6680 6672 3207 2810 7370 4067 5101 3296 9862 8964 6397 618 6187 2327 5947 5128 4200 5414 4524 2282 522 4185 9686 5335 7638 9189 9060 60 3635 6412 2413 9976 2487 2046 4576 8484 5724 2262 4551 2691 4416 4238 1601 1459 9396 9300 2317 9474 605 5885 7273 3276 3983 9701 6576 7658 
9981 9936 4123 3191 4493 9008 1902 5582 2833 3385 3425 5567 5902 5223 9627 2984 7552 6731 311 8779 4759 8783 8612 6775 5842 6300 1662 4782 3600 2628 1832 885 3068 268 3545 6183 1363 4630 4215 3743 5100 5228 2317 4779 8456 5086 5893 6430 2227 1075 8015 861 3780 6920 7967 6214 6681 8061 4187 1 6378 8370 6772 7332 8645 3357 6375 4635 3044 6062 3431 4175 8386 5495 5712 5076 6684 3405 9110 8499 1087 2326 8973 3468 4955 2341 151 5542 7057 2037 4824 2549 3061 6532 9412 4500 4028 1926 7856 556 
7793 1070 9609 1117 7015 7712 1508 8122 8956 7433 7716 5711 8911 9115 978 4806 5243 6752 1233 6139 5871 9118 8960 9000 4007 4173 2813 6835 6253 1894 5430 6058 4418 2549 287 3811 2054 1449 147 1264 6707 2066 4959 1205 3365 1475 8236 6038 279 664 5337 207 6798 1076 2958 9518 4298 5373 6801 7808 3287 3975 5476 4501 9614 3359 5947 5484 5205 1170 5291 2697 7997 6761 513 1463 3789 7369 6873 4236 404 8927 5524 2837 611 6424 2026 8895 7812 4945 9564 7690 4108 3717 5609 5023 7348 1805 1055 3673 
5263 3023 5932 9573 6032 513 4129 8857 1667 6389 2042 5022 8092 7644 3447 2322 6503 4659 9241 785 4915 4975 1393 6513 2391 4908 5742 9352 5296 9208 8034 3320 5862 1940 3333 3086 7693 7441 8195 9855 10 3143 8593 5471 8464 3889 5722 3043 9104 4215 9161 1523 9993 252 9608 389 7485 1054 2577 7119 8289 6620 5179 76 4698 2190 5177 4754 2913 870 5189 9249 4904 1631 6985 1159 2001 7325 6590 5957 1146 8027 83 2427 4964 8514 8034 9321 7995 2959 8304 6068 521 4715 7613 5465 9403 1854 5367 1670 
5612 8429 4673 763 8778 4244 5798 8566 6743 6897 7396 7740 3942 9306 7498 6672 4236 3084 5507 3441 7016 5153 7809 9522 8244 3475 273 2588 3016 1852 2085 8295 7866 568 9470 6352 331 7436 8444 3897 428 2193 8294 6567 1770 3901 4710 932 7885 9549 7344 7713 2412 4860 5470 6957 8071 3904 1816 9718 7395 8069 6354 430 8143 2545 5902 6962 7398 9396 1212 4768 4244 2155 9689 3415 662 5075 2631 5742 175 7176 6320 2245 9904 1750 4120 677 4888 6734 7480 1076 5053 1805 3980 4282 3853 5216 4313 8515 
7782 2595 2062 1213 8944 9898 1462 4852 3412 1155 7458 1987 6122 9856 4152 382 1717 665 2127 5649 102 2876 8395 2132 3313 5052 4505 7278 951 333 7841 8389 5403 892 8663 5935 124 789 1316 891 5640 8273 3279 7976 7015 6459 2430 9609 551 7750 9798 3106 7655 8387 3925 263 4973 597 9285 4354 3800 8594 3021 3591 8514 2431 4421 3312 2707 1059 50 7029 5963 8567 1274 3396 3929 7270 6830 573 1989 2290 826 6251 7792 2193 550 7348 1532 872 374 8796 7444 6595 3633 4934 6567 6879 5473 3630 
3662 3135 4187 4105 6907 3822 7062 361 6441 1556 9926 7282 8005 8216 2766 3349 2592 955 6877 8587 9415 7565 6561 3149 9147 911 9858 4800 7313 6825 2887 377 8964 963 9361 3635 6995 7404 4218 5226 9503 3807 7927 5897 7008 678 3282 9251 7746 1366 6303 549 1801 9648 726 2092 4075 9617 4602 8276 4535 3168 5323 7701 1378 5523 3665 3898 9901 8384 5285 4323 1500 7686 9490 6342 7602 5998 330 9146 7340 2906 395 1007 3832 7503 8964 5728 7743 8792 9452 3555 8163 8087 8993 2077 1441 3025 2095 9509 
7284 962 2614 8211 780 7716 1258 9115 2848 6993 4806 6202 9165 9461 3730 3271 5039 9481 5080 9351 1857 5204 1866 9291 4995 7613 9790 75 6158 1487 5072 7668 6131 9403 8380 25 6201 5612 4870 3931 939 9124 2311 6331 7418 2541 7908 8566 2913 5283 6308 6700 2332 4457 760 2915 377 5408 2812 5018 2917 2196 3330 1129 3099 321 2702 4905 150 4170 1275 1263 9595 5154 1528 3777 5843 6606 6690 1655 668 7207 3871 9329 1862 3914 4402 6176 9188 759 9444 3547 571 2240 6080 3941 3537 5217 5146 762 
6442 9780 6040 4838 469 8624 8308 809 8434 1134 508 2894 5070 7088 7522 554 2090 1256 7049 9198 4102 6399 5940 5013 1115 3633 1439 9850 3409 3114 156 8833 8758 6148 6498 8422 9440 8596 9253 4473 7840 55 6922 7384 5338 2020 67 1036 9333 2243 2 8612 3557 7822 542 8877 121 7575 1690 9989 5412 9628 3865 2020 5578 4358 3033 4221 8773 6986 6717 5721 3497 486 3150 5649 5156 3615 3922 4659 9774 9508 9281 2987 9653 9394 4509 6822 7361 1907 5288 2367 6668 3441 555 5132 1011 8769 5344 4255 
6561 8928 3265 4979 7360 1065 1976 7199 4865 3926 9499 857 826 9886 3149 1893 3977 8969 2772 2017 8606 6949 3316 9918 5546 9963 2472 8696 929 4115 6456 2544 9721 8229 8890 4551 4856 7788 642 8007 7221 7510 1549 9221 8308 2466 116 2598 5719 5712 6673 6236 7358 9750 3750 3319 2661 467 2041 2940 3366 954 7083 320 1222 7432 5793 6439 3345 3792 2461 5980 6821 5600 5065 9052 1 9632 4343 1672 6102 5192 8445 6271 8770 6183 6290 346 7826 4235 2710 2683 8549 7413 699 4733 4730 9196 1215 5720 
7076 2005 9417 8133 1848 7556 2590 4859 9084 2300 8148 5785 2810 8295 9573 6115 4382 9583 9337 6466 663 5091 3109 7174 7041 267 4098 6400 2681 6640 7590 4245 1929 6897 59 6518 1135 1576 3650 1135 9910 5581 9678 6735 3482 2351 2776 9264 9478 4169 1078 4555 7867 1386 6852 4387 6048 4685 2543 7214 5282 6890 1263 2935 9414 9571 9866 9487 8037 3657 4395 2602 1190 285 7995 7190 1824 3604 3014 2258 1892 848 4252 5363 8448 1778 5477 1665 7027 5022 8591 3787 8019 956 5703 6248 1371 4031 6088 6089 
5890 7284 2077 3016 1503 5627 7005 2442 3643 5031 1411 3488 35 8936 5808 2399 6039 5694 2537 4172 1180 2561 2557 2621 5816 7633 8834 5957 3936 677 1206 6185 7703 6466 9411 4444 2782 7090 7379 1787 2993 8391 3532 6084 136 324 7359 1572 9571 3682 6613 4603 4487 10 8879 221 2010 9711 4392 2413 3190 625 3761 9746 524 7190 7792 5301 5591 5378 5971 5445 9528 1403 5005 6188 1207 3817 1615 1847 8270 7138 8542 4168 4931 5460 8228 6725 237 491 3626 2056 1369 109 367 8018 5187 8435 2981 1082 
3098 8477 9472 8390 2549 287 1229 3363 5897 188 6904 9790 8778 1936 3714 7014 2267 3496 5557 4787 5010 4851 4642 6868 1991 5615 1805 622 1279 2726 9281 6289 700 6533 594 5658 7432 5524 5571 9704 8571 2131 8254 5659 7405 40 2091 334 6589 3528 8073 4795 6991 8796 5609 4610 3227 3366 3409 5653 5308 8411 145 6715 5928 7543 4322 7991 2524 7015 9954 4046 6613 9094 6566 3074 5159 5089 8227 9821 7779 9591 1155 2681 8393 8332 521 5750 3750 7405 3384 8129 4705 1913 6336 9882 7984 5419 8852 4318 
69 9649 8883 3496 9361 2116 7805 3329 5235 1381 3253 5141 3693 2488 1707 1959 2072 7510 6038 6350 4181 8976 5739 6161 6698 3076 4753 7937 2824 1101 3720 8649 38 2850 734 3790 3940 8565 4362 3836 3734 6764 5730 2070 5215 3453 4250 5063 1032 3249 4051 7867 4233 7687 3037 2081 5207 9329 7895 9676 2461 1165 6890 1124 475 1924 3219 8058 1987 897 332 2581 9550 5093 3015 2349 1670 9706 2913 1868 5429 9910 1581 1704 8458 3672 9153 3659 4962 9078 4479 4231 736 5080 3311 7634 3933 2757 2519 5625 
4984 1442 4753 287 3413 1854 7681 1363 9996 2623 271 1051 1802 9470 430 9481 5271 4366 9285 3362 3087 3511 9333 900 6733 6523 1688 7286 6658 8553 2424 5300 9392 7489 4792 2683 8525 2443 9830 1050 8279 5593 8362 4190 7856 5642 2953 4892 8454 799 9786 2478 2159 5910 6859 703 7607 2481 1239 1042 4383 5607 2811 3639 3531 3365 3793 266 5412 3402 5195 4307 1907 4958 4340 1683 1186 2683 7769 9997 516 3376 1671 4604 245 8614 2673 8132 6985 9064 5974 446 9219 7280 5539 626 5865 3761 3244 3658 
981 2692 5024 9636 1323 2490 4540 93 4855 9047 8474 467 7652 8714 1596 5576 4953 5873 2228 2915 5456 6448 1424 9394 4678 403 5103 4313 7429 3670 5094 2948 7657 9912 740 1185 1970 3493 1099 4477 4112 1259 9655 6493 5584 1623 1533 6598 6747 730 2770 5052 7350 3567 6703 9766 1792 8221 6904 6679 620 2099 6521 2782 3199 8158 2143 1913 5957 3593 26 7877 6031 3465 5608 9795 4483 4190 3805 8232 4098 1622 3201 8433 2140 5945 84 8954 9861 3966 8657 6200 2679 2167 3039 684 3010 5402 411 7443 
2858 7686 9487 1755 2946 9314 5649 9512 8701 490 6945 3628 3115 9136 8435 1737 3525 4777 4263 5184 2569 1800 397 3452 2437 5294 8787 7186 3380 8314 498 84 7683 3709 4066 7466 6155 3623 2082 4446 9912 6519 1895 3581 7178 7153 823 5212 142 9138 8502 9804 3309 3116 2590 1064 4726 1123 1124 3286 3454 6673 9421 656 5152 682 9160 9805 9039 8577 7939 888 5406 316 8444 2934 1811 7444 5380 2205 2170 6504 3329 1808 9958 6354 980 6133 5829 188 504 1936 3714 2267 6102 657 3374 1891 9592 6817 
9917 3358 3207 2433 9327 4249 1078 6230 5774 2650 3830 8510 7421 3502 2141 6943 3349 5728 911 8193 6988 2887 9468 8964 3287 5594 3889 9560 6898 8862 8898 392 4087 8238 8379 7720 2734 5461 5227 2940 8441 5866 612 9528 7260 1100 4106 7812 4945 8557 9657 9282 6338 8231 2228 5175 8168 3416 371 6888 3821 2972 6626 2943 1394 6833 1717 440 7037 9390 4525 5735 7569 3001 8415 2939 1739 786 4925 2688 6315 3811 3257 3577 2054 7844 1264 6508 8722 2458 1489 9198 1549 357 7314 2477 5673 1610 6345 2285 
1897 2376 3986 9329 3244 6764 5495 9632 1492 8419 4228 6157 6417 9660 1138 3160 3763 4664 6080 9616 3941 3537 5305 1407 4177 9604 9678 7492 9436 1572 706 6011 6588 4086 858 983 9831 162 615 3422 5276 5983 9780 7944 4015 4631 9211 8722 8513 1736 8673 7061 8307 1216 2357 780 4733 7266 1679 831 4167 6090 8727 9487 8089 1778 9248 8015 7085 5089 8733 3977 6828 8970 1254 888 7296 3880 906 9316 4267 1856 2856 7569 6556 6103 5768 6247 3474 5442 5013 5974 3522 5435 5378 1756 5986 2479 2459 8856 
3817 6208 8298 7724 6403 4082 9507 1095 9544 376 6259 6461 9171 6696 6100 1828 731 8335 2160 1256 3897 4342 6817 3667 3344 6989 2796 968 6452 2163 5011 6254 5178 8029 700 3882 4448 3817 4265 947 879 6135 5012 7757 441 7454 3049 3044 8299 722 791 4265 1036 9333 8708 7885 2243 2 4149 3557 2405 7822 4162 1646 542 5109 8877 3029 6635 9822 6036 2867 1690 1517 9989 8591 606 4746 5666 3865 6989 2020 8015 1953 3761 4358 9752 7924 2356 294 3033 1234 9676 3155 4221 9498 257 8717 8773 8126 
6986 6717 5721 2697 3497 7739 6563 486 9760 930 1690 4691 3150 1442 2615 1858 8089 5649 3092 7765 7313 3615 5886 2333 4659 2048 9319 9774 8766 8070 1567 4378 8405 5698 7388 6699 5183 8557 8002 7389 6124 1667 1004 8363 5590 9374 9009 5500 2756 7079 3699 4999 9638 9756 5336 2963 6953 9077 9315 4 4260 4914 7532 5603 1273 4583 2277 6525 5615 516 976 7669 9624 7721 6548 9406 7359 7851 9047 7166 2468 2833 3819 3739 6268 5774 3007 3854 6171 468 8138 5169 984 9114 9191 3521 7157 2928 4271 8443 
4878 7263 7795 7711 6088 179 1530 2800 3657 9186 6693 7511 6777 2864 511 5681 1224 3638 8698 7713 4936 9872 6404 3596 5556 539 9135 2249 5114 9509 6946 2585 5631 2575 6306 682 1845 5065 740 3495 2029 886 9719 4655 6123 1679 8449 3929 2851 5395 1511 2306 448 9234 3023 4971 4868 2064 4426 6805 4093 1665 1473 9000 5736 7276 7031 7367 3389 3370 2707 7506 571 3892 7371 4155 395 9505 6042 2515 2014 4059 5391 9840 6731 5576 360 6113 1439 9502 3802 499 5388 1070 5633 8441 2437 5188 6024 452 
6899 3946 2846 5766 2312 1158 2152 9988 1901 7728 6700 6028 3842 780 4582 4319 3057 9970 5389 1955 182 6480 8474 1723 7670 4499 8527 4569 4797 1373 336 4630 5614 4618 9747 9694 1319 2128 9888 2099 5948 9585 8994 2008 6685 8542 3165 9785 265 636 8792 1757 5433 165 2093 8895 1147 9939 5766 6038 555 8166 1888 2733 4921 733 8079 4276 4764 5587 7636 4281 1469 2361 3046 3226 7795 5319 3042 711 1610 3903 2829 810 6266 2167 3958 8154 6691 9719 3703 8812 5886 6448 168 7368 702 9729 100 1215 
3876 6015 2886 6918 6726 4496 7173 5907 4336 4311 6679 3297 1338 2458 3016 2460 6162 8347 4629 5525 1606 8135 4071 5483 4150 6957 8753 7805 2279 6784 9949 6615 5310 1261 8341 3910 2599 800 5060 3314 5106 9759 1471 4626 3348 7770 3834 4954 2257 6789 6408 1214 1895 3637 9019 4174 6773 789 2083 5933 8402 9843 1002 3929 2414 7243 8228 2173 5066 667 3151 4790 6985 6072 1242 2862 3455 4757 7092 7827 5283 9499 6072 9645 3031 7865 9339 1576 9786 4394 3551 8061 4187 8247 5262 8719 3548 1500 4441 4542 
8096 5471 5017 678 1112 1593 138 2069 7946 4790 5913 131 8178 8072 3501 6120 852 4996 4391 5827 6269 4834 3413 3374 1446 6797 9012 9718 1930 7192 7658 3330 4314 5665 6323 2291 284 1143 4543 6705 2776 5723 1739 4767 6220 1355 9333 2673 904 6153 3274 5068 4489 1743 7600 1565 4146 8650 5975 2479 8240 1055 3059 1323 4425 8494 316 2205 1808 1229 9471 1459 5391 8290 5786 1194 8340 9644 8648 8687 6267 8000 922 7680 8086 3734 9977 5374 9640 8833 1529 8058 4906 2615 6458 2904 6410 9914 3035 4701 
861 4436 3402 7523 5736 2368 2887 499 6090 9653 3962 6849 9912 9241 525 1535 4144 9046 8842 1283 6669 4703 749 5117 9668 7075 2216 3147 770 501 2195 6682 7768 9919 3967 2744 1193 9985 4727 4432 2677 9720 8444 9969 6306 6718 5859 2180 4164 1984 4903 7309 5696 3085 6079 3018 9841 7851 4695 6933 626 8351 8576 9683 6952 8139 5549 4693 6680 5236 5863 9690 5387 3353 7135 1201 3961 5006 6006 844 7474 4631 7871 635 8616 9587 5710 2227 2946 4557 7353 9881 6167 2717 940 1572 6074 5143 4329 7459 
5057 8150 9642 2161 3965 3463 2931 3107 7058 1283 8652 6111 4974 1139 451 7217 8782 2377 6247 1854 2473 1097 535 3642 6445 4171 6692 9660 1208 4348 9211 5853 7152 1751 4388 871 9059 6812 6613 4222 7144 6197 5873 161 6000 7314 9042 1615 5085 9590 1817 8371 7128 2993 4653 2677 9227 3821 9305 4813 3839 2945 1888 3705 19 6742 3950 4503 3358 4950 5159 5871 5989 2988 1346 3741 2080 4689 78 9030 547 1869 7609 510 6925 4752 5848 4798 5491 8519 5571 8309 512 1728 6133 4945 2551 6097 6998 6835 
363 513 4194 4640 4400 2000 780 3921 2980 2141 6943 2592 955 7565 9001 7313 8193 8783 3647 941 4017 7928 9117 230 9636 5629 6505 4278 7556 75 797 9080 4491 8857 2360 844 5283 3364 9791 3264 2059 3480 4935 6930 1251 4555 2204 9400 153 4684 4713 8155 4462 8386 4707 7647 7004 6827 1937 9715 2211 4705 727 9011 9607 6725 1063 2938 8034 502 8896 6175 6318 9115 6146 9975 6187 1011 9684 2561 2536 362 206 211 8793 10 9820 7519 2998 8970 5452 6742 8875 1120 9772 4364 6730 9998 1284 9176 
7584 7013 4863 9621 9034 1751 4393 5374 9162 9529 8134 8454 7295 9956 8092 6082 2448 6065 4524 9037 8374 5647 6676 5393 3888 9797 749 2174 1159 2530 5760 3724 9873 2554 4657 7062 864 6684 6412 8191 9390 6529 1145 192 2837 7958 6990 4146 2537 6200 1499 947 5134 172 3359 476 3938 8298 7059 6640 3940 5875 8582 4334 4154 6272 7005 3672 1336 2479 8973 8787 2861 4901 7614 3636 2865 8926 2573 3830 3621 425 4996 9517 7953 6570 8193 7383 1479 28 3069 1762 8262 2702 7060 4395 9500 7656 664 1596 