7687 9747 2538 1854 3335 7007 1809 7427 3593 2778 616 800 2588 811 9066 8227 898 5218 4069 6506 9094 9343 8782 5882 3320 8014 3869 6132 5120 1668 6250 2930 3413 2710 5887 1368 6455 4380 6543 2767 4556 5043 2441 1356 1397 2765 9220 7749 8588 137 2327 4092 8219 1003 8013 4997 1082 2485 446 744 9823 916 7079 1932 3501 1146 2401 1238 9527 9001 5321 5170 9741 4158 662 3296 1681 5080 6883 3735 3149 2922 6698 2640 980 4883 3051 444 8733 2141 4200 6406 456 9041 7481 756 6983 3681 9135 3065 
4780 7866 2899 9093 2427 1761 4241 1759 259 2814 8259 6832 6548 6673 8792 5808 7784 8035 6019 6903 5833 3102 210 9684 125 4434 3666 5753 1247 8981 9018 8269 7308 699 175 628 9028 4101 1524 1113 8758 2418 7839 5895 5647 9055 9726 376 9614 5401 6067 4787 2350 9386 1352 7477 8929 793 4318 6911 3727 2679 2488 2204 9117 8433 9148 8521 9254 6396 3662 5507 6244 3907 6314 8158 484 5415 7577 683 5068 6697 2677 3644 2964 1534 8725 8984 5681 9523 4042 3358 1400 3958 3142 7964 7056 6697 8433 1329 
9999 5081 8493 6799 4924 4547 7597 9600 8235 7579 1670 6515 9358 8961 7051 2029 5199 8910 9642 2130 9912 8577 2644 1895 8101 3484 3883 823 5270 9523 142 1687 9708 2322 1603 4921 424 8502 3908 5862 3309 6532 5903 7356 647 7942 3741 6437 3574 8495 9443 3587 1131 885 4745 6182 760 1638 3449 187 4274 885 7019 562 8319 227 7954 4488 9539 336 2713 4576 5866 7904 8131 1323 1575 5877 58 9009 6367 6875 7156 5678 3699 9843 8786 2601 8910 4122 1841 4857 1763 4354 5226 8727 5603 7519 7132 5943 
2942 905 2280 6374 7964 3891 4859 9805 3676 2300 8148 4509 8756 6914 9339 6130 6451 6123 8551 6516 9140 5592 3508 2560 2921 7727 9601 4992 260 679 8537 7171 7714 6416 4767 9344 9886 8248 4906 2457 6623 4855 8954 8529 4003 5649 4021 3163 1797 7163 2201 4556 7493 3576 4856 3676 657 8806 7303 3762 3024 6540 8741 1642 2162 1541 1055 3477 6870 4173 6860 4446 2130 6519 8577 9398 635 9431 4670 3484 7359 6242 3259 2018 142 9708 2322 4921 3590 5380 8978 3610 7022 7687 2958 9311 9518 1869 5019 7609 
9720 6395 3823 5108 626 4752 1944 6903 6422 326 1521 8081 784 6834 6241 9076 5481 7224 8891 3018 9737 3163 8592 1080 2201 8040 5324 7303 5215 8741 678 5070 8547 9855 5084 1712 6870 4173 6441 9652 8166 2834 8764 3752 6768 4763 5291 7188 7314 7465 2145 6092 222 1980 504 368 1509 4158 3395 4995 5557 8397 7995 3342 6023 482 3420 5156 2057 7297 9939 8321 3379 5478 5865 1920 6418 6943 7757 617 6909 2425 6805 1471 9397 8240 1055 7316 8898 6903 326 4288 2214 7545 8428 4108 4431 4399 7515 2743 
5738 7983 2766 4566 7197 9278 9146 4257 5285 9831 1642 5839 5871 5989 4374 9617 3741 7387 4265 6616 6701 8035 4777 9241 2626 5903 5380 259 7942 6437 5535 187 3587 3684 5751 179 9157 885 4745 6182 5314 9786 5053 9384 2816 8348 7805 9183 5933 6903 2806 7012 4714 3251 7473 178 3259 9769 4483 9849 1885 9728 1062 3824 5046 6963 5410 7519 3572 74 2394 7476 5066 507 5079 9228 1348 6549 7071 4893 84 5493 5402 2043 3088 8037 9891 8373 4537 7492 2414 8888 6169 8404 340 9345 785 5989 9111 7350 
7739 6107 9606 4057 6933 1566 5846 1615 1430 6629 7752 7921 6221 4750 9725 7915 4823 2370 8925 4936 1330 7721 9396 4303 6675 7278 6800 9259 7057 7561 1092 6709 854 8988 4193 8699 8442 403 7206 2862 2792 9779 4967 4773 3454 6489 1833 8315 535 8123 2563 4465 4244 5972 1379 6915 5419 2406 2785 8599 8554 3818 4054 3510 8417 897 4029 5 3516 1427 4423 6158 4436 4667 7898 7743 5108 8661 6935 2812 3352 8941 5515 7108 2214 7059 5663 250 5019 1846 4395 7473 9752 6909 2054 3525 1083 8537 1264 8125 
8909 1075 2162 3044 8919 5337 6713 8858 4701 7687 2958 9373 6092 3904 2336 3744 1199 576 8163 1323 5877 6367 5678 4479 3699 7513 1841 7519 7132 9486 7964 2810 8756 9339 6451 4709 6123 6516 2673 9140 3606 7367 2912 5893 5022 2444 8374 559 9578 5322 1927 7288 699 3546 9052 7426 2374 6389 1711 3638 7875 9890 5073 2457 4569 6805 391 212 7299 3944 3230 1987 4238 8462 3232 7161 694 3631 3726 8537 4708 6909 2054 147 8537 8885 1087 6995 8125 1382 4959 1205 8236 5671 2906 7829 3552 2449 5839 8619 
7503 3002 2703 1478 8822 2356 9931 1727 7986 8684 6608 5541 9153 6055 7975 4026 6932 9628 7614 2136 4796 3360 5904 7291 8445 8157 4169 7018 3425 6271 116 4341 3421 1528 5064 6447 5733 8097 1216 7022 7388 2679 4719 7891 4439 3557 1163 2704 1437 9712 402 858 8505 3377 7264 1821 1507 7587 769 6236 7869 9058 8097 7409 1596 3176 4953 4764 9809 5265 2186 7113 1925 3452 6324 5425 7520 7719 9318 8794 4462 9251 8668 6417 3752 8951 8554 7223 9355 3814 1257 8132 680 2934 6362 6548 9402 4143 2286 6859 
269 6176 11 2100 3480 1375 4678 1269 9896 1800 9729 2908 5586 6279 9952 2015 3284 2530 5109 5006 4530 7438 6535 5224 9182 7828 6806 9487 7697 7232 9257 2416 556 9936 3548 9237 6324 2453 622 7080 3073 3050 1728 3395 634 67 6092 1869 9720 9683 6925 5108 7704 4288 7545 1368 130 7427 5110 7743 4194 9788 7987 5525 7461 330 26 6793 7368 9615 3552 5839 3002 5609 8438 7641 2163 7986 8170 6972 6950 4680 794 1030 426 1285 6221 4657 2744 4242 7034 1404 881 3533 2546 3718 7814 8311 2968 4065 
1821 7745 7630 4703 4632 6546 5302 6616 7971 6332 9628 6095 3380 1437 5838 819 1400 293 3191 9808 4717 5997 3841 1137 5876 5291 5607 5080 9358 3194 3643 6620 5481 7027 3552 2937 3586 5762 287 8860 4945 5001 9248 7503 7634 5815 4782 8303 9148 2894 4362 6911 5213 8633 2553 5592 7779 3166 5008 5976 4251 6136 3471 8966 5993 6745 2296 5740 2797 5427 2927 7196 3403 5632 7196 1056 8878 1375 7567 2544 9234 2094 1089 871 3258 3886 1868 6046 5429 9840 4951 5239 1187 1704 5401 6934 9752 8309 7098 3672 
853 2684 9299 4027 2838 7992 7285 8230 106 3659 9722 1538 8120 7565 9078 6176 6318 4479 1128 7772 4255 8625 7262 7193 4277 1220 7115 8505 4010 7634 8285 2757 901 5380 7432 2519 4131 2845 2949 4875 8849 2007 3884 1058 9239 2996 8509 4247 7087 686 3030 4904 4661 9848 668 1208 2986 1868 1222 6563 1737 4972 3525 1356 9843 5762 6593 8520 6304 9093 9196 1215 1792 5006 3461 9423 2737 5512 4542 9169 6794 3352 1659 9332 8530 548 1853 2497 8936 723 8573 3902 3851 1862 1441 5750 7757 2144 1932 4067 
5929 8679 4648 6750 7622 6817 660 1877 1103 2566 4515 3497 1612 1207 5152 4424 7293 9307 7279 5953 7380 2514 1121 455 5967 4697 7842 165 3447 5774 8695 9254 2626 3232 1690 1857 3172 251 4034 416 857 6844 8194 8444 9408 8413 2447 4606 8551 6359 64 469 5601 9337 9115 1540 5279 8336 498 5947 8079 6987 8887 7343 721 6632 1009 7505 8816 9140 5169 4398 3905 3994 7473 1527 4083 4729 1788 284 6767 8090 9788 7489 5525 5812 6247 1534 9278 6793 9146 3508 7847 1007 5285 5141 1550 7829 1642 591 
1897 5260 2160 4550 7823 7403 8965 6646 822 87 6185 9463 3617 6400 3301 4627 2591 1273 8986 6650 5226 3822 5371 4567 1658 3800 2431 8781 8555 822 9333 4155 7826 1990 3520 2522 5992 8709 5123 1834 2949 1187 3365 3404 5374 3497 3386 2707 5730 3996 6915 2038 170 1284 6307 6003 8236 2072 1205 2663 8540 8298 4973 2394 3112 5868 6896 3733 7105 1638 4778 1295 7798 730 5243 5136 8423 6541 5683 488 3770 853 5714 1429 1728 5124 2337 9802 1967 9856 9172 937 7399 765 3613 3188 2315 7661 6795 7957 
3937 6665 8962 5665 7163 9501 1690 8259 3657 6618 9181 1756 4018 9947 5369 3484 9487 5799 9384 807 3185 6179 8765 4117 4426 6524 5736 4185 7312 2400 8975 6046 2909 8930 5287 636 1967 5439 435 8355 9538 3628 4538 9227 9964 6751 1479 9117 3552 8350 5651 5521 8323 3208 326 812 7128 4546 1471 6963 827 2348 617 4572 5613 633 7597 8524 6680 9074 8547 7302 5403 3840 5672 4834 4592 3065 4462 6261 4281 847 3515 5747 6654 1150 6285 5588 1839 2111 6946 1390 7928 6386 4903 7468 9408 5488 9406 8393 
6910 5237 1737 5096 1087 2352 764 510 6040 8262 268 3545 302 628 8471 1363 6385 3754 4228 5866 7366 3730 9160 4504 8141 3232 4136 9627 5096 1717 1490 8335 8898 7432 4921 2948 3792 2461 3832 2992 9068 487 4283 1363 8221 4750 3879 1571 9865 8029 2701 3189 6204 3906 3995 7290 6202 6047 7436 947 194 9015 5837 3207 3724 7191 876 2657 3048 5683 1828 9349 2737 6259 5723 2398 8920 3196 7436 9691 6007 9564 578 3104 1199 7335 9786 1701 5623 5933 4131 3106 923 7402 3485 1170 2869 8135 5951 3829 
8710 1831 9555 6138 6712 7062 6361 4735 4223 9885 4389 4291 9474 6221 2153 6566 9337 7006 2327 9385 29 9505 7944 999 5001 5825 9825 507 3165 8382 930 5254 7350 5776 970 6775 7818 698 1807 3500 2623 4115 8928 8066 4678 564 7887 6201 8763 2393 8084 7621 248 7926 1304 1515 9557 7795 7185 1852 8585 9972 3563 1852 4701 8239 2674 6967 3007 128 6714 9618 6814 8963 3835 6902 7323 5278 1429 2687 5884 7308 6751 8512 355 9978 4419 8846 7466 1640 2598 7958 9940 442 5457 161 6554 457 5734 4384 
8315 7820 4972 1244 8961 8564 3793 2622 2498 7345 7970 3912 1510 6937 2083 3391 4467 317 5192 8829 6599 9289 9497 9762 6568 9071 6378 2626 6076 804 3844 3384 6335 8786 613 4599 8396 526 7561 4758 8189 5118 5727 4644 5905 4557 2037 2270 1305 909 7433 9703 9093 2763 8962 9628 1896 264 1704 6966 2510 1118 7726 7309 6787 4042 1089 9863 4960 1097 8172 7530 9511 3787 4148 1161 4777 9126 6934 1340 5289 4773 111 3506 3771 4371 5200 8135 1455 9153 788 6706 7602 4959 5804 2878 303 4625 3476 5414 
2276 1319 8841 7841 3181 9998 7744 7983 9382 3832 8226 9205 5688 9076 1958 3795 5874 8640 2473 9298 4855 1621 1346 3875 409 1573 6449 2115 7621 3667 7543 4477 3021 3103 1928 3297 5046 2669 7541 9959 637 9117 498 6016 703 2151 3761 9778 7593 4052 5283 2784 1288 6461 3277 5080 2520 8387 7938 7452 6254 2437 3996 1310 6639 3463 7178 9793 2423 8508 9060 8353 1385 3708 7610 6953 557 7885 425 1655 1149 5039 7029 6783 7466 1817 9313 6923 7382 414 2557 5167 552 6378 3917 6706 3602 7815 9521 7789 
2725 2420 7507 3700 7618 5940 3861 4911 1077 142 3761 8507 4190 2122 3067 2637 4939 5285 7829 1642 3832 6592 1024 9821 4826 2933 6389 504 3638 7875 5073 4569 6968 1570 9756 1987 1875 8462 7161 2131 4712 6920 6472 3250 3547 3048 3056 3232 9205 9640 7372 3637 5135 4560 2826 6149 5587 6917 6354 5254 4354 8077 5571 6325 6601 7408 7428 1241 3600 6978 3075 2633 4881 2015 957 2315 9357 686 7336 3563 6854 3184 6688 357 949 6202 9587 1181 1815 9345 6710 852 43 3422 7932 5329 7951 115 2202 5534 
8540 5740 5871 165 7988 2108 9779 3512 8404 5135 7524 6041 9681 4894 4188 861 3603 2845 2511 8567 6168 784 3572 5397 6889 186 5763 2913 1693 7539 7725 1683 2869 8189 238 145 2431 6303 2315 1209 4340 7043 53 1948 3673 4923 9433 129 6775 6863 1886 2719 536 5723 5483 4571 6223 4577 3984 1365 4912 9412 8171 3541 3111 5202 9665 4242 2497 5171 3008 8134 1490 1320 7223 3399 6814 8459 2564 7909 2163 3059 2475 6699 4064 5890 6968 1987 1364 1897 7755 5927 7117 2145 2993 8871 2647 812 6428 9101 
2433 2513 7912 5927 2868 869 4736 6804 4081 2953 1952 8472 6520 6181 3886 2625 5964 6067 1401 7454 4231 5859 9018 1750 6654 5319 7410 9663 6527 8218 9230 2488 5560 1580 9616 2838 8318 3814 4387 6962 7410 7338 1207 3316 6898 9419 1800 8616 2437 1384 3233 1671 5445 4461 6949 1564 8106 4765 2553 3014 7551 2856 7487 1122 8344 6457 5704 8885 8216 5642 832 6586 3846 8539 6436 6035 4641 639 3671 422 3953 1027 8072 9512 4728 1938 283 945 694 4534 5552 1478 7528 5671 4374 5420 7372 7131 2091 3631 
5431 4310 2735 5675 4192 5219 1017 8026 5363 2845 5763 8443 5131 8828 3049 344 6000 9364 8410 2194 6041 9977 5407 9287 3179 9192 4529 2661 6180 6061 2774 6184 5975 9184 5702 4275 3168 7441 9167 8658 6476 9614 6787 379 2876 3193 6092 8945 2521 7759 8991 9761 3193 5134 5409 1867 7164 9685 9322 7759 3849 8575 337 7832 3661 9543 8626 3433 8103 8496 946 2712 5888 5564 5529 3707 5876 4229 5788 1587 7085 4711 2998 7851 2696 3691 1939 7835 427 4215 4242 5704 1478 3334 3421 1876 3522 6482 3794 6777 
5944 3237 4273 5062 9202 1167 1647 7633 7738 3776 1175 2668 5989 4374 8360 8369 681 6863 6858 4684 990 5518 7333 2514 447 8250 6981 2215 6086 6023 2642 3110 9862 2838 63 7045 3109 5469 6652 3654 4422 6221 7844 1083 8885 1087 2150 1902 8125 4456 4959 1475 5671 6185 4147 8919 4269 8858 4896 3610 9532 7687 2958 9373 840 3904 7552 5019 983 510 3792 5108 7987 4752 6903 6422 8843 3863 3797 3266 7059 5663 7427 2194 7473 1375 4083 4493 2157 8759 7987 8538 6265 5812 1929 2190 6989 9146 7340 2906 
7847 9615 5285 3552 9325 6684 7641 9931 5544 7236 788 3739 8684 3999 7975 6284 7649 7614 746 820 3360 4511 6994 6957 3342 5904 3720 3184 7291 2784 9624 5045 8445 5921 432 3914 4169 319 3661 3059 7654 7418 3800 8200 7752 3617 6916 9083 5230 9428 1773 7182 2919 6179 8669 72 4925 1006 5259 6915 4841 4366 6247 3899 7060 4035 8918 1699 9593 925 9409 7348 8820 4041 3522 5458 6359 3734 1489 5844 2827 3150 6672 7832 2972 6745 9813 7939 2562 3302 2166 7742 780 8961 8048 3340 1824 7870 7485 8678 
1405 2426 1949 7262 9941 7967 2654 1052 1069 3649 5190 28 2384 3588 3904 665 2674 7778 7257 6108 3583 1644 5055 2732 4789 82 5259 7484 2751 2104 3175 4769 6380 3623 3752 4556 5756 3651 3502 2528 2911 3563 4844 5849 2775 2738 6165 6080 8477 2670 8031 5306 4607 4022 6794 559 9582 948 1113 304 6069 6897 3532 7570 7239 1079 1155 1947 6819 4612 9169 5899 6567 1475 1448 1115 3427 5151 2546 9612 5946 7701 1699 7372 4065 4776 955 2856 4560 4203 3466 3104 4031 8953 2641 1611 0 8440 6655 7119 
3126 1996 2009 6529 593 9705 6981 8612 7896 3010 8340 6872 6560 8175 4983 1041 5163 6966 8920 3814 4808 5154 8120 3898 393 9769 5171 90 5103 9341 1830 3125 3540 3439 5945 3874 222 9093 7547 4943 3678 626 4615 711 1884 7580 8092 2437 5470 4280 6125 5310 9612 6803 4277 3908 1824 629 4766 5422 9729 1744 806 4512 6707 7038 9370 3080 9179 6808 575 5217 692 2696 3960 9278 533 5498 4373 6823 4307 2377 660 6801 8743 5476 1593 5549 5594 3889 6361 3381 8515 7894 1691 5850 9267 3209 3715 6688 
5498 6643 5308 538 7021 8023 2123 9412 9642 7735 433 46 5214 131 9213 3205 8435 5325 2566 243 1039 8367 6724 2850 6246 1811 9754 6055 2084 7777 9952 1219 2370 2948 334 2545 8553 4012 5511 8189 775 1670 7099 9509 2737 3429 1459 4621 4971 3145 8800 3251 818 361 5559 2062 9926 9100 2359 2052 9115 9476 6588 514 5630 251 6111 9190 4531 6738 8791 524 4258 509 7214 6016 6502 448 4162 4189 8660 8517 7602 34 8453 3701 9583 422 6429 9942 3608 8913 1086 2735 6939 2343 7417 6338 596 6703 
9766 6904 9195 606 2949 583 4875 8425 2145 3409 7879 3884 6315 4978 2866 3830 7334 8978 7382 8510 5998 3112 5484 7243 3362 1865 9752 6118 6246 4460 6219 2218 4368 9293 8098 5838 6769 2072 6265 4794 6608 4396 5350 1982 5952 505 5085 6398 9885 4791 3983 8038 8621 3445 8784 8065 3361 7456 6858 7816 8189 2599 5971 7232 6381 3125 8596 3152 6363 4522 3233 1757 5845 6780 4949 9293 5627 2934 5579 4587 2098 5998 8279 901 7933 9467 1547 5605 514 574 3446 6693 5797 5782 9189 3284 1688 2500 3692 1661 
2621 1533 6850 5469 986 4596 601 6633 7035 331 1365 282 1314 4644 3839 4144 4383 5871 6515 3955 1451 8425 4471 5773 6459 3087 2298 5118 8093 2623 4787 9506 4988 7984 9827 1207 2325 8581 8022 1725 2024 2606 6304 7074 1076 1504 1977 9993 5486 3862 9995 9080 7024 3992 3119 193 8964 8533 6890 9736 1005 9312 7959 5852 8480 1501 8635 950 6241 8277 3942 9353 3190 2464 455 7000 3295 4479 6549 2787 4231 1172 3094 9283 8862 2242 2336 8895 4921 1039 2633 6000 6439 1653 2461 5980 8718 9068 6353 4283 
4800 872 5092 2865 3497 3374 7351 3670 2248 9826 432 2903 7381 839 1317 847 1026 5477 8457 8029 5762 6486 7594 1856 623 8255 2515 914 6313 5931 1731 812 3119 9568 6249 3410 5609 6349 3589 4903 1141 1018 2709 9738 8736 7267 8059 2580 2362 7450 4717 9569 9754 1808 2750 8727 968 7540 4461 9708 5407 8082 6164 5918 564 1102 7351 8738 4530 343 394 7566 6142 709 250 9069 1194 9522 4532 7978 3550 6826 2677 8337 6468 798 849 2546 774 9357 8887 5473 9834 6665 8142 8992 9091 8847 1197 5999 
5733 709 8472 3918 1298 1624 3252 817 3296 3235 3761 3579 2463 7442 2929 1243 1495 9694 5199 6595 6626 7060 7396 2000 9537 3427 2049 9091 8286 7101 513 6087 6169 7411 2530 2068 5495 324 5486 547 6825 9918 3951 4915 9439 2061 5333 8692 8996 6880 5920 4631 3090 5220 392 568 5646 8121 1566 6198 1119 838 4066 970 5325 6698 771 7745 9743 1310 4319 987 5472 9445 9019 6856 5256 7067 2292 6908 7533 7452 3554 3796 1597 1279 1685 920 4499 1140 9688 7478 5189 6691 2547 7403 877 4578 8908 4290 
3836 347 465 2390 4194 234 5502 6766 4111 8980 3503 4036 4961 9078 119 1168 9656 2949 8539 3 9570 8929 1331 4276 2110 5763 7086 9602 2152 8022 315 4852 8232 7984 3211 8774 2619 9404 4289 9503 1572 8872 6714 1425 7926 3831 6251 1842 5051 1454 4387 8087 6421 18 7944 6800 3999 3308 6454 6010 1754 4154 5686 5543 5202 5526 7140 6004 3933 8669 6681 2771 3581 5387 1423 7822 2366 8280 3079 5459 6189 6735 5904 2346 9672 2323 3985 6575 1803 4915 1137 2951 5162 1856 9666 2410 5959 8034 8839 5976 
2635 7769 4899 2161 3258 5715 7820 4154 253 3605 81 9729 108 4146 7461 1476 1205 8049 9393 2808 9746 503 4486 9978 3075 146 7027 9365 3472 6190 6694 5569 7857 9947 8921 6700 1908 5671 75 8208 6737 3659 7747 2889 1505 6322 457 5963 562 179 262 8779 243 8691 5423 3861 1994 1583 4779 2020 1811 2119 2589 8609 7863 1716 7588 9028 2122 7920 1379 4358 8055 4405 6939 3591 6718 8032 8159 3228 5051 4103 1942 6106 316 3011 7281 5006 148 2763 8108 3209 3526 1626 1720 8932 2317 9162 6195 629 