316 3464 8987 7444 6504 3329 6354 1229 5147 1220 2108 6904 1509 3714 3395 7176 5010 482 5156 1805 7730 9902 7087 6154 5942 5877 1366 8822 1322 9721 148 3817 655 6700 6933 1566 5846 108 4241 6741 4780 8142 2241 9400 8249 1751 6549 7962 4067 3990 7191 8986 8415 56 4325 9737 8476 7876 9219 5980 6371 140 1472 9272 3678 6653 9853 7044 2334 9349 8742 6791 1892 891 4026 6458 3511 7244 1245 2815 3968 2986 7573 6246 2885 9593 3820 1927 9521 670 7879 1505 2396 941 8519 6058 2115 6745 2049 3411 
6018 7885 1550 5610 5476 3757 7802 9802 3103 7682 6297 8370 949 5045 1618 9916 2031 1095 4185 3465 5736 5428 8422 1212 3636 8531 7790 2460 6897 3872 1690 6297 5345 7246 5737 3316 5488 7345 4534 4037 8119 7350 2304 5447 8549 3324 4511 1855 2423 668 9321 7363 5853 5580 8054 9178 3791 867 1018 5797 8212 9834 3885 7184 4987 2086 207 5410 1071 7265 3760 9725 4285 2251 9148 4850 2007 4678 4994 2874 7143 3952 6977 6473 7838 513 1461 7170 7193 3730 4361 2177 4801 2289 4526 2264 5370 3129 2166 7585 
1333 3369 9593 2364 8819 5506 6258 8365 8835 2731 6203 5700 544 9725 4652 5365 6267 4608 9696 8556 5486 279 8615 498 2445 2553 8183 2166 2146 547 529 4960 9927 2232 3275 9555 1957 4279 3645 9644 6264 2725 5693 4820 358 1451 3179 856 249 5732 2415 4230 5939 2945 1548 7251 1684 3280 9259 486 9590 817 8099 9705 8296 729 5434 1988 580 2981 8664 6719 4826 2914 4795 1844 4610 2893 8983 4791 160 8996 420 8693 2541 5756 3818 1366 6938 8130 9928 9187 7575 9308 9267 8053 2850 243 5959 7194 
1684 9371 1570 7109 3419 4368 6980 7289 2746 4776 778 936 8107 4368 8112 3284 8628 570 1891 6883 3989 7792 1717 6086 3708 1603 7406 4556 8908 9728 1037 6350 7868 5485 1277 1755 6150 9961 9730 7490 9136 7111 4163 128 3971 4883 2543 4201 3564 3494 5414 7648 3722 8531 1571 7119 9430 4227 2362 2147 3914 9369 3319 5457 2888 8580 5113 4537 8082 1627 3003 5795 9703 889 2885 7381 8058 4911 5712 2761 9684 515 4433 9990 67 7211 1935 6041 9056 4441 7906 5750 8359 1019 1805 9050 2238 4708 5668 4316 
4677 4434 613 9649 6553 3373 5881 1232 9677 1325 9583 3635 7430 6865 7498 7275 6776 11 7734 4874 2131 8933 7215 2430 3376 2729 3244 1367 4828 9272 4947 4418 8852 2752 1489 6154 6263 1362 1985 3895 3367 6187 2779 2353 3299 1254 963 9383 7096 8240 8561 4599 4178 296 9402 9861 6654 6787 565 6174 4608 7810 4765 343 5658 8386 640 7483 3510 458 3121 432 8161 5727 1423 1882 6493 5106 1240 6063 1688 6828 508 9066 5708 495 1257 6230 6599 620 5145 4904 4840 9896 8232 1873 4889 9312 7136 7213 
1380 3348 7987 5876 6339 2590 6421 433 4471 5879 5163 4808 8120 3898 4938 2976 5573 4311 3785 6829 8978 5944 6972 6051 3025 2885 6557 722 823 9680 3707 1771 7800 239 4395 4295 1490 3794 4272 9988 7182 693 9471 2440 2874 3559 7124 7946 7895 904 2454 8566 3686 5072 1924 8200 4582 2260 9323 3971 7172 9626 4325 5837 9572 5255 3867 135 4149 7673 9515 8248 4457 1268 1527 3206 7492 8919 8634 1023 790 1525 449 2976 6086 4143 6023 5095 3390 9278 7368 7340 3508 1563 9615 7305 3002 2703 5609 8822 
2356 6684 9931 6344 7986 9590 1781 3999 9153 7975 9048 6932 9628 3105 4511 6957 1499 9642 7291 5045 773 8445 5921 6919 3410 4169 3316 3661 2248 839 7018 6554 3425 7826 550 1936 2679 6861 2167 3039 684 765 6639 6611 8722 2458 3495 5109 7822 267 7660 8890 3359 7949 6828 8115 4702 3856 280 7554 162 4447 9239 3409 7132 2601 1369 2777 7989 6991 2592 4246 4857 1615 277 4670 2565 8602 1945 4051 8549 7088 8298 3613 6751 1512 3494 3449 1913 5590 9149 6448 4653 3209 6041 3335 4847 8606 3583 5525 
7509 8515 5096 1717 9765 4825 9924 8335 3594 392 5303 2336 1896 3212 7598 3090 9603 2527 9245 4578 4269 5448 4762 4131 3941 3170 3705 8772 7817 5969 6513 8807 4051 5970 8573 9707 376 6723 2011 2785 9412 8275 7402 5876 24 6584 6901 8195 5393 9417 472 4031 179 6674 7545 1368 5663 7427 4697 7473 1375 4083 2649 4359 7789 5550 3989 394 2799 7938 3840 4821 6474 6438 6101 6549 3295 3212 8984 6233 3928 2335 9706 840 7757 7118 497 3786 4207 7508 7546 3293 2570 2977 1940 3429 6478 1046 4085 6480 
1622 9058 2372 1077 1587 8519 5497 8978 981 3966 4257 6678 7355 3986 8277 6861 8158 2029 5402 411 6611 6189 8722 4230 4569 3495 1346 3215 6592 242 2308 4695 226 4002 224 762 7896 9706 4085 9242 840 3280 6757 7098 1832 7358 5003 856 967 7163 4349 4228 7339 698 4757 612 7366 9528 8508 2573 618 9412 5145 2308 9729 4205 8594 1690 3704 8817 2336 4059 3098 320 8069 9472 463 7558 7879 287 9752 3957 6401 6909 3577 284 5685 1449 3525 2066 5327 1190 4355 4190 3805 3152 8414 4098 8733 6102 
7699 2457 5945 7939 564 4855 8529 3369 3966 8657 6200 3197 1689 3986 8361 2167 3039 6508 6639 6611 1549 357 5109 7822 7660 8890 7613 3359 2991 4265 3478 9498 4469 7899 4519 8115 4702 6300 3856 4265 2399 1331 7844 893 7360 5083 8072 6268 4580 1148 4900 7651 1630 8433 7229 3742 4991 3234 7387 6901 5561 2534 138 2581 4817 2509 7019 8216 5642 1640 832 5482 8126 6346 1332 4892 6462 8711 8836 3321 8147 6455 2555 2913 6102 4401 3844 6497 1914 1982 1310 842 3161 9333 5826 4395 3966 3311 6200 8379 
7308 6465 537 7720 9843 4092 2965 6185 279 1543 5059 4596 1791 8664 2668 824 6213 8013 9894 5719 9328 1346 2080 7239 1148 1718 9416 2205 3347 3004 7615 8313 8735 2736 2849 802 2507 1062 6277 87 7923 410 6805 2382 262 7983 5913 8542 5692 9882 2250 8715 771 6961 2482 3898 4822 7732 4146 6762 3010 4784 8718 1618 9578 3041 593 3089 8158 193 4054 5564 4446 205 4441 2219 129 3218 3165 2407 593 7553 8683 5881 7417 6284 7350 3567 6703 1792 1596 9204 9458 5740 1067 7725 4661 6638 6476 1821 
9486 1972 7986 4117 639 3600 8803 3878 3211 4938 5766 9932 8674 7228 1633 3775 6720 4876 4933 9759 511 4682 715 6810 1781 9084 6851 2380 7851 3851 2660 6413 9487 8816 1284 6904 320 3115 9136 5658 4972 1057 5218 1857 7714 8406 7126 4821 6474 2449 5144 7081 9603 9245 3008 299 8841 3581 7952 2735 127 4080 2043 2610 9809 3677 7811 8824 5122 8852 973 7671 3110 7102 6122 4372 9383 4330 8474 4714 4432 5774 5858 2320 9422 6452 5762 5202 3051 3024 4616 3654 2854 3507 8611 3904 9476 1558 6081 8015 
1324 1302 2789 9143 9630 7559 1189 6611 4162 6143 1 7358 888 6755 648 5015 2901 2780 4309 4467 5440 7187 3170 7552 7904 5221 2822 6217 3190 6414 1527 2718 4000 236 2968 9079 7612 2727 3916 8891 2922 3804 6608 2163 5389 1217 443 9632 4372 9724 4051 6179 1896 7227 8771 2745 4954 4149 1882 5560 2034 1773 6961 5039 9464 7641 8242 901 5964 7497 1774 3305 2357 2108 831 4662 4167 6090 1330 4146 9248 1986 8181 6743 5200 3224 8144 968 9009 4515 6542 1801 4177 8339 6769 4058 1188 9757 6547 2875 
3728 9498 8550 2100 8870 2219 2388 1910 792 834 1335 3516 8182 1769 6743 3357 2227 7727 2420 3168 8015 9675 7967 2221 6214 4789 6681 4187 8247 9023 5401 399 5401 2450 2584 8995 769 3224 6277 1652 9949 3351 8305 2431 1488 3206 3167 9245 3971 2677 9268 9760 2368 6856 9427 9600 9433 8526 7924 8735 4874 5172 8032 7154 6455 6543 2767 309 1800 1356 2765 2625 9891 8061 9161 9269 7646 1214 250 3681 1954 6338 2367 2728 4792 5879 6305 2504 7695 9273 1265 4286 1429 3070 7126 3274 1682 2770 8959 1751 
4867 6132 9941 7288 3419 3156 4618 3607 8622 1370 6698 7339 7673 3648 4691 2539 4785 4294 3156 5967 7279 4388 1747 5967 9823 5130 7842 2328 8577 5406 2934 4788 2170 5147 6092 1645 1220 4795 8779 1292 6456 7137 2441 7689 2634 5210 3924 1128 140 5093 3653 6636 5536 5394 199 7227 9927 5853 9197 270 2157 9891 7108 4932 2689 5794 2650 1179 3984 3035 9674 9074 5925 6567 2230 1390 8855 8855 1308 8325 7347 266 2402 7823 5472 7442 6860 5584 5775 2389 9933 764 3768 8485 3862 8603 4229 4692 5432 8543 
524 245 6619 8576 4412 9630 646 9871 4424 74 7804 5733 380 8726 2978 6280 6729 7488 5897 8033 1454 8144 8185 5407 9021 5054 2768 6610 7657 3028 4008 7402 5644 1786 1691 2752 6760 9150 6822 338 1291 5348 6918 4282 9167 6588 3390 4313 8515 4529 403 7759 2267 7813 6718 4051 9767 2970 4393 1137 8958 1235 1711 6008 1695 8293 2272 8427 6115 2787 3288 9665 8938 8102 4762 1837 5804 8196 7563 3808 3778 2663 7894 612 8606 4878 454 1003 8919 6766 1329 1023 3481 4298 790 575 6193 587 1065 8277 
3812 3937 5403 8895 9933 2629 7924 4991 5541 6206 6015 9083 2768 8931 909 5424 2202 6030 8674 2013 5610 8644 7431 8267 9010 3781 5691 7015 9470 748 4284 92 2976 8415 9730 5373 5594 5648 3314 6117 5849 6628 7060 2803 9726 9752 6909 5863 9998 1475 9196 259 2586 2561 9399 640 4994 681 5089 5770 5698 3463 2717 2308 9155 8806 3572 1682 7837 1300 1867 6532 9703 9959 961 6071 814 8707 7763 6731 4325 6074 7071 8495 1494 6338 4635 5340 8572 2087 9788 393 284 1088 5922 3567 5527 4356 5251 2374 
9881 3526 7471 513 2997 3120 6839 9940 4182 6502 231 9733 1941 5971 5789 4144 1091 8300 7688 8437 1395 6749 3207 4902 4780 7086 2608 6020 7372 4305 2361 5715 8860 5831 739 2808 7113 4454 2735 2660 3168 2630 4728 6710 5129 980 5570 8876 3957 6920 7328 9639 1750 2568 5303 7131 7260 6049 596 3481 2554 1402 6216 4570 5198 6294 9193 8260 7775 182 1951 5402 5327 2577 6918 4932 8166 4386 7763 8439 4121 8759 6078 6654 2778 2328 376 3412 2276 3605 5634 6905 6871 4076 4568 3581 6465 7449 5961 1633 
314 2863 8233 2387 4518 4241 9246 594 1711 9481 2071 4219 5583 1978 4841 1590 4282 4968 1914 5603 5655 369 4402 693 583 2386 1578 1778 3273 6646 5983 9794 3331 7153 4645 8765 7945 3097 5155 6778 2050 3237 7614 9778 6326 695 2444 7464 914 5356 6513 5681 7558 3884 6315 3811 6909 3577 2054 679 7844 2500 1006 1264 5148 6995 8125 1382 9998 1190 3365 8236 8909 1075 854 664 8919 2257 5337 7337 6713 2664 207 4269 1395 8034 8858 6798 3705 4896 4701 7433 9532 4109 472 7684 7774 295 6092 9518 
9735 5019 7609 983 9720 510 8417 9683 6925 3823 7987 1944 5848 8843 4288 7059 1698 1846 4395 4697 7473 8393 5477 3416 946 3575 5010 2971 8537 6886 9300 4562 7019 7808 5983 7247 3835 1895 7679 3247 2816 9665 892 1092 8396 3757 6709 854 8988 1407 4193 4115 351 8614 9506 5776 1146 1453 9731 5072 5293 9094 5709 667 4684 4846 9590 9830 143 9395 7896 6638 4174 6378 1161 2298 1446 9745 5225 5194 9676 3904 1518 5807 124 1243 3773 6672 9755 7230 3382 2134 6687 1685 3322 7640 3375 6072 7184 5092 
5400 5081 4555 3230 3996 4358 3165 7692 3077 8161 423 3654 5727 6342 7149 6302 2754 5449 9927 3946 797 1446 7264 7607 4309 2536 2223 6964 5534 8053 2362 4968 207 3954 2021 3044 3780 7042 5635 3894 9375 8044 3742 9722 3706 8362 838 2003 3245 3623 8495 8240 4665 7862 546 4356 7285 4137 4975 8291 7409 110 4530 4103 2136 8370 5883 3900 3496 7929 6418 4513 6712 9614 261 1348 8108 512 9838 8394 4942 4767 6694 7514 4176 22 9355 333 2245 8872 3125 9999 1270 2324 2921 3269 4626 9046 6559 2548 
5334 5261 2909 556 6623 8297 2123 9164 2214 5455 1073 4118 9631 883 4620 5603 1324 4669 101 2358 9172 5873 2531 8248 681 2092 8176 1931 4818 9099 2668 9134 9508 7013 9564 6299 4476 2643 5443 7965 5148 7321 5706 6326 5152 1418 6347 1472 5614 4933 2436 2514 9392 1867 7310 1559 2186 6698 9989 4103 6928 5586 889 8004 2190 3288 7435 9599 8120 25 9469 312 2085 8883 2906 6887 7859 2526 1011 94 2233 1677 7324 9260 3995 8087 9049 3244 4602 1440 4090 6744 4228 6606 970 722 7504 1330 1087 2400 
9913 3312 7059 6083 8283 4602 8183 5807 1250 3790 2518 1740 8815 5303 1155 2186 865 4559 582 801 6947 3821 4677 3617 6401 9266 6881 7896 2934 80 575 4638 8856 8425 9503 5525 3021 7807 8514 4421 3098 320 9313 8069 8903 6122 5469 4714 4432 3317 2858 3917 6898 9765 9924 2445 3594 9959 392 5303 9193 8589 7928 4703 8369 9589 2221 1928 9930 5092 3690 5627 5337 195 3687 5141 2547 7251 9133 7706 7819 2340 3424 7792 7092 7400 2613 5128 363 7864 63 8048 5514 9267 4168 6566 9288 8459 4081 6945 
2935 1849 3877 5247 6950 4053 8822 3320 1925 3269 2587 6630 9786 3346 8492 8306 7520 5013 3334 3970 2505 3838 2074 7279 8570 2580 6692 1561 4039 3144 4862 1740 2287 3894 9400 2044 7002 9538 9428 1989 8199 7272 702 9021 9978 6751 1881 7772 2119 9743 6939 9796 9274 2037 16 9213 1310 5772 3942 6743 7433 5537 1824 3566 9707 973 966 5771 8382 1886 9037 5285 4776 3524 2504 7468 7568 4079 6805 5492 99 9681 5940 685 3245 6241 8079 4211 244 2285 2922 1273 3766 8292 5366 5210 4699 5874 7015 479 
68 4712 3539 9404 2317 5086 5794 8428 6535 4431 4494 7515 5180 7983 2306 2766 8807 4051 748 8552 6723 5496 850 9412 8507 5377 5575 2702 3075 4298 1401 1096 3071 6912 6845 3146 4739 7636 5219 4761 6923 884 1344 2572 5893 9333 3176 47 1286 4373 9553 8964 3062 8792 2560 667 3012 4299 2256 4641 8225 8163 9881 9295 9633 4619 3546 8993 2750 1441 4417 344 764 7447 7329 2976 8110 9472 2346 7558 2549 1063 4708 3257 5542 5863 2054 2500 8885 2150 5327 4959 3365 8236 5671 6038 9196 279 2162 664 
7212 5337 1395 2958 6795 3109 1376 8510 8434 7537 8474 1960 2141 4238 2766 2592 955 9368 6316 6561 3490 4684 6825 121 337 9468 9361 8435 4857 1763 3822 8858 4567 172 7182 118 4993 7341 4942 5976 4805 3991 9728 506 8018 53 9408 2631 9163 5816 2416 997 4013 4646 6499 8596 9191 4788 8369 8256 4634 1758 3690 4988 3687 5141 597 2035 1625 650 5466 5627 1718 8485 8603 9903 9647 6091 6291 3293 2007 1444 8829 8953 332 7475 9670 5377 8292 6805 789 1870 1192 9 3208 1296 9307 715 9924 1873 
3334 585 5057 5556 9133 2714 650 9980 7069 2493 9826 6541 423 5465 9664 1998 6679 9744 1056 6108 8993 5247 3522 8405 3553 856 4132 7164 618 3069 9751 1684 2210 6653 3319 2834 3318 3610 7391 8875 6060 4590 8868 1165 4908 1443 1744 8990 8402 888 6470 9273 9573 4840 5679 4578 4929 501 4904 8719 8487 61 6654 3999 6608 4577 9153 7676 1733 8417 9048 5922 9628 3063 7067 2090 9628 6519 3984 4134 268 8266 9946 3027 9485 2764 1194 1645 7414 3177 6772 4046 9958 4631 5435 5546 4475 3581 3959 4667 
1712 3805 6008 3074 8377 1023 9693 2276 8496 22 8086 1892 2151 8671 5225 7048 7656 7433 1973 364 1672 8274 2967 9500 861 5439 1225 4036 9432 2712 2106 2362 7966 5142 2621 1113 7407 1849 8207 1753 8741 4206 3871 4653 3178 8821 1093 4713 8494 1902 8756 2806 7360 2937 428 613 7108 407 4740 9922 7990 3318 4925 2992 3802 8743 3749 9905 5729 1220 1884 4945 9909 966 1788 8753 3115 615 6556 1838 3058 6422 6318 3615 9023 1744 456 7405 2043 1710 2818 6515 8988 2619 9763 8314 8811 8327 5637 2561 
5563 3926 7755 8583 5724 1243 8764 3390 7677 4092 4610 4266 4091 8419 559 6284 8517 6201 2580 7460 7753 9913 9714 6200 5747 7439 2633 3406 9866 8686 6335 3774 7212 8234 5631 5716 6021 755 1161 7346 6455 6064 7657 6750 8001 4398 1324 5637 5738 6672 2306 9820 7197 1703 5425 9112 4409 2220 8318 9243 3780 7341 1803 198 2030 8779 5845 1307 6493 6026 7802 2507 7614 746 3360 4511 6994 4406 6957 7487 3342 5904 2167 4444 5402 7443 6189 4230 8932 1549 357 2524 5109 7822 267 3596 5095 6587 7387 7613 
7706 6423 2991 4280 1263 4348 8111 399 1511 9084 2072 3270 3556 1322 7792 148 655 2023 4057 3142 6556 1430 5575 8156 315 6221 9725 7915 7624 9273 2449 514 7503 3002 7641 5544 6344 9590 1781 8684 998 5993 9214 6019 9675 9205 1265 3050 5617 3293 9692 2336 2601 3630 6830 6269 9916 2072 8761 1454 302 4910 331 4436 9619 954 9512 6904 7083 320 1222 3525 5762 6593 8520 6304 9740 60 8560 9196 3983 4130 3116 2005 9417 6828 869 2921 4099 2244 4258 3401 8222 5013 3161 7432 6158 1693 4038 9542 
7961 7976 5792 945 7229 8151 339 7320 2568 5013 8449 2107 5883 7667 3965 2857 4039 2498 3859 2371 6263 527 7225 9592 3564 233 4481 5417 8288 2111 5770 1419 1222 3453 2977 7803 6082 6050 9833 1252 4167 4787 8823 1758 808 7984 3488 2633 9954 2889 9472 8833 7466 7199 9585 869 8038 3706 9761 9122 3282 3595 9960 5360 5835 9158 2657 4766 4011 1969 7960 472 6818 8153 4334 2581 547 2277 9481 7205 1640 6330 4016 8183 882 9483 419 4475 9577 9648 4183 9823 1455 4635 3726 8982 6199 8827 3559 8595 
656 967 7746 7336 3820 4444 6517 3097 6442 9780 4838 8624 8378 4829 2103 8309 710 4512 3760 3932 7959 4748 919 5118 9926 8304 9485 7794 4696 1218 600 6135 5208 217 3721 7721 5102 2591 3716 4547 9477 9416 8542 7171 5539 738 5526 7648 3722 8726 1799 916 3042 4066 2166 880 2779 5971 3856 2185 5118 2928 5226 8924 3252 3575 2006 5850 1882 6061 5872 7602 2391 2854 8554 974 495 1257 6363 8308 213 3836 1438 9987 7147 3976 3027 4253 4642 5971 7223 5359 6908 7816 1908 8637 628 8923 5723 3183 
9309 4351 9341 618 8346 660 2730 793 7940 3618 5012 1656 6724 9347 729 8847 8076 6739 4280 4469 7899 4488 9891 897 7149 4503 3358 2728 5879 6405 6305 2504 1087 1382 9998 1205 8236 5671 6185 1075 1543 3044 2766 5239 4649 7696 4037 6197 1973 5335 6270 9523 9087 2106 653 2505 4480 2040 2571 3278 6727 1002 2314 5163 6499 924 4203 2055 1184 2202 9457 2268 3792 907 5607 1168 9744 5319 1285 5771 9230 6841 6633 6183 6060 3002 9094 7475 6650 2271 6342 1184 9827 5336 2440 3663 1514 7778 5333 8138 
3723 8198 4748 5192 8799 3500 1039 9713 6764 2978 7023 4217 3998 3976 3631 1368 363 2687 9019 6410 1092 84 107 4700 3409 9819 1984 2927 8180 8265 3533 8800 1240 5775 8348 3752 5713 3140 7630 6639 4987 6616 9153 8463 9628 8564 293 3191 9212 4111 3841 1630 1945 8693 9638 3106 1170 1889 2203 621 8508 58 5488 3805 5584 1853 2363 1552 5394 8567 6041 2999 2412 6555 1730 9552 4384 4511 9814 2234 8449 801 813 2119 6197 680 2075 7260 7663 1532 5251 9194 229 6396 8101 7957 8447 3664 3922 7455 