2309 3894 6739 3775 4977 1390 3745 1310 1763 2171 5721 8537 5226 5143 6838 5985 5438 1052 1688 7820 9408 3044 224 7833 2040 3939 5203 1917 549 2432 8732 907 1477 7377 8261 5557 6958 1786 7852 238 9707 1004 5104 8382 6857 1886 466 6791 444 7903 5366 8512 4949 3970 138 4052 2290 978 4717 3949 7738 6236 41 7019 1234 8129 5117 5418 6515 3181 9418 6254 7054 6386 282 9162 4255 2776 8499 3604 7417 5516 5321 4229 5153 1724 8857 4565 587 8069 2289 1633 6554 2471 8075 8233 5234 4264 3812 4563 
3037 9676 2461 6512 1165 1124 475 5163 431 6739 5638 2420 8829 9915 842 6332 8192 5642 9712 6416 907 6102 3201 2985 8433 7699 9344 2421 1191 8248 4906 8943 7939 84 9796 1746 1405 4606 4257 3311 6678 4927 1689 8613 2679 5654 8361 5569 2167 3328 411 7443 3495 7560 7118 5109 7822 267 3596 4424 6423 7949 1038 1576 8115 8912 183 3542 897 7652 3127 7426 4927 1789 9890 2457 4569 391 3520 6390 9076 3023 5481 7224 8857 9310 8685 3484 9184 5813 5783 5853 4982 7436 9650 463 7881 5386 1169 5621 
3024 8675 2435 2657 1450 8890 6075 8465 438 2737 7212 5761 7485 2398 4898 4277 1651 2600 677 207 6734 4589 3186 1076 2489 229 5123 3335 9641 8759 5958 5759 3147 8648 9257 7391 8815 2360 1274 9073 1929 2070 8130 7952 8629 9073 3270 8822 3552 3775 6413 9721 6845 7639 7484 4438 6441 3273 3396 7951 2473 961 1362 8299 6088 5425 367 2661 7502 4405 7613 8200 5477 5591 9630 4494 7341 24 9305 7339 7882 4750 2030 8830 4375 7788 8018 2384 8657 7355 684 7443 357 785 8890 3359 4280 7949 7760 4469 
4519 8115 8912 4702 6300 3856 3542 897 6269 9084 3270 3556 5769 1322 3817 4959 2969 1598 6933 6556 1742 5575 6629 447 8853 3068 260 7437 3753 628 323 4215 5098 4480 7546 7382 1366 7143 2570 5560 4652 7243 7485 9695 1065 5433 4877 7789 224 9082 5550 1653 5822 3528 5218 6283 8068 7434 2799 7126 2676 5760 2509 3286 3212 8984 7598 3090 216 776 2466 5880 4023 2878 1416 3146 4572 921 9541 2549 2514 4154 5250 4480 2249 6437 9759 3390 6074 8441 4349 698 5602 5514 7853 9028 6424 5216 9708 8400 
4432 6179 2509 8849 4339 8301 3010 7386 6881 3635 562 8318 5089 7822 944 4862 6979 4410 1529 9804 7762 76 2741 8140 6804 4326 1766 8223 250 428 6581 5675 1808 3250 8648 3541 7976 8883 8165 3727 4272 5579 5192 1587 5916 6134 5186 3952 9930 1965 3798 2799 2860 8570 838 9093 6886 755 2928 6726 5989 8829 515 7498 2421 7061 3640 5636 4574 1480 4338 3128 9254 9770 9175 9689 4937 1146 759 6791 5495 6237 3638 2392 4514 3526 2843 2126 5760 9658 7585 6683 1478 4318 5633 1041 4378 6386 3763 6846 
2241 4087 2415 4530 6247 537 6680 2306 4566 3332 3414 4420 8595 5829 7441 6600 368 4158 2267 3496 7176 7806 5010 4851 6023 1991 3930 5615 7297 7882 7907 3724 7087 571 1509 6286 5753 4666 6154 8163 2218 6533 1323 1226 58 3419 1671 5240 3133 9843 9901 1685 7301 8119 8288 5947 3928 3579 6696 4655 5790 810 1149 7875 855 5734 2280 5063 8450 1617 2329 9491 3261 5852 3831 9858 8008 6438 9373 4788 4825 4439 6977 3390 5874 1744 1183 2836 4475 8576 2815 1737 1179 6877 2264 1669 7928 4698 6909 5343 
3165 5522 3548 1131 37 1218 7506 1486 4705 8320 7083 7059 427 3247 8074 2042 3632 7073 9058 8828 1250 9093 2441 25 5330 4654 3666 2929 5179 556 1829 1367 8453 6089 4150 5252 7325 4395 7473 1375 1527 4083 2649 4359 4493 5728 6767 8759 7987 8052 8538 4471 5812 1929 5095 8897 9454 330 9278 2906 8157 3716 4754 841 2176 9675 1901 1324 8179 481 5262 4352 6423 726 2614 6974 5574 2832 1763 730 6389 2130 9085 1507 5632 5802 7196 2069 2831 7584 6308 1465 7453 1486 280 9045 7892 4936 1357 5959 
624 8594 2977 1716 806 4196 7658 3967 8724 6125 7109 7658 9936 7506 5528 4123 7315 2430 3838 3191 6932 1902 9572 5582 2833 9466 3385 3425 7353 5902 4462 5549 3561 5096 2631 1542 9947 1018 5380 562 8017 3388 7988 6672 9301 2255 8077 1721 4733 6276 8368 8008 767 7002 2107 355 1576 4008 2353 7324 4644 6974 4293 1833 6602 5840 9064 9364 2205 5707 6834 5013 1798 8504 8375 9658 4244 5947 9679 5244 5895 1118 3648 7578 5246 4645 7083 2568 6682 2237 5949 5092 339 8520 8440 2501 9796 3689 511 5933 
3847 4424 9128 7706 6423 4280 7949 7760 1038 6994 8115 9891 3856 3542 897 4540 1375 9397 621 3190 5789 76 9801 3739 2741 6391 5268 8915 8140 5100 5076 3250 2960 8921 1766 8291 4942 2160 7149 8223 4539 4167 250 7101 428 6679 6581 9210 1808 4590 94 6018 3250 2863 8648 6210 3541 7976 8184 9270 344 6809 3845 1236 7329 8883 1486 5663 3727 4272 5775 1232 9880 3801 3462 4066 5553 9930 1965 3798 9479 7668 8013 2860 6983 3620 5477 8570 5631 838 4056 9093 2377 6886 5716 1409 6021 2028 755 1958 
2928 9073 6838 6726 5989 8829 8042 9600 1662 3640 1480 6341 8282 9681 1268 9684 7113 6406 7459 3343 491 592 8919 1045 276 4225 7624 7961 945 88 3868 1514 5817 5954 1114 7041 3791 792 6027 5408 3830 5722 2986 437 7552 9664 6705 1496 8154 1202 2360 3499 5573 1684 8146 5477 4751 7884 2546 6370 3528 8981 2622 4176 6542 4087 5408 5338 7148 7120 4408 9741 2193 3917 4152 9490 1976 7208 1165 897 7706 2668 4511 2526 7363 5580 7551 3791 1018 8212 9834 3885 4987 2086 5410 4285 6796 2007 2874 7143 
7438 2308 7759 8945 7773 9303 4599 7621 4832 3224 167 9533 7995 9189 4692 7054 5570 8612 8053 7017 8174 9023 7392 9281 4317 703 6856 7523 3575 1019 4189 8680 7948 7229 8691 3742 1958 5167 8886 7319 5267 7973 7172 9348 8703 7921 8390 5865 8123 1242 3443 999 8782 5533 9340 6240 3968 6521 2782 9970 7747 1856 8158 1143 8067 9397 9891 7316 4409 8875 9424 1386 1945 4425 3342 6868 5156 2057 7907 1279 4422 9902 6286 6289 5753 700 4666 281 5253 6533 5942 7307 1226 5015 5877 1734 3317 1164 5053 1508 
662 9382 1960 306 499 4328 4434 1141 2649 4862 2904 8576 6102 7508 9821 3480 8663 9804 6291 3965 465 7762 666 6581 76 3739 5268 8140 6804 4326 8291 2160 649 5857 3262 8210 4883 2576 2354 2132 331 5134 2277 1961 1895 1991 4403 5436 5768 1987 5954 1210 1555 4712 6599 6472 3771 2004 344 4838 4504 6586 3056 4198 797 7269 4035 7164 6278 5599 4057 1598 5846 108 1615 1430 8156 1648 6777 7921 5429 4596 6339 2701 9725 1455 4823 3374 6140 9273 3133 8166 7291 1688 5532 2359 1688 9673 6300 2165 
5573 9074 1906 6567 6390 3320 1421 1208 1876 7823 8168 6380 9382 1960 306 7386 8530 1950 8318 1141 5089 2889 4370 944 4862 7181 9809 6291 7762 666 6581 5391 2531 552 3235 4655 1831 3675 4083 2811 8551 5645 9621 4721 7497 2691 9024 9596 9450 4570 6316 1312 8825 2562 7939 6584 5584 5775 8567 54 7066 1880 5519 4956 8186 5398 6768 4707 4726 1641 5373 6560 3685 5648 3314 9059 7465 6117 2422 2928 5468 6786 6833 7927 3021 3704 2336 9313 8069 3630 2743 6962 5533 482 320 8611 4708 3454 7395 8069 
1558 6354 1564 4390 8143 7470 2545 5902 5846 6629 7752 6777 7921 970 5930 4750 1048 4 739 4189 9551 7188 7508 1771 4555 2471 7596 4672 7645 1823 8109 7208 8666 7960 8499 3395 3541 9217 9407 6392 9535 5865 6419 5759 7153 7163 9076 4813 9318 9215 8153 418 4880 7463 9845 2576 472 9229 7352 2903 2399 1791 8639 1282 1860 5947 3046 9679 3196 2931 4697 339 1336 5044 7553 8037 4552 3054 7105 4560 859 6763 2455 3073 2962 5286 9680 1667 3026 1747 314 4455 2336 7246 7061 8875 1080 5619 8932 8677 
6490 2113 7982 2431 7610 6399 5117 2178 1054 9828 8260 3910 9315 6841 8208 4999 8745 4505 1343 8020 8601 3439 3997 2755 76 3366 1915 5233 4845 6237 3523 7412 2802 2076 6880 7581 1080 8420 5204 2955 4540 2385 3789 2681 2007 3448 2862 6779 5220 1270 4528 8810 4630 9930 6170 2083 2751 1900 4904 2953 3359 4050 2410 7014 3729 8725 3326 7233 7818 2964 2815 4235 9031 2534 8163 4914 6601 3366 2478 6978 9302 2732 8463 3701 8347 1740 9957 3276 1748 5390 3999 976 7339 749 8059 6379 1728 6133 4066 70 
4055 8433 3783 4602 4998 7168 1280 3687 8363 5735 612 6679 2685 7433 953 477 9719 4215 37 6266 9297 1983 3832 5622 1691 360 4796 3799 1661 321 397 6047 8802 3652 925 5586 5956 446 940 5575 6882 8751 9061 6752 273 5293 8654 1852 573 6586 9400 809 331 7150 4847 3036 9068 6804 4388 3503 6881 2193 8294 388 1770 3901 2562 8145 932 5716 1450 2190 1168 6088 2752 7749 8797 2741 1689 6103 6106 8920 3196 7436 9095 4389 5754 1792 8947 8635 2373 5824 8443 4595 2986 1486 2167 9228 1944 4492 
6669 4106 7252 4735 4881 355 8291 8418 3118 7312 6291 8693 4489 9732 1170 8508 189 7896 2401 2228 4907 8218 9669 3829 8168 371 9964 6888 3821 7388 5968 4374 8557 2955 9898 5559 5296 5026 5752 361 8005 2052 6690 4734 7230 8162 2761 7468 6710 9810 509 2093 835 1630 1454 2346 9480 6933 48 4903 2010 6333 8682 8903 8153 1368 7234 7394 7463 229 3893 5824 7804 472 6348 4372 3109 8474 4714 4432 2494 3317 5774 2858 5858 7686 2320 9373 3904 4525 9735 7609 9720 8417 6395 3823 4295 3951 9835 8981 
1456 5596 531 949 8953 6232 1114 6597 6001 4575 8291 2856 1253 2972 6626 2943 1394 5738 3210 7883 8626 2600 5060 9098 8936 9339 139 9779 5714 6407 7503 9649 1326 2394 7616 2663 5066 1085 6297 6889 6286 3051 7055 6021 9400 485 9456 2037 9444 4278 225 1336 3260 3834 9454 6021 4163 4190 2004 6532 9178 9051 3455 21 4454 8822 5247 3108 7197 2706 8623 1413 1856 618 3580 866 4780 4664 5541 4215 7636 8662 6409 134 7065 3085 9710 7853 9956 6762 5986 3758 5971 8864 7658 9306 5382 4824 9222 2700 
1908 8545 1004 8923 5079 80 3702 9309 4351 9341 8346 8346 660 170 2245 1698 1526 7552 9006 2744 9883 3158 6093 5392 822 6946 4120 6629 8988 5251 5022 6488 1196 3632 4506 2675 1703 7853 345 9772 5988 1202 3965 3176 7517 572 4425 966 4156 1448 360 2968 8369 6165 7667 3882 9557 8857 5529 4531 5039 1980 4480 2849 6267 9111 7123 4058 2916 2551 3310 7079 2161 7948 2883 5922 3983 4567 8839 8107 9199 2509 2754 429 2147 883 9788 2039 3752 4266 9342 1314 69 8048 1029 1799 3347 403 2739 8531 
4808 8363 1836 3395 6202 2550 704 7054 7367 6447 6289 1126 3726 1735 1325 9600 2150 3146 9182 7250 9331 2336 1916 7949 4691 7091 2689 1406 1124 466 8236 5411 6608 6908 9841 8922 3573 1661 7752 5360 7035 822 6819 3012 4430 3446 4585 8725 9291 2292 4246 942 6598 746 7177 9165 3757 2112 1758 1172 5467 4271 4480 7780 8854 938 6066 7588 4237 5526 405 161 4174 4471 537 5962 5620 6639 2763 6162 488 997 6654 5973 563 8972 5176 3909 7298 2932 3443 645 2590 809 4052 1850 4422 7509 8155 4746 
8948 7462 9129 7359 682 1456 5506 6896 3651 9492 5769 6603 8976 6325 5991 1147 509 3013 3964 5792 1366 4145 5642 8262 7792 2689 715 353 3713 7684 5586 5839 6334 112 6178 4101 8857 688 3421 9494 3874 9951 6656 7780 2918 6367 2144 7761 4325 4839 3353 955 1095 8577 550 4670 7894 1173 7549 6329 2005 8537 2053 2603 8172 4664 3560 4266 8746 9663 5677 1693 5558 1052 2975 9396 9279 4946 1014 5062 4119 6990 2830 2034 4455 2312 1376 7356 5886 4815 6327 8017 640 7330 1079 3849 7097 9237 7372 2845 
1034 4279 7410 4136 7511 7243 1638 2362 5968 1589 6030 7373 2485 8542 3611 9265 6022 4823 9263 705 230 7126 4810 4317 8338 5933 2671 5840 7312 1354 8184 5499 30 6442 8029 2497 2906 4740 4878 3026 3211 1304 1188 6962 2352 510 7300 6945 1597 5281 6649 8519 1574 8096 6133 2551 6097 6998 8238 6149 513 4640 8885 8940 7635 3921 1930 9815 2589 1397 8551 1404 2453 3324 6125 6478 8869 7626 8328 2979 5979 3366 2920 1878 263 6278 2948 5302 4072 5308 2518 8677 2055 7363 3894 6924 6843 6218 7841 9193 
1830 6755 1866 7397 2993 3277 6623 9412 5541 5966 1139 5418 451 7531 4008 6167 3029 2657 4427 6471 8403 2470 1202 8535 5565 3450 7349 916 6761 873 4268 2902 4081 6047 8179 9804 9470 1833 2921 9927 9971 9386 1129 7805 2152 3985 3398 4568 9260 7410 9784 2465 529 4617 9396 8213 9867 1538 4241 1171 5062 4171 5897 9202 4293 8845 7870 884 8121 3725 1354 4403 8410 1732 4188 2796 5490 1020 5377 5880 951 5736 2538 9312 504 2868 7798 8025 8051 2404 3930 8561 4860 6755 7313 7910 9060 6940 4007 9883 
4115 9891 6333 1280 865 6140 7621 6770 1511 2182 4804 7226 7109 117 3025 8 6155 5710 9442 7075 47 9805 5432 5307 9677 9481 4042 1625 8009 6988 3120 3714 3189 3363 222 2681 1509 3395 6102 5557 4787 3762 4642 6868 5615 5192 7653 1062 9237 234 5046 9603 4616 4648 4938 1333 9986 3506 4473 7446 6083 9692 5245 9861 626 6170 2485 8217 9695 1058 6394 9239 8509 7087 686 9232 3030 6205 5236 5441 5602 6739 5937 5506 3595 9910 6689 4807 8626 6682 9171 4965 1655 3421 4580 6738 2963 2105 4614 5245 
286 5439 8051 8016 152 8000 6742 6379 4435 5314 2544 7335 129 3798 5990 7289 1818 8683 5 2482 8627 4394 7348 6092 6383 1832 741 4858 193 434 2380 8621 6813 2974 8084 1059 6664 528 5733 6000 960 9940 4946 1145 4742 4335 351 8068 1917 1052 7975 7674 2773 4064 4898 9643 6831 2260 4985 7893 8846 3524 2390 4836 9753 332 5644 8576 2752 1097 794 9150 2869 1153 9480 905 6929 3911 1783 7190 6382 4965 9600 8670 8294 4685 438 8347 9447 1579 7956 919 5575 3393 4753 4913 8140 7475 1829 7409 
8328 6841 123 6185 3277 1630 185 2124 4280 737 2905 6207 2914 2605 3608 6240 796 2810 6516 3705 7403 6181 6742 9342 1361 5686 3549 6185 9463 7666 5610 9330 4223 9010 4362 4208 3781 3257 2284 717 8478 441 7249 111 1964 1971 980 6568 92 4764 2189 7858 5138 1601 6322 8110 772 8166 9330 4095 7994 4081 8963 1146 8967 6823 5533 6054 1340 161 5523 8728 4043 1542 7727 5791 5952 8870 8169 9693 2868 3666 4314 3460 4889 9887 6016 9080 5709 1672 5282 7429 7839 3175 5553 5775 3137 6695 7587 8562 
275 4110 6417 7757 9941 9411 9628 5585 4580 997 4186 6611 1444 7428 3868 6728 5043 6473 5751 5916 42 6317 3730 8558 1867 5437 7834 331 3236 8816 1284 6950 3349 9512 8701 5404 490 6945 6904 9590 1781 2358 2539 7212 4963 7795 2008 8116 3469 4387 1234 4485 3433 3356 9574 8550 6046 2475 5061 7389 6856 6905 849 2848 1459 4606 2603 6496 4980 7939 1960 7142 7066 2634 6134 2385 8871 5273 8542 5692 9882 2250 1419 1181 8807 3898 4822 4746 2689 6315 8005 2912 3195 9008 4267 9385 4861 9297 1301 4878 
335 6245 7729 8974 1509 3858 5746 4356 6010 5439 2887 9866 235 9125 7001 9531 378 3095 7207 8867 9958 1620 5684 3856 3494 4663 5390 3796 8450 2950 6505 4154 4001 5240 6748 5968 8988 5930 2996 3937 5946 9841 6491 303 1225 1576 3897 6779 2905 7927 9539 4063 4107 1084 1446 3180 9411 4223 124 6690 2804 9309 3176 8876 8728 1505 9075 4641 8326 7039 3842 6672 7740 4945 6694 4084 2460 7313 4899 2216 8038 1041 1514 9957 3570 8652 549 3978 8120 2028 4533 9080 6488 3218 8306 9140 9882 9568 4347 1465 
3542 2378 9532 3790 37 8289 506 4506 5205 3692 4691 5871 7054 1250 8556 919 109 9599 8600 5434 1457 8080 164 6519 7639 2037 8134 251 5784 799 2687 5473 98 626 3680 2570 5616 613 1668 9729 7566 1580 1289 5309 2604 4644 3593 5892 3446 683 4695 266 5654 705 5350 1487 6966 6497 5344 164 5058 8504 4271 4353 9048 6534 9340 6116 7548 5702 5561 3898 4522 3467 2401 8965 2238 9786 1905 6691 5692 9896 280 1881 9145 7161 5482 1060 7956 3260 2582 4739 7916 9230 7411 8909 520 5221 5346 8820 
1762 9769 4080 2078 9690 3976 4591 4256 9568 8293 3401 6729 814 1037 3387 9748 8126 7664 7732 1428 1931 2326 3693 6406 5771 6734 3458 4049 7342 2342 744 6108 7146 5856 7658 8485 335 2569 4043 9455 4503 3013 7755 1402 336 4989 3094 628 9829 9950 3372 4267 6059 2194 8529 4402 8042 1089 4215 612 5133 1467 4498 1425 9476 5795 784 9259 4249 978 9088 5656 1123 6879 3365 3245 2043 7215 9982 9192 1898 6436 1238 3122 7487 1676 5425 367 1556 5129 1459 1441 4169 6672 9461 5921 5514 7072 6832 3079 
4576 3697 5157 4695 226 4002 224 1268 1587 3462 2830 9032 3952 5553 8527 5736 5597 1570 5716 953 2028 5989 7498 3397 5425 6089 6184 2507 6119 2858 8146 4097 326 8419 5514 7853 7260 1100 3365 4205 7056 5363 7259 8438 9931 5544 1727 7986 8170 1781 2358 6608 9153 7676 6384 9048 6284 7649 655 2136 4796 3105 3360 9402 3342 9282 6472 3677 5949 3285 329 7611 3438 4326 7739 9547 7143 7927 4154 8896 2598 639 5542 3600 8803 6310 3382 860 4938 3885 8164 2912 2529 3024 4716 8024 720 6999 2369 4074 
5250 5207 4769 7585 7299 871 1207 9828 3166 272 9916 5225 5341 7831 9035 9461 416 7391 4174 6472 9669 2580 3861 8920 4773 9995 5801 6331 3782 3977 3061 5768 6492 5460 8714 573 9325 5353 9282 2743 9094 8524 4280 6577 3984 1008 1643 569 1582 1154 5014 4839 3329 4362 6110 4529 7879 8147 3405 7732 5811 1395 4506 1590 1945 7359 2911 9635 7285 1821 4893 6483 1314 7607 518 2802 957 1312 8395 8293 5269 5002 6515 9350 1765 9372 7028 8591 2748 7442 5223 9448 4600 3181 4164 2339 8601 634 4569 1401 
135 915 9916 9053 2112 5015 4293 3534 3281 5586 7883 6646 515 2184 7749 5859 6407 4893 8373 1355 4834 7990 3764 3226 4491 5986 7214 4243 3528 3205 9400 1018 5124 8252 5258 5222 4936 6742 6878 329 2195 58 9564 5065 1689 287 4698 296 8863 4030 3719 5690 1770 317 4678 5908 6736 722 6722 3007 4392 5326 1215 1403 131 8325 9945 3380 1113 2614 7344 1501 2105 6601 3974 6419 6272 1551 9421 689 5967 1787 4981 8591 8206 7546 1878 9486 1162 5789 3018 696 1714 7783 3608 2610 1827 5200 3799 4495 
3906 1972 5509 5704 1769 3931 5926 751 9541 2704 8361 5970 2824 8506 8787 940 8533 1010 2822 7956 183 2934 838 3829 651 3182 1485 9204 6553 6003 4852 1155 4154 1535 382 4734 5180 3857 717 8492 1362 7381 4686 7834 486 660 8130 2891 1559 1364 8882 9954 3991 3773 2145 2993 1570 333 6428 6382 2433 2513 7912 3751 869 4736 2953 1952 8472 7206 66 4961 8176 7183 9061 828 366 7002 1812 9957 1967 920 8693 1330 8132 5949 6926 8427 3446 5929 5838 76 9511 7231 3509 7029 9490 8441 782 9439 