7106 8022 6735 1849 4193 4905 7345 2929 3537 4618 2611 438 5693 7022 9606 5814 5296 1917 456 6204 9784 5394 1829 9461 3977 7458 3364 2253 7087 5104 3580 7778 3136 9007 7056 2074 58 9263 7469 3976 857 9614 390 292 356 4558 3478 676 4491 9512 2731 2483 9639 7682 6725 7726 1689 7401 3351 1718 7256 8802 8604 4401 4377 3611 6123 380 7744 2748 3683 8346 2397 5293 542 9977 4833 2230 7102 1642 2122 2320 7088 9214 9251 2795 7525 7800 6417 9684 9911 2079 6205 2688 5009 5735 1338 9786 1555 462 
3701 9964 336 1591 2894 1765 3699 4198 8708 6148 7869 5162 7353 3946 1926 8046 9356 8908 3764 6454 8480 6686 4465 3563 2281 3647 1008 4464 8615 8039 1854 2974 2833 8484 7372 2066 4960 4565 5499 1662 7767 7500 7650 2262 935 510 4206 6428 6205 4408 3401 7223 9015 4286 1591 6379 8828 3434 6046 5398 2297 6583 6345 3500 551 6087 6403 1584 24 1309 4496 3921 5725 9650 1390 2161 4821 9452 2733 9435 466 4218 1161 7928 9088 7001 5074 4285 5191 5473 1261 9399 6916 4172 4643 3828 167 6204 3544 4635 
3348 9415 6058 7176 6301 7057 1807 9869 3681 6807 8978 2816 5828 7201 5860 2534 912 2734 6069 8222 6816 8071 4106 2632 1205 8240 5728 5118 279 1269 8639 2277 4302 630 2629 9951 1453 4064 7768 9951 9977 9253 2096 9403 926 373 3615 4421 7271 4476 1489 967 360 5373 207 6060 5436 5434 8935 565 2700 9616 6532 8521 7327 6745 5802 8128 535 5402 6158 5121 1653 543 3112 3487 7732 2349 6958 9471 5133 3546 5523 7357 2368 1489 2408 2214 8168 4281 9824 8424 2376 2344 1855 7841 7222 4315 1907 1357 
8963 5841 2583 4993 2212 3270 98 8361 1024 2800 6738 3612 1260 7066 684 2024 1511 1195 9557 38 4652 6085 2823 9983 7061 5500 2844 6760 7865 7797 2594 7684 8285 9508 7560 7655 1559 6129 6396 6446 9007 1073 1231 5869 7671 2952 2765 181 4845 9862 4297 1171 7552 8520 7162 5464 8322 6804 4721 2060 2874 1252 291 4975 8812 592 295 1775 6449 9170 5458 5375 4327 4612 6304 8252 7057 3611 5706 2464 2716 171 3419 3679 2710 2942 7519 4351 9261 1253 1223 831 4884 2445 7823 9120 1686 4086 8437 4022 
8963 67 2285 818 4378 7944 1952 6647 3335 4899 6286 738 6613 8960 5417 9132 5313 9915 8873 8288 9532 4302 9021 8313 8956 2924 4099 4498 4882 9225 7951 1962 5531 9744 8855 2251 1527 6766 3495 6193 333 4738 3305 4366 6107 5601 3108 2209 1425 5636 866 2167 9289 7127 4223 2913 8144 5859 701 8322 4636 8008 8079 6162 3930 3743 7419 8580 6780 1278 6558 8833 3577 3804 5773 4210 9558 2690 8848 6073 3203 5810 6033 8098 1196 7223 9883 4455 8599 5038 7502 338 2957 625 7590 8179 1301 9775 4942 2857 
447 6844 6246 21 2202 3449 8428 46 684 5319 9188 8731 152 2983 5824 3681 2223 5044 7127 4922 7986 5617 8478 3718 2579 6158 1193 46 3419 7384 9111 328 7260 4338 4815 7106 1009 3491 64 9797 459 1646 2324 1112 881 5453 5021 1453 6098 8660 8558 3789 2799 8450 3654 9037 6242 4023 4361 5803 1712 4413 5233 6698 3357 7016 8666 9974 1858 19 4467 5955 6469 5092 6408 4056 7848 9809 1156 5239 6188 9743 6525 3053 928 7413 7909 6934 6335 9698 2884 4618 4164 6589 5509 7737 6018 8843 2509 7215 
3185 2517 1877 9304 6679 8478 3885 5617 5003 2478 6879 4409 3406 645 6692 8368 9577 7950 7710 9121 9104 5140 2355 6424 2661 6917 438 4158 6135 2693 6701 5102 337 1811 984 2196 295 4691 8234 7134 9174 1939 7195 1939 7695 249 9452 8940 6044 2733 5089 7624 3412 1917 3923 466 8650 4218 954 3342 1953 7928 7296 3454 6542 7001 5074 7250 4285 366 9647 2380 6632 5473 3357 1261 1627 793 2093 5796 5754 9399 5490 3268 1353 3418 6793 3224 9810 225 5599 5280 5965 3475 6823 167 2207 9807 5565 6204 
3253 3544 3349 4789 9145 1004 102 5223 2685 7764 8723 9247 6428 3984 2712 8702 463 9934 4224 4818 3438 1626 6100 8815 5567 7206 969 1415 8806 3444 2080 7859 6769 4609 5214 4198 4076 4029 6107 9643 7404 8903 5376 6540 3946 1358 9194 2826 657 8968 8439 9524 5590 6705 806 5927 7809 2101 8205 4209 7551 2989 1663 4733 726 7212 8449 9221 4784 8945 5351 387 8967 209 2870 8133 2689 7422 5174 5690 4568 2950 8416 3679 5666 80 9477 4234 2086 2691 7006 2722 6142 3890 2574 4004 8403 9416 4517 1336 
6179 967 7683 1040 2432 3825 7435 1320 1494 5873 1060 3566 7090 9735 9178 3232 7923 2159 5275 9776 562 7143 9193 9552 62 1602 9063 7282 1496 1069 9168 7309 6943 3745 6861 835 6597 8566 420 4520 7986 2579 7763 3141 3290 3308 2694 3556 790 2316 6205 7148 9598 4053 2963 3221 6154 370 9190 8496 9493 4106 6530 720 2400 7992 4898 9268 2252 3693 4621 6111 2894 5317 888 5611 8012 5112 459 6238 2309 9952 2767 1935 3482 6833 3994 2086 6879 8615 8198 6125 7904 7892 2133 1688 8025 744 1203 5938 
1799 1155 2498 4566 7746 5588 4194 2481 6135 912 5667 6481 2998 2546 5096 7548 9352 6466 8154 9511 1318 9000 8873 6496 799 28 5346 1718 2264 5535 8364 4745 1670 5628 412 4503 4979 9310 5951 4334 672 6789 7598 2652 5864 8712 5156 4170 4059 6874 8296 4993 9138 3832 9710 3944 3526 9593 3630 281 2031 2527 8267 6967 728 6489 7406 620 1711 6907 7182 3244 5644 328 4450 9135 5184 7182 5481 2145 9344 5359 7129 8478 4437 8099 2934 8592 4236 4565 4696 2284 6009 1152 1643 4016 9112 6142 1494 2756 
5078 2658 5417 4140 7226 8056 2151 1784 6005 7571 465 3007 6321 8571 340 9293 805 9604 3653 7435 2056 3370 5932 2042 7319 3957 2061 4955 2332 2348 7524 9237 2079 6556 1703 3217 7174 6658 8372 6410 4733 3458 3142 1993 530 1313 4533 690 9777 852 5260 4030 6427 9958 4836 8743 9889 5043 3098 8635 1836 2127 5253 6587 8283 622 3071 3985 2233 9998 5640 9076 8026 1401 7828 4192 6635 5855 4855 8156 5296 9902 4906 2445 53 2488 520 4226 5415 103 1806 9415 7812 6704 9860 2000 6423 9534 8756 3121 
2815 9222 9501 3587 3640 2417 1062 650 4912 4282 5474 7557 5154 6313 2916 1552 9449 5302 3259 65 2742 5396 7062 6949 3002 4871 9282 4476 672 3603 5207 1847 8401 8041 5305 3598 8608 1829 4966 743 4380 6560 9687 2822 1922 6785 4316 6479 5600 4195 2406 2209 4251 2827 7457 5916 753 3604 8241 7013 9743 7559 6284 4468 9000 573 6094 8495 2189 6054 8465 117 1884 3194 767 8420 4863 4172 3164 7570 7380 7904 1355 4562 2149 4118 5465 8550 2952 1748 2631 5510 2981 5353 26 7198 8583 8216 8334 9086 
7183 6516 2007 8329 2894 3634 873 3265 1600 3770 5709 3069 7978 3183 7287 555 5593 9891 7407 9886 5439 6207 3760 9561 5360 1240 4781 2584 8860 5279 1286 9792 4304 5813 6125 3185 2804 7776 6718 9138 5989 2184 7861 4805 6062 6371 4432 8606 6398 6597 3910 8424 3523 6402 9572 2376 712 2344 9851 2620 846 1757 5729 7724 4500 5730 4773 8963 6868 7919 1556 1989 6884 7458 383 5670 8065 3257 7266 3628 7366 6536 4952 5544 3482 8044 8605 9318 8173 1513 9337 5883 5321 6796 238 5697 5920 9290 8288 1006 
2320 1235 423 4836 8530 2539 8508 2816 6656 6860 4424 3503 9554 9827 3718 6138 6512 9010 5707 7020 9869 4214 1885 9938 8359 2020 1909 7590 2602 7050 9252 303 9427 5010 9946 4145 8925 4846 4843 304 1083 8368 3706 775 775 7985 9915 8684 763 7466 8967 586 6355 7057 9471 8601 7670 8822 7081 5108 8497 5240 4269 7994 7449 5586 2585 698 3748 4194 5189 923 3786 4872 9354 9596 3451 9130 2742 5618 1594 8530 1700 5849 2361 9491 9982 6557 5046 7359 398 7455 3930 9364 6718 6887 1669 3147 8673 1241 
2285 5958 5221 1632 5553 2014 7158 7293 6217 8780 8577 9190 7879 6746 847 3860 3579 6313 5239 2705 7392 971 7794 8079 1206 3545 4221 5054 4026 3807 7950 2211 58 1474 7886 2854 4166 563 9625 2130 6967 8002 2085 7324 288 9850 1374 328 5759 1710 7452 7652 3110 4801 1264 6045 3771 6596 3093 2307 9577 4767 7097 5593 3978 7800 467 7868 5796 3494 2443 6862 3328 5877 1128 1903 7613 7459 9903 2392 2978 8041 9028 1145 2717 3664 4985 6572 717 1008 6257 3818 869 8130 5027 5255 5369 7327 4962 9247 
1242 5188 8958 862 1582 4583 803 9531 4337 6488 5580 1639 2052 4204 4837 1742 4856 6775 5399 6924 6055 8097 4846 46 7825 4964 927 1465 5584 3795 8436 5998 107 1086 6573 175 1094 8170 6265 8546 7903 5935 5684 4238 7903 4654 7904 6514 2779 8394 3154 6297 5983 965 6101 8675 5960 2091 9550 5625 4019 1680 6668 3414 6614 3931 5503 232 7305 3970 5616 276 7143 7514 1794 7443 3673 8623 4267 2604 8312 2797 3395 9089 7484 3844 4535 4175 9640 1034 1380 897 1027 426 2490 3673 8975 2083 4391 7965 
8956 5466 2446 7986 8970 7735 8478 3718 3053 7201 1676 1100 7554 1193 46 3419 5032 6831 5801 1528 4261 4876 9030 6261 8702 5618 1040 3825 1320 5873 9420 9776 562 9193 266 4898 3342 4229 1318 6496 28 934 8364 1670 4979 4334 672 3832 3820 6735 1870 8870 4684 5585 9593 9303 2396 1536 9023 8602 6681 1529 9604 6887 2056 3370 2810 3312 645 5116 532 5967 6545 989 5334 4496 8931 8161 1742 8202 1620 9067 101 58 9117 1031 3273 2591 9313 8325 5035 4765 8672 6919 4750 586 5081 909 9890 4280 
990 4249 2864 3499 8894 1401 628 5019 2277 7148 8337 7419 9807 14 1989 5230 532 5130 6146 6758 7865 1409 4550 5075 4807 7919 4092 2713 7224 6630 2396 3817 7760 2821 5719 3515 3002 4871 9282 4476 4875 1847 8807 5266 2617 3819 4146 9143 5558 8203 1195 8919 2297 9607 5401 1126 5504 7184 7532 6626 7774 955 4745 2467 8587 3740 3888 9756 1584 545 2484 1940 7063 854 1776 6594 115 676 9172 6173 4031 6953 1868 3642 1291 371 6014 9463 1498 7723 4765 1568 5395 3007 4288 9730 303 3603 8540 5715 
8127 797 7274 9215 3419 1858 9818 555 9915 8029 4843 1498 7617 2509 6961 4808 7529 6585 5593 8764 2810 5839 7437 6320 4943 7545 1400 8234 3302 7424 1660 425 9881 9362 9796 9115 6922 31 6964 8548 4877 571 9580 379 3812 3705 7607 2265 1106 2929 7432 2392 743 1048 8105 5684 4543 9572 6560 5526 8939 5087 4096 4034 2070 9820 5911 4357 2766 7380 7802 8444 6958 4134 431 879 259 5203 6805 4670 9262 6925 6540 9933 6877 300 7403 9999 6181 8965 3973 9342 822 8079 3544 6185 9463 1723 7885 1145 
2525 5043 3306 3154 6173 3836 2119 252 6297 3851 7815 1443 7713 1497 5653 3092 1125 906 759 517 1147 2326 39 9521 7031 7539 2397 5789 7938 5865 8707 2882 222 3562 8270 2378 7841 8547 6271 312 3944 825 5419 398 5139 1070 9510 3125 8569 7737 6548 4916 4569 1162 4945 8015 5001 3215 9248 7057 6375 7487 3951 8851 3830 8978 7382 8510 8434 7537 4238 4863 3349 5417 9368 9415 9658 8868 1304 5095 8770 3201 510 7300 1574 7358 1587 3319 4231 1884 9532 3245 3754 7215 358 3127 4503 5425 5243 3094 
4658 5159 4490 8664 8721 7697 7711 5989 3649 8013 9617 2988 1346 78 9030 1718 9416 927 242 6368 5157 2776 4477 224 2317 399 1046 1277 7645 9242 6480 6701 3280 8746 7098 4718 9694 741 4768 7358 5003 859 260 307 6183 3753 8471 304 4215 3743 5100 5228 2317 4779 8456 6430 6535 5006 4431 9402 4399 8800 4494 7515 463 7282 7763 6680 6412 9820 4566 7197 346 5498 5325 3414 4420 8595 5829 7441 5425 4361 850 7367 5361 5222 2912 5893 5845 602 466 5506 791 4666 5972 559 7977 8016 3015 391 
6968 7299 8477 5963 8462 3538 4035 6278 8341 8039 6957 9718 7395 8069 1558 1564 8143 2994 2545 6081 5902 1379 3111 731 6834 4616 269 5692 5711 7684 9692 8725 5119 7993 2353 4135 1304 3037 7610 8369 5516 9512 9784 5343 6750 2087 9639 7395 4253 5387 8736 8515 8812 6604 4263 4464 6356 7188 4795 2896 8779 9840 4368 4602 6456 6795 7485 7016 8167 1690 8474 1065 7689 687 5365 2206 6734 224 9082 5550 1653 5822 3647 377 8964 785 3635 4983 7404 4218 1082 4354 5226 3822 172 6833 9692 9313 463 8506 
287 9752 3957 6401 6909 3577 2054 7844 6995 8125 5327 1190 1475 9050 7585 2714 525 9186 6457 804 2378 3956 3744 576 4128 1713 551 9501 4475 6472 8063 5199 4842 9020 8854 7140 4767 2140 84 8978 1746 9471 3311 7355 8361 3328 9198 2524 7660 1299 5228 8187 8456 8428 6535 4108 4771 9402 1847 4399 6062 5053 5180 6680 7983 6412 3207 2766 4566 944 2580 5396 3332 7810 7826 6903 5325 3771 8595 5829 2710 7441 6600 7688 6346 9112 3750 2661 5651 6015 4405 3814 7239 9799 24 8518 9305 6233 7339 7882 
4750 2030 8830 3612 1307 7921 4894 614 7295 2717 1786 1927 907 3506 3978 2509 8630 4618 4876 9021 2340 4751 9109 8881 5766 5492 8626 7266 5931 925 3895 9421 9334 1476 8869 3512 6799 7373 7758 3470 9313 9121 5920 6871 3694 3606 6783 5528 419 1274 7195 4557 4516 970 3657 3904 1667 5566 5094 4344 5411 2810 9515 8606 2848 540 5007 2890 1986 2664 1177 8577 4348 8987 7444 2205 6504 867 122 3556 9756 2117 9112 3750 2661 5651 3841 3897 7820 8200 21 5591 3780 7239 4108 3710 198 2030 8830 4375 
1307 7921 2415 8951 850 239 1378 1782 3308 9932 5377 6378 5575 2351 155 3981 4888 9313 150 9814 5759 442 8112 6846 6544 1899 5581 5840 7183 3152 4460 4339 6306 3035 2483 6163 5007 3376 5559 3198 1268 1676 226 7125 7346 1268 1500 7645 9242 2006 4828 5529 973 9970 8424 1001 9891 3856 6449 3738 9087 2209 8860 4402 7156 5678 4287 3916 6543 2818 3133 9843 9901 8910 4122 6864 8119 4662 5519 8186 1781 4703 474 5210 2809 3463 7568 6092 2717 8945 3285 9761 4378 6846 6544 1899 5581 7826 1883 3380 
4050 601 6036 7077 5641 8111 7308 8604 6247 8657 6739 9686 9267 7509 7848 5498 3356 7732 3039 6639 6189 4569 6692 9968 1534 1522 8306 6472 533 203 5636 9184 941 7539 3845 3622 4475 3590 1920 21 6991 8909 2162 854 7212 2664 207 8034 6798 4701 9532 8508 4109 1076 1316 7687 7774 3904 4692 3891 9084 8295 3501 4709 9177 1978 6652 5170 524 4217 7243 9163 3483 9142 5305 2404 4842 8910 9514 8783 337 4656 131 8964 963 465 3635 1318 2981 7404 4978 1763 1082 3822 1658 1020 1805 3807 6786 8121 
1690 3591 8514 1289 5340 6019 8494 5516 1898 2643 3050 8507 5617 7143 2977 8119 3754 3429 5297 6562 7671 2767 3814 6932 9630 5095 9799 1803 8518 6039 7090 3710 7882 7001 8855 7172 3818 3821 222 7217 181 3501 1121 3714 4266 4457 503 9774 7949 5834 5604 5922 7649 655 2136 3105 4406 5904 3720 9189 8817 4299 1272 8445 8157 432 3361 319 2903 3661 3059 7654 839 6739 3359 3384 1310 5721 5227 6693 2198 2940 4368 3366 1175 7339 698 612 9528 2573 7260 9729 4205 4106 2026 7314 8400 7812 7256 4928 
2487 8231 9276 8125 1205 1475 5671 279 664 8919 7337 6719 4805 3991 9728 43 4294 6652 8018 9000 9934 9179 8114 9408 6036 9311 7775 2631 6241 9142 4816 3023 5481 8857 1442 8265 1698 4348 5649 3163 6410 2203 8333 1184 9379 3988 9354 5369 2490 8912 518 4514 348 5483 9445 1722 9451 3144 9657 5682 6506 2112 1374 1472 7433 2068 7218 5380 2519 5625 5241 203 688 4373 1870 1363 2110 2370 2486 7801 9060 3364 8684 3327 3576 365 3239 8651 2172 8102 6344 1258 9984 3771 3699 3253 3152 1495 179 3667 
1796 9899 3138 4982 7724 3313 5489 1197 8396 5700 3155 3453 3193 8236 1075 1543 854 6713 207 1333 2482 3723 7016 9790 5243 5059 4413 3508 253 7220 3411 9393 4343 5022 4666 559 9578 5322 6082 3811 7426 8790 7121 3569 1831 2971 9102 5428 4908 3805 7785 9808 6738 3312 7806 1588 2846 665 1502 9972 6740 2376 572 6182 81 6792 5948 1501 3923 5442 3256 6128 2279 3810 7103 4290 9293 7615 5829 4886 418 7285 2987 2257 7563 6887 2342 7162 9288 2301 5991 8430 4041 7903 9784 871 8974 2533 990 3359 
4627 7241 2243 6663 3437 597 521 4638 7582 8618 4805 3944 6886 7077 530 3615 278 8812 903 1819 201 8095 3395 6563 542 3578 8411 3051 5830 5828 3941 1368 8555 1651 4673 5200 9444 8221 6420 8015 5029 9912 9272 7013 8565 6380 5030 2228 8900 554 6653 9873 8806 9907 1228 2410 1612 8218 1348 3543 2402 1999 50 8531 7515 2105 9804 9085 4814 2287 8286 1322 957 1312 5002 6217 9350 9843 3894 3775 4977 3359 7707 2171 2940 2027 530 1653 9964 3528 9659 4095 394 7434 702 1358 7417 9107 7391 919 
1887 2777 213 1587 1676 519 4374 7608 3937 4710 5852 505 2843 6920 1394 2913 4108 9674 9986 7963 5905 2914 307 3521 6470 1929 2070 573 1989 1101 3723 2746 9916 2072 8822 3355 5801 9225 9947 1279 1887 9486 6581 3585 4710 3123 173 3296 2252 2172 6397 6187 6606 8378 6545 1151 9481 2617 7969 4462 641 2033 3473 4209 5069 8313 3445 3850 9214 35 1877 2830 5274 515 9796 7518 4218 941 991 1848 9233 4544 7683 4706 1040 366 1345 2404 7961 4779 4026 68 3020 608 8725 2162 2669 9829 1271 4346 
4440 1803 6007 9350 4269 1638 7417 8149 6362 1254 3830 9573 7421 3502 8474 3393 2141 463 8506 8390 2549 3884 9752 3811 5863 679 7844 1083 1264 6707 2150 7816 8055 4456 5327 3365 9050 6038 6185 279 4147 1543 2162 3044 4201 8919 7081 6233 7598 3928 3090 776 3008 9219 6492 2572 3963 7751 47 3380 1286 8598 7519 214 8144 968 3113 2047 2973 1298 1145 8294 8878 350 1691 483 3851 7815 2276 7314 3092 5085 5680 990 569 4038 5796 5691 2169 4175 5300 2675 7539 4881 5467 2297 174 96 264 304 
3530 8270 2378 4209 2530 9334 1129 1070 9510 1457 3213 5743 4945 5001 3215 7057 9488 7003 5211 8440 7066 792 4299 2256 4607 9881 7413 7952 3112 4313 9487 6441 3853 1043 4293 3552 1362 8185 8854 8318 9346 1900 2427 6453 9900 9726 3753 8323 9891 7583 9036 9100 3699 1887 1291 4279 5348 3809 5895 9419 4097 203 5451 8991 5743 9582 6534 6644 2725 2769 5599 4885 8695 9388 4350 1520 1788 9336 1744 1690 1183 5780 4076 5464 1368 410 7132 83 9575 6346 1269 7617 3103 1456 6873 4534 5984 420 3511 7939 
8706 5630 3902 1999 1083 821 2105 9098 9755 7209 9191 957 970 3019 3270 1766 8038 758 9268 2773 8012 7343 4253 2997 1044 3581 9325 3619 2255 8502 9371 3442 3120 7484 4182 4193 9231 368 6263 8259 5840 9087 858 4271 1879 5115 8439 8236 6502 6061 1955 6361 9288 6472 8951 6031 4297 9618 1085 7460 6238 5573 2410 5327 1513 4776 7184 320 5361 195 2335 2273 5642 5251 3355 8276 3876 5521 7931 8878 968 267 504 9486 1329 7728 6635 689 1920 7939 6397 6187 6606 3781 3048 9936 7001 319 1108 1849 
147 1564 3380 5979 8106 7683 2978 7117 6145 7466 3778 3235 9997 4154 5250 2249 9759 9022 6295 1514 6728 8791 6791 2183 4432 9562 9342 1314 8048 1029 8544 8596 8142 4746 4186 7203 7064 4877 7634 4055 6802 4597 2739 7168 3687 568 3155 8798 9150 2425 6683 1983 3055 5725 4796 6599 3799 7742 1661 321 397 6047 8030 8172 3420 5894 8756 3313 63 3072 470 5440 9369 4949 5463 8598 4273 2227 1455 150 272 5507 8402 9522 699 700 6353 9650 3834 882 9704 1852 5910 2611 3316 6151 3913 1985 9724 7373 
8403 4610 6830 3840 247 8531 7371 5222 2924 3816 3884 5479 3480 731 3432 3439 4368 7312 1450 4166 8127 8482 3611 6933 5532 1151 1837 1361 8609 5254 8320 1747 4729 8195 7634 2332 941 1836 8790 9598 6021 512 2235 8290 4959 1051 3643 5708 1865 1594 5791 283 6603 1507 421 8666 1955 4596 8399 3786 3218 3442 7245 4230 7024 6556 5122 1615 5429 9481 1455 2522 9890 5697 3374 4 9273 1862 9192 9653 1365 8765 6626 7388 2663 2916 5353 5952 609 7437 5482 1984 3483 9208 1379 9241 5846 746 8759 6614 
5962 2737 3428 8829 963 8683 332 8014 2572 6966 4617 7583 4157 5377 3745 1310 6693 4368 7488 4576 4860 5696 1185 8266 4847 1770 9399 9246 9853 1056 1727 6246 4310 3884 8131 3209 7531 7491 4025 9698 4301 5171 6536 262 713 9266 7505 2341 4422 6920 2165 1772 621 4562 4361 6491 6088 2604 6278 7852 9474 7350 6834 1328 7855 1275 5798 778 701 2069 2569 3671 1352 8301 2606 1176 1475 969 328 3654 7544 4726 3998 3842 6567 6419 1344 5310 721 1361 5618 6202 9474 9040 3168 3746 7783 8229 682 8668 
1355 6232 9333 4980 2069 6534 232 961 3896 6637 5610 1912 8770 9273 1384 7186 8943 7786 6792 147 1564 2762 1912 6678 8171 445 6145 2775 3778 3623 4446 9997 1460 9431 3581 7178 9118 9477 3259 5498 5212 3958 4901 3564 7376 1592 9248 8599 933 5147 645 1697 1681 47 1514 1113 6360 7107 1054 5778 2090 5696 937 4396 8319 147 4912 981 457 9431 2648 8691 4388 1163 9043 4625 3684 7467 9764 7182 9432 1045 8895 1999 1956 572 3077 9901 7481 3224 6277 7966 3405 9658 4025 3020 4784 9341 6210 2723 
8569 9146 1938 3976 7036 7254 7274 9530 7090 4318 4101 1766 377 6977 8107 9457 4303 185 4029 21 538 5394 512 1948 3714 6442 322 8835 8643 8100 9356 5894 5211 5915 6264 9502 8523 2496 5823 4776 2273 5251 7575 8276 5521 2282 4730 7292 3576 8745 8623 8616 2631 400 7468 9266 4025 7505 820 2341 7171 4422 3529 1413 6920 8700 2945 4950 1589 8873 9149 8659 2958 2775 7006 2165 6007 5618 5864 6596 7390 2962 8985 5774 1544 7207 3944 8634 5398 5962 6278 2842 7852 21 4743 6294 9568 3492 4608 3242 
7355 4954 3634 7029 4149 1233 8255 303 7103 6697 4883 360 6280 3149 3290 4393 5940 4742 8123 3617 6956 1873 1198 7084 6740 647 9889 2044 5446 9531 6192 5566 2960 7941 6661 207 9676 4784 1603 3293 6845 4911 1518 2170 5787 5055 1455 5060 5282 1345 7728 6761 9535 8213 2632 7889 587 4178 5118 8392 9646 2694 4384 9814 813 1561 1725 9894 4474 3615 3244 692 7945 3776 2339 662 3677 3285 5493 7149 465 8950 6386 4337 292 7880 9844 866 7006 5332 6774 3591 7906 8595 249 4253 1098 1920 7576 4246 
3454 1882 4413 2004 4685 3902 4378 6774 6336 8884 9017 1324 8669 7229 1543 2142 5596 3852 8861 6271 2208 4842 7308 6110 5572 5631 5671 7692 4648 9016 1270 5449 7685 7370 8913 4197 2463 1055 7615 4088 3003 3947 6856 924 6571 2118 5175 666 9674 675 1945 4719 3942 4992 797 1446 7264 4067 2606 2536 9273 2855 4019 764 998 6419 4711 3803 6897 5006 9374 5829 885 2492 1343 3439 4916 3924 6656 3437 9594 2040 1617 644 6894 929 3805 4678 8484 6849 8282 607 5285 299 8354 6207 2904 1257 3742 7763 
4621 8430 3182 7152 3481 9570 1358 4681 9257 7313 3757 5069 2833 5862 6778 8131 712 8005 1989 768 9443 9772 8787 192 7387 1010 4804 1153 2650 7486 6067 1125 696 4367 8057 4730 4994 9633 8204 6254 6282 7257 7948 3506 3622 4642 4876 4761 9692 5245 9861 5441 4799 8213 5870 8518 2316 48 2614 3035 8280 2338 2964 931 8130 42 6861 5108 300 5994 4075 6664 3889 8663 1862 1476 4133 7478 6847 3563 9355 8155 8800 7123 4344 834 338 1261 614 7225 1537 4503 6079 8106 1544 3412 1459 1567 4900 6443 
5991 1617 9466 2151 3810 950 9338 599 2136 8322 6603 8689 2682 6718 1961 9247 3897 2659 2425 1540 4226 7325 7983 6901 9600 8885 963 142 7887 9852 2089 2130 6475 9909 219 1202 9952 858 2975 2995 599 5933 3087 8153 1137 5547 1418 5118 2960 8093 10 6327 9506 766 4988 6102 795 3882 2304 3505 3243 9269 8581 1714 5696 6997 8211 9004 4489 668 4782 7175 1001 3242 3171 1393 7546 7075 4543 5982 1544 6429 2349 393 4577 4144 1963 7943 5109 9257 3113 532 1428 5179 4086 436 2874 2892 9626 891 
1965 1364 7146 8650 2314 9748 8595 7423 9562 8500 4569 3532 5914 9018 8766 9511 7873 1808 3159 4711 8116 3152 9573 1451 7936 7972 8217 7235 3680 8164 2549 6230 3869 9622 617 7058 6654 8584 5020 4503 4355 5065 6162 3237 7614 9778 7861 2582 7676 6260 3550 5372 5552 1645 2768 2647 3355 9005 5580 3914 3256 8210 9516 175 5536 1088 6462 290 8074 2074 62 9240 2112 1488 5572 6023 1515 6137 7728 8380 2282 859 3767 4196 338 6519 5404 2945 28 4923 5271 112 1966 7576 6739 9322 8668 3256 9404 1899 
9740 2178 6909 7312 665 9917 5849 2989 5063 9946 8126 3426 6133 6947 839 6676 239 2712 4479 5575 7483 3919 1269 1803 8316 8557 1201 1053 8264 3198 9381 807 3203 8769 6490 241 7103 9584 8461 1128 3582 4327 3065 2620 1866 6987 6809 6727 1105 4436 9124 9714 9132 4530 1494 1831 9712 5371 6988 3279 736 9636 7375 2440 9841 6386 7969 9377 3795 4486 4234 4707 4427 4754 6560 2891 1257 151 422 6517 4031 6567 9899 8545 2548 8226 1951 2473 63 1245 8156 9617 3255 3726 4574 1909 8324 1300 1058 3933 
9668 2809 3007 8506 1299 4503 3872 724 2253 7706 4596 4490 1070 7697 5989 7640 9617 9328 1346 2080 4689 5531 1148 1718 3142 7028 8027 9913 3654 4477 3507 7125 341 2317 762 1500 1277 4085 1999 8064 7168 9694 7358 859 3913 708 6183 6010 6713 4524 9128 4044 4153 5593 2808 2451 270 3453 5268 8033 7277 2254 4987 4527 1984 717 1362 4686 6138 4495 5736 5271 6206 3374 2082 3432 6602 5840 2807 1516 7124 6398 6758 2295 5829 4055 794 5543 3052 7058 1505 134 2050 9349 8980 7657 7734 9701 6175 8467 
655 2867 3703 3808 5669 6274 2872 895 8827 1447 717 8324 6630 8976 2227 1442 6409 2332 941 9416 8790 4274 4180 6021 512 8249 7549 1051 5708 1865 4312 9455 7544 7992 3842 67 2663 7978 3825 6440 4757 9905 1214 9669 706 613 7049 5175 1826 1430 5902 2142 2639 3304 5285 3343 7308 6612 2159 7056 6764 4090 5676 7368 4169 4836 9115 9582 5474 5225 9365 9608 4971 2569 3994 5598 9032 9995 8916 3305 7663 2908 5636 8756 6268 9005 6861 9480 9987 1772 3417 2097 4647 2311 1251 5937 8753 4363 6391 4540 
2989 9521 5300 2775 5476 5467 1751 5789 5865 4097 7263 8270 312 825 5721 2019 3390 172 6799 9076 2246 9003 6279 5357 9785 6989 8768 910 2142 982 7102 492 9433 8078 4862 8977 9920 2644 7962 2691 403 3803 6752 261 5416 5118 3081 8323 1590 117 5418 8522 2369 4768 6620 3868 4366 495 1582 5990 6663 9312 9629 4116 5514 1185 1405 5771 7416 6925 7764 132 7544 4976 8875 200 9769 5078 3039 684 7443 2601 5448 3358 4413 1791 8664 8721 7711 2215 6213 4374 9894 778 2357 547 3113 2047 2533 1298 
1145 8294 8664 8513 3547 350 4882 7729 7848 5316 2704 630 4096 1538 7338 8849 1276 7278 8203 5985 5777 1323 2001 2290 3180 7747 140 9112 571 9868 2850 3091 4368 8260 1782 275 778 2890 4368 6121 6841 570 6406 5987 6546 5328 1567 8452 6358 5515 206 2908 7238 9083 6804 9261 8295 8691 6156 1532 8411 4268 645 9355 6399 909 6423 7871 9006 97 1037 7191 8023 6258 5998 9231 2461 6382 5415 3976 2906 4576 5303 2432 8631 8863 7003 7645 7097 7159 2773 9243 9935 3472 4366 5428 5661 3568 5846 323 
5562 4215 4223 4150 9044 8585 5638 9781 8264 3926 5647 8282 9471 5033 9256 8336 8118 506 93 7166 4160 7021 5716 5600 8969 2592 3029 530 1515 6417 1861 568 8864 8385 8439 6412 1888 2241 2978 588 5804 9723 889 8631 9859 8099 9848 9325 7641 7236 788 7986 9363 2066 1083 1087 4577 2456 5481 7395 4993 8736 8812 6604 8254 4263 3735 4464 8954 9960 8792 2914 3705 2198 2313 9287 1490 699 6234 2087 4253 4548 6481 4091 4148 2390 9913 7237 2854 1578 224 7346 762 1046 1277 4085 1999 2006 840 4049 
4718 9694 741 4768 447 6854 8853 3068 6607 3913 307 7437 302 1333 628 207 4784 4911 4588 1762 5282 1345 4437 7728 3905 2492 6996 5046 1459 4095 7994 2897 5952 8459 1365 3905 2971 8339 7458 8562 5645 6773 5637 8458 3185 7247 3147 6074 6534 2057 1225 2398 6424 2069 2400 4960 1291 8516 3064 5463 1898 813 2364 5790 5184 1342 8290 9148 2212 8821 3108 6192 7278 2496 3074 8445 1655 6199 6367 8467 4310 3952 3898 691 9329 7969 1921 4172 8158 193 5564 4446 3224 3544 5614 9164 3336 4590 1964 4572 