5095 8897 9454 330 26 9146 3508 4820 8698 4920 7357 4328 4542 5628 646 1046 8625 1130 6153 9035 8065 2315 194 4293 2288 5400 8231 6345 6763 8090 7624 8977 4969 1513 3839 1964 7029 9915 3329 6878 5915 2777 1750 4526 9131 7338 2011 7705 1283 7863 2287 6385 1471 9838 9604 4923 5253 2889 5959 7304 4598 6966 7588 3255 1759 1369 6169 8184 3187 2285 6993 9764 2936 8655 697 6831 8275 968 8485 51 267 9237 2156 504 1659 537 6749 9416 242 782 2308 585 6368 5157 3654 2776 4477 226 4002 2317 
7896 9706 4085 1999 8064 840 4049 6915 6854 8853 268 3583 3917 1717 9765 4825 6461 1346 4689 547 3215 6283 8068 7171 702 1857 6734 8406 4821 9938 6438 6101 6549 3295 266 7598 2335 216 2466 40 8841 3581 7952 3941 6543 4288 2590 1430 1648 4200 5205 1170 8745 8623 8616 2397 9848 7287 9097 9054 9407 6511 7282 6672 9820 944 2580 9573 5842 7573 8182 8923 6545 8247 5469 1247 914 9472 826 6421 8440 8922 725 5341 6599 7091 7939 8005 7411 3188 3510 7331 4449 3529 4485 4764 8357 3032 3051 7513 
2038 7080 1277 1918 5292 3789 6335 6155 7271 12 1608 4514 6841 3966 3311 4927 1689 3986 5654 6861 7381 7418 6554 3425 6903 8051 7719 7933 5997 3202 7827 6553 4805 3847 2163 7986 7341 8518 7339 4750 8434 8361 4739 7278 6332 7636 4761 6719 2514 8831 3924 7176 4777 6238 1750 4120 677 4888 6705 9179 1687 2079 5852 8285 1805 7243 428 2013 9276 875 6019 1898 138 3050 367 1475 8706 1534 1522 8565 5636 6895 3737 7539 3845 4372 9597 3181 21 8327 6991 8993 6836 3202 1754 3673 3004 1579 2218 6590 
2539 811 605 9104 9526 677 2387 1596 712 2930 5873 8982 5576 3778 2663 140 5093 114 8540 4878 7492 454 6636 5536 8634 2353 3481 7728 6334 6635 5883 5178 5362 6324 7560 5109 7660 5095 6423 4265 3478 1038 9460 3754 1576 8912 358 280 897 8657 8006 2070 9845 6747 3158 5976 8570 2341 7908 2187 3604 643 2964 7374 2593 243 4170 2308 7426 1611 378 7227 2107 3937 1345 5580 4130 42 4878 1899 3730 781 2702 9540 9788 5539 4783 8816 2946 7678 3349 5649 9512 8351 2758 5192 6904 3628 1248 8884 
5658 1356 5410 9843 1539 339 4730 60 8560 2331 1215 4130 4007 7076 9417 1848 5518 7333 4606 7569 8250 2215 6086 4830 2642 7179 3189 7895 3110 3720 3184 6609 9624 5045 4502 5218 6283 2175 2799 6734 8406 6438 9178 5797 2683 4987 2086 207 1071 5230 6896 517 8048 2076 512 4168 6566 8459 4081 3148 6945 2935 1849 5247 4053 8089 2775 9342 5471 3755 7283 6625 8708 9563 6911 6671 2913 3736 5559 1766 7277 8377 5661 2922 8528 1033 1121 6845 8376 1971 808 3462 4171 7157 6689 9478 4709 8598 8887 3615 
4019 6391 8117 7737 9086 9051 1464 1112 5258 2529 3185 1853 3925 5265 2417 4714 4905 3214 9240 265 9714 2446 6372 4475 8650 6909 5198 9102 8678 6328 4252 3848 5388 5400 3662 5097 9928 9157 5324 6234 4820 4468 1948 755 7887 9558 7108 8166 4272 6952 2765 3521 7408 8253 3897 2431 1488 4015 6619 9646 5855 8996 473 8313 6651 4447 852 9760 4240 4498 4688 1157 5381 9828 4022 4725 1875 3415 4397 5015 9159 7120 3669 8477 738 4930 7756 8005 682 9808 1712 4803 3980 4423 2975 7283 9563 7220 9500 3381 
7709 3851 3721 9847 4442 2356 3020 3831 2978 2923 4638 4197 7302 4153 4332 4282 6714 9400 2728 4383 4414 2855 5512 9710 5614 4819 8294 9378 4077 2847 4426 7077 399 6386 6690 3365 9525 1083 5118 314 2852 9507 5888 1366 6259 8070 2963 7769 6100 5995 1891 5117 1871 5296 5903 2051 2309 7790 8846 8396 9865 647 4542 5469 6652 2494 1611 2858 7686 6590 5390 1805 6536 9645 7691 4359 4365 3835 9658 5337 1304 1188 6962 8770 510 7300 8262 1597 8361 7315 4444 5402 765 6639 6611 4569 4958 7118 2524 905 
4330 5095 6587 8890 3359 4469 9460 3754 7899 5906 1001 4702 6300 3016 8382 1798 6614 5962 2737 9663 9339 3278 6478 5471 5511 7283 8708 8517 7856 7220 8932 9494 1996 1073 6522 9026 1267 9416 5673 9296 6512 2663 2218 4671 4107 4121 4216 5259 449 8897 379 6130 1023 731 5852 8948 9533 3209 3848 3321 8147 4265 6455 4488 4327 2172 5329 6958 2562 6583 6737 3233 1671 5445 3492 6949 6368 1564 7467 8450 640 1967 8515 6475 4536 212 2198 9460 3068 6476 474 5210 2809 3463 6092 1884 2521 8991 685 5134 
9538 7334 7412 9001 867 2408 5630 346 8073 4510 1844 72 6925 9707 1948 2708 3794 682 3496 9843 6282 3044 9355 3408 828 7458 6298 488 475 6981 7296 8860 2085 8597 8368 1305 860 9292 4289 4206 6923 9913 2528 8523 228 8410 7435 7098 6582 3873 1280 5115 7113 9 3826 4862 2992 2169 7822 2904 9563 6414 6102 2940 3480 8663 1202 7142 9098 869 755 9806 505 7756 8285 202 4870 5948 9488 3408 8918 513 1499 2948 2072 736 9184 7764 4589 2953 813 4627 8880 5320 1385 5926 5408 2970 7853 7521 
8765 2243 7019 7339 9569 6916 9393 4535 3835 2401 3848 9598 9086 9991 9145 5604 7176 4437 2725 4852 8835 7868 8839 9918 7986 6507 4548 203 177 1651 5238 5157 5026 6447 2730 7397 9714 8935 2549 8282 5521 4007 1432 6316 5365 2041 8202 7103 8054 1079 6910 878 6365 8521 9967 4374 112 9702 2877 8129 7286 2 9072 6381 9565 2678 538 9564 471 995 8486 1607 2515 1108 3467 8084 5801 6562 1997 8051 9257 1905 8000 9797 2433 9805 4033 9773 2073 2349 6377 8347 4312 8357 9619 3313 9549 7894 5751 9261 
1295 4459 8414 4549 4761 2896 9307 1615 3619 7178 9316 7150 7929 2742 2363 2936 7023 1736 3871 3529 8192 3240 6046 6611 4162 6143 1 5050 6755 648 6548 3176 2601 8329 1511 2775 874 8204 7369 2504 9472 222 7546 4354 172 3591 4059 2948 8477 4418 8506 8390 7879 2549 3884 287 9752 3957 6401 5542 2054 5685 8537 1264 6995 7816 1902 8125 9998 4959 1190 1205 9050 6185 279 1543 664 7212 7337 6713 2664 8030 207 1395 2901 7433 9532 4109 472 5517 2958 9373 840 9311 474 9735 9720 3823 5108 4295 
4752 7704 1944 622 6726 326 6461 4288 3583 2214 7545 5663 130 3994 1698 1923 4395 2468 7473 286 6814 4359 284 4194 7987 8538 5812 1929 6247 7461 8897 3390 6989 7340 395 5285 7305 3552 733 7503 1617 2356 5544 6344 8277 1938 4945 8215 6542 961 945 8151 7320 9830 3358 3299 7140 2136 8589 7928 4703 8369 2221 4634 3690 1441 9308 6418 3687 6195 6315 2553 4392 8727 8858 1658 3800 9503 172 5153 8594 8121 1690 3021 7807 1318 4857 1764 4392 4218 4354 5226 3822 5603 5371 1082 3800 5468 5153 6833 
1690 5525 9692 3021 3591 4421 5340 9141 2601 9472 1207 463 5681 2346 7558 3828 3884 287 4708 3957 3811 3257 3577 5863 1207 5685 1570 5954 3232 4704 1210 7161 1555 176 1680 3250 3771 4536 3547 2398 2449 5144 1813 7081 6233 7598 7591 3928 1664 3090 9603 216 2527 776 6339 9481 4899 1455 2522 7915 9890 5697 7984 6140 9273 244 8166 6910 7291 9192 1688 5532 1094 7171 2908 6542 993 5518 3128 3963 487 865 6920 7428 8890 9294 8219 6775 4635 3534 4936 1856 3615 9598 8857 3533 4854 1630 7048 6283 
8097 1216 8062 3794 4820 8715 2413 9976 4162 7438 2536 6728 2729 6668 8021 5614 2078 1563 1716 2022 6796 1173 6930 6868 9167 2653 1680 4978 3822 8858 1658 9503 1805 5153 6833 1690 3021 3591 7636 6719 9570 8056 6330 902 9242 2492 2183 2213 9827 8140 1219 5478 1769 8641 3481 3680 7444 929 119 1120 9306 7498 6432 3256 274 7016 3890 5153 8402 5205 5884 9817 3903 5851 5619 8635 3027 941 991 8703 5187 6516 8516 3064 5463 802 7262 7115 1175 3322 3933 5471 5285 5964 219 4984 1442 4406 3342 2784 
4502 3410 4169 803 3059 7418 7826 6471 6903 6616 6935 1263 6948 182 4056 3952 8744 4684 990 5029 716 7333 6991 620 2514 2976 5352 2215 3701 3980 660 2694 983 8809 9635 2044 2960 9676 4162 9762 3636 3848 1452 5511 8882 9086 9991 2816 9665 8896 6406 1665 9855 3913 8403 4610 235 1818 3840 1792 5314 1924 1781 2017 2726 2973 1137 1509 8524 2823 3374 9444 412 1574 2190 8273 6785 5889 1413 6760 2396 4728 7078 8796 3297 857 2107 9342 5684 6142 538 482 4081 7877 8337 2449 960 4203 7758 7351 
8255 7572 4600 1186 1457 2589 1429 6312 3231 7435 1545 6748 3503 8575 4178 1988 3531 3082 6195 2559 2880 1228 1111 8512 6360 4789 4962 750 2090 8941 8974 2507 3165 2110 8928 6400 9840 2521 519 5845 949 9808 1480 3554 5061 4835 8020 2080 931 8587 46 3713 773 1279 9652 919 590 1887 9486 2355 6581 1676 3899 2743 3585 3937 8124 714 3123 6640 2479 8591 2847 5625 8206 7546 6331 7014 494 56 3150 8476 7876 9219 6371 9272 9434 3547 9349 6791 891 4026 6458 4334 3968 8139 7573 7427 3820 9521 
1505 6915 8547 1983 5622 1691 9223 3201 7991 6583 4470 2013 3866 6704 6612 7887 9680 9938 8023 5296 4191 9907 4872 9900 9891 31 2707 4324 7646 7695 5674 5679 6472 744 8407 1265 1093 4286 8672 7251 5109 4378 2748 2770 3709 8959 4639 4867 8847 9398 9941 1156 7288 3419 359 3156 7555 3607 1099 8622 2989 8944 4801 3648 4691 7108 4785 4294 3156 9928 3862 9501 5967 6498 3856 9749 4388 5137 8263 7380 385 8111 2838 4063 5775 9061 1509 6640 2106 6326 4760 2196 308 3773 9618 7261 5926 7270 3375 6072 
3996 4358 5210 3077 1849 8161 423 69 6024 6652 4432 2494 3317 1611 7686 7439 6452 6486 695 5446 8868 3024 6962 3201 5712 5953 6649 2372 5686 7358 1587 3750 318 2357 7239 5531 547 9416 3142 782 6368 4067 4695 4002 1268 1046 2086 7309 6757 625 6092 8850 5119 2353 4135 6688 1304 3037 7610 9060 2456 5481 9639 7395 4253 4993 6481 4091 4148 376 6723 4874 9827 8264 8849 5144 6306 2093 3947 2277 1704 5007 6847 2900 9737 8880 9485 7876 9219 6371 140 1472 3678 6653 934 9349 6791 1892 2683 4026 
6458 7244 1245 2955 3240 2986 7573 6246 2885 9593 3820 823 1927 9521 4714 7879 8914 6915 2396 3248 941 8519 2115 2049 4930 871 3757 7802 78 9802 4792 3103 6297 3991 7017 4531 1619 1980 4480 4982 3883 2368 2360 1812 9650 6461 101 2567 837 9574 3245 5930 4303 8865 8511 8675 1070 7523 1450 5238 8890 6152 2082 7394 6338 1578 847 2728 3997 5211 1813 6305 890 2504 1647 2368 6258 5180 4789 3088 9541 7031 9554 8397 6972 925 4952 9867 3208 8389 3815 5271 6703 2067 9040 2271 9298 7304 7117 1604 
5495 4331 6398 9266 2552 816 1416 4070 5917 1331 8352 2486 4993 6769 8103 2174 1706 8548 9076 3697 3901 1548 3540 1130 9531 3522 9597 4497 3809 5828 4112 584 8055 548 2177 6885 6247 400 1105 5260 4550 2923 3941 5545 5205 9433 7420 1843 8415 8536 6071 3695 8557 1327 9532 104 1472 4935 3795 5004 7778 7257 6567 3583 7797 2732 4789 6878 4164 2637 7443 5793 2828 2274 1941 7157 6146 1954 2835 2782 3216 2312 1079 7541 6474 2399 7536 5820 9700 3217 7 5697 4388 7797 9323 8126 4539 2075 4564 3925 
5393 7976 9179 4356 1949 6337 4630 2934 5215 2061 3100 8296 7831 9035 8887 6472 3695 7029 2632 9284 4510 3336 5336 9752 185 4661 8211 5234 7377 1319 9142 7087 8109 2899 9241 9861 3444 7470 8475 7814 1505 5532 8458 2935 660 8791 7675 121 873 7384 9198 1431 4877 1415 6232 4298 3393 6644 7756 5431 2664 2479 5938 8814 6174 8653 3391 8399 5153 2507 308 7571 2647 3746 4089 6084 4041 1385 4582 7973 8721 1588 275 5511 4160 8245 6118 6225 8590 2673 3861 6463 1148 603 1066 8094 6984 2850 3284 7424 
7446 7474 536 9321 2696 812 1709 9132 7645 8516 905 9504 275 7540 6092 1015 1892 4855 1080 6507 7471 366 2779 4940 8127 3855 8644 1229 4638 6637 6170 9241 5222 5324 7853 8676 9288 9013 5049 4606 2884 6994 1254 2207 918 1871 4408 4518 9313 3635 6961 1441 5690 5588 1356 8704 4363 5025 6919 6376 7761 5128 2185 3222 1736 4263 7577 3997 1705 2420 6340 2716 3406 6382 741 3324 332 304 5944 476 6596 4230 1122 4498 8105 8402 4204 8269 16 758 9921 3733 7475 990 5511 1236 7937 6464 8060 9211 
8991 6144 5798 3235 8518 6103 8729 4964 1546 4987 9029 434 3837 6944 9062 4484 5891 247 5468 2744 9357 7330 4345 6359 3395 859 2960 5401 7790 3503 2600 5310 6007 813 9507 4546 3772 9213 4925 9752 1350 6668 2678 6392 5530 20 4868 8989 6428 9598 19 8601 725 671 7109 3494 7595 4678 8787 8906 1686 7940 4937 7655 8496 6824 6338 4550 2379 3332 2097 7461 5106 8456 6127 7820 8200 21 5477 9243 4494 4108 8518 9305 5059 1306 24 9333 7262 9425 7991 6583 6838 2013 3866 688 6207 4222 9553 7377 
6788 4175 7066 1215 8966 5478 1726 7453 8358 703 7607 5304 9568 1591 9280 7856 3970 2414 5197 8577 3349 4052 5051 6189 9891 5190 6406 881 9296 9420 1610 8340 8369 7333 8060 3992 7130 5594 4928 8921 7775 6114 6105 7600 9844 1642 692 1697 1674 6126 3721 1222 3493 4090 5448 6852 5473 8209 448 4826 7667 4303 9686 5056 2365 1418 9415 7399 6216 4756 8404 6058 3820 9927 4296 3862 8294 7163 9618 5965 7740 8915 3572 149 9891 1489 9630 5169 2452 2492 1460 4206 8409 8408 1046 3178 5607 1176 5581 4486 
6554 830 1818 691 9365 326 2746 7881 8964 3450 253 3874 8868 2198 9736 57 2580 1212 9441 5860 902 5969 8232 8988 4699 3796 544 63 4962 2906 6762 3893 7059 6757 8568 6480 3898 1605 8839 6002 6771 4054 2463 3900 575 5295 3863 1807 8625 1867 7633 6091 5580 2577 3734 9934 2230 5842 2740 5398 4683 2625 4515 9628 7696 148 319 7601 9382 8677 9282 426 6218 8039 9123 9311 1830 3815 8488 6821 4241 9149 857 6633 5004 4407 1778 9220 654 4801 8604 7033 9799 9857 2270 8447 6142 3822 668 5098 
8190 5491 119 6270 5880 3060 5347 5947 6471 6029 4235 3791 9671 8824 142 9832 4033 1296 3967 7660 1103 1653 9941 5693 4016 1569 6312 7594 505 7795 3526 4620 2843 2126 9658 7585 3681 3410 4169 319 3661 3059 7381 7418 3800 3425 550 7217 4137 6616 1263 6948 6024 6863 6858 440 1459 7461 5518 8631 7333 7937 5618 7390 8845 4803 3980 3907 5511 458 9550 6946 4366 9563 8932 3736 167 5818 7277 8377 8959 2922 1073 8772 7536 8376 4810 808 9864 8637 4692 1901 1881 2819 1431 1358 4465 6716 3538 5808 
2694 9796 4742 7447 324 855 9795 5532 624 7901 4099 7483 2927 4270 3173 1738 3414 3209 9286 2358 6481 734 7311 5587 322 3512 6046 1602 4896 3767 6990 5183 1097 2915 9273 2278 732 9213 7167 405 2184 4317 6763 2728 9930 8427 5288 5418 8000 2983 9606 2426 2420 7719 1756 7775 5776 8244 1908 609 5957 4318 632 8371 1839 3823 2368 6191 9736 5808 5134 4569 3638 2 7699 2425 7685 351 9183 7431 5466 1691 6173 7094 5129 6288 7800 3079 2047 6681 5894 9182 63 496 8228 8727 7196 1392 3374 8250 
3008 8053 5959 4400 1490 2941 1676 9817 535 7780 813 6992 2332 2534 5346 1824 6433 5816 1330 8610 5191 2349 9047 8546 8878 2287 8085 3258 9840 6190 5622 5264 3110 7167 4317 6763 9930 8427 5288 5418 8000 3987 9687 5252 2426 1603 3736 3279 9054 1359 4640 2643 1528 2280 6098 7861 191 9888 7220 324 1195 116 1383 1751 9380 3593 9227 8558 5733 9534 3939 8062 3794 583 7388 9162 6302 7830 1376 3461 7118 1449 1689 3196 7436 3439 157 5765 9691 4624 5580 8074 4130 6329 42 7651 4878 1899 3389 781 
5437 7834 331 3236 8816 1284 2183 4190 8414 4098 8733 3984 9507 2701 9725 9890 5697 3374 4 3133 9588 6910 7291 1688 9653 7171 8765 9693 1606 8369 9820 4345 4357 6462 2766 7380 8137 4520 4002 449 3216 2736 2849 807 2892 1549 7149 9853 2817 4941 2385 9515 4317 1659 7185 703 6856 7883 2600 2328 4231 1884 1662 2041 7649 655 6957 5904 9189 6609 9624 5045 6919 803 3059 7381 839 3800 3425 550 4428 8051 7719 1263 8369 681 6863 1075 8744 4684 990 5029 8088 716 2976 6981 933 9230 4143 6023 
3365 7179 3189 1580 7102 9616 6122 63 7045 3109 2339 3654 9294 2494 1611 5858 7439 9640 1805 9645 7691 4359 3051 9989 5446 1188 1087 6040 8262 5830 6602 2217 9873 8249 2929 4742 8979 7422 7329 2341 9002 601 6994 9440 1785 7960 7666 5004 4703 3682 2798 7890 2655 4996 5597 3714 6926 1306 9785 9318 7043 1103 888 6558 7414 9552 9036 5406 4698 6909 544 5211 3928 8094 9148 6576 5038 8887 3626 467 4667 7083 1712 6179 9934 9391 2785 7210 7922 478 259 2637 7246 8875 7730 4477 5846 8426 3608 9294 
7982 9596 2690 6399 3646 2924 9315 6078 6841 3331 5444 1392 6473 8745 2665 1195 5505 3439 3997 2755 76 3366 5233 9969 6237 137 4380 963 7096 5670 4178 2604 8166 565 4608 6733 2991 5013 4689 6798 3681 5541 3997 5397 783 5785 6959 6367 6205 9848 8210 6785 8432 7009 6322 2523 7103 9558 3933 8359 7115 9389 6577 8189 2444 3824 9558 4769 3067 4494 8850 4224 3563 9853 6779 1090 3006 5289 7344 1979 5150 5065 3140 6761 644 5619 4520 9727 3835 3805 7795 4809 9665 1531 3592 8102 1604 7908 2295 697 
1428 1561 2829 2932 2876 978 1091 203 900 8154 8551 5425 9628 7614 746 8796 6065 6957 7487 1499 8817 6609 5045 8445 3410 1765 3849 721 8575 337 812 4241 3563 8393 9903 7793 6338 4647 3416 4137 2712 8691 9550 5564 1405 9199 1028 1240 4656 7821 2065 9051 2766 8932 8219 6060 1454 4434 6890 8915 4823 5652 3745 4487 4567 2722 5136 9837 9780 5846 9554 1486 8376 2838 700 8424 4397 6353 8521 8884 920 6474 7012 3399 4714 6797 5684 3373 9114 4214 1108 8520 107 36 565 1443 983 3755 2545 6024 
7721 3413 6589 8341 8990 9670 1930 2220 2147 3204 5902 9104 8732 309 4363 2235 9609 4229 3792 6494 2873 4722 9384 4615 4497 5790 5836 4174 5162 6458 8001 1909 4973 8007 204 1997 2180 8504 4613 726 123 983 1510 7469 6673 6214 7029 544 5401 175 7896 5544 648 6404 5439 2672 8657 6923 5793 1194 2394 8510 2966 9008 3733 1976 3409 63 9205 3738 3363 5950 7980 5664 153 9117 2219 950 8437 9259 7303 1636 9702 2592 8159 7834 3209 9314 1664 5262 3637 4258 4369 7885 7392 3941 3170 7344 7713 8499 
9476 7554 162 185 2798 6722 7132 1369 8895 7822 3346 6991 7370 8956 4070 1615 4667 4132 8198 4770 363 855 1503 1187 1345 4026 115 5636 1404 1244 3019 1979 6478 3192 3933 9659 3341 8296 2111 6735 7161 7680 9790 8303 2816 9802 6832 1487 5072 4336 5293 3920 1312 4870 763 8778 548 6331 7418 4551 928 7908 8624 9936 5904 630 6308 7921 5432 2485 6775 499 5829 6134 6190 983 8707 1549 975 7046 333 8459 9136 8110 795 1515 6624 4001 1861 3269 1267 5002 7293 8155 7922 4394 394 3260 1642 3147 