8135 5252 6591 5970 3061 3488 1084 7282 9295 9572 537 404 652 2644 9673 5401 788 8053 4428 7156 7213 2809 2953 6411 6542 3715 8810 9805 4763 6684 8267 7783 8179 1514 2348 4788 640 8084 5579 7536 1505 6762 3893 7059 7268 2508 6561 2342 4078 9918 5490 9467 1555 2127 2579 7013 7492 2190 5942 1469 5319 5015 1813 396 7888 3561 7760 4186 843 6529 6418 647 259 6380 3741 3574 1405 4031 9443 3587 9214 7987 8538 4471 5998 8157 3410 4169 2903 4493 1376 1254 3951 3830 8978 7382 8510 3502 2141 4863 
5417 6877 5728 6316 7565 5072 4800 8193 2420 121 3647 337 1293 131 8964 2881 785 3635 1318 4857 8778 3395 3496 7915 5119 9552 4866 1304 3037 4577 5193 4662 5707 7410 7338 1207 6090 162 1849 2460 7246 7350 3676 3679 9460 2484 8073 5503 5594 3705 3112 4061 8549 669 5193 3896 5751 2804 9965 1039 2633 458 1284 6480 8720 3079 7585 2714 3119 6457 6822 3637 3956 7531 4025 1526 4181 8537 3279 1126 1383 7483 4198 5451 9447 2244 7954 3401 1640 8222 5013 994 5749 3484 7319 1963 5165 3589 7 3502 
7976 1672 1626 530 6098 4734 3528 9659 394 4258 334 5135 4762 9549 7344 2826 7713 2412 4860 5470 4708 9667 6149 3904 6354 4390 8143 7470 526 7184 2788 5770 784 3707 696 585 1324 9396 8698 1108 4244 8125 3761 8819 8117 5669 6454 204 5750 792 8035 597 4480 294 2187 3604 643 2324 4587 2593 5112 5943 7894 2942 9486 8080 6795 5823 7933 2866 1898 8507 5617 9728 4092 3429 1987 8462 2090 880 3660 9604 4067 5653 4915 4908 9352 3348 8743 2922 740 4167 5006 3086 8828 4253 884 9219 1344 2572 
3963 7751 9619 6381 3304 4373 7840 9553 1904 8964 5728 7743 9452 447 8903 9616 2838 4372 9210 8450 8954 9986 7590 6452 7963 5968 2120 8747 3679 7682 2767 2914 1054 2717 5594 3705 3112 6000 2198 1968 5429 4750 1613 1048 7915 5697 4 244 2496 8276 1726 406 3409 2601 8435 4857 4218 5226 3822 8858 4567 3800 172 1805 5468 3807 5153 8594 1690 1289 8477 1207 463 2346 6315 4708 3811 3257 5542 1207 679 5685 1449 147 8537 6707 7816 4456 4959 3365 8236 9196 8909 1075 854 3044 4201 6719 8030 8034 
3610 1076 472 840 474 4525 7552 5019 510 6925 3948 4295 945 1944 5848 7291 1272 5921 6919 319 7381 7018 2715 4428 4137 4191 8522 182 6858 5029 716 9921 7640 447 8659 9230 5180 2642 2488 7179 3189 5560 3110 8903 2201 6122 3109 5469 2339 8474 6652 9294 1611 7439 6452 5762 2222 4359 3051 3835 1188 3201 6945 6673 8519 9001 1622 564 7358 8012 3365 2202 2991 7314 7465 7215 9192 1238 9528 8872 725 9021 1459 1266 6672 6067 9461 5921 3362 1238 9878 392 3765 8985 4574 6344 7010 8680 4339 5807 
1118 2190 8953 6731 5503 6685 3032 8137 5591 6968 4744 7552 1104 3831 7655 6127 1800 6329 6597 8272 4237 4832 780 8940 9651 9815 1942 9815 5837 235 7392 3956 4307 4000 7922 660 5373 8540 505 7795 9184 2441 8016 733 7442 470 5507 1080 3279 7859 5182 182 8825 206 8630 2562 8147 6262 6163 863 6747 1026 1525 6102 8839 3633 879 7719 5184 1342 8027 3764 3103 6719 5751 4680 7470 7349 6979 9094 6675 1584 9510 7004 5549 5801 8720 9084 6508 1188 5677 7046 6097 5803 3695 4733 3992 229 3494 6265 
1605 5977 9149 3107 7097 6212 7058 4241 9081 8652 8713 6318 8859 4175 1945 3662 4136 7200 4394 4606 6533 8759 9623 1712 2293 571 4137 4591 2096 340 871 8665 7351 7727 5879 1508 9676 4259 9277 846 1781 804 8380 5512 2829 502 1006 1025 2807 1382 3170 1911 4868 1093 5370 140 6613 1994 5529 8531 5834 8808 8036 8807 451 7730 4477 5846 3608 9294 7982 6399 3646 2178 1054 8260 232 9315 2063 5922 3425 655 4796 820 8796 6065 5253 6994 4406 5904 7291 1272 4502 8157 3914 3361 4169 3661 3375 3800 
7826 2715 550 7217 4137 8360 6948 182 663 4684 7461 3176 5576 4953 352 4764 5576 5265 4563 1128 7894 9534 3580 9653 2142 3591 1264 2150 1190 1551 6185 279 1543 3044 8919 7337 8034 2901 9532 8508 4109 472 5517 2958 9373 840 474 5019 9720 8141 797 7269 877 9640 7997 8341 1596 9275 9229 7372 5262 8180 334 4493 1376 1254 3951 2866 7334 3893 8434 7537 1960 4238 8216 3349 6877 2486 8587 9415 6561 3490 6795 4802 3109 625 5823 8781 1376 2650 7933 1531 2866 7334 3893 9573 5998 1960 8755 6943 
3349 955 6561 9858 4800 121 3647 4656 1293 131 9361 465 785 3635 4857 1764 1308 2272 92 4764 5205 9438 4238 5138 1601 5937 9121 4260 8110 8791 1011 2623 8928 3528 8039 6014 1175 7786 2674 8700 3479 3583 4630 9887 7101 6878 5171 4315 2637 1663 3971 5793 8795 2632 106 7689 8644 3926 7789 1672 224 7938 9938 939 513 1130 5879 4236 9746 5542 1742 1428 7636 1497 2095 1030 7976 2742 8685 9052 2744 4242 1404 8027 3576 4100 3085 5044 8166 7068 5110 9840 5380 2720 3651 1510 5533 931 6895 9767 
70 9498 692 1657 2738 5786 9163 2170 5118 7555 3006 5856 2091 4761 9692 4440 5763 9861 6997 7574 7795 3614 2694 2468 9796 8141 687 8334 7789 1626 530 6098 5822 9659 394 8068 702 980 3840 2676 6474 5760 6438 6101 2509 3286 7081 1664 2527 9245 7250 40 2808 4179 1275 6330 2180 5237 6529 6089 1154 4415 3165 1323 4572 9594 8329 8181 8360 5191 9633 510 4418 8204 6254 9472 8491 9716 7653 1429 639 6764 6987 6858 2090 9728 9480 836 6904 3511 897 6475 6859 3247 1939 522 8243 1316 3969 5 
3638 7818 6649 9540 9046 1638 5945 142 3292 2243 3535 5486 4713 3380 3630 2982 2660 4157 6210 3512 6046 1602 3629 3449 6061 913 8485 687 6490 2431 2690 1679 3646 2178 8933 7372 7281 4090 5974 9962 4768 5642 9580 2359 3463 2255 6744 2832 6115 2104 2917 7352 7478 459 3638 7875 9890 6805 391 3520 7299 3230 1987 1875 5954 3232 4704 1210 1555 4712 6920 6472 3250 4536 2248 6777 4500 4504 6586 3056 6504 7269 4136 877 9627 9275 2323 5124 4269 4122 1790 3493 4271 5860 3629 6827 2074 5374 9840 1914 
8062 4640 630 5780 6451 6242 4008 556 8758 923 7402 111 3636 1786 5773 8576 2752 1097 794 6763 338 4098 1153 8135 230 131 2017 5951 8703 1816 966 2582 543 5015 1633 8360 482 7391 4585 4958 1062 8868 4904 8487 6954 5906 4558 4934 451 9280 4276 1632 89 1276 1392 5784 1367 3100 5064 4941 2022 2297 6412 9346 6403 3401 3756 9563 4425 681 8401 1118 2656 5208 184 2697 5028 5299 3568 3293 9969 4868 1901 302 4824 569 1937 9578 5493 5138 861 7909 1562 1907 1400 4047 2163 6260 6163 9847 
2232 9264 5577 1811 5173 9221 20 1406 9057 5257 7489 2720 9400 1815 4669 366 8170 1546 9635 9872 9274 9988 3214 8529 3507 5726 2809 9719 275 5048 4503 491 2095 4256 5763 9454 7277 7296 1328 7842 3465 3532 9413 4388 7587 6570 4879 1985 7348 3453 7974 7428 2608 4459 288 9062 8130 6670 7031 4765 970 4693 1833 4643 228 3660 3904 2357 4107 8868 9352 408 5159 9440 1309 9253 8487 7840 3389 7192 6922 2795 3497 7384 2020 67 3760 9256 9552 4281 568 88 2877 3629 5430 9234 266 270 3708 6677 
3599 6244 5147 7281 5552 2531 2474 4552 3808 5188 257 3826 6697 7947 326 9730 5030 9621 4786 9934 2465 4813 5277 3529 9073 6287 6835 5400 5406 1692 6846 4412 9582 3879 8029 669 8109 9241 1780 3444 7849 1469 5702 5756 1250 6049 6156 7877 3538 6115 1826 5238 5754 9955 5440 2667 4964 2539 4160 6553 2600 6561 9704 6844 9565 6218 7189 9124 6646 2817 4571 5271 1135 5156 8091 9206 2596 1064 5632 7711 5945 430 7209 880 4442 6498 9525 1306 7537 9370 5605 4326 3375 4622 9141 9737 7547 947 5073 4957 
363 3137 9984 4409 5983 4179 7680 567 1952 7408 4456 8872 4815 7349 5353 4086 6549 849 3500 7159 8945 1062 7923 9853 8871 2382 9923 4237 5692 9624 6081 1419 3804 792 151 2193 8103 5542 7869 3194 7076 7569 7853 3365 4205 5550 4734 9964 3989 5218 4485 394 8068 7171 1857 980 2815 3278 8820 8453 3044 4856 4150 8260 1915 9625 1497 9047 5858 6562 7721 7459 7976 8685 1886 2941 8765 4339 3091 2478 461 1029 6954 1945 9017 7067 5004 3984 8319 4912 7710 396 3541 457 6960 5202 9665 5179 7564 789 
473 6252 2168 9479 3089 6840 2996 5777 1168 5641 384 8885 1460 7205 0 5461 1645 9700 8097 5511 7252 7397 3263 3561 5669 9530 5358 8779 8232 2488 5016 1334 5938 7276 1365 9461 9044 7072 3851 8945 1286 5865 9805 6943 7757 6862 2660 2815 6909 1582 7118 497 3786 4207 2479 6610 5580 3438 4055 998 8875 5993 2842 1945 9214 4425 6019 9675 6317 138 3050 5617 3754 3429 6562 4071 5243 8049 9658 3516 9857 8433 4992 5037 5954 7573 5079 3967 899 5635 6194 7639 1409 1194 1917 238 9849 8200 8566 6946 
7576 2029 2675 4567 5161 4556 3548 322 6395 361 1433 3151 3824 2695 2940 5418 6963 2464 4950 8844 2028 5610 1099 8962 3628 2194 7796 3364 4972 7874 7614 4403 7237 1494 2142 1076 4089 6252 2556 5790 1108 3094 6407 2906 5328 1580 330 5266 8144 7691 7757 9987 4848 1809 4288 9002 601 6994 6947 9746 2798 7890 4253 4403 3714 1852 3646 3830 7129 1504 6921 5475 4902 6250 5180 6816 3766 6120 2874 1264 1403 4290 8706 6655 4124 5940 7390 8963 6371 1099 1781 2358 2539 5541 6055 6384 4026 6284 9628 7649 
9624 5045 8445 3410 3361 319 803 6825 3647 4656 8978 1202 6974 531 5568 7303 6446 2789 5401 8804 2427 2130 3734 8362 1507 9840 5802 7584 2167 4492 6669 7149 8499 4761 4440 9861 6661 6060 3253 5812 6726 8013 6237 1605 5977 7656 9486 480 5406 8508 6274 2872 529 8930 602 717 8324 6630 1747 1987 8426 3218 5269 7723 1900 2386 9568 9284 2916 2378 3790 3246 506 1880 1004 2141 4520 4691 9 5871 5366 7054 1250 9093 4209 905 2441 888 9981 6068 6091 1584 6097 18 5051 4402 4942 8811 8480 1107 
1415 1769 9457 6557 2262 1821 3592 1815 6346 4352 726 2660 4162 6568 4456 9183 6044 1404 5060 5705 9913 3198 2172 187 3587 9848 3684 5751 179 8365 7019 5932 4691 8319 2350 6022 2537 5961 8785 5265 4474 3795 908 7822 7904 8131 546 7380 2819 2843 4460 2576 1394 775 8923 5221 1632 2870 6182 7514 1448 2553 9148 8358 4964 5549 4299 9748 9034 7929 7278 8116 9532 2363 2936 9576 3186 7023 1736 8136 7079 1216 2025 8200 6162 3669 3074 8194 7517 8444 5020 2447 6428 4606 8551 6972 2385 3816 6973 7309 
6290 3896 3807 2340 5893 7999 8333 8743 3379 8685 5789 7938 5865 6537 1064 4097 3530 4534 3606 2378 7841 138 6271 312 3944 825 5419 398 5139 3360 1070 4763 6086 460 8486 1344 1957 7621 690 8968 5138 8382 8785 472 1366 6709 6512 2197 2373 3864 3253 5840 5297 7432 6918 4636 4282 9167 3853 7203 5216 4313 8515 8176 2062 4295 7903 2201 9578 6003 6486 4852 3412 4154 9856 382 4734 1998 6774 6620 9121 5356 5430 275 9101 8916 1537 2373 2727 3024 9179 4966 3089 7455 2886 6564 7496 3156 2324 213 
9473 3961 3115 9036 5868 8471 4454 5502 4154 5271 8863 9672 4017 9025 4361 1663 84 576 8984 8938 741 1162 6709 6381 7826 1734 9494 4067 1716 3183 7956 5972 4573 6974 1027 3394 8770 8265 2297 9346 2272 4235 2864 3838 1601 8646 8806 6263 9087 1879 8439 2072 254 9422 6628 3909 2465 5277 2167 6818 9251 6835 3514 6231 2065 8890 3013 1217 9416 5229 766 8030 3798 8639 7057 5947 3046 2343 3196 5895 1118 1241 1978 5826 7714 9885 8819 7893 9247 6191 8857 711 9824 3051 5047 2085 1453 5262 9253 7750 
4981 6761 2960 7885 3115 8830 3390 4056 5520 9176 8747 9082 104 6029 3216 5705 4168 1469 6316 8115 5944 3268 8610 5475 3539 5621 6234 3099 8713 2970 5340 5035 6682 121 1512 1442 7306 1553 5477 8871 7177 4658 3940 95 5348 3417 3548 1217 6344 3381 7347 4287 4362 9162 1065 5489 9056 5087 369 3973 1200 9927 87 1471 283 1045 9891 1022 4019 4439 8540 1193 9039 8653 4502 2349 9731 9682 9821 3841 8297 9300 2136 1579 7783 3532 4484 5525 6854 4972 4063 4648 5144 2833 6101 9766 5846 5494 2641 7877 
5595 1530 724 3083 8757 2267 245 6442 1331 3059 4497 9822 2298 670 585 1916 6870 6470 800 2789 6574 4009 5160 7017 8146 6630 4850 5260 9127 1122 9505 3121 6569 3406 9443 6765 3801 1275 6210 1227 7682 7898 8211 4926 7172 8661 3333 1280 6782 1491 3906 1194 9385 5616 3370 8706 5425 7408 3255 8468 25 3055 4494 8094 4051 8036 5444 9325 7621 3931 3298 2312 8302 9555 5975 4475 1981 7317 2069 955 3783 784 2564 9358 8961 5101 852 6183 4172 5305 7831 2029 2277 6997 552 7567 8168 7519 526 6976 
445 7184 7073 8715 7674 5905 7943 8651 1640 3697 6646 2789 3828 1722 8215 3855 2622 219 8328 2128 430 6801 6518 9624 9651 3644 3833 4830 4688 4807 4609 198 1602 5917 6808 5778 7992 235 7080 6070 4654 8401 7380 6049 4998 6483 5740 391 2842 6800 6066 660 9705 6086 5901 266 7300 1540 5726 2564 882 9012 4963 1049 4228 6957 4117 2702 9990 378 7731 2247 7612 5840 8499 3020 6018 8428 4036 5731 6694 2621 1113 7132 5842 8178 7242 1849 8808 2376 9629 6259 8207 7347 1009 8832 8274 6430 6475 8792 
1168 3070 7150 6395 5958 2077 854 9172 8352 6315 8857 813 897 2017 3133 6883 6262 3438 8422 9834 8778 1367 7951 7912 9001 9825 7531 9252 2337 5915 6942 8490 1243 65 3650 9237 3390 4709 2125 8157 4481 199 4357 6547 7653 2319 7251 2539 7048 3360 3430 2019 4514 9353 132 2464 1921 5379 7513 5600 3638 9695 2901 1780 8543 6725 8830 831 5681 4845 7415 750 7492 9272 5740 923 4979 3188 7628 4991 67 7175 3149 8186 5398 6117 5125 3648 7424 5507 7513 2035 9507 6709 95 8960 2436 8544 2995 4657 
2621 3893 974 3290 841 1490 7561 8101 3261 5072 4725 707 9627 2328 6683 6064 15 2979 3272 9064 7585 9660 6186 6297 5415 3735 2907 6748 3503 3848 4178 1529 9785 5692 6173 8512 9863 8637 6829 6082 8442 9435 5333 8779 8527 5026 9480 273 8064 2336 259 207 2637 8962 7061 551 7730 5846 6490 439 9596 6155 3665 4418 1819 3353 13 3711 5975 9651 2479 8115 5841 9397 9891 1055 4409 8898 1386 5170 4026 6019 9675 6317 1265 8507 5617 3293 4092 8119 2965 2589 5403 4000 4298 1607 1712 5979 7043 345 
6274 8578 7477 3927 2840 9815 4333 177 8325 3098 4330 1602 9797 8681 5528 5859 9433 3452 7661 8977 5655 5253 2644 7445 9769 6996 8705 6047 3494 3513 6716 9902 3699 1067 1590 5580 3218 3526 1403 6302 4075 125 7380 7607 9656 1738 7951 611 4617 3671 2731 7433 7167 6454 4139 5212 8644 5351 8373 473 4834 5075 988 1903 4611 6314 1245 7172 3047 6326 2096 3633 9556 1241 259 1328 4394 6805 4670 5346 4802 178 5369 6194 168 9399 1170 9208 9097 6888 652 4972 3275 1566 1354 2172 4994 7278 681 7591 
5985 40 1323 4743 2001 1546 4905 4623 7188 6771 8650 7957 8907 3956 8648 6750 2146 5227 7767 116 1795 2303 1218 3582 4131 4671 649 2051 4355 280 8253 7913 1669 6881 1199 719 8529 9471 4257 6678 4927 8613 8277 238 6861 7315 2029 4444 6508 765 6639 319 7560 2524 6587 7613 3359 2991 7949 7760 1038 6616 6994 4570 1576 1540 759 7147 8850 5969 1511 1407 120 7993 6688 295 5136 9060 2456 5173 1645 7843 9639 4253 4548 8736 4148 2390 9606 5260 3257 5032 2896 8779 9840 4368 4602 8326 6841 6456 
7137 306 7016 9184 3372 679 7844 1006 8537 1264 7816 8125 5327 1205 9050 6038 4262 8321 2889 1362 7743 7305 6807 6265 9454 26 9146 7340 3508 1563 7847 9615 6962 6040 6945 5281 8519 317 7869 4598 564 4157 7299 318 1205 2661 467 2202 9532 2991 9907 3754 7465 6330 2145 5231 6436 1238 1676 4143 5903 5380 259 6380 7942 6437 6998 9720 6395 4295 945 7592 6903 6726 3863 4798 1368 5791 130 250 2194 222 6904 9790 1509 6549 511 2994 4856 5153 6833 5525 3591 1289 5340 3098 8069 9472 4418 5681 
8390 3828 1470 7083 9093 2331 6134 3983 4130 4007 2005 8133 2618 1324 4726 9421 9805 2309 3173 3775 4977 3359 3384 7707 5721 6693 2198 4368 967 1175 7488 1057 4476 8921 188 3250 8184 1486 9880 3801 4066 4734 1965 3798 2860 6983 5477 5631 9093 953 2028 755 2928 9048 348 1957 3673 6987 1610 9205 7071 1652 6193 5603 2686 9503 5468 6786 9214 8052 5525 6265 5095 2190 3390 1534 7368 3508 1563 9615 1007 5141 1550 9831 1642 7358 6346 3750 5651 7502 4405 3897 7820 2767 4029 3814 9243 8429 6932 7239 
5095 4108 1803 9147 8007 4394 4606 6533 8759 9623 1712 571 4137 107 7707 8195 7288 5736 3860 6114 2665 4103 7664 8325 128 2164 5631 226 340 8665 1925 5879 7015 652 1508 446 3059 163 3504 4891 804 8380 2829 7984 7521 1025 7652 5147 175 616 4883 3131 6917 1793 7214 2370 4177 4726 2425 2837 3247 7007 4445 4871 1747 6416 349 9940 3848 4767 674 6117 1343 5256 8791 1195 96 6389 813 1759 1357 3652 2904 5861 1069 2517 9126 1589 3498 3523 112 1469 9302 4809 6899 7719 6193 9576 4603 6395 
2412 5958 5475 8257 2345 854 2022 9172 9442 3844 4261 7526 6558 634 4915 6516 8659 5586 6756 1585 5966 7386 2158 4265 9245 9742 5458 7455 86 5129 7932 194 7378 4320 7376 967 5109 9924 2208 6970 3524 2198 8775 1058 2579 329 1212 9441 7814 5586 5223 6764 7275 65 9274 9018 5852 1501 9130 5943 7272 3909 3942 9353 3190 132 7835 9146 956 5943 3295 7080 4479 8845 4231 1172 3094 9283 37 1323 9906 7741 1036 2059 8609 2412 6980 8625 7921 1246 8164 4307 1301 9724 208 9678 3930 1869 4161 9506 
3414 1335 7012 6892 5176 6164 3435 335 1620 4078 5084 153 8374 3001 9129 2543 5835 1786 9285 2139 4033 4313 9487 8300 9979 593 3895 1768 8434 3747 9108 3033 7686 5772 7111 3181 3182 1961 4630 685 6145 7704 8982 1223 7032 6479 1342 844 2095 5858 6562 8684 426 1285 2742 2744 336 9240 9986 7270 9073 5475 6830 2593 1101 6269 2290 9084 3270 8822 3556 5769 1322 6413 148 4990 9485 7876 140 9272 9434 3547 6995 2334 8742 4026 6458 4334 9838 7964 9778 3832 5622 5725 3799 7742 483 321 6047 3044 
9233 925 3060 9332 3296 9530 2326 7196 9786 3170 1689 2227 2019 9048 1259 3356 1923 1764 2553 7779 6827 117 6268 8874 3968 4251 8327 1958 9063 2296 4826 1645 6593 915 7196 5523 1713 680 7652 9948 2212 6674 3555 703 4287 8386 29 4489 8079 472 166 3638 8969 5862 3159 214 2363 5365 5394 6041 2999 2412 579 6865 9705 6725 9814 8449 813 3754 2321 1672 883 680 2075 7260 3556 607 6396 3478 7899 1001 4702 183 3349 3127 4503 3872 5922 3425 746 6065 5253 8734 5904 7291 9624 8445 6919 3914 
6616 7719 6795 5823 1376 1254 8851 3830 8510 3502 8474 3393 6943 4863 5417 9368 5728 6316 7565 3149 5072 9858 9001 4800 4684 8193 2420 6988 2887 2591 6652 1611 2858 9422 5762 6536 5202 9645 7691 4365 3835 5446 1304 6962 2352 6040 5712 6649 317 1622 4598 2372 5686 6450 1805 347 4461 358 6750 872 6595 7376 6879 5473 3630 3662 1924 5430 135 1064 7250 4171 7785 5153 8064 4186 4952 4934 7187 2355 5337 8598 3170 4273 2227 2019 1455 7904 7294 1064 7281 5221 2797 3517 5642 8835 1212 9020 5898 6563 
9016 7396 3039 2468 9306 7498 6672 3084 274 8822 3890 7698 2591 6997 3064 3270 9996 9582 5726 7192 3019 4644 8821 378 6263 4002 3353 1638 8149 1143 6362 3945 6485 4575 8701 6176 1856 645 2197 5947 3615 9598 4772 9965 4600 9911 2440 7820 3362 3923 6410 4744 343 3571 7580 619 3683 4522 2834 386 9562 1425 5099 8454 4607 690 2205 672 2098 7734 253 2839 7947 1292 3721 1971 9593 1122 1771 2075 9188 9861 8307 8615 4260 5272 9608 6321 15 741 3678 9731 6448 2638 2593 9628 655 820 8796 6065 
6994 6957 3342 2849 5394 2290 199 1533 139 9574 964 2773 2475 5260 5990 5853 5103 2539 8248 7194 5839 8200 8518 6568 6278 2978 2205 2419 2340 8866 3790 9593 8026 2865 995 9564 2186 5445 1643 8211 6370 5769 1119 9646 3030 781 2865 6118 7357 2744 7762 6171 4575 1551 2518 2142 7853 7785 5189 3780 5227 7694 9337 5437 8738 9065 3202 6459 230 2623 7398 7321 2488 9234 9990 2699 4016 8777 7968 8397 7251 7481 2841 8745 672 2585 8921 3679 3027 5822 9259 9512 6883 8862 1246 9260 2624 5961 3386 3366 
5386 218 4900 1378 8606 4575 4335 6180 7945 5952 9028 3988 5615 1087 9874 6655 9980 4002 1187 4351 326 766 655 8217 8674 1528 1795 6310 8006 7866 1673 5629 584 9376 8879 3866 8892 6532 3793 8196 3166 9113 2365 5124 3473 9652 754 7291 1840 2676 4534 7080 9672 4043 9811 1151 4133 2880 293 6795 269 9490 671 6814 540 6707 9948 5140 5137 2227 5192 5186 8483 3453 5178 3976 5035 8550 7364 8679 7846 6316 9506 1151 1092 3322 1016 1415 1787 9151 4571 6243 1384 1358 1828 3210 3831 8169 1493 7887 
550 9317 8261 7522 1668 1209 3336 7182 9622 6262 2844 6158 8691 5606 2685 8250 815 5218 8652 9973 4620 5573 7010 4807 8626 1781 6317 9064 3626 7433 1343 6623 672 2580 5248 3073 5671 2004 2911 1814 2748 4441 9587 2167 3556 8805 9893 6206 4397 2020 6814 7211 5924 2894 1267 7307 7576 8484 633 199 2640 5202 3221 6596 5360 8925 2863 1785 4762 2903 7823 692 7545 4809 7728 4060 3223 7324 944 4787 9596 6191 5124 33 2691 6591 951 3288 7318 214 6782 9161 2836 961 8512 2 3597 2536 5925 8563 
2370 1187 2102 1151 9790 7074 824 9785 6769 5559 2156 1587 8149 2929 4403 2794 7808 6552 5558 8295 6343 3794 3679 1586 4671 7051 6853 8188 5712 4517 3291 2513 8658 6964 5091 5593 5612 4718 2473 9056 6667 5352 6795 6953 1420 5919 9497 8849 703 4682 2366 7295 8715 1871 8021 530 3639 8794 717 4580 2808 9608 394 6372 5087 7245 8564 1387 8973 1263 3673 5552 5524 1265 41 4140 4898 1582 4049 5567 7399 2472 6542 6107 9389 3904 4507 3423 3824 5901 8216 2020 5866 4426 4036 3651 6120 5987 9411 2160 
3887 8979 7195 4089 8106 2532 767 2410 8421 5060 9804 4626 4835 7965 9722 6777 7753 8422 4193 5506 9614 3083 7877 1256 3944 8408 2612 1634 8599 4201 4301 5 3974 1639 1101 939 881 215 6928 6362 8590 5603 9192 3891 6599 1350 9246 1123 4403 3592 4560 8530 9121 1020 8153 4841 8301 6269 102 2121 2816 330 7606 9192 3926 5550 5506 240 2120 3730 537 7688 1522 6202 6741 9840 9242 2588 4003 9400 3731 5518 4906 6017 6568 126 607 540 3128 9044 6837 2741 4202 3416 5242 2762 416 5271 3662 1516 
7090 1066 424 6293 5481 6373 2297 7161 764 7807 2211 6585 8291 8239 8066 5055 1218 3426 5590 2447 5030 5320 966 9667 8451 3433 2896 3467 6444 7731 8764 6911 7906 9512 4478 9326 9147 5669 4361 5075 1431 7019 586 7407 759 4405 1683 1954 1484 9751 810 8019 3150 6885 5362 4085 7844 4956 259 5934 8302 6533 3866 4854 5100 865 3382 2717 7421 6654 8941 1195 741 441 9278 2282 1185 5514 5785 572 6466 7074 9303 2527 738 598 4349 2235 3361 9363 8208 8499 8164 5238 5931 7216 1643 8734 6729 1995 
560 7239 5612 5738 3903 5501 1197 4835 2819 4422 2770 6142 2341 7392 7504 3715 8939 7657 7840 4612 6618 7629 1054 8136 2703 9419 7457 5269 6950 7240 2911 131 3687 6435 1414 4159 6976 2295 4209 3507 7513 2870 1105 2143 6210 4072 1513 4988 1937 1343 6837 8191 2050 6145 3329 3388 3075 8022 9851 5312 4408 9083 5876 340 6589 1952 2194 5757 6261 6001 5816 1430 8198 4607 4401 7391 2069 3029 3338 1642 5129 8804 2928 4947 7083 3688 2898 3809 5678 5763 2629 4431 5352 4156 4552 1299 7331 3037 1373 3015 
3575 6897 5221 573 7253 1202 6581 63 1510 3411 4750 5248 5540 3691 7686 4102 1355 3744 2142 1740 3077 4285 8315 4329 4520 8662 6403 7759 1462 6065 8531 8226 6426 285 3470 7990 46 7059 1040 8283 8227 6057 3184 4991 8673 4865 2886 311 8355 2993 84 984 1476 2516 7737 8156 6536 7753 4082 9761 3752 2225 1691 7192 6743 810 3213 5429 7304 7050 9785 2294 9842 8050 9639 4405 9075 2206 5325 8237 8078 3710 3981 682 820 4348 5920 2985 1552 5455 9951 3507 1282 9349 6470 3223 8645 1769 3461 3028 
5964 3750 6213 905 5491 3237 3687 3024 3604 950 5102 1322 6452 303 9517 370 9314 769 7590 2324 2081 2314 1023 9405 5322 3952 1768 5655 6983 9398 7262 6736 5361 210 9302 1600 3585 285 4931 5614 8837 9325 8737 5557 656 5582 27 5204 6488 5760 4597 7445 4475 1140 7528 3919 1938 4852 1887 6743 2337 5444 8471 1966 9653 7001 812 848 2452 4274 6447 4795 2581 6219 7665 3464 6887 2853 1681 4940 7248 9220 469 7626 6458 3170 8507 3245 4225 5601 3946 3109 3477 2800 861 3331 1833 804 7254 1465 
3257 6860 3466 6543 8377 692 5533 9031 5717 8256 2993 9178 5880 3917 8485 6553 9657 2430 7168 2546 7820 2636 3332 9616 6467 171 1253 3720 9682 9694 9534 4941 8734 2948 3883 6982 8803 1052 2170 2897 9854 2514 4604 7499 6091 2544 4747 1357 4364 8487 2684 9942 7703 8146 8394 9915 6150 3102 4398 8147 8643 6908 8389 1478 920 214 8806 7336 9062 5892 787 8049 371 3384 2966 2668 8192 2855 1215 4051 5943 3975 2868 9270 7390 9249 328 4137 5181 7025 6366 1035 6107 6296 7297 9832 3574 2562 6010 8337 
349 8361 3188 1963 5394 7068 3272 9870 2845 5690 6669 5897 9571 8856 6273 7761 5403 6021 4794 1022 7439 1787 4932 8694 317 5726 1829 836 2920 2605 6844 1460 4380 7479 4644 8319 8340 905 2270 6620 8655 3059 9038 5121 1136 6850 7603 9045 7699 1252 7375 2879 7656 6695 6694 3089 9844 330 2275 8697 5124 739 8989 9935 5403 4806 2798 9781 2837 2824 102 7116 3391 2122 8664 3353 979 9698 4413 7826 6951 1924 9723 8566 5811 3021 7838 2993 4014 5676 6171 6389 3593 8565 7145 504 3594 9841 8497 357 
4380 117 7345 5945 8669 9134 6876 6402 3678 8241 4089 3500 2320 2871 200 7373 3445 7642 4334 2210 8708 6497 274 2287 520 7838 2097 1982 6722 7487 3572 1004 721 1206 6122 3154 4944 7504 9787 8373 4572 5050 4632 6077 8810 9396 1254 9438 4003 6771 5222 9384 1002 1499 7840 9911 7666 761 7053 508 3896 5042 7017 6180 9519 5611 647 8246 6239 879 961 1464 8413 4581 9111 4946 5103 5872 3124 7049 6751 2854 1745 902 1056 870 9123 5648 743 5652 4731 555 282 112 4935 2190 4700 547 2758 509 
4422 5517 6023 3453 8242 8714 771 8582 3915 9524 8969 6396 4474 9244 3189 6241 3095 9177 8503 8594 2572 1125 8949 9025 7642 917 4885 2338 2458 7355 3208 7316 1154 8721 5291 3324 5321 3034 3964 4004 204 6012 7766 7259 4517 4204 6424 7991 6867 33 6193 4032 4655 1878 8956 2514 959 8296 1920 8446 2030 966 4688 9532 2162 3146 836 4455 3033 8073 8595 3771 2435 6183 4213 3667 4583 3618 3475 7473 5350 7993 7870 5702 5718 3450 9686 8003 9946 2133 5939 7247 6984 2696 962 710 2323 9078 34 6472 
3039 8919 5463 4215 5043 4172 4878 3067 3679 8931 6225 8495 1688 5990 5834 5238 792 7554 1406 8949 7503 537 7429 7925 9261 1371 5078 4173 8029 9735 1756 452 6853 1122 5259 6115 8137 464 9290 519 318 97 4146 461 4370 3500 5442 4580 6352 1939 2812 8857 8332 4045 173 2975 1983 232 3770 3382 4314 4360 2881 715 6852 2930 8125 3225 965 8843 3022 6907 4396 7541 7655 6566 8616 9452 2723 8236 678 8060 7737 62 6327 1855 1651 8595 3790 7229 2571 8867 4552 8339 8870 8121 8945 6858 6576 2077 
6942 4528 6644 946 3856 3 9322 2382 2541 874 5535 7106 839 9268 2562 1309 7035 6654 8511 8952 259 6593 7720 1773 507 6948 4440 7848 3 8923 1027 5427 8088 4947 7531 1971 6851 4985 2241 2939 8678 4933 5828 287 9374 1775 8954 1409 776 4584 1255 8389 2509 1506 5853 4423 2095 2296 2187 6301 1513 7347 9879 6552 6346 1173 2014 7394 4887 1243 8584 8145 3269 7393 5547 7455 3122 4364 2433 262 7757 4584 4312 5734 6140 9071 8658 101 2013 8466 1506 7636 3123 6538 6485 6871 689 2456 6598 1870 