4537 2050 840 5289 7549 5324 8125 4113 3999 4150 5053 1545 8833 9217 7225 9657 5773 1539 3097 209 7384 5281 8848 4498 6073 9682 3203 5810 6033 1384 5336 7223 9883 2573 6567 1831 8201 9753 5684 5523 8362 9655 7785 5816 4777 6954 6757 5819 5391 7965 3567 5937 9750 5435 4260 7206 4588 674 4641 3272 1184 974 2607 5474 7775 4035 3567 2304 7054 326 5593 6818 8706 9006 4629 9433 3560 4473 6583 3883 6139 6538 5748 8469 6838 5829 6283 7104 2731 8046 2385 9356 8415 8908 3030 3764 6454 3659 6965 8480 
6686 4465 3563 2281 5179 3647 4330 6965 4464 5633 9697 6390 5578 8776 3451 9675 683 7319 1659 9627 2086 5145 9925 8594 624 9020 7977 7746 4135 426 1762 5022 8542 6261 5570 7651 2207 6119 2520 520 3026 5424 5062 8167 2247 2487 3043 3008 7247 3510 1132 3382 9634 9073 6323 1644 2702 3468 7067 5607 1109 4697 7692 6066 4187 8443 7516 1364 2206 4515 3919 9707 3214 6038 6577 3490 852 8639 774 2277 5169 5984 5473 6278 8246 5371 8267 90 602 3531 691 7341 3547 3646 1508 8099 6134 5455 7988 9903 
2582 2167 7313 2974 1896 801 7057 6160 3705 2049 7258 3644 8056 2602 7050 6017 1959 8105 9721 8925 4846 7985 8967 6699 8359 2049 7258 3644 1909 8366 1785 1959 3786 9721 3 8925 6183 5270 4556 6465 4646 6583 37 6414 6316 7985 7466 586 7057 6699 6160 6040 9204 4843 9076 2020 5860 8056 4617 8366 1785 3365 6017 1959 3786 8105 775 763 8967 7057 6699 6160 6040 775 1112 4271 334 7168 6896 7240 3438 8971 7146 609 9649 5390 2576 676 9507 7887 1453 3389 9232 8558 3399 2580 8541 4874 103 4051 
3809 8658 2820 1186 1205 8119 5541 2563 6935 8450 7619 1429 6295 7405 8598 4011 1763 5768 8498 999 7195 7695 906 5089 3412 4397 8650 7923 2159 562 266 62 8096 1620 7447 7255 3243 6405 4575 4126 294 4090 601 738 3964 2476 8248 9793 8938 9279 8284 3894 2822 8981 4249 112 2405 4379 7704 1495 6227 5585 9980 4975 232 9 8545 1377 9724 7309 4888 6985 5323 9274 982 320 1115 7191 852 7657 8416 6867 676 4491 5397 9512 6707 3112 1790 9447 1300 4603 6884 4801 4075 7704 3309 6587 2381 289 
5296 7510 7000 7479 365 8690 1982 3880 253 7729 145 7965 4556 5202 5863 5581 7381 6193 2837 9669 1046 9242 5649 9966 8145 8434 6192 5381 6711 6678 316 6678 6554 8150 420 2347 4474 3092 7339 7806 7640 3839 2424 9194 8145 481 4224 1982 8875 4776 6080 3812 9761 7222 2955 2120 7294 896 7823 1588 7547 3956 3991 1121 8095 6264 8190 3246 2147 764 4870 333 8114 9783 7040 4642 6674 2508 3106 8627 3628 1323 5361 1478 1045 6411 3096 888 5049 4580 6128 5838 6404 5317 1289 6372 2385 5547 265 4624 
5961 1109 7118 8448 1529 2129 6538 5498 5247 7975 7057 5540 2211 7455 4267 4003 7923 8428 5837 9989 3766 1640 3730 2122 4089 8853 2959 1067 3222 1260 7465 8408 7764 6637 3405 1052 779 8489 5480 411 9029 7103 7688 8841 9807 7840 6682 9087 6486 1788 5979 6107 5376 962 2948 6539 7558 6386 323 8721 6346 3569 2597 7654 2595 3664 447 5005 7115 3988 8742 2332 2449 9323 2625 3072 6812 8110 7387 7744 3631 5017 9549 2971 1262 3798 5693 4630 3244 9497 3193 8053 2935 2091 2831 3833 4758 4567 1327 3581 
9720 7385 7117 9000 6968 3355 4120 7335 4132 762 4693 9043 5935 340 1744 2608 2958 6883 7758 2863 513 1734 3982 2063 3405 2060 6627 6370 2355 1905 4176 5210 5022 5910 2428 8631 2036 3528 9988 2360 655 8910 9665 7955 5169 6104 8333 1145 3124 2226 8496 2697 21 3667 3629 1844 7211 6779 5871 4094 7726 71 5726 1010 2754 1899 4364 3020 8019 3274 5089 2191 7890 3491 2916 7985 8684 6355 3483 6160 6040 9204 4843 9076 2020 5860 8056 4617 2602 7050 6017 1959 5010 8359 9715 2483 1199 7933 7362 3194 
1801 8676 7770 5009 3014 5563 158 3932 1483 2194 7337 4427 7571 1167 1716 8492 5891 5059 1460 4241 5371 8143 868 4793 1874 4954 3503 714 3018 1696 8383 4848 8499 972 103 2147 6570 7138 9403 3246 7192 3102 194 6400 1408 274 1508 8415 180 3282 2484 1940 2415 9920 628 1075 327 4832 9169 9816 7494 2821 9663 9776 8534 361 3112 3701 8128 8431 2346 2579 1665 1060 1887 7468 7768 6900 9451 7994 2212 9040 9893 3129 2161 2688 2751 5153 1376 9792 3774 2091 4146 8061 1814 469 3156 8637 4595 7938 
3128 5991 3962 744 906 1723 5945 4050 7255 1377 7748 1192 9545 4075 8277 5608 1577 4149 2131 5544 6592 8766 8729 2549 2077 6759 916 9289 4862 6678 9393 5768 4753 8065 5155 5794 2904 3930 5340 3331 3641 135 520 636 763 7228 7770 2310 8286 5421 7588 3927 283 4266 9672 2403 5371 8803 469 527 5190 2615 9783 5472 7955 3114 4354 4035 2086 5426 2914 3698 4904 7727 6496 7 514 2055 2770 8204 5600 9555 4866 2515 8246 7196 359 7375 4792 4710 3082 9639 1490 3319 4361 2019 1344 1785 9412 282 
2435 1114 6158 3864 7180 4805 5633 6825 9745 510 101 5099 726 7053 3403 2281 7040 9225 9610 7747 2650 3322 8017 3991 4475 571 1500 483 5843 7490 28 6375 2757 8487 8062 7582 8617 8419 6393 9424 6560 7908 5665 9915 8712 1238 5664 6565 8518 1390 1849 6016 3619 9643 701 4773 3917 7422 994 5877 8116 7754 2934 5530 6234 4514 7133 7658 5987 5201 5807 8617 9483 3180 7711 5944 2820 8021 1090 6683 2632 563 2972 2078 5525 161 2700 8485 5732 9689 8407 1071 5323 8006 7493 9363 821 983 648 6329 
6736 3197 9419 976 2241 3091 1230 2800 642 9499 3217 3005 3328 1812 8930 860 2511 7857 3387 772 7766 3727 8498 146 7598 5644 4522 7105 3108 6162 4012 9356 9428 9476 9160 1490 3014 8420 2711 6917 3419 8493 5024 7252 6681 6193 7816 2003 431 5395 5525 1020 93 180 2232 3158 9523 3871 5554 8969 6365 1429 3054 7032 7499 4377 6593 1764 2224 4458 5403 6617 4065 3550 5573 671 6644 4200 1138 4299 4856 8751 704 2718 756 6813 7902 9751 6710 2725 5257 1233 1447 4471 3014 6730 7581 6817 8505 3794 
5027 2826 356 426 5843 1268 1604 2575 9540 9631 283 2396 2989 5344 7289 3237 4689 154 3953 5295 9624 3008 6807 5690 7645 3064 9319 4453 4926 733 514 7259 573 1101 6269 2290 9073 8822 3552 826 6251 1726 148 5599 4959 4057 1598 6933 6556 108 2300 1742 8156 1648 691 9441 6659 1921 2773 3420 6729 778 3655 3401 1267 343 1741 2345 521 9859 6890 4715 9103 6795 1376 7933 1531 2866 3893 2141 6795 625 1376 2650 7933 3951 1531 2866 7334 3893 9573 3502 8474 3393 8755 8216 8434 122 4883 4440 
4582 5929 7167 4783 5804 5356 179 9391 9214 8205 832 9932 7306 2190 3115 3917 7276 2262 6572 4535 6197 1223 7621 2158 4489 9822 691 4292 2664 1633 9924 3172 7936 7428 903 4014 7227 662 8733 2800 9850 5779 2321 2566 5117 5352 8650 6753 4456 8223 36 5232 8138 7679 9906 1958 6234 7941 4465 2354 6120 3140 5726 4498 1695 1431 8663 4639 5900 5965 2928 3455 4284 7323 1429 2687 5359 7829 6985 8829 6847 3020 6427 3417 2997 4197 765 9198 2782 5082 9209 9449 810 732 5524 9815 6289 1080 9581 400 
5939 4114 7234 2488 8752 4343 8330 9860 248 8928 286 6071 7145 5777 1067 391 4447 7167 9613 2834 5244 9946 7748 9190 9629 9672 7441 9354 9674 8009 8619 512 6348 452 7178 3975 9709 9713 3953 310 6658 4368 1302 9042 6487 6325 8459 5045 2685 467 1323 8386 375 4711 1459 9522 8868 5244 6678 9079 8462 6970 9509 9918 385 6005 3444 4663 4954 4945 2179 3891 2744 9097 7766 2043 9796 2397 5257 3117 642 9103 2549 4202 300 5165 2381 3939 6200 7230 7658 1736 366 657 2389 3870 2 9307 239 4383 
1343 7171 3517 8786 9131 619 558 9587 9755 7417 9956 664 1334 8340 1285 4828 7007 3185 4875 3964 2415 1472 2701 8488 7503 5542 7561 7793 5615 147 3734 9584 8697 3264 3211 3036 4749 4557 7387 1708 3210 6477 6699 464 1547 1163 1664 4012 4439 3253 9909 7510 375 1946 5335 2774 3597 2619 486 2316 8083 1761 1558 7478 7218 8383 1195 2246 3318 8302 9708 4939 9918 8380 3975 3634 1893 5212 5650 4767 7179 3614 1887 8016 8166 4195 1066 9489 3598 8700 6586 2784 2976 9904 6126 6210 5579 319 6195 9079 
5864 1429 6990 8204 4274 4349 8419 3836 1448 3734 7478 3585 4701 3703 5746 7894 8024 9704 4159 3557 1636 6419 6439 7911 3252 2231 4440 2501 6634 2725 1963 5225 7697 862 9885 8040 9721 7531 3219 3684 4136 2901 3324 2492 2358 2378 6159 3267 3336 3279 2222 4365 3211 5446 8868 1188 6962 3201 764 6040 7300 5712 8262 6945 1597 5953 6649 6673 8519 5545 9193 6791 3648 3959 3746 8911 5438 5980 4232 1915 8516 1259 7418 4387 1234 4485 205 2089 2679 238 6861 2167 3039 684 5402 411 7443 6189 319 2458 
4569 4958 9198 7560 5109 7822 4330 5095 8890 7613 3359 3478 8519 317 7869 9058 3069 2372 1077 7047 318 3365 2661 467 2202 9532 3245 7314 6436 5425 8872 1450 1556 5129 1459 1441 458 6067 5921 3967 9848 8720 3851 4576 9 1617 1478 9325 8438 9931 5544 7986 8170 3739 2539 5541 9153 7676 1733 5922 9628 3425 2276 2218 1617 7259 8822 9325 7641 7236 2148 8878 9947 6048 9660 9930 9120 6843 2989 2546 6045 5997 5625 5848 1108 8912 7688 1778 9269 6183 7120 7121 4388 5137 2117 232 190 784 6388 7051 
2253 6154 5642 1328 5793 8414 6416 907 3201 8248 1294 1662 3791 8923 1841 8247 6283 4139 3630 914 9472 4855 5966 500 3128 6452 8336 3835 764 6945 5953 5956 4684 8519 9058 4157 6450 7299 7047 1092 1386 4589 7480 9556 1333 768 2482 3723 862 1521 8081 8403 6834 269 6122 5711 7044 5637 7915 3507 532 6457 7774 3804 4128 2728 542 779 3365 5744 5273 7314 8400 7812 4945 7256 1045 775 7690 4108 4172 8231 6570 4055 875 2946 2196 4496 835 9955 8954 3739 949 921 8747 3286 3720 8817 2784 4299 
1272 773 8445 5921 432 3914 3361 3316 2903 803 3059 7654 839 7018 6554 1317 3425 7826 550 7217 4428 6903 8051 8360 7719 1263 3410 3361 2903 3059 7654 3800 3425 550 4428 4191 9651 9815 6215 2392 9891 1385 9790 3016 5563 7269 7800 3362 3079 2047 6681 7861 8815 6589 9824 2217 5545 7601 578 6391 6159 8306 1669 3390 5592 4407 7880 5251 2801 1915 8516 1259 1259 7418 9565 1234 4767 6497 4771 205 2089 2849 5394 2586 3356 2290 5271 1533 139 9574 1398 4824 5563 4721 8550 49 1400 4820 9841 2690 
2773 6344 4519 8585 7875 7227 5260 8761 9927 5990 116 5853 7389 6856 270 9607 6111 8077 849 1424 4936 8146 4097 8069 1564 8706 2994 1379 1302 4855 2789 431 4068 3415 5669 6354 5750 5560 4341 1124 6238 1750 4381 6475 4888 6705 6734 1386 2079 3186 5852 35 3980 7370 3930 8403 6834 269 5692 1540 759 7044 7147 8850 5969 1511 8725 120 7993 1304 3037 9060 5516 1306 5481 7647 6750 1645 792 4253 5387 8736 8812 681 4263 9606 4464 7188 2896 8779 9840 4368 8326 6841 6456 7485 306 9184 8311 106 
9947 8644 2206 7789 398 8666 5427 3326 1239 201 7859 5746 7874 704 3290 7975 8718 3049 4757 4525 3744 819 4488 247 5314 5396 1924 6071 7015 1301 4299 559 4898 3404 1781 6082 2726 2973 8514 8251 8367 4748 7813 6493 4051 1533 6598 3682 730 5052 5970 6913 5967 7704 6124 1594 4720 2511 2067 5890 6968 5566 2442 9537 6146 7854 9208 9540 9186 913 7120 5305 3075 295 255 934 7556 4008 2451 6548 8361 6508 1199 2728 3656 779 9501 6932 6090 3316 774 6898 2491 4643 397 6737 1384 6594 4461 8273 
5430 2468 3796 3556 3329 7173 3700 688 6312 9553 9680 5517 6168 6926 4099 5296 4191 6202 7207 9728 33 5945 6904 9411 8306 9345 8025 6997 630 1132 3839 2999 1940 3211 4252 4000 9079 5248 4029 6795 4509 1435 4153 6574 5396 9419 9926 9999 3071 7636 1795 373 3954 3735 6696 203 2769 9114 8245 8937 4812 8898 4350 4235 688 1520 1788 1521 9249 5048 1183 5780 3206 3374 8424 2252 4801 8544 7033 3905 3901 1202 8535 0 8861 4564 6699 8748 4220 225 804 9377 2159 3090 4605 6818 5585 7313 2726 6628 
6584 275 3752 9481 1640 8990 4395 9771 121 2887 131 4456 4959 9050 1551 8909 279 4147 854 664 7212 5337 7337 5920 2965 1180 2578 7212 505 9055 3716 4620 2008 2126 7585 6683 5425 5422 4310 4177 919 6386 6846 2241 7779 9157 5581 7826 1454 8662 3152 4050 6036 8238 1263 5641 4253 8736 8812 8254 6817 5260 3257 5032 5587 3023 2863 4388 849 9690 1292 5735 612 3271 7028 6679 8798 2685 59 9150 1666 9719 4215 37 6266 9778 3832 3018 1691 9907 360 6122 7175 483 321 397 4969 8172 3002 5894 
8273 9182 855 3235 7120 3219 9741 8836 4357 7720 9490 7493 1976 760 5168 1765 9027 9331 7326 9272 8517 8703 3179 6969 4242 4253 6818 6163 326 2291 6590 5537 2754 6741 2746 6224 6799 7044 7578 2246 9003 5194 9785 8989 8160 5967 5057 455 9029 7102 169 3935 6547 2875 3728 6722 2750 4678 6519 896 7838 8835 2311 4041 5088 7581 4576 1377 4249 1482 2778 8059 4586 4416 8144 875 4378 4913 1552 6743 7565 7754 8421 9092 8494 2914 4467 4568 3146 5088 2859 3302 5836 6619 754 8536 102 9847 1611 6699 
8413 3494 7881 1340 2724 5457 9343 1948 4755 1456 7026 1303 2131 2272 9266 5088 6035 730 4963 7087 2879 1316 8896 6159 5589 8299 2432 1657 5220 6144 2057 4619 7476 4406 8270 1727 3616 8570 9022 5527 747 1360 249 5607 1926 1542 7204 2964 8131 6521 1954 573 5270 2742 8625 9985 1183 6660 8142 3453 6972 6277 8033 7701 5180 8539 3857 1188 5682 1362 1805 4518 9610 1159 9131 3184 6586 4524 1477 7046 2864 5334 4052 9643 7247 7116 2044 9839 4125 2709 7346 5709 7731 1365 3540 7522 554 830 8332 1448 
7863 1459 4053 9024 5391 8224 1651 8584 5828 7284 2087 6173 6830 9816 3818 5950 7967 2537 3862 9050 5617 4504 4995 4708 5929 9671 1668 3907 1258 1809 3178 9048 7843 4253 9788 5803 5193 6371 2671 5424 3491 870 6317 1182 1293 155 9708 8383 2162 1108 1001 6901 5876 6584 4814 4384 9417 4251 2105 2348 3158 6674 4805 2218 506 6652 9934 9179 8493 7243 9654 9382 5743 6390 4816 1119 2673 8470 2782 4130 6347 3045 4798 4277 2742 198 1651 5838 402 2600 3893 8192 7559 6046 6611 4162 7415 713 9422 7358 
648 5193 9274 2268 9971 2901 4697 1527 4083 7743 2157 4194 9788 7489 8538 6265 7461 8897 9454 1534 6989 7340 7847 1007 5285 5478 620 7474 8552 7574 4534 6956 1858 5064 275 6491 8721 1588 5562 6677 3907 5275 160 6660 1094 4243 6024 1097 1186 2662 5593 2271 9051 8381 2350 6593 6601 8969 8090 7519 7791 2460 4364 7730 4898 1136 9703 4144 7028 2748 7442 3261 3537 3440 9448 7505 9104 2119 6840 6042 7140 8906 7111 1694 8377 3788 9045 2162 5718 698 3827 474 3093 8613 909 2728 8058 6211 1034 331 
9670 7413 6475 7902 4331 9563 8690 4567 8819 6037 8164 8183 4511 5266 5869 2538 4229 1044 6086 7005 6879 9269 9427 8028 3554 4849 6763 3830 1311 8355 6202 2967 921 1164 5163 6262 1117 7661 7732 8806 9962 5342 9448 4788 1839 8218 2952 6507 6657 3251 2647 7269 2047 2754 8228 272 3986 4606 7104 729 3529 1522 1784 4653 6111 8027 8561 8435 6457 3084 4101 7016 8402 9522 8352 8947 7518 8635 2373 9464 7379 3099 6467 6374 6025 2702 6280 4905 2984 4170 9191 1275 5007 4362 2827 9595 5154 2731 5843 6690 
231 2496 9891 704 9272 2689 8033 2616 4501 514 5794 5219 3035 4285 1763 1906 5484 5925 6567 2230 8256 2921 8855 9515 7347 7631 8025 7823 8168 713 5319 8859 2097 1649 5326 9564 784 170 780 9411 9781 7783 536 5910 7182 5262 6523 7835 5200 853 3906 9015 6663 3437 7418 597 521 1313 774 8618 7662 6547 3660 8287 3839 6092 1744 456 9163 7405 6515 2833 3380 6493 9425 1593 518 2549 6882 8751 9061 273 2588 688 1520 1788 1521 9249 9336 1744 1947 1183 7156 2836 3202 1137 7766 8414 824 5989 
3649 7640 9694 741 4768 6854 127 859 260 4788 5380 2170 3329 9958 1229 5147 791 5972 101 9578 3484 877 7997 1664 9275 8180 4131 4560 2082 8294 7724 3451 591 8945 3904 5587 1816 9718 7156 7395 9476 8069 6917 6354 4390 8143 7470 5902 1379 1324 3111 1302 1108 8125 9689 3415 5669 6454 6354 204 5750 7859 3314 5560 9025 7949 5916 6623 4066 4267 4734 1965 3798 8800 7814 8311 7045 3140 7745 2157 2049 7746 6546 7971 6774 9729 3380 1437 1854 8978 1400 4391 6045 9808 4717 837 9574 5621 604 1070 
2737 5467 1784 8082 8561 6545 3351 4047 9822 1151 6576 2952 1442 9328 1504 7548 2795 4338 883 8762 8526 9194 229 8101 7957 693 8447 3664 9942 9036 7542 8730 1587 8546 6608 4396 5590 702 1097 5513 5971 7797 8038 8360 3445 8750 7743 3542 862 4277 8619 8311 9361 6748 8487 2398 9718 7045 416 1381 5836 5123 4669 4318 9997 3879 3869 4293 9265 2915 9198 1852 2154 3955 7394 4512 4733 9026 9677 377 1671 7286 1280 565 6910 7982 8624 2445 1364 5672 2845 8422 659 601 5578 2844 2179 7194 654 9770 
6934 3958 4475 9395 1308 254 4379 5963 8418 1912 6555 1914 4636 6739 7417 6817 6401 2072 602 5321 6486 948 8730 1333 8301 4130 7874 7237 8927 6020 1293 1047 3567 3492 3053 7464 240 5221 1961 2518 7074 1202 9755 4918 20 3666 3390 4909 8243 7113 4187 4468 4048 3576 9390 7377 5011 9809 1866 5529 5232 3117 4729 7673 742 2694 4693 3060 6436 8471 8934 4573 8598 6335 1996 219 214 4912 5120 8533 1642 968 5186 9009 8781 320 2601 8477 3630 1207 4418 463 5681 8506 8390 2549 9752 4630 7118 6544 
1026 153 8232 2695 5808 8157 5537 9572 3620 13 7036 4860 4771 4454 2822 3761 3478 8928 6948 5472 9525 7101 2281 7758 9307 5566 6856 1468 3724 9878 7005 9451 5518 9509 2274 4409 9311 392 5532 9566 8985 9396 4574 7484 6344 7010 3445 1120 4339 6686 5807 410 9165 145 2160 8771 6566 2921 8082 3310 8454 9228 8624 5025 1022 1320 7776 4384 6456 5077 9540 8953 234 2120 5252 6731 9721 6685 9937 3032 1491 8137 2260 5591 7237 6968 8557 4744 3433 6027 7552 1104 4700 3831 6997 7655 2784 3583 6127 315 
9282 1800 2170 9003 4838 2107 8387 6329 6597 648 8272 4237 2794 7106 5174 3890 8747 4942 2578 3275 5363 6859 9751 4358 7904 3361 2742 4155 1749 9071 8749 5376 2986 8937 9049 2132 1626 7306 1254 6810 3212 9407 5548 6423 4483 9949 5193 3203 1997 2297 2505 6656 7721 9609 7464 7463 1046 9638 6062 4945 6796 3914 8600 8633 1777 3725 3450 2556 4779 20 8249 2379 2233 6493 5235 5257 2516 707 6635 4208 7927 3490 6176 1690 9021 5023 7253 3891 2205 2703 6826 2351 7372 6249 457 1566 6510 5796 8076 810 
8525 5289 92 7838 4520 60 7525 2679 5085 6606 8668 5971 1658 893 2523 3131 8219 3323 9442 7188 6477 6929 3760 8413 7538 8040 8421 2413 3893 6007 2724 2833 143 7683 9097 8633 1772 6820 4578 6735 9915 9015 8838 3897 2445 9168 3872 1725 9596 8037 3490 4369 199 9723 8567 2711 2745 1925 5229 9964 6515 4349 3419 4778 64 3424 5161 5783 31 8586 3559 7124 6759 7051 4918 8738 8381 7823 8253 3079 6555 293 5022 4083 4723 1134 2332 6764 8581 1498 4811 8596 4743 4214 8937 8281 601 9739 8234 8248 
919 5512 3212 5835 904 5206 144 884 5252 4276 7328 7952 4960 2105 1652 6859 9248 6890 2319 3472 9746 7009 2181 1396 8380 6295 3261 5490 5193 5567 7499 6316 838 2421 7493 5190 2306 713 57 2371 1093 7259 128 403 9791 8308 856 5230 185 584 6017 181 6694 1861 4816 479 880 185 3372 9248 7302 8163 504 9382 659 664 5113 9442 8651 3448 797 8631 7606 1267 7840 2615 6803 5867 9875 5911 1171 9925 4591 848 8224 6683 5028 8751 5924 2915 8549 5697 577 3215 9996 5276 7802 5455 716 8266 
462 2373 7538 8936 255 7953 9767 6032 5691 8188 7165 2550 7527 8097 1452 6171 4774 5447 4173 5031 5052 2582 169 4173 7104 983 6320 9300 5553 2951 9118 6371 667 8734 1739 7220 2122 7450 6016 2527 2143 4196 6191 7566 7291 6640 1181 4488 2986 7427 1927 320 9785 2305 8826 8942 1935 9821 6784 6041 8047 425 8927 5437 9193 1378 2348 9722 4895 2481 3136 3606 9889 789 9458 7983 5247 5725 3733 5130 802 3045 8742 3024 2109 1110 9204 6329 7845 7891 5438 4689 7718 1209 9224 3081 1560 757 1867 2482 
7168 8609 6163 8873 488 9958 5249 2014 7312 5802 2259 3463 4721 7583 9700 1786 5199 7458 922 3654 9323 574 67 1401 135 9355 3036 5792 1422 4423 2844 7085 5623 7560 2620 6661 7152 5793 9108 5465 8511 9848 4378 4368 945 1628 248 4171 2105 8034 4790 9025 202 8550 7676 7464 8356 2187 7983 9115 4470 3991 8064 3569 1595 8679 1105 5890 9948 1579 9511 4146 293 7860 6038 3998 6123 4055 3324 1644 9268 5913 9148 9130 3216 5847 7878 6684 1851 4950 5416 7466 2689 9129 1473 2865 160 6907 5192 5163 
8108 7044 5428 7801 5246 7196 6119 8804 8628 3623 1173 1383 3894 7478 3585 3982 7588 9943 131 5273 2262 4182 766 3882 5473 2228 7841 4253 6481 8736 8812 8254 3735 4464 3257 2896 9840 9690 6795 1058 7016 9184 8167 1065 5433 8644 5365 2206 3989 9517 7904 9004 971 1641 3753 9659 8323 5768 6424 8061 6840 9161 4324 9269 7593 3151 1214 8998 2854 8912 9928 3862 9159 6183 3856 7121 9749 1949 5137 2644 2875 2985 2421 8248 2457 5945 564 6252 4518 8187 2582 6127 8428 4108 1662 9402 8800 5053 9593 2743 
5242 5738 7983 6672 3207 944 346 5498 7826 5325 3414 1703 2710 9141 3630 2346 7879 1470 9752 3811 6909 5863 5685 5148 1902 2066 1382 2868 6449 58 3411 5845 466 5022 8374 5972 101 2503 1927 7288 7198 9052 536 5337 3441 2128 9862 9721 5455 2644 1109 2351 1560 4480 1166 4241 4313 8142 2241 8636 6549 7191 56 3150 4100 1422 3474 4515 1853 3684 5619 7071 7108 8997 606 6296 7458 2072 4656 5956 9041 6526 1153 4964 1402 1394 2947 3170 343 4122 3276 9842 9047 4685 3152 179 4972 6434 3138 3262 
4753 3999 1534 1714 277 3645 6485 2381 4124 5520 5458 4852 8447 3613 4760 2720 2110 9611 366 1546 7268 3214 2809 9260 275 1587 7221 8026 6909 2008 1610 1076 8641 8742 7198 3981 7952 922 3024 3264 2699 2070 4076 9393 8873 8706 7197 6472 203 9597 5125 3442 8327 1151 1754 5106 8843 1579 6590 8940 818 829 7051 4756 8473 5179 2269 9593 2803 8101 874 3951 8382 930 7598 970 6775 7818 5830 3057 1011 6275 554 6698 5594 1331 308 7995 3878 860 7857 6122 640 1432 3819 4050 860 9931 5756 6049 
752 6115 6889 3949 5440 2910 4160 2044 9069 9455 9634 2953 7302 8226 3177 4592 3065 6097 6261 4281 7169 6946 7659 3060 7928 4402 6386 7233 4903 1208 7468 9408 2681 5488 3230 6910 6576 856 1698 7194 8449 9324 5372 5408 3830 9626 5441 2812 566 2744 9664 3542 6327 104 1641 3215 8898 2024 9488 6375 7003 4472 9556 4103 9049 8031 5720 8057 8652 836 3253 7446 7759 1847 4277 4252 5243 5646 9920 6648 9944 8371 4813 7111 9940 4562 8428 2237 5542 7992 8739 5198 9776 5235 8491 1363 1313 9146 5303 4780 
2309 4320 8846 3785 8396 2588 811 3457 9066 9954 8708 898 684 5218 9531 8641 9628 8549 4209 9046 5969 5997 8678 5323 3820 5627 2070 7156 4287 3916 5240 8118 3699 4810 1841 9020 8218 5827 2253 7367 7894 3206 1797 4878 3653 5536 8634 1329 1023 3481 4298 6635 8549 7454 232 961 6637 9358 3768 6388 852 5305 8029 3586 7855 5410 4922 1563 9592 6817 6214 9518 9134 3207 4850 5209 619 2605 4249 1078 3608 8109 7407 5813 6436 8496 8844 9592 763 3980 7243 7370 3930 1521 7016 9790 784 6834 269 6122 
5711 759 7044 5637 8549 9046 6513 8807 5970 748 1010 1153 597 8670 2041 3604 643 3571 4879 1828 3977 6237 6768 3818 2308 3821 222 9286 181 378 7227 3714 9445 3937 9689 4457 1629 4141 1800 7150 7374 2332 5834 7872 2617 730 7642 2399 6557 1091 3423 6073 5609 363 8846 1154 7365 7394 4113 7061 1987 5874 9209 1924 2227 3501 5353 6849 8638 8834 622 6823 5983 2324 601 7823 8854 4000 7675 6809 7131 7308 4987 5143 5534 7192 8223 1974 4228 7820 876 6495 7347 1913 7694 6315 8660 359 2611 3606 
6729 4579 3473 6390 3363 4226 3483 6006 4762 6749 6293 4336 9555 9854 7353 8850 5544 3768 5139 7319 5018 5747 3907 243 2831 2952 3395 5818 7806 6228 4306 6776 4823 3903 6282 588 7215 1994 1190 6302 502 6557 7604 9948 2807 993 1101 8131 8872 4855 2881 4345 1454 9595 5338 970 9354 9480 6933 4016 4903 5289 6107 6232 5480 4677 3032 1250 6430 2278 3728 4983 2808 5267 3447 6031 9956 8126 5762 9125 1771 2831 2199 9926 3729 578 6757 89 667 8951 3878 8879 1703 7937 5261 7091 7472 4065 1427 1425 
2537 4011 7166 2486 8407 3020 1679 6008 3185 3250 5937 9113 766 255 4955 760 8774 2652 9678 4964 7126 7750 4530 1238 9002 4335 6275 8868 1994 7004 3468 1943 8400 4159 8917 3325 990 9335 1715 225 3923 2953 2598 4811 3180 7712 9238 7442 4447 8116 2180 6569 5207 6230 6046 158 8117 4750 9668 6237 8937 4984 4188 1384 5919 1637 5166 1643 7508 5440 7298 5684 1991 3324 5057 2714 4579 6148 8094 8883 4430 7231 7419 5579 5775 1232 9880 7949 3462 2830 4267 9930 1965 3798 2799 7668 1606 5631 4056 6886 
1409 1058 7572 4770 8311 8167 9695 5433 8644 5365 4877 9658 5551 2717 1884 2749 2308 3285 54 3572 1682 7837 5409 5920 9317 2816 9322 9083 1277 8688 8960 8575 7832 3869 9543 3563 34 9159 3416 8353 8691 9199 1028 1240 5788 1587 7085 7780 2248 7142 9825 1604 9098 869 1684 7859 2802 6129 2782 3861 5535 239 5959 1390 8269 2139 8374 9398 3886 7522 5115 6800 1662 5186 8968 8367 407 7227 7463 5415 9198 2241 7756 1908 6928 3323 8808 220 7275 7132 8361 8003 4189 2157 5153 2507 308 3557 2963 9733 
7382 53 4265 250 1162 9663 2116 7395 5504 5924 1318 633 4875 1702 2282 4191 8903 8553 6285 6863 6903 945 6610 5691 1496 7773 1706 9967 9889 895 7362 5341 2851 9218 5127 5568 1763 4394 5954 2526 859 5977 5818 2066 2338 5323 8948 2455 3171 3073 4161 3138 2962 6852 4655 612 6070 1999 5740 7568 4722 2247 7365 7888 3690 4595 6821 1329 9276 4402 6724 8108 5376 4510 4139 608 3672 9457 8817 7665 9072 2032 8367 3887 8307 2088 9387 6598 7930 8729 5749 7993 9421 1243 5231 9307 9933 416 6700 2426 
3701 6744 1203 8740 3501 2917 328 2426 2606 8721 2332 1841 5249 1427 8138 7312 3480 3463 7086 9169 4123 4814 2655 8747 2875 2484 2974 1963 5814 8120 8991 9841 6449 5549 245 6307 8836 781 6659 4055 4739 6352 5343 1229 9204 942 8808 5406 7578 7825 6080 1617 2079 3153 9627 6471 5422 7593 3344 1575 427 1767 3669 2709 5208 4582 8393 1404 1232 1275 3987 1819 7915 2711 9699 2408 8752 6873 3088 7790 1713 5593 8693 5054 5621 9487 1504 7772 8988 6476 167 8397 6790 4155 2928 1188 919 7971 561 5841 
6837 7680 6893 9135 1960 5155 2536 7119 2147 5166 7527 7508 9370 877 1771 4555 2471 4672 7 4727 1764 1123 5084 4531 8193 2097 7395 6053 7022 1246 3532 5963 8629 4024 9551 2404 1514 6095 5253 7090 4688 6465 3233 2988 6195 7339 2763 7725 9463 7434 8666 890 8254 9915 3284 5502 6835 2993 9595 7481 6826 9650 8744 5912 7225 1024 7426 4826 459 6810 8863 8591 8131 7531 9551 4380 2946 5983 835 4170 6237 6768 7790 7140 2253 3750 6486 5642 3152 9712 907 2875 6102 8433 2421 9886 1155 9019 3393 6016 
4671 6918 7675 1918 1717 1897 2908 970 5369 7270 3436 130 1204 9131 8301 9723 785 3342 421 3791 4742 7942 6710 1682 9911 6407 2248 3607 4809 4541 9271 5521 8723 8420 976 6018 8169 5328 794 73 9510 9104 8336 3081 4114 9037 9986 3736 9065 9126 694 9261 7434 1683 9735 2147 2638 3358 1275 7843 7886 6649 6581 6223 1869 1469 3941 8037 6404 1991 4707 388 3344 7782 6607 4424 767 8092 214 3558 1365 5106 6371 134 9068 3027 2926 3609 352 4214 8751 5453 1479 3055 6182 1532 7510 6018 9819 2858 