4692 5854 239 7964 5715 4215 2084 4359 6409 134 1095 9655 8545 5202 9148 951 1825 231 5881 5186 3622 4941 2360 6116 5384 3929 4764 5591 6939 580 3252 6423 2515 2653 6042 805 6732 8562 3708 1748 7684 3920 6834 9736 1277 297 7275 8832 7959 65 5437 1476 5852 1501 526 950 6241 1632 7281 1269 2135 5059 932 4576 3237 9619 1917 3908 9161 6561 7054 6059 5112 7011 1682 915 3710 7556 9280 1123 3286 4670 682 888 7810 2849 7737 2241 2290 1533 139 9574 8054 4108 8518 9305 6233 7339 7882 4750 
4635 9 525 8319 1343 3637 7774 3744 3804 576 8876 2728 542 779 5975 8158 4475 1981 7317 7413 2225 7454 232 961 2564 4593 5610 9358 1912 3768 6388 122 5394 9208 9735 5027 7685 5276 7491 1176 9925 5337 8686 931 8483 2036 9721 6089 9932 7477 7014 387 6264 4480 9753 1166 8644 6951 4241 2406 4847 4780 8636 6549 7962 9869 1035 8986 494 2656 2900 9737 9485 7734 3419 1366 9033 4287 4248 7172 4479 2818 5935 1374 7513 8267 5193 7519 7132 4662 9133 2942 5854 9084 8148 2810 7507 8756 3501 7819 
6516 5869 2673 9140 4158 2332 5834 9413 9318 9608 4025 7527 6668 2199 7348 1805 2372 3673 4264 6400 3301 3736 911 9423 5862 8552 6657 4173 5434 9169 8429 6383 7434 6377 548 1853 1527 2497 8936 9404 8573 9843 4147 8910 6835 6149 8880 4640 4400 2000 6448 2690 1370 9651 2980 1240 2316 1942 4493 625 8781 2650 3951 2866 7334 8978 3893 9573 8510 5998 7421 3502 3393 6943 4863 9368 8587 6561 5072 4684 2887 4656 377 2881 465 785 6995 2981 7404 4978 1763 1082 3822 8858 1658 3800 1805 5153 8594 3021 
7807 8514 2431 2336 1289 320 1548 9396 4204 937 6602 6151 7304 726 9308 4721 5080 5653 1822 1717 7826 1454 8662 4050 6036 1263 2415 1213 8111 7308 4530 6465 537 2734 3173 3894 6739 9930 1390 714 4905 3450 5625 5675 8166 3852 8720 8435 384 7450 4627 7839 9777 2744 9968 2323 8706 1379 1324 8862 6393 1540 5637 5119 2353 4135 295 5136 3348 7610 3875 9512 6750 2087 9639 3774 4253 4083 5387 7585 8515 8812 6604 9606 2896 8779 8326 6456 7137 306 7016 9184 2441 8515 3643 7220 407 4232 7613 8516 
9645 4359 3051 9989 9658 8868 3024 5095 8770 3201 7300 6649 9001 317 1622 7395 1564 4390 1333 6081 8015 7398 1302 1212 4768 4244 2789 8125 9143 3761 9573 431 8819 8117 662 5075 5669 8678 6454 2631 6354 204 5742 7859 3314 8035 7387 3359 4280 7949 7760 1038 6828 8115 9891 358 897 7652 7149 118 6473 5425 5448 5243 3094 5059 1070 2688 2668 5871 5989 6213 4374 3122 1676 5425 5649 5404 1248 5658 4972 1057 9355 6593 8520 6304 4646 6553 4659 785 4915 4975 183 8686 6958 449 7170 2176 7125 3833 
5548 4469 4688 3943 8569 8758 2413 9524 6064 8955 2159 8358 9841 999 2455 1042 9677 331 1495 542 2556 1152 5899 6668 8694 1240 6833 140 2906 3449 3657 5867 7693 713 9854 8671 6814 1166 3059 5278 490 5396 2619 8314 6773 8327 4490 5637 1517 3442 6074 6118 2398 7313 2069 597 1030 7240 3393 3940 970 2705 1727 6567 3866 8738 8896 2598 639 5542 3068 3913 5905 7682 7119 5883 689 1920 3433 5178 5362 6324 7071 7788 8240 8132 5350 1242 4229 5653 7573 1294 8897 4759 1841 7112 5469 1247 8775 7126 
5141 5966 8932 2532 8506 8789 940 1269 5541 9656 9407 895 8959 2485 4356 6680 6522 9026 1267 7536 9416 5524 4810 9691 7000 4800 4225 7973 5829 7967 691 2038 936 4503 8786 1868 7010 437 4652 1571 4749 5536 8220 4979 3016 2372 6319 7981 8521 4247 6896 4081 7900 1820 330 203 7757 9987 4848 303 3615 6145 9280 7388 3842 7352 8610 3692 3710 4704 7655 8664 3333 8332 3359 4083 1870 1512 6062 913 624 7901 4099 6577 7483 4587 2927 6268 1329 4182 9324 8259 5840 9087 858 5321 6234 5116 9768 2072 
684 6361 6729 8951 6031 3439 9618 1085 1339 7316 3521 7696 4296 7140 2253 3805 3152 8232 8414 9712 3711 1471 3438 998 4409 3059 2842 4026 2527 4048 3016 2980 9815 5076 1197 5403 5265 4000 7922 3421 8540 8743 3317 5549 8445 3889 6833 1690 7560 2524 6739 3359 7707 1310 2171 2162 2027 4349 4476 5866 9302 612 2686 9528 2573 618 7853 9028 4205 7238 5216 4848 8400 4945 7256 9564 1332 6797 2487 4029 9134 5064 6828 358 1299 5043 4503 3872 724 2253 7706 5059 4413 4658 4490 1070 2688 3649 8013 5719 
778 1346 8575 3661 3563 34 9159 4647 9593 4730 1407 4193 8988 8614 5639 5046 2362 2275 737 293 551 4624 6623 1310 9082 2385 111 4721 5435 4284 3023 9934 3584 9174 7858 5872 2976 1459 772 9396 8113 2392 9585 1500 9409 3504 8007 9290 4558 9623 9962 4493 8781 8851 8978 7382 5998 7537 2141 4238 8216 2766 2592 955 9368 5728 6316 7565 3149 5072 9001 4684 8193 2420 121 2887 4656 377 2881 465 785 3635 8435 1764 4218 5226 8858 2686 9503 3807 8594 8121 3021 8817 1289 3098 9313 8069 4418 7558 
2549 3884 2015 9357 686 7336 5006 9393 5103 4530 3184 9463 6772 8186 9700 5012 334 9182 5063 1299 3752 8487 3510 9165 6806 4157 9487 2815 1737 313 7697 6877 9305 7519 2971 6202 7546 7785 423 9808 4247 3312 9613 3368 733 6132 572 6182 7514 4156 1448 2553 6165 2049 3991 6974 1933 2994 7017 3283 6495 5039 8413 3123 4166 5120 149 2125 8582 2551 7079 2161 6720 9103 4688 2477 3634 5675 2754 7439 1346 8751 341 429 5802 6843 6704 4811 6435 9788 6370 8515 194 8783 2096 2632 7329 8464 580 2811 
3036 661 2526 4319 1548 9737 8931 6869 6217 1086 8853 5228 7297 5197 481 6338 1252 3567 8035 9766 1792 8446 26 9195 3165 3219 3409 215 8217 4680 6543 9239 3633 9469 6215 686 9232 3030 6877 9121 6319 8962 3777 4656 9832 2834 9049 238 9522 5822 2552 2906 3900 9835 7584 5680 1541 8484 5191 6155 5398 6219 788 9992 3072 8125 117 2643 2424 1490 6796 6649 9530 8253 2458 3723 2015 3778 8334 2928 1907 9237 9418 5039 3150 8956 3976 2810 9173 6805 7370 9604 2410 7490 173 7569 3296 9534 5533 3791 
8965 4589 1657 7849 3230 5950 7228 6735 2222 8756 4747 7696 9914 9850 7026 6473 1459 1256 1433 8567 121 5053 1093 2492 7677 9531 4910 4830 8859 6959 8698 3195 7670 1773 9897 8294 217 7941 7881 2806 4068 2066 5378 9980 4493 625 2650 1254 7933 3951 2866 3893 7421 8474 3393 8755 6943 3349 3109 7313 1101 4378 9921 9770 5817 8600 488 7003 5277 5036 4962 5523 9271 8414 3444 9302 5343 4359 5902 7469 4181 5792 1523 2127 1994 1219 6051 8388 3007 9764 9910 3719 8036 1913 1809 6645 581 2999 7834 8064 
1912 4919 955 1731 5281 3609 1390 8955 6194 3957 5590 6388 7026 6571 8034 9222 3584 2762 7376 9994 4931 2795 3559 7030 7900 7410 282 2501 502 3596 9961 3031 3313 9067 5796 5363 5466 8032 8546 9120 8525 5457 6199 1443 8908 4672 9577 2900 2156 8573 1613 7758 9273 5169 1865 7985 5539 5551 4854 1985 2041 3032 7442 4592 5461 3500 5499 5039 8114 7442 3259 3310 9980 4923 6691 7738 1860 618 8766 6198 669 9060 4889 7397 9405 4273 1192 3997 3005 599 4396 9570 2510 3364 2173 5731 8589 3448 8774 349 
3298 5467 6820 2346 1650 6574 6750 6775 3781 8839 2080 2581 363 7635 5350 4225 7624 1064 8568 8760 5030 7534 5928 5722 1826 3439 3059 6025 2590 8668 9701 6393 1123 7019 6861 5455 6089 7477 7014 387 1037 6264 6331 4241 1669 8142 2241 9400 1746 921 3538 7381 4067 1035 8986 2656 4325 4990 1121 6371 1472 3678 3547 934 2334 8358 1892 4026 7244 3240 7427 823 3248 6745 3411 9749 5051 971 7429 3298 5652 7953 4639 3730 9745 5744 8424 8521 6474 5809 7012 9529 3145 2961 9245 1765 8800 3251 1567 452 
6962 272 616 4016 5661 2434 9858 1001 8008 3889 7148 4697 4457 3541 4825 4192 9358 4436 1371 2070 3610 9924 9497 510 6597 8099 2981 1763 4354 5371 2686 1020 5468 6786 6833 1690 3021 7184 3024 195 2273 9975 2438 2945 6394 6303 8927 7812 3751 270 4936 235 9396 3866 6742 9483 6151 9857 726 9308 4721 5097 4019 3890 7809 9522 8352 7518 5690 5692 7037 2249 6759 7064 8339 1730 1968 1577 1755 890 5453 7744 7568 8284 6274 4751 7884 3763 4301 7261 8981 4176 6542 4087 5701 1881 4839 6155 753 2888 
7773 5177 6842 3927 742 4032 1922 5917 932 4590 8325 2007 8815 6293 1624 5029 6880 1046 8943 9307 7528 2961 2383 420 4857 1042 9592 5081 9938 1764 8904 1806 4576 5741 5188 4637 6421 5194 3010 7052 4951 8116 694 6633 9325 7143 3152 6508 1651 5742 2124 1050 5504 3558 206 9161 7206 7263 4961 2964 6993 3026 1658 828 4387 9666 7954 5294 4072 1011 131 1463 7752 3789 3091 5054 2968 1772 5104 6092 8935 2783 3104 969 6315 9416 2739 7034 3496 550 6887 2797 6745 5309 8085 8092 4920 2035 5889 8457 
9507 8960 3591 2436 9756 9338 2995 1341 6084 4657 9426 2749 9658 298 8045 5371 4691 4182 6010 2663 3515 2862 5724 5184 2916 496 9411 5353 6604 7955 1043 5648 7127 1427 9749 9710 7437 9994 9167 5173 4103 9844 4974 9412 447 5418 9018 451 2536 7531 9280 4160 4427 2444 3637 898 5950 8774 1949 1850 2032 2558 2754 6741 4430 2020 4594 7578 3139 3437 5952 7913 7485 5357 6424 8883 5213 9807 714 5009 9407 3592 3911 4673 5200 8221 3434 8015 8044 3331 5287 4261 9912 6880 7225 5032 9049 7013 8602 8046 
9509 4562 1740 6499 4434 2084 797 489 6362 6606 9521 8049 2632 2893 2161 3381 6874 1652 8010 1496 40 1213 8834 7176 3604 8401 4304 7930 2787 9178 2448 7072 3992 4518 7984 9051 3026 6665 6731 996 8841 4997 1497 2851 8648 4207 2245 7586 309 5835 32 6351 3698 2851 7578 4447 8116 2180 6569 5207 4144 6529 1920 399 1046 9706 4085 1999 8064 6480 6701 3280 6092 6383 4768 7358 5003 127 859 260 3545 708 1333 8628 1363 304 7416 3743 5098 4518 8187 5893 9112 3660 2410 3332 5101 7573 9862 2172 
6397 618 9932 6187 8378 625 4802 1318 4983 7404 1764 4392 1763 4218 1082 4169 2903 803 754 7381 2248 7018 224 1268 762 532 7896 1500 1277 2086 4085 7645 9242 2006 6480 7309 3280 625 9694 741 4768 7358 885 5003 8853 127 3068 859 6607 307 7054 6952 5124 925 3972 5819 1796 1772 1064 4369 1828 840 6362 5157 3311 5738 2091 1881 2970 8891 8764 5336 2622 1828 541 816 2692 9908 8459 8406 9084 4253 5876 2850 74 3171 3813 5817 4041 6918 6168 555 1509 5543 2243 3266 8890 8979 5888 2332 
8809 7794 9835 6879 3092 515 5792 1422 4423 4249 9491 5722 7589 5889 9120 5202 7874 7287 9980 7393 6884 1523 3984 5860 7967 6547 8737 9820 3565 8673 3788 6541 965 7528 7288 2401 2656 9588 4017 189 7042 3431 3755 2018 2104 557 5806 7156 8888 6274 81 7500 3055 1630 2228 1737 3785 2294 5802 1632 3725 3880 7604 8724 4960 5108 5007 6548 3380 781 9362 5284 46 1228 7068 7285 8060 7009 6006 9365 7851 6821 6034 4964 6446 2775 2164 2885 2121 998 2591 6348 3762 4293 9607 4695 5876 9524 5523 699 
6904 2432 7847 7767 7744 1790 6340 8761 8026 5231 7541 674 9643 9776 8601 391 1384 8422 4601 7701 3297 3231 5187 3898 5847 4340 1534 3044 791 6663 9009 6296 6834 4394 2938 8530 5842 1574 3906 9737 570 9492 8331 8771 2241 9106 3131 4883 5631 6664 3737 1818 5957 9548 696 1432 7141 4766 6115 6234 2021 8686 4485 4332 9373 3331 3735 1095 785 8858 6279 6954 7820 4193 3371 5775 5638 7405 5188 7470 2249 8943 7299 1213 6347 3400 1019 1182 8825 4215 6215 1082 777 3665 5909 1989 1721 2003 7916 4589 
3886 6936 3573 1652 894 7316 8578 3364 8142 6167 5318 1961 7006 6418 9794 7533 3029 6186 7770 6272 292 9669 2915 6050 3121 4470 933 8155 426 4670 9565 7407 1706 1685 5527 6189 6115 7355 4640 8530 3722 3524 7256 7150 7947 83 9975 4127 7835 6804 2197 8150 5288 6737 1001 8363 775 9921 4268 1368 109 4439 8246 3986 1714 2627 6435 9223 5089 9971 4086 1370 9830 7985 8761 8884 9575 1806 5909 9686 1056 7465 6919 1845 564 3284 4339 9545 8577 6156 4634 989 4137 3226 9403 2292 758 6696 5255 6088 
1096 4135 8908 4090 2681 3493 1962 9014 6157 2853 2904 9563 4365 4410 743 9821 2727 630 1301 5465 1680 4952 5780 6683 929 9624 2390 8758 5014 3636 7776 1170 8005 4335 2045 462 8582 3858 3856 3604 539 4432 3142 6011 177 6153 3274 5068 983 4580 1347 8772 5360 3866 4677 3336 150 3805 4788 4015 7601 7254 8513 4278 5990 4820 7061 8307 6684 2357 3660 7266 3641 6618 660 3016 121 5145 4307 9133 7129 2241 2936 6644 6928 3323 1504 7275 7132 5409 4899 6580 9271 5488 1547 6467 7066 8488 5797 7401 
6846 1082 183 7414 3074 7517 9227 8485 9511 2457 9098 3776 3180 8996 1408 8329 6448 9056 496 13 638 1975 3498 2803 2337 1159 1539 1022 5009 773 9704 256 5876 8750 992 7979 9814 6785 9618 7977 6926 2819 4102 6460 3839 1964 3066 145 4357 7447 7421 9716 3013 9131 336 6667 3112 8351 5181 3041 3764 9597 2232 6332 7379 8272 4920 6263 4299 7135 8466 283 8690 3393 2787 3228 3841 6245 9178 2448 9037 7072 7729 5280 4518 2416 7984 9337 9051 7267 6665 2771 6731 9960 5490 1395 6632 195 7268 8010 
1483 4997 1625 3584 5135 4303 881 7881 1340 2724 5457 9343 1948 7482 8013 4963 8575 4370 9159 9981 9193 7229 5333 1259 7212 547 2511 5037 4802 2322 8806 8022 8869 4579 9517 3220 2762 3385 9165 1948 4716 9072 5869 3591 9807 871 3245 6117 3215 8480 5403 5894 6553 7918 1567 5689 9357 5881 1157 6648 9732 9913 2841 2077 7059 8626 6972 3647 6070 4652 6123 5611 7404 6959 4463 7203 7112 7818 2311 9310 6648 6736 3750 898 4034 4223 6830 972 8702 7388 8854 8084 2286 2412 3185 4481 1612 1118 3997 5700 
4213 3515 3473 1459 6887 6745 6537 231 7549 8721 8556 9507 7972 6852 5969 8960 9756 1341 4657 9658 298 6502 6010 2663 2862 2916 7955 9749 7437 9 9777 1984 5781 6046 5239 1581 6633 4738 1854 5211 2120 7780 7724 6576 5038 8887 3378 691 2126 5250 585 7496 45 1503 6399 8507 8421 3634 5484 7243 8634 7052 1865 1657 8165 5491 2643 9397 6150 914 716 8970 7683 4402 9308 5849 8103 3117 9299 578 9271 1942 3779 4400 7245 9416 708 4401 6165 7899 7615 7109 7441 5456 3637 6119 4091 1345 6181 5667 
9841 7551 448 3894 7432 5469 8393 7793 1393 6260 8339 9026 708 1188 6616 2875 8850 9498 9545 4262 3348 2388 3679 1910 792 6107 4076 3576 7492 5108 7422 4688 1701 5277 5748 4224 4409 5101 993 9771 561 7339 6496 734 3918 8265 1452 5420 3456 9442 7153 141 2189 616 4883 7748 1270 5060 9128 1216 7778 1283 1333 4820 2741 7584 2517 888 6102 5557 8397 505 4851 6023 482 1991 2057 1805 7907 3975 4501 3317 3359 5594 4263 7835 1839 1291 6361 1457 6913 3312 7220 407 193 9550 6813 2974 5727 2143 
7198 7489 8699 50 9107 6595 7391 3044 2002 8815 8567 9986 444 3396 595 8006 6470 5475 573 7952 2290 9916 5541 6055 7975 6384 9048 3425 746 3360 6994 5943 7894 8618 4223 5451 9107 3044 2360 3134 8275 3559 9005 3169 7792 5769 1345 610 6181 5590 4256 3209 2276 5379 8759 5759 7509 3917 1717 3931 4825 6025 256 8335 614 2445 7971 9959 392 1499 1896 8895 2633 6000 6439 2948 3792 8772 3832 5600 5065 5035 2843 3561 280 4598 7299 3319 2041 4743 2145 2186 5630 5285 7305 3552 4926 3832 3479 4431 
8800 4494 7515 826 7787 8932 7949 8131 9413 4526 8160 567 2617 730 1223 7527 1590 1068 5609 1677 2895 6153 6293 8191 1241 9501 5883 7337 6021 2984 6009 8537 9837 9780 3431 5846 699 1486 6211 9525 2838 700 4397 920 9942 5520 68 1435 9713 3189 614 4611 3473 8776 7981 8569 6632 3247 4551 3905 2743 427 939 9770 9386 8722 2653 1726 8864 7670 8058 3088 4254 4266 6961 6658 2129 4304 2808 2451 5054 5621 9487 4292 1668 4257 5715 2766 7433 5405 4248 1933 2964 1979 3723 8120 3178 9877 8725 9672 
9796 8515 2709 4305 4684 5859 8420 9912 5253 7445 1634 6915 3727 2052 2617 8469 5296 2002 2451 3668 8617 4915 2901 9532 1076 7892 9562 3713 537 6581 3899 7608 6845 8124 4981 1304 2479 1107 9486 1162 2429 7853 4908 2234 8764 7028 6476 7008 6071 7395 698 1002 8290 8301 6421 9610 1566 5675 8166 7708 5103 7196 384 6833 4627 4164 9685 4828 3909 4708 5929 9777 5092 3638 1337 1395 6749 3207 7833 4780 2608 3197 2239 1798 235 2374 8011 4305 989 2361 5715 7728 6357 2608 2925 6549 7186 2227 7418 9309 
3469 2551 7230 892 2178 3443 5812 6675 6545 3510 1347 231 4499 94 6466 8644 4917 1610 953 5536 1772 2639 5285 2956 5488 2872 3483 5546 2136 9613 1735 9478 599 8258 1364 7188 4552 985 8061 3783 2271 8268 167 9838 7695 3987 2759 5217 9944 2396 7976 7220 2839 2935 1610 821 9513 5003 8834 3014 7952 7329 2268 9700 305 383 8273 919 18 1737 7149 5296 5673 2465 2435 1929 1581 1896 2032 4760 9406 2399 7527 1091 1590 6073 1677 927 2895 3308 2372 1269 5263 1840 9032 2749 6032 5922 9457 5200 
8265 1816 9476 1558 5254 8706 5902 8015 1379 1324 3111 9396 1302 8698 1212 4768 4244 8125 9143 3761 8117 3415 662 6454 6354 5750 3314 5560 8035 6156 4341 1124 2666 6081 9904 1314 4934 3391 4888 6705 1092 4589 2079 3186 1076 5512 2857 4222 4039 3859 4314 2371 6550 2522 9888 527 5573 7225 9598 7087 3564 747 7376 6002 1592 4456 9248 1983 722 8599 6694 5417 1697 3168 1681 7937 47 1514 4949 6360 286 1029 7107 4014 6954 4248 8704 6994 3037 1945 8640 3708 7067 2090 5004 9628 5696 6519 4577 8895 
937 1365 7506 396 3111 1187 2497 5171 8030 3930 1208 4077 3626 8347 9450 6133 2038 2271 446 8786 5053 7046 9735 9839 2709 132 1880 4193 5757 1001 6668 8548 8765 5037 3866 5333 4277 4252 5243 6271 9944 3836 4877 1864 6902 4913 9794 6065 6638 6827 237 4194 6529 2411 6583 8491 3064 2551 6097 6835 363 4640 2000 7157 8885 8940 9481 5076 235 1929 2065 6547 2741 8108 131 6519 8401 5204 3343 9593 8938 3917 6618 2312 5057 4196 9056 4041 5771 5482 19 6473 6453 6809 8703 2711 654 5885 6599 7459 
6698 7937 6858 2824 3720 9049 734 3940 414 7307 7036 1254 5711 3558 1078 9208 3658 6871 2249 7309 9594 6727 6084 7659 6345 3728 7671 8584 3502 627 2393 1984 9815 244 9361 1368 6639 1119 4246 4141 7318 2685 49 3494 1676 2661 5549 7161 1929 8578 2359 3447 1335 3775 3387 1339 7664 1428 2618 7154 5771 7342 2469 7658 1675 4043 8009 1168 6592 5749 3589 9384 8283 2103 5232 1872 4234 8862 268 9047 8369 7825 4834 6689 4375 8304 4873 483 5571 6325 2433 750 974 2376 2790 3971 2274 8741 6538 9076 
7574 6607 2988 2280 9135 2665 9151 5915 932 7701 2238 8719 7427 3593 9256 1727 6164 9455 3633 3761 4310 4625 45 7870 3124 6048 1706 7870 7325 9052 3610 7443 1878 6975 4845 2099 8147 3745 6504 1229 5897 188 1980 6904 9790 4492 1936 3714 7014 2267 3496 4995 5557 7806 5010 505 4851 6023 1991 2057 7297 7882 7907 2726 9902 571 1509 6286 6289 5753 4311 6533 1226 5877 3738 9087 2699 6367 2209 6875 7156 9033 1671 4248 7172 5240 8118 3133 5935 1374 4094 4810 4122 1841 7301 6864 8119 5112 8724 7894 
9486 5739 6202 9912 4435 3317 2644 1895 6454 204 5750 792 5319 8035 4652 2245 7774 8032 2171 8374 7899 3829 4316 7840 7624 3430 5539 1038 8359 6602 7924 5187 9311 7273 4059 7944 2935 501 8581 5128 1429 1595 2514 8177 2058 435 5779 8844 3970 1752 6446 8097 8259 9847 6268 9952 7444 3467 6194 2409 6431 2548 8183 7983 5892 3250 2157 5950 5784 5883 3442 970 2875 861 7368 5092 6795 3761 9126 148 9596 719 882 6616 9705 1010 7082 476 1225 6683 4383 3234 6508 4348 9905 2492 4653 932 2910 3821 
8090 273 5354 5310 3138 3516 2001 6944 2225 634 5271 5808 9021 3877 5488 1694 7001 7944 2149 1781 4975 5456 4718 7016 590 8768 9342 5346 9778 6309 5026 8368 324 2283 4870 4524 8620 9587 6122 1994 6660 4260 7985 4525 5659 6798 6230 2292 7957 9691 9651 2919 2949 9583 5649 4119 5027 4504 1087 3740 4080 9525 8303 2131 8763 8947 655 7713 6621 6732 1064 5170 2321 7902 3830 8780 5790 8890 1687 3442 1422 377 9437 1943 4149 9939 1261 4653 6075 2118 5070 3026 7976 6840 7050 6914 114 805 9497 6855 
1317 2013 3157 2497 7249 56 8622 5553 4511 301 9885 8707 3447 757 5428 5246 8353 9951 3328 609 5172 57 8764 35 1205 4372 926 8479 2792 2084 7803 3709 8159 2065 2849 1 929 4614 9476 2247 8341 5518 1726 5201 5528 7662 5771 4058 1798 4601 4495 883 7485 2370 2563 6902 9916 7067 164 7080 8494 9316 492 6249 4839 6977 4213 7034 1470 7683 6973 9517 8194 3543 1752 7741 5577 8460 6328 2120 9729 5776 8839 6719 9680 9241 9265 3914 5678 256 5463 7938 4370 5380 778 966 614 4569 5540 2148 
4091 1280 8315 9037 8336 1664 4893 9965 5410 7020 7252 17 7 6847 2393 9684 1387 6911 5137 260 5018 2596 4463 6288 7186 3121 737 1881 6018 9517 893 8911 4827 4392 2339 1528 5729 9155 406 8394 8050 1923 8785 6916 3148 3845 2080 6610 9008 3352 1705 8761 7415 8281 1639 5550 3750 3956 3454 7823 807 8025 6023 2170 2320 3196 6002 3102 855 4373 2826 2382 887 7985 7617 2373 9790 2737 6788 4544 6119 1996 4287 6333 8760 2599 6535 9003 3614 4026 8668 8385 5982 5074 9895 1503 1297 7640 3962 3369 
5494 8531 5746 2766 5498 1325 8911 3723 9238 2018 1914 6820 6231 5184 5427 7506 5076 2181 4585 1948 8401 5316 8903 4688 724 532 1638 4256 2557 1409 3163 130 4883 1723 8633 7784 5685 1372 5004 187 3629 602 5196 6550 3957 4716 4578 8784 4855 9273 5172 338 392 6464 6472 4120 9925 5791 8304 8072 9773 1861 1976 3750 6145 5602 5024 6119 6044 5461 6471 8647 9510 4087 7129 6322 1418 9658 6129 9143 6823 1327 9413 4120 3939 7141 7863 2606 8152 304 3700 6576 7172 7753 2165 4129 241 4316 4793 7211 
2251 2501 8945 2738 6858 1521 5414 7343 8166 3858 331 9659 4133 4060 2055 9474 3840 3726 1208 9706 1695 327 3974 8037 3147 5699 1767 5900 8467 9675 1128 2991 3415 6255 2418 8480 5740 1337 6356 8887 7719 8124 9822 6619 8985 9603 2744 4359 5954 9112 507 9068 4907 8575 9649 3052 3511 8774 7760 5623 3883 3369 5034 5708 3199 7199 9903 3446 7703 3054 171 551 3779 7278 6513 9931 6825 2588 5556 9766 6289 3284 4894 6673 975 7801 8432 740 8043 9680 8985 5868 5462 8902 1235 5065 23 7342 104 5699 
1499 3543 3147 8609 1755 1874 3637 7762 2029 2684 2640 7617 4222 8506 8786 9322 6594 7576 9509 9713 5080 8209 3281 5755 970 827 4269 6430 9063 976 3624 914 9961 8706 9270 9126 3374 6596 6048 5543 2346 137 8921 5143 8832 9652 8811 4981 2191 7016 2130 3924 7977 6020 9370 7754 7368 5911 5522 2435 728 29 1396 9665 8146 7189 9070 7939 2289 6394 6567 9875 503 604 8615 9006 8326 8890 3442 2473 3545 4167 2893 6715 7812 2099 1772 95 8407 8296 6670 7902 7401 4089 8845 7381 4432 4843 8278 8068 
7394 4795 1941 3626 5802 1519 1762 7988 6606 8509 9501 5689 2790 2793 6636 4872 6382 9509 653 6603 1409 7384 7549 6271 4458 1776 6925 6067 7820 9898 9983 2177 4007 1914 2339 1832 2457 6281 9117 4821 8657 5916 5780 4227 876 3071 103 8537 2633 5266 9528 1491 6630 9831 6117 1565 8181 2936 9769 6552 6352 1777 6769 3112 5236 1717 8492 6117 5233 89 741 7592 7336 5553 427 9276 6982 455 9474 8332 3616 3549 9786 2427 5435 6788 3795 4544 6119 1996 6333 8760 2599 6535 6198 3340 9596 3352 8581 8083 
8722 5132 544 9283 1730 1773 9674 5382 7377 8849 590 801 2450 3442 3016 5090 9056 314 8154 3968 7520 2982 9196 8353 19 1374 4065 4381 4703 9257 3830 1314 717 680 5141 7194 1522 4192 2865 7975 3711 866 143 1417 4968 2379 1190 8347 4833 5643 6119 4259 6961 842 503 588 6905 2677 1600 9028 6907 6123 1355 2799 5147 6559 9640 897 356 6154 3942 9165 7551 6243 2359 7579 1543 170 6134 4757 6691 6804 3316 3354 5649 2389 8736 8483 4776 5255 5698 2946 7351 5706 8978 9078 6982 4976 6868 6386 
5142 3104 2038 1479 264 6185 815 7819 3617 4121 1648 3578 4678 2837 1196 2217 1764 7047 2960 4989 2892 7081 2572 2357 739 8989 9041 1110 5237 8546 1043 2170 5062 8496 7193 9170 8866 8885 1223 207 6275 3227 3267 3971 8174 4039 8012 1170 6552 6941 4425 6776 3110 439 357 1677 5623 5032 6626 9529 7060 7396 9956 1242 8092 5803 2000 9551 9991 3427 7414 1691 7673 4123 3699 6087 7411 2530 3326 4241 3352 5186 8483 3453 5178 8261 4982 65 1757 3976 4418 8550 7262 7364 8679 3762 7846 4319 8541 5618 
312 20 6661 2811 658 7593 9376 2880 8440 3307 9864 1617 7804 1564 2724 9266 1482 3347 7257 4641 5049 6316 4820 8956 9085 7835 1916 233 7276 3732 6511 8641 1920 1600 1393 9095 3753 224 4541 9766 7869 5468 862 6812 4159 6500 9903 8 232 9615 5679 4932 2338 5021 3634 6440 2211 488 5865 2669 6576 8885 7635 8722 6755 970 3896 5314 3971 1950 8174 5004 616 8012 1170 3442 6941 6776 1344 5241 1887 2210 1048 513 2322 7031 6582 640 3933 7061 7598 5804 8561 602 7633 4611 2738 870 4803 7556 
7390 3385 4108 8507 5538 8156 4368 6700 9425 6482 260 6503 2873 1626 5734 5139 3963 4110 6304 7167 7728 51 9226 9027 2087 9310 4508 1500 7703 5790 9077 8093 3353 3081 2624 5019 3582 3522 6688 3052 8022 1326 3247 4914 2588 718 9462 5941 5395 8707 9331 7758 9674 7390 847 9795 2277 8235 1248 3835 9523 3522 7973 3237 468 1693 9332 8466 1378 1656 9747 2811 2673 2897 1125 8228 1855 1314 9895 2748 4654 9182 2356 4038 9014 8910 1607 6358 9412 195 191 1211 1089 1347 3169 2246 7896 7790 7190 9239 
7013 8497 2364 6098 3737 9365 694 6787 2943 9510 5879 9319 7457 3859 6357 5786 1284 4654 7253 8730 4802 9699 6559 7805 5973 9599 4260 7971 733 1376 3938 7720 9872 684 2664 1685 15 6898 865 967 5466 630 1161 5204 8156 8000 9841 978 2448 8062 1639 1817 5396 1134 6492 1952 3542 4161 8451 6279 9624 8483 1327 3279 981 1310 6284 9593 6299 7907 681 7513 8581 3359 965 3558 791 2724 1643 191 836 3291 4610 9220 9792 389 2895 7806 4446 7336 2443 3973 1018 7324 7514 6458 8397 134 6544 4967 
8525 9848 3397 6708 6125 3982 8179 2872 858 488 4365 8658 4354 7599 1027 4159 8300 9166 6756 6894 3568 5411 4149 2120 8304 536 813 4517 9747 4013 8335 6002 2288 5647 868 9536 5160 5559 3894 6516 3790 2510 9765 7827 9784 590 9543 9734 1078 6127 8718 6144 4298 4360 721 594 8483 3915 1473 2185 5561 4999 3807 141 6148 2769 5625 3643 7919 9409 6328 7820 5412 5943 1279 9863 2348 7935 2729 1426 2779 8046 1969 1094 1222 3433 6848 3938 905 6273 6950 1809 7861 8078 847 6662 920 90 11 2247 
8544 3089 8080 1761 574 7946 4144 9290 1911 725 166 5635 512 2128 3582 3187 9608 3806 6354 7664 6144 8629 3594 5336 1151 6042 6616 7110 6613 4199 6720 3862 4293 9880 1160 5088 7150 6107 2111 5954 7261 5024 6844 4405 9909 4260 8379 8516 963 4648 5686 9647 1499 4507 9809 3390 8622 6963 9021 4341 6673 5914 4141 2506 4168 2297 7202 2177 9432 6549 1607 4094 433 6593 7803 2507 1944 8355 6339 6436 7176 7463 3362 2997 4320 9215 8826 3601 693 3261 9165 4984 101 6433 801 6114 9060 6924 1741 8924 
1842 8590 2643 1952 4418 4513 2307 7908 7128 4391 3485 7189 3893 1495 6480 1317 4834 8298 5138 109 619 4104 816 8130 2276 9307 6976 3871 7952 3467 7858 7873 3770 8347 4910 9171 3958 7897 4347 6911 2832 5080 7165 1775 6434 842 1472 9700 6549 4282 6352 1672 9746 8177 4368 1868 7188 7328 1654 9530 8414 6491 8249 5587 4387 8931 8985 1145 7413 3081 7765 6214 4580 1915 6190 4342 1033 3656 6837 9276 1712 7142 1124 4720 2613 767 5105 8602 4492 8996 117 8181 7803 9545 4056 9254 6161 31 1464 7530 