7552 5019 510 9683 6925 3948 4295 626 945 7704 1944 6903 622 6726 326 3863 3797 2214 1368 8519 3994 250 4395 7664 1527 4083 4729 5728 6659 6767 8090 9214 6795 4751 7211 4520 9727 2123 3301 583 5341 3355 4075 614 2598 9311 2275 1579 9297 8726 8662 9801 6267 2859 3800 9508 9674 3326 3436 1505 794 4363 9748 2421 5042 1934 5070 2476 7285 4505 8706 876 458 7995 1611 4841 5963 9393 6632 4520 2380 5786 9985 6795 9837 4302 9678 2881 8845 2396 2115 4930 1550 8208 9255 3929 6081 9802 7682 949 
1890 9916 2694 4422 4185 5736 8422 3636 2460 1690 4339 7246 5488 4037 2304 8549 3324 4511 2423 668 2526 7363 8054 9178 867 5797 9834 3885 4987 9332 9380 5410 8106 406 3631 7132 1369 8895 8181 7370 3885 4857 3403 6868 1599 3246 1483 612 1945 2842 8549 9460 8298 3613 4677 3494 3449 1913 5590 544 4256 3419 3335 8759 19 1932 5525 8648 9257 5096 9924 595 8898 7971 392 6795 2650 1531 7334 8510 7421 3502 8216 2766 2592 955 9368 5728 6316 7565 3149 5072 4684 6825 8783 6988 337 1293 377 1548 
963 9361 465 785 3635 1318 4983 4857 1764 4392 4218 4577 2456 9784 7647 6750 1645 9639 7395 4253 4083 4548 8736 4148 6604 4464 6356 4795 9840 4368 9690 6456 7137 7485 1058 7572 7016 9184 7288 3607 1306 8622 2989 6698 7339 7673 3648 4691 7108 2539 4785 8943 84 4855 9861 3311 6678 3197 7355 3736 8613 2679 8277 238 6861 3039 5402 6611 8722 4230 8932 3495 7118 4330 7387 7949 6616 4570 5906 4488 4702 897 7149 3872 1468 9623 4593 8787 940 1269 8533 811 6427 7387 91 8831 1153 5744 9708 7846 
5665 8557 9564 9282 4928 4029 6861 9856 6570 4055 9134 5064 1151 8862 9323 3673 7468 9210 4395 1726 7102 8570 4644 7690 4172 8231 9276 6591 1322 9134 4496 9955 9210 4369 9438 4131 9718 1558 5254 8706 8143 7470 6081 8015 1379 1324 1302 4768 4855 2789 2155 431 4068 3415 5669 6354 3314 4663 4341 3596 9241 677 7267 9179 6734 1386 1076 8797 5053 3980 7370 428 7016 9790 6834 269 759 1511 7993 4135 6688 1304 3348 9060 9512 6750 1645 9639 6189 4569 9198 3495 7560 2070 2524 785 3890 8826 2306 9820 
7197 346 3332 7810 8595 2710 7441 445 7996 8468 862 5520 3265 6045 7403 4111 6625 4265 1038 6989 3508 7847 9615 5141 1550 7829 1642 733 2218 5363 2703 5609 9325 2057 7730 3724 4422 4651 266 6374 7964 4859 9084 6994 8734 7706 7760 6616 4570 4519 1001 4702 183 3542 4174 7652 7149 5425 5243 3094 3358 4413 4596 4490 1070 5989 7341 2067 3991 2752 9000 9179 53 5335 9408 5384 9382 5743 9163 3483 4816 3023 5481 7224 8857 1698 2202 4942 9907 3754 2043 3716 5760 3681 6109 9261 4802 3109 625 2650 
8851 7334 3893 8510 7421 7537 3393 8755 6943 4863 3349 5417 6877 2486 8587 9415 7565 3149 9147 9001 4684 8193 2420 121 3647 4656 9468 1548 6448 2881 465 1006 6995 1902 8125 4456 5327 4959 1205 4729 6659 8090 9788 2008 8049 5760 6260 3681 5250 7704 4917 4318 6514 3311 4378 8797 6846 2241 9157 5840 7183 1454 8662 3152 4926 601 8238 1263 7077 2415 5641 1213 8111 399 7308 8604 6247 426 111 2734 3173 9930 3359 9381 3831 856 4476 1224 8131 7164 1784 8146 2111 7138 6042 4803 9179 3524 3346 4004 
4099 8560 1262 8886 3392 410 7936 8422 2699 7002 6854 5898 2411 5430 3380 2374 4988 4743 202 1746 5928 8786 1158 4667 6269 6507 5803 3414 7489 1715 5112 571 8581 2426 993 2222 4322 8281 9196 6331 9480 6875 1671 6543 3699 5935 467 9104 7596 7652 1596 712 5576 4953 5873 8181 4563 3924 1128 4747 7588 8600 4485 391 9737 9842 7429 8115 8569 2324 1244 7494 1032 6478 9909 9659 8364 153 3716 6735 7936 4925 3121 230 2017 1953 9476 8710 5139 6319 2802 8155 6361 4747 4207 4389 1334 7442 8782 274 
31 2446 4538 3967 9988 7754 4211 7639 1409 1194 1917 9849 8200 8566 6316 4464 3541 6254 4587 980 4404 6915 166 4228 961 8969 5862 109 1724 214 5365 1552 8567 558 5087 9823 6555 9814 4758 8762 7663 8526 607 5251 4248 3086 119 8248 3060 6354 5347 2671 7197 3649 1209 8651 9671 9412 8824 2805 3987 2983 9606 5252 1603 3736 4405 7719 1472 7775 5776 2573 4650 7932 4229 4720 9118 5015 8308 4836 3113 1583 4203 1878 8987 6245 2025 4493 625 5823 8781 2650 2866 8978 7382 8510 8434 8474 3393 8755 
4863 2592 6877 2486 8587 9415 6561 911 4684 6825 6988 2887 4656 9468 131 6448 465 785 1318 1279 9486 2355 2984 9340 519 4374 9147 4684 8519 317 1622 3069 4157 1077 6450 7299 8897 2328 3365 2661 8311 9695 8474 9947 5433 8644 2634 8334 4877 224 530 6098 4734 9358 6051 2769 7917 7833 5670 1837 5954 6046 8195 5235 3292 1978 8213 6759 4406 3909 6389 4992 415 6192 9534 9105 1788 881 632 8646 2793 7393 6274 5258 4751 5443 5626 2546 7261 4176 7123 2712 5338 8489 6035 9472 973 880 3628 3687 
990 1753 7152 6817 1831 7848 1011 9967 18 8982 4160 4168 749 5814 3214 9240 265 5290 761 5546 6372 4475 8650 3581 6909 5198 3959 7380 5800 3931 1962 3432 5967 7576 4697 5130 7842 7507 8695 2777 8689 2025 808 1690 9969 251 4034 6362 422 3613 2885 8837 5809 3145 9245 1765 8247 6773 178 452 272 9769 3052 3261 2857 6574 5396 6986 9999 3071 3735 7663 3701 7995 6396 9583 422 8447 9036 7542 3608 8546 368 9779 188 1074 3572 8960 602 6297 6889 1341 6091 9122 7113 6978 2280 9725 191 6447 
3363 8741 9454 7030 4405 3119 1751 7798 7340 82 3421 6447 1265 9040 7368 682 9859 6690 3506 9825 8539 6799 9119 3282 6753 2832 9960 5360 5835 6032 2011 8406 4670 7228 1204 8873 9142 7505 2304 9347 347 5931 1827 5416 9299 9479 9993 8265 8795 4561 7515 1997 185 5370 5966 399 6040 5801 2279 1801 1886 1470 1063 287 6315 3811 6909 3577 1207 679 7844 2500 1083 1264 6707 2150 7816 8055 9998 9012 783 0 254 4170 1094 8650 3822 3756 2089 2552 4009 2836 5888 9946 9394 7802 6841 8333 1152 8168 
2326 1753 7796 8296 9776 242 2715 4133 7914 2106 5549 4023 3216 9509 52 3556 8243 7635 1418 7644 238 5569 2167 3039 684 5402 765 6611 8722 2458 9198 1549 357 3207 3795 6925 4577 8924 3262 9464 7729 4445 731 3509 8614 4995 1718 4086 4854 824 9571 2456 8673 7555 9208 5289 2512 9862 1457 4497 699 5836 4174 2094 6381 6168 408 9295 1106 1791 5241 3693 4978 943 2485 991 3957 8697 2365 9125 7079 1932 7422 2401 2237 1668 8225 657 8671 1536 7492 7241 8454 7238 5216 4848 4284 7812 4945 1045 
775 7690 1332 4108 2487 4029 6861 9276 9856 6591 4055 3767 2946 8916 1159 7164 6090 999 972 630 2086 1538 5533 1630 4345 4357 8788 381 1204 5239 2845 151 8137 7615 5921 449 5469 2849 6011 6356 802 2507 9465 1549 7149 2367 2817 4941 6134 7831 3786 2404 6997 8910 7398 1212 4768 4855 9143 9573 431 8117 662 204 5750 792 5560 175 4652 4341 3596 9241 6081 4934 7267 9179 1687 1386 4589 7480 5852 5053 3723 8081 8403 731 4616 6390 6122 1540 5711 3990 8986 1306 7339 2207 7071 7108 2539 496 
7955 5952 1427 9710 9994 5482 9777 820 637 5846 3385 746 8759 5962 1444 2737 6563 8829 963 8110 4487 7953 5281 1117 2380 5792 9776 5796 1669 8005 7073 5841 3525 9650 1927 4583 6554 5756 973 1572 2132 3026 7655 3829 9414 1991 4403 9899 4260 5436 5768 2896 5611 4389 4570 7593 4582 4046 3088 5033 3624 3689 7655 6968 4590 2967 6952 9280 4230 7060 1937 0 5461 1645 4369 1828 926 9898 8533 8283 7623 9669 7860 716 4600 330 1948 755 3438 9558 2940 5577 5365 3351 2765 5219 8775 6788 6575 9646 
8127 1392 8996 9873 2636 7871 1304 7842 9041 6750 3672 653 7665 8831 2088 8729 5749 5231 9999 69 9296 2768 1943 6185 934 4259 8807 4387 5733 9086 498 7117 4963 435 2775 3778 6929 252 9608 9632 3203 9920 7119 279 2467 5259 5179 2501 6131 7269 2679 2891 8029 9765 2369 4841 4674 566 8335 815 4028 7379 4411 2409 8033 2126 5407 5054 4949 4300 2768 7163 882 1529 6610 5267 8737 3028 1522 5965 9912 6462 7606 3013 6129 8567 1361 6202 6921 9040 3168 5142 3746 3217 8668 29 9859 9505 8426 488 
4091 2770 3165 8382 4067 3302 7818 1807 6345 1048 6855 4922 7641 6845 8631 8367 9891 8082 5072 4051 2414 4139 8404 8140 542 7528 4689 9501 990 4139 41 8744 9622 8210 802 1874 5986 5423 6684 355 5774 1664 3944 5045 6679 8170 9330 7715 4701 8846 5919 7466 2375 5277 1084 2765 1640 7684 2598 6393 3275 334 3198 8134 6354 5457 9002 161 819 170 6025 2711 4992 5435 579 4587 8938 9099 8713 293 3210 7690 5197 6333 9905 1985 8811 4354 2286 9255 2642 6179 1995 3409 2944 1996 602 2853 4983 3783 
7812 4233 7746 6662 1184 4921 1971 8444 2440 7866 5927 1514 3426 494 3189 6656 2651 9850 3980 6548 219 1437 9281 2410 8822 384 970 3635 3081 3818 9879 590 1994 382 4279 2838 1756 1310 5281 844 6003 6152 2759 6202 5925 2926 3213 884 241 7437 9882 2386 6184 9423 8560 6533 3117 8649 5707 8160 1489 7341 1871 4205 869 9137 7217 9401 4966 9082 9553 4387 3280 3439 3590 2007 6606 7813 9541 4435 9021 9620 553 4583 260 5101 4520 9727 3835 2580 828 3697 657 3280 3476 1419 2594 2646 2160 4476 
5216 9997 6519 8577 9398 635 8101 4670 3581 8225 4607 1987 9895 6762 7313 6988 2591 1293 377 911 8377 9226 3287 8959 2922 2485 9601 5733 9897 3249 884 1497 8270 9556 2726 3664 5720 8652 571 4147 4711 5407 830 1634 5095 9754 7043 7873 6274 7503 8578 7142 4782 7221 7879 5213 8613 8144 5971 9830 2645 455 6853 2175 4953 9020 3292 3868 760 1234 9132 6561 5770 6536 8266 9788 3953 7522 639 8312 997 4533 7186 6585 2119 1606 1064 2377 7927 8890 6353 7893 5386 3925 5650 8547 2274 923 2132 1518 
5475 4564 7740 1374 132 8875 458 5078 9050 7987 5708 5804 4896 1002 7539 6807 6286 8089 2072 3918 1630 9797 5602 397 5155 1645 9184 6373 4707 272 2158 1637 3831 7036 538 4956 4241 3593 5785 4193 325 811 556 6698 1870 1607 3322 691 7433 1832 9070 7994 505 1440 3893 364 1978 268 1672 861 8274 3969 6674 411 5962 7220 5327 4383 9338 3842 2660 3296 4493 9430 7425 7203 4974 8865 7449 4069 7011 7572 4930 1637 7956 3855 1528 3727 6495 2263 5833 4845 7433 5690 3947 4132 8508 1372 1488 5173 
3785 8536 6839 4796 4926 2162 2676 8653 8657 4940 968 6160 1963 7895 5352 7378 4047 6732 8949 7436 5877 1567 6146 9112 5111 8402 1237 1201 1910 9405 5648 7257 3543 5603 6757 689 4135 1088 7687 4096 37 7884 7572 8853 316 2120 1553 9344 3756 9107 9514 9007 2136 3879 8732 2372 4198 7753 8305 6772 1733 1791 4537 8205 5196 2415 4205 1365 2721 8588 8712 8688 1596 9431 2395 6544 1018 3117 8182 4946 6870 5203 1544 2767 3429 4070 2263 5280 1371 2860 539 5744 649 7359 9164 6732 5346 6718 1390 3540 
5153 4888 7328 4070 4758 4408 6156 7237 9058 8533 5445 8270 2652 8798 1866 2798 638 9161 2409 9502 6446 7538 6105 7050 9895 1762 1434 9424 7019 5030 2039 5311 5043 7651 1295 8837 2022 545 5327 7290 3436 2892 2647 1792 7782 4000 5480 8230 7385 7371 4348 688 3877 6244 2924 3100 38 6070 8923 8498 1754 4322 8750 3018 820 5243 1630 8754 5247 5137 5478 2031 138 2775 3958 8134 9457 2087 2290 9248 3241 9913 6803 8167 464 5735 2735 2443 5704 2461 5740 4449 6803 1229 7267 2988 6728 8590 8062 6768 
9795 8209 9491 8082 4907 454 9862 4993 3179 7593 8314 437 665 913 8622 2442 8657 5449 9164 1419 2268 6851 4370 7698 9570 6230 2005 3755 9252 5028 9912 918 7691 4915 5658 5017 4618 7846 2849 119 6091 3989 603 7169 1787 2199 5048 6464 1175 8825 9621 2845 8701 5547 688 7085 4198 2380 8374 8860 1199 2887 1491 8140 4153 357 5109 7126 939 1813 2353 3686 4298 6635 6193 2374 3457 8094 1242 4229 8897 1662 4759 8923 1841 7112 5895 3558 5469 914 3191 8440 5141 5966 8922 2532 4197 3128 9637 826 
4841 3998 7696 9677 9500 9558 4337 2921 431 3244 5722 3856 9072 7503 9942 8369 1067 9655 4489 4656 2407 1924 5663 867 781 2770 986 6250 8939 5331 376 6777 8124 4888 7215 4754 4474 4147 1005 9388 2104 2332 5586 3480 2056 1032 7406 615 8983 6362 3272 825 4421 3021 1684 194 9282 5865 2772 9816 8724 6267 4913 8576 1941 4069 1865 4829 9905 8614 4466 6275 2397 5017 9930 6481 7607 8016 9714 3588 8018 6522 427 9752 8167 6164 420 8205 4674 641 7590 3923 3505 6836 5515 20 4834 4026 3347 1893 
9054 6047 2530 7818 2684 3870 1303 3196 7262 7585 1465 2930 6329 1970 9141 7489 6807 5525 6265 5998 1929 7461 2190 9326 1640 9581 2265 5291 724 3099 8279 2629 5078 6022 6173 40 7412 1416 8625 1353 1511 5630 6294 6182 9186 8058 9947 8160 1428 8573 8267 3875 2583 8496 8432 1291 2407 458 8210 7344 1999 7304 50 821 1850 4855 5388 8036 6645 4520 9509 2804 9261 4564 2430 4195 2827 3431 8709 3439 3964 6105 7019 8705 2199 5027 7917 479 4446 6770 9507 4363 554 3100 9182 6422 8843 4288 4798 3266 
5491 1368 5791 8519 5663 130 3994 50 7840 7391 3044 2002 9240 3354 3929 595 8788 7426 4826 459 9933 4752 8030 5904 9456 1331 5393 5241 893 7886 7360 4466 1516 6268 2560 4298 3332 3730 6541 8847 1630 8790 7027 3997 9511 8630 3016 3314 9195 3165 5374 6250 5180 6816 847 6120 2874 4377 4631 1264 6785 432 5276 4290 5271 819 9312 874 2117 3083 7216 2110 5238 4719 6415 7619 5900 4124 9428 5940 7390 7230 1012 6853 8963 8999 5556 2249 5114 9509 442 682 3495 1028 6123 5082 2788 308 5916 5271 
982 8279 5253 1575 2868 5877 3738 9009 6367 8860 7156 5678 4248 7504 79 400 8643 3777 4320 2967 908 2194 1897 4780 2160 7823 7787 6515 1349 1778 2425 6197 724 3591 5335 9189 5680 2499 6222 7983 7420 3025 5057 2090 6776 4866 1950 6270 6680 9808 6624 5845 1837 420 6370 8227 504 2942 4619 5782 1878 6909 2054 1803 1901 4851 2325 6597 7728 878 468 2809 1422 3679 9018 3474 2057 4515 854 1853 9687 5619 2041 9815 377 4804 327 375 9132 8257 4617 8293 7098 4742 8600 692 8712 3516 5539 9665 
1469 851 8843 4983 2981 1764 4392 4354 1658 2686 9503 1805 3807 6786 8121 7927 5525 6270 8817 1289 8477 9472 1207 5681 7558 7879 2549 6092 4718 1832 6915 447 6854 5003 127 260 3545 6183 1363 304 6385 5228 6430 3408 4122 7301 6864 7132 647 7157 780 8940 3921 1930 9815 2316 9815 3614 2310 8070 7370 4067 3670 7573 2252 446 2536 6397 6958 2562 618 2507 8443 4936 6378 2651 7456 585 4186 843 2907 6909 5975 6610 223 1386 8494 8981 7618 8146 4404 2380 5557 9313 9814 9760 2325 1728 8160 6133 
540 6097 6835 6149 513 4194 4640 1522 2000 6448 8885 2690 1370 9481 1930 3001 4713 2316 5403 235 7392 3956 4298 660 5373 2090 8743 5476 1653 4374 5476 520 5502 9358 2294 2708 3342 3745 4122 5950 3493 3629 6827 2074 7943 8175 1212 1835 9100 2280 6534 829 1059 9917 6169 9247 4756 1286 9093 3164 9801 6719 5054 272 9037 4300 2768 3028 3412 6462 2615 8567 9449 1970 2217 2396 1991 3258 3533 7564 789 6961 5268 5180 2522 3857 717 8492 7381 6138 4788 3184 6586 5382 9735 7247 7116 2044 9839 132 
1195 3465 9765 217 9708 2977 3652 7721 1069 7590 9490 685 7134 8708 3716 112 9229 4805 5378 4547 5413 9477 5258 8229 9230 7485 670 5414 2066 7648 3722 8531 6834 8006 1571 7520 5888 5934 5969 1896 1160 6238 4769 5736 8946 8523 7925 1797 8160 3874 2544 7642 3769 85 2562 9181 7870 1405 1169 9001 7262 407 1308 5125 914 2654 8188 6926 3431 4600 164 572 264 2384 2 1977 5343 7687 2233 9329 3244 6764 7530 7861 4269 1492 1589 6417 5915 3763 4664 6080 2559 5146 8662 9678 7492 9917 706 8829 
177 6153 6915 5719 3505 3422 5276 5983 8772 5360 3866 4677 3336 2385 2025 4096 1303 6561 398 8071 7396 7368 3910 9546 958 2502 9611 1997 6420 168 7823 8460 8869 603 3419 6818 7881 1224 7263 833 1456 1776 9728 8171 6313 1283 6431 4509 4271 5375 4382 284 1567 2694 7203 3391 8646 5350 8613 5601 9156 7338 1549 8510 163 8620 8716 9469 7284 2285 5792 9805 5964 4301 2475 4720 1378 4351 3577 5689 5952 1366 2030 577 9714 941 2492 6788 8788 7334 8276 8005 4513 5008 9104 11 7398 4911 7993 547 
199 5810 4588 2003 6843 726 4721 5097 7312 1822 972 7716 3795 1569 4112 9183 4719 4486 318 8023 7121 280 5750 9541 8361 5970 6244 1503 679 147 4456 1884 2768 1266 1441 458 3656 7353 4475 2117 6534 232 961 3896 6637 4593 8961 943 8770 6183 304 5098 3479 5006 7810 6600 2832 2767 4029 3814 8054 7239 6233 2030 7788 7921 1609 6493 5327 6026 7802 2507 6170 4138 9481 1728 6133 5664 6430 6149 513 4194 4400 6448 9651 2980 4713 1240 2316 9268 1197 2589 5403 8816 7392 5265 6255 9692 5477 9852 
8938 4208 3579 1494 3905 339 552 1885 7693 1831 2169 6974 5790 810 1149 4690 392 9726 8393 1582 6086 2280 6766 8450 377 1617 2329 3608 1967 8458 5723 1220 270 9895 1002 422 6941 2031 879 3068 814 2230 9725 945 4604 4204 474 7896 3980 6693 6745 5453 6650 9881 3357 5650 4758 6619 5574 9630 1180 6833 6190 9084 8433 9796 1425 4796 6279 1206 4714 9840 6695 1914 8259 9950 2144 9431 8715 2648 6980 4388 9218 357 7699 7626 8234 9475 148 5328 7601 9382 3232 1023 9151 9282 6951 4772 1825 5957 
3480 6601 2724 6631 7408 4678 1269 7428 1050 1241 1513 3600 1800 657 2908 5586 1220 2661 599 7207 9810 1343 5038 4051 5380 628 2369 1704 2935 456 5253 1614 2829 3553 5010 2334 3780 8223 9461 9750 2995 476 8836 4056 931 7300 1820 1757 1321 882 1459 3358 4802 8200 6281 6205 7592 5308 9637 8667 5928 9946 2753 4661 5906 3670 4110 26 8474 2461 2832 7317 1850 6404 5509 9141 387 5335 5040 9185 4409 1933 1117 5817 3312 4958 8826 6097 18 8811 4460 9098 4853 563 1750 833 1295 8837 2022 6046 
507 7290 6186 6963 3436 3790 4996 191 8293 8168 6954 6734 3424 58 4435 554 5048 8287 5816 499 2357 969 2902 9572 9226 1368 3510 1294 6513 3963 9698 4014 487 8481 9999 6727 4644 7428 8890 6775 3534 4936 2197 9598 4772 9343 9965 1505 3641 4363 7675 7384 7677 7332 5034 754 9804 5954 5104 5595 566 6132 4137 5840 2368 9701 9597 4631 9427 9600 1623 9433 8393 5278 5556 8741 678 1651 8647 9855 1055 4355 6870 4173 8636 1933 6324 1124 7565 1827 6523 5200 853 3104 6448 1318 2981 7404 4978 1763 