4743 7215 2145 9982 5228 9192 1898 5217 667 7878 7487 5425 367 1450 8779 4033 1556 725 5129 9021 2768 1459 2589 1441 458 6672 8331 9461 1284 5921 6480 5514 3967 9848 6832 5277 8720 3079 3851 7585 4635 4576 9 3697 2598 4963 8319 3119 1773 9186 804 6822 2378 2336 7774 3956 3744 1199 3804 6476 8876 2728 1713 542 3656 779 551 7353 8668 2620 442 7319 8158 3251 4475 1981 8112 7317 9756 2069 7413 955 7989 7454 2117 3338 6534 3830 190 784 3896 8618 6637 2564 4593 5610 1912 6388 943 8770 
8006 4172 8141 5305 6290 7831 1839 8063 3786 2404 4842 6997 3799 7567 9514 1650 9020 457 7790 3860 4480 325 8218 2331 4498 6359 7636 4190 5827 9964 2253 7856 3750 3805 6486 5642 5793 8232 8414 4098 6416 8733 1622 2875 4767 6102 2985 8433 9344 2421 1191 9886 8248 2140 2457 4906 5945 8943 1060 7939 6623 564 4855 9796 1746 8529 1405 9471 4606 3966 4257 8657 6200 4927 1689 3986 8277 238 6861 8158 2167 7315 4444 5750 2683 9413 5891 9493 9475 9202 8867 4451 4737 5465 576 4452 3532 5727 9592 3890 
9171 4543 8258 7733 304 1573 7038 8810 1192 6679 1223 717 369 8151 384 7236 5254 30 5994 3565 8200 3693 6776 9029 540 7777 5577 7900 6999 7094 4836 7182 7373 1297 9915 7334 1864 9302 6370 2932 499 5579 6524 149 1352 2593 1636 2854 383 7918 4780 7814 8712 3496 6746 7152 7146 5230 8536 6787 1768 6303 2662 7674 4695 3179 1529 9318 1541 6950 432 3916 8143 4594 3855 2420 4224 7551 3591 3170 6276 4759 2125 6721 1853 7777 5103 4301 4701 6564 8857 9824 9769 6327 1169 1501 6706 7997 103 966 
7887 339 9578 9507 7143 7220 7309 6948 7083 60 7032 7952 7846 5215 6121 678 3884 9752 3957 5863 5685 3525 5148 8055 4456 9050 6650 4582 4838 9542 5714 4198 7392 8341 9229 2457 6805 391 3520 1570 3944 2150 8125 5327 4959 8236 5671 9196 8909 1075 1543 664 6713 1669 285 3039 9499 4214 1470 5953 6632 5080 3714 9862 7816 1057 7339 9302 6844 8720 8435 384 1475 9777 2744 8873 8706 1534 1522 8306 4004 4209 203 7000 3737 2370 3845 4475 3181 21 6991 6836 3004 3946 1579 2218 8113 9047 8474 5512 
3165 6303 7475 5212 6055 9176 7812 270 8098 7721 3866 6742 9483 7278 7591 4209 4884 6651 6046 300 2599 1578 6646 1145 6893 6185 1723 7772 8025 4627 1273 8986 5879 6597 6552 2797 7217 8360 6935 6024 6863 3952 663 8744 4684 990 5029 8088 716 9921 7640 4606 7569 9930 7304 9308 370 9381 8728 4604 542 7039 8310 1500 8731 2861 3675 9891 1397 6650 2811 7313 8818 5645 7904 8491 1763 732 9690 5484 1333 304 9398 3743 5100 5106 4518 4779 8456 5794 3479 4108 6062 5053 6511 5738 8826 2306 9820 2766 
944 2190 3390 7340 3508 7847 9615 1550 3832 2218 7897 2569 4527 9034 9326 1845 4494 6664 9530 7987 1791 7842 1398 3723 2928 6401 9418 4570 7611 7897 3150 8956 690 3976 2810 9173 7432 186 7866 3332 5101 8071 3296 7284 2172 2536 6958 2562 618 6187 8694 3781 7554 5128 4200 3048 7292 9261 1926 7001 5845 1307 7289 2384 6493 5327 2402 1876 426 713 7442 7519 526 6976 445 7184 7073 3352 2302 2788 8260 5326 9564 784 4168 2572 1684 9207 7527 9439 5814 9891 6288 3069 5563 7800 3079 6681 8815 8228 
5545 503 3648 917 1669 8911 5438 3039 9651 4407 7880 8152 3697 9590 4577 2765 4026 2539 2066 7975 2765 9048 9628 7614 3015 4796 3105 6065 6994 9402 3612 7921 8951 6493 369 1367 7802 8381 6119 4091 2858 1424 4097 4172 8049 9601 4630 6385 4215 5100 5228 2317 2225 3338 190 3896 6637 5610 9358 9273 6910 9192 8393 1094 4552 8765 1288 1688 2324 2165 1513 4776 320 5192 6385 3386 3727 4426 3047 7514 629 7034 3157 1736 7002 1376 4115 9506 3759 4434 8915 4823 5207 2722 3730 3431 7484 9554 1486 2838 
8424 920 5809 3399 6797 8800 101 1175 7627 2990 9091 7455 5034 9582 415 6880 8943 74 8602 8046 7528 963 556 6058 4992 6592 3306 228 2713 407 8091 7463 5151 876 6062 3914 8633 2227 7111 8255 8778 225 3174 344 4685 6834 6915 447 6854 334 4369 4762 9438 5340 3406 2082 8294 7713 2412 4802 3109 5823 2650 7933 1531 3830 3893 9573 5998 8434 7537 1960 2141 4238 8216 2766 2592 955 2486 3149 5072 911 9001 4684 8193 2420 121 3647 337 4656 131 8964 2881 785 1680 4983 4857 7404 4978 1763 
5226 3822 5371 2501 2741 3196 4045 1991 7399 1141 6201 8944 31 1910 8661 8649 9479 1854 2996 3749 9614 6376 5997 106 9632 9078 6318 3110 7772 7262 5079 9890 5184 6927 4491 7879 3990 354 5502 5926 2310 9266 8493 5775 2525 2304 5161 7702 3978 7048 8120 7409 6841 6587 5661 1632 3089 8778 3174 4685 8964 4302 3959 9427 1329 1321 9576 3853 9472 4418 8506 2549 1063 6315 4708 3811 3257 5542 2054 1449 8537 8885 1087 5148 6995 1902 8125 4456 5327 1424 2651 4172 3755 4262 8945 1362 1286 5865 1920 7153 
6418 3356 7261 617 4755 3353 8650 2425 497 5975 9651 2479 5841 3438 785 3635 4857 3822 2686 5580 6329 8922 2532 3128 7094 3041 6599 5576 8005 7411 6954 3134 6727 3580 9005 2142 6253 743 9648 294 9841 3421 2649 9057 7057 9344 1052 3404 1541 9549 4015 5500 5933 3772 4506 3798 614 5789 1459 5279 7258 498 8585 5947 3797 6987 3231 7137 8583 9532 7343 721 9340 6072 6311 2869 9882 9140 2479 9476 8455 7878 3469 4715 2272 9270 2554 723 4606 5654 6861 5569 8158 684 3010 5402 6611 319 4569 4958 
3495 1549 7560 7118 2070 785 5109 7822 4330 7660 8890 9128 3359 7949 7760 4469 9460 3754 7899 6828 4488 8115 1001 9891 358 4174 1299 8657 5043 118 6473 2253 7706 3358 4596 1369 1791 8664 8721 7697 7711 5989 6213 9894 9617 2988 778 3741 2357 7239 5531 5770 4372 5607 5080 7416 948 5714 6785 4376 4847 755 4527 5311 8854 2269 8313 7427 4245 35 2830 5078 7535 9458 3482 5171 8110 8625 1353 688 334 5993 1183 4076 121 8262 1746 5607 1868 2811 4955 3793 8209 3911 8528 5304 3402 5577 2344 5195 
535 6408 1521 6495 1423 4958 60 8036 1809 5653 7860 7367 9347 8182 8923 1841 5964 8247 3558 4139 3191 4855 8932 500 6599 7939 3132 8275 6099 9426 3893 9782 4182 1043 7127 4408 9741 8836 5088 4152 1467 7979 2555 5085 8712 760 5168 481 83 1523 1630 6524 2769 5427 6006 1660 7384 8321 3311 4319 1676 9662 2465 9931 134 2147 8651 2172 9176 6344 6887 938 4489 5557 8626 2275 2188 4348 3421 6738 5228 7139 4734 5447 4792 8162 5868 8742 9945 509 2093 7409 366 7696 1812 6411 3840 1967 920 6666 
1330 9908 5148 8132 5949 5366 9303 6926 6790 2031 6074 3578 8963 1852 650 8109 9029 4074 1836 2554 8467 8552 9012 973 7261 9795 6873 404 8860 2649 2893 2837 6997 8106 9244 2135 5918 6153 5013 6293 8449 2043 8191 2107 1241 1816 7540 2957 7667 6509 2984 5255 8514 4222 4039 6266 9351 2498 1743 4314 9712 2371 6550 527 488 9212 9788 6834 3236 8539 7855 2781 450 5798 701 2069 741 1832 268 3753 5866 7366 7853 9028 1100 5744 5273 2110 7256 8557 1045 9282 1332 4928 4172 2487 8231 9276 5064 5728 
6316 7565 3490 9858 8193 2420 121 3647 2887 337 4656 9468 8964 3704 8817 2336 5340 3098 320 9313 8069 1207 2346 7558 7879 6315 4708 3957 3811 3257 5542 5863 1207 2054 5685 7844 1449 2500 3525 147 1006 8537 8885 1264 1087 6707 2150 6995 7816 8055 8125 4456 5327 4959 1475 9050 5671 1551 6185 279 4147 2162 664 7212 2257 6719 3064 207 4269 1395 8034 8858 6798 4896 4701 2901 7433 9532 4109 1076 7022 1316 7687 7684 2958 7774 9373 295 840 6092 9311 474 9518 4525 1869 7552 9735 5019 7609 983 
510 8417 9683 6395 3792 3796 5848 6422 6726 326 3863 4288 3797 3583 4798 3266 7545 5491 7059 1368 5791 8519 5497 250 1698 2194 1846 1923 4395 2468 4697 7473 7664 1375 286 1527 5663 4083 6814 2649 4359 4493 1788 5728 284 7743 6767 8759 9214 7305 7987 8052 6807 8538 5525 4471 6265 5812 5998 6247 7461 5095 2190 9454 3390 1534 26 6989 9278 6793 7368 3508 2906 1563 7847 395 1007 5285 5141 5478 7305 9831 3552 1642 4926 2449 733 5839 514 8619 2218 7897 5363 3002 2703 5609 2356 8438 6684 7641 
9931 2163 5544 7236 6344 1727 6654 8170 3739 1781 8684 2358 3999 2539 9363 5541 4577 2066 9153 7975 6384 2765 8417 4026 6932 6284 9628 7649 3425 655 3015 2136 4796 3105 8746 6092 6915 447 6854 5003 8049 9601 585 9939 8945 843 3379 1286 5865 1920 2907 9805 1263 2415 5641 4348 1213 8379 4411 6704 7308 4530 8604 6465 537 426 111 9843 3173 3775 4977 3359 3384 1310 2171 856 8441 2027 7488 1057 4476 9302 612 2686 8419 5514 5232 7260 2308 9729 4205 7238 4106 2026 9857 4848 9708 4945 9282 1332 
4172 2013 6591 2216 2869 9748 2492 1350 4137 2213 8763 4874 8264 3411 4339 5144 6306 3035 2277 6163 1704 2026 6847 8150 2505 1268 8874 759 1450 8374 5800 7756 4245 1684 7358 9439 5814 3835 6329 2392 8921 4890 2043 1385 9790 3016 7269 6477 187 6681 7861 6589 272 2217 5545 8460 7601 9193 6600 6791 6391 3648 6159 8306 3959 1669 3390 851 4372 5651 3638 7436 8490 3674 9299 587 9824 1065 8277 6396 5451 8160 1449 7131 4479 9529 1381 4188 868 4430 9145 755 843 3726 5652 7378 4057 280 8620 5092 
9400 517 1067 6298 5812 5046 6073 5461 273 4586 4378 8934 2211 2395 5399 2519 5856 7874 2741 1254 9979 709 6015 9643 9342 9370 5979 177 4513 630 2920 263 2948 9646 4531 7984 7314 3845 2609 6486 7051 7099 8806 891 4133 7914 2106 4023 2213 9990 9509 52 3556 350 6978 4811 9047 9312 6286 4851 4489 3998 4904 9500 4337 1495 5722 6975 1152 7503 5899 8344 6668 3543 8694 2788 1240 8817 6833 9451 8376 140 5059 5749 2906 2481 3449 4555 7901 3657 8892 2729 5732 233 7693 4929 1527 9854 9119 7223 
6674 5081 6814 8459 7131 2564 1365 9612 7909 4167 1176 6743 490 5396 9891 2619 9763 8314 8811 6773 4490 5637 8458 3185 6074 6118 6534 6155 7453 5035 1150 5627 2400 673 4960 4964 5251 3422 8436 8231 4438 8516 7308 3064 5463 802 1071 8403 7155 1415 8364 8830 122 1372 4940 1469 2701 5477 272 6952 3739 9156 8841 5029 812 487 6409 3133 1637 9202 4779 5470 6282 4657 3330 892 8396 854 3740 9604 8614 8997 2749 8190 162 7909 7803 9145 6050 6532 564 3564 1758 808 1594 7984 7695 3295 9412 1314 
8048 8544 8142 6251 2967 2978 8041 372 2160 2239 8545 1393 9976 9622 5769 7254 6769 4058 940 6485 3979 4627 7856 810 5320 5448 1385 9249 1631 6985 1159 7204 5615 543 2072 5086 7505 3794 2702 6689 6635 3656 3687 4281 7967 5203 8699 1580 9548 8292 8995 3333 1495 6665 6808 742 9815 1602 6457 5917 932 8325 9914 7769 7646 8331 7759 2349 1746 9471 3966 4257 3311 3197 7355 3736 3986 8277 238 6861 7315 684 6611 9796 3966 7355 3986 9674 2167 3039 3010 3328 411 101 2306 5456 4439 516 2112 6688 
1074 9572 9012 7658 2 6456 8975 963 7551 9957 6290 6726 8352 6595 1630 5919 2821 853 5115 6879 695 4699 1924 7832 779 7250 173 3432 3439 4368 635 6739 1695 4226 6057 7792 2661 1717 3072 4864 1603 3298 7406 3439 8908 6372 8971 3115 691 3764 879 6174 9597 1764 9578 7776 123 7484 5476 3878 7497 3323 543 6503 4959 8134 4453 7960 2097 9978 7347 4555 443 3939 3580 3634 874 8382 3271 6862 1328 5563 4654 2764 3005 1010 7710 7783 7303 7013 3722 7117 7528 2928 7923 445 9434 3358 5688 9464 
908 2385 4456 5327 4959 3211 5446 1304 3109 2650 1531 8978 5998 8779 5129 2768 1441 458 6067 9461 5055 6832 3079 3697 1343 6822 7774 3804 6476 1713 3656 8668 7319 3251 8112 9756 955 7989 7454 3338 3830 961 8618 4863 3109 554 8174 6858 9345 3575 8680 7229 8691 4388 2176 1453 9610 2804 3048 6407 4686 4852 368 5389 5974 6248 1169 9340 8795 599 7207 9810 4372 9724 5380 628 2741 8343 7952 456 5253 1237 5829 4231 5293 9957 3948 3338 6468 6897 8885 7282 7239 7084 5766 4946 2207 5028 2359 9039 
4851 3138 9947 8630 8556 4422 6274 2640 3988 1839 6750 1384 7684 1821 1481 7922 5300 4462 1987 9403 1269 5534 9570 9216 5546 9498 585 5048 2237 4003 575 3403 1141 6793 531 9209 9300 4604 9850 6211 9735 4673 9628 8882 2771 5490 195 6389 8010 1625 3258 9859 5548 5877 4094 4897 8995 7794 175 5642 5459 9554 7325 9929 4118 4187 7684 1423 2265 9034 2285 7027 7130 9404 1492 5962 4383 9889 8067 4192 9633 3072 7490 9247 5724 2751 6727 6616 1395 4907 1522 8306 2370 4372 3590 1920 8327 3004 1579 2218 
8474 467 9104 8097 4433 2539 2387 1596 2930 3808 9809 5265 3778 1733 3454 6542 4465 2504 6032 3167 6577 9983 5598 6456 3894 9062 4240 369 1420 7155 4056 6034 9154 588 2401 3181 4351 8168 9964 3298 5661 5968 8359 6630 8332 4083 5712 2902 1512 7373 7674 3752 5329 8205 2551 4742 8586 9203 7279 3642 4758 7916 4881 4208 9072 1820 499 7720 4130 9069 4493 2243 4959 1622 1476 7019 4048 7127 3978 9277 6991 9528 6057 1604 8649 9795 1273 5389 4346 8821 4440 1803 6007 5237 8212 6235 7839 7417 8149 9421 
2357 2515 6825 8675 283 418 1343 2551 4759 8527 2729 4164 4602 9686 1718 9388 2549 3137 7563 2621 4936 5208 7723 9882 2077 4347 2916 2378 1105 4323 9657 2314 5024 1984 4506 3692 4520 5529 2627 9093 6382 888 25 5330 6373 1643 2929 556 1829 4178 1809 4828 7427 2526 3593 144 3449 3808 9469 3826 6697 8698 7947 326 2983 6167 3540 3362 4752 4266 3864 9888 3536 6470 7202 2566 5278 2302 6148 3059 6073 6008 7799 2210 5310 5333 9694 1212 7975 4958 3205 2135 24 4836 952 1249 943 3186 6728 6138 
2524 6320 1199 4798 3627 5390 9160 4986 9443 5954 6038 3981 3468 1008 9415 210 944 7626 4128 9877 6560 6615 9125 2076 6905 204 4230 7009 7990 4691 6700 1147 5929 5295 1070 5547 2518 2177 8032 2150 6529 279 2299 8164 6173 5565 3205 2603 503 7021 872 5311 9326 1066 2575 9968 7256 9209 5229 750 7156 6966 6758 8540 5320 1639 4370 4819 4504 4022 4787 1512 8983 6114 6055 874 1730 8325 8768 109 4760 8253 4703 9375 302 2406 6749 4991 5612 5725 1823 5949 9002 1846 8275 1190 7986 1762 6545 7831 
6700 8862 8745 1258 7636 2085 3361 8694 6846 9222 3848 8862 9837 6655 2176 9201 8248 9629 4105 9674 3553 4927 247 8659 3930 3194 585 360 9474 1422 9961 4736 639 5901 6127 382 2485 1517 8635 2394 6619 3748 786 6905 3173 4460 4405 5219 5574 6771 3230 3927 6947 978 6197 9327 1219 1213 3079 1128 5565 2979 1972 6092 5355 8799 8385 3725 7010 7557 8773 1049 8967 6050 8298 5864 4374 5997 7399 4505 1025 3877 8658 199 6786 2601 8382 9324 9388 268 1195 5907 4705 6640 4909 2699 9923 6690 6850 4923 
4877 5192 3465 5713 4660 6292 9282 1982 2150 7956 7465 9529 3399 6797 8800 3251 1567 4762 6962 91 9849 8413 5852 3831 9858 9908 2569 4697 4825 393 4260 8448 4063 5809 4107 3402 9851 8549 8948 3042 6700 7580 4223 9880 4897 1140 9509 703 4378 9799 9567 7044 4732 6251 8687 3086 5698 119 976 833 5880 7165 6922 348 2307 1997 2180 3238 3666 6708 123 983 8721 7135 8014 4025 8073 5087 817 6889 5292 4170 7891 3976 4024 8359 5447 116 1731 2272 5249 1354 2184 3096 1515 5491 2052 8237 7886 6880 
3484 5312 3849 2969 2327 4543 3264 6359 8955 1815 655 2481 8421 6313 7208 7837 5640 6967 9187 3242 545 8966 2890 2006 6736 987 1918 6653 3950 6104 9614 5008 384 9149 8651 2399 686 6965 7167 1132 5822 8572 9323 9891 1348 9975 8069 1148 9252 6554 8274 5763 9541 5642 1504 2351 8247 8450 9986 5943 8136 8792 46 9460 2484 1054 7393 2198 8549 7413 5169 5353 3570 4624 2804 5916 4130 7651 6317 8571 116 781 2702 9540 4783 2441 2011 2385 9192 6552 766 4904 7772 4058 8466 5168 7303 1718 7388 7626 
421 538 1955 4492 4596 3786 3218 5697 4774 194 67 3519 7791 2460 4364 9073 2851 4706 9532 7324 313 9356 1029 2325 56 6235 2962 6165 5521 7967 7043 8726 783 7366 888 3288 7414 9552 864 1945 5575 9913 3380 4977 4256 4660 3209 3421 2276 3335 4847 4319 19 1932 1061 6069 4910 7126 1490 3931 6025 8898 7971 2242 5303 7432 4921 1039 6183 8658 1653 451 2593 8718 5035 2992 1026 3561 3833 4283 3096 461 678 1233 2034 7103 7839 5067 190 9407 3290 4393 5940 4742 8123 6956 7743 244 5848 9038 
7084 3653 4105 647 9531 9947 5003 564 211 9924 8471 4278 2518 428 2635 3504 2011 3842 3472 6287 9813 94 1948 2816 348 6029 3524 7974 2608 8481 7618 1888 6276 7687 1727 8703 8872 217 2527 8803 7052 3211 3885 5984 6902 9414 1941 6873 925 1256 9127 961 9658 9897 7976 9918 7015 1629 7734 4874 7215 2430 3383 2272 8035 5579 4351 9985 901 9467 3734 1547 6467 9669 5757 9496 8818 2190 5806 719 5162 7586 9808 6062 2265 9065 7842 6876 724 3157 6224 3725 1376 6237 7202 4925 3327 4033 3387 2152 
1174 4685 8765 4339 4100 522 6402 5093 4299 8756 4898 3404 4264 2017 1957 9389 5416 1137 1509 7889 3374 8273 412 9200 8545 2190 3790 6516 2621 4389 2559 7044 3264 9082 8917 5681 9190 1381 6006 1992 8668 6548 2735 7882 6563 4227 2256 9248 1389 2201 683 7794 2636 3648 7028 732 7438 5922 1620 989 5527 1101 9667 9226 1499 6136 6007 2113 8537 7580 6805 3520 1570 1051 9756 1371 4238 8462 3232 3538 7161 176 8180 786 8056 4762 4560 8294 7724 3451 2412 4860 2907 4708 9667 3904 3454 1558 430 2994 
1379 7398 1302 1108 4720 2789 9143 9573 8117 5075 2631 2006 7309 7168 5525 3591 4519 4493 3109 625 8781 2650 7933 1531 2866 3893 9573 5998 8434 7537 1960 4238 4863 3349 5417 9368 5728 6561 9147 9858 4800 8193 8783 3647 2591 1293 377 1548 2881 5964 8435 2981 7404 4392 4218 4354 8727 6807 5812 3059 7418 6271 6471 4137 4191 8360 7719 1263 6948 7933 4056 663 8744 4684 5029 716 7333 7640 4606 7569 933 4143 2642 7671 7179 3189 5560 7102 9616 4542 3109 5469 9294 3317 1611 5774 1884 2041 4942 9907 
3754 4743 2043 7215 5228 5231 667 9541 1450 2768 1266 4506 1461 3208 2649 1070 2668 6339 4899 7984 9273 9192 9470 3558 8798 2685 9186 4034 1666 6112 3984 2379 1045 1313 37 936 7964 8547 3832 5622 5725 2332 6122 7728 3996 397 4969 8802 3652 925 8079 4474 8273 1971 1308 6568 1937 1645 9700 7382 4369 840 9898 3311 8532 187 8284 2069 70 8913 9073 2353 7709 8421 9992 2509 2840 4032 1602 6457 2227 932 5187 6945 2868 1988 7370 9037 1619 2004 6495 4340 754 1186 2683 8362 4155 657 5827 4881 