4194 8538 8619 9325 9590 620 4606 2514 7671 9616 8668 2140 4906 8943 6623 564 4855 8954 8529 981 4606 3966 4257 8657 3311 6200 4927 1689 8613 2679 8277 5654 8361 3526 3311 1041 919 8797 3763 5557 698 5602 612 8419 5514 7826 7853 7260 9028 1100 3365 7238 2892 7314 7789 6875 3916 5240 3699 5047 8786 4147 4122 7301 7940 8119 7132 5112 4662 8724 5943 9133 7894 8618 905 8080 5739 2280 2227 7490 8618 9358 943 9273 5305 2029 2277 8910 9514 9020 8854 3860 325 5827 5361 9393 5845 466 5506 2503 
699 6591 6592 5846 5122 1615 5575 6629 7752 315 2376 4596 4750 1613 9481 9725 1455 2522 9890 6140 244 9588 1862 7291 1688 5532 1094 4552 8765 1288 1688 2324 5837 2165 5327 6928 7667 5253 3163 8592 4073 5721 2250 6549 8040 511 2994 5324 8877 8393 5004 8741 678 1651 8647 9855 5084 3166 8636 3354 9652 8076 9617 2834 8363 4664 9054 1359 2059 3752 2926 6768 4768 9465 3510 7188 2697 2533 6338 6761 7451 3789 7369 1111 3091 6200 3670 9795 4792 610 1663 5879 4236 3450 404 8860 5524 1726 7554 1906 
162 8299 7989 6455 6991 7370 3059 7418 3800 1317 550 6471 4428 6903 8360 6935 6024 3952 8744 4684 990 7461 9921 2976 6981 6086 4143 6023 3365 7671 3110 9862 63 4542 2339 9294 3317 5774 5858 2320 6590 9640 5642 6536 9645 7691 4359 3051 3835 8156 2837 8106 4447 476 3963 3176 9553 9249 3062 8792 6667 9452 2560 6732 2256 8225 4607 1685 3857 9633 4619 3532 1987 2077 9895 7447 2095 8082 4616 6368 3654 226 7125 341 1500 4085 8064 4049 6383 1832 741 5003 127 859 4926 8238 7077 4348 8379 399 
3635 3679 2767 2914 2717 307 3521 2889 5169 981 1345 6329 3389 116 781 2702 9540 5437 198 1328 5793 8414 9712 6416 1622 2875 4767 6102 3201 8433 2421 9886 2380 6813 7244 2815 3968 7427 3820 1927 670 8914 6915 2396 941 3411 7885 5610 5476 3757 3929 6081 4792 6297 8370 5045 1890 8514 4421 4059 9141 8069 3630 463 7879 6315 3577 5827 3805 6154 3152 8414 4098 8733 1622 4767 3201 7699 1191 8248 2457 5945 1060 7660 6587 9128 7706 6423 3478 4469 3754 7899 4519 4488 1001 4702 6300 3856 3542 3349 
6805 8898 5841 223 5580 3438 1717 3152 2415 6704 8604 8657 7081 6233 3928 3090 2527 9245 7250 4578 8841 3581 7952 9277 6543 8048 1029 2742 1909 7679 8754 3663 965 8707 3634 4149 5560 7103 1396 1873 1198 6285 6192 2960 6661 9676 4784 1603 4911 1007 5549 1119 9005 8470 4130 1222 3453 7909 2285 7913 4504 3022 5357 9785 5213 9807 205 7813 3592 8221 3434 8015 3331 9912 751 7690 2432 3794 5477 906 9856 7217 845 6648 746 3134 6768 4033 2849 8990 3707 4359 7391 7958 5914 3724 8535 1108 7929 4167 
3487 7037 9703 6922 6688 889 7822 1448 257 1983 4911 4321 6632 866 7122 6180 2715 1679 9591 8288 6973 64 8636 5996 2640 8352 665 2956 5671 1421 6761 8895 9933 1593 2969 7253 3636 2401 3670 5558 1895 9086 3247 3330 3026 2658 8646 7342 9568 1239 2570 533 1592 154 6625 9581 2671 666 4305 1450 1604 7710 2857 4529 3519 6852 6258 6152 560 6020 9364 4535 3744 2170 1568 4331 488 2831 6242 2134 8977 897 5982 7314 7894 2069 8756 3675 2282 6247 3595 1854 2473 1097 535 2551 1105 4189 8627 6866 
1514 3570 8652 9524 9371 8240 7178 7287 3808 4636 883 9440 1634 3639 7201 9253 7840 3497 7384 5338 67 9256 9552 803 5425 6346 2220 8200 21 5477 183 3349 8456 8428 6535 8629 2072 8822 3552 1322 6251 6413 9721 8666 2023 4057 3142 7024 2356 7641 2163 7236 7986 3739 4172 7456 6613 8551 3755 4262 6769 8945 843 3379 6529 9805 6943 7757 6862 617 6909 7877 1582 8650 2425 497 3711 3786 4207 8856 6763 8845 6923 5828 3995 4112 375 7504 548 79 2537 5903 400 4320 2967 1849 4544 3660 8953 8327 
3572 5740 2797 5427 1645 6593 915 3403 5684 8048 2818 7266 4076 3576 5077 1727 1780 5853 4966 4088 259 2886 4575 5114 3191 2072 3961 7605 6873 8103 8802 4910 7234 5386 886 2685 155 4728 3601 8796 5306 2999 7292 2986 8372 2316 3593 6758 6913 2929 5293 8310 9215 4355 604 8059 4360 9890 8708 354 9858 2310 4185 9266 3220 7581 4932 5775 3930 5867 275 5566 8462 819 1685 9490 267 775 2273 960 2495 4646 2652 8334 5464 6535 6244 9291 8857 6169 5969 7687 9818 8823 8544 4176 6033 8307 5500 2879 
4365 2170 7227 2882 4534 7263 9091 7841 4129 7496 5419 398 3360 7895 8525 8569 2520 7737 6548 8860 8195 6524 1641 9566 6725 4790 3211 4252 2718 9079 4029 4509 1544 5814 7730 9790 8778 9480 8029 872 2865 3497 3374 4222 3670 8761 210 5723 4713 5549 4299 9034 7929 4185 1573 8797 7638 9799 8715 2413 9976 5352 2487 6179 6737 6666 9061 2002 2020 7561 8931 5436 8014 2303 4770 8442 7206 9 6380 2862 9779 4967 4773 6180 7835 2495 6489 5391 8123 4206 4244 6495 247 2004 1490 3216 3264 5131 675 4362 
9703 4397 8079 5428 7634 8050 6373 3242 3085 1086 4928 4757 1952 3045 8393 4071 83 4416 1400 342 3030 6912 426 2949 546 8810 5769 2144 578 7901 983 8523 4653 1023 6668 7639 9864 1722 2172 4316 1388 6746 8460 5980 8718 4193 7998 3864 5676 5937 8285 1960 9617 6422 4347 3457 7894 8546 5495 3832 6331 1528 1296 1311 9394 893 9812 1060 5716 167 5220 7035 2101 6177 2967 7372 2043 5634 8538 286 5439 8016 5434 6742 5638 3069 7740 3778 5949 3667 8163 5586 1275 3559 5908 1693 6700 2426 4358 8740 
2889 9045 7894 2426 9260 2606 8721 9958 1427 8138 7312 5586 1116 3480 2259 4268 3893 3429 5367 5199 2903 7214 4420 8189 9701 1124 656 682 9805 888 8444 8987 5380 2170 9958 1229 3363 6133 5829 5897 222 6904 2681 4666 1058 4599 6699 4842 4329 9217 2317 6929 8575 8299 1887 9373 5722 5991 8509 6265 3623 1162 4676 1001 3673 8802 836 3451 8548 8765 5037 1847 3866 5333 4277 6271 9920 6648 9944 5074 3836 2678 4877 4813 5039 7111 8066 450 8095 6688 8721 5563 225 9644 6771 5860 5050 3098 3557 6328 
3190 6195 5905 7927 1568 4539 2868 4151 133 4661 5621 3954 11 5822 6463 8316 8408 8027 5531 3916 8147 7566 4600 5898 3181 4164 4549 3915 1862 1506 5043 4207 1065 3758 5665 8864 7556 2367 6169 9945 4723 7664 8205 9747 8777 8315 5105 794 1339 5102 1285 2645 6788 7154 7624 4347 456 1420 9313 6994 8875 1647 3184 8361 7154 1801 6233 3835 5945 9852 4967 8486 518 1114 8804 899 9086 2956 6730 2534 5837 9567 5962 5272 7222 7878 4588 9384 447 6366 547 4149 9421 2156 7551 4773 6926 8121 3592 9311 
6018 5380 9985 8386 6258 1174 1191 7573 10 8482 7980 6122 5670 2359 8684 2539 9363 2066 9153 7975 6384 8417 6269 9084 9073 3270 826 7792 9721 148 5599 6700 2969 1598 3142 3516 3510 7331 1513 9851 4764 9911 4635 9782 3990 5661 7184 4840 4623 1798 2066 8583 1316 5728 632 4322 453 2068 1183 681 1075 8744 440 1459 7461 5518 7333 620 8250 6981 9230 6023 2642 2488 7671 6928 7895 3110 2201 9616 2838 4542 4330 6652 9294 2858 2320 7439 9422 6452 5762 5642 6486 5202 8336 695 4365 3835 5337 1188 
1087 2352 764 8652 7772 4147 4994 4711 5436 8014 4964 9067 3022 7084 4448 1081 9371 3720 841 7995 5459 1782 5072 4987 836 1471 4526 5107 186 5052 3882 1828 5926 5157 3311 2091 5177 9162 9304 4032 1922 6808 173 177 5354 8815 860 1602 5570 9797 5872 9371 7623 9850 7134 7307 48 7026 7261 9342 6736 1256 5231 1433 6352 5875 169 2079 1093 2492 2949 9097 9407 9889 6962 256 8597 2035 3821 1108 3316 774 7008 7271 431 2811 8038 2874 6473 1461 7170 3401 4391 4055 64 795 3569 6530 152 997 
116 8010 3073 3699 9216 2211 2310 8764 7353 6516 6971 8109 3264 2991 1264 9190 5476 1992 7834 9582 2735 7033 5778 6478 3992 3494 7979 2332 3216 5346 5191 4351 4869 4217 1581 8752 9752 9299 7992 7708 9153 9722 4962 8120 3110 1128 4578 8625 4277 1220 7115 1175 3933 9716 7432 2519 7497 7412 6361 3275 7904 4155 7104 3696 8937 2132 2507 1868 9937 185 6423 4483 9949 3203 8555 6656 1757 1338 6739 8332 201 3363 8938 590 9112 5152 1110 4824 7266 4006 9605 9524 5595 8406 7920 2810 4912 8611 4748 3670 
1890 6371 6228 4470 3098 4643 9953 9213 8121 1518 2568 9537 4585 5948 2504 2921 943 5092 339 2341 1336 8128 8958 1992 3053 2501 9796 5214 3689 3241 1353 8037 5046 3830 5691 8297 5736 6055 1885 4560 3880 3174 6984 1757 3968 2573 3557 1649 2963 9733 4362 8496 6793 250 1162 2119 1956 8224 4875 8903 4493 3109 625 5823 8781 1376 1254 3951 1531 2866 7334 3893 9573 5998 7421 8434 3502 4863 2592 5417 3490 4765 8348 6895 3846 8948 8539 6436 6035 8225 7796 9949 6036 1947 9622 6240 6521 3199 2361 3655 
7835 4215 4695 2279 2765 3334 3421 5013 5974 789 3098 6495 3442 7904 7699 3111 1381 1167 7148 9502 2938 2995 2038 7761 4603 6755 9145 5886 408 1999 9949 8092 1046 8373 9619 3900 8359 718 3291 8345 5808 6395 7275 2518 7866 4579 157 3677 7010 3497 9573 6028 2141 4659 493 8657 8814 5630 4977 8208 8673 8258 7985 5998 2015 8515 5113 5840 8313 8359 7457 4987 9406 1907 2539 6799 748 9652 3945 1391 8395 3047 945 6117 4955 7033 5167 978 4188 2583 4481 3192 5974 7129 9936 1725 1369 227 8875 7924 
8275 4120 4888 6705 8269 2703 2079 3186 4776 5577 3570 2273 9975 7315 5689 8878 4803 9947 4538 8485 51 7664 737 9237 9652 4802 625 8781 1254 2866 7334 3893 8510 7421 3502 2141 6943 4863 3349 6877 2486 8587 9415 3490 9858 5325 2441 2332 2663 556 4216 7340 8790 258 5852 8948 3667 8416 5791 6967 3177 6212 7799 4306 6584 3147 7168 7495 7406 3170 4007 3088 6961 2129 2451 1728 7183 5715 9527 1430 5279 951 2629 893 3262 7580 8210 6219 4883 2576 2354 5992 8951 5445 331 2277 3829 8306 4403 9899 
5436 7762 3713 5714 5611 4343 4389 4570 3576 8234 9642 1644 2489 7726 702 3305 4017 3054 5248 7432 2184 9866 235 7499 9125 7001 9531 378 8813 7629 5997 331 8867 2264 5884 1832 3856 1515 9357 3494 7399 6822 8612 2897 5462 5570 1669 5582 9107 4304 1356 1145 7639 2172 1388 4000 3441 2428 7967 2276 7225 487 3899 5927 1348 1560 3616 4268 6841 6846 510 3761 5897 5080 2537 4387 481 3588 2510 7673 4961 8926 9061 7486 5168 607 9215 9524 8153 5979 7456 3571 4562 6472 8147 1395 2993 719 45 6517 
4451 7857 3774 2212 9662 9390 61 3465 624 7151 1008 8419 8992 9035 2530 205 9279 559 4124 330 5320 8861 3946 4783 5259 66 840 8101 7872 3060 1449 8687 5898 4682 5648 9539 9193 6733 4475 9111 7585 668 6197 3657 9740 9884 1555 9910 1414 8050 6294 1624 5472 4098 2714 98 4775 2013 3714 1485 8273 919 7776 3249 767 8237 8368 4953 7021 3707 2560 3532 9613 9937 7320 3392 3847 3689 5050 7888 8907 4691 9712 6947 4967 8864 2570 9351 4219 1326 5280 505 9442 3418 2769 985 7140 9356 7110 8057 
8845 4443 3776 6676 7408 2996 4785 8294 4148 9375 2596 4008 9085 7992 2121 9484 8196 8696 9389 8832 342 4253 5407 5696 3005 7913 9459 6552 196 8993 321 9492 5297 3599 2965 9965 7699 7436 3826 1172 8119 3522 3791 2658 2677 8583 7690 9004 6914 6395 9741 5394 9989 1146 7195 1033 4363 8625 3858 2743 7411 807 7199 7834 9427 1486 3595 8477 4130 999 1353 8764 7460 1909 9401 1186 8695 3524 9063 3528 4881 8938 3065 4051 8620 4206 990 538 7859 1301 3952 4684 9728 7475 7583 5377 6369 2107 7937 4949 
6343 2629 9820 4717 8013 3669 4247 2309 810 2219 660 4084 3280 1530 3218 5800 3768 7840 535 534 1344 7130 7510 5820 5769 1859 4854 7723 7242 7039 1795 6414 0 9732 6312 2486 5021 4112 7504 1486 4534 8181 5917 8279 8403 6627 8316 8706 7563 5531 3916 2237 75 7555 7456 3373 3234 3571 7905 4529 9061 3764 371 7879 6060 7732 1639 1395 4919 8019 1121 1590 719 1601 9941 45 9635 5355 4873 4451 7285 6390 1369 2201 9085 6874 4814 4893 1215 6483 1314 4781 9887 7607 6285 9615 1322 957 7529 5166 
9034 7818 1465 7344 6436 2047 6736 3695 3110 4034 4223 4659 7636 4682 800 8591 8084 2412 3185 4481 7664 8442 7952 3997 1386 3343 3473 157 1645 9364 6659 2244 3630 281 3069 9994 137 7899 3366 1874 559 1108 7118 5098 7882 3354 457 9187 3421 7041 6507 6633 662 3183 4878 5503 4673 325 1968 7482 383 4808 2830 5316 6409 1215 5171 8335 6483 8637 781 3649 54 3563 4844 4009 7378 3013 1386 5849 7152 5642 1566 2738 1960 2321 1256 5001 6952 9280 4098 1701 5377 9034 9706 5101 9771 5726 882 3641 
7130 2 3567 4239 6706 8446 6904 3314 5485 2845 3219 2226 5374 9623 1709 543 6503 4959 8643 5894 6264 1658 7054 2627 8574 1588 6201 512 8528 7841 3273 6791 4307 2126 5649 7725 9601 3562 4386 6791 1437 5906 9856 9441 4346 9931 6344 788 6654 8170 8684 2539 9363 7676 2765 4026 6932 6284 3425 655 2136 820 8796 4511 6994 9402 8734 9189 3184 7291 6609 1773 2378 2336 576 8876 9555 542 7353 8668 2620 7317 2225 3338 232 9075 960 1437 946 2517 9084 8337 9898 3196 7436 9095 3439 4389 5754 3994 
3161 1499 2113 2128 9564 7633 7372 7080 578 9186 7526 924 8877 4622 1199 2473 5314 7335 9342 1321 5927 4548 9786 5531 6545 5053 8985 1701 2709 2612 4470 8348 1441 3915 2691 8610 7805 3036 6632 588 8395 8754 6948 5303 4080 9259 9436 6763 498 8144 6622 3772 720 5003 9421 3376 4337 2814 3885 9551 773 7537 7188 6980 2184 8887 6472 4823 3631 6757 7796 1552 4803 7846 4497 6638 9747 8955 7833 7244 9212 8166 6174 3156 636 8434 4760 7875 6436 927 3979 7492 885 596 3584 4969 8454 5129 5853 4705 
6111 8077 849 764 9891 6185 2616 3035 3134 6663 2091 521 1313 774 7662 3660 245 7077 2897 3280 6866 2638 44 5396 9419 4097 203 5451 4488 7285 5743 6845 9582 6644 203 9114 8245 4885 8937 8695 4812 8898 4811 9847 1520 1788 1521 9249 5048 2119 5916 9430 4343 5447 5138 699 861 7037 7339 7909 38 9138 6253 6521 1400 9596 4047 7739 4153 9923 6624 3145 1154 7660 1727 3243 2597 2989 6682 3648 2487 4055 3767 9338 9973 6278 9229 7372 5262 8961 9846 4258 4369 9438 4131 3406 3170 8285 7344 2826 
8611 5470 6957 8071 5587 9718 7395 6917 1564 8706 1333 2545 5902 9001 7313 8193 121 2887 1548 21 9243 5591 8054 5252 6184 2507 6170 4138 9707 8443 1050 4936 8146 8049 6613 585 3803 9939 6769 843 1286 5478 5865 6529 7153 6418 3356 7261 6862 493 2425 3786 4207 6610 223 9397 8240 1055 998 4409 8875 6490 2234 8764 3659 8352 7028 4059 6476 6700 7008 5789 9715 2092 1002 714 8290 8301 4905 1566 2847 4802 2650 3951 8851 3893 9573 5609 6684 5544 7236 1727 7986 3739 3999 9153 1164 3163 8592 8497 
1080 4890 552 4554 4556 7493 6904 3576 2512 5324 8877 657 4804 7846 7303 5278 5004 6540 4158 8547 1541 6865 5084 3477 3166 8636 6441 6324 3354 5524 611 2798 1647 2601 8299 6455 6991 7370 8956 4070 1615 8995 5717 3762 2339 2565 7586 1945 5575 9460 8298 9913 2608 4677 3494 544 3421 5379 4847 5958 5759 1932 5525 1061 6069 4910 3917 5096 1717 3931 6025 595 668 7716 1909 6750 2619 6065 9319 1549 8660 6799 7968 9183 615 5509 5657 4502 2407 5704 9597 1769 2381 5268 7842 3931 280 2480 5926 751 
7194 9303 8361 3678 768 9772 8787 940 1269 8533 5676 6427 4804 1924 7629 4748 2341 3002 4480 2187 7864 4441 5471 5017 6699 1593 4790 5913 7888 773 1676 1570 7818 3419 8992 3729 7289 2746 2989 6234 778 936 3519 8107 8532 6121 5784 8705 1976 1973 6957 4678 1269 7428 1050 1241 1513 6554 1800 2633 5586 2544 6279 2015 957 2315 3284 9357 9743 686 2530 5109 4508 6380 289 9805 5308 2623 6898 4967 522 6457 4359 6689 8128 1188 4299 7233 6477 564 5885 6988 4239 75 1263 5067 7684 8725 5337 7993 
9552 7108 9457 73 2111 507 2931 5053 7596 5881 4246 2803 1770 9399 9593 4414 7625 1245 2432 6818 3227 7038 789 6495 2187 3442 2705 6078 1102 921 4184 1169 7422 7603 6507 2643 5249 2088 6909 1009 4891 8647 7464 9999 2031 2798 308 8616 9296 2768 1943 2368 1941 1975 9570 9122 2398 2801 6563 1707 6109 9680 632 1667 3026 1747 314 6459 8831 9768 6655 2867 864 1407 5696 5994 9241 6742 1057 2603 1438 5802 1719 5514 2402 9818 5680 5462 9480 5168 5735 2997 1762 1637 9042 1978 212 4587 9660 3097 
4219 7625 6576 3097 8822 3294 5954 8077 1021 32 6819 8341 1812 2359 4655 1592 8067 6096 8925 7946 9920 7099 3184 3897 2427 5586 821 1575 2169 4981 2037 765 9969 4610 1744 9033 3159 9994 3735 435 3062 942 1904 1703 610 1435 4795 844 207 4230 1177 507 320 9416 9510 8023 4643 9438 9543 5979 6200 610 1663 5879 4236 3450 404 8860 1726 2837 6997 8106 4447 3631 1647 9093 1542 2777 3346 8956 4070 1615 8995 6380 6437 6538 9348 3427 4390 5253 407 2193 1713 5412 5670 5247 3569 1001 5591 5235 
9625 8545 2881 9361 3579 8018 3130 9854 9703 8626 3241 1475 2558 7803 5720 520 2 6310 8717 3823 1719 8811 6762 9217 2192 4899 6971 1406 4037 4480 9858 6313 2299 888 192 4265 9653 3033 2909 1540 7750 1537 8817 2617 7642 4198 2244 8222 1030 994 7432 7319 1963 3589 7961 5953 6199 805 8151 339 2412 9830 7408 6349 7133 5101 7406 4788 5086 9589 8256 1928 1758 3690 5337 4988 4919 3651 2732 2264 5406 2416 8441 517 5225 5481 1788 3018 5384 7572 1103 3519 6832 1464 5258 879 1402 749 5625 7526 
8451 6378 5060 8148 2051 7182 59 1045 6829 1956 6961 9023 5339 399 5401 4678 7481 1507 7427 769 7735 3305 56 4025 351 7028 4477 7228 4285 9074 1763 5189 9690 5484 5211 2906 9965 6076 6183 6439 3345 3562 451 8772 5166 3832 1281 5065 9987 2843 1421 6353 3833 4283 3096 7166 1571 6641 6679 9672 3714 3935 4266 503 8746 7949 9413 9318 2617 730 599 2399 3717 9729 260 268 7437 6183 1333 8471 4630 9398 3743 5106 8187 2582 5086 5794 8428 6535 4771 1662 4399 5053 6511 463 2328 2292 5666 9968 
9691 2919 7524 2042 8552 3726 844 7984 8756 6457 5542 4479 1191 9232 7006 2348 3727 5684 9412 9884 9509 7934 7063 8988 2289 4699 5166 7048 639 1241 8087 3948 6963 8471 9042 5696 7730 6943 981 3231 2290 9691 8223 6984 696 291 3522 1237 7721 8235 8565 3232 6848 1570 7014 3186 3516 7934 5090 8573 2672 5027 5772 2496 8207 7535 4021 8338 1331 1122 4302 8836 8472 6495 7556 9087 357 8303 6950 3010 7240 2911 5671 1351 7462 3995 1620 6961 5939 7993 6387 9358 5589 1556 8333 8333 4284 3410 7115 7303 