2394 4689 205 102 4740 6526 1924 3628 6481 1961 6951 8016 9714 3588 2569 3340 6450 7381 3589 4520 1522 8382 2976 9408 9747 1232 1343 1094 1325 9753 1022 6009 8937 2649 9656 1294 1247 6878 8825 9414 5024 4031 3476 2825 1264 9478 5211 8507 3593 0 3660 2926 5096 9112 4585 4848 901 3848 3336 1996 2009 1478 1287 1625 3818 7522 6825 994 7184 6872 6560 3024 4983 1859 9707 4671 4967 9940 8282 1618 302 2867 2026 393 5884 2582 1005 3977 1495 7613 6839 2443 8646 1894 8866 3027 5789 7224 1777 4702 
18 5313 9055 3896 2433 5014 4276 6648 885 7269 4136 1664 726 820 3789 8552 9012 7261 4792 1130 7371 404 8860 2649 7554 1906 162 611 9239 3409 9093 8299 6455 2592 1615 1599 3246 2339 2565 612 8602 5107 1853 8549 9460 9882 1512 3449 9149 6448 2489 229 6041 3335 4847 8606 3583 3147 1061 1151 1754 5106 816 1698 4348 9737 4021 3163 8592 8497 4890 4963 9055 3526 4620 2008 4130 6329 7651 3730 116 1867 8055 9788 331 3236 9487 8816 1284 1384 7186 6594 4606 6846 9157 3380 4926 1263 2415 4348 
399 8604 426 7728 1876 4581 2684 9716 6441 1791 7826 5795 9272 3129 5661 4314 9888 4901 1411 3564 7376 233 4440 4456 8599 5147 1681 47 2214 7427 5019 2194 1846 4395 4359 6659 7987 6807 8538 6265 6247 8897 6793 3508 5141 7305 9831 1642 733 514 2218 5363 7259 5609 9325 6684 5512 6394 3165 5586 5212 6055 9176 1599 2339 2565 612 7319 1853 5575 7088 3858 9882 2608 4677 3449 1913 447 933 9230 4830 5180 3365 6928 8903 6122 4372 3109 5469 8474 4714 9294 2494 5774 7686 9422 6452 5390 5762 1805 
6536 2222 9533 8336 695 4365 1991 7892 737 1279 504 590 9486 6749 2355 1676 9340 519 4374 3631 6845 714 4981 1304 6640 1363 1841 492 2692 6530 5625 8206 5007 7546 7705 1878 2854 224 1268 399 1046 1500 7645 7309 7168 6757 625 4718 9694 9729 8853 3068 6607 3913 307 708 4409 4405 8318 3814 548 5045 5921 3914 3316 2903 7654 839 7018 6554 7826 7217 7719 6948 4056 8744 4684 990 5029 8088 716 6991 9230 5180 3365 7671 1580 6122 7045 5469 8119 8576 743 7508 510 1597 7387 6423 4280 3478 
1038 6616 6994 7826 6271 6471 4191 6616 8522 6024 6863 1075 3189 1580 2838 4542 4330 8474 9294 8232 1622 58 2209 8860 1366 5678 1671 4248 3916 4479 2818 1374 4094 1685 7519 7132 8080 2227 5854 7964 4859 8512 4372 9383 1188 510 7300 5712 6945 6649 4684 317 1622 9058 564 1587 9750 8012 7047 8897 2328 1205 3365 4231 2661 467 2202 9532 2991 9907 3754 2043 4847 8142 9400 1751 9140 7381 3990 7191 56 3150 4325 9737 9485 7876 9219 6371 6995 8055 781 6247 2978 5646 7823 7787 6676 1349 1526 7253 
1778 2425 4037 1592 5767 1573 8797 3213 8715 9062 2016 4106 1548 455 9707 2708 682 3496 9843 6282 3408 1499 488 6981 6848 2085 68 8144 1939 1988 708 4289 4206 8531 5711 5139 5698 8604 3816 3884 2252 850 9464 3480 6755 645 5496 8764 5943 1891 6487 6883 9553 7576 3072 5975 1222 2662 505 5085 7946 7856 2826 8611 2907 8945 6149 8071 5587 1816 3454 9718 7156 7395 9476 6917 6354 1564 5254 430 4390 8706 7470 2994 8015 1324 3111 1302 1212 4768 4244 2155 9689 3761 431 4068 8117 3415 5669 204 
7859 5319 175 4652 4777 1124 6238 9904 1750 4934 1288 4888 1092 2703 768 2818 7934 4971 1905 8455 7767 1124 3241 9506 1476 5481 7824 1003 4475 1150 9569 1654 5230 4824 1952 8991 5421 7458 488 6848 2085 68 8144 4045 3693 2555 1788 8421 5112 7572 9269 3843 7039 2389 1464 4945 3273 8159 155 1372 5036 1485 4002 7263 9719 2869 2786 6216 3425 1249 3597 8505 272 1461 8409 2351 1572 7742 2944 4344 8937 7027 8158 4646 9442 2304 9719 7065 2457 764 8930 501 6232 2597 3646 8496 2163 425 5671 3958 
9277 2420 9625 4205 4032 4442 1220 2510 2430 7867 7074 9304 5889 7464 4447 3117 8160 713 7259 4927 504 7875 5073 4569 1570 1875 8462 3232 7161 2131 4712 3250 3547 2398 6375 4205 7812 5665 8557 9657 8231 9856 9134 5064 2196 9323 3673 7468 9955 5070 6886 3839 9023 1744 2043 6832 3380 1133 8015 6233 4663 5682 4150 7017 6878 1417 1467 141 2531 1298 7073 9040 3746 702 8229 3217 2327 9385 1355 9333 8042 5001 7570 488 4091 507 3165 970 2324 5913 4871 2428 9778 6353 2190 193 6459 2651 263 9436 
5106 5117 8329 9371 7938 4069 8646 4206 9817 9384 7780 5746 7969 5566 8860 4569 7332 8690 9953 3937 5946 9841 1155 7939 4855 1746 8657 4927 2679 5980 4232 8152 7962 2891 8516 1259 3469 9565 1377 6497 6576 9328 9481 1095 2795 4338 7090 18 1084 8512 5126 9560 8062 7715 8010 3073 2948 2310 7458 8764 5798 5838 6292 1753 5938 8583 1196 2512 4470 9431 1622 1005 2490 9505 8880 1306 4330 1879 8024 5237 6925 1948 3496 6282 828 8640 488 6848 5320 5060 8664 3617 3599 8424 7225 9146 1791 283 7274 9530 
5762 2159 3090 9125 6818 5585 6428 547 5625 9481 7205 882 419 1374 8395 846 9473 4653 5227 856 967 7163 1719 1098 7621 2694 4351 6776 7225 6002 722 47 4949 6954 1394 5778 8640 3708 5482 6954 4758 5574 7773 9133 5568 22 2832 2780 2063 2540 1763 5401 8804 2427 1725 9085 4266 9840 1628 4766 5824 6308 1465 6428 7676 7951 3855 6973 3896 133 2979 7999 8200 5427 2500 8885 1087 9050 8909 1075 2162 3044 4201 7212 2257 7337 2664 8030 4269 8034 4896 9532 4109 472 5517 7774 295 9735 510 9683 
6925 3792 6109 2120 3896 5751 8369 5916 4130 42 4878 6317 8571 116 8558 1867 4712 309 9188 2694 6082 8687 1470 263 4942 4973 1487 1126 6049 7583 8381 9983 9700 5419 2887 922 634 106 915 9053 2112 3127 1055 3768 7312 7739 7091 6021 4244 4988 8380 7011 3132 4700 4561 627 2696 4681 9007 2293 2053 419 2070 4215 1858 963 1710 7247 8204 5511 5487 1623 2924 3816 7335 2252 3770 3062 8549 6755 8764 6739 6891 6487 8311 7045 3752 4065 2049 7746 6546 6616 7971 1280 9729 1437 8978 8564 1400 4391 
3191 6045 7403 4643 5294 9897 8787 3492 6368 6630 4994 8203 5985 1413 5712 3974 8023 9167 1062 4703 800 3267 8945 1884 2749 2308 7759 8991 9155 8806 5134 5409 1867 9322 2970 8213 7759 3562 721 8065 4316 5143 845 3661 34 3433 5477 8496 2712 8102 8895 2061 9947 342 8573 5475 83 9575 3118 7617 4163 5531 3513 6873 4534 6023 2539 7584 2573 9643 9661 3005 3514 2485 1081 3655 7407 4604 7719 8816 1913 8873 4257 609 4354 5957 3123 632 8457 214 4810 8497 9106 1616 5497 2864 2143 4160 8956 6540 
7671 6928 5560 8903 9862 9616 6122 63 7045 3109 4330 8474 4714 9294 1611 5663 2468 5663 4729 8090 9788 9214 7987 8052 8538 6265 1929 8897 6989 3508 7847 5478 5839 7897 5609 9931 8170 6608 4577 7676 6384 6932 6284 625 780 3892 19 911 1368 3818 5584 7924 6570 4751 8361 8861 9953 5916 9589 3993 6041 4184 4836 9410 5939 5775 8118 5988 7945 314 5702 7161 7706 7225 712 768 9638 9999 4222 1200 201 3605 4049 7931 1761 5449 8312 8259 8120 6832 6688 5604 9127 9256 7131 1633 836 8814 4265 6937 
6777 4500 4582 4838 3048 9542 3056 9205 6504 7269 7392 9640 7164 6278 8341 1596 9275 9229 5124 8180 4258 9549 3941 2445 7971 2242 3821 1499 2336 1896 3320 4412 4066 70 9479 6983 1570 6886 6021 1958 2557 4003 7498 3232 4574 5425 9620 7304 2581 2232 5492 2244 63 4263 6672 8309 5514 9267 4168 845 3869 4241 9543 3563 34 9903 8103 2721 8496 4137 8353 2712 8691 5799 5020 5613 5529 6798 4135 2802 5352 5417 8358 6475 6153 1522 1925 9912 6462 7606 6024 2322 5249 9449 3817 1970 9048 3493 9769 4477 
163 3356 3384 1923 3374 1764 6370 1849 7971 3166 117 5008 584 5976 2762 8953 8327 718 5993 2296 3572 5740 2797 5427 5108 4265 8153 9660 7196 219 2769 6755 287 2712 2511 9942 1854 1109 5737 1445 8007 1802 1937 9043 5576 7121 1639 7308 3415 3312 5440 1916 7212 1932 4751 5537 7109 4574 6067 3511 6958 1042 5465 4868 7829 6896 1764 8904 3728 4251 1252 5927 1008 7298 547 2511 1354 396 7468 1152 8850 8163 1819 2660 4157 6210 3512 9383 1602 4896 3006 9405 1763 1097 9273 2278 4522 6436 732 9213 
405 4317 525 7129 7774 9631 9202 5790 6729 6094 2328 1567 2810 4190 8096 7774 5074 6091 30 7163 6984 2573 9733 8496 6793 2 8394 1956 1318 4875 6217 9778 5867 3253 3493 4999 9717 6332 2555 8295 3453 2441 3463 6331 4139 438 3646 2375 6891 8530 2522 7985 8710 4260 6334 445 9556 4880 9579 6132 6924 5277 1988 8198 7515 921 286 4944 2442 3273 8153 2245 6046 5753 2298 8472 4594 4729 300 6929 6526 7363 5227 422 7902 966 2119 4194 835 3243 8621 634 6365 5632 6472 4627 7196 7419 823 3864 
3211 7711 4475 3604 5916 5056 5296 5089 50 4213 2282 4841 9363 4653 7508 5689 4544 884 1666 3345 6961 1171 3008 3034 8418 862 5591 1416 5732 1486 1765 4015 5174 947 3947 1937 6213 5127 3789 3451 1569 9761 4646 149 2204 9950 1983 7715 8082 5984 4431 5036 1212 4868 946 9718 8247 5010 8773 5128 3199 2479 8801 6564 4016 9023 6410 4133 3439 6776 5877 8492 3851 1657 7994 4066 9220 9187 4624 3667 4522 6511 2768 7170 1875 2386 799 7290 2829 8297 1108 6917 3150 3521 9262 8363 6223 1319 1984 6101 