1262 928 6934 1314 1442 2133 2360 6556 7686 4237 1571 5897 3713 6672 1497 6372 1294 3044 1309 967 392 8685 5358 4560 5309 2436 4705 5589 1097 6040 957 2455 8025 3984 7756 3977 4372 3944 912 2725 3499 2734 854 6069 2578 9011 3521 8891 833 9614 9491 4973 722 2074 3138 6333 6240 9902 706 6633 1021 6934 7465 8983 1659 7626 5401 2101 1125 1300 3919 3265 3199 1303 4450 7864 5866 6607 3873 1807 4638 7762 3182 1605 7210 4780 2647 9990 9309 25 7129 1203 4055 8770 6967 8583 7950 3977 2723 4225 
3528 1161 1087 1645 9647 2039 8862 7198 7199 2178 850 4558 4883 4731 8021 4699 3901 2737 1934 7951 9786 5884 3782 536 2793 5493 9006 2352 2851 6027 2984 5814 572 6002 4444 3058 6441 9446 7127 1754 6232 6787 5812 2742 679 717 9246 947 7958 6495 7659 4158 9157 9659 9274 5745 5510 6739 3834 8689 1280 939 3742 7832 8770 1300 2056 4719 6474 5214 5047 6750 7359 2216 5437 5931 8606 4302 4333 977 1644 5382 5184 791 2714 7543 8111 7274 287 1931 2156 9929 4983 1730 8756 8617 6900 2094 7424 2255 
2418 2745 8662 8305 1962 5730 2066 5842 2024 3608 3883 6301 7185 773 4680 3292 658 5872 5828 251 9690 732 2189 9125 1675 4831 7055 775 2488 7281 9257 4302 4415 3583 1428 6007 4948 3900 8969 2820 4865 218 5600 2171 5139 417 3634 4614 4099 1802 5392 257 2176 2066 2863 8316 2005 9834 7171 7789 331 5922 3315 7258 3796 6378 3068 3267 404 1931 4027 4999 1967 5567 3492 5517 2080 5223 2997 5953 1874 7596 4340 6330 1817 4392 8999 1582 3294 2284 4016 9122 5213 5571 2396 8596 9807 109 5448 8676 
385 1516 1505 3219 8731 5961 6881 2716 7937 5636 4072 5489 3544 3977 1777 2167 6456 6165 5305 7655 9927 2377 1528 8033 8378 2178 4289 2234 2759 502 8694 90 5632 5423 6495 3077 6203 4726 9603 2316 4695 3074 5688 4545 3720 429 4462 2934 2386 133 2925 7211 7557 5154 6313 1552 6785 8602 3530 5916 2121 9974 7072 8494 5585 656 8896 2232 7788 7271 4984 2132 5105 7314 6476 8432 7930 1353 1460 1624 2923 2081 9715 4905 6451 4774 9005 3388 7250 884 1312 58 186 713 9091 1575 7571 3599 4412 6948 
7638 8447 229 2516 2115 1607 806 7956 1066 1307 2270 8288 905 2320 8530 5688 5977 2816 1484 3188 3534 7963 6145 8577 9840 8492 5891 7153 5264 1593 8491 2636 9010 6001 961 9770 5660 5100 6946 9394 7392 5675 1234 8138 5373 9923 4716 7111 3927 9793 6689 3709 3576 6567 1008 3957 2651 3561 2045 9955 8184 4752 1572 9832 9595 1350 5109 4858 6533 7716 6204 3131 6966 8593 7787 5537 3735 7231 6376 6009 4643 4069 2018 9384 8847 6097 9747 6417 8038 1887 2232 8241 3516 4770 26 5326 9969 6124 6069 8025 
794 1493 12 9542 4599 3382 4789 9149 8341 7408 8104 8394 1690 2045 9864 9679 7855 9331 3963 1613 1008 8480 4465 5179 3647 1008 6965 9697 8776 3451 2833 7319 1662 2492 5026 360 616 6192 3869 2474 3518 1256 879 4481 6804 8996 9047 1999 6249 6747 7952 1238 1347 8385 6526 5139 9169 9211 3414 1018 91 9577 8532 7426 9967 9507 4318 9105 1881 5284 730 8911 6739 867 7145 9581 8513 9867 4338 8511 5068 5525 8717 7358 5052 5316 4953 2962 2224 3625 775 7466 6355 3483 8678 8359 3705 9076 8682 1909 
7590 1870 2602 775 3334 2286 7549 8520 251 2833 791 7643 4133 7531 3 6716 5598 1081 3258 8560 5297 3 6222 4914 1129 5809 612 631 2304 731 9498 3983 2726 3479 7251 9099 4710 3290 862 4755 5888 3173 9812 7607 2485 5283 7553 4958 9551 4831 3125 3951 5409 9776 7459 6501 2418 8972 342 7342 3412 9911 824 4908 3674 3085 9464 426 6934 7392 4227 4163 8849 6241 3719 4524 2543 2616 9328 9053 8455 6150 3873 8214 4590 6223 1474 2440 3367 4708 5066 7104 3774 8482 5732 8322 9433 538 847 7090 
8969 4638 2686 825 805 8416 8309 1324 3949 7877 6361 5247 3483 2513 1607 6890 1221 4203 6548 289 596 5289 868 7372 1204 1750 3910 3798 9597 465 8034 323 4315 5022 140 8425 9685 9860 8407 9633 3313 5052 7096 6904 6230 216 6696 9275 965 4186 5212 1984 4181 6743 9380 1059 5881 4881 1729 3075 6893 3361 7262 3318 6706 1021 2495 8978 1376 2415 1987 404 311 3369 9170 5986 6390 3860 7372 4020 4078 3742 6809 4690 6067 2708 5192 9072 5115 427 6272 4535 7379 7744 1454 6921 5568 6593 1786 4823 
5654 1683 7575 400 107 5215 5403 5619 4097 414 8459 6213 4057 7531 5912 4114 7280 1041 6992 7687 1818 3603 3983 0 19 8819 92 1836 2660 7301 1313 9631 4538 6786 6374 6586 9092 5805 2591 7737 6790 2201 4932 3987 1116 4552 3531 4446 8912 508 6953 838 2486 1773 3622 9457 703 303 3133 7634 6287 4451 1890 4371 5383 5955 1533 4393 8430 6532 4972 3751 6404 2592 3818 6366 4179 1878 2828 8155 314 7785 8588 9888 5695 8420 1049 1712 7123 3069 1224 6231 1662 2718 7528 7467 8304 6582 3503 8873 
1362 708 4721 2705 664 4622 3536 2816 4063 6303 6849 3751 98 9865 5084 9010 7451 8297 5193 2594 3106 8545 1491 4817 7154 2422 3258 6052 359 2840 8397 0 2739 1761 5732 7468 9886 9474 3294 2700 4076 2679 2686 3405 4867 3351 90 182 5109 91 4451 6351 99 8617 9574 9118 6640 6719 7027 5840 8294 8824 5702 3863 8305 5024 8034 7776 9792 1373 4649 7707 8298 2392 3928 5672 1090 7850 6885 624 2321 7986 5766 5992 1951 8317 1782 9169 788 6093 226 4443 1748 8933 1691 6904 2997 8596 134 9223 
278 8081 572 2339 2102 9851 120 5560 3286 7570 1798 7069 4954 8552 970 1440 5257 1559 9176 5312 9518 2951 9089 4671 8469 2596 7926 3911 6453 5268 2231 8275 7290 5919 7685 6633 988 9211 1448 9127 1116 454 6735 1699 7749 6412 6747 4219 4673 491 4375 296 9136 1394 2285 1290 2931 9245 7151 6289 1090 40 4189 4067 1906 4762 4422 5188 6253 6927 8750 9086 991 1562 5869 1425 8211 315 3229 6662 6818 6781 6803 8125 6746 3034 4010 2689 9029 3407 9171 217 9873 4150 2758 9251 2212 6250 3228 5273 
6067 4302 9474 6498 3282 8112 5187 9676 6293 1450 2468 3327 9301 4924 692 7642 6348 9244 2887 1165 5640 3830 9181 3513 6730 8007 1337 3735 6553 3863 7783 7455 8951 3051 688 1838 643 7804 8088 6879 284 8467 7625 8263 4334 9226 9316 9879 5846 7364 4561 1423 7761 2559 5184 2970 2428 4928 8138 1195 4457 2696 1862 829 5068 9788 640 1400 9808 1883 6413 3673 5075 8384 7447 8053 2935 2091 6102 8660 8365 5572 8111 5812 2425 3399 9065 103 2223 7441 3073 1186 1231 7677 9281 9339 3222 1820 3807 542 
763 6435 9809 8773 1255 3561 1762 2222 1310 470 4519 9668 7120 7410 1803 7690 3596 9166 5437 3150 4808 7914 9567 2875 7533 6380 8705 7330 9361 9197 5136 8428 3011 7261 8115 4115 8327 343 6145 8382 961 914 3842 9635 4262 5682 8528 7413 4613 3396 3494 3340 864 7706 430 4600 2344 9013 9388 5636 1725 6072 2042 2783 6467 4554 4943 8980 2934 5586 8917 8495 8187 1621 6389 1010 5520 3470 3378 5458 7791 2500 5577 1635 7349 6483 9095 9513 9552 9111 4821 5971 9947 4067 511 5688 6900 2116 8772 1938 
2780 777 7396 4579 1709 156 3344 6801 2991 2087 9436 9034 4535 208 4482 627 384 2667 7284 2299 6057 4237 8498 7985 7707 8107 8916 3911 9112 4823 1933 4405 5711 2141 6545 2768 4663 5435 1947 2676 7505 3266 7543 6415 2002 2183 1944 9329 5876 1506 7972 3580 7374 2701 7593 168 8382 231 4473 5213 7536 7318 2638 4273 8147 4753 8012 7568 4493 8477 3630 3828 3884 287 1207 8885 1264 5148 1813 6545 2962 7136 9289 6222 9024 3612 127 3570 3588 7482 4618 8367 2798 8995 8673 3278 4423 3907 3755 8708 
568 2896 8566 414 7828 2848 3907 6683 3570 9301 7065 9808 8929 1761 9143 6974 9845 5817 5614 2061 5638 6443 746 8079 891 6597 5971 7121 3971 5885 2467 7427 2707 4100 8929 6095 6986 4272 67 5770 8950 4661 69 9296 2776 4353 3396 6131 8677 7269 7367 9728 2891 6018 8029 4195 9765 4841 4674 2375 4411 5972 4493 6126 8296 381 4320 831 9777 7685 7951 8077 9051 1541 1376 3084 2477 5673 1610 9296 4647 2285 2385 6814 556 5815 9827 5911 2804 3048 8583 7201 620 7407 4547 6819 7751 2035 5299 8793 
1842 930 2730 2788 6284 802 3256 6736 8286 6208 7659 6687 8722 6669 6170 5658 9652 5732 5728 7631 2032 4166 5585 3516 6024 2697 7902 9434 7818 256 4422 8451 7552 1091 8283 5199 7231 7449 1153 9991 5736 5304 4417 4504 6837 9277 205 3727 4765 5694 9496 6408 8896 2856 6457 6308 7201 7280 5642 7681 6586 3846 8948 6035 1206 6910 2478 5820 1462 3275 6522 8834 6698 7905 2940 1946 7767 8844 2028 1099 2012 3628 7796 4972 5866 6706 1077 4334 4515 9874 6628 9471 5625 357 1640 6330 4016 8183 9483 419 
4475 8290 9473 3609 9468 7524 4423 9648 4183 9190 2796 7943 7704 4902 5074 7216 5773 4453 6020 3676 1827 4070 4455 6478 8064 478 1131 259 8789 8962 8807 4619 2860 1699 5660 5807 7024 2216 6127 8785 3092 5906 389 699 2433 1136 6458 5612 2072 4973 1793 8007 2307 1997 7978 4613 6477 123 8910 7219 5581 5059 2199 9926 3729 5376 3208 925 9785 3169 8185 667 8618 3878 8649 3659 4812 8090 2689 9957 5261 7447 2862 4065 5690 9483 1425 6009 94 5645 7000 1013 7526 5303 3308 2790 5754 5129 7057 6516 
6944 7905 1680 6689 86 6790 4801 439 3260 1837 5813 5924 4017 2180 7144 6015 5146 250 6649 9737 9034 750 6639 2464 2814 6754 9987 9950 5965 5428 3718 6450 9041 2699 8992 1877 2342 6161 521 7447 5922 1313 7299 3250 9096 4512 2358 1198 266 9264 8880 1756 8696 1635 8557 4138 982 6664 8797 6165 8714 2934 8666 3627 4498 3029 9806 9694 2505 4473 8412 8812 2807 4423 3494 4921 9809 8401 4412 8491 9906 6434 1556 208 3927 8196 5762 6135 1503 8677 5550 2582 1737 7499 3508 2478 3817 4476 1197 7841 
1227 8849 3071 3799 6202 258 4195 4595 5748 6069 3759 2036 6225 9760 5617 9159 6054 3217 5649 3618 7598 3790 1698 3815 1014 3066 8625 1626 9243 8314 2762 7098 8906 685 3822 2957 7529 3668 1088 490 315 7387 5557 4888 6379 5042 2891 9481 5664 6430 6835 363 8880 647 4400 2000 6448 8885 8940 7635 9651 1930 3001 9815 9268 5403 8816 5265 6278 2896 8295 660 7300 3421 8743 5476 9379 8417 3317 4934 5594 7846 5278 5215 6121 8741 4158 1642 8547 8647 4355 8636 6441 1534 3354 8425 8076 5545 2834 8363 
3542 4664 8193 9054 1534 8764 4640 1960 2926 3955 6768 6288 9465 7541 3510 2047 2533 9739 8573 1691 9267 2704 6643 5308 891 9979 7021 8023 4061 8679 7735 3357 433 5214 9213 3205 2208 3991 4690 6008 6313 5010 8775 8217 9333 1811 4941 8376 3745 9753 5197 3085 5919 60 1671 5445 7786 6792 4830 147 6630 1011 3380 5017 8106 6012 84 7683 2978 7117 4066 7798 399 2737 7938 2130 9997 1460 8577 9398 9431 4670 7178 3883 6242 9477 5498 5212 3958 4969 6763 855 63 2468 3329 2903 2497 1208 4077 8347 
5533 3349 5649 2863 849 6654 1781 3999 2539 6608 9363 9153 7676 6384 8417 4026 5922 3425 655 2136 4796 820 3360 5253 2929 6957 7487 1499 3720 9189 9701 4726 3454 3788 8438 6709 820 7752 3789 1111 973 7261 9988 4792 1130 5879 3450 8860 7554 2837 6997 162 8106 185 406 9239 6722 2601 1369 1542 448 2569 6499 4527 6792 55 9967 1640 1845 4494 6062 2265 9065 9530 7987 7842 6876 3723 3778 2928 1907 4075 4463 7611 2216 3614 9112 9173 2334 8742 1892 891 3511 4334 2815 6246 2885 7427 9593 1927 
670 1505 6915 788 2539 4977 3745 2198 1175 1057 7339 5866 4757 612 3280 8508 8691 9412 5232 5145 8785 5619 4474 2713 3795 5866 7822 6141 6920 1394 775 4108 4346 9355 1830 5783 1632 5793 8170 6686 733 5193 470 2671 3594 5424 1041 3491 870 5603 6983 1182 1293 6487 8383 2162 8157 319 754 7381 3375 3800 679 1006 8537 7816 2066 1382 4959 1190 1205 1475 9050 6038 981 3427 2074 5916 4130 4878 8571 3389 9788 6413 331 3236 8816 1284 4436 8853 6607 3545 708 628 1363 304 7416 5100 5106 5228 
2317 8456 6430 4108 9402 505 6023 482 6868 3930 7297 1805 622 7730 4422 9902 4953 3984 9955 9507 3967 6832 1564 8295 6914 1431 4709 6516 4954 2702 5592 5557 9790 9814 2466 7032 2808 2127 5529 5962 973 2621 6158 8015 9970 8415 89 8424 7248 8549 7066 7280 3251 3081 4713 2351 66 5557 3981 4888 9790 6379 3782 5042 9760 4126 2325 4194 1728 8160 5664 6835 6149 513 647 1522 4832 234 6448 2690 9481 9815 5076 9268 1197 2589 5837 5403 6589 8816 7392 3956 4000 5801 451 912 1228 8599 5417 47 
4949 1113 6360 1029 4014 4248 1054 5778 8640 3708 9628 5566 2938 2487 8612 142 4252 1306 1394 9896 7523 8253 8292 5114 8995 3333 1495 6665 1100 7412 4796 6902 8562 7315 2358 1906 3210 5108 8412 7587 4688 2553 267 6557 2495 9122 5323 4839 2448 8334 6875 5505 6244 9291 2862 1922 6169 5969 5172 9490 3087 8307 2879 4530 7379 2625 7433 1233 5915 1658 5546 939 7569 990 8439 7489 4038 733 7503 3002 7259 5609 8438 2163 1727 7986 9590 8170 5895 3253 3191 725 7091 7939 7411 9655 6727 2803 743 6181 
5667 3208 3995 8962 2070 1967 1664 1785 2290 8466 5461 3780 8349 9416 4994 6446 9112 9868 8641 713 3784 2650 3866 9004 605 2766 5052 6866 7534 1601 5928 2134 4140 9496 2033 9554 6144 1864 6451 3557 8990 2760 6203 124 9220 8402 3232 1304 5582 7543 150 2008 6867 9107 5749 6279 7116 7424 289 6064 4861 3978 9400 2407 6948 6381 1924 5663 8596 3790 3152 2959 3268 8219 8934 7104 5809 6805 8037 2065 489 9893 8051 8399 9714 5001 5407 5224 6446 6185 5711 7118 785 905 5906 3596 6587 7387 4330 8474 
3654 2494 1611 2484 6265 6989 4257 5141 7829 4926 2218 5363 3349 8657 5425 3094 5159 8664 2668 7697 5871 824 5989 2215 6213 4374 9894 9617 2988 4569 3289 9839 6341 9709 7695 8042 2656 4469 4219 7366 4378 1682 8959 4669 9297 1313 9963 9908 4578 9170 5480 4479 1734 880 565 6067 4657 8116 3802 4495 7436 4197 6122 7698 2544 9660 5638 6186 3270 2787 2558 2370 6741 4177 8510 2425 1368 3247 9433 7420 4857 1314 8048 6499 7022 1288 7203 7064 5569 3347 6802 3783 252 7168 4808 8363 612 3271 3558 6679 
2685 59 7287 9186 7433 953 2425 5761 3984 9719 7373 8363 6848 1760 2535 5016 4065 3668 5938 5701 4862 5442 2374 5809 1857 34 4856 1832 8853 3068 6607 3913 7437 302 3753 628 1363 304 7416 9398 6252 2317 2582 6499 4746 2748 4686 7064 2205 4877 3004 403 8433 4597 252 145 8531 5536 4808 2318 5735 1836 1927 2883 6850 1325 358 4271 9780 7212 2500 7943 6222 9105 6252 8175 2676 1212 4311 9100 972 7051 2508 8836 1286 9093 3404 8857 7489 5008 2189 9610 3048 9236 6407 8583 620 5933 1331 8948 
1853 7580 961 9880 4897 8174 9848 2131 2771 8967 1664 4262 3520 5008 3088 2574 8684 4545 3327 6884 2481 5706 5327 5152 2978 3450 7986 1599 2228 8900 41 6653 6266 3147 4982 8858 7089 3196 5431 4855 6763 7822 8113 5042 3295 8974 1606 4885 4368 2400 6382 9772 5541 5898 4267 4366 8244 7525 115 495 6154 5501 3546 838 6663 3866 8394 6795 2537 1539 5506 4666 101 2503 6215 6592 1024 4602 2374 2933 1789 1711 504 6587 3856 6838 3700 6207 9553 9941 4191 2818 15 6047 7593 8373 2368 947 6461 391 
5386 3207 3593 6272 5928 9693 2134 4907 7943 2801 958 2342 2957 6550 2726 5578 940 4453 6788 2396 3923 3241 5679 1863 9612 8200 3350 5481 4060 7824 236 1003 4350 3991 7201 9569 8442 1654 5230 6683 4824 8991 503 9 5033 4971 2484 8455 1837 948 3605 5714 9858 7767 9522 9133 8433 9344 1191 8248 2457 4855 9861 1405 9471 3311 3197 7355 3736 3986 9674 5569 3039 3010 3328 5396 6903 4348 6704 4530 2590 7463 3676 8148 1564 4509 8295 8050 7819 1431 4709 1978 628 253 7220 4821 939 3295 8984 842 
2466 7250 3008 4578 299 8841 3581 7952 3941 9472 1997 1092 2108 2657 8237 3843 2129 1181 8997 3581 7084 3452 2173 3055 5725 6599 4131 3044 3873 7110 6398 5977 2734 7076 3517 5642 8376 8835 7542 953 9020 5898 6563 6743 9016 6897 4149 7799 4306 9412 5775 8869 3147 9843 6355 6541 1671 4689 3551 8208 7802 78 6081 9802 6491 5734 8583 377 3608 1393 3271 6206 3576 9936 7287 1133 319 5224 1207 2382 162 6532 8259 5978 3893 9419 1800 5065 8616 7735 1007 195 2889 7137 7289 9472 5489 2872 4470 7475 
4417 6837 3181 1297 7201 7280 9487 7206 4780 1206 6910 2478 5820 7000 7905 3406 1167 8225 3597 272 1461 5088 3699 2456 1572 711 1276 4344 8937 1049 8158 4646 9442 2304 9719 2457 5204 9641 1777 2474 2597 7558 8496 2946 6669 9480 12 1675 1937 4201 8711 3413 7121 4167 2311 9703 6792 3301 889 7822 2885 4862 1983 6228 7925 3903 2546 5637 9476 7215 9709 7932 2228 3064 5260 7787 872 7253 1778 2425 6197 9686 4135 3635 6412 9976 4162 6793 6737 8030 5215 7561 5812 2505 8834 3540 334 7308 7229 4209 
1527 9404 723 2166 1159 1719 9374 9292 5481 1152 4674 207 511 2809 3118 1983 5994 2689 4985 9911 756 4663 757 1888 1212 9485 5618 3172 810 1450 9862 8482 5532 7394 1179 6442 9293 3334 3297 6582 4883 9684 9481 5246 9 4862 2992 9575 350 1618 1788 9438 6847 7458 1270 6132 8092 2727 9412 5760 1278 8125 6746 1162 1298 1262 3720 7335 2576 43 5936 4496 9598 8797 7907 5039 4263 9213 9729 9944 8264 2017 7816 6514 2314 8906 4390 5777 7084 5696 8048 9984 4197 9079 5270 2591 4057 6186 2787 7970 
2370 6150 6741 216 4177 7801 8510 4726 275 2425 5205 7007 9433 9056 8415 5104 1327 4935 8961 5089 7035 5055 7101 4851 7443 6643 5793 9023 8795 2828 2632 2274 8741 3743 4545 195 1954 843 6291 4584 153 1853 9279 5297 3524 2889 7137 4711 2850 9355 7596 9219 869 6852 8038 2743 9761 7471 6937 2837 5010 6724 5622 7391 4802 1572 2491 2619 961 7813 3592 3911 9843 3307 9232 1624 6420 9593 3331 5287 74 7698 5359 7234 3900 336 6655 8382 7406 2807 6635 8894 3287 5061 4001 6502 3548 3831 9723 3313 
8762 1534 257 1714 3852 79 1814 5520 7128 1125 7900 2798 7894 4998 2282 6247 355 363 5406 3808 6274 2872 529 8827 717 8320 8195 1442 2332 3938 5087 6136 5289 3939 9407 3580 1579 3634 8363 8111 8382 3774 7212 8234 7639 2421 4054 4797 1967 4732 7610 9954 4046 4992 1030 2948 1594 3074 7240 5159 824 548 7548 1602 1425 3189 4104 6286 4488 9251 7880 9340 2449 3788 1742 2998 9172 2361 3655 4137 2696 3388 3691 2630 1939 6863 3564 7835 6254 6013 427 9039 6333 4215 5957 2279 6100 3069 7607 6286 
8334 1626 4577 8031 9356 2012 5094 519 3330 9306 9808 1059 9481 4552 1236 7465 3016 8121 1588 8528 7841 1824 9097 1832 407 697 6314 8630 5885 4731 6330 506 6275 1752 7037 8693 284 7575 7180 5060 9479 2052 939 112 289 2492 2 1198 7633 3657 5178 4152 8791 6185 9024 8660 7337 4105 8686 3285 2907 1958 2134 3115 2059 6563 5151 7610 8664 2799 5815 4976 4840 794 1832 8573 4493 5269 7572 5409 3082 4744 6835 5080 2944 4403 2703 2283 8440 6926 2347 1203 259 6656 6995 8673 7793 4092 8651 6558 
8351 5769 1446 4970 492 5543 4099 5361 6881 8426 6178 737 1588 1343 4757 7047 6169 7004 2027 7756 704 3324 1806 2348 9338 4444 5911 6005 8285 8458 1841 7152 8729 7668 9666 3069 6576 4431 6788 5373 870 3172 99 847 8566 4623 4888 4239 3745 4931 9296 6881 2186 8549 7420 8613 4104 8413 6795 8055 7205 2592 1239 3580 4583 3252 3013 8489 292 8769 7643 5974 3932 8685 166 4897 9491 7063 2524 6887 1274 5066 5993 5759 1139 6766 1017 604 1722 9447 1557 657 8613 3141 4326 86 7403 4315 4438 8942 
6553 9828 7738 6912 7136 7352 7710 3782 9428 2444 7724 629 9659 1662 4782 8923 6545 5895 4139 914 6421 7557 8567 9986 3929 7270 8006 1929 2070 573 4795 2311 2541 2913 9936 5849 5283 6308 5432 2332 5639 3595 2167 3674 8690 3572 7121 5593 9070 2515 8243 1510 9985 2090 4813 2327 3970 6526 5713 5811 8262 6814 5214 3099 8827 6301 6698 3905 1655 1381 5305 5146 9604 1793 9563 7786 9436 9917 9325 9011 765 5244 6915 462 1874 5719 162 615 3422 5276 9943 9858 8569 266 7760 1737 919 3535 8365 4414 
5308 886 7606 761 4656 1218 4456 6885 8934 7475 505 5405 3576 9665 8440 7859 8108 308 1672 8856 9154 4780 5028 902 2243 5413 4156 5994 7737 837 8371 1080 585 400 5939 1334 4015 7383 8345 7926 6501 5096 160 8577 3681 5541 9929 1506 5785 6959 6367 6358 4838 3277 3588 4499 3937 9373 5935 7541 5336 7866 3426 494 3189 5471 5909 2352 4165 3403 1128 886 9172 9429 5551 2778 2123 3069 9217 5835 7719 9040 4032 9152 5547 8686 6472 2667 488 1706 1147 7530 2188 1318 4734 7911 8668 3841 2174 9786 
1814 9330 2897 9004 605 4947 7521 8514 7534 2144 9484 2590 9496 2801 6085 9554 6144 5750 8403 6526 6800 5578 4453 6788 5679 9506 9173 4060 7824 236 4350 3991 7201 8442 5230 6683 5421 9 6380 2862 2792 617 782 4773 2495 6542 4174 8123 4206 5355 5972 1379 6915 9067 7902 1331 9011 8769 3044 1525 7627 1897 1874 9120 4780 7626 2385 5909 7953 1108 251 590 805 8548 3048 6840 9472 3730 979 2102 6768 5257 4906 9213 7397 7988 637 4741 7707 3776 1194 4668 3251 8608 1307 4210 1924 7149 5425 4658 
4490 2688 7697 824 3649 9328 8714 5981 9489 3338 1003 6227 4763 6591 5021 2822 3277 3376 9357 3427 9544 7230 1384 4729 742 2694 4906 7268 7146 8181 3815 7199 8598 6335 3494 3224 214 4912 8533 8548 3866 4834 3186 3637 898 56 3549 6919 502 9127 2370 9809 8569 2850 6083 380 999 3912 6480 1191 1935 9855 2511 505 9862 1630 1492 3849 7384 6673 8901 4589 6614 5699 4858 3622 3829 9925 2114 5184 1227 8042 648 2581 7439 3469 9400 6805 1163 2404 6837 9726 7497 4732 4296 9417 1352 7489 678 741 
541 2874 3650 7947 2553 2664 1123 3056 4157 5377 5382 3474 2935 2938 4561 257 2519 3457 4611 3157 1071 8815 7848 7637 7045 6641 1016 4681 989 2401 8097 8854 4256 1144 6131 3256 197 259 2653 6210 118 4772 3579 6495 8222 7230 247 646 1669 5622 3543 9038 8819 6438 2953 10 8366 692 260 7366 8305 6023 8878 2086 8546 4143 259 9782 8759 4031 9443 3587 1131 4274 9157 885 4745 6973 9399 6597 318 3210 1354 2172 116 9788 9358 6388 5101 852 9273 9381 856 7163 4228 9302 5602 8905 3491 7704 
6726 326 4288 4798 5791 5497 2194 2468 286 6814 3709 2702 9487 8816 1284 4436 6950 6962 5533 954 9512 8701 2758 5192 7083 3115 4554 7493 3576 4856 3676 8393 3337 7303 5004 5556 4158 2162 1541 9855 1055 6870 3358 6929 3549 203 3842 1534 3354 9652 8076 3424 5545 2834 8363 4664 4342 1299 807 1062 4054 7923 2367 2634 8293 7098 455 165 3447 6542 5774 4641 2025 3172 416 4314 3669 713 9842 3074 8194 235 7517 6236 9171 8413 2447 6428 5162 4606 742 8551 7951 7697 3855 8040 3816 7882 6973 9350 
7309 6290 3896 3807 133 2340 2979 5893 7106 7999 1905 8333 2806 5427 8743 2792 9765 9620 5635 8517 6017 2374 1910 9322 6542 1584 4565 6684 1618 7004 1413 8720 6094 6974 9857 4186 7555 9165 1327 2580 5705 9389 2885 7206 1258 8911 9899 5871 176 6983 8353 9000 4173 9050 2097 6376 3562 7443 9434 4072 1841 4248 5513 160 1231 3211 2877 2968 5238 3072 3540 6795 4509 1435 7109 9809 4153 6338 3809 6574 44 5476 4097 451 5451 8991 7285 5743 2560 179 6210 8222 247 1669 4700 910 46 5391 9973 8350 
712 9437 4828 8546 256 5807 6104 8726 6724 2319 9018 130 7174 9400 9924 8471 9417 1873 428 2976 2011 3842 1029 9720 132 7496 543 2776 5852 1716 6399 9285 9778 5342 1195 5174 6890 2032 6596 9347 6696 4327 2916 8553 9919 3558 9179 8352 7813 5361 8537 4345 8930 6248 8217 1228 7025 2709 9965 5328 5496 32 7491 2380 9194 6212 4699 5867 2092 8178 1454 9161 4382 8074 8258 638 3209 5567 1434 4281 1318 558 7337 7765 5667 7792 4161 4743 9188 2289 1938 4766 2668 6594 9909 3811 5655 6168 9424 2697 
8237 9313 7446 3707 6860 8253 4741 999 8027 8658 7522 7641 4576 8106 6116 2976 9074 3503 3567 8247 6610 3183 9893 7541 1017 530 8986 6866 345 7570 7453 2360 3891 7850 8188 3061 7011 7849 5292 3848 177 1177 9889 5745 3283 1192 2098 2051 1431 1539 7245 8934 5105 4702 3679 1991 337 3241 7873 4717 7403 1630 9837 1956 6525 6872 5770 5291 4372 2162 2940 856 967 4228 7339 698 5602 7366 8508 2573 618 9412 7853 5145 1100 3365 5823 8552 4147 9388 3799 6859 6318 8834 518 7733 2162 4341 4325 850 
9483 7161 6219 6303 7287 1204 2151 335 613 8069 5230 4628 6359 9998 3453 8231 3591 8378 5757 4779 812 3192 2503 4393 8574 8328 7524 6400 3879 1966 4535 5010 9696 2368 2285 2289 3213 5771 2709 4722 7285 4822 9764 7945 8882 5943 9935 773 4420 5700 6960 4835 9792 7166 7029 2674 1770 6532 8115 5991 1496 4710 6677 8162 8340 7102 2935 8809 5799 9252 5077 9473 6659 7318 5316 6125 2068 573 6319 6442 3013 4223 4291 1148 5079 2446 899 7754 583 1917 238 9849 8200 4826 560 9358 6254 980 8619 8612 
8851 2070 4788 9924 1059 3038 8099 4827 7164 5281 6024 7724 4753 3742 1905 6393 6206 7441 7945 9975 7453 5186 7827 3293 7044 7178 4874 9440 1016 7201 9253 1529 8808 61 2593 7898 8490 87 4799 2858 5404 3042 7060 3172 5702 5756 7662 6049 752 6156 7877 3538 1826 1935 1390 5440 4964 2910 4706 6553 6561 9704 5860 4722 9455 9124 1024 5620 7781 4992 5504 1877 5271 1135 3794 6364 2860 379 9204 395 7086 5156 6109 5422 4310 919 6386 2241 7779 1883 3380 2685 663 1459 7308 7640 7569 6981 6086 6023 
2642 2488 6928 5560 8903 9862 6122 63 7045 3109 2494 1611 5858 6452 5642 6486 9533 4359 3051 9724 359 5589 8581 7760 2626 8620 3694 246 9587 9276 135 1095 8652 1201 3406 5434 8846 6566 3260 409 2738 7483 2225 9430 80 716 5692 9540 58 8567 6024 5091 1615 7897 5098 4501 9330 2461 9497 7205 5973 6502 9924 2365 8143 8022 6172 9730 608 104 3590 6316 3126 2313 7874 5896 3025 8722 2351 4974 2288 6492 9229 5919 8110 6353 3687 6421 5523 2882 6206 275 8211 4652 64 3780 7578 1133 2714 7763 
2237 8614 203 9965 5062 5739 9756 7538 6456 8953 1194 8757 3815 4672 2385 6931 4873 5701 9051 8510 837 7621 2359 7466 2304 2816 3327 6452 2660 9107 7871 5629 9930 4157 5705 6814 699 2328 9490 5122 3826 7877 392 2211 7845 4355 8358 418 8879 6172 4615 8399 8174 3935 7036 5295 3532 6931 5560 1286 3955 9103 5282 3167 8237 5468 777 916 7978 3092 1799 4122 7131 3553 3262 3107 214 4943 4424 1649 9279 8576 3138 7885 6026 4431 9392 4793 9192 7443 6546 8681 5641 4020 1358 391 6086 1253 7915 3246 
2644 6131 354 5148 9911 4830 18 9044 1097 8749 5919 8507 5625 6208 1691 4171 8769 1378 603 9110 1902 2048 7393 2011 1662 786 1222 1538 7362 9950 8545 9163 233 9907 4777 9417 6866 2751 9853 6490 5561 8559 1198 3945 3180 1686 7455 814 9325 9846 3090 4870 5074 5994 6087 9077 6021 5922 2541 6150 4865 9933 80 8802 4796 5745 8398 5983 8574 9291 4344 2135 7867 3613 7451 4345 8908 8165 8781 9959 6636 2276 7190 6871 2241 4761 4848 9832 1600 8011 8926 6233 8081 8113 8660 9168 9882 3996 7059 9524 
5328 5620 2205 5149 6670 4673 1864 8099 7497 1195 3837 9844 3217 2423 7627 9628 9941 6177 9093 3306 9779 1434 4260 4947 4575 8332 4008 5864 7627 9044 4619 1497 1923 6029 7286 7360 9355 9765 5827 5083 5227 3339 428 6633 722 2678 7382 159 8516 8736 8407 2250 5163 8103 1693 1371 4050 6298 4508 4186 4355 6409 4344 9103 6435 2869 7663 9422 6697 2081 95 9455 1006 2953 542 7202 803 2675 4745 8187 8006 3131 617 4398 9316 9806 8717 2453 4330 8969 5608 755 8548 4942 4748 7262 855 5830 5781 6269 