2969 5577 303 3264 3159 4194 6288 3997 9976 6313 9308 8257 6825 7889 8383 2139 3807 2742 249 225 2698 6924 6460 987 8599 1918 411 1887 4818 2081 4846 5844 3985 8734 6286 1195 9558 7991 5171 4903 6734 6674 2926 1473 2536 2507 638 230 2568 3335 3996 7053 6196 7357 1932 7668 4311 850 9093 5624 6264 5951 5974 41 4926 3331 9968 3737 3891 5549 868 8100 2704 6365 4798 7361 9653 4037 5216 8113 9886 3795 2331 2522 5120 5873 9751 9662 2687 3494 9704 1689 8827 7616 4150 8222 7786 4631 8030 3903 
3259 9408 6036 5384 7193 7775 9163 3483 4816 3023 5481 816 9310 8685 2 8891 4003 9184 5649 4021 548 6609 8445 8157 432 3914 4169 2903 3059 7654 839 6554 7826 6271 7217 4428 6903 8360 1263 7933 6024 4056 6863 1075 6858 440 8088 7640 620 7569 8250 6981 9592 6817 3447 6503 4659 785 3772 2391 4908 5742 5296 9208 3175 2922 8034 740 3320 410 5006 3086 7536 679 1264 2150 8055 4456 1190 5671 8909 1543 3044 7212 6713 207 1395 8034 8858 4896 3610 8508 1076 472 840 9518 8417 2245 1323 1575 
5877 6449 58 9009 3419 6875 1366 9033 1671 4248 7172 5240 2818 3133 5935 9901 4147 2601 8910 8267 1841 7301 6864 7940 1124 4120 1288 3391 6705 1599 4670 1483 7586 864 7319 4051 2842 5575 7088 9460 9913 1512 4677 3494 1913 9149 6448 2489 4660 229 3419 5932 6096 2765 3616 132 5790 810 7785 4690 6491 9726 1582 6086 8583 6766 8450 5424 5316 927 242 2136 8796 6065 6994 4406 6957 7487 1499 3720 9189 8817 6609 4299 1272 5045 773 4502 6919 5329 6187 8694 2327 8378 3131 5947 2887 1293 8964 2881 
785 3635 1318 8435 4983 1764 4392 4218 4354 2216 3976 2810 9173 880 3660 9604 7866 2410 4067 7490 3332 173 5101 7569 3670 7573 4327 9791 2172 2536 6958 6583 9932 4837 6606 8378 3781 7554 1087 4524 4730 5099 8623 7001 2397 2389 8545 7287 8531 9407 3216 6962 7110 256 7410 7338 6932 1108 4771 2743 5242 8826 3207 2766 7810 4420 2710 6600 7688 8189 2832 9112 5305 2683 6015 2220 3897 8318 21 9243 8054 5095 4108 1803 6039 7090 3710 198 5657 4664 8764 1960 6631 9986 4763 5291 3510 7818 414 3661 
7654 3375 839 7018 3425 1690 605 7652 2539 2387 1450 7756 4245 1684 9421 8432 9207 7527 2616 5814 3835 1009 2392 4890 2043 6288 3069 5563 7800 6477 890 2047 2754 6589 9270 2217 503 6791 6391 3648 8306 1669 8911 285 5438 3039 4407 7880 5251 2891 7076 2590 7463 6393 1123 1124 6673 8039 4258 5135 2162 9208 9573 3589 3312 1469 9457 5200 482 2931 5696 5881 4246 2803 7930 8343 9927 4135 6303 1379 6810 8863 3884 4728 7531 9330 5653 9698 2836 245 8084 69 3279 8092 7644 6553 4659 3772 2391 5296 
9728 7325 4570 4519 1001 6300 3542 4174 897 7652 118 5059 4413 4658 5159 4490 1070 9487 1284 9814 9760 506 6652 5170 524 7194 9303 5970 2824 8787 7367 612 140 8540 2348 3653 530 6386 1899 9157 1454 3762 3930 1805 622 9209 4651 1434 6286 2573 9412 7853 1680 7238 7314 4284 2110 8978 981 7609 8417 6925 3948 7308 5518 7640 4606 7569 2642 3110 5469 8792 8440 6732 7066 792 4299 2256 9907 8163 3857 7952 3532 1987 2750 9895 4417 5740 3025 2932 4058 2095 3806 8110 9082 962 2629 9517 7904 6332 
698 7661 648 1641 2024 9488 6375 7003 9428 696 3116 2898 2495 4174 5391 535 8745 4887 2846 4954 5308 7602 8667 9451 7425 7984 5917 9557 2669 3647 7409 2665 7439 2788 8705 6320 8968 5375 1662 1123 2869 6390 1001 7876 7675 9726 9857 9567 5280 6142 9364 668 4732 6251 3086 976 5880 5447 3060 1375 6135 8044 9240 2148 4875 2359 7852 9293 2443 6769 860 8269 7726 8953 6608 3192 9961 251 4091 5518 6991 2514 2642 7671 1580 9862 2592 3885 4070 3424 5057 9749 1949 3086 7380 2644 7707 5800 2514 8136 
4697 1759 7842 4065 165 5576 3447 6542 5774 1216 6058 3232 8200 9969 8828 2781 3999 6275 2411 1430 9234 1089 3886 6046 1704 8458 8309 9299 7992 7708 8344 2037 7555 5622 9954 225 1336 2598 3260 9229 3547 7532 4656 2834 6087 2552 5109 4863 3723 6655 2073 6729 1080 7406 2807 7464 3287 3483 6841 5640 3022 5897 4435 3153 2536 8916 7050 73 1191 9857 3507 3462 1517 3741 4102 3832 8890 7859 2339 6113 3419 2659 7246 1098 7694 1435 9333 5535 3166 8098 7614 5959 4988 8269 3522 9223 2753 9501 7690 4960 
2761 3650 7495 3732 9470 9941 9915 2389 5727 5747 7319 6795 3109 1376 3951 8851 9573 7537 1960 2141 4238 8216 2766 2592 955 2486 8587 7565 5072 911 9001 4684 8193 2420 6519 3955 7818 2591 8438 9430 1463 7451 3091 6200 4792 812 9543 6656 528 1685 5026 737 5410 2651 263 8668 8578 7142 3047 5815 3314 1383 7221 8303 634 5610 7431 7585 1523 8784 5227 7227 3257 9757 5665 7956 9809 2624 7747 8369 1098 8546 139 8913 9779 5714 6963 7503 5410 7519 1704 1326 8960 7476 1085 9149 6889 8977 3051 477 
9814 5815 9595 9387 3178 6021 8348 9989 9400 485 6782 8344 9444 9258 4278 5074 1336 9229 3994 2632 7329 8464 2371 2406 2509 9847 661 4319 1150 8107 8006 9182 9029 1372 8166 7799 7805 8385 940 2798 2646 9659 8606 9756 5532 6635 5357 4728 7899 671 3470 4653 8479 6006 2114 6485 9720 1200 3393 8064 7578 4160 4831 1062 3116 8982 7308 9999 3392 3415 8340 6995 4983 4857 4978 5226 8727 5371 9503 1805 6270 3704 2948 8506 7879 2887 5853 8373 1909 7436 1812 947 194 9167 7881 3724 5621 7191 4303 8511 
7523 5683 2096 2322 5249 6779 1068 448 771 7229 4287 5510 4112 1259 7536 5592 7779 7420 1843 6165 2978 4857 3695 2905 5336 6634 4369 150 6867 9107 4915 8070 4508 6330 1548 8371 7197 6872 2206 7785 3716 9383 5783 6488 6928 8904 3919 1932 3319 339 741 7981 6990 4021 9804 67 88 9713 266 8106 7281 2474 3808 257 3826 7947 4764 9730 5030 9422 6628 9934 7571 1057 1151 6923 7526 4622 1199 2473 7335 4548 5531 6545 4068 9384 9542 7232 3915 8618 6632 5933 700 6948 7261 2535 9259 5521 8262 6763 
498 1512 6034 6622 3772 7986 5003 9421 7574 2920 1928 5063 7380 1952 8886 4423 7000 9055 2931 3063 4275 2253 3094 5059 4413 4596 2661 7502 3841 7820 8200 5760 8267 7894 4692 239 3676 8756 8551 6516 628 4643 3452 2437 5294 9119 60 3233 5445 275 6343 759 1450 6728 5563 8370 8104 2007 4994 5696 7838 513 8951 2177 2289 5370 2185 7585 3369 8363 8365 6203 5700 544 4652 5365 8556 8313 498 2553 2166 547 4960 9927 7574 9555 3645 6264 5693 8212 1451 5732 4230 2945 6370 8933 7433 953 5761 3984 
1247 8225 8723 8648 2797 179 3686 3352 8537 8403 9620 1528 4643 4099 2244 3401 5013 9881 3161 5749 7432 3484 6227 5878 9429 4919 1612 439 7154 765 6964 6760 1755 1594 2168 2026 1213 6393 3286 4670 7565 4369 3349 9001 4684 121 8964 7404 5153 6833 1690 3021 4421 1289 4827 4787 2233 4754 1222 5741 116 5980 4868 9600 8778 2016 1491 4685 713 161 8511 4690 6174 8713 6828 3178 9010 2854 7949 3426 8631 2535 9209 8468 6302 2942 2594 8745 5076 6334 2122 2445 7084 1002 8698 4764 9561 0 3136 9422 
6628 4637 939 9090 7496 1560 7260 2044 9070 8698 956 8440 9124 3113 7450 9473 6608 5128 6381 5505 9738 1811 8540 3817 3780 2962 4537 4813 4032 4442 8431 1220 6601 8667 2580 9076 1506 7693 9190 5364 896 3189 6328 7155 5034 9483 479 3533 6870 9197 566 6132 4137 5120 9701 9597 9944 1737 1623 9433 2276 5543 1596 265 4805 1248 6376 9791 7773 8546 4613 9568 6607 8160 8900 790 4477 7709 8179 488 3702 2849 6235 4306 4973 8196 2960 1273 5364 168 4740 8460 8869 3872 336 3358 3540 7731 2325 4868 
7881 540 6998 8238 6149 8880 4640 1522 4832 8476 7734 140 9434 6995 2334 8215 961 2216 8038 5335 2197 2633 7829 8651 6417 2120 6316 2289 9133 4517 2460 2871 6115 3166 7227 3331 2876 2273 9055 6330 2145 9192 7873 4640 780 3921 1930 4713 1240 8753 7082 5970 9772 7251 7706 1666 2340 3784 886 7440 7864 4263 512 799 7432 8323 9107 407 2193 151 2769 3064 5455 2871 9625 7903 3516 2227 8157 7727 1211 7324 9214 1877 5813 995 7929 1531 2954 5738 9983 5680 4884 7042 9261 6456 4962 4202 4733 8485 
5420 8537 5161 985 5777 8199 3165 5182 5248 9762 5749 9785 5692 9215 9935 1583 5658 7822 7225 6375 4267 7882 3293 4868 302 1229 3915 950 4451 6414 6521 6971 7626 6195 4547 6525 9485 2413 2855 3145 4631 8496 5577 5173 5192 9789 9151 7903 5257 1973 3287 8864 987 6179 7697 4669 99 4857 7227 556 1546 9872 7461 8139 7327 1676 8140 9796 9260 4117 3307 4503 8174 491 6117 1425 2785 9270 6926 5728 2841 3532 8087 6969 6032 7312 3266 4446 6585 4759 6569 4571 7052 3885 8164 2912 7030 8774 4671 213 
6150 8273 7836 9127 961 3297 2912 3279 9734 6300 7959 5032 6774 9020 6856 5983 4435 8107 2449 470 7875 5734 2509 5797 8246 8308 681 921 1169 1160 876 8675 3611 2915 5223 7144 3485 3293 6658 8527 1511 2989 6499 9036 350 4297 4573 4320 6335 4114 3010 6939 9117 6634 3559 5032 2001 3446 4098 7436 5044 931 8496 9895 2984 5037 8502 8526 2755 7503 9862 6948 5145 2278 8954 2637 4578 7516 119 5131 4436 3574 5535 2509 3411 8301 3035 2731 2871 9689 9301 6572 4687 3547 7848 1434 6479 3847 6562 1030 
3718 7814 5775 8311 3752 5713 6307 7630 6639 7971 8463 6332 9143 5983 9468 5879 6405 7773 9709 1812 4179 1104 8369 9859 9273 5679 744 4286 7251 4469 4219 5109 9700 1007 8289 2699 528 4259 4474 434 4637 3797 1098 3701 6859 660 2694 6056 2876 5459 34 4294 9635 3228 5858 8577 4255 481 9318 1531 3708 9496 341 9540 1613 567 2868 7634 6260 3104 6952 4402 3493 3362 3087 4201 3511 6670 9803 2725 3472 9880 4897 7301 703 4378 9188 3614 8811 472 4404 166 961 5858 109 214 8601 1825 3821 4438 
1527 2665 4103 2085 9844 1565 4146 1642 5541 3674 2913 2666 8083 9473 2536 1880 8782 5791 935 8169 4096 3737 1522 3460 1718 175 7429 2083 4514 8671 6695 9053 3555 6517 9517 2529 9165 7612 5982 8476 8784 6185 515 5159 7783 6510 9633 9515 1680 62 2190 8838 3656 9085 6874 1215 8286 9887 7607 6285 4305 8589 2812 863 9566 5508 448 2750 4258 338 7237 3991 2178 3306 3155 3919 7910 2629 9158 6007 1190 8130 3861 2490 36 3039 1231 7829 8322 8750 6503 1982 5233 2796 2455 6888 5869 2135 8386 5884 
5751 8216 1069 4864 3696 6921 6177 58 8398 8432 2625 7694 2643 692 6951 8008 5473 5721 4020 371 2348 8776 5728 3736 4022 4703 3186 4137 4225 8134 7442 4815 57 80 4110 9109 6855 1175 3598 5542 66 3480 3897 5880 7160 3206 1331 6194 4233 8757 255 2164 7979 5203 8986 2467 4300 2716 1521 3664 9476 2682 5262 896 8858 9509 1105 5406 858 5075 970 9632 5184 1891 2934 2286 1962 264 3037 672 300 5927 1342 343 4115 8291 3823 9638 3682 9440 7940 5197 7100 8983 3667 1649 6368 6293 389 731 
9145 3671 8751 5819 8250 1093 145 8678 6476 6823 3265 2044 4072 9241 5704 2225 2337 9598 8834 2948 4539 3491 5675 2693 6216 6413 9828 5536 3560 6968 5622 7410 4408 1260 3768 201 8577 7389 9592 724 6346 476 1736 337 2900 5022 2180 9340 7976 8452 715 3207 9987 7582 3682 9551 4613 5006 1662 5897 2108 504 2681 368 4158 2267 657 3142 7176 5010 3342 3762 482 3930 5615 1805 622 4422 6998 9674 7876 9831 66 4961 5059 1658 5174 9666 4139 8019 3474 7623 7909 6982 2128 143 9264 3800 208 8037 
779 5058 2243 3876 4720 6678 1490 3248 7843 9759 9171 6933 6730 715 4795 5837 882 7996 1595 1583 5239 1118 2750 6035 6983 6291 2873 6835 4293 3534 3127 3281 3563 2886 7982 4611 2419 430 1246 6526 3002 7565 4848 7043 3857 7510 1922 506 93 7945 843 6157 8137 6411 6977 7161 8620 3982 6486 2864 4176 8531 7881 2936 6200 9759 3985 458 7305 6090 539 6549 8086 4555 7873 1269 2931 1018 44 4599 167 1639 2390 3763 3548 7017 7887 1738 4596 7383 2517 5897 2259 6772 3018 6250 7139 5791 1222 1232 
5282 4739 6392 9230 1497 5221 9769 3976 4256 9568 6729 1339 7154 4583 9541 2549 6598 7631 4154 9570 4299 1211 6437 1176 9022 6074 9242 6791 4432 6179 8849 5144 6306 3713 5714 5611 4389 1681 2328 4582 4046 6953 3088 8525 645 5692 7655 3131 9269 7974 2589 8940 134 583 6755 1866 7397 7988 517 8491 2459 6841 8727 1152 4674 2663 8421 2809 45 2658 8674 8266 6645 5470 4145 9123 17 52 1384 4580 60 2139 5855 3004 1406 1860 775 2306 1580 1543 1163 9826 3765 5006 2076 4402 466 3130 9198 6838 
3241 1863 9612 8200 1157 4060 4475 9569 1654 8991 5421 5033 8210 1563 6180 3454 8315 8123 4244 7292 7026 2221 9072 3182 6999 5869 5250 1207 6724 9204 739 3360 7315 6781 9164 982 7489 9999 284 9868 9095 4140 9561 842 5583 4922 6866 7041 751 8029 5144 7163 4556 8040 511 2512 8877 8393 3337 7303 5278 5556 4158 1642 8547 1026 3358 3549 3842 3354 3424 4664 6631 7188 3788 2591 513 820 9124 245 7369 9012 9795 5056 8860 3330 8895 1999 6694 2455 572 3879 3077 72 2450 2584 4391 7481 1507 3176 
6785 5276 9312 6512 7156 4991 3083 7216 3316 8375 6415 5329 7619 4124 5940 998 1012 6853 1133 9703 3113 7294 7324 9977 1029 2958 7298 1306 8625 3860 2291 5521 4317 6138 8726 783 888 3128 6918 7268 9301 6572 9279 4687 3848 774 4437 2078 8198 5981 6160 6147 4763 8242 3637 334 1441 7885 9549 3941 4560 2082 8294 7724 3451 591 8499 8611 5989 4263 1517 1291 6361 4540 3020 9142 7894 6913 3312 4599 434 3814 6649 2952 4223 2138 1059 8699 50 7840 7391 3044 2002 4794 2360 1274 444 3396 4631 9305 
8018 1441 9438 9549 3406 3170 7724 3451 2412 4860 4708 6149 9718 7395 4710 4981 6640 7693 1831 5790 3708 8783 2096 1573 4243 1298 6956 7613 9562 8650 1460 69 6164 9191 4186 1799 7064 5569 3004 9654 252 7168 9914 5735 1836 3155 3558 6679 8798 5461 59 7433 477 1313 8547 3851 4442 3175 8065 3730 3627 9481 4574 229 8127 1361 8523 8014 2706 8410 7403 7098 6582 3873 1268 1971 5126 3410 358 9567 907 9364 7044 4732 3086 1778 6270 833 3060 6529 7872 6471 9557 5593 7167 5711 4774 8090 3519 1058 
9314 6246 4898 8848 1198 306 9481 6802 4602 145 8531 5536 4808 2318 9914 612 9470 9877 7028 8798 9186 4034 9142 8434 2304 376 3011 9762 9097 8937 2613 1047 3352 8665 7351 4897 7253 5021 4020 652 9859 5308 446 8348 459 4259 3494 3504 3641 4891 804 8380 2177 8075 9768 9781 4394 5466 7145 8546 9120 9664 4386 8883 9635 3578 3081 4978 9925 5822 2089 8782 3181 8963 3102 3354 78 9171 6573 7464 8676 5762 6515 7264 7531 4761 5005 8074 14 5557 2788 2620 3215 6050 6018 2412 4134 25 1383 7908 
6384 4969 9642 4254 6262 9156 1351 6156 5529 7533 8645 7845 2905 8700 2479 2830 297 2428 8347 5042 840 554 9432 84 3526 7723 7421 5560 4340 7514 2832 5382 2153 5833 8274 8957 8324 6803 4470 5742 1311 4346 6680 6745 8615 4218 2401 3670 3882 7931 1867 5847 1732 7167 2215 8622 3278 2626 5508 474 2766 717 4101 9353 7496 4471 6197 1673 9968 1555 2628 4647 7100 110 1062 5472 4098 2714 4775 6585 2801 2067 2159 71 8298 3556 1892 7982 2815 3240 9593 8914 6659 3983 2005 1848 6025 2618 9701 8484 
1799 5569 4877 111 2734 5461 3894 3775 1390 9947 8644 5365 2206 224 530 5822 3004 8940 811 8714 6998 4922 8473 4824 5212 9176 7812 3751 270 8925 634 4936 7070 9967 5554 4251 5815 8236 937 6602 6151 9857 6843 2965 647 5097 1822 116 7852 2197 3270 615 5646 7787 6676 2923 872 4649 1551 5846 4518 231 7696 8503 9594 3283 4789 724 8649 4135 1293 8797 9799 7052 1838 6412 2358 302 6603 1450 1604 7533 8586 4446 2416 6135 6221 2219 9164 3218 3176 2407 2601 999 1511 5191 874 510 6124 705 
3524 9754 6072 7307 2500 8101 9854 6083 213 7637 3709 4681 2532 2505 7826 3407 3838 4647 7495 7399 9881 8778 7014 5557 8397 3342 4642 1805 7730 4422 9902 7087 1434 5271 3157 3293 3754 3429 9282 331 2946 6950 6962 1213 954 9460 9913 3494 3449 2777 6448 2489 2276 8759 19 1932 3147 5525 8648 5096 7489 1490 3931 9924 8335 614 2445 3594 392 2336 1896 4921 6076 3562 3293 6706 5920 1940 3429 6478 7671 2578 7594 9422 9645 4359 4365 3835 3211 9658 5337 1304 1188 5966 1087 2352 3201 6040 5712 1805 
3574 8675 5223 7007 6908 2151 4759 8285 8527 9815 9232 1210 5204 2177 5720 7044 2016 2993 5172 324 2925 9258 6947 3863 4330 8492 8990 9010 8 2613 2942 141 2122 6500 4056 3351 9303 5829 2441 3975 6985 5707 3889 3608 641 7344 7304 50 8531 2105 6212 7209 7384 9133 1431 2936 1415 6232 9631 3393 8774 3440 9504 4710 7326 6947 1543 1115 4154 6693 9379 8829 7959 6667 6525 9800 6983 8826 8450 2687 8140 5746 7751 7849 3094 7773 7042 8186 2241 3109 9263 445 8049 8127 558 7027 1636 9751 8466 8241 
612 939 6817 6221 4262 8323 1638 1810 9464 500 3925 3442 7642 8556 2421 5373 2959 1814 9295 5241 5709 2485 3069 9085 1146 1668 5321 7158 4237 1839 1457 8496 3312 4858 4599 3209 5205 434 6567 8084 2952 7198 1059 8699 50 7391 7557 9240 2360 1274 444 3354 5131 595 7770 5475 2593 9099 8130 7952 3044 6713 3064 207 8034 2901 3610 9532 8508 7022 5517 9373 840 474 510 9683 6925 3823 9075 5397 8326 6415 8709 3842 4566 2580 5396 5498 7810 6903 4420 8595 5425 9625 4361 4409 8318 5591 1803 9305 
5657 7001 8779 8830 4375 8018 7289 2415 8951 6493 369 3952 4150 5252 4758 6170 6065 4091 8443 4097 585 9939 1362 7153 9805 6862 3353 497 9651 2479 5580 998 5993 6317 7508 1366 3754 5297 9876 4963 9055 2126 1478 4318 5633 8797 6846 5840 1883 601 4348 4530 8657 111 3775 1310 2940 1057 698 5602 612 9528 8691 5514 7826 7853 7260 2308 3365 9358 9373 7215 6936 5706 7490 2286 2026 3254 9276 4130 4419 1624 7592 672 5542 6842 4739 3654 6144 8395 2327 2623 5049 9534 2683 3643 9057 9668 6617 7355 
2245 9167 3527 9216 6362 9221 473 8238 5092 8253 6386 4667 5549 7675 7656 3449 227 5480 8595 2909 3396 6682 5585 6104 5585 6983 3547 4790 8638 6517 8786 5676 350 9195 2840 9305 9483 3021 5773 1543 5660 2918 8872 8677 7297 3898 801 5328 3467 2530 9075 5931 5524 7480 6769 4177 9601 6547 9708 4642 4586 6967 8174 279 7204 4291 9741 736 2692 4009 8595 7861 3388 7025 7383 3317 3930 8689 8827 5648 9025 3753 1087 7521 9918 462 7480 6467 7757 1019 8414 5443 3305 4399 6000 2310 113 9217 3204 9384 