9469 2486 5086 3899 6721 1495 2229 6537 4233 1222 5159 1182 5127 2842 8182 5091 9324 7259 6496 8392 2136 3879 2372 4750 9294 1611 7686 9422 6452 5762 6536 9533 8336 695 4365 4816 816 8685 1698 4348 4003 9737 4021 4073 4890 7163 2250 6549 511 2994 3676 6961 5428 3636 467 6897 2263 6975 5345 3316 5488 7345 8119 2304 8040 5604 2423 2302 668 9321 3332 6015 7613 5657 4375 7788 1307 8018 1609 2384 8566 9134 2196 3941 9277 4308 4995 5122 4711 8852 2621 7254 8540 5476 8417 1593 1651 6929 1891 2641 
5152 3207 2433 1063 3728 748 7126 6723 4870 2011 2785 8183 5381 5979 5630 6378 5575 9989 3075 3209 5498 7732 8282 5308 891 8023 2123 9412 8679 9642 7735 433 46 5214 3205 9637 5325 5968 243 8052 9016 7953 4204 5453 5446 4893 9036 4357 1050 7130 4147 2583 5698 8197 3148 5625 1443 6164 4476 8322 3331 2367 115 326 8515 1876 2267 1083 2184 9716 1159 3551 7116 1238 9513 9839 6341 9570 5795 2329 1956 6000 2868 5148 5654 5569 684 3010 5173 7843 792 7585 8515 2390 681 4263 9606 7188 5032 1164 
5053 4607 7263 4470 8369 3346 1630 5490 5784 8788 381 7380 5239 2845 8137 5765 4699 4520 4002 449 3500 5469 4420 6356 807 1578 1062 9465 6277 1549 7149 4054 7923 9853 2817 6134 410 6805 7416 7983 5913 7636 4190 6486 8414 4098 907 2875 6102 2985 3586 4453 7551 9957 793 6718 2209 4402 7156 9033 1671 4248 7172 966 3623 8546 2737 2082 6202 4435 2644 1895 3581 5906 823 7057 9149 5498 5212 1603 2626 8502 9804 4143 6532 955 5728 6316 7565 3149 9147 9858 4800 7313 6825 3647 337 4656 377 2881 
6371 5964 8267 7940 5112 5047 7301 9986 8187 2591 8679 7735 433 5214 1591 9637 5325 5968 2566 243 6008 1039 8775 8217 779 2194 7664 286 5663 5739 7964 2300 7456 8049 6613 8551 3755 9939 6769 8945 1286 4144 6529 7153 2907 6418 8817 4299 8445 6919 3410 3361 319 3661 6385 5047 4147 2601 5260 7188 5032 3023 4368 4602 8326 9690 4290 8910 5294 803 0 5728 8090 9214 7305 7489 8538 6265 5998 6247 8629 3552 1322 3775 7792 1726 8300 2023 4057 1598 6933 1430 3314 2006 212 4252 1987 8462 2113 7774 
2914 2717 5594 4234 1968 8549 9287 5193 5169 981 2496 2804 5916 6329 7651 2931 116 1867 9540 5437 9487 1284 6962 1213 5533 954 7808 7685 8417 3317 1653 2461 2593 1281 8718 5035 2843 9068 3561 487 8457 8221 3879 872 7144 3586 4222 7351 2665 8714 1891 6998 2641 8473 5152 4824 9917 9134 3207 2433 3295 3728 4850 5209 7810 485 439 4685 6727 6887 4355 5462 9743 6440 4596 1430 7815 4627 5142 2347 8225 908 8732 7764 4439 5098 8242 5014 542 9171 3557 616 3482 8933 981 8100 8197 1645 7038 2870 
8522 4033 1342 6379 8664 8820 3333 7214 4531 7853 8992 1471 2902 7373 5329 40 1723 8320 3074 3287 9149 4862 8525 8283 3200 6003 9996 6460 9873 5958 9209 2942 2594 8141 8063 5199 4842 3799 9020 7790 4480 7140 5478 6529 7153 9805 6943 6909 13 3786 9689 8819 5075 513 1463 726 4764 9166 9630 501 5728 3727 4205 5878 7622 4613 8349 1497 1051 7009 8394 9533 4597 7975 3461 7118 7409 9898 3638 7436 3906 9095 3439 4389 3994 9226 3161 1499 6136 6007 5206 2113 8490 2128 9564 7633 7372 7080 578 7526 
8877 4622 2473 5314 7335 9342 875 682 1418 8431 4489 3998 7696 9677 4337 2921 6975 7503 5899 71 69 6165 8536 6071 3695 5077 1472 5189 4902 3425 9031 3798 3795 2674 7257 6108 3583 5171 9023 2274 912 9076 195 2512 8597 8624 4448 7895 5831 7770 1853 3251 4298 1791 3323 7275 8361 8003 4189 2157 8399 4291 2972 50 2246 5275 3746 4089 6084 4041 4582 8721 5123 2931 6677 3907 6118 5275 160 7616 4243 9068 6024 9708 8400 5711 5969 6868 5717 4670 864 8602 4802 8781 8783 9468 8964 9361 6371 5964 
2981 7404 4392 8727 8858 4567 2686 172 3807 6833 7927 9692 6270 3591 8817 2336 140 475 1827 5212 6523 6735 9790 75 2816 9802 842 131 8178 4987 6150 5008 4128 1539 1456 3978 5948 5306 3923 5442 351 5560 5743 3810 4290 1263 9830 7563 2342 419 952 2533 3359 6758 2243 2930 3437 597 9337 3403 5397 101 9303 1301 7026 1784 6451 5567 1443 3557 4582 2046 8990 6203 7159 8051 7195 9675 1265 138 3050 367 8307 5617 7143 6706 2977 8119 2965 5297 6478 6562 7671 8524 2578 9876 5403 6823 6278 4000 
7300 2090 7808 8743 3975 5476 4501 8417 9614 1593 4934 5549 5989 5594 9989 1517 1291 6361 3381 4540 5692 8715 771 3804 6961 4822 4146 487 6315 2815 8005 5248 3835 9688 7001 981 5234 8962 5486 2070 8468 451 5663 1017 912 1228 1676 5125 1320 1782 115 6342 9407 4117 8260 8035 9174 9443 1431 7246 2059 1128 5758 997 6120 2641 549 3214 8153 8288 827 232 1153 9538 1857 4308 3915 973 6158 6548 8415 3176 4263 3752 4243 9440 1938 8076 1460 1314 8048 8596 8142 5792 4186 1799 7203 4055 5239 9654 
7168 3687 8363 361 7565 1090 5752 4970 361 9100 5340 2052 2713 6588 2680 4151 5211 7570 3559 86 154 6197 6071 8340 6144 2654 4581 3073 16 7791 2048 6802 6024 9116 4436 7301 3991 8862 3321 1883 6381 5810 4867 3572 9910 8036 3705 9572 1374 5964 8984 5910 6795 1522 7049 4929 6814 5805 4362 1208 8896 6798 3318 3251 509 7100 152 1225 942 8144 6312 3551 4752 2609 4721 1615 4593 2990 6961 4140 7439 2706 8932 2951 4360 3041 7412 2091 334 6589 8073 4510 6991 5609 3062 8446 2690 2893 2048 5361 
8637 3366 5452 9474 7350 5308 9458 8411 4648 8867 7735 1786 2794 7891 5754 5601 4597 9308 9267 8134 2141 4636 6002 7194 8438 9344 2140 5945 1060 6623 564 9796 1746 9861 1405 4606 4257 3311 6200 3197 7355 3736 3986 9674 5654 6861 8158 2029 6508 3328 6639 4569 3495 8494 2053 7654 5275 9521 7230 4041 4582 38 1941 9229 7035 5637 9476 7215 9709 3100 6817 5876 2443 2918 7783 3030 1886 8168 5749 4317 4731 7852 1488 8895 8890 2580 5740 6347 7394 4564 3930 8957 7057 33 2170 7537 5244 4435 5895 1118 
6348 3648 417 1494 7586 850 4645 6624 1031 1518 2067 9537 4585 2921 943 8647 5092 5846 6036 7411 8518 328 7557 1605 1228 1404 3524 6852 1325 8062 1691 5527 1007 7130 5830 4847 7776 7853 2944 4615 7502 8503 3926 3498 7203 9962 9939 2767 2211 5897 7403 815 1777 4365 132 566 9302 8090 7177 8531 1970 3810 1279 1625 532 8151 9039 3224 8821 2863 5201 8483 6861 5671 1770 5553 7386 101 2402 6167 6944 201 6688 1074 9012 7658 4871 6456 4018 3112 4431 7753 3167 4385 5216 2351 5380 2892 9409 8323 
5253 407 151 2769 9485 3064 1837 5247 3569 8847 5455 8195 2871 8545 7903 4788 8472 9321 2226 4992 8499 4986 6929 9305 7519 9375 2971 9102 5491 5811 7184 9247 5770 1761 924 3104 8391 5314 1321 4548 6545 8985 2709 2816 8348 5623 7289 8618 4749 5933 700 8395 9574 8754 4131 7718 7261 4080 2693 1512 5196 6196 4373 720 2066 9421 3266 7574 143 2920 9103 3637 5661 4481 6856 5968 9344 1038 6344 6826 4199 1114 5464 777 8895 1593 2969 8620 8995 949 1812 6455 9390 6949 8790 4398 5637 6603 1405 7120 
6620 9722 7878 4917 8396 5023 3054 7937 3510 5024 7331 4449 1513 9851 6431 560 8357 4141 3275 725 2589 1441 458 6067 5921 5514 3967 5055 1323 4026 9205 1265 7546 7382 9728 6706 5920 1940 2965 4229 7573 1294 8897 9347 3791 5964 5895 6424 9161 7978 2614 250 4452 4730 8118 2940 4461 7804 1461 8726 3175 7169 656 7713 1497 7359 1125 1817 5680 4038 1147 8942 9521 2675 4708 5789 7938 5865 5390 1064 4009 3530 4534 3562 7263 7497 2378 7841 4129 8547 138 6271 7496 4209 2530 9334 398 4495 1070 4306 
5775 5304 4051 9843 6541 1671 5822 4862 9847 4033 3897 7432 555 3113 4171 7965 8814 6129 1270 3562 7459 1990 4367 1455 3408 6970 6233 7656 9552 2147 9930 3745 7707 1763 2171 5145 7056 6424 5216 9712 4945 775 1332 9276 6591 1322 9134 5064 9973 8862 9323 3673 4953 3984 1726 7102 8570 6452 7963 5968 8136 8792 46 3286 9460 1054 7393 5594 307 4234 3112 6000 2198 1968 2074 6329 1899 3389 781 9540 5437 7834 6413 331 3236 3209 1755 7678 6962 1213 3349 9512 1222 1059 9355 3286 9421 4670 7565 2729 
888 823 9149 3259 1761 7319 1945 4051 3858 4942 4539 5037 250 428 1045 1313 9838 6189 3055 2332 6599 3799 483 4131 8950 70 3044 8802 3652 3060 6763 4474 8273 9182 855 5500 2468 5624 3796 1981 8727 6893 3136 692 2938 1469 9726 6674 5651 5148 5651 8461 9990 8488 4664 585 3112 3257 4313 9487 3945 3853 1043 7652 6088 971 2154 1900 2427 3753 9659 8323 8669 7583 2845 583 3219 4471 3175 2007 6438 4680 7198 6543 4247 9232 3030 6877 9121 881 3777 6349 126 4630 4026 3530 394 215 8875 9361 
182 1300 5158 6157 4801 885 439 424 5148 1087 6233 2543 470 9856 80 1884 640 6358 4532 6349 4017 8095 3476 1958 8046 3672 7631 8869 5255 4478 7176 8882 6775 6724 5210 7768 4788 3648 6363 1056 4863 5368 9026 3771 3020 7872 5827 6678 3362 4174 1576 8272 9034 3068 7710 8292 9871 5626 9519 9430 2210 2414 9622 6013 5591 8419 720 302 1619 8786 8856 9219 1818 359 7496 4568 2143 8797 7436 5589 7810 2396 2673 8100 2798 5643 7142 4956 8186 5398 6768 4707 8415 7644 1641 7976 3314 9059 7465 4742 
1126 1383 2373 5451 4099 6591 9934 3323 543 6503 4959 6637 7349 6239 9472 9757 5758 2653 3095 8702 5811 9759 5413 6820 6695 9286 304 560 6925 2789 55 6226 3103 2428 3306 2449 2814 617 5496 695 1134 1636 3885 508 2334 4189 3293 2894 3499 1028 9819 9551 170 5959 2126 3289 1215 2706 6689 8976 7820 6568 2806 2937 5191 613 2962 7108 4740 9922 7990 5234 90 3802 8743 6449 3711 4163 7822 5282 1220 821 9178 455 4945 966 5004 3768 5499 3115 615 6556 9371 1375 231 9409 4331 9851 9276 5823 
6595 1129 7611 6715 9882 9463 7425 9349 4393 2991 2034 8025 2362 5881 89 8151 4757 2361 3105 7492 596 787 7241 6241 2211 9729 8858 9420 2299 6172 9634 733 2580 4783 8521 9819 9099 7817 397 909 2723 2815 2512 9558 7007 3178 2399 8946 5564 4125 6008 4563 9149 1539 179 7762 5009 9308 599 6974 8368 6949 6103 4296 5597 7581 8024 1512 4709 8804 3623 1448 3734 3894 5215 2259 3982 4236 7588 9943 6644 8256 6684 1871 4767 3870 4579 7273 9617 6059 5144 1995 1248 3072 915 3338 314 4590 3752 3486 
4052 8242 6474 5965 2360 7817 4097 9490 5907 1225 5847 8662 8497 5287 2077 506 1605 6067 5996 8675 5830 7016 3774 6228 2359 2287 3164 8864 2419 8978 828 6334 8516 3415 1832 7954 9439 8223 1311 4076 2528 9616 2274 3533 6225 3845 1063 3866 280 6777 1991 6058 4182 1997 9349 4433 6444 2670 5569 2775 9318 47 657 8085 9086 5057 6447 2098 4285 9903 4501 5919 6717 5820 5728 1457 278 2883 3441 7726 4861 4575 6397 7826 3452 4576 7963 7296 7872 8189 9985 2696 5139 7326 3154 8735 622 8539 5198 1856 
3856 3564 6261 7752 4860 4584 2507 5565 3129 9834 8120 837 5440 2481 4089 3940 6499 9955 8758 9338 71 7974 6798 1375 2363 4099 5964 1777 2403 5318 7887 9407 1322 6112 7219 3600 2752 8070 1873 7122 8647 5528 7320 2920 1464 6809 6989 3161 4590 1102 6630 8251 302 6353 2302 2999 891 9151 7854 207 5645 7542 8775 715 7383 5065 1996 2095 4841 9236 7917 5672 6062 1769 198 8415 8742 3511 7573 4714 2396 8519 6745 8323 1381 6149 867 542 425 3726 8908 8081 3623 1600 1919 4147 3710 9696 3107 9967 
5845 6571 9797 592 6691 3605 7369 2629 6632 67 8502 1739 8376 6577 5428 4434 3893 2824 8973 9840 2061 5665 5782 3480 2828 8479 3336 4137 6206 2966 6139 4981 8560 6764 9114 1406 7383 1457 4550 6611 1525 7584 7665 534 6946 7627 428 474 3544 4822 6229 7878 5687 2180 3832 8821 6781 760 2522 5588 1234 5770 3408 6536 5548 6260 6887 3953 639 4444 7420 4533 2070 8913 1525 4839 6353 553 4434 42 6489 9864 3677 323 6020 4150 9586 3926 3846 9471 5231 7101 6332 1599 8570 7821 7179 6326 4413 1772 
3773 7104 2879 8985 5045 7797 5328 6679 8387 9052 5919 4359 4981 5277 1084 2755 6529 1389 4664 5813 5650 7636 8094 4359 5361 1519 8545 2552 3719 8532 8111 5384 887 216 8979 8939 7751 875 4038 8943 7054 9099 8391 4119 6242 7877 8093 613 3364 3349 3203 7978 8293 3973 2365 3551 1428 4514 3100 8402 4896 115 1604 2069 4034 6830 7955 8681 3647 5710 8700 2531 4693 3115 2192 9606 5587 2863 3926 1626 7938 6474 3286 266 689 449 7788 8132 187 2491 1956 4140 640 1431 6579 123 7259 5085 7779 4179 
6670 3698 3781 7117 4110 798 2095 6562 8684 426 7976 9052 1280 1437 3676 5456 6688 3592 9012 1935 9318 4871 6456 7551 1300 9957 793 4385 8879 2892 8237 8323 4390 5253 3635 3807 6833 9692 7807 2431 2336 4059 320 1207 8390 6315 4708 6909 284 5685 3525 8537 1264 2150 7816 4456 2070 7822 7660 4424 762 3230 5963 4238 2113 3538 7161 1555 176 6920 3771 2398 2004 6650 344 6375 1272 3048 3056 9205 6504 9989 7392 9640 7164 1664 6320 2666 4664 8764 3955 4768 9465 5291 4587 5495 4170 7172 3818 6006 
9061 7338 7747 7048 5981 3338 1298 8150 1691 4882 5850 5817 9098 473 1033 9055 7813 1941 561 6017 9326 5350 5283 7912 6750 8001 1324 5637 3637 8000 8968 3678 5994 9295 7120 5402 9722 7723 4917 3515 1658 3181 4351 5983 1922 7687 8298 8823 4176 5500 4881 2804 5313 7433 3916 723 3101 2540 8040 2922 3859 1220 115 6577 5389 1217 599 7840 6286 6589 5160 7510 7142 2942 8058 5691 288 823 3476 1706 5802 7421 4563 3940 2903 215 9508 634 4569 135 915 9345 6613 585 4262 6769 8945 843 7110 5224 
8597 2035 3821 162 951 6082 7288 7198 6592 8788 1024 2374 1867 4783 3209 1284 7678 6962 1213 3349 5649 4567 8736 2509 700 341 7425 6843 883 463 1266 9788 2039 2096 1978 1479 4266 8650 69 8048 9191 1799 7064 5569 7634 7404 5239 252 145 8531 5536 1280 2318 568 612 9877 7028 7287 7433 4034 3984 2379 6683 8547 6189 9907 4796 3799 7742 4131 6047 3044 8172 3060 6763 8845 9182 855 5430 63 5500 470 1702 1981 9223 7827 4470 2013 6901 6168 6704 9553 9941 6614 2583 9938 6926 3553 6930 7290 
4191 4872 5000 5724 5853 7593 4982 7436 463 6461 101 391 5837 9574 5930 9475 8404 1759 8360 577 4407 7833 8723 7660 1103 1653 6219 6303 9948 5231 3842 4016 1906 2902 2920 1083 5591 6782 4741 5673 3278 4891 119 3776 5281 9001 1622 3069 5686 1587 7299 8012 7047 318 1205 2661 467 2041 176 9907 5593 2145 9192 1898 6436 1238 7878 1450 9320 3942 958 7939 3185 1517 3442 285 2057 1225 2398 9456 6037 35 4278 8158 813 2598 3260 9012 5850 74 7329 8464 2371 2406 4726 4222 7144 2708 2050 3025 
2447 6000 4720 7314 2725 5890 6968 4927 6113 9774 9526 2062 3776 5661 5248 9821 3714 2327 4662 5484 5205 522 7806 9049 4854 0 1240 3368 2969 7394 1604 9098 4259 8477 1595 2523 1124 6474 143 7250 3408 5999 4146 513 5810 278 1500 650 1718 1018 3016 546 9647 1147 1414 3293 2580 6793 8857 4640 3955 6631 9986 4763 3510 7818 3788 7997 6761 8397 6709 7752 3789 8552 9012 973 7261 4792 1130 7371 3450 8860 2893 2837 6997 162 185 406 9239 3409 7132 1369 1542 8895 8181 897 4246 4857 3403 6868 
277 4670 1483 612 8602 5107 628 2546 9808 2279 474 3157 8551 7455 2278 6224 3725 8172 6401 5350 7202 1068 2885 3744 5397 4641 4760 1499 764 6881 3118 5467 7085 4945 7874 8215 2957 9351 4195 8038 1041 1121 241 2110 8232 5905 2633 9342 8651 4365 6144 8612 5653 4517 8286 4825 6977 2278 8514 7300 7662 4012 891 7388 1140 5542 6719 5431 6865 5237 7907 9645 3261 1371 5477 116 627 4594 409 2295 7654 7530 4013 4269 9523 1866 7210 3924 1589 7769 2131 1655 1381 3466 9445 5146 1158 1678 1793 9563 
9179 4432 9917 9325 4591 3125 9547 3790 6363 4522 3521 4785 8370 5972 8674 8068 126 2423 3743 4231 6460 3259 5422 547 83 3777 1323 2478 1751 5625 1443 7728 2184 917 4569 9513 7826 2329 3413 4109 5900 3591 5085 8257 4179 1428 3698 7838 3001 4110 5242 8164 7030 745 3407 8273 925 7836 5194 3297 8711 9734 7976 6300 3173 4394 9631 3965 5983 9320 6459 9770 5724 8848 8121 4170 2449 470 5734 1869 7545 1482 195 8515 7067 8868 2427 5797 2189 9575 5174 687 5392 1548 2945 5394 1522 3136 1298 4993 
1162 9750 4247 3521 2652 8645 9084 1165 1708 7308 6477 2850 9978 3944 4419 7797 2432 2523 406 6223 4701 5795 7466 4981 323 9706 3874 7468 57 5161 2600 4360 1704 4581 4317 4094 1702 4358 1194 6861 7846 4065 3625 206 1743 9343 6044 7962 6508 3245 3573 6409 836 2615 9138 8321 717 9260 9185 1831 8088 6174 9016 9153 6446 8952 66 3015 4839 6137 7728 8380 6889 290 1248 1419 2147 4500 6031 3326 9552 983 3800 5189 8247 6283 4139 9472 826 3781 3805 8470 6002 8516 6738 8196 3312 5020 7806 2846 
9049 665 2082 738 7508 6740 5362 5435 8132 8036 5842 1662 8182 1841 7112 6283 1531 1902 9403 910 5610 5592 7953 7118 6521 8841 9486 6539 1959 3073 2967 512 4148 5277 6739 8206 3117 1775 443 1871 8799 4050 943 4805 3645 7871 1613 483 6441 68 2697 1774 9632 3652 3495 4813 2331 656 5053 1563 689 7687 5343 3144 9344 3254 9409 1232 4974 839 8677 3563 4613 5329 1866 8609 5121 7031 9922 2792 5651 4097 7121 9785 6061 9557 5058 279 201 2204 4622 2512 6261 4318 2011 2347 4051 8879 8743 1629 
1118 7879 493 7408 8938 764 9421 9661 245 5036 1836 4134 5668 2506 5507 870 6317 5875 4208 2713 6985 6487 6526 6530 9583 4800 6204 7144 2865 3586 7855 3670 1891 210 75 6280 6214 9134 2433 3295 6965 9964 2605 7181 2164 6230 6240 4926 796 2810 1883 8641 5178 9628 9592 8549 7212 7816 4254 9786 6864 3009 3080 6285 2156 4927 2577 8364 6736 7961 3289 1217 1003 6773 4838 7774 9631 1776 4551 95 4908 7944 8042 874 9825 4467 2770 6244 3165 930 4280 6775 7818 698 3057 3500 7870 4115 8066 9947 
7297 2869 7182 6216 2112 3910 8505 272 2456 7742 9160 557 8416 8290 1374 7130 5312 1700 147 2178 4433 6869 3923 8615 6769 1963 9831 4321 662 4804 81 3868 9531 8244 8126 3467 2870 2236 953 2744 8239 6746 5780 9430 6169 3007 128 8478 6714 3353 2725 6814 6129 2273 3835 8376 1368 7787 953 9874 5190 8230 556 4302 9864 321 9857 2663 4029 6932 9630 4494 9799 4108 1366 2570 6706 5920 1940 3429 5297 1180 5473 4071 1569 5243 7212 2392 1537 3490 9001 4684 8927 8156 149 2381 7842 4641 8248 469 