5648 1281 1948 8431 6616 2215 2146 4856 2285 2922 8037 521 8565 6860 7082 735 3328 8738 3423 7823 9041 3079 1500 9154 5022 4723 8089 9670 6923 6463 2013 7630 6747 3449 7845 3299 2057 7404 6595 1167 449 4921 4279 9545 5738 6305 6922 4287 8909 2113 6985 5039 1840 608 1240 709 6161 6436 9541 9528 1852 367 4033 5129 2768 1266 4169 6672 8331 5921 9044 7072 2726 1509 5271 4666 281 5253 2245 5942 1323 1226 5015 6449 58 9009 4763 3419 6875 1366 1671 3916 1852 8779 2589 5514 5055 5277 4635 4963 
1773 1343 6457 6822 576 4128 9555 1713 779 7353 8668 2620 8158 4475 7413 2225 7454 6739 1390 3745 7707 5721 5227 6693 4368 7488 4228 5557 698 7160 9845 7539 4372 3442 8327 8993 2746 3684 1131 8365 1887 6182 4492 825 7253 3821 4150 6119 4138 2858 1050 4936 4097 8049 3755 9939 6769 843 1346 4689 5531 1718 5741 8082 2308 7028 8027 6368 9913 4067 4695 224 5235 2352 5712 1597 6649 2990 9001 1574 4598 3069 2372 5686 7358 1587 3750 1205 3365 2661 467 9532 4743 9982 9192 1898 6436 1852 1450 4033 
1441 458 6672 8331 9461 6480 4049 8746 7098 2943 5541 9153 6962 764 7300 8262 9328 2080 2325 8096 8160 5664 6929 3842 3354 8425 5545 6600 3542 8193 2059 2926 6631 4768 9465 7541 3510 7818 7997 8438 9430 2356 9124 245 1111 6200 6315 3957 6401 6909 3577 1207 284 7844 2500 147 1264 6707 6995 8055 5327 5671 9196 1075 1543 3044 8919 5877 3738 9087 4763 8860 9654 6241 5816 4641 7418 550 7217 2072 5769 6251 6213 78 9416 927 8082 4295 9460 3914 3316 2903 6909 8650 8856 8115 8898 1471 223 3438 
8875 9086 8597 2035 3821 1108 6090 3316 774 7008 6898 2491 3893 5978 4643 3452 2437 5294 1384 8787 7186 5445 3492 275 6949 4830 147 1375 5728 6659 9214 7489 5525 505 2819 1604 4460 2576 1394 8923 9652 5793 636 7847 733 706 8612 4517 8286 2871 7716 7102 4047 6457 1002 4890 1113 2396 6063 4752 798 8865 5700 6260 7503 4593 6961 3026 3594 8778 9411 8306 4403 8384 5768 5714 5611 9642 297 7566 645 7655 5829 6190 762 8168 975 4536 9869 7865 1930 1095 3019 8164 1862 7716 1215 5173 3319 1771 
2395 6432 1764 7244 1123 5084 4531 806 7050 1605 2101 9202 7377 6248 2680 6679 6224 5327 620 4566 5152 239 7381 7018 6554 3425 2715 6271 4428 6616 8522 8369 182 440 5029 9921 620 4143 2488 7102 3167 3942 274 1917 7809 3224 3544 9284 3336 1964 1323 2601 999 4739 510 8204 3702 6254 705 3446 7788 7478 4023 4515 3111 639 2718 6858 2090 4885 5988 2555 5570 1060 9753 6063 9309 8674 2013 7585 9010 5227 1751 8640 4656 4090 9986 8604 6798 9739 9323 2000 2074 2697 4292 3120 2682 9108 9333 7826 
6642 5286 6830 7936 4898 1136 9703 4144 2851 4578 7324 7298 6176 320 9318 4125 6165 9128 7613 3359 4280 4469 2768 1266 6480 7072 5277 7199 3851 4635 9 8319 1343 6457 6822 3637 3956 1199 576 4128 2728 542 3656 551 1304 8668 5975 442 1981 7317 3783 6534 784 6637 4593 5610 3768 6388 852 7051 8006 4172 8063 5199 552 1650 8854 5879 1094 8941 8927 1726 2837 6997 8106 2601 1542 2777 7822 6455 8181 897 4498 6868 1599 2565 1095 2241 2529 9009 7305 7245 415 3060 8067 363 9513 7269 9493 8717 
4078 5667 9870 8628 8769 4807 1852 4736 5922 2743 105 427 6232 6019 999 3506 6528 9825 4467 6244 930 5254 7350 7598 6775 6275 4115 8066 4678 9947 7297 2601 6005 336 4590 2311 8348 3752 5713 4065 2049 7746 6546 6616 9153 1280 6774 9729 6409 5629 3461 8037 962 141 9288 5065 1298 2969 9706 8956 9701 1076 9590 875 5192 2078 3999 9045 4551 7653 5536 7350 5140 1489 1016 1829 3482 2766 2972 6745 2477 7254 9692 9779 7568 9764 8961 3036 6117 8037 2562 1824 9628 1437 5838 819 6418 7251 9133 7706 
3424 7792 7092 7440 4335 5282 5128 363 5492 5571 8048 2076 5514 9267 4168 6566 9288 4081 7019 6945 3360 8522 6950 4053 3320 6379 2019 2287 9652 2587 8962 3171 9306 4098 5446 4691 1597 8477 8856 5996 904 5721 8892 8650 7957 7943 3956 1704 2146 5227 435 1795 7517 7330 1318 5897 3840 3828 5532 4131 4498 8634 4671 3644 649 3545 4533 4656 2025 6124 9714 3748 1899 498 9620 3899 5927 9658 2580 2921 43 8715 3468 9478 1683 4997 7803 1381 4730 7497 5760 6109 1478 5425 1349 5322 765 6964 1755 2168 
3946 2780 6314 7909 524 3674 6619 5574 4412 9630 5465 7131 868 755 5652 9002 7961 6253 7774 7749 3419 5246 2868 7634 6260 2965 3147 6249 2296 9463 7022 7774 840 6092 3904 7609 8331 3796 6726 326 4288 2214 5497 7691 9989 5446 1304 1188 5966 1087 8770 3201 510 7300 5281 8519 9001 317 1574 7869 4598 3069 2372 4157 5686 7358 6450 1587 7299 8012 7047 8897 318 2328 1205 4231 2661 1884 1662 2041 4942 2945 6877 1805 8121 6270 2484 1275 7287 6274 5634 4176 7110 1284 9472 5960 3737 3283 1323 6381 
6111 7123 1280 1427 3685 9981 8182 2144 936 7718 1206 9890 7719 1472 5100 8244 4354 4318 1014 9106 7519 7032 709 495 8058 1195 6517 3029 3220 4600 6700 3385 3995 3024 3575 6750 2221 9072 3182 5869 3591 4769 7585 7299 1860 7991 4346 9430 6523 1901 1919 7200 6793 8394 2119 7395 1956 9299 5924 8224 4875 2282 8367 6285 1496 9967 5341 992 5568 1763 4394 2762 8811 5818 5323 3171 4161 4655 1999 6606 7852 2247 676 1361 2528 4595 6028 6821 6270 9276 9790 3717 5785 6724 6496 9282 9950 44 7399 3746 
4927 6483 3620 9225 4734 7655 7677 2826 2232 7981 1505 248 3543 7747 6058 1027 1793 5235 2675 7533 405 2455 6920 8604 1816 5312 4125 4014 6595 2034 224 5492 9374 4519 3241 2876 4093 4537 1674 9520 6213 7713 8851 492 8228 2903 4470 4276 3866 6612 7887 6614 2583 3553 6930 7290 8651 2351 4872 5326 2887 7593 3883 7436 1812 194 9487 7183 9981 9527 2312 6790 893 8683 5992 2132 3494 9414 9316 8384 3559 4389 6946 3576 3985 8234 9642 1644 9873 3088 8525 645 7248 2045 5001 7888 6952 3164 3972 5819 
7205 0 5461 1645 1479 3321 8712 2938 6466 851 8843 4372 2945 3772 4678 8620 6609 7033 2326 5114 3388 5039 3052 5709 735 2898 9688 2190 8282 9739 5253 3541 2849 851 8310 6347 4798 5435 7909 698 9833 1252 4167 808 7984 9128 9339 6668 5210 1528 2572 9523 9420 1071 213 7848 7637 7945 6316 2041 1572 1427 4807 678 4292 7345 3354 2464 7551 4353 1881 7304 7731 1271 1365 4115 8461 5750 5198 1230 2055 49 3359 5151 811 5403 3485 3113 6025 2573 7932 3184 4615 113 2007 2862 5220 1270 4528 8810 
4630 1195 6170 2083 6480 2953 2486 3149 4802 625 8781 2650 1254 1531 8978 5998 2141 2592 6795 6795 4493 3109 625 8781 2650 7933 1531 2866 7334 3893 9573 8434 1960 2141 4238 8216 2766 3098 5391 1622 276 3351 1587 6881 5678 3769 1234 2177 4333 8664 6526 2199 8577 7748 89 2412 3169 8185 8618 3878 1625 2203 4902 5261 1427 9110 549 634 4321 5129 6756 7805 5235 9918 6685 9792 6506 5125 3259 2999 4631 9806 1774 4582 9391 832 2190 6018 3147 5730 7621 2158 2975 5878 8463 8120 6445 6449 245 296 
1591 781 6710 5591 4055 2175 5343 7132 5406 8988 7467 8606 3153 8837 560 5900 3792 5437 5035 581 9149 1580 7558 3374 4297 4412 1961 9840 6456 6835 8028 234 3921 9815 7921 970 7291 6626 2193 5279 3713 590 1908 3937 3257 5253 9237 9418 7854 5039 4463 4570 7611 3150 1960 3976 2090 7432 880 5326 5465 355 4168 2572 3018 3707 696 4182 484 9781 7748 2538 140 2610 475 1827 7182 5212 7835 853 3813 3884 4129 8468 5357 1002 4482 1145 9086 3974 6434 6255 530 201 7992 1074 3036 6207 783 6677 
2051 4453 8975 3558 8798 2685 8933 9150 1666 477 4215 9838 6266 3832 3055 7742 321 397 1321 6545 4068 9384 2816 9542 2003 8348 467 7232 1441 9003 3915 7289 2691 8618 4749 3036 6632 588 700 8395 9574 7718 6729 2776 1739 4767 7374 3931 3842 1879 878 9951 1162 5935 7823 8650 3822 4621 7016 3756 7322 5178 1437 4009 9068 9946 6410 1108 7802 6841 2203 90 6378 8740 178 200 1184 2217 9350 8168 2326 1590 5114 6409 3988 3388 5597 9354 6814 7626 5369 2311 1748 2490 6144 7705 7312 9680 8301 3398 
4067 2747 1408 3687 6086 3482 6828 226 6776 3708 9524 7284 4692 4526 4097 5786 6015 1171 351 207 2809 7039 6832 2389 5714 5613 3185 1770 1853 3791 1608 8683 2794 6717 2558 5537 8832 6741 4430 2464 8973 5089 3610 2206 3716 5783 4735 3319 4031 3354 2464 7551 4903 9471 8102 5882 4849 4762 9754 6776 1981 6279 5885 3244 2155 5407 662 3438 4460 9845 6135 9233 2522 2177 8553 2359 2869 3180 8841 2020 3760 6294 4281 88 4121 9713 9234 270 8106 6338 4288 6503 9374 7586 5787 1031 6172 314 4585 2237 
2945 2921 8647 5092 6233 6697 1437 5511 6390 8903 9170 1992 4293 3325 7157 2032 7384 5365 4418 2732 6162 5264 2755 8536 9286 7479 9506 9521 5086 9816 7576 9070 666 7914 5342 5163 1904 6443 2266 6207 7744 2957 1965 8236 3004 972 3827 8669 8434 609 2388 3294 3534 1851 52 6867 8944 7994 7806 9232 7815 8299 8365 8624 4048 3139 2276 493 8858 983 9196 1071 877 8911 8851 5360 4254 1647 8219 3686 7513 1321 5971 4025 2978 1446 709 9210 5745 3407 4502 8519 4038 2755 93 9119 4795 8634 1545 6566 
7624 5836 7342 6945 763 2829 1192 4147 9958 6919 3623 3871 6059 5504 6528 7291 3713 7412 8493 8136 4841 6263 2806 8310 1196 4833 8669 948 9441 3320 9821 7441 6711 9175 3255 7154 8990 8875 8170 3615 2602 2611 2351 5026 9882 4711 3109 5844 8827 7763 6511 2286 6703 5488 7636 3639 1352 5111 6019 2303 6010 2793 4163 7276 3164 2247 630 6128 6923 3185 1160 5609 4557 2808 7373 537 684 2931 5621 1749 4516 2262 4870 8660 644 5321 8144 8828 6893 3842 139 7472 4399 5883 9961 7319 5679 6114 7864 3184 
6120 7676 3558 5808 2297 572 1873 2195 3138 3019 1619 6637 4593 9358 3768 6183 6290 8063 3786 1837 4842 552 7567 1650 8854 3860 325 4498 7636 4190 7856 6486 5793 8414 4098 6102 9886 2457 2115 8706 3746 8569 678 242 8808 9796 5214 3689 1353 3722 3968 1487 3424 1049 8388 7914 4153 2092 4816 3481 2911 1821 6505 9208 5269 6515 1765 9372 8591 2748 9913 57 7442 7875 7714 3261 4431 6539 1656 9077 6925 3440 9448 7505 7566 4600 5898 3181 4489 4164 2282 754 4374 8615 1506 5043 4207 6445 9713 1009 
2319 9063 5983 2915 8477 9934 261 6203 4645 1837 6966 4459 6319 1298 7803 2618 7538 7686 1179 5333 3762 8744 697 8350 233 7349 7592 4755 6796 5308 9637 8667 5928 2753 5387 4894 8463 3002 9905 8511 6545 3093 2439 8269 8030 7771 6082 8852 201 3509 9520 805 8765 4813 8251 8374 4002 9178 2100 8315 1167 6264 8073 7936 2265 4961 8544 1080 1558 3217 7271 7887 6910 2761 7318 3946 5872 2677 1103 3480 1542 2638 5862 377 7380 4290 9560 9443 116 8621 4483 3699 9216 7989 6802 8895 9391 3861 9185 3544 
3088 275 6491 6799 275 5511 5123 4160 8811 8136 8756 5720 3969 7693 4564 7740 7547 1909 4463 2694 7786 5657 6305 3616 7033 8941 5906 2690 8585 7227 5990 586 1667 4444 6503 2541 3772 1728 3175 2922 4167 9219 2378 9999 5816 4441 2270 9131 2290 4564 5119 5366 8033 1114 4390 2801 4575 4858 4327 2972 2751 2943 8800 3210 8872 7037 9390 7562 993 3001 2939 1739 4925 112 8963 1866 293 665 8844 70 926 7399 881 4228 2505 7554 7289 5606 8926 7554 795 6180 3785 4773 8193 369 7883 6216 4426 8096 
7774 5074 6091 4091 2508 5473 1682 6818 8308 8833 5019 3612 1582 8613 3688 3455 2445 2146 4960 9677 9011 3275 1957 3645 6264 8212 3179 5732 2415 5939 1548 1684 9259 6394 39 6303 6524 6055 1788 1591 888 7354 8098 8184 235 5554 3115 2279 7257 4748 8216 6895 8948 6414 2327 8635 2188 1462 2799 7000 8834 3726 5566 9739 6698 7381 2940 1946 4950 5610 3628 3364 4403 1076 2662 2846 1856 928 6117 4182 6585 9228 1348 2167 8239 2922 1059 2337 4667 8034 3852 9622 8034 4410 3296 3736 350 4738 961 9261 
544 5619 5211 5894 7158 2120 962 2901 4109 8247 5469 826 6421 4855 7787 500 3128 7094 5341 4309 8005 3132 8275 6727 4808 3060 8537 9901 8267 7301 6864 5943 9642 8618 9486 2227 9084 4509 3501 5869 3606 3411 8374 4665 4374 1220 1002 370 7953 474 7039 8731 4158 6925 6650 8818 7130 3148 1334 326 4545 6568 6868 1791 5795 2446 3441 9394 6779 3524 2535 3151 2815 9808 4440 626 2485 3415 3839 4751 351 4873 2197 4758 6003 4208 9072 2683 7425 9663 2317 6231 4864 4667 877 8048 3805 3247 2214 2042 
3632 2276 175 8496 8160 2974 6896 2904 2503 2262 7496 820 6065 8734 46 2484 5503 2717 3705 3112 4061 3521 2889 669 7413 5193 981 3427 5751 8369 4130 1899 116 8558 1867 9788 6413 331 3209 1284 7678 9619 3349 8701 2758 6945 7083 8039 7148 7538 1883 6381 4867 9757 9145 606 8504 4145 3978 8650 7605 3588 9973 1280 8885 223 3465 426 546 1523 3834 3788 3467 4013 3366 7593 4657 1698 9379 2619 3685 9779 5308 3110 7888 3872 9169 1688 8946 9047 2620 6996 179 5484 1022 9419 1018 7847 14 7640 
8223 3436 3085 3535 6893 6459 3264 7017 1829 8351 4065 3984 7112 1352 3831 7193 7860 5874 180 9067 3989 1170 9751 8055 9509 87 9014 2294 6137 5045 9424 7973 4249 688 807 8128 9039 4084 6690 5795 3979 3220 2550 3857 2896 3332 4630 3006 2763 1831 3447 3847 2541 4606 1728 3765 9352 1690 6270 8514 2431 4059 2948 9141 8069 5681 2549 1207 2500 6995 1902 8125 4456 4959 3365 9050 1551 1726 2484 674 5714 4376 4157 742 6152 920 7987 3149 4986 6145 4802 4527 5311 8961 9680 949 482 7766 1610 8569 
6439 6064 5381 7409 7827 5910 4755 703 6967 4367 7699 6808 7159 6692 2669 5297 1987 7172 8747 6772 1456 730 8194 5871 3842 7705 5185 9807 4527 7381 4686 1966 5840 6889 2727 3619 1133 8751 2143 7746 6 3930 5867 1796 1654 9795 3494 8462 819 597 4387 6968 775 2273 5863 5685 2500 147 1083 7816 8055 5594 3112 2198 1968 8549 669 7413 5193 5169 981 3896 5751 2804 5580 8074 6329 6317 8571 781 2702 9540 7834 5539 331 3236 1755 647 1405 9443 3587 5751 1131 885 6182 760 5932 4691 5392 8742 
5961 5503 4866 1304 4577 3875 9512 5343 5173 6372 1689 2679 8277 238 5569 2167 3039 5402 6639 6611 8722 2458 9198 2524 905 7822 267 5095 6587 7387 1082 3822 1805 1690 3021 7807 8514 6336 2916 7070 8585 2906 3559 1010 7689 2467 6395 5986 6784 5494 4893 1230 7811 898 4028 9478 2076 7803 4952 4320 8611 2255 6839 5321 6510 7099 5671 4637 9747 4919 4300 172 2735 1225 1162 956 2220 5874 9694 9641 84 1541 4910 7802 5209 6320 3826 6578 1646 3118 4177 9386 7923 7324 1712 6866 8512 5127 9608 5676 
9523 7793 4505 2332 8283 4992 2869 1611 6681 9393 8713 2380 6795 4876 5209 9678 871 2550 853 6726 746 4286 1418 8187 5825 4011 7166 1704 919 109 763 8365 3460 5832 3488 2270 4188 1650 3123 6725 2892 8895 7314 9986 949 8747 3286 7682 2767 1430 7921 5429 9481 1048 7915 5697 244 1862 739 9653 1365 8765 1288 6234 5751 2074 3484 2330 3163 5721 2250 511 2512 1138 8393 7846 397 2437 6441 1238 9513 5025 9272 2329 1956 6000 3129 1528 4109 5900 7259 5085 7779 1742 7642 6557 7527 1091 2199 927 
1805 1055 7182 4606 3311 6200 4927 1689 8613 2679 8277 238 6861 4444 3010 3328 6639 6189 8932 4958 2524 7842 2207 6074 4714 5997 4795 2696 4467 5024 4396 525 7546 3126 2453 6980 3974 3395 7966 9563 2927 3563 2961 2135 6511 8423 2055 2150 818 3224 5294 9465 2648 7314 9104 9295 7978 8392 3809 2336 2126 7143 509 880 8308 1405 5874 7145 1933 3891 9879 7662 8214 1334 2740 3345 3360 9853 2887 219 8179 1709 9321 7978 7401 369 2030 2194 2233 1039 8546 3059 685 377 3778 9441 6236 5045 7005 691 
6323 6473 3985 7304 3638 7310 4849 9457 1665 9854 7774 80 1713 425 8811 4889 7732 5977 2164 1329 2473 6961 1581 9749 7524 5256 1805 7248 4289 4166 2474 2058 8440 6391 328 7719 5181 9617 856 8962 5574 7113 4394 4382 7810 6773 1873 117 1315 7722 8875 9091 3565 5427 475 6576 2818 632 8834 9965 9882 9911 1325 4902 8414 7608 2037 1202 6038 7783 5223 2304 7779 7613 2152 9008 7188 2850 7616 5108 73 6451 9474 7253 8782 3000 8361 338 4409 6633 4301 4996 9018 3491 1166 5905 9787 4965 5459 8444 
2396 7184 576 6919 4647 2868 5752 717 9963 7643 3335 1218 4103 2855 5081 3161 7452 2231 9494 8309 1195 297 9303 7109 8687 4329 1762 1577 92 776 6254 7631 8047 3734 7201 812 8965 2739 6824 931 3472 9587 6944 6641 8086 4191 5586 8325 1011 4188 3445 6275 3916 829 915 5861 3320 9200 3553 2714 8186 450 2685 417 6366 870 542 9323 8995 8727 8171 934 3752 2782 7045 8627 1390 8593 2966 3459 9911 664 2607 8391 541 4466 5750 8619 5198 7306 6707 8018 5142 6618 5119 4269 8350 7516 1227 2033 
177 2360 572 9806 4779 3379 7191 1533 7501 6456 9951 7862 5271 2527 4035 7608 4218 3551 1008 4557 4006 153 988 9977 6541 7978 75 6542 7553 184 7832 2689 7293 1863 1343 431 1357 5397 9769 4949 9723 2461 3668 1921 6140 2453 8179 7270 8953 3355 9915 3048 434 5489 51 4190 8885 3371 5232 6726 3343 4795 4219 6103 583 2487 3834 2607 5685 6971 4208 8353 5150 3760 4140 4270 6485 2171 1054 5162 9693 90 1030 174 6616 8773 6380 7703 6181 9332 151 5426 4998 1621 1335 7892 5151 3069 7824 1891 
8162 9613 2517 6280 2820 877 117 4721 7440 6123 20 4357 2299 5397 6212 1492 202 9332 5129 9793 3721 1094 8394 2303 735 3955 7208 2437 3283 8969 3836 2016 1106 1767 8762 1395 5848 2171 9057 789 9769 2225 6891 7081 9964 9528 256 6345 1756 9869 9724 66 1809 4197 2401 6706 136 6948 8507 2468 9478 3806 2879 9297 5679 7664 9876 6144 8629 7132 81 9658 7182 7817 3829 5630 601 447 4743 7335 5599 4086 2050 2196 4005 8888 4591 6574 8329 4818 7565 6641 1179 7140 8682 8635 3978 2032 872 4269 
7761 6449 894 3177 9767 1980 3196 2666 5679 8843 4556 6753 6191 3400 4405 8413 4043 3214 1291 2086 9312 2999 9057 7860 8004 2881 6162 6508 4151 8085 3750 186 8876 1971 2353 6025 9316 7362 6481 4381 3086 6147 7954 4270 8801 6531 237 6119 88 8752 3203 6918 4057 5749 3955 9141 3109 6571 8392 9339 3649 5780 3510 5058 1817 2235 5408 1830 3350 4285 6737 7956 1356 2514 4461 7814 7516 1571 3180 7038 4747 9536 8812 6463 835 5197 1533 8805 9568 7458 5800 4028 1187 5127 9890 1905 289 5765 8709 1685 