2548 7366 4931 9300 6850 1463 1758 4287 3977 7572 8969 8177 2017 6949 4978 3758 9309 2342 3139 6886 5424 145 3182 8890 4551 3412 4856 2419 6565 2777 4960 5406 3329 1229 5897 188 1980 6904 2586 5271 1398 964 49 8982 2690 6344 4519 5061 7227 5260 5281 5396 6903 4235 1703 7441 6600 7688 8189 5305 6015 2220 2767 9243 5095 9799 24 8518 6039 7090 6233 7339 7882 5657 7001 5845 3612 8018 7289 8966 5714 4198 9205 6504 7269 877 7164 6278 8341 1596 9229 5262 9755 7764 5448 1441 4762 9438 9549 5340 
4560 8285 605 6920 2576 1394 4108 4570 5783 7890 5803 8874 8869 6120 9605 8759 3942 7963 5465 5293 1670 939 2311 687 8434 4759 4782 2628 1841 6545 5964 5895 6283 5469 1247 3122 9528 367 4033 1556 2288 5968 8136 8792 46 4469 3286 1041 7997 513 2356 7451 7217 3091 6200 1123 9624 1770 9542 2344 7386 2402 6167 6944 530 7559 4781 4887 8000 1812 1323 46 6795 3109 5823 1254 1531 2866 7334 1991 7297 5101 852 8006 8141 7831 6472 2777 7989 6991 2592 7370 4246 2960 1766 7149 4539 5037 7101 8668 
4980 7317 7413 2225 8403 4616 6122 5711 7147 5969 5337 7993 6688 1304 3037 9060 3316 7654 3800 6271 4191 8360 681 4056 1459 911 4800 6825 2420 8783 6988 2887 9361 785 3635 5285 7305 3552 1642 4926 2449 733 514 8619 2218 7503 5363 3002 1617 2703 7259 1478 8822 9325 2356 8438 6684 9931 2163 5544 6344 1727 788 7986 9590 8170 1781 8684 2358 3999 2539 6608 5541 4577 2066 9153 6055 7676 1733 6384 2765 8417 4026 6932 9628 3425 655 746 820 8796 6065 5253 1031 5920 3754 2965 921 6562 7671 8524 
5243 6312 505 4963 1537 4514 3526 8049 3346 9658 3142 4295 4616 3654 4477 3799 9514 9020 8854 3860 2331 6359 4190 2253 3805 5642 8232 6416 2875 6102 2985 2421 9886 4287 7172 5240 1374 8910 7513 1841 7301 4662 5943 7894 8618 7490 2788 9564 7083 2572 3018 2247 6608 4182 536 140 2610 8075 7182 5262 6523 3904 4525 5019 6395 6903 6935 6948 7933 4684 5029 7640 2514 9391 7367 5361 5222 9393 1191 2457 7939 1746 981 9471 3966 4257 8657 6678 3197 1689 3986 9674 238 6861 2167 3039 2029 4444 4978 3822 
1020 3807 6786 6833 7927 8514 2431 1289 4059 2948 320 8477 463 2346 7879 3884 9752 3957 3257 6909 3577 2054 679 147 1087 4456 4959 9050 9196 279 4147 2162 664 8034 3705 9532 4109 7022 7687 7684 2577 7119 1005 637 6442 1639 9485 9567 1544 76 1307 7938 7775 735 2898 2174 8103 2190 8282 5177 3569 4754 5189 9249 2312 2001 543 1624 7325 7505 1146 9041 8027 9186 1153 9322 1402 8514 5071 7764 9321 3276 9842 268 1824 7995 4834 2848 5795 5390 604 7840 2345 2915 37 3246 2351 506 1004 5205 
3692 2141 3586 4253 4691 7054 2627 399 4209 6382 888 4525 1077 3611 7539 4368 8326 1292 6456 6795 1058 8167 8474 5433 2634 3926 4877 7789 1626 530 1653 6856 4023 2731 8361 921 4761 9570 4480 1724 6330 6074 7439 2869 2492 6791 4354 8651 9827 8264 4339 8301 3035 6163 5007 3376 984 2505 1849 6142 1383 6878 5800 1385 1684 9421 7799 7527 9439 5814 3835 2043 8830 1372 3951 3302 698 1146 4678 6284 7297 2601 8763 2393 5303 7926 7433 4939 5969 1251 2818 7217 652 3119 1710 3561 5358 8632 8577 3595 
1579 1492 8675 1658 418 1343 6373 3207 9582 7103 4307 5907 2580 7831 7235 4019 9423 8416 7498 4266 4054 5220 4528 8419 4026 7614 3015 3105 2929 7487 1499 3720 9189 3184 4299 8445 5921 6919 1041 2914 1054 3112 2198 2889 669 7413 5193 4733 3427 5751 8369 8074 42 2988 595 6830 2746 9084 2072 6251 1726 9721 148 8300 2023 4057 1598 7024 6556 5122 1615 1430 1945 6019 5516 1265 7508 367 5617 3293 6706 2977 921 1180 7671 1569 9876 7594 505 3631 1841 8591 6331 6951 6741 4847 2386 8249 1751 921 
8986 2900 2537 9843 5762 8520 5465 6134 4007 6828 7556 4025 7527 3641 6668 1590 3423 1068 6073 5609 2199 5023 927 7348 3308 7182 5263 3023 2217 2749 9573 2765 3833 5266 2614 9457 4576 1463 73 5200 6726 4575 482 2931 80 5053 7596 5021 1185 8266 4847 1770 8343 4044 9593 1056 4135 4544 6303 6246 4438 3064 8403 9770 7155 8364 5817 9888 886 7543 8578 2529 5257 3600 6991 6919 749 9957 5570 8451 6995 5192 5875 3090 4698 9483 1999 572 3077 399 5401 1445 4678 8995 7481 1507 3176 7427 5705 6277 
9687 56 5089 1103 5495 2976 5798 1065 4925 6578 2775 1983 5994 8042 7449 2592 1921 6492 9781 2290 2689 6133 9911 4298 5373 6801 3359 8187 379 3020 3861 4599 2380 2479 5192 2952 2138 5451 7840 7029 8815 4597 6015 9643 6697 1153 7616 230 7604 7908 1854 1953 9476 1816 270 3445 9814 8710 543 6319 2802 8155 3013 8069 4207 4389 4291 4860 1148 6896 7986 274 7750 2446 3967 3333 4211 7639 583 5700 6055 9417 7134 7835 4826 4464 9358 4599 6874 8241 8619 2220 9058 2337 6257 4788 9924 5155 1059 3038 
6597 7244 2215 9624 601 4921 4883 696 1126 8783 9584 4753 9759 1842 8012 1774 2477 3347 8641 1190 9954 8211 3439 3550 5086 5957 8040 5956 6393 6526 83 1153 4964 1394 2947 3170 1662 343 1489 4122 9321 3030 7681 5594 9628 2680 4340 5108 1215 4688 1701 5023 1809 4224 9706 8311 5101 9771 7339 6496 4045 8289 1914 5218 5766 8842 5276 3277 8386 7702 1793 7929 3038 7045 3029 2762 3385 3995 1948 2221 3182 2369 4074 3591 4769 7585 871 1218 6652 7154 4091 4936 3775 9381 3831 4481 5677 699 7540 5114 
6344 9299 9824 3435 5464 3937 8753 2969 7959 2707 2819 8995 8000 1812 9390 6064 5217 1518 8001 4398 1324 4321 3569 586 4641 6594 3514 2640 5733 7110 453 9940 4946 1557 1145 4742 4335 4907 9344 1917 1784 7975 3404 1541 7144 6697 6106 5060 4015 7424 9605 6666 9015 7706 4883 7683 3591 2230 1901 4742 9865 9665 5921 851 5651 8461 9908 7647 9990 8488 8770 5712 6673 4493 4802 3109 625 5823 8781 1376 2650 1254 3951 1531 8851 2866 7334 7421 8216 3380 4926 6036 7077 5641 1213 8111 7308 6247 8657 2309 
3384 1310 2248 2004 2591 1293 9468 377 131 4978 4218 4354 3822 1658 4473 1786 8519 5643 9663 7703 4428 549 9037 457 8361 7018 3276 5785 1804 1807 4967 5279 7529 8016 6247 836 5670 9154 5028 1356 6373 9756 3783 6534 232 961 2564 5610 943 852 7051 9273 7851 5305 6290 1839 2029 2404 6997 552 7567 1650 457 7790 4480 2331 9964 3805 1328 5793 6416 1622 6102 1191 8248 5945 6623 84 8529 3369 981 4606 8657 7355 3736 9308 6534 5035 7313 3242 597 1101 8516 443 5817 4165 912 4697 8841 5631 
7003 3244 5439 3133 1546 8355 9202 7319 5343 4359 5138 3037 4674 2432 4686 2197 2373 6289 1887 5840 5297 7432 4931 8285 1124 5904 1331 5241 6399 7360 4466 8237 8072 2560 4298 3730 3435 3606 4900 4385 7651 5078 9209 7995 8302 8999 5336 9974 4098 5374 4153 9724 5453 1280 4560 1508 9 3826 4862 2992 6477 1618 491 5751 592 7971 1873 9733 5300 1270 6132 797 276 5884 2195 1874 1278 7466 7730 8016 8560 1298 8869 9774 2763 631 8706 6535 8490 6337 6682 3660 2188 4348 4965 4361 3421 1870 7427 6738 
8681 2959 5645 2085 2353 591 4089 7240 9345 3219 5396 8051 2766 2592 6877 2486 6316 9415 7565 6561 3490 5072 911 9001 4684 7313 6988 2887 2591 1293 377 8964 963 2881 1318 1082 2686 9503 1805 7807 8514 2431 5340 9472 2549 6401 284 2141 8431 5243 8662 3768 2984 5720 7007 6908 8215 2488 8790 6753 5648 6940 4821 5684 2549 4175 328 5587 3226 3903 7648 2167 9427 4770 168 3876 1173 979 4010 7337 3244 8486 9201 4761 1610 6291 6187 9636 6968 1685 1246 4678 4456 5524 747 7972 3620 5151 911 3477 
8815 4950 9274 3947 2037 16 2301 6476 2199 7137 6869 9695 1514 1242 5818 5283 6635 355 3525 6470 826 8440 4855 7787 500 4197 7094 3041 2488 7976 5576 8005 6954 4808 3169 9648 6142 4245 1684 9421 8432 9207 9439 5782 1009 2392 8921 3648 1385 6477 2047 8815 2217 578 917 5529 6495 8413 3123 6215 7079 2883 3983 9103 9199 1346 429 5802 6843 9320 883 9306 1821 6628 1573 9342 5712 7860 8544 1755 948 7333 2324 594 5524 8571 5782 1541 6376 5078 7405 6070 6916 9083 6699 3706 2131 7436 490 9706 
4335 462 618 3858 5513 3027 539 3861 6508 905 5803 8988 2632 7033 6726 4733 6478 2176 1605 2581 9687 351 1698 1508 5287 1065 6143 3118 9983 3424 7449 8281 1921 2290 9911 8087 1212 5618 1145 9202 9630 8456 2408 7586 2068 492 7114 6671 6549 4364 5384 7071 2820 1550 5275 4275 7264 4549 1438 1444 9185 1935 5493 7247 9766 5466 2364 3266 3422 190 5525 963 9876 4928 5674 9626 6238 7826 8709 6442 1463 3308 7061 6211 9577 5716 5297 3958 5908 8641 1069 8569 2076 1696 8138 4266 7696 6411 3840 920 
5317 9908 5148 8132 5949 5366 9303 2031 6074 7886 8109 7487 9029 4153 4421 6139 8560 884 8353 7143 1457 8943 7665 6946 3544 4822 495 4274 1379 8821 2904 2522 5548 6260 8786 966 2545 4444 7420 2070 4519 8735 7521 4839 553 9661 6847 4805 9324 724 4411 5034 5587 2860 2591 1310 7594 5594 5831 3559 5405 2232 7713 239 7895 4738 5587 9065 4129 7148 8699 2841 5576 132 1884 4993 5060 7941 3724 125 9657 4137 1508 312 2929 4592 7258 7117 9420 9399 2436 5516 7313 4063 8609 3775 8141 2249 2837 95 
6928 583 1398 6170 8297 3575 9363 2697 6387 7832 313 5789 1353 3494 1057 3420 6256 1648 4602 2722 2512 6152 9360 3964 9017 6626 3851 241 2379 7066 190 2365 3260 1146 1529 6578 1055 4691 3795 6264 2683 7850 5213 2022 2894 7973 320 3720 2494 1677 3322 8140 2077 5101 7032 3906 8424 2332 544 984 918 4831 2445 848 935 7405 5850 6385 9121 6388 1329 3752 8621 8310 4138 2411 7885 2519 562 8995 227 3866 7343 9840 2300 6134 7452 5877 3308 4100 2072 7332 3363 4311 3504 3193 4080 8333 1590 8903 
9524 2496 9241 2354 8208 4765 6711 9672 7419 6851 5085 4024 4110 2283 6843 4207 7371 9592 8676 7472 5705 110 1492 5516 3426 5750 8359 8467 1019 4411 9440 8419 2643 3973 542 1317 2191 1580 6236 1556 5454 2569 5337 6650 8533 8114 6280 5274 58 3508 6039 2310 9965 5496 7442 7185 2380 6212 5867 2092 6437 9196 2702 1009 5517 4014 3652 856 1907 1434 1175 4881 2591 3425 2379 7751 8945 6573 2597 3196 9337 6865 7783 6259 8888 6864 8328 3403 6572 543 8523 7361 5657 6509 326 8731 7872 7005 609 9816 
9993 2711 2772 8914 5972 5763 4858 8907 3444 110 793 4184 4103 5419 8482 5658 2898 6025 1415 2093 9437 9553 4377 4906 2673 6615 8045 5780 9373 2150 8055 2066 1382 9998 1190 530 1653 5822 3528 6283 8068 1857 1358 7714 7938 4821 9938 7411 6438 6101 2509 5144 7081 842 3928 2466 40 2127 7516 6543 486 3396 2735 145 4080 5011 2043 4738 8679 1866 5895 8824 4995 5529 4711 8852 973 6158 3016 1344 4176 5001 8368 89 8424 3554 8549 741 3369 2407 5582 7543 6867 8959 914 716 8970 8103 578 4491 
7253 3456 9416 2080 9875 7529 1312 8825 5269 1812 4099 1765 743 210 7714 3537 431 9448 7566 4600 1629 7688 2689 4019 9555 6390 2230 8333 9880 3462 5186 5553 8013 3620 6886 2028 1161 527 3128 345 6918 7513 9175 7081 5844 7058 8652 2173 8859 102 8007 4606 4558 9623 571 4377 4794 4396 2861 3192 9961 4465 9687 2840 321 1887 6398 240 3 7390 1009 7525 1148 9241 7783 2452 2623 1756 9146 1037 3906 9772 2295 8103 8625 3843 417 8195 9500 1805 1787 3581 1140 5471 1485 4515 2710 6746 4139 3452 
6932 5257 2183 5072 2990 8769 5919 8995 934 7749 3856 3682 2973 6255 5947 2941 5213 6656 1494 6696 3235 7693 4655 9842 5534 7804 7331 6423 3408 1159 1477 5334 7116 1654 2709 7346 2134 1880 217 3081 6265 5757 337 1338 8332 3363 3606 5152 1110 2443 6715 5928 1581 9605 3062 6183 8119 1180 4071 1089 1537 4514 2008 9281 3346 6683 5250 1478 4318 5633 3763 6965 1723 7772 2266 8650 8571 5202 4365 3211 1304 3024 5095 8770 3201 5712 8262 5953 6236 7869 1622 2372 9750 4493 7933 1531 2866 7334 3893 5998 
1960 4238 8216 3349 9368 6316 3490 9147 911 9858 4800 2420 337 9468 7989 784 9358 3768 6388 7851 5305 5199 2404 1650 7790 4480 8218 4498 7636 7140 5827 6065 530 4734 9964 9659 4095 2799 8406 7126 3840 4821 7411 2449 5144 7081 266 842 7591 2527 776 9245 2466 7250 3008 40 2808 7952 7516 2277 6847 984 5559 2505 6343 1268 1849 6142 1383 759 6878 1146 1450 8374 5800 4245 6728 4200 8432 7799 9207 7527 9439 3835 2043 9891 2043 6288 3016 7269 3362 3079 187 6681 8815 8228 5545 6600 6791 6159 
1669 3746 8911 285 5592 3349 2486 7565 5072 9001 1617 1478 2356 2163 9590 1598 7024 1566 108 1430 5575 6629 970 5429 4596 2701 1048 1923 7915 4823 7984 244 6910 7291 1365 4552 8765 1688 8641 4464 6356 9340 3585 714 1363 2692 7705 7466 6331 808 4984 5672 8816 6966 2077 5601 8141 4925 3615 6052 2344 3387 8765 4416 5545 9087 7304 5342 2404 6633 4342 6999 3409 4564 8469 5366 192 7832 7933 2210 6068 1152 7163 6408 2518 2764 9108 4590 7478 5433 7805 7364 8868 9681 1165 9411 722 4196 7154 752 
3557 2760 351 9220 8051 7195 4221 9024 9573 1944 9236 6869 5639 2194 6826 232 9063 3190 6255 9237 9652 590 1887 9486 2355 1676 392 7420 4340 7289 4230 2327 4775 6078 3785 9540 8025 1622 3348 3945 3210 6113 5888 7812 1160 7925 1307 3830 5730 5699 8152 8654 4818 9453 8175 9500 6469 5445 6469 1434 6098 8195 9269 7421 1596 8232 6408 5611 1694 1067 7725 9101 4661 6638 1397 6476 792 3219 8116 6747 4227 1972 3670 4926 2652 5051 5348 2571 2724 8735 3087 2802 4774 5126 4463 9056 6503 5538 6238 3298 
9917 2174 3501 1254 9711 300 7530 7592 4042 3821 9645 1226 8889 4375 9393 8489 3142 7923 8023 51 773 1009 567 7366 517 7605 721 7531 542 8300 3747 7945 9619 2057 3905 6855 7668 677 9619 2057 2715 9755 8662 9838 2619 9553 8864 8578 4590 9880 2043 2936 8266 3537 6676 3012 3345 8779 1699 3956 2630 6586 840 9523 7872 9396 1449 8687 5549 4834 751 6779 8153 7060 8170 3853 2936 1277 9517 9642 2509 3134 535 4537 1198 7113 8600 7556 4924 6313 2114 8748 9801 7321 352 9809 6181 8181 5210 7367 
1128 4747 7588 3164 402 3893 7853 4081 7517 4162 6143 9778 1 5050 4112 9841 1592 7456 5657 2556 6233 7591 1664 2335 776 2466 1472 2847 5675 8166 3852 8720 8435 7694 7450 1475 2451 2744 8706 7538 6791 2683 7982 2815 2955 9593 823 4714 941 6058 2115 4930 6018 5610 871 8208 3929 1890 4422 8422 7790 5653 8549 875 5604 1855 668 2526 5580 9178 867 5797 3885 4987 2086 7265 9725 2251 6796 9148 2007 2874 6977 7838 513 8951 3730 2185 8363 6258 1485 9204 9188 7073 3525 4063 3834 4583 856 9939 
7719 373 7948 1176 1541 1376 3084 6121 2267 2963 8333 694 2671 9374 2897 4458 4468 988 9425 8724 432 1175 5965 6173 6308 6887 2410 4685 2882 3253 8027 4695 226 4248 6543 2818 3133 9901 4147 4094 4810 4122 7519 8119 5112 8724 9642 905 2280 2227 7490 3676 6914 6123 1978 2930 352 4764 6181 8181 9715 4563 7102 7894 1797 2348 6636 8634 1023 4298 575 1920 2374 788 449 8132 5350 8612 5842 7573 8434 4759 3791 8182 2628 4139 914 4567 1020 5153 8594 8121 5525 8445 2519 9186 100 4353 8487 972 
5803 7388 5607 6828 9600 3426 8631 2535 6555 3321 1722 1385 4671 8448 1718 2012 1214 4014 3586 5529 5111 4292 245 6231 2673 3783 2803 1683 794 9280 6263 4262 6472 3597 6696 2391 8665 169 9293 8171 499 905 8152 973 4919 1487 7558 2874 5708 909 551 6139 3270 2298 2503 4139 647 2021 8317 7202 8140 6902 7174 1979 2326 1205 9490 7313 3680 9371 1857 308 4166 7918 1586 5769 534 3880 2967 8082 6944 2922 8497 9272 4597 4698 1824 6607 442 1796 7316 5204 7429 6503 3921 2178 8977 2340 3897 9109 
8881 5492 99 8491 874 8035 2428 9936 9490 3524 1511 4506 1461 3208 294 6329 8921 2647 7800 187 9824 2217 8460 7497 3018 3707 9411 9781 7783 536 4109 7684 7907 4422 1434 266 6289 6673 9001 4598 6450 7299 2328 2661 1662 2041 2991 3245 3754 4743 2043 9982 3778 5045 4929 1807 162 3941 1570 5057 4232 8512 3681 1916 3513 1743 4754 6919 4877 3083 964 6753 9704 445 4097 9075 4966 5772 8977 2472 3221 5404 7984 3768 5091 1148 2190 6881 6 1430 1547 4957 4823 8632 5645 9100 7412 1373 5770 9683 
3777 8354 6745 2731 7348 7028 642 7574 3609 834 7387 1194 2943 8549 7569 7888 6065 1265 8795 3601 6193 421 7607 8523 2196 1080 7359 5375 1586 5298 6055 1542 6082 1827 1804 9470 1535 9872 9240 7909 4835 4403 4510 5192 6083 2674 9174 2115 49 6715 8278 1944 1222 9412 6272 1364 6986 5319 3820 6916 3927 6936 5416 8919 7439 5155 2788 6030 4798 4245 1873 8577 7237 9005 3983 1422 3933 9286 5282 7657 4249 9531 1346 3805 6137 1420 3827 848 2863 1182 6475 4342 9912 5336 6985 1648 8147 3029 4110 3984 
28 9633 5059 395 4590 8540 2781 1761 4956 8192 611 1643 9592 4872 9210 1162 4329 7439 7735 3870 1407 51 4597 4428 3248 2689 6064 2621 1046 5921 3505 3642 5831 2237 7315 4082 8224 8690 410 956 7219 1856 1435 2136 4374 4808 4806 8454 4819 7883 5398 4335 140 3139 5461 2713 4678 7337 9962 2703 6958 8922 2239 6531 6883 5514 761 8012 8677 5650 1404 9891 90 5146 3058 8010 3320 3279 9941 6320 2286 3528 4781 4321 3811 1823 6940 441 7313 2566 1319 6797 3164 246 6582 1245 3825 8051 5302 6971 
4762 7162 6672 4512 9453 9803 7354 5489 8917 7688 3648 8216 2381 7827 9200 821 2246 9735 8975 6226 5663 9476 8720 9408 7639 9471 2622 6516 1511 6667 3607 2042 7204 5203 8992 1305 9895 3901 9166 7457 6306 6112 339 2438 8450 4236 9766 8426 9911 2918 354 6491 9719 5719 782 3504 1404 3481 7605 4489 2567 814 4648 935 7787 2676 8080 2172 9929 3256 7323 7367 6301 9097 2584 7925 584 1304 4507 7918 6649 2730 5215 6279 218 2522 7269 1151 4044 4729 6936 7218 2516 5362 250 4710 997 3990 7350 4716 
3384 2164 3953 4106 3393 6180 9963 4394 4692 7690 1213 6528 8541 943 5425 5588 7793 8658 6622 6167 9691 6597 2483 6535 7646 3630 5183 1521 3032 1056 870 2211 6241 634 5652 112 4200 4584 6696 2634 2347 6855 3383 8928 4236 6794 715 6489 927 5106 1866 8360 6529 3356 4828 3586 2117 7202 9290 4306 4349 913 4093 2795 3413 6574 5543 6791 4440 2586 7790 3944 1562 1908 2878 8323 8137 4036 9879 7857 3547 5455 7909 2790 2585 555 3689 5326 8063 3518 5923 7124 3923 689 6433 3937 5910 294 1234 5132 