1378 7986 3221 1629 1234 8964 2252 2991 2993 2411 2244 2380 4676 8788 6717 3721 151 7145 4437 7982 871 9663 6048 9769 3469 6060 3766 9869 2867 8114 7873 7878 9541 1676 1852 367 1556 1459 1266 4169 6672 8331 5921 7072 6832 8720 3697 4963 3119 1781 2539 9363 7975 2765 8417 4026 5922 9628 7649 3425 7614 3015 3687 8016 7442 2723 5077 7859 5875 6487 8383 3157 4666 281 4311 5253 2245 5942 7307 5877 9009 6367 2209 2818 3133 5935 9901 2601 7513 8267 6864 7132 8724 9486 5739 2227 7490 4859 6452 5785 
4509 3501 4709 8551 9417 628 4954 2702 9391 253 7367 3411 5893 5845 466 5506 791 8374 4666 1996 9045 8144 4532 968 9009 2047 8348 9003 2691 8610 4749 6632 588 8395 4131 3106 1454 2082 3451 2412 4860 8945 5587 3454 7156 8069 1558 430 8143 7470 6081 13 3786 9651 8856 6805 6610 223 998 5993 2842 1945 662 9382 724 1395 1737 8530 4434 6881 4240 1950 8318 1141 5089 4370 944 4862 6979 8576 6414 6102 2940 1529 9809 1202 3965 7517 5961 5265 5619 336 3795 5866 6141 8131 546 7380 2819 8978 
8954 8529 9861 3369 981 9471 3966 8657 3311 6678 3197 7355 3736 3986 9674 5654 9515 3145 9050 8909 1075 2162 5337 207 1395 9858 7313 7300 5953 5956 6649 4684 6673 2990 6236 7869 1622 9058 3069 2372 5686 6450 3750 8012 8897 2328 3365 1884 9532 4942 4743 2043 2145 5876 5607 9358 3194 5794 3643 7468 9955 9507 9210 8450 8954 2588 9986 7590 5943 5968 8136 6795 3109 5823 2650 3951 2866 7334 9573 3502 1960 6943 3349 5417 6877 2486 8587 9415 6561 3490 9147 4800 7313 8783 3647 337 2591 4656 9468 131 
2881 465 785 5964 6995 8435 4857 4392 4218 4354 5226 3822 5371 1658 1805 3807 8594 7259 5609 2163 6344 788 9553 3737 2069 6401 3272 5727 2679 9173 2410 3896 4130 6329 4878 3389 8558 1867 8055 9788 331 804 3738 6367 8860 5678 4248 3916 5240 3699 5935 4502 432 3914 4169 319 7654 7418 3800 1317 2715 6271 6471 4137 9616 4172 7831 6472 2029 9514 8854 4480 8218 7140 3750 5642 3152 9712 8733 1622 6413 9721 148 3817 655 6700 2023 4057 1598 1566 5846 5122 1615 1430 8551 8156 1648 315 6339 9725 
7915 9890 5697 3374 6140 244 9588 7291 5532 1365 2359 6046 5225 6619 9630 8160 6071 4479 1381 74 598 755 7748 5538 8620 2035 5471 2421 2882 6082 6995 111 2528 517 5812 400 2290 5307 8484 605 1622 6657 2206 9567 7751 9114 420 6370 504 2942 738 5590 955 4084 3047 4015 8455 4025 9280 9025 4715 4319 2246 4396 6377 7609 8027 6124 6046 1899 3899 6424 8031 3717 8533 503 4464 9043 6218 7665 5761 3670 2309 9930 1390 3745 1310 5721 5227 6693 4368 967 1175 7488 1057 698 5602 7366 2573 618 
5232 5145 9028 1100 3365 7238 4106 2892 5216 8895 1960 2810 7432 7370 7490 7569 7573 2252 2172 2536 2562 9932 6606 3131 5947 7554 5596 4200 5484 5205 3048 1170 3271 7292 5099 8745 8623 7001 8545 7287 9054 9407 3216 8807 4387 756 6962 5707 5733 7410 9086 7621 3821 1207 2382 6532 8259 5978 3893 9419 1800 5695 8982 5203 9967 1881 8658 6455 2208 4355 2324 7558 5462 5845 4827 9090 6440 2343 4057 5566 8380 4252 9896 6271 9548 3333 6665 6808 2282 3676 8562 8589 1906 3210 3627 2227 6057 1273 4644 8821 
5230 3353 7417 8149 1143 4575 4310 6474 2399 9149 6680 3003 6292 5841 8169 9240 1983 8450 4764 5030 6677 6628 6383 4813 5277 6818 9251 3280 620 8250 6023 3189 2201 5469 4714 4432 7686 9640 3355 324 8552 2011 5630 6378 6754 2702 4912 7697 4560 739 3071 2731 6845 5351 7278 4572 921 9541 2549 2514 4154 9570 3148 8822 2775 1191 5272 6324 9652 5425 3626 507 1802 625 2771 7521 7403 308 855 8234 4485 7326 7935 391 362 9209 1404 3180 9638 1979 6125 6478 6120 8870 6099 7613 2370 2835 5014 3508 
2890 3405 3926 7755 5724 4909 1123 7677 4092 8075 4091 8817 6006 4119 6284 3872 5448 5243 3094 8358 4658 5159 4490 1070 2668 2215 7640 8013 5719 9328 1346 1148 9870 3215 5741 8082 242 4616 585 6368 4067 7237 3938 7896 8064 3694 6383 741 447 7358 885 260 3129 4604 7683 7338 366 568 8566 2848 1952 3572 1344 2153 2224 506 3478 4240 6002 7071 1652 6193 7934 5528 8254 7752 9615 3699 3149 2077 7829 703 1257 8132 6275 6548 704 877 179 885 4745 618 562 4691 5392 8742 5961 8785 5265 9539 
2713 5081 8895 5866 7822 6411 6141 8131 546 4852 4460 1394 4108 8923 8556 1643 1952 9344 3572 634 3599 5995 8837 1101 4438 8516 6925 5463 802 1071 9223 443 8364 5817 912 8600 886 3486 2701 9759 9942 8369 3703 1098 8546 7740 6963 8960 9719 2457 3830 2505 2247 9028 9728 9335 1445 847 4377 7242 6100 964 874 1379 4124 234 5533 9620 161 5523 2771 2105 4043 6628 8968 8870 935 8169 4613 9693 3737 2868 4493 9273 1803 6422 2553 4157 3109 1933 7006 8860 4215 6942 9653 2920 3317 2292 9200 9322 
3207 4072 8461 4644 4139 3411 3774 6986 9616 7221 2236 9598 1335 5278 8453 460 8188 1344 1957 7483 3673 2224 1361 6987 1847 1610 6002 4455 7934 8282 4580 8254 6841 1091 5901 5884 2596 3439 1516 2934 2286 269 4813 9205 138 1366 1031 4092 8119 2965 3429 5297 5473 6312 1089 7795 4620 8049 8824 5340 6201 473 5984 31 1641 2168 9479 6840 2658 1854 4307 1012 7334 9733 5997 2629 9637 100 5931 733 3013 555 4197 1192 142 6580 3659 8131 7164 1577 1304 6934 2224 9769 9375 9320 5770 9293 7553 3583 
5308 8957 1714 5359 3715 3327 5771 9255 142 4986 4424 6310 6437 9962 3552 1534 2926 8402 8187 9107 888 5670 5954 6046 1001 5591 3292 1978 8737 4406 2912 586 3836 2575 2196 6297 3120 6525 4063 1726 381 4851 3059 7418 6554 7826 6271 6471 4137 4191 8522 4056 6593 6898 9765 5144 256 3594 7685 9805 5584 5775 8567 2389 7142 5519 4956 1845 2089 9442 7802 2203 8333 1184 2326 6409 3988 9408 785 5381 7735 7805 5531 5249 8743 5754 2495 9267 8053 2850 6002 2941 1676 9567 5125 7109 145 4368 2746 2989 
778 936 3519 2890 794 4098 1153 8081 7174 5870 6821 7247 9261 4917 4318 4310 3763 5667 1899 5581 3380 4050 601 8238 1263 2415 4348 8379 399 8035 4341 1124 6069 8515 3917 7126 8862 2445 3821 5416 9965 5793 6076 6183 3792 4774 2593 6821 5065 5035 7625 9583 1571 6204 872 5092 2701 3497 7855 2665 8714 1891 8761 5410 4922 8473 9592 6214 9059 9964 2164 7407 9856 6516 7446 3866 5646 6648 3836 4877 6716 8066 450 6902 7155 7992 3638 8659 2361 4962 9776 1571 6529 2411 6583 8491 7081 2853 7974 4411 
9374 7869 7747 2459 1022 3200 7752 1494 6919 894 9046 2459 4726 4189 8527 8513 1204 7664 7279 3604 1126 8570 2580 5571 5853 9495 4388 6699 4222 7144 5873 5936 7897 1791 5947 9172 3410 2324 8234 8006 8939 3862 6545 2221 8212 5594 248 8175 4405 4373 9146 7305 9831 3552 5363 7641 5544 6654 3739 2346 2567 2162 9153 1793 9620 5204 324 2618 3407 400 7675 3312 6455 7589 5355 8773 9896 2925 3744 7119 2227 7418 9309 4005 764 6155 8457 994 3478 7982 2755 6619 9426 227 7276 788 8019 6589 9319 9823 
7083 7267 4613 5342 8947 6491 8825 9505 1949 2555 4130 3098 8183 5374 2960 184 3517 6991 9066 2287 8017 2184 5319 4328 7366 6288 1423 6308 1205 6093 3623 308 5769 534 3739 7590 9960 2288 6452 5943 7963 949 5968 1323 8136 8792 2120 46 8747 4469 5905 3286 1041 7682 2767 2914 8073 1054 5503 7393 5594 307 3705 4234 6000 2198 4061 1968 8549 2889 2313 669 9287 1490 5193 699 5169 6234 4733 981 5353 3570 3427 4387 319 5707 5733 6932 3316 774 6183 6439 3345 3562 7386 8772 5166 6821 5600 5065 
5035 2843 1026 5477 1421 3833 8457 9583 7166 9672 9726 4975 1393 1728 9352 5296 9208 3175 9728 740 3320 9018 1940 3333 6923 8183 8828 884 9219 1344 8493 5730 7232 5893 9333 3176 47 3304 4373 6114 2818 5000 15 4474 2818 9683 8079 4072 7837 4679 2248 7853 5920 3429 9083 8477 7759 7683 1765 3562 3849 721 5171 8429 5652 3573 9215 3066 3418 781 2537 5903 8643 3777 4320 2978 8041 1897 5646 9172 5298 8724 5953 8950 4661 2088 7367 6018 4195 7713 4028 7379 4411 4275 149 6026 4505 7278 2577 7972 
7255 7256 41 871 4869 1868 5379 6523 2783 3941 7303 6184 4211 8243 8553 7524 1840 3547 7489 5176 6936 4398 4493 4961 358 2443 7348 3154 2046 8279 6350 3846 8539 4780 1206 6910 5796 1462 2799 6522 8834 6150 9739 3406 6963 4950 8225 2012 7237 4089 507 4182 1348 1068 6645 6761 3347 4410 8711 5637 3377 2885 7381 1663 5931 2225 4627 9684 1679 8288 64 3547 7489 9653 2341 9548 2538 1110 6680 3349 722 6968 5344 1125 5686 4692 5768 22 573 687 7544 6932 713 4351 8589 1445 3431 857 9347 6534 
6763 2511 8113 5042 5295 6290 1606 5753 608 7921 2776 6382 3654 6933 384 614 5153 2767 3303 6959 7385 8917 9266 7477 11 9502 8046 5823 3107 3644 9683 2964 7391 7770 6992 3093 5869 7195 7283 8754 1517 2607 7284 3997 6480 7582 6393 9231 3163 3122 5012 2208 4569 5866 1350 5212 4825 8849 5174 1681 8463 6519 40 4856 2102 9818 4371 8101 9292 2335 9839 5817 2606 1993 7919 1716 8946 515 4813 3328 5990 6964 8529 1165 9550 210 5980 2421 836 6421 8977 9782 5600 1986 8783 8924 89 1499 2431 7184 
5329 5144 3586 7096 4450 3255 7073 9585 9661 5235 5455 1222 3451 1234 2792 2920 7618 6056 2980 7737 8124 7676 5220 6101 7002 4553 9913 4479 3178 4196 8753 434 5763 525 9907 7955 7422 9159 2356 9393 7615 2815 7520 3495 9090 2728 7812 4831 2647 8346 2507 3970 7651 5462 4386 8550 8508 1371 5999 5384 344 4078 7950 8 837 2988 2114 4648 4620 9541 3336 5361 340 5874 7349 2095 8019 3564 8703 9445 7467 1168 7958 1924 5683 1965 956 1095 9350 8012 5364 4905 6087 8153 8693 4413 5159 2688 2668 7711 
2215 3649 6213 7287 8740 178 200 1184 6409 3388 5597 5629 5039 6814 6194 8173 7921 6051 1850 6393 9910 1648 2999 9908 8132 5949 7143 8850 1858 1885 2162 1645 5220 8333 8821 2158 5813 556 1607 5804 1978 376 861 8274 411 5327 4383 6651 2622 3173 6489 1532 8780 5838 9011 8735 3515 6772 5268 5711 8833 9007 2293 8461 2053 419 6146 2070 6547 5654 2479 9033 2949 800 4609 9946 4105 7229 8784 2187 2106 7272 467 2158 6634 9873 7798 4405 9476 3666 6079 4537 9782 8813 1423 1370 5296 5021 6085 5851 
7445 3909 5981 4796 6708 2500 275 5126 7191 1301 5359 8305 837 2858 9771 2824 9324 3495 237 5591 6983 1707 3030 8050 3129 874 2271 9618 4282 3528 2776 9082 5143 1141 7112 9589 8204 6143 7240 8911 9244 4653 682 4109 8278 1889 6532 588 7758 189 2401 2228 8218 7096 7618 9885 7257 2011 3472 6287 3280 9379 9813 9214 6894 1050 888 4132 9179 6029 3346 8492 4099 7520 8602 7370 385 4056 1959 3620 642 6995 7747 7561 3377 6623 7961 4304 7118 8232 3022 2164 2160 6471 8548 9797 9885 217 14 8069 
6470 471 995 4583 3269 337 8257 3632 1370 1168 2574 5186 8570 312 7659 2574 2412 2061 3716 9172 1277 8352 6315 5600 2086 8362 813 2095 2750 897 6663 2017 922 9869 9564 6883 9947 8422 9834 5961 5685 2348 9079 6712 8216 5180 9554 9936 3319 9698 6600 4619 7117 1276 5438 816 9723 1416 4070 9424 8769 854 5841 9650 9686 3834 9704 1852 3913 7360 885 2072 5330 6991 7497 6535 552 2962 7495 6436 5234 5181 147 7642 4059 1105 3529 9797 9957 3884 9793 6781 2121 1978 2125 6120 538 9767 6217 9564 
5473 4697 2408 406 4957 977 7422 6466 8456 5286 5671 7724 5988 5711 1359 112 5993 950 1928 4354 6977 1869 7314 4632 8114 8829 1994 9525 8503 7579 1879 5261 5712 963 8971 5565 702 5533 5213 1090 2113 7312 8600 9120 3587 641 7913 854 126 1710 7080 9783 9998 7567 2296 6435 1352 6208 4552 9644 1961 5764 1583 513 3403 2218 5661 1949 8499 2727 1133 9279 9411 6651 9941 1891 8415 3266 3139 1844 420 1597 6886 3864 5676 4200 2428 168 6212 7973 312 9907 2488 7018 4702 5927 9633 6314 9175 319 
3320 2230 4316 5421 3595 1390 3286 8855 2431 5266 8333 8325 266 8025 2169 7823 8847 5591 9625 8737 8472 9321 4992 8499 9397 4867 3190 7395 1002 3839 84 1746 9861 1405 9471 4257 8657 3311 7355 3986 5654 6393 8081 6834 6122 759 7044 7915 7684 5119 4866 5136 3348 4577 2456 1306 5481 5173 792 4083 8736 4148 681 6817 9606 2896 849 6456 6795 1499 4311 6533 5877 58 4402 1688 5642 9975 7575 3355 8276 3876 5521 5801 7931 4859 8443 8878 9225 8763 4803 4538 267 504 8146 1218 1112 2920 6697 1928 
7409 3611 5677 1767 5968 5114 1766 7384 4356 755 4802 9721 8854 8549 8961 2178 5984 3357 5650 231 2569 3889 7148 4697 4457 3541 4376 393 2829 6660 6630 9856 382 484 3919 3817 2127 3331 926 1610 5882 1940 2234 645 998 6465 2885 8495 8532 3752 8205 8586 3200 4881 1820 4130 9069 4493 4959 4511 7625 1476 1298 5782 7554 1387 2233 1604 3226 9642 7291 2784 1272 8157 1930 2316 5837 235 5265 2896 4000 2377 660 7254 7300 3421 6801 7808 3975 8417 1593 4934 5989 9989 4263 1291 6361 4540 3020 9142 
3643 3861 7220 407 9550 8621 5192 2952 2138 1059 4631 7840 7557 5963 4794 9986 444 546 2605 2489 2713 612 8212 5046 5238 2187 4647 5416 7688 2192 5059 2742 9584 9461 5467 52 3522 3721 7956 9264 8108 7530 3054 9271 3033 124 5166 624 3275 3698 9894 4323 4522 2834 386 8231 7409 50 8240 6520 5839 5899 7704 9036 7949 7020 5780 5537 5465 6857 6450 4375 2134 3595 8542 1815 6503 5098 4062 243 681 9270 6505 4330 9499 8072 9870 565 1507 9204 8670 654 9469 1839 7769 6456 8194 1019 6895 9405 
7269 7983 960 8502 3945 4243 3169 9511 3321 4106 3852 8009 8576 648 5331 6852 8857 5300 3645 6833 3533 1294 8451 8441 7163 4476 698 5602 7366 8508 8691 5514 7826 7853 9028 9729 7056 4106 2026 9857 8895 7314 2971 8401 2174 6886 478 2789 1548 2488 1130 5652 5350 3859 4112 6784 7941 9215 7504 7396 548 3418 3395 5557 1061 4501 8910 9674 7228 1763 5189 3640 5925 6390 2230 8256 9001 3286 7386 2306 6202 9094 5326 5783 5724 7593 8373 1909 2360 1812 947 463 9167 9015 7881 5837 5386 9574 7747 6446 
9112 1402 571 2727 4639 2741 1090 713 1499 1527 4100 8929 8689 6095 9172 8301 8177 8724 6520 7769 9296 5641 6828 7819 3289 6776 5663 9524 7737 3960 4526 4792 4097 5107 5786 6015 1936 186 2296 1167 4261 9598 4803 9173 7375 3718 4763 5641 6086 8640 9831 1957 7483 2224 1361 1610 9205 6002 1978 1652 9447 6024 6979 8282 3375 7752 6424 1292 5901 2341 3921 3439 6882 4454 418 2728 542 5975 7319 3251 7317 7413 2225 7454 3338 961 4593 9358 8961 852 6704 6247 8657 111 2309 9843 3894 4977 1763 2198 
7163 1057 4476 5557 3079 2047 2754 8815 272 2711 6159 1669 3390 285 3039 5980 6000 1968 8549 669 7413 5193 5169 4624 8369 2074 5916 4130 7651 1899 781 1867 9756 7989 6534 3896 6637 9555 779 9501 5975 442 8158 4475 8112 955 7989 6534 3830 190 784 8618 2564 2601 6104 3098 1246 9229 596 2895 4306 53 3960 7925 8334 7058 2546 7035 5637 6282 6564 9476 588 7215 8410 5230 6557 7783 7013 5749 6845 6564 4272 133 2289 3811 1759 8010 7113 2287 5984 3442 5947 6162 4311 3542 5575 1725 9286 7479 
1076 6092 6926 5896 2292 4536 7649 8925 8652 8634 6974 2517 564 8419 3201 6250 7511 5791 1222 9591 8770 3635 3950 3086 7948 2461 7428 5031 6795 2490 2322 9906 3977 3320 3717 6075 6548 9385 9883 4842 5234 8433 1155 2457 3421 2090 8743 5476 8417 3359 5989 9989 7175 1517 9560 379 8515 8496 6913 3312 7220 407 193 434 3814 6567 2479 2974 7192 5192 8084 2143 4223 7198 2138 7489 1059 5451 4631 9107 6595 664 7391 7029 3044 9240 4794 595 6830 8130 3723 2746 8629 9916 8822 3775 7792 6413 9721 8666 
5599 655 8850 9350 6899 7823 6603 5668 8436 6353 2922 6713 1592 4524 9581 9522 9661 4411 3720 7358 6938 7084 3290 9209 7489 7995 4865 4987 8302 836 5709 8900 8402 4226 3068 4437 861 9703 9599 7854 9959 5417 8301 6071 9013 1371 3866 7830 124 7901 340 2647 7763 3289 8347 4291 2998 3854 6074 5073 4696 2459 7348 7071 6328 6095 3200 7752 1494 6919 5108 8616 2316 9597 5015 7776 976 4041 8706 7484 4663 1452 3878 7805 3893 4473 2887 215 9508 7922 634 1725 67 106 4814 1401 135 915 2112 6560 
6781 4611 1070 5803 183 2441 5302 9757 4396 9067 8493 6489 648 257 7547 3944 611 8298 2694 5657 7531 2914 7033 7273 9546 5632 5192 3961 8646 4360 7990 5208 6362 3831 8826 5859 7078 8882 9355 8409 8980 2408 5852 4340 5852 8237 8324 6400 4671 9235 1365 6493 796 6890 7318 2916 8553 3558 7813 5361 6812 6248 8217 7485 9965 32 7491 7282 6006 2092 6753 6437 8178 9196 2702 8445 767 4014 856 1434 4802 5823 2650 6995 4857 1764 4392 4218 9531 6907 8269 3384 4900 7633 8216 128 2884 1428 688 472 
6549 3585 9597 9378 1788 636 14 266 4164 6286 3205 3778 4573 4393 8295 3674 4303 8624 5325 9499 2274 9690 1977 7592 4646 1385 7104 1866 7201 5490 9629 9134 7221 3901 7721 2227 800 2662 9856 9697 7841 7201 600 4093 8086 2232 411 3304 4658 7281 4403 1931 1616 1543 8698 4821 7403 8455 7337 3501 7683 4594 7431 8472 2385 8003 3149 9271 5335 4954 4585 4656 605 4750 8823 9118 4395 6596 6627 1963 5706 8752 362 7432 3522 1868 5516 3160 878 3711 1347 120 626 4037 6025 9685 7484 8617 3915 2495 
4692 7469 4516 1492 688 4524 1895 9645 2928 6502 6546 7043 834 1588 8716 1915 7926 5781 1915 7269 8279 903 5365 9491 2627 1356 1849 5831 145 5489 9670 5035 4109 2073 2497 8617 2161 239 2496 8283 5265 2458 1982 2364 7472 5718 385 646 1135 4432 8761 2210 980 1626 6183 1116 8143 393 7868 9927 6306 9412 8098 3063 3933 8443 4657 3448 1937 6126 8038 7303 5249 126 9906 5196 4107 4488 8549 901 2184 2628 5876 3062 5950 6308 3621 321 5869 1745 7668 1593 5024 8741 7202 3528 6544 6420 2874 4623 
5032 7683 7952 5132 3776 3200 3871 327 4574 5473 5810 6876 7121 9800 5304 1034 1418 8053 2073 9672 3671 6895 4593 8531 1056 6360 8972 8775 7201 6027 3549 5898 5401 3692 266 4886 1436 8655 3481 4131 4238 4196 5382 7064 868 7014 7898 2567 3757 9585 3123 901 4918 9010 7170 1084 8444 4289 3981 1013 4299 1464 3832 6414 6918 5793 1834 8066 4536 5986 725 6920 7354 6685 1544 5910 9045 2176 2134 5115 1477 7764 1241 3280 8882 3444 1072 7879 8861 585 4690 9120 870 6957 5638 9883 1813 3107 4055 7825 