8435 2981 4857 7404 2679 399 6247 8657 9843 3894 6734 1626 9659 394 2799 1358 9147 7126 3840 2676 6474 5760 939 2449 3286 3212 8984 6233 3928 3090 9245 7250 4578 299 859 307 7437 302 1333 8471 4630 4215 5100 5228 2317 4779 8456 5794 3479 3408 4108 4771 9402 6062 5053 2743 5180 5242 5738 7983 8826 6412 3207 2766 944 2580 5396 5498 7810 6903 3771 4420 1703 2710 8862 5425 9625 2832 3750 2683 4409 3841 3897 7820 8200 8429 6932 3780 7239 4494 7341 9799 24 485 7442 1563 1078 8109 4926 3676 
9856 7783 2610 475 6523 5200 3278 8820 4856 4150 4391 9808 5997 5625 6625 5080 3194 3658 3851 6620 9480 7757 1670 3552 134 4106 3868 3299 5101 954 8701 5192 3628 320 7193 7775 9382 9163 3483 5816 9142 9076 348 5481 7224 9310 1698 2 8891 3484 3908 8120 5903 4767 2089 9857 7737 2241 3356 199 1533 9574 2287 9652 5425 9685 7759 3657 8260 6913 7647 2245 7307 1226 9792 58 2699 4763 3419 8860 4402 7156 5678 4287 6543 4479 2818 3699 5047 5935 9901 4147 4810 4122 8267 5193 6864 8119 7894 9486 
2280 4692 7490 5854 7964 4859 8512 8148 2810 7507 8756 8452 6975 5345 5737 5488 5653 4534 8119 2304 8040 3324 4511 2302 6592 2735 5011 2697 1857 4738 8679 1866 7811 4828 1286 7651 1728 30 4207 6610 5841 5580 8240 8898 1323 4425 9675 5516 3050 8507 8307 1366 7143 1031 4092 3754 2965 921 4071 1569 9876 7212 1089 7795 4514 9281 3346 9658 7585 6109 9261 1478 4917 1041 6846 2241 9157 5581 7826 1883 3152 601 8238 4348 8111 399 6704 4530 6465 8657 5461 3105 6994 5145 9729 1680 7056 6424 4848 5273 
7812 4945 8557 9564 775 4525 3822 4567 1805 5153 8594 6833 5525 6270 3591 8514 2431 9808 1378 3308 1550 3552 4926 733 514 2218 331 3236 1755 6950 954 482 5404 7083 8039 8435 6563 3525 5410 9843 1539 5762 6593 8520 5465 7465 667 1676 1852 367 1556 9021 2768 2589 9461 5921 5514 9848 3079 7585 2714 525 1773 3637 5921 3286 1041 2914 5503 2717 7393 307 3705 6000 4061 3521 2889 1180 4071 6312 1089 1537 3716 2008 8049 5760 3681 5250 7704 5425 5633 4310 919 6846 1717 4050 601 7077 8379 6704 
7308 4530 8604 6465 537 7720 2309 9843 3173 3894 3775 1390 3745 7707 7861 9801 5268 5076 6278 7149 8223 4167 6581 188 5601 4590 3261 2863 5962 8321 7852 4448 3763 4384 7227 8771 3789 2745 4954 7029 1882 8255 2019 6697 5067 3149 4975 6035 1749 895 8123 3617 6956 7743 244 5848 6941 7084 4105 647 2044 9531 7019 5566 7941 1518 1762 4371 5055 4703 5053 4524 2864 2403 7247 7357 9053 1654 9835 2134 1880 1239 8565 2726 976 9962 7698 1101 4984 5802 2485 4235 3475 1072 755 1725 7256 6622 6139 4069 
9271 687 1023 9952 1724 6091 2555 2665 8611 7106 4748 3670 1890 4856 9919 3122 4470 3904 2515 8675 1343 3207 6720 7901 4099 7483 4587 1152 2641 8850 2519 2982 7016 4616 5692 1540 2945 5637 9692 9930 2965 9308 4721 5080 5653 5136 1837 6046 2197 8651 6316 2289 3986 1459 9133 7104 8612 729 4517 8286 2871 7716 1522 1784 3166 8027 8082 6545 4047 8435 2952 1442 784 7548 4338 9563 4890 7058 5493 4797 6476 6562 2396 6063 4752 1926 6260 2691 4611 7439 702 1794 3557 4033 7432 3978 5809 4856 2493 6129 
1695 8293 2642 3922 7455 9036 1067 3703 1098 712 139 2087 6764 6963 5410 7519 3572 8960 7616 7476 602 4998 9428 5608 9274 9518 8956 6206 938 3374 2082 4320 9593 9212 2807 5372 6398 6758 3394 4117 6474 794 3748 1505 134 5506 4800 7911 7599 8611 4253 5671 5758 2225 6382 888 9981 25 3019 5330 4654 9762 819 2929 9680 932 9383 7427 9697 144 6547 9256 1115 3761 8390 8290 7487 4378 2241 5840 4087 601 8238 5641 1213 4411 399 6650 4582 4504 3056 4855 2155 9689 9573 2642 662 204 792 3314 
175 7176 4663 6320 4777 2666 6238 4120 4888 1092 1687 2703 2079 3667 5053 4606 447 6981 2215 933 9230 4143 2642 3365 7671 6928 7895 3110 8903 7102 9862 2838 63 4542 9383 4330 2339 6652 9294 3317 5774 7439 9422 5390 5762 5642 6486 5202 9645 4485 567 7642 2399 4025 6557 7527 1091 3423 8885 2150 7816 1382 4959 1205 1475 8909 3044 2257 6719 1395 8858 3705 4701 7433 9532 3617 2771 5103 4313 7429 3089 3670 5094 3553 2806 2648 6228 2983 2946 9665 6727 5596 3423 2818 6488 1582 1159 5705 4997 4073 
2390 6028 923 9753 4586 4951 3332 111 5644 7776 5773 3485 8576 1170 8005 338 2869 1609 8389 892 8663 6892 1347 3939 7704 2128 9412 5541 9547 2913 1880 9280 6167 4211 7403 9999 1578 253 3973 822 6185 6965 7666 3617 6400 1723 7772 7885 2266 1273 3736 8571 5879 6552 1494 5512 3285 6657 4173 5434 5383 8429 2 2476 1853 8936 9404 2166 1159 3851 1862 1441 8553 2700 942 8821 4599 7757 4832 42 5768 3224 8554 1558 2132 8329 2180 4054 9760 4194 6097 6430 8238 513 647 1522 234 8885 9481 9651 
2980 4713 9815 5076 1942 2589 5837 464 8816 7392 4307 4000 2377 7300 8540 2090 3287 7685 9379 9614 3317 4934 5989 3889 7835 1291 1529 3028 4828 9653 9125 9880 8318 8148 8060 9061 2588 3016 2582 1639 3157 8295 7473 9400 982 2563 3435 7423 7436 1650 4388 3503 6881 428 8294 388 1770 3901 2562 8145 692 1139 9018 9473 1880 8782 3029 5142 17 5005 494 7823 8768 720 8829 3541 8969 7406 6136 8363 3271 1328 8465 6358 8376 2839 3713 3557 8493 4252 4731 3848 6955 847 3557 3776 3042 4050 9931 7575 
7662 9597 1468 4741 1759 5906 3792 9856 867 7471 856 9459 6250 8939 376 8124 5557 7995 8415 1269 8549 7066 7280 8876 4001 3251 3081 4713 2380 5557 4982 4888 9313 6379 9148 6792 2994 5529 4531 9081 5160 1657 3122 2821 982 853 2961 7473 7450 6962 272 4016 4483 6248 5661 3831 1001 9908 2569 3889 4135 7340 5614 2061 7652 7350 5963 8677 2851 8544 9522 3217 1253 7169 8660 6374 7003 8204 7318 3192 8827 672 6190 906 2638 5862 4273 377 8147 5777 9293 6954 8288 6734 3424 58 4435 554 2165 3097 
8824 5858 5778 6504 2270 9131 9403 6999 2290 3409 8469 8148 5192 2946 9432 3330 6080 6694 1956 3879 5339 72 2584 8995 7481 1507 3176 9011 769 5705 7417 4621 9421 2517 4310 6230 2730 4442 1893 8966 8712 6702 8103 3876 6206 3647 5818 4639 2043 534 9444 6381 3635 489 8539 4076 4788 7781 9561 7956 4300 515 2374 3478 1304 5525 7721 9438 253 8280 8209 5406 8525 8498 3306 7667 228 6784 4209 2713 4441 1240 6989 1172 3672 4305 4684 5859 5601 9433 3452 5253 2644 2610 1634 6915 403 3727 3803 1137 
6996 8705 8388 3513 5118 5713 4621 742 2991 3149 1868 8653 4802 9721 1860 8549 8961 7776 5763 5984 1060 4660 8919 8543 5225 8363 3674 6619 8576 4412 3350 6071 2461 5816 5778 6504 2270 9403 6999 7682 4564 8469 192 9686 8532 7154 2801 4575 1449 8609 2856 2972 2943 1394 6833 7883 8626 6724 9786 8962 2771 3400 9150 9126 7403 855 7679 1503 1187 9842 5636 2296 1244 7211 7494 1032 3324 6125 8602 9150 1909 8234 8600 9456 4485 5063 391 362 2613 9442 9209 5636 2324 107 3923 4175 4810 1792 1682 7792 
3947 627 118 882 3028 116 4891 5203 1804 3674 3468 8658 1253 698 2324 6731 7215 5845 6301 4109 2343 23 4057 9783 3420 2487 8612 2830 4257 9981 8482 8988 4182 6476 5279 901 4568 4080 8152 3029 7182 9352 4169 5380 5064 566 2561 5134 2111 9088 2043 1235 9316 6495 9854 5788 5334 9449 6796 2962 8712 16 3353 869 5312 3319 1422 6931 7562 8506 6160 4252 5830 2217 2929 8979 7422 7329 1765 2824 6720 403 3682 7373 4996 9492 6926 6164 401 5405 2505 1233 2247 9028 7042 5547 2474 847 9930 113 
4631 4538 9196 5276 964 6144 756 874 2117 3621 7216 2110 5238 4719 1379 7058 6953 115 9428 234 998 7230 4081 8228 1146 6823 5533 924 5457 5933 6054 161 4033 725 4169 1284 5514 3967 7072 8720 7585 2714 2598 1773 9186 804 2378 2336 3956 1199 576 8876 542 551 9501 4980 7413 2225 2117 6534 190 6637 5610 9358 3768 5101 852 7051 4172 1839 8063 3786 5823 7891 2627 3721 3526 2908 5230 5039 9416 6372 908 7764 9669 3472 4393 2770 5052 5970 9686 9211 9501 6105 8427 1738 5249 5201 5057 4866 
7573 4477 9926 6078 6148 9540 6814 8025 3171 3358 8557 5234 3019 4552 7852 6734 2715 8548 9990 9354 8680 3589 8823 4956 5187 9508 9674 8009 4 512 7445 2288 6219 6348 3024 8263 2620 7807 1656 3527 1984 9713 3953 310 8873 4368 2795 3657 9107 3266 2805 9020 7050 2711 7937 9513 8386 9522 4725 8868 1448 9884 2715 7903 6721 8456 7053 3521 5925 6908 5837 5077 9473 8497 6659 4616 8070 5316 6125 8403 9752 7212 1818 7920 575 2242 5253 2571 5792 304 685 3338 3822 3563 1752 7529 3668 8105 5142 3667 
5557 5450 3346 6450 5682 2227 533 7146 1886 5744 3207 4950 2215 1355 3278 9524 1202 990 9353 6849 583 585 7947 1727 1252 4972 1314 6576 5929 9184 5987 4855 3393 9062 4831 8367 3116 2592 9078 6630 3392 2077 7971 518 384 3013 7152 2594 1833 4641 2019 2642 4852 2147 1925 1605 2122 4423 4249 9026 615 537 5313 5526 507 6189 4565 4221 688 1893 8592 2652 1619 7301 2519 9011 4745 5234 4408 7064 4054 817 5222 5572 4548 4236 13 7974 5449 5587 3751 662 2643 7665 6505 5336 6981 7935 109 3182 
2787 6446 58 6094 5842 8178 6962 3089 1849 8063 2376 1699 6029 3194 8602 8207 7068 7347 4915 610 1009 8832 6430 3632 8792 193 3070 7150 5519 5566 9347 1217 4483 8020 7104 8514 9113 4289 9855 2412 9145 7113 1632 9980 258 2313 8266 5841 6326 3432 2196 1772 3773 5040 1797 4619 2811 7841 1599 3698 3111 1520 7341 3801 5895 7022 5192 8241 2389 8692 464 5167 8243 978 5430 3248 6422 7948 1144 9141 7743 5984 4219 7190 3437 5785 2674 7136 1204 747 7989 1957 1325 6474 9753 1022 8186 1624 1073 2649 
90 2488 1710 7263 9699 3030 9220 4502 525 1744 9896 9423 9562 4097 4240 1019 4151 646 2657 2945 7129 1080 3762 4641 6182 5612 913 2353 3756 1101 1261 6749 3697 6979 7961 5155 6415 3239 2827 2654 1180 1157 2729 8403 9045 9756 952 7446 144 3014 8803 4603 1054 9237 2069 8239 8451 5415 8119 9843 2924 5742 161 9198 6235 4298 6694 435 6306 9089 1388 7388 4608 1122 110 4620 1496 3423 531 9012 6288 3241 7307 5564 3820 9734 55 8071 5811 3935 6330 1553 1159 872 5045 2637 1887 3498 2735 6807 
8752 4048 6396 4729 3601 7602 8818 5206 3762 7458 7680 96 3399 6412 28 6056 7851 9554 1319 5293 848 9395 8879 90 7231 8076 4928 7746 9391 2135 7505 3068 4367 5991 9014 7029 6834 6998 5309 2308 4920 6634 5066 1384 4406 3393 2319 388 8630 9434 7218 2973 3260 9894 5222 9686 6253 1351 2406 5755 2484 5947 1013 7942 9823 5002 4919 4131 5023 9602 2925 5813 9945 4779 2968 1588 9461 9694 3217 9750 1841 6660 8520 1098 1012 8771 196 8867 8738 1598 2331 596 8046 7435 4698 8100 1709 592 2892 3760 
3174 1999 99 751 2917 6320 8740 4520 1465 4357 7688 5392 5226 1743 4767 3201 8433 1191 2140 6623 4855 9471 3311 6678 2335 3682 8276 5801 4859 8878 4803 9947 9860 3312 2945 9532 3043 7210 1910 6058 2370 4162 4535 3835 3848 3670 5558 1895 7679 5742 9010 5010 7400 307 9905 8992 4528 4115 2749 1146 9731 5968 7480 7260 3937 2234 7081 6491 645 6465 9447 399 2885 8495 9539 2722 8915 5506 9170 7034 1331 5228 2430 1853 9585 9409 3472 5402 8174 9188 2694 5803 1042 1486 9151 2089 4875 8737 8738 4970 
7701 1827 6525 2176 9138 8203 8149 8930 2804 7051 3601 5126 7826 3 9219 7390 1958 5067 158 3641 6873 2581 1304 4497 658 1109 257 6584 7578 4816 1434 3664 6889 3967 7041 5226 6187 9846 1751 733 1198 5628 9050 8317 9348 1757 9620 7459 3221 9804 8207 9095 5672 9984 6484 7320 3096 9842 4080 4923 2266 880 215 5221 1199 9149 4722 4301 6313 7945 8882 8949 5412 3689 2220 3556 1599 7586 1761 6069 1023 5901 2443 6729 1211 8033 1454 1454 9214 268 9086 8266 5274 5154 9796 7518 1194 1645 8747 6189 
7878 8553 7366 7105 4367 6023 8813 507 5818 1391 1565 6111 6623 9183 4713 8632 3962 3306 4209 4441 4591 2709 3613 5246 4684 9119 5572 2832 276 3351 1587 9804 6569 8340 6852 8353 4860 8648 8687 4229 4030 6413 9618 5774 2232 2576 27 8269 1833 961 2773 5370 8220 7909 9791 3457 7845 7773 598 1872 3832 1593 6331 4350 5352 6581 3572 3977 2119 7785 2265 9831 662 6901 9717 768 3555 3061 7391 7557 9986 595 4295 2308 2631 5742 7859 3314 5560 175 4663 4777 9241 6081 1314 4934 677 3391 9179 8269 
7480 1076 8797 8285 5053 35 3980 3626 6278 2842 7852 21 7498 6432 5507 3441 7016 4211 238 7134 3221 3541 6254 4587 5150 8619 9813 8851 5120 2941 3800 7108 5353 6340 442 4369 9489 8933 2892 8100 9023 3260 6746 6458 7371 8990 2743 2766 4280 1154 5014 6478 6991 8142 5814 2391 731 3923 9801 2428 1720 207 3710 6846 9673 2174 4524 4680 5313 1554 7689 778 78 3215 3142 2308 9913 224 7346 1268 399 532 7896 1500 1547 5300 967 4341 9345 5917 9510 5899 1493 2519 1323 6540 3859 8957 201 9973 
3730 7884 4133 7914 5549 6545 4927 4554 9881 4837 6978 4811 7635 5291 2263 4489 7644 203 7661 5475 3804 6657 4129 3118 5749 1944 3103 5531 3513 2607 2383 420 4549 8374 6958 1042 1077 3514 2008 4179 7829 4370 3728 6769 7333 3285 5986 1008 570 6834 547 5020 2407 7829 753 2473 346 6980 1637 1641 6453 9726 4030 8323 8669 5768 771 117 6840 5708 5239 7978 3983 6908 734 2854 4492 4570 9143 825 7265 6338 1691 1578 9468 4792 5879 9467 7773 9709 1812 1356 7695 1003 2317 6127 8428 3408 4108 5006 
4431 9402 1847 6062 7282 5738 3890 8826 7949 5573 1684 8146 5477 5698 5141 1112 5439 2994 3568 493 9651 3438 4055 5993 1386 2671 5077 2713 6487 6425 392 2372 1269 1840 2749 9573 2765 3616 2360 8982 8559 5477 7068 8198 7439 1399 737 5243 1764 2994 9896 5354 8414 4453 3988 2489 7173 4377 2872 8533 6292 9645 5533 1820 7212 4822 5328 7816 4254 9786 2669 591 396 2288 8581 4114 6736 7961 2569 293 386 3557 2664 4838 1123 9631 4335 4718 4850 1192 9551 6762 9594 3930 3010 1224 8131 5511 9395 7464 
3708 1603 3298 5161 2023 4749 5536 8220 4772 3016 4086 2372 4619 4277 5172 9145 6896 7176 1142 4437 4057 1037 8839 9918 7986 8076 4319 9662 2007 2521 950 134 3751 3006 8545 6212 8545 4654 6373 1643 3975 556 586 4178 2249 1809 9383 4834 6547 9256 8658 1115 9455 1512 45 7473 7487 9602 6048 6822 7325 3497 1213 8839 8107 9199 5675 700 1634 3524 429 6732 8323 117 2338 2107 2369 4232 5615 7727 8788 9251 8684 2244 9298 278 5955 8106 3723 6566 6187 5287 420 4499 8414 4807 1495 5417 7661 6431 
6095 7090 9898 5469 9797 9477 3884 9793 444 7491 1851 5826 7714 538 9767 6217 217 6526 14 1291 8486 1607 1746 2367 8520 565 6931 4266 8760 6403 6024 8760 7721 3413 2132 8990 9670 9269 1946 1930 2220 2147 5902 9104 947 9271 3047 387 1375 9630 1913 2424 7403 7554 8539 7651 5968 5112 7037 5512 2681 1693 2111 7295 1252 9851 8417 350 4450 4692 4141 730 1628 9307 6147 2211 1951 4556 285 752 6937 5838 1182 3032 5127 2842 5293 3639 7979 3223 1048 8582 8732 5524 2372 4198 7753 5732 1733 4537 
7349 9486 7169 6276 5674 6826 6700 7495 8401 7760 4116 4602 837 1019 8473 9429 5699 3795 1628 7691 2945 190 658 6214 2070 8720 654 1067 6594 2277 1412 3684 2414 4550 4533 4119 3514 9051 7839 5258 7308 8978 5937 826 3244 8666 5599 8300 4959 2969 665 3142 7024 6556 7368 3508 7829 4926 3832 5839 7116 1359 7826 5025 7567 8339 9272 3413 3129 5900 3591 9636 8257 6118 4223 3698 7117 9366 8219 1717 7705 3044 9047 8031 6950 2579 794 3878 7721 8929 2356 9931 1727 8684 6608 5541 2066 7975 4026 7649 
7614 3015 2136 746 820 6065 8734 1499 3184 7291 2784 9624 3778 3924 1128 4747 612 3164 7889 3206 7492 3653 8919 6766 2353 3686 9530 7119 6193 1085 3904 2945 2775 2239 5341 678 131 2326 8072 7424 7090 1759 3794 9490 1798 6898 1407 9015 4302 3192 3342 1781 4883 8380 1145 4380 471 3603 2839 1883 2525 3306 1531 3154 2912 1677 6173 586 1167 4323 3836 3339 2119 6681 2196 252 1565 6651 6297 4148 8668 1202 2614 4636 1697 5336 4955 6637 4758 5574 5436 9133 2832 2780 4209 1763 5401 6389 3734 4266 
9840 1628 5802 4766 5824 28 4849 8443 2831 4595 2986 7453 2680 4492 7121 8846 98 4395 8499 543 594 4813 2327 3970 9277 9076 5500 4365 4530 2804 8631 5044 8782 8787 6692 2131 2771 4265 6455 2555 7049 9702 5805 3889 4338 45 2005 932 9831 2080 9443 6474 1298 1751 3580 4247 2055 5045 3780 5123 197 2942 579 2114 171 2429 6210 8793 7203 8183 8356 1820 5959 7536 227 8030 131 8518 8060 5487 3069 7307 5380 2598 6957 790 4740 6681 5340 2298 4921 5228 6659 9441 4621 4380 6154 6744 569 2237 
2208 997 2324 7358 3016 7358 6822 7976 8007 7977 9782 7877 8300 2068 3888 1742 2344 3789 1798 5557 5450 2552 3428 3346 9476 7575 2227 8364 153 8715 7936 3286 3942 7963 8099 1577 1674 7022 6302 7830 2798 5597 7975 3461 3351 7118 8677 7367 2891 4195 1616 7713 4830 8335 815 7631 5169 7379 4411 3095 6128 2126 9019 2142 4443 1341 5407 9021 5054 4949 4300 2678 2763 6182 6852 9147 3747 7222 3744 5247 6666 3553 856 4132 6103 9245 5233 1427 4807 5641 9665 161 8728 1 419 5457 4445 8169 6201 6239 
5698 1718 9887 6016 9480 7295 2184 3902 141 4514 2259 4136 8759 2205 3363 6133 5829 222 504 368 8778 4158 3395 6102 657 4787 826 5429 4750 4899 7915 5697 3374 6861 7315 4444 6639 6611 8722 9198 7118 267 5095 3359 2991 3478 9498 6616 3754 7899 6828 5906 8115 2803 6181 9648 2742 7551 6481 7878 1852 8779 1556 2768 2589 1441 5921 5514 5055 6832 8720 3079 4635 3697 4963 3119 9186 804 2378 8660 2467 6071 7276 3330 2581 3939 8986 5636 9327 8576 2502 8611 7278 7160 4819 1388 6893 5603 4160 5603 
4110 9598 3911 5650 6353 9975 8133 458 7266 9689 8242 2852 8560 1433 9729 9612 9081 7144 3183 4951 7514 3081 2724 1285 6402 6132 6109 4095 2529 9799 6498 847 8484 963 6445 8521 4769 4167 5780 4683 794 9675 2449 1200 3623 8280 3214 8943 9626 1807 7589 4129 2011 6707 2277 3843 8923 5373 5754 9266 4660 3494 5438 652 116 9524 5298 930 9391 3604 5154 9470 3446 4103 959 8907 6351 2694 8775 6695 5404 3026 76 28 4512 3778 9441 3279 6326 5045 4929 6323 3985 3638 1570 6320 7716 2761 2525 3883 