9001 6825 8783 6988 2887 2591 7519 219 214 9045 5120 8144 4532 968 1810 5186 9009 4231 467 2202 9532 4942 3754 7465 6330 2145 5228 9541 367 4033 1556 9021 6598 9570 5250 8993 2249 3390 6295 2216 1350 2213 4874 8849 6306 3035 3947 2277 2026 6847 984 3198 6343 1268 2613 8115 5148 8620 8488 9700 4027 5564 9782 6010 1188 1087 2352 5712 7404 4354 3822 3800 172 5468 6786 1690 3021 3591 4059 3098 9141 2601 8477 9472 1207 463 2346 9752 5685 1083 6707 5148 2150 6995 1902 8125 4959 8236 4059 8069 
3630 1207 4418 5681 7558 7879 1470 3957 3577 2054 284 679 7844 147 8537 5148 7783 1827 6795 3109 5823 2650 1531 3830 3893 5998 7537 3393 3349 955 9368 8587 9415 9147 911 9858 4800 7313 6795 625 7933 1531 3830 7382 7421 3502 8474 3393 4238 2766 2592 955 9368 7565 5072 9001 8193 121 337 1293 131 6448 6995 4983 1764 1763 1082 5226 5603 4567 3800 5468 6786 1690 9692 3704 4421 5340 8456 3408 4431 6904 8778 3714 458 7014 5228 4779 5086 5794 8428 6535 4108 4431 4399 6062 6511 7282 5738 3890 
3207 944 6516 8714 4288 2214 7545 7059 5791 3994 250 5019 1846 4395 4697 7664 286 4083 284 1367 4217 9311 7130 5700 567 1223 6557 7527 6668 3423 5609 1677 927 2895 1805 1055 3673 5263 3023 5932 6096 192 3616 1047 2503 5322 5145 1100 3365 7056 4106 2026 5744 5273 7846 4945 1045 9657 7690 1332 4928 2487 6570 1322 533 1920 3622 3590 5125 8327 8993 1754 5106 5425 8990 605 677 7409 7645 1596 3176 2930 1805 7907 2726 9281 4651 1434 6289 3157 4097 281 5253 2245 1323 2868 9792 2402 201 1074 
6207 7616 1935 6677 2051 6456 2502 6145 4802 5311 8854 4702 2178 7911 3360 419 8872 2000 9847 949 482 8521 5671 3451 3292 6446 7893 6441 4827 5023 1220 3167 4033 3978 441 4171 8485 5460 9560 799 9679 2023 7157 6146 1954 2835 3602 3744 843 1875 2474 4448 7895 4584 5831 127 8071 1065 2730 3277 5388 6742 1674 5183 6126 3721 1751 7183 3493 28 9814 4918 7261 5151 8872 2062 5347 7433 7774 295 3904 9518 983 510 9683 7546 8307 5617 9728 7143 1031 5920 8119 3754 921 9282 5297 6478 6562 4071 
5243 7212 2392 1089 4963 9055 3716 4620 2126 5760 7585 6683 5250 7704 5425 6514 1041 6956 7743 1603 5055 8195 5929 9742 7728 3920 2632 7889 587 4436 6560 8612 8851 9058 2337 6257 4788 4338 1700 9497 3038 7244 2215 3517 9624 601 9023 5281 6024 7724 193 9584 4753 3742 9445 1905 2853 6393 2477 3347 6206 7173 4003 3465 8641 7453 9090 3471 9954 5407 7090 747 5595 7622 5926 4955 3519 3258 4038 7564 789 6385 9854 1016 7429 989 1003 8097 8854 6691 1298 197 5563 7920 3579 9293 2443 6769 860 4404 
7158 2063 6432 2861 266 8106 5298 3599 5147 5552 890 3808 257 9730 0 3136 9934 3909 2465 3369 3529 6287 4986 3514 3280 1132 4268 5406 6841 6846 3879 1392 251 7087 9619 9861 1779 4977 911 7701 1644 5532 2935 6618 4363 7675 873 4307 7013 7774 1394 6232 9631 8774 1908 6928 1504 220 8814 211 1605 8653 6795 8781 2650 2866 7334 8510 8434 3502 8474 3393 4238 6943 4863 955 8587 9147 9001 4684 8193 3647 4656 377 8964 2881 5964 4983 4857 1764 1763 3822 1658 9503 8594 5525 6270 8514 4421 1289 
5340 9141 2601 463 7558 1470 6315 6401 5863 679 3525 1006 8537 5148 2150 7816 8125 1190 5671 4147 7212 7337 6713 6719 2664 8030 4269 8034 3705 9532 8508 4109 1316 7774 474 983 8417 6395 3792 3948 5108 1559 6475 6859 522 1316 3969 2881 2697 1699 6962 6040 8262 6450 7299 318 3365 1884 1662 2041 176 4942 7465 6330 5228 5231 7873 667 7487 9528 8872 367 1450 4033 5129 2649 8070 3332 5101 3670 3296 1035 4325 9737 8476 7876 6995 8358 1892 891 7244 2815 3968 2771 9150 7403 2525 3288 983 4294 
9122 7444 6595 929 1630 7216 6392 853 7376 5473 3357 3662 6634 4036 3135 135 779 2693 4171 859 9071 8073 4952 6135 9369 2355 5337 8598 4273 2019 6398 9230 526 9775 734 7126 9705 2720 8844 3964 2769 5613 5284 1998 1773 3410 3115 8249 7182 2214 5900 9645 72 4897 6534 9363 7676 6932 9628 3425 655 4796 3360 4406 6463 7461 6976 4750 3590 7073 8715 2302 912 1649 2788 1250 5326 784 1311 2572 7497 3018 3707 780 9781 7748 2538 140 5212 7835 3045 720 8468 862 1002 4482 7333 354 3921 4768 
3556 8358 3013 941 5712 213 2905 4560 3915 8700 4850 4282 2219 3114 2094 3886 4217 5239 920 378 8401 7773 501 8030 8104 5045 2053 5162 9875 8755 9096 6324 5227 1796 3610 9480 955 4084 6354 1929 6559 8580 892 7492 9287 4139 8888 1559 3277 4800 4647 6576 389 3346 5989 9111 1395 8219 5090 4809 464 4966 5178 7284 8779 7372 6994 722 8875 3851 5610 1801 5526 6233 5147 3442 5482 7283 3525 4106 8895 9708 7314 8400 9712 2110 5665 7256 8557 1045 9657 9282 1332 6797 9276 9856 6570 6591 4055 3767 
5064 7008 4953 9125 8187 9210 8783 4395 5780 8570 2588 3739 7963 1323 8792 2120 4469 3679 7682 8073 3705 3112 2198 1968 8549 7413 5193 5353 2496 5580 2931 116 5437 5539 4783 3209 2946 7678 1213 3349 8701 490 6904 9214 7489 8538 4471 1929 8897 9454 330 9645 695 9658 5337 1304 3024 1188 8770 510 7300 8262 5953 5956 4684 2990 9001 1574 1622 3069 2372 1077 1587 7299 8012 8897 8613 238 6861 5569 2167 2029 3328 7443 8884 1737 3525 5410 9843 1539 6304 339 9093 60 2331 4130 9417 1848 8424 741 
3251 3081 9403 4404 66 5557 155 3981 7777 4888 7581 9790 150 6379 5759 5042 875 2891 9481 2325 8096 4194 8160 6133 4945 2551 6097 6430 8238 773 1587 3309 6850 2366 9979 5761 1509 3934 4216 9570 7827 9347 1714 3526 6858 4719 5387 2721 7833 972 4673 3497 263 9719 161 7336 5412 5235 8213 5295 2544 239 3985 7346 1893 3328 222 5119 4278 5428 6202 4069 6002 8516 6738 5364 7501 5020 5711 5361 1369 978 2138 281 5243 6708 4748 5871 5829 5425 4361 2661 5651 4409 2220 4405 8806 1718 8792 4918 
7961 6221 9052 6002 4242 1404 1681 7104 7244 6859 321 8067 5346 4627 6785 2968 1772 9814 110 8905 2739 2070 2783 1803 1172 6315 9416 8457 2995 1341 4657 9426 2621 9658 8045 6502 4182 5587 5184 4357 9490 7979 7208 1165 9125 4255 8318 481 1523 5702 3708 5165 7553 8859 6705 3848 341 9053 6253 916 1613 9036 5246 411 421 7709 4402 4070 1778 6676 5767 1648 3858 2569 3604 3364 6508 2700 1188 2647 945 5803 5560 7102 9616 9383 5469 4714 2494 5774 5975 8115 1471 223 7316 8073 7393 5714 4198 7392 
7164 1664 8341 9229 7372 9439 786 4269 4258 2086 4034 2070 7338 2150 9661 7311 5533 1630 5490 2766 2884 7380 8444 6958 4002 5469 1578 1549 7149 4054 6805 9169 9923 9624 1181 4657 6197 4799 316 958 6374 5635 7001 8468 4808 1114 3791 9869 1334 530 4961 8901 450 8864 3548 8385 461 6412 4021 1061 2699 588 5804 9723 6245 2830 7656 4828 9859 8603 8099 9153 2131 4830 8885 3465 1857 7485 2144 578 8205 1388 4653 5417 6650 306 1388 3017 4000 7951 862 3441 7863 5676 2428 7967 7501 2276 2488 3899 
5927 9633 6486 6536 3902 583 6709 6991 7205 1168 9957 7526 8451 8148 7182 6080 1999 1956 3879 5401 399 5401 4391 7481 3176 5705 7735 3405 8858 9888 2213 8242 3472 642 6853 9466 6995 3473 2814 7747 7561 554 3224 8782 3975 4007 6623 547 4928 8495 7418 8990 4304 6927 6544 153 8232 7026 2695 8157 5537 2164 2160 6471 8548 4860 4454 3761 3478 2147 5472 7101 7758 9307 6856 3724 5888 2274 4409 392 3765 5645 7484 6398 3445 1120 4339 4463 410 9165 145 8771 2921 3310 8200 4099 8624 4384 2955 234 
2260 7237 2841 8166 1352 2959 9429 1961 509 704 7668 3831 7811 5515 7002 9018 6533 7237 4410 1491 6507 4494 8784 6369 8763 4220 5509 9721 9851 822 8073 7401 4305 620 4962 5551 2421 7773 7624 8388 4436 6461 6362 4955 3526 4265 1402 1824 5625 6488 9454 6970 1865 7626 4573 1298 4815 6417 2284 2949 9010 1927 907 6926 1296 6616 5612 59 2759 737 9504 1193 2989 1139 611 2827 1837 8248 1716 9744 6834 9736 7693 9201 42 2290 2218 2619 3757 3138 5691 2890 8568 7153 7321 8306 388 6892 2793 58 
2151 4353 6679 6084 9277 5717 4269 223 2276 1079 2153 1968 5962 4703 2803 8347 7081 9713 4616 5692 3791 8189 9499 4768 3556 6808 6999 3224 2047 6298 8664 3547 9267 7848 5308 538 1683 9642 2317 9501 8951 8022 1601 6402 3365 8912 8034 3857 9217 6350 9821 8064 4380 6267 8523 7097 6077 2575 2952 3728 5060 2641 2850 2446 5552 8619 7116 4415 3599 9676 2251 7032 820 9839 8474 9893 2743 6018 5672 2228 5320 4108 3122 9953 7992 1658 6373 2744 3126 5324 3669 889 9202 7274 4099 7483 4587 4270 3173 1738 
3414 3209 9052 9286 936 6481 8825 6653 8251 5587 5400 4412 1211 8029 669 3584 9492 8541 6708 9606 2236 3165 4609 8421 2110 3093 6677 1978 5936 3227 8474 8014 2712 4863 7777 8537 9104 6564 726 4162 206 9253 4456 9183 6816 1404 5060 5705 6386 1153 4073 9138 7563 9791 731 6857 291 3365 6450 2962 9260 4375 9544 6730 8264 379 6141 4669 1953 571 3552 230 8135 9503 5135 6706 5535 782 9648 6221 7695 4857 4902 1608 5651 6095 761 6860 1637 1739 6771 9919 4962 2035 9406 1912 2539 7560 7910 9225 
1228 8163 7843 8170 27 214 9466 3128 6798 4249 7425 7889 826 4005 6284 9906 2696 4127 1649 3301 8649 4968 3328 1534 4909 480 1333 193 7327 2295 4663 4060 9128 5739 2584 8272 9287 1204 7027 3322 2358 9332 863 5293 3690 3908 8589 4017 2380 1603 8467 590 1877 3379 2390 71 2175 7144 4913 5830 194 3607 4466 4202 3688 7864 2702 962 5802 3358 8420 337 6069 7542 7747 3341 9201 2004 4339 3393 3741 213 150 4922 626 2177 6826 5945 1146 4504 5195 6177 1594 1808 3682 5218 7897 1713 7187 3829 
6333 8025 9595 7984 7538 328 7190 8643 3813 7105 1419 5407 310 7507 3499 9668 6664 8857 7650 8109 8060 6478 9673 5311 1992 5774 7316 4986 8955 3802 125 797 8371 2716 5089 4976 3420 8139 7077 4218 8858 4567 2686 3800 8551 9140 12 7220 497 4207 8856 6610 5841 9397 9891 998 7316 4409 2815 6650 2811 2365 5645 2809 2583 8197 8632 1443 6164 8322 5969 4545 1876 4581 6868 7826 4240 369 2784 3897 3467 6567 1770 2562 9245 5779 2264 5406 5915 3093 2535 8253 1788 1132 1131 6324 671 2453 8182 791 
378 3054 5971 6287 6881 3413 7929 3248 2678 9703 6922 9058 7822 1663 5931 2225 7590 6632 866 2761 9350 7255 9660 6878 8304 1418 8994 7668 5407 7779 3022 4562 1027 1353 2305 6101 1870 2519 6031 2946 3978 8413 1209 7185 3462 9568 8072 9363 4574 3911 6879 9717 5564 8606 1400 5356 2647 9005 5580 3914 9516 1126 7190 1023 4683 8373 1779 9871 6341 5739 962 5158 9778 3938 9826 5066 5867 3253 3493 2082 3372 2555 3362 6674 3453 1018 3463 2268 9469 2395 829 5030 4446 7472 153 2962 8422 9140 8436 9103 
4753 7686 6986 4280 4785 6076 1531 830 4718 6915 9729 6854 127 6607 3913 307 7437 6183 9740 5720 4007 2005 1848 6025 2590 8668 9701 9280 1064 1124 6673 7565 9160 8577 8444 2934 1811 4788 5380 2170 5437 1987 2077 1337 5342 2095 9509 5494 9809 2453 7061 2506 527 3397 595 4338 3736 345 7268 8760 6572 4687 8094 5097 8925 9061 7338 2685 608 6550 1706 4132 8198 2269 5981 9489 6160 4112 1003 6227 4763 478 9564 4548 5531 5053 2461 9384 2612 4470 7232 7574 2201 8245 7409 9273 6856 5677 888 1766 
1038 2839 1053 9299 9101 587 1421 6396 1432 5403 1915 4781 7253 7959 2819 7894 5941 7310 6949 4538 1518 2329 4398 4321 106 8968 4094 3821 864 6620 9722 7878 8396 3667 2635 3054 5753 3510 7331 4449 3529 560 8744 7461 5518 8631 7333 7640 7569 5352 8659 6086 2488 6928 3110 8903 2201 9616 7045 3109 5469 2494 1611 1242 8612 5842 7573 3791 8182 8923 2628 5895 5469 914 9472 826 7126 7787 500 725 3041 6599 3132 5395 6727 4808 3060 5769 5415 3194 5794 3643 9480 7027 6065 5409 2818 721 8575 5143 
845 3869 3661 9543 7793 5477 8103 2721 3936 946 1614 9485 5962 21 3763 1933 9568 2745 8707 4149 1233 303 9656 3149 4799 4393 4742 3617 5848 3653 647 6192 6661 4784 4911 4371 1345 3968 2632 4178 7029 8079 4510 3336 5336 9752 8734 5942 4817 8793 3358 85 6939 324 3209 9747 1906 4053 2445 9838 3787 2682 8781 5897 2661 2841 6830 4168 7622 9486 179 4189 6942 9655 3008 9640 6484 1756 1998 6025 8703 5993 3908 8271 9163 7869 7047 2202 7314 6330 9982 9192 5324 776 7152 9845 3158 2467 4311 8328 
5464 2280 2676 6534 8949 9917 4309 4816 9247 8275 2498 4334 8857 2189 9241 5948 5306 1501 3923 6128 5560 5743 3810 1670 7615 4886 7285 1263 6887 507 9288 419 4041 9784 6124 3304 9455 9495 544 7380 3273 3842 4201 3208 2147 2663 9691 8960 3825 4757 9975 6907 6532 4886 5109 7653 5983 9876 5746 7854 9959 1352 1069 5785 5760 8301 961 6071 1326 9013 7165 6729 8081 3247 7901 9014 340 6576 8795 6949 6164 7763 3259 3488 3526 2843 3346 9658 7585 6683 5250 1478 4917 4318 6514 1041 3620 8484 117 9191 
8062 9162 4358 3571 9533 2798 7975 7118 7409 8337 9898 8920 7279 3638 6441 9095 6926 5765 3698 2368 4775 1035 2311 3260 5281 7853 5704 9631 5473 4480 8982 4263 5820 2673 8699 1881 1433 2128 5906 9183 9412 5966 8083 1880 5900 8982 8655 1184 5894 5211 939 698 2014 8972 8474 176 2763 2179 5144 8984 3090 9603 9245 3008 4578 40 8477 4418 2346 7558 1470 1063 4708 3811 3257 6909 1207 679 8038 4493 3109 8781 1254 3951 1531 8851 3830 7334 8978 7382 8510 7421 7537 1960 2141 4238 2766 5728 6316 7565 
3490 911 4800 8193 3647 4656 9468 377 131 1548 7879 3957 5542 3287 3317 5989 9560 8515 3861 4858 407 5205 9550 3814 9954 3851 5647 7773 7757 4067 9853 7983 2250 6961 4746 2689 6197 1518 6424 2707 5708 4324 9269 3983 7593 3151 1214 250 4492 1954 7052 4570 9143 7265 9468 2728 3997 5211 6405 9467 6305 890 2504 1647 1356 8369 5674 9273 5679 8407 1093 8672 7251 3070 7126 5109 9700 7699 8723 2748 3709 2043 4867 8847 9398 6132 9941 37 1156 7288 359 3156 545 4618 3607 1099 6682 2207 2539 8622 
7688 1778 9269 6498 7121 7062 5137 7380 2644 1747 4556 8679 3667 7496 7373 9213 3562 7459 4367 1160 1978 188 7656 6870 2588 1188 7514 3695 68 1606 9806 1780 2665 9455 5744 872 8060 8705 1892 5375 954 1662 8980 6390 6893 7675 1666 5426 9726 4662 8026 1684 4193 6068 5942 3319 1152 7507 3610 8875 9035 7478 7646 7591 2162 7943 6061 1676 5566 6790 8498 6585 8454 6338 4759 2769 2108 5320 1206 8989 3231 1342 5152 4870 659 6638 9137 4933 7106 5805 1496 8741 3460 286 8051 5434 5638 3069 942 8144 
3778 3381 3667 7119 90 3596 3955 2306 2995 5773 6459 2298 1872 5118 9027 9834 9293 740 2945 2343 1704 9442 3725 9535 5756 1135 3864 8061 3113 2244 7612 2380 9708 1611 1894 8829 8761 6134 8739 3427 2071 6035 3952 5567 3540 8098 7957 4195 7948 7653 5439 291 3794 890 4387 9074 8883 7155 1993 4350 5839 8560 3492 9404 4830 645 9889 9688 4363 1159 2470 542 4035 8409 9563 515 7398 2951 5968 2120 8949 5755 6991 8278 5583 3019 3280 6513 5726 5471 8816 479 667 400 8964 6672 4566 3332 6903 3414 
4235 1703 2710 5425 9625 6346 4361 2661 6015 2257 7113 1191 2787 3452 6324 3269 6630 507 1385 1802 3099 7051 3400 9150 9126 7403 7935 4026 7429 115 8115 8569 2324 2296 8203 9118 1323 1413 1481 5089 5015 7915 5119 7108 295 7610 5516 1306 5481 7647 6750 1645 7843 4253 5387 7585 4091 4148 2390 1324 138 921 6478 2578 9876 7212 2392 1537 8049 9255 78 4792 7682 949 1618 2694 4422 6961 3465 5736 8422 467 2460 3872 6975 4963 3526 2843 5760 7585 6109 5250 1926 5425 5633 4310 4378 8797 5667 7779 
1717 7826 3380 440 990 5029 716 7333 6991 7640 620 2514 8868 639 2090 1060 6030 8644 4223 5227 6623 7015 7249 9470 2385 2961 7198 8025 5056 1531 3857 8164 4589 2954 6577 9983 7071 8937 3699 498 318 7681 9425 2934 9511 8460 4561 115 9308 8748 6342 329 3088 1633 8369 2327 2692 8260 1246 9443 565 8612 5383 7017 9515 4317 1790 7523 6136 5311 4189 8680 7703 1448 7229 8691 6179 3234 5378 4818 2776 5852 4511 8237 6646 6801 5532 9269 2754 1367 713 5462 8328 9179 8352 7813 5361 1485 6248 7485 
9342 2709 4523 3277 7442 7185 2380 4699 8812 7095 6437 8178 1454 9161 4014 3209 5567 1434 4281 1318 7121 1232 2379 558 8814 6550 5908 8089 7791 6652 207 563 5596 2817 8091 8531 1067 2757 2320 4086 6034 7821 9256 6955 7147 6978 8187 1291 3381 3020 3861 4599 3209 5205 2380 8621 9708 2162 7402 6901 1502 8725 7831 5996 8195 5393 9417 472 1473 776 2348 7152 118 76 3250 4326 8291 7149 4539 6449 5675 4590 3261 6018 8648 800 7568 3267 2717 8945 2749 2308 3285 9456 1331 4429 7844 150 272 5507 
7016 2906 9817 2246 2999 3039 7796 8296 3044 158 7705 5811 9650 9686 1927 882 7010 6406 5910 3522 2611 9697 3913 4610 1818 3840 247 2922 6608 5922 4866 4304 6380 966 8371 6870 7197 5482 7360 6482 8929 2072 6472 5330 7810 1206 1299 9065 4062 112 4819 763 5402 8872 3645 8287 3350 9184 8380 6373 2739 7036 538 4956 6601 5813 4193 8274 6475 1370 7150 8570 2542 986 2574 5870 2061 6739 3716 9172 7397 4324 7941 4748 5600 2086 8362 5467 8900 9361 515 8641 3534 7666 502 5608 4435 9476 5828 5236 
5539 5258 6944 3798 9755 2830 5533 482 8701 2758 5192 6904 3628 5658 3525 2537 1059 9355 6593 1112 8520 406 9093 1542 2777 6455 6991 2592 7370 4246 8956 4070 3403 8995 277 3246 1483 7586 8602 5575 4215 5098 5228 2317 4779 5086 8428 6535 4108 1662 8800 5053 9593 4802 5823 1376 1531 7334 8510 7421 1960 6943 3349 6316 7565 3149 5072 911 2111 5540 75 1487 5072 7668 4336 9403 8380 8653 1312 9616 8429 4673 5762 5465 9740 8560 5720 7076 1848 7556 8668 1324 2272 4169 9981 2105 4817 5884 4413 9300 
4450 5294 9652 7960 3380 6380 1346 5797 5676 9800 6346 6389 3593 8565 1183 3594 6222 3566 8201 6090 5326 7593 6497 7672 3154 3739 9802 8606 4208 7305 9457 5661 7593 5229 8267 673 8058 6221 4647 4424 5928 2470 9495 3100 125 4163 7240 599 7083 9207 3156 7343 1772 8715 5299 6669 5442 6315 3648 7838 529 7439 1313 9447 154 5882 5010 5755 7367 2250 9350 1509 3414 4836 8654 8837 6050 2700 3999 2072 5932 8762 749 5983 8963 8363 3731 7356 9300 1025 4690 8717 3692 6953 676 2361 6141 8407 4264 480 