4656 131 8964 963 9361 3635 4983 4978 1763 4354 5226 3822 5603 5371 3800 1805 8594 8166 8720 7694 2451 3835 9246 1056 6246 4310 7191 8591 8131 7531 8862 835 176 5750 5319 6156 4652 2245 9241 4934 1288 6475 7267 1386 7480 3667 1805 3980 3723 8403 6834 8651 3010 3947 2277 1704 5007 3376 984 6343 8374 1385 8432 5782 1009 2043 3069 3079 2047 9270 5545 578 3746 5438 9651 5980 8570 7590 2288 5943 8747 3286 2767 2914 1054 5594 3705 2198 5395 6537 5085 9989 3075 6856 4912 5148 1401 1640 739 3071 
3146 5793 907 6102 2985 7699 2421 9390 7377 7417 1976 1632 9788 8016 733 5193 6371 470 4578 8905 5424 1597 5956 4684 2990 6236 317 564 1077 1587 3750 3365 1884 2041 2991 7314 6330 9982 9192 1898 1238 7487 1676 8872 367 8779 2768 2589 1441 6067 9461 5921 6480 9044 5055 6832 7585 4576 525 1773 8403 759 7147 9552 4866 7610 9512 5173 7395 4253 2390 8254 5032 2863 9231 7572 2441 1065 2206 9082 5218 7171 1857 7714 2676 6101 3286 6233 3928 4606 3197 3736 3986 8277 8361 7315 4444 3328 411 8932 
7660 4424 6587 7387 7613 2991 7949 9498 4469 4702 3856 280 7149 3127 6473 724 2253 7706 3358 8358 8664 2668 7711 9894 5719 3365 1551 8909 4147 2162 3044 4201 8919 5337 7337 6713 6719 2664 207 8858 4896 3610 1316 7687 7684 295 9311 474 1869 839 3425 550 7217 6215 4602 4487 4826 6389 2231 926 8841 3941 7516 9277 119 5101 852 6183 4172 5305 1839 3786 1837 4257 4927 238 7315 3010 5402 1489 905 2324 7374 2593 5495 1828 3977 5936 7172 4676 6006 4349 7426 7217 3501 1121 2043 9398 37 3419 
3733 1306 4680 9322 6542 5107 6675 5887 2789 8318 83 1523 186 5799 12 5149 4579 5309 9524 7212 2673 1927 9967 2782 4196 1419 6347 7871 2439 8194 2773 6532 4345 2977 6871 583 7820 4167 3564 1758 4531 7340 2291 7314 3488 3845 30 429 7051 949 1838 6489 2624 8585 7155 2277 3689 275 4038 2715 7728 3224 8782 3975 4007 6623 547 8495 8990 6927 1026 457 7036 3761 2281 347 8492 434 6828 3178 9010 8 6302 2043 2145 1898 1238 7878 1676 8779 5129 2589 6672 3967 9848 5277 3079 7585 2714 525 
8319 1773 9186 3637 3956 1199 4445 9276 6964 6233 3639 3461 4079 1263 630 6451 6242 556 923 4951 4493 1766 4320 1868 3793 1924 5934 5991 3616 9022 4160 5527 747 4636 1542 1482 7204 1599 4376 7292 2986 6832 7159 2326 2967 2239 6382 1112 1650 9527 7029 3700 3363 920 6040 2604 2103 8046 9456 9918 9926 8874 1747 349 4767 1524 6117 6461 130 1846 4395 7473 1375 4083 6814 4729 6767 8759 8538 5812 7461 8897 9454 1534 6793 7368 7847 1007 5478 7305 9831 1642 2449 733 514 2218 8885 2150 7816 4456 
4959 1551 8909 279 3044 2257 7337 3528 9659 4095 6283 1857 5394 3356 2290 5271 1355 3344 5563 49 4820 5063 9842 8115 8569 9495 2646 7961 5092 6223 8782 6082 1641 9018 3734 8972 1019 4189 8680 4565 5258 4604 8077 9789 5571 6051 6325 5483 750 2405 2133 3810 380 6662 3836 5774 206 3334 7804 8727 7826 3407 7346 9435 351 9777 5876 275 5576 7588 3206 2348 6636 1329 5883 1920 449 8240 5653 7367 6300 4709 9771 5130 7855 3030 4122 4213 7647 5870 5224 1760 1692 8384 7970 2370 6741 2425 2837 5205 
7007 9433 7420 9056 9796 6165 8536 6071 2905 9532 5189 8961 8940 5089 3128 5800 6567 7797 4630 2732 7101 5171 8966 1663 6643 9023 6538 9076 7157 8322 7353 1767 278 6072 7313 5291 2101 6775 8931 7102 9983 1345 2411 4871 4224 2853 7974 4411 2897 6048 8459 1055 432 6014 5965 8005 3331 6173 7542 2990 9091 3108 7536 8256 7916 7797 9363 9165 720 6999 5869 5250 7299 8296 162 9035 9405 7391 6472 7995 3336 5336 9752 185 7046 725 8793 3358 6939 6664 6416 9747 7342 6994 4087 4053 2445 3763 8882 9838 
7193 3483 5816 9279 8094 5097 3848 8925 9061 7338 3479 2078 7747 8198 9590 5222 7719 2190 5006 2496 626 4752 2214 5110 2157 1929 3914 8051 7487 3369 981 4606 5516 138 5617 2570 5920 2965 6478 5840 8657 6739 1390 3745 1763 2162 5227 6693 967 698 2539 414 6489 3176 8380 6499 6792 6847 55 2797 1845 9581 4494 3257 6062 6664 5045 9530 7987 1791 5253 6876 724 2015 61 1907 4075 6401 138 7854 4463 4570 7611 2216 3614 9112 8070 7866 4067 3332 5101 3670 2252 6628 1479 4266 6499 5792 2748 6227 
1216 8689 2661 1690 1654 9497 4034 416 4405 6072 9275 2178 4588 8194 8823 1987 3939 1674 2971 5662 254 5069 7127 5482 1984 5781 2393 5846 746 9481 8576 6535 3829 7386 2212 7743 6674 3555 5126 9560 8340 9443 3304 5846 3073 3699 2211 7184 8322 9204 5798 1594 1710 2477 9533 8273 9189 4416 7651 6733 8304 2783 3941 3507 6263 7392 2646 9659 9756 2376 8283 3102 9991 5736 5304 4417 8839 205 601 7353 562 7988 8977 5168 2464 9383 5063 8287 339 7260 1689 7981 8050 6373 9804 3841 3213 3962 8643 305 
83 8058 5926 9947 9751 8446 3030 6141 6158 8015 732 5925 6567 6390 3320 5421 8855 8325 7347 3587 8021 2773 8952 1755 4008 5208 6393 1761 2427 9322 1402 2947 9337 9899 455 3688 6914 8415 4874 1233 4565 277 176 1966 7958 3806 376 2154 2097 6376 3562 7443 4457 732 9339 3171 127 2266 2157 6937 3029 9517 3220 3591 7585 9405 85 9856 3670 2445 2758 4720 4681 2205 6037 8555 2773 6361 6729 408 6614 6037 8347 3827 8879 7996 1583 4042 1242 2142 6291 5702 4722 447 8771 1127 6823 3189 8380 9311 
5241 6447 9337 5069 4127 2263 9318 5473 7335 5258 6944 7795 2854 7230 4387 7348 5238 9939 9584 9566 5568 3053 835 5433 3 4191 3846 2428 1037 8023 5998 1978 1203 8086 6599 9592 5555 7720 2705 8096 9351 9071 3933 4358 6323 6813 6011 136 7392 7029 7314 5251 356 8829 1994 8503 1879 3532 7978 3966 3265 1808 6084 9108 238 7972 7235 6536 3782 2549 7018 5541 2765 3360 7487 5904 548 9642 8817 6609 1272 8445 6919 3410 3361 3316 7381 3375 7418 907 7699 8248 4906 9796 1405 7382 5580 5869 8308 5222 
9393 5893 4343 5845 602 5022 2444 8374 776 7152 9845 8930 3158 162 406 7132 1542 2777 7989 2592 4498 4857 1599 6666 1505 6018 9255 8370 1141 7822 6979 6838 6612 6576 1442 7618 9904 7058 5493 4269 6476 6562 9621 3007 14 4721 3204 6260 439 7439 262 6496 8630 5775 1880 8415 4726 6560 1324 995 5405 6052 2711 8005 8678 6544 1174 4685 4416 7849 7715 8684 1592 5013 3338 5788 8586 4091 6856 6136 4189 8715 7703 7948 6980 6157 4255 8835 7034 890 6064 2510 5398 8925 7593 3863 431 4451 7221 1610 
1561 7198 9251 3981 1668 9377 3024 1872 9430 5116 8182 172 3353 2725 9912 6688 7178 7787 3745 42 6721 6489 8654 5221 7302 2056 2377 7406 1863 3746 825 4421 3021 6739 47 1416 8638 8657 6992 1451 374 6623 8785 7423 4930 4802 7625 9079 7748 8421 7668 5495 6305 2654 81 5340 8800 411 8041 6751 8063 3467 4984 1216 4090 7077 4745 6124 5816 252 8474 5782 2907 8555 1707 1533 8727 9749 4407 5822 3569 3444 1947 1540 3674 4663 2681 2263 1089 695 7190 1597 2224 2003 4343 8017 5108 3936 7701 3849 
2609 4945 4630 9427 7511 5524 1222 9255 3775 1762 5362 303 9185 6718 2081 1348 6094 1739 2043 9905 5644 258 9047 3854 7138 7874 7449 5811 3390 1626 738 6520 5118 5542 1839 8481 1875 3808 6041 312 6055 6799 5457 4956 5944 2331 854 9703 8429 7941 5681 3741 2894 4592 5788 29 9221 5196 7471 7011 8483 3042 6913 5221 8688 171 1870 2078 1136 9571 7198 9543 1254 9110 881 2000 8844 7196 3926 8926 2726 278 1988 5991 6996 7210 551 2901 9459 3370 7462 9031 6735 1012 8574 4341 4036 1553 8749 2992 
7233 3324 8061 6432 5642 9714 6121 7051 3950 9330 3784 1339 6047 5255 1540 4367 5299 3093 9543 6412 2180 5181 1422 7220 9174 550 8911 1155 161 1466 7939 5064 1448 2341 6108 5062 1626 4086 8271 4749 5040 1148 5136 1096 6480 4977 9534 9369 3915 3184 2009 4424 2072 3000 7775 7405 9874 6883 5289 8316 8584 7122 1562 7786 9587 2059 2914 1505 3308 2431 3770 19 7518 7648 6357 1212 6471 586 8169 1090 8781 8888 4475 3783 3830 3896 3008 2127 6543 3396 2398 1976 9184 4073 4890 6549 6904 4856 8877 8393 
5278 5004 5556 8741 678 2162 9855 1055 1712 3358 3549 203 3842 8484 5795 7450 9769 4483 6248 1885 5661 1001 8008 1030 9373 6879 7148 7626 5259 427 939 8496 153 8722 8194 8451 1460 5397 749 575 6643 4579 9524 2673 1927 8470 2782 4032 2439 3453 7909 8399 1328 7715 8376 2839 8678 100 4731 7963 4410 2381 847 3557 3776 2967 2955 1711 9824 6466 7052 8938 939 8188 3061 744 8678 1078 9908 4158 2787 2442 7255 8779 7290 4197 765 3504 5814 3895 810 755 5616 2859 8232 1927 4432 4033 8276 7654 
3250 8885 9419 1435 3567 1657 8143 1499 1691 552 1082 2941 7637 7973 6075 8520 8291 3978 9644 1116 2406 6780 192 6280 8474 2730 1885 4282 3148 9659 7865 7475 2653 8508 3345 894 2773 5376 8619 3842 7085 6977 6694 5819 9411 7955 5648 9749 5482 5914 9208 1379 2342 5097 3428 1423 4984 5672 8816 6966 4617 3880 6768 5517 720 8495 6491 6348 8258 9427 1846 9856 9397 3784 9364 3069 5224 9630 9130 6766 544 8438 3585 6743 7370 4258 7144 9368 7329 96 3975 7946 227 7499 8024 5267 9556 1974 9011 6743 
5727 6771 6653 3568 8274 6747 4665 411 1447 9083 9852 1565 9657 608 5234 5884 828 4408 7064 4054 245 8379 5675 7708 5103 8435 6692 7694 9994 7994 1379 5846 746 8759 6614 5962 4830 3428 1423 4984 8683 332 2970 2572 6966 2077 7583 4157 5377 5382 1192 7408 3536 4691 7810 4332 5250 5135 7300 2855 4056 1959 3519 6847 2518 6848 2147 453 102 1533 6537 3719 3297 6259 8369 8251 2107 5684 482 7400 4552 4202 4081 6114 1127 4944 2840 2449 4883 960 7758 6534 7030 8255 330 1293 5415 6146 8179 5288 
9438 1279 3702 250 6327 3539 2395 7580 1433 7537 1005 9818 4122 9489 2147 9536 3930 8360 1326 6101 3261 3540 6236 2186 3729 1936 2225 71 2155 9753 6540 6121 678 5084 5512 3166 8636 1933 6441 1534 9652 8166 9617 3279 8363 8193 1534 8764 3752 2926 8402 4768 772 7541 8187 7829 8229 3375 8254 1091 8332 8270 898 4440 1016 6868 4475 5198 8724 7109 9547 5528 4123 2430 7426 3561 7419 8894 3388 3377 6242 6191 4799 5323 8602 1868 8749 7826 1439 2357 8092 8016 1061 7341 6502 7680 3910 9628 6497 581 
3054 3742 2430 1812 7635 9390 5217 8790 2026 5744 5273 9708 7314 8400 7812 9564 3149 9858 121 2887 1293 377 8964 963 9361 6371 3635 8435 4983 7404 4978 1082 5226 9503 5468 5153 431 6757 6092 6383 4768 6854 885 8853 3068 6183 628 1363 1041 6874 3425 1170 652 3275 6552 5803 6595 1274 444 2988 3354 5131 595 7270 8006 6830 573 1989 1101 8393 4339 2277 2026 6847 8150 3198 6878 7205 7092 7400 9240 3693 2622 3171 4754 6920 2221 8061 5262 8719 5912 4410 1176 8096 6267 2069 8178 4987 1946 8751 
6120 852 4996 4391 1392 1698 3613 250 8453 7425 7984 2619 1351 7615 5610 8962 2194 7796 2398 8829 9376 3417 5931 2644 2610 2691 403 5869 1137 8705 6047 4652 6716 7991 273 3197 7015 4046 6566 3074 7548 8227 1425 4488 5533 7880 9340 1742 2998 1009 9172 3199 4137 2630 3564 6013 4215 3593 2765 5255 7877 3421 8106 5013 9795 5974 3522 3098 6495 2705 4352 9160 8856 7699 3111 3452 4899 1381 9890 1647 7633 8337 3250 2530 9502 3775 5189 9702 7681 7783 7591 5224 7062 3067 9809 2914 7158 3640 9747 8868 
9352 9405 408 5159 4874 6227 841 9253 7192 2795 3682 7384 5338 67 9552 4121 270 6677 5298 7281 2531 2474 3808 6906 9469 6697 326 9561 4786 9934 6383 9073 6287 6835 3514 3280 9427 5400 5406 6841 4412 9582 3879 1392 6817 7087 9619 2899 9241 1780 3444 4977 7470 7082 4826 1505 3683 3641 4838 1819 2743 3220 3016 121 5145 4307 8716 2241 4877 1415 6232 9631 3393 8774 1787 5431 2664 5645 2479 5844 5938 8814 8361 6174 8653 8399 2507 2972 2647 5275 9521 7230 4041 8117 38 4789 7297 6799 275 5562 
6677 8245 6118 160 1094 3050 4243 6024 1911 1097 3077 5593 1049 7167 8381 5711 8761 8969 8090 7519 1058 3720 4364 6681 6246 7730 467 9073 6249 4706 9532 5636 5644 5021 2958 8625 3860 2291 4892 9599 6278 6225 5956 8069 5696 3556 3447 5754 4050 5917 3433 3209 7630 8731 354 122 5394 7991 6838 6704 9680 6168 3553 8023 5296 2351 6202 8866 2887 6047 1909 5651 9650 5386 3245 8434 9768 1370 6417 5421 5337 4889 7970 3174 2231 183 4628 4261 8854 6088 7459 8829 3525 3463 5152 7803 7202 1153 2909 3516 
7269 7262 7840 3048 6474 2081 2796 135 698 3644 2414 3839 3061 2213 9117 2126 4554 398 1659 4764 1392 5591 1339 5494 7782 9026 952 580 4976 8621 8016 4167 5051 6264 1907 4873 2425 3563 3828 3843 3006 8201 9539 3234 3889 3756 1261 7961 1839 3786 2277 4842 8910 9514 9020 7790 4498 7636 2253 3750 5642 1328 5793 8414 4098 8733 3201 7699 9344 1191 5945 4855 9861 8657 4927 8613 2679 9674 8277 8361 7315 684 5402 765 6639 6611 6189 319 2458 4569 7560 7118 2524 267 5095 7949 1576 6828 4488 3856 
1299 3127 3872 5425 7706 3358 4950 4658 4596 1791 8664 8562 2782 1419 2427 2439 5435 984 4003 6871 6082 3624 7820 31 3564 8823 1758 4258 4531 7340 6553 1469 7552 2609 6486 7051 7666 4513 5045 3689 891 4038 4789 239 3450 3681 7269 168 8058 2146 9397 9517 4600 1140 3385 2529 3024 3575 8024 2859 4207 2660 8676 1492 4790 3426 1899 7800 1095 1019 9357 1641 2841 8626 7983 164 9912 7404 4808 1890 1095 4185 1199 5428 1212 2460 7997 1596 2868 7372 9439 9755 7764 786 9846 5448 4369 1441 4762 7885 
4131 3941 3406 3170 2082 7724 3451 591 8499 2907 5470 8945 4708 9667 5587 3454 9476 6917 6354 5254 1333 6081 1379 3111 8698 2789 8819 2631 204 5319 4652 4341 6238 1314 4120 4381 6475 6734 2703 2079 3186 1076 3667 6339 3980 3723 428 214 1167 6691 2547 3398 7086 27 4578 8908 1960 5420 4700 3695 9762 3930 1497 6992 5705 1083 4005 4574 3009 676 7567 8753 7125 3398 3817 3854 5761 2289 7965 8238 8887 638 6371 5072 6401 8406 931 2609 2177 4374 786 9673 6091 9565 8172 4080 6377 8917 8798 8216 
8460 2246 2791 8258 2559 9554 9503 8075 3225 3711 6787 693 976 1006 7189 5412 1833 910 192 286 385 1135 3526 5440 5491 357 4737 1051 3535 1949 3516 8425 8021 1128 852 2329 9093 2085 8082 2273 1263 9472 3600 7969 223 8286 9465 3818 1582 9939 6892 1918 7784 5506 8850 3075 7332 3447 4848 1968 2021 2466 9317 7172 5455 623 9204 9256 175 2144 4666 6199 3637 172 2331 7339 7290 3880 1202 9004 2808 5827 8278 1872 1940 630 1613 530 6405 1787 2601 3813 6298 5333 6928 9725 2826 1827 8367 5152 
1914 1570 4231 2026 541 67 4262 8823 9382 6727 2920 3343 9999 8141 4867 6482 1143 1551 5741 119 2260 6086 6008 8999 3217 8367 1026 217 6756 755 2707 1336 38 7354 2917 1903 7874 983 2955 7303 6387 7704 9834 9129 263 6483 5366 2627 4530 3630 5234 9323 4981 5978 1534 708 9035 4360 5265 2732 6874 2788 1829 5760 6510 9185 5940 2614 1752 7548 2355 5532 62 8800 6876 6776 5560 2511 2503 5112 2470 3106 2069 6959 8472 4590 9859 4124 7578 8604 1924 7584 9764 4927 2485 9903 6162 3884 549 2129 
8925 7499 6742 8777 9697 4612 1378 2944 5766 8302 9831 2210 3772 1044 3385 7761 7548 1090 1794 1370 5117 5241 2577 8506 244 7864 5320 5642 7357 3013 9609 5891 7431 5427 7090 8013 1516 3912 8106 9092 2382 8515 3917 2883 4075 7123 8065 3622 1742 133 9588 6568 7103 5605 6457 8474 551 1125 9062 1421 5652 6823 5617 593 8525 2916 7616 8493 8428 9201 7346 5010 9156 3695 5635 6525 7907 7061 6083 6479 9804 3825 7759 3442 2827 1618 2974 9642 5552 1833 1113 9825 97 4396 1985 8493 3833 8906 4969 3385 
7624 7530 3900 6658 4546 2529 8837 8367 8787 6629 4018 8529 2952 8788 5446 6467 4834 7553 8324 3550 3315 3544 4669 4225 127 5322 4899 615 4257 806 3459 8177 2846 6259 2738 1010 4829 270 4912 5192 2112 2567 8257 5776 4537 1724 6205 3737 7678 8687 7994 5522 6257 4971 751 9320 8226 2972 564 9014 4887 8996 5335 7584 9829 894 6835 1217 9506 9621 6161 9277 6012 6143 6875 4150 6434 7952 8142 2826 3918 9547 6136 2968 9754 2201 2827 7420 798 8607 2714 7831 3280 7569 5185 4537 8270 4058 5321 7612 
3581 6769 1584 7468 5800 1682 8687 767 5971 1532 1087 4171 959 2639 4791 9187 5704 5868 2824 6869 2966 4368 1379 6504 1527 210 1386 9584 8174 9777 9415 3619 9759 4618 9814 9423 2475 7786 8112 1075 5293 6925 312 4763 94 4893 1908 5951 8979 2025 1551 9628 2530 80 8841 9017 6729 1115 1933 3893 5299 4033 7585 8724 8938 8882 3382 6463 2488 2599 1940 2186 6624 9164 552 108 3669 3115 1793 2051 8990 3085 1959 6127 8799 289 9576 4665 2590 7795 5365 7354 7369 8962 1396 370 1765 6746 1989 662 
1717 3777 5429 3014 3000 1140 9186 2976 7894 616 3744 7013 830 6606 4975 4701 7090 5543 4149 2956 1351 7264 2408 2679 9559 8663 4827 19 4159 5341 3718 6702 701 6234 6664 3371 1168 2061 5009 4647 7574 3779 4349 5380 4143 9999 3635 7376 9469 3811 9900 780 9045 4266 6331 9708 3805 2653 8616 1472 5539 5942 8470 3760 8320 7434 2447 5249 2886 4974 1891 9942 6550 2493 2223 2530 4783 7696 4048 1434 4271 2153 4434 3141 4003 1421 1026 2322 2577 7150 1864 8980 5900 3937 3968 2642 2837 1638 9638 286 
7383 3896 8678 1963 775 6534 8379 6262 6760 9997 1624 3767 7651 2253 1583 4827 6782 1698 8994 9541 6411 4366 9145 9617 8785 5761 2785 1393 7906 3967 4374 8324 9573 8341 5750 9913 1835 4440 5739 4409 6038 6434 4677 8003 7750 1370 6102 8179 9119 8709 1016 6317 8761 2257 8573 1085 2459 6183 7155 885 3215 2581 8715 1547 6086 7116 7276 3304 8809 9042 5999 8669 7347 9095 7440 5468 8417 1686 6898 9261 8842 9169 109 7200 6922 1173 7952 6798 21 3465 5792 4823 5962 4728 2353 3398 871 6564 1388 2348 
7895 1167 2271 9803 3605 1720 1444 4417 6229 3535 8842 4918 4432 5877 7066 2943 8138 9820 5027 1803 7827 2333 9877 9285 4802 8017 3675 3531 1019 7841 6407 7996 6512 1588 4091 4785 2738 8715 9853 5679 7673 163 7000 9959 3455 6723 4896 5340 7795 7431 1549 5250 2330 6016 7267 9453 6867 9138 3877 8789 2705 2705 9289 3465 3285 7947 9191 3276 9462 1493 5626 9423 3108 3412 1274 2945 3252 8109 2302 13 4796 2181 2675 5692 4018 7025 8532 7602 1943 4025 6452 6511 16 3619 5034 7743 7366 6182 440 6645 