4863 3349 6877 5728 8587 6316 9415 6561 5072 9001 4684 6825 121 6988 3647 2591 9468 131 6448 963 9361 6371 1680 2981 7404 3088 6029 6411 925 8146 6025 9280 9421 656 7565 2729 9160 8444 2934 1811 4788 2205 1229 1645 1220 2108 504 2681 8778 1936 3395 3325 3496 9465 3142 8397 505 3762 482 3930 5615 622 1279 7087 571 1509 6286 700 6154 4311 8163 5253 8868 9146 1007 7851 5199 6058 1083 773 319 3661 7381 2248 839 7018 6471 4137 7719 7319 4980 6875 9033 4248 7172 5935 1374 8910 1685 7519 
8119 7132 5112 7044 8742 2683 774 9566 2078 7747 8198 7048 4033 1459 1441 458 6672 1470 9752 5542 5863 2054 3303 6591 8788 3546 9052 4602 4826 1789 1711 7875 9890 7977 8016 3015 391 212 7299 8477 9756 6920 3250 4536 2248 2398 2004 4500 8966 6375 4582 4838 4504 6586 8141 9205 4035 9627 9196 2162 7337 6719 6798 8508 7022 472 5517 7774 9373 295 6092 3904 9518 5544 1727 7986 3739 8684 6608 4577 9153 7975 8919 1023 7728 6334 689 3433 2128 3457 8094 7622 4123 8783 8036 4229 1809 7367 6300 3791 
3600 6545 5895 6283 4139 2070 9313 9814 875 8096 8491 4852 2843 605 775 4570 5783 3687 8170 6686 7847 5803 5352 2776 3628 7411 2509 2389 7057 9149 5498 3958 9138 4921 3908 4143 7356 6380 3449 3574 8759 8495 6998 9212 9848 6471 4274 8365 1887 7019 760 618 562 545 8319 8742 8328 2676 4780 972 6858 2508 6169 8836 2388 8275 6866 2498 3404 7661 6150 7489 4735 4207 9885 846 4389 25 5887 1442 1979 7227 6271 9304 8330 6458 6102 4784 542 1618 9578 2996 5740 4172 1873 3842 6287 8151 8487 3852 
1053 4410 1816 1156 961 9261 544 5615 1856 2477 6688 8070 8721 824 5089 9821 1425 3752 9251 2199 7880 9340 2449 6240 3788 7909 2782 1009 3199 3655 4137 1939 6863 6013 9039 7676 8417 6284 6065 2929 9402 3720 9642 9624 5045 3361 3316 803 3059 2248 839 6554 550 6471 4191 6616 7719 1263 4056 8559 1218 1112 7439 5392 5354 8414 3988 2872 5870 2622 5328 9339 1576 3171 2669 5891 396 2288 8581 8364 4547 2664 5728 7774 8017 4335 8098 2856 1253 2972 2751 5356 8800 6833 3210 9325 7883 8872 8025 9390 
7562 3242 6989 3001 1308 5125 914 7086 2654 2132 1052 8188 1610 4037 6550 3449 5190 7329 8933 9683 7418 8815 7118 1026 708 5808 5537 3620 8548 5220 8928 4009 6499 9591 1185 6935 427 5674 7973 3931 3099 5932 1828 4031 5897 9641 6294 1972 4767 4780 2600 4387 3588 4320 2499 623 6448 5964 1680 2981 1764 1763 5226 3822 8858 4567 2686 1020 172 7927 3021 7807 3704 8817 2336 1289 5340 3098 320 9313 8069 2346 3828 1470 1063 6315 6401 8549 172 6786 7927 9692 3591 2431 1289 5340 3098 2601 9313 8069 
8506 7879 3828 9425 4251 2105 7182 118 881 3744 1468 4760 6415 8709 8501 200 3224 4218 4084 5686 5196 2460 4899 2216 1041 5335 5905 7943 8904 6417 6669 1568 3598 5752 6024 8730 8982 5820 8699 6833 8658 6455 698 3078 1006 9345 2732 8025 6997 630 1132 9566 9142 4790 4252 6060 4590 5433 5009 2518 207 5998 8474 3393 6943 3349 6877 5728 9415 6561 3490 9147 9001 7313 2420 2591 9692 1289 9313 3630 463 8506 3828 3884 1063 7846 5665 8557 9564 4108 2487 3064 7697 3071 8361 5351 4583 4572 6719 7631 
9570 3835 9891 9790 187 8815 9824 2711 8460 503 5828 1996 8528 5696 1518 8378 5712 9812 5121 6441 714 4506 1085 3138 3654 4496 4726 4036 3842 9995 7527 9497 1344 8703 9474 7598 1959 702 7368 7006 2327 9385 6232 5001 3506 4467 8382 5254 7350 7598 2324 4833 9411 5880 9947 3267 2749 4874 5311 8854 8955 9881 9225 5984 3555 3135 3561 524 4758 3674 5574 9630 8160 9871 7131 2461 4479 1381 4424 5765 4430 598 9172 2646 9002 819 8620 5092 973 5397 1988 7985 5092 2262 260 6995 111 3918 9400 2528 
4277 517 4854 7029 6298 5812 1468 5046 2156 4202 1127 161 548 2067 6968 3569 6113 9774 2062 1364 3776 1525 8882 325 2842 5354 3773 7188 8727 1081 7516 4365 2942 308 830 8860 5189 9770 4136 1322 7130 9259 2178 9272 436 5342 9448 4788 1839 8218 2952 6507 6657 8023 9271 8299 7921 1390 106 4061 7799 7895 3013 5418 5887 6055 2777 1368 587 7824 348 4486 605 1728 4556 5043 2847 5675 3852 8720 6692 7450 7839 9777 1958 6838 3524 4589 3634 1233 7103 4883 9656 9407 4393 6956 5848 9038 7705 6625 
2797 5108 4265 8153 9660 3403 8994 680 7652 7386 2040 6674 4867 2597 8937 359 7555 7892 8622 1370 6698 7339 2207 7108 2539 9928 6498 7121 4388 5953 3365 9461 6480 5055 9848 7199 3079 7585 2714 9 525 4963 3119 1343 6457 6822 3637 2336 7774 3744 1199 3804 6476 4128 9555 2728 3656 779 551 7353 8668 5975 442 7319 4475 4980 8112 7317 9756 7413 2225 7454 2117 6534 3830 232 3896 8618 6637 2564 9358 1912 3768 5101 852 9273 6183 8006 4172 5305 6290 1839 8063 5199 1837 6997 552 1650 8854 325 
8218 4498 6359 5827 2253 3805 6154 1328 3152 8232 8414 9712 4098 6416 8733 1622 2875 6102 3201 2985 8433 7699 9344 8248 1155 2140 2457 4906 5945 8943 7939 2455 3010 2483 5007 3376 984 6343 6142 1383 1385 791 9421 4200 9207 7527 6215 4015 7088 3648 2647 6288 3069 5563 3079 2047 2754 3357 4923 6775 1591 8835 6008 1039 8367 1002 7058 5493 18 4797 5711 5804 14 4721 4593 844 4378 1682 3709 8959 9647 6291 1967 1664 9511 191 2742 8741 7030 324 2721 1383 3634 9656 9407 4975 4393 5940 895 244 
4105 6285 2044 7019 4784 4911 1518 4588 2170 5787 4825 5282 8195 4437 4178 6903 9443 7348 1712 9802 3980 5511 458 9550 8708 1123 8517 6911 8932 3736 6806 7277 8377 5661 8959 5749 1121 8404 9532 2499 9026 151 1267 7536 6845 7176 9049 8376 5524 1971 4810 808 3462 1792 1682 7792 3280 3947 8036 6689 9478 4709 9471 4827 6205 9909 876 3020 3534 222 7651 3619 2924 1133 9279 339 5055 1216 1891 6039 1108 3094 6407 2906 4655 4191 3622 7068 9855 1580 8471 4673 2997 2700 9601 8011 1216 7967 5266 7835 
9824 1516 9987 4848 5369 9894 3953 4474 3615 3842 5079 1599 3692 9810 6379 6429 8359 6630 3333 7214 3359 8992 5712 7311 9633 8205 2551 1723 4742 8586 8298 9149 4862 5899 3200 7916 4208 6760 7147 7425 7720 3279 2536 3082 526 9393 8186 2586 5754 5206 478 5744 3674 9564 5017 1583 4790 6065 4203 6556 8613 3127 5971 9830 2311 2045 5088 4576 1377 4249 5795 6651 2262 4551 2691 4416 875 2938 4496 6853 2211 7951 257 4953 5856 3457 4597 379 689 3196 526 709 2979 9643 9370 8872 177 1956 630 3745 
1878 263 2648 4257 9809 5895 4828 8852 3016 6548 4205 3176 8424 5184 24 3028 741 925 5894 8845 2842 5500 6110 2468 5624 4991 108 8247 3548 4410 1176 1152 6444 4464 8270 3944 825 5139 1028 3125 8569 2520 1067 8860 5793 3215 8898 7057 6375 7003 9428 4472 3116 5393 6452 559 3964 5483 3078 8194 5871 3842 7705 5185 9807 8531 6217 7553 7380 5567 3561 7763 439 6021 5434 7654 6447 6009 9714 8747 8724 3526 5696 2742 1749 1626 1254 5548 9609 9247 6853 9123 2811 6715 1581 5919 9207 6201 5139 1969 
7518 1186 7228 5071 9119 846 990 1204 6729 8873 9972 9142 1065 4298 600 1729 494 8666 2218 9507 2081 9806 3921 5650 5004 5534 9595 1941 933 3908 5862 3309 7356 647 881 2730 9782 8398 3741 4436 6437 3449 3574 8759 1405 4031 187 3587 3684 6471 5751 7274 179 1131 9157 885 1887 4745 6182 618 562 4691 227 8742 2537 2385 4488 8964 9539 6776 5081 4576 5866 3118 9190 1992 559 5712 968 6607 7178 3600 6772 6131 744 7406 3588 2811 7404 7574 4534 6956 9827 1293 5306 8946 1858 7201 6200 8816 
7951 6775 9004 78 8465 2073 4896 4572 1371 6734 2807 8894 3287 2801 2821 1456 7902 762 9581 8459 6649 3564 7393 6753 3102 6833 7726 3973 7819 9026 4695 5337 5987 6701 9877 3525 9516 3395 7627 6005 1880 9954 2585 7367 2382 3461 6377 1028 6578 7483 4390 7884 9797 1034 8848 892 5603 8161 4369 7628 9659 1548 6703 3078 9087 8498 7589 7735 3828 2762 828 3568 8266 4585 4465 7323 681 9654 3175 2111 9870 565 3513 8670 1999 4693 455 1136 1596 2788 9755 5952 5622 8906 3274 409 3068 2370 5008 1857 
1028 1392 8878 5720 8785 4141 9994 2125 1361 3564 9552 8004 842 517 9277 8443 4247 5423 8095 423 9978 1588 9531 8066 1007 7222 2250 8082 7056 3115 5866 6385 5957 6883 2558 4750 6339 1613 9481 1048 2522 5697 3374 7624 4 3133 1862 739 9192 8393 3292 8213 7903 4788 8472 9321 6795 651 8355 6215 5746 8336 2804 2394 8580 5620 7578 6929 1122 3116 6410 5077 8762 61 4077 399 3365 549 1438 4628 7261 7665 1733 3363 137 7269 1482 9688 9057 6802 556 6533 7457 7827 4922 3653 9891 8373 4537 9377 
7593 1691 7008 8586 1987 6944 1470 3609 2032 9913 4188 273 5975 6182 3940 8227 9495 2099 6521 7747 8158 4695 5255 7877 3334 3465 5608 3609 222 5612 5944 6355 9920 3250 7148 5451 9502 3117 9271 4400 42 1682 9907 1228 2410 6320 751 1039 8218 5903 2432 8909 2450 1910 6942 5242 68 5175 9506 6963 7983 9177 235 9949 5656 5580 9129 4264 2788 5 593 8877 9112 8631 1654 8324 2118 4760 7549 7554 3310 2686 8539 5408 7651 2291 1071 8078 9612 1761 9652 7062 2585 1119 996 6214 9840 5573 4402 4141 
9881 5687 7704 4605 6351 8100 6506 3755 7862 8681 4016 4751 2166 3634 8720 5479 9727 8267 3661 1777 8930 2298 6183 6401 926 5477 9811 1756 6704 4086 1295 4998 3464 3112 5485 9401 6960 2046 8560 9033 7829 5257 1594 5643 2724 6763 2596 4452 2834 8267 4770 5749 2657 4252 8062 612 5745 2859 9899 2366 1337 7913 744 3617 1182 9996 6035 3839 8099 196 953 4606 3320 1233 4146 828 7146 3280 3476 9923 2646 2160 4842 137 8292 3076 2117 2266 1113 4751 3881 3291 611 7324 6973 9239 7964 352 9067 927 
5619 4714 7307 8646 9411 5708 6366 9757 8455 8917 2418 6983 7286 5357 701 6811 7207 4241 9699 5054 3480 7596 3096 8996 2110 7967 5004 1917 8921 851 4175 7082 6993 2867 856 3730 6399 5591 3693 5158 1534 5254 5565 757 4135 9953 6275 8981 8796 9716 5784 6799 4927 1233 7335 3874 9767 2756 8355 6940 6029 6682 7120 5025 1144 5122 7368 4884 622 3698 859 3707 6974 8021 436 7587 1541 2405 4833 1520 4846 4037 8081 3986 5528 954 1792 1624 2013 3982 5759 9840 6003 1626 4542 9445 6508 6363 6700 1503 
669 1997 7511 8577 7342 5236 2057 5372 8406 4527 4656 9274 3571 8629 7658 2463 9625 2899 1646 782 8727 6244 8871 8925 5398 4839 123 8938 6066 9796 8965 1423 1022 6725 5960 5578 249 3884 904 620 8765 6626 9673 5573 2729 9160 9805 3132 5395 9534 6727 4808 7517 2379 462 6581 9801 3739 6391 8915 5076 3250 2960 4326 1766 9387 7149 5037 7101 6679 6449 9210 5675 775 8015 2794 1593 3461 4852 6878 1417 9048 962 9288 410 4169 4937 6972 1824 4830 2438 6780 8698 7670 1773 8294 3033 7941 669 2100 
9746 2724 1269 1050 9896 5183 6998 1594 5315 8170 1128 5356 5145 8313 3273 4883 9551 2543 4201 1073 9691 8960 9902 3634 4886 7653 1204 9876 7854 9959 1352 5785 5417 5650 4454 1326 9093 4049 6611 7931 1761 5449 9887 1759 776 2571 2814 5412 2783 8120 7982 1499 3808 5023 1580 8825 9505 4500 3491 3495 738 3666 8374 2940 707 3179 6542 1160 5651 3811 8122 2281 4181 9534 3901 2148 9553 8078 9800 7779 2075 5185 2746 3405 2508 4720 803 530 675 3134 5947 4982 8004 2975 1147 6390 5579 2501 7536 5225 
7697 4955 3270 6695 6677 1596 8694 5179 4077 2648 262 7172 7468 7505 2341 7171 3529 8700 4950 9149 2775 7006 9880 1523 5702 530 8859 6331 6705 3848 8933 916 7749 8048 567 5049 7634 6260 2845 2965 6952 4402 4070 3455 6676 8793 9838 6757 5264 2368 2433 9207 2311 3260 7662 1117 2380 8677 3442 2040 3656 116 4891 4281 3016 4307 9133 8716 1431 1194 4877 7812 4298 9202 6644 1504 220 6588 8003 4189 3391 8399 5153 6941 4291 2972 846 5275 1385 4582 7973 1780 1588 7473 5562 2931 7804 3682 7616 3050 
6024 1902 4456 5327 4959 1205 8236 5671 1551 6185 1065 8334 4877 1672 1626 5550 3989 5218 4485 8068 7171 2799 1857 1358 9147 3840 2676 7411 939 2449 6549 5144 1813 842 7591 1664 1832 2249 6759 6877 4137 9508 2684 7121 7992 4962 7565 1128 7262 1220 4010 84 8285 3634 219 4984 203 4427 688 1821 7106 5145 6727 8140 588 8410 1994 1190 6302 2443 2918 7783 1886 8168 3577 8756 2337 7099 4637 2262 9090 7496 1560 4219 1395 1426 8440 3113 4879 5740 4346 2687 5128 9072 1901 5505 5304 4079 3817 6403 
4082 949 1095 7745 9544 9220 6259 8070 540 9471 6696 1850 6100 5185 1791 4031 5995 8619 5080 5296 5609 5903 2537 8028 6671 8463 2588 647 2079 289 5443 5298 7956 4961 9295 5631 5063 8829 116 518 2086 979 2721 7209 2383 8314 6040 1230 3728 4991 451 8189 2187 1613 1663 6903 1323 5090 6636 5578 6838 3923 1549 7116 9612 8200 3350 3578 4060 236 4350 1150 9569 1654 6683 1952 3102 9991 5736 7809 2385 4504 6837 3643 601 4765 5694 5318 1065 4811 4658 9563 8017 7209 3754 8850 9575 6826 3069 8034 
9290 1446 598 353 4284 8038 5960 8012 2997 3581 3619 1392 2707 9371 3442 2204 8195 1329 4182 9882 9324 6798 4701 6092 1869 9683 5108 8331 7704 256 614 3594 4921 9073 6830 9099 6269 2290 9916 2072 8822 1322 7792 7313 121 3647 337 1293 8964 2881 785 8435 4978 4218 4354 8727 5371 2686 9503 1805 3807 6786 6833 7927 5525 6270 8817 2336 1289 5340 2948 9141 9313 8069 3630 4418 3828 1470 6315 3143 1654 2128 305 6801 6518 4149 6371 9599 9651 5341 5856 5548 4830 8571 4688 6301 2253 4884 6456 7926 
5556 448 5765 2367 175 1940 4390 7130 5594 9931 7986 8170 2358 5541 9153 6055 7975 8417 9628 820 3360 4511 6833 7026 7261 4899 9342 1459 2197 8961 5231 1918 8593 121 7480 4602 2327 6979 2673 6690 999 5825 3506 1109 507 6244 3302 7818 3814 4840 5679 6527 9810 9826 7249 521 6166 1852 3115 9036 2917 5868 5936 8260 6291 9647 662 3677 2937 3285 5815 7149 6246 4460 6219 2218 8845 8044 8926 2177 8553 222 8206 5088 2376 3986 3922 8454 3525 3324 274 7704 7754 8655 3761 1468 298 2480 4568 2240 
6590 6224 4594 9119 2246 5194 6279 6250 9363 9992 2391 4564 9172 7976 1949 6337 6973 3531 1123 7530 4336 2900 9353 3917 2992 8896 9605 570 7671 7554 2500 3308 827 6495 9114 3939 5887 6717 587 348 2101 3655 5239 3504 5089 1157 4664 5729 2705 4035 2250 7099 9883 3385 6540 986 7826 3787 6838 5563 7893 5342 8747 2639 859 5897 2982 4299 2306 3833 8994 2857 3229 9483 1072 2305 6682 8017 3149 8570 5607 9264 7299 3575 1635 3004 8557 6376 4138 174 8797 7978 8761 3179 9967 8912 457 8378 4928 4156 
257 3775 7427 2888 2045 4486 2994 5089 411 7543 5635 1724 8059 5903 4589 6252 1434 7874 4025 2935 6830 8930 7098 3532 4752 5306 6866 4073 632 3955 9813 5207 414 2902 2161 9264 5934 646 9664 1649 7071 7436 2940 7555 9658 7646 2371 134 7806 6127 9034 2929 9049 4137 6771 6063 325 7859 7343 3745 2927 8671 4924 7001 8082 9320 7774 7563 1086 1140 2514 5187 9662 462 3111 7250 5179 3930 9390 262 7172 713 9266 2341 4422 3529 6920 8700 1589 9149 2775 7006 2165 5618 3332 621 4562 4361 6561 5984 
9679 3488 8989 2406 4507 7531 6511 4917 8332 680 6701 3652 6915 3877 3146 7006 9633 1609 3959 2865 5553 8954 7917 7017 5411 1829 4994 2396 4436 4695 6570 2124 4635 5215 1510 8655 74 6910 2173 3283 9489 2594 2646 2160 3635 7333 2375 6511 8033 7761 8691 148 9801 272 2768 5267 8737 3028 3233 1522 3412 4187 7230 247 9176 9933 686 5542 3273 901 4064 1943 9506 5890 5032 3400 1190 9035 3972 890 5989 9803 9998 9275 8505 9201 4193 1735 8492 3930 8713 6828 9600 8990 3189 5173 1148 5224 7076 8551 
2637 1057 755 2529 3678 1239 1469 6907 9960 6195 1940 3086 884 9219 6492 7232 5893 9333 3176 9928 1286 4373 9553 30 5728 6667 9756 1371 5963 1875 2113 3538 1680 4536 6650 6375 4838 1346 9030 1148 3142 8763 1746 936 1215 2286 9964 3526 5475 2778 4922 787 3274 3408 6827 5311 8374 6284 4807 8652 7450 724 4132 7312 8348 6395 2664 4516 3041 3645 7807 1798 4495 883 4075 8417 7485 2196 9980 7312 4517 1090 3725 3044 8494 6801 6410 528 6201 2967 789 1102 4447 4964 8129 2864 3007 9672 4554 5577 
4228 7686 7607 3090 5203 1784 4439 9727 2373 635 5294 7911 3404 6532 3045 2690 3661 8706 7734 2279 2174 3856 4545 6797 1312 3575 2361 473 4707 1040 4667 4392 7448 9527 194 7888 3570 1347 5488 9895 9003 7106 8543 5479 2937 1255 8496 3167 5900 7092 2807 770 8942 8376 6860 7997 5633 4150 9478 3611 9855 3486 200 8687 5976 6330 7596 2937 5185 854 2067 3848 919 2303 7786 962 3689 1658 2942 7428 1392 5701 3704 9875 6605 284 8586 3790 7920 4675 1892 6986 3799 1591 881 9327 6860 2641 5348 3759 
7539 8862 604 6267 5174 2102 2779 9754 2477 4135 5430 383 1332 6903 5571 5228 5615 1718 1508 4451 1279 6628 1485 7400 9866 6071 6437 2608 7300 3463 1912 9021 5495 3810 2813 7975 6417 2757 4277 8570 5368 6919 5010 1327 8350 2161 7935 7525 1437 9505 2463 1380 9699 5269 7561 8451 7226 1868 5761 8398 5975 2149 5896 1024 607 3388 6961 613 78 1621 6791 9443 5032 6537 5418 6616 9376 1729 3907 8520 288 2982 8870 3478 1736 1788 527 459 3613 7091 3539 2452 8259 7694 5636 2812 2279 3047 4838 3230 
3366 566 1703 3806 3818 9431 9737 8834 7974 4666 633 8472 6803 9359 6712 8544 6928 249 4878 3165 1348 2729 4537 7835 9420 8255 7081 914 476 5931 7062 5931 812 5255 3119 94 2487 5119 4942 7862 1729 2315 5462 8670 9573 1194 1089 4921 5016 4906 3791 3893 1596 1073 5551 7985 6558 7578 7765 7916 1418 7982 8503 4342 8389 1134 1698 8791 412 8241 1546 6528 6695 8362 7164 9359 1203 5041 4636 7833 7386 1244 7761 5920 2926 7955 5474 4032 8182 4983 8048 8397 9005 7755 7633 3121 273 6310 2987 2196 
6215 3868 800 8609 7845 4781 431 249 3442 7611 2278 8390 7869 7695 6068 7227 4383 6228 7157 6186 852 3988 3929 6331 832 511 4422 3143 9851 7298 8663 6287 5270 9432 9961 4757 7531 2574 5472 8579 8259 8849 5278 1738 6575 1052 4855 8044 1397 3775 2456 6098 1793 3914 9335 6876 3602 9887 854 9965 4903 6492 7020 7221 7507 542 522 2952 1966 7769 8202 9428 7736 8842 2042 8595 51 8267 8401 1721 7404 4274 6130 396 2442 6463 7692 820 4477 9755 6688 9343 6921 1442 6551 1208 1626 230 4568 4720 