6561 3490 1611 3501 3937 9689 503 4141 9774 3596 732 7949 4400 7872 567 2617 599 2399 6557 3717 3641 1590 3423 1068 5609 1677 3308 3023 5932 6096 192 3616 5260 2896 8779 9840 4368 9690 6841 6456 7137 1058 4770 8311 8167 4428 3915 8969 8852 2621 9970 2933 9890 2457 8016 3015 4468 7299 7862 4252 5963 3538 6599 1680 3250 4536 2248 6777 344 6375 9542 797 7269 7392 4035 9627 7164 6278 8341 8039 2868 9229 7372 5262 8180 7764 8961 786 9846 334 5135 9549 8285 7724 3451 4860 6957 8071 5587 1816 
7156 9476 6917 6354 5254 4390 4482 7333 867 6997 122 5027 4214 5216 5953 1176 7051 4172 7831 6472 3786 5199 1837 3799 431 8507 5617 3293 6706 2977 8119 1940 3429 9282 1180 7671 4071 1569 5243 9876 7212 505 1089 2008 8049 2126 3346 9658 7585 6683 5250 9261 7704 1926 5603 2686 1020 172 5153 8121 1690 9692 7807 8514 2336 1289 2948 320 8477 9472 1207 463 2346 7558 7879 1470 287 9752 3957 6401 4094 6864 8119 8724 9642 9486 905 5739 6374 5854 7964 9805 2300 8148 3501 6130 4709 1978 5869 4954 
9391 253 7220 3411 2912 5893 602 2444 1419 2503 5322 1927 5624 7198 6592 8788 1024 4802 3109 625 8781 2650 7933 1531 8851 3830 3893 2141 4863 3349 5417 6877 2486 8587 6561 3490 911 4800 6825 6988 337 1548 963 785 7404 4978 1763 4354 5226 8727 3822 4691 6022 5265 5619 4474 6776 8895 908 6860 7822 7904 505 1604 2576 4108 8923 5221 9652 1632 5793 636 8016 733 6371 2671 3594 8905 1080 5603 6317 4208 2713 6985 9708 6530 2162 1055 1121 5980 140 9272 3678 9434 3547 934 7538 8358 1892 4026 
7060 2803 4804 8453 179 3096 2163 8537 2560 1528 4643 9447 1640 4992 5013 1030 3161 7432 6158 7319 5891 9489 1410 2892 9542 2943 5953 7229 8151 339 7320 4106 6349 4044 7790 1713 4153 5593 2451 9846 8511 9981 9069 5837 5997 8301 4926 1620 1832 2355 1515 3494 7399 5038 3019 3796 3084 324 8297 6505 8860 8334 4001 5240 6748 5968 5930 6491 8585 998 3771 9447 399 2905 190 5477 5506 5809 9299 2430 1853 2392 9585 6554 6903 6948 7933 4056 1075 663 8744 4684 7308 8088 716 9921 9560 411 6189 8932 
1489 9198 7822 3596 6587 7387 7706 3478 4469 3754 7899 6828 2787 2287 3269 9786 507 1385 2771 9150 308 8234 9456 5885 6827 9912 5913 4100 4101 6095 9172 8301 8177 5298 67 5770 6520 3804 7769 69 9296 2776 925 5819 7205 0 2044 1645 9061 5052 8097 7382 3613 7686 8415 8706 4857 6600 8557 2499 5336 6634 8479 8961 5089 9199 5800 3837 4809 9477 8229 8367 8290 8349 5258 2376 6365 9268 9882 8012 2136 8421 8090 5717 1119 8569 6722 772 4019 9416 6485 3404 8325 5537 7342 3776 8109 7398 3735 8498 
9437 8682 5168 9215 8153 1368 4633 7481 5979 3893 2576 5217 4703 7199 3552 5839 8619 7897 6795 4493 3109 8781 7933 8851 3830 8978 9573 8434 1960 3349 6877 2486 8587 9415 6561 3490 9001 8193 121 2887 1293 7644 9730 6853 5594 7179 5185 2422 6628 9748 522 8600 5309 6537 231 7549 5889 8457 6852 6709 5969 977 3591 9338 7271 7003 8619 5872 2677 9473 6190 2638 5862 3133 8147 5777 5126 9560 8589 8010 3073 7580 3582 4883 2576 1690 2354 1572 5445 3494 2277 8778 8306 6348 4260 6058 3559 1681 6946 3576 
3985 6997 3340 8788 2051 7177 1437 6591 2822 6223 3376 7032 6788 5837 9574 5930 8511 8675 7138 1450 5238 8890 8465 6138 2737 6259 5723 788 4713 5889 5549 9658 9537 5612 6225 6927 402 4081 6143 9778 9841 5015 2556 5835 7581 9787 8289 7540 9413 884 5784 2378 8441 3824 5958 2550 8387 6057 1822 1469 6670 7657 7951 9325 6682 5086 8027 1240 5569 4065 1821 4703 4987 6332 6095 8564 2546 293 9212 7779 5997 5625 6625 3629 418 9358 3851 1670 3552 5781 1123 6375 7408 5740 4172 5788 9828 8586 2917 193 
1208 1375 2544 7187 1581 8752 5401 6934 7098 2684 9299 7285 7708 8230 106 4962 7565 7707 9906 4300 5892 7468 4476 5736 3131 4006 5173 2665 2085 1565 4146 6623 5906 9183 5541 9547 5053 9356 1565 6264 3597 939 5198 6235 4055 8972 8474 6497 2763 5778 496 3855 3372 943 11 2677 9109 3450 2885 4056 9769 9483 3624 1210 7129 6668 7534 9752 4069 4449 3207 4902 2608 4946 5056 7372 2374 4305 2866 9895 401 2695 3222 1691 3090 2466 40 2127 7516 6543 3396 145 127 7417 3893 195 3687 679 7251 5129 
1625 1676 6950 8190 8416 2762 7225 4726 84 6678 170 445 259 7942 3449 5535 187 9848 179 4274 9157 885 760 6022 7954 1638 336 546 1604 2576 1394 4346 9355 1632 636 7890 5803 5544 9284 3933 5507 1080 6983 6985 6487 6526 6530 1055 1394 1924 7922 778 4031 2105 2348 179 8930 1061 9257 7126 1490 3931 5144 8335 2445 392 5303 1896 6076 8163 8087 4619 3546 1987 2077 4417 2095 3806 2976 5494 9082 962 2052 8769 4426 7622 4613 8349 1497 629 8394 474 8551 2278 5942 7002 6401 5350 7202 960 
8363 6247 5397 7578 5169 9857 8326 764 8501 8492 4903 3842 7085 200 6977 4945 3224 7874 8215 6542 2957 2460 9351 9012 6972 3231 9867 3208 8969 8062 9622 9026 994 708 1188 6485 9757 6616 2682 6847 8850 2100 9545 620 2750 4678 4262 3348 2388 505 7231 1927 396 4892 7856 9483 9182 8016 3470 4562 4058 9948 9886 9393 9762 3848 4644 7330 8896 4127 4560 1246 6581 9551 9594 6324 1224 8723 1036 8146 8288 2111 4868 7066 7138 8667 2535 452 9354 5619 5851 1578 3689 5811 9105 5085 5227 7430 895 3407 
9385 73 6177 6460 2221 6985 6292 8974 8860 8619 533 8292 5439 5945 4031 1592 154 6625 2385 5669 6809 895 1447 717 8324 685 740 6403 9416 8243 4274 5783 9508 8249 7549 3677 81 5183 4312 5315 544 7992 3060 9460 8115 8912 9891 183 3349 2433 4850 9964 7181 2164 6230 6240 3676 8496 8844 5997 7328 5970 8573 748 7069 7126 6723 4870 3942 6672 4236 272 9769 9320 4868 814 6052 6428 1503 958 9148 452 8405 3689 7849 4713 4404 155 7777 6379 3782 5042 9760 4126 2325 4194 6242 6133 9058 2264 
2578 9891 31 771 4714 2018 6840 1259 1377 4767 3791 2586 8315 1398 3344 5563 1481 5089 5770 4831 9933 5404 2088 5698 814 4035 8658 331 4816 4881 2297 6537 2882 4488 5419 4126 3360 5021 9510 7737 4008 4569 5743 8195 6524 1641 5001 3036 9248 4243 8280 8409 931 6801 8190 726 5419 1604 7638 3424 2887 58 8971 2165 4606 4558 9623 9962 107 3769 8195 6354 4934 5892 3821 7468 9900 9499 5153 3571 7524 6483 5987 5701 4225 8719 9937 8999 976 4615 3905 593 2470 3901 1202 7404 5565 4564 6699 8748 
8125 3009 6439 1256 2284 3600 4571 4938 7857 138 5980 9414 6150 1221 6776 3391 8090 1071 935 8169 2802 8916 2753 7177 2058 3638 9501 933 7354 5041 8467 2525 7809 7880 2469 8302 478 7705 7909 3859 4027 8938 1084 4780 2504 2101 9925 9786 7900 7157 1601 4260 1459 772 9396 9330 3784 7994 3866 9004 6216 7841 569 5403 742 1316 731 3100 3224 974 5972 831 6860 2606 1176 8119 3084 2477 5673 6345 2441 2332 7183 2218 4671 6907 5815 5751 9980 3142 383 334 7823 5410 9808 746 3889 505 5085 6398 
7856 2711 6812 3887 2935 6709 7135 5524 9276 1058 3551 7970 9634 5451 2937 9712 4426 9505 4998 547 7246 5384 4764 9342 2552 5115 3817 7355 2444 3106 3483 1980 9548 704 2509 4372 5162 2101 1219 314 754 7387 2554 7953 5017 7128 4160 3522 4911 5225 4293 2306 2436 8407 7410 8016 1434 9363 2437 8416 1855 1465 5947 8004 8382 5802 8151 1866 5121 3242 5651 6869 8774 4125 7683 9000 3018 7511 4570 8799 9713 3770 7215 9507 499 6709 308 3367 3775 9455 5207 1851 4695 7339 2902 6177 344 4582 3048 3056 
3232 797 7392 4035 1664 1596 8039 9229 5263 5932 6096 3616 9225 4248 1469 4576 73 6786 9313 4058 3305 1188 6485 3728 9545 9578 748 1910 834 2919 1769 4904 319 3357 9224 1844 9105 5909 4884 895 4267 6460 4922 4809 6985 6062 7729 8974 1509 3858 6738 5746 4356 8995 533 8292 5945 755 6252 8279 154 6625 9339 4551 4770 9522 5918 8280 4305 7757 8377 225 3207 2741 4685 4780 5942 4362 3197 5056 1798 7372 2374 2065 5715 7728 401 8860 3222 9781 1691 5831 2658 6383 2630 6710 980 4176 5145 3453 
249 1629 8231 1766 6762 5267 3591 5668 2549 310 3835 2450 7462 5235 7533 2455 394 9652 8431 5323 2786 3203 2923 9009 801 4704 7274 4823 4157 612 2557 8858 9716 9420 305 6817 8458 8765 1783 6221 5594 955 3569 76 2783 8556 7029 1200 2046 4741 8219 8013 7419 1082 2143 3957 8697 446 744 5485 916 3915 7079 6674 6449 3384 7341 3113 2991 5867 5662 3398 722 1143 119 4439 6023 9049 1087 5498 510 823 7357 7867 6562 555 1011 8446 60 1039 4107 1772 25 7330 8685 1142 2311 5388 7657 2485 
8977 8753 3501 7502 4110 4363 6391 98 2087 9370 7660 288 3309 2513 4512 5166 4595 6326 7926 6874 3516 5205 5430 4903 1547 8311 7055 2803 803 1358 6921 7025 6767 1619 9949 242 2987 7002 8845 6155 1934 7259 8501 1768 6389 7203 1470 7073 8849 9700 383 9828 2421 2828 1324 3592 9260 6147 4855 5993 3154 5705 4006 4600 9070 180 9643 6808 2486 7734 640 687 2992 9945 4243 197 4764 6108 3060 3035 8489 4908 5029 9825 1905 9502 5702 7232 6613 8910 6089 3183 5088 9688 2116 8388 337 1637 1689 7311 
6627 1322 8192 1511 2348 7685 2232 3813 8729 7998 5433 7271 5743 4409 8794 426 7874 7630 875 4892 8837 3579 8283 9678 2987 7892 3385 8568 2371 126 6399 1673 5794 662 8760 281 8407 298 9659 9484 9785 9845 5965 3790 7667 3524 9356 6228 4737 5564 619 9635 3146 9939 9942 2306 2791 7696 5540 996 6049 5056 4289 3814 2341 5022 6153 3389 180 5790 8843 2390 6945 2988 9520 2882 7708 873 2689 1750 7987 377 8013 3693 6827 1800 3467 4150 7406 6750 4737 3300 8376 977 1022 6594 8102 971 6158 1195 
9200 2226 9825 2227 3720 9845 4556 6723 1820 5986 8844 9288 3602 9154 8532 7111 7976 2080 8606 5310 6431 8195 8893 7182 3296 7705 5189 7113 2580 6978 491 6447 8741 5362 5306 1195 116 9380 7798 4627 4526 1936 4261 4803 7375 4763 1104 5727 1188 4434 4703 2243 4788 9671 7967 1308 3956 2654 8188 8060 2068 6550 8956 3449 1966 4196 7841 7438 5321 6798 2151 7984 923 2110 5586 2565 4956 7715 3292 3535 7023 4224 3380 7294 8932 3514 400 2963 3312 2071 3931 1480 2059 2704 8707 3881 3296 6883 1548 3149 
1213 2640 2588 4883 444 4200 8775 6054 7481 6319 2187 6287 4780 5333 7070 7427 4956 3849 8009 4 1335 7445 2321 6348 452 2134 7948 1656 3527 2496 5799 4368 7096 2805 7050 9525 1323 6000 7471 7888 6739 1605 6363 47 1903 1416 8088 7104 4627 110 8382 6422 5641 635 1695 6057 2890 7576 3072 6086 3708 2536 2338 7525 3905 419 8870 477 219 5982 6201 8090 1058 3720 4961 1784 917 8793 7974 514 5294 2558 3871 3712 6997 3566 4164 6975 8782 9642 156 9725 9414 5766 1090 3346 6534 4868 4535 7111 
6654 2420 4520 7216 9334 2371 8022 3098 9472 1207 6795 8781 1376 1254 1531 3830 8978 7382 8510 7421 8434 7537 1960 4863 3349 5417 6877 2486 5728 8587 9415 6561 5072 4684 6825 8783 3647 1293 3375 8991 3859 685 7837 2248 6568 9685 9083 8477 1767 4799 1396 3517 8376 953 6535 3829 8136 1120 2468 9306 5601 8583 1038 3510 8417 9684 435 2567 1939 9117 5107 5585 2881 3516 6024 2697 117 3638 6649 6664 3209 7687 2681 7342 2158 4053 7539 2754 5185 5004 2574 2336 2551 4446 7760 9167 5684 5604 7073 120 
4877 5473 2599 6362 3272 825 7639 378 1287 4947 3760 7631 6059 2394 5857 415 7205 9602 4501 7859 295 5704 4880 8696 1916 4774 4786 8552 9717 2527 8606 1400 6518 4099 6012 5067 115 8383 1284 5196 6873 3930 8190 9258 7622 8407 365 3051 1434 5373 6921 2534 3967 6454 5226 827 4757 7604 2361 7201 675 3404 3680 1755 890 9009 7568 8284 5348 2563 39 8035 6118 7884 3763 6452 5483 3078 8206 3613 7705 8667 250 6256 5917 2049 2669 68 1606 7409 56 6585 9455 5744 2788 7772 8466 2479 5260 1280 
8566 7626 6603 2236 744 4069 9271 1150 1023 9952 5823 3505 5649 5404 2758 7303 5215 8741 678 8547 9855 3477 6870 4173 8636 6344 4199 3435 5464 1432 777 8895 8753 1915 2629 2127 2891 4194 6133 9058 5148 4456 4959 1475 1551 1075 7212 2257 7337 6719 3064 207 6798 4701 3610 8508 1076 1316 7687 7774 840 5743 3483 9142 5481 7224 1442 8265 4348 3484 9184 5649 1164 5813 3163 6689 4073 4890 7163 4554 2250 8040 3576 657 8806 7846 3762 1029 4686 7634 403 5239 2477 4653 3777 7164 2224 6428 2535 452 
4054 8234 273 2588 7136 9496 7031 5767 5552 8758 8307 1323 2120 3679 9460 2914 1054 5503 2717 7393 5594 3705 463 1063 4708 6401 5542 1207 8657 6473 3094 8358 4950 4596 1791 8664 7697 824 2215 7640 8013 9894 5719 9328 2080 4689 8514 2336 1289 2948 320 9313 8069 3630 463 7558 7879 2549 3884 3811 5542 5863 2054 5685 2500 1006 1083 8537 1264 1087 5148 2150 8055 4456 9998 1190 3365 8236 5671 1551 6185 8909 1075 1543 854 4201 2257 7337 6719 207 1395 8858 6798 4896 2901 2135 3623 4310 8421 6382 
737 3704 5142 3859 7482 6074 2362 9315 8543 7520 7766 3911 5730 2341 4027 6517 6442 9780 4838 804 2336 7774 3804 9555 3320 5862 285 410 8183 4253 3461 411 6492 2572 7751 3176 9928 6381 1286 9553 30 7743 6667 9107 667 4411 3012 449 9907 1685 4619 3532 1987 2077 7618 9895 3025 2932 7447 2095 3806 5494 7284 9301 2052 2499 7904 4995 6708 2507 3165 1507 3468 8090 1443 9840 1463 3330 2151 8069 9401 2507 7954 5659 4264 1357 543 8757 52 8851 7431 2366 1959 7036 4012 7651 5036 4139 1584 6954 
3984 7317 3549 1174 6789 802 9938 4285 9401 599 6246 5220 6401 2294 9612 9307 4383 1343 2677 5556 2522 2943 3517 2747 9587 5018 3387 7417 7480 6098 423 292 5143 5802 1285 7439 5447 3762 3505 8315 8334 8153 3964 1850 3783 1652 9081 7853 7541 4004 3366 6607 1438 9136 7126 415 1039 6626 8200 5326 7885 2916 2474 5029 3660 6639 9980 939 4402 2145 4463 962 6157 771 6866 4395 6093 5392 9613 6595 8277 1502 733 9972 572 4425 966 1448 360 81 8369 6165 2049 3991 6974 4313 3283 6495 5039 529 
4408 3801 5916 6134 4267 4734 70 1965 3798 2799 7668 1606 5477 2581 9955 2379 7864 1527 4072 331 6476 6787 6612 2809 3193 4565 5551 3267 8714 7759 8991 9761 9155 8806 685 4045 6015 9342 177 6033 3366 6182 3371 2920 1878 263 5610 2648 4257 3600 9646 4870 153 8461 4416 1184 2536 6728 2729 6668 9616 7221 9909 6837 6796 6930 341 7070 6716 3702 2193 4289 3872 3527 4320 2645 197 2653 6210 118 8222 7230 247 6838 2807 1490 3216 3264 675 5622 4700 9038 8819 5217 9087 6438 6782 10 8366 692 
7878 3331 1046 818 7013 8565 9307 189 2961 5566 7743 3201 6040 7300 6945 9958 5147 6133 5829 1980 6904 4498 2253 3805 6486 6154 3152 8414 6416 5665 9564 1332 6563 1356 9843 6593 7083 60 9196 6134 3983 4007 6828 9701 1064 1124 3454 9421 9039 4348 3464 4788 5380 3329 3363 1645 1220 188 1980 504 9788 7489 6807 6247 5095 2190 3390 26 6793 4257 7847 9615 5141 7829 4502 3410 3316 2903 3425 7217 6903 8360 8522 681 6858 4684 990 7461 5518 8631 7333 2514 5352 2215 9230 6023 2488 7102 2838 4542 
5469 8474 1611 2858 2320 6590 9640 5762 1805 5202 695 625 4571 6852 462 5134 5853 9663 3405 1123 4092 4610 5014 2345 559 6284 1698 7151 784 68 8044 6834 9923 7006 7012 3840 1897 3324 1360 5607 915 7204 5053 2134 7992 6065 4962 9776 1571 9182 1372 7799 7805 8025 7392 6781 9659 8606 2200 6645 4651 6635 9233 4728 1520 1048 2400 6485 1200 3393 8064 1513 9062 3190 8367 2592 8982 7308 6630 3392 4431 2009 1916 3004 487 2697 3653 9146 6828 4611 6829 5845 9647 7385 2859 8668 9731 2095 2798 491 
856 33 9750 3780 428 298 7527 7349 9588 5647 9185 7883 5392 816 7562 5773 4712 1723 1231 6037 5185 2437 889 6799 4812 9866 7737 4805 557 9266 5989 1534 8775 2133 1018 6462 1854 7045 5617 6456 3612 1118 3251 8674 2389 6630 1161 9886 6647 9746 3871 6935 6171 4169 5537 4098 5214 9582 5225 9213 9365 3819 6189 7261 5937 9390 8886 7335 5000 7936 4682 8422 2699 9655 4496 6944 7016 7907 5039 4530 773 8264 6514 2743 3387 921 2643 3598 619 6143 4389 7489 8932 571 8581 5854 1368 7394 7481 5824 
9535 779 5058 6161 3413 5613 4613 4877 2032 9610 4748 4284 227 4550 635 4057 8319 5680 9045 5647 9778 6765 5178 1207 147 8537 1264 6707 5148 6995 2874 7838 1461 4361 4801 2289 2264 2185 1333 9593 8363 4412 8298 3613 9913 6751 1512 4677 4758 3494 9348 3449 7388 2928 7448 3096 5981 3279 2560 2373 1528 2921 4099 9601 7954 4474 6497 4992 5013 9881 6306 3484 1693 5891 9489 2892 9542 7976 945 7178 339 2412 9830 6349 3358 3299 4260 8589 7928 4703 8369 9589 2221 1928 4634 9930 5092 9716 9715 522 
814 3727 5394 9806 8884 6642 3776 6904 7342 104 2377 680 1182 9149 8609 2144 8625 3879 1466 5285 8370 740 3117 920 3143 3530 1637 9014 3129 4222 6427 6102 8786 8716 6594 9509 9787 31 2624 1299 1011 2058 2856 3414 5221 4149 4657 8011 8551 63 2829 3246 1336 4453 2145 761 1620 2154 2142 7977 6558 1651 948 3952 2880 855 1150 9260 5585 5759 5581 7709 5452 8818 1341 395 6422 2307 7744 1567 4858 4488 9741 1082 8385 7586 9233 1321 765 1124 2503 5476 2138 7247 7534 6448 1528 2437 3030 918 
6165 2907 6133 9956 5803 9991 705 2529 7556 3469 1185 9087 3889 6186 2270 6595 6626 7060 3110 9939 1960 3127 8253 6361 4127 6372 7705 491 1593 8903 2196 609 1930 725 4289 720 3294 2721 8945 2653 1485 664 4818 1739 6469 7063 489 6554 4376 396 4173 6528 9349 2764 7323 4256 6568 3462 7845 3464 686 8010 9515 933 4571 5879 2003 2832 421 3611 5255 8409 1564 4616 8122 6668 7805 6257 4750 9486 463 301 4760 1610 1319 6203 2461 7535 5367 309 8870 5360 7627 6791 8878 8287 7096 6061 1738 3173 
3127 3482 9288 4221 5543 3091 7905 7655 1020 7356 6779 5066 5720 7466 8861 2027 1448 4009 1286 1783 141 1270 9643 2784 3771 4188 1653 2054 8256 1722 3375 8857 2630 6978 4548 2873 4925 1347 9705 2904 4663 1421 1678 6953 4367 98 6382 6354 6536 4202 8895 5477 9118 2661 9159 7855 1432 5417 9815 7849 7312 7443 6315 1609 8544 6296 1254 3764 4563 1351 2961 9462 1333 8371 5977 695 2545 9076 2317 9063 7125 9460 4864 2094 7687 5261 6975 4906 3226 3593 2631 3283 400 7521 8779 7134 8512 3117 6934 8132 
3144 6358 8775 3692 7135 1436 9832 8655 1406 5167 196 7198 3745 9615 4268 8329 2546 4692 3974 7228 477 9860 5991 1396 7955 2797 7316 911 370 9289 5682 5192 1310 7523 8919 9192 9180 46 6635 3714 662 2221 8900 139 6076 5336 1078 9468 5564 5863 657 5416 3361 3422 4404 6569 750 6615 9656 1210 3848 6591 2628 4940 3780 202 6142 1001 3856 2858 895 191 4610 1786 9792 74 7636 701 2344 1165 759 7146 9415 3550 525 9959 9440 4838 9478 5234 8928 1042 3364 8081 2025 4304 2143 1669 2038 9347 
8547 1771 3872 9826 546 212 4331 3424 9289 6196 9264 108 1961 7479 8231 82 9248 4502 1193 8843 2524 896 1600 7590 7497 7060 9361 5328 8634 4942 5796 7944 1888 1032 3191 301 5980 2272 4863 8479 9762 3424 2865 3492 3758 17 7007 8214 8760 4275 8859 7941 1272 2299 9476 8331 2960 4206 1019 8961 8616 755 7289 6242 1522 8786 4489 1078 7729 1536 5414 8352 2779 5040 8313 7041 9305 3697 5186 6970 3185 829 7968 8195 1082 3817 2581 9368 1800 9689 7372 6434 2132 4484 551 7396 7565 8430 1618 6979 
1260 4738 5918 9192 6862 487 7835 8727 9817 4194 2941 3250 4920 1116 1663 8562 5321 3046 6514 9125 6948 1669 9588 7794 4697 3920 4346 6487 7559 4574 6593 5064 5192 5147 5290 3352 8483 3915 8261 4982 1757 5403 9781 2127 4205 6882 8941 9569 8622 4338 6362 8615 2056 397 5198 3582 3248 9180 533 6896 966 733 7820 9203 689 505 9663 629 5875 3800 4334 6272 7005 3964 4653 2479 8973 4988 8787 4164 703 9035 3776 2994 5698 4916 3081 4942 3337 1285 6402 5482 4614 6109 3711 8662 2529 4822 7828 8521 
4167 1401 9640 777 4039 892 5202 598 9860 747 3282 411 1050 6308 9575 5698 2744 5040 2708 511 4787 1914 1570 541 8499 2096 5678 9781 4074 673 7628 17 7965 5710 8364 6441 2998 4967 7277 3006 6435 6039 2529 7441 6864 9460 3025 8617 9890 7205 8962 114 2678 2209 6805 6952 6740 7464 3246 4740 5795 4704 7383 2355 4779 1731 8712 2473 8418 6651 2446 5638 6641 343 9928 3533 4656 7 8262 4313 4698 8335 8973 8403 4564 6835 6202 119 8259 5662 4394 3114 2730 72 7259 2217 6699 9326 5481 7057 
3510 893 8911 4827 4392 549 5729 6506 406 9268 6343 8394 1542 6396 2670 1382 4205 9566 2230 9363 1218 4304 3654 9076 8003 1305 4266 5187 1333 4359 6723 9278 4293 978 2170 1934 2516 4247 8594 2055 2323 8923 7974 2890 6527 1194 5331 7487 238 7785 6629 2471 4319 8339 5406 2322 7278 1909 9344 3865 9798 343 7534 3695 7935 6544 1323 8567 6797 6662 7509 7128 40 1554 9210 3452 3683 5240 7672 4839 9725 9613 9095 8955 9036 2594 878 7512 2494 6681 3631 5286 2142 6636 2744 5728 1496 7893 6144 0 
508 2312 6293 5119 5135 3888 8414 2491 9528 946 6060 4707 7700 8481 1524 5586 9645 1683 7979 8261 5206 9207 3941 8666 7816 5353 6022 8219 3326 8506 7471 4873 9880 8074 353 5468 8446 7810 6589 0 4644 3505 7854 9675 7599 4560 4346 6104 6146 5655 811 1128 5455 9294 8646 1552 5271 787 1281 6557 4455 8365 2203 9157 9664 7573 8954 6361 1584 1148 9566 5304 7772 7928 1208 9369 9626 1280 8496 6799 9653 5014 9699 1603 5142 5030 8558 4042 8784 994 5091 7188 6700 4991 9110 4117 8257 1322 4440 4220 
1754 6669 9696 7280 6484 8945 974 3732 9685 9653 9654 9010 7130 4396 1368 1353 7527 258 275 1104 9534 7671 167 1193 5609 7154 4457 6661 9296 9990 2699 9819 4636 9653 5578 9963 7918 2174 2208 9779 8629 8553 6582 1633 5713 2179 9550 7740 2646 4821 6294 1149 6787 9302 3594 6923 3013 9800 3755 7334 8188 6480 3359 1863 4669 989 8610 1437 6662 444 4759 5194 2403 7318 6782 5055 2731 8255 4702 7105 5902 8666 5920 651 2782 6102 1699 1759 7557 9403 2061 7998 8861 584 3587 696 1304 9220 480 7763 
5086 6279 571 4488 5465 4581 5771 8906 3326 6969 6449 8043 4353 2194 6459 6255 8010 2592 94 5353 8517 1843 8812 3317 1453 2600 5411 8494 9955 6401 1754 8017 7548 256 3671 7126 4806 8263 2163 8887 3681 4211 4421 327 8149 3131 6918 9621 7871 8282 350 4315 8998 2022 2952 4303 9461 4446 114 1125 8878 2523 3661 9546 8668 2959 4498 3339 7937 7387 6723 6837 844 645 341 8451 2731 4933 6250 9210 2705 7192 7104 3023 219 6469 933 6236 3428 4701 3695 6927 1400 5151 9885 490 5191 4501 7783 484 
6872 2686 4532 6081 6466 1229 3467 5259 4381 2785 1703 91 327 5823 4269 3030 6649 1815 2646 7550 8394 4631 2168 6038 9560 8192 1513 3329 5040 8197 8819 4449 5361 3146 2697 3719 2706 2419 2339 6445 8046 9769 6061 7190 4975 5742 6386 3818 2392 844 9663 7401 6724 5242 6317 7645 4286 2060 6018 8024 2663 5105 9953 6473 2201 2561 9567 5351 7579 7254 9720 3120 1664 6754 8749 2580 4009 8067 6695 8018 8790 4682 3542 5961 4808 5426 4852 9257 9430 7617 52 4739 7552 6982 5608 5680 7967 3594 3180 6123 
4553 7233 3020 3548 2367 3077 7539 4904 5647 8141 8419 7293 7116 1844 9706 6939 604 761 6719 2011 2911 109 3577 247 9427 8766 7269 368 7940 1697 9098 5668 8361 3224 8059 9598 8001 4601 3526 3900 7597 5162 6363 8573 3887 5970 8940 7840 6338 8818 9666 3426 7715 7255 7238 6831 2060 2781 3493 6812 783 33 2779 6683 801 6051 2537 558 9430 4738 4251 4966 9514 6837 1327 3720 2170 6080 7826 7628 15 1157 8742 3947 3156 6138 2700 2639 62 2866 3437 6093 8701 2601 7422 2069 5961 8515 7050 3562 
9322 7458 6964 3366 8412 1482 6687 3139 2537 5461 2713 1810 4678 7057 4929 1552 4640 4272 9069 1481 3291 3956 3919 8738 7079 8197 7557 1738 6419 4408 256 2820 9642 5687 1763 2086 3251 3633 8892 602 8371 8069 4226 8412 7851 3295 3875 2345 6578 2045 4527 8980 3730 473 2884 6623 9706 6787 2911 8287 5226 9296 2108 2573 3320 3724 8485 5005 5629 4312 6420 8397 5302 4591 1703 4756 1989 973 9947 8344 4865 6429 5926 6188 911 1924 2140 4484 9727 1013 1500 4920 1299 7122 959 9125 6948 2769 1669 2215 
9588 887 6235 9413 9252 5954 4921 1179 2285 697 6776 1920 2996 6045 1182 1935 5791 5529 39 5982 8298 945 2045 6240 8058 5292 6391 7322 5386 1865 3519 167 6666 4202 3228 1054 1072 8877 8884 6493 5470 7362 6839 272 5187 4996 4586 6134 8836 2601 3356 8375 9475 6309 5690 3111 141 6275 8369 3487 9704 5171 3034 3455 3099 3530 4199 2496 7651 3891 9355 8961 4112 5856 7045 6708 7896 5600 8852 5170 2505 4140 9609 9655 3245 7572 2747 1025 5327 2485 9713 2358 711 9611 621 7680 3959 53 2389 4123 
5695 3276 1836 7446 2123 8335 4703 1937 9975 2008 6840 1785 4310 5908 2901 1089 2179 6631 2438 7600 5499 1802 4833 1859 9937 4873 848 7581 35 4193 3281 7131 5286 2183 8473 4149 8076 581 5984 8191 3949 2485 958 9547 8287 6498 5396 1237 8519 1183 1856 8746 2784 1241 6695 6325 8165 7056 872 3312 4404 3965 5176 9216 1321 856 8198 9430 3069 4660 4006 579 5491 931 7324 4474 6624 774 6856 7771 2505 8341 9071 5252 3391 5141 7928 6820 1039 7497 4372 4623 9348 6211 8942 6755 2183 1617 4491 627 
9482 5516 7171 1084 7873 3467 8062 7845 2346 3928 1833 8964 9525 3611 2791 4328 5968 9992 4699 1656 2700 3252 6384 6573 8710 3789 7404 7252 4450 9906 4606 7306 2330 3876 1291 4260 8732 8935 7313 2430 10 2171 9881 3454 2893 1556 2706 5717 5687 800 8926 6530 8520 9170 2465 87 7333 1543 7607 1228 2140 478 2803 3010 4706 1913 1336 8589 6511 1044 5965 5082 1340 9478 900 8695 7246 7095 4027 3134 9192 8591 3707 6502 1940 5398 5418 1981 3721 5610 5541 5793 5852 679 1397 6795 9853 9455 2955 1208 
2596 5101 7246 9464 3239 4361 2954 7180 3950 4859 5789 4330 4153 9051 2515 7212 3734 8294 8951 3542 4625 168 6228 9639 3168 8593 382 9283 8880 3703 1701 1703 4449 1163 5872 7814 9657 2450 4251 4251 1927 9003 2977 6892 6079 4196 3952 1009 1196 7889 5070 2982 5290 5838 1167 7825 6155 7377 2168 9803 8066 5625 6256 8667 3736 2773 2839 9306 216 7826 1372 1531 5367 2573 5297 9884 7644 2988 588 5036 7933 4223 7823 1087 516 7912 2296 7215 1364 3589 3943 1165 4716 8747 9791 8823 4155 1694 4785 3189 
4086 4112 263 4308 3955 5 4109 9380 679 2936 3263 3278 3928 5848 5037 5952 2808 8492 5235 6864 2937 6354 6411 5919 1395 5165 6291 4542 6415 6099 1215 2231 2667 9990 8513 9341 5081 1114 5173 8644 2718 1544 7084 1751 9405 4242 7995 4258 2234 6139 4445 3441 6011 6180 7167 1465 5532 9482 9568 3728 2514 3108 6917 4815 9005 8330 1771 6646 3813 2261 4145 3571 5986 5906 2278 5639 686 358 3898 3134 8862 1201 4430 9470 7816 1072 8110 8726 8976 1664 8479 1996 4199 8367 8759 7314 6886 3634 3604 6409 
2755 9411 9725 7061 5851 8681 6300 7015 7978 6585 1521 3615 5106 9127 4325 5890 6989 356 1510 6968 4591 7340 379 7415 4902 8605 7733 9309 5560 1860 8097 5897 1870 3046 9421 3274 5602 9322 5643 9526 9857 5417 5838 466 31 5638 6063 8058 7368 8276 8606 8982 5682 8884 7495 2365 1248 8172 9428 9820 38 9753 1031 2541 4130 6835 7273 7412 5634 3234 6194 2165 9790 9929 426 2467 9663 3203 1878 3718 7129 7486 4079 1753 1163 1882 7627 9652 3879 5194 1686 1994 9903 2246 8587 7989 4848 4806 6351 6208 