7565 3149 6418 3356 6862 4755 7877 2425 3711 3786 2868 7372 5124 8180 3637 8961 4269 8056 334 4762 9549 7344 5470 6957 9667 8071 5587 7395 6917 1558 1564 8706 1333 2994 7649 8796 4511 6994 6957 3342 5904 548 9642 7291 6995 1764 4218 8727 5371 5468 6786 8594 7927 6270 3704 8817 2336 9141 8069 3630 8506 8390 3828 2549 3884 287 5840 4926 7077 42 781 2702 8055 7834 3209 2946 6950 6962 1213 2631 792 8035 6156 4652 6320 1124 2666 9904 1750 4120 677 6475 7267 6705 9179 6734 8269 4589 3186 1076 
1333 6339 7949 9498 4469 9460 7899 5906 8115 8912 4702 9891 183 280 1299 8657 3127 4503 3872 7416 6252 5098 4518 5086 1662 8800 5180 6672 3207 4566 7197 5498 7826 4420 4235 1703 2710 7441 8862 5425 5305 2683 2220 8200 5591 3780 7239 5095 9799 24 8518 9305 3710 7882 4750 8779 4375 1307 7921 1609 2384 8566 5327 1367 8453 3952 2144 3971 4031 4758 6170 4138 5747 1424 6378 4172 9601 585 3803 8945 843 1286 7421 4144 6529 7153 6418 3356 6862 493 2815 6909 4207 6805 1471 223 4964 4700 3877 2019 
6823 3269 6630 507 9046 625 3400 9150 7521 308 2596 1503 1187 9434 1345 5063 9737 9842 2613 8115 8569 2296 9638 7494 3242 3422 3071 5743 9582 6534 6644 2725 2769 8245 8695 9388 4811 4350 9693 8324 9667 9249 9336 1690 7156 3374 8424 8262 6776 7136 1082 3569 3650 9544 9282 3728 3714 7932 4251 1252 7341 3285 6834 6116 5020 4191 8442 2407 9086 6253 1656 8693 447 4143 3365 7179 7895 4542 5469 9294 5327 1367 8453 6089 3971 5252 6184 2507 6119 4091 8443 4097 6613 3755 4186 8321 1362 1286 4144 1920 
2907 9805 7261 3556 2660 2815 3353 1582 7118 13 3711 5975 6805 5580 6470 4447 1470 7718 3163 9608 9632 2405 6025 2551 6998 92 485 4685 6887 2467 6620 926 4267 9296 3519 1610 8340 8369 5882 8060 4922 3992 4460 5594 9345 1357 8603 9306 1675 4803 5089 1123 8733 3977 1370 298 4612 7296 3880 7817 6801 7820 8650 6410 1620 343 3571 7580 615 6483 5987 4225 7021 7282 7180 4948 8713 3178 8 2613 6555 2942 2508 1696 8420 5204 6739 9528 6941 6473 9918 5013 2862 8810 4630 9930 9458 2751 6480 4904 
7585 2786 4151 8560 459 4661 5621 3954 11 8725 5822 8573 9830 8094 6306 1384 5769 1859 2165 9848 4576 612 6372 7843 792 3774 4148 6604 7188 9840 1500 6745 3675 9891 9350 1647 8369 5674 6472 1265 7126 3274 9366 1383 3477 6964 5395 5031 9450 3008 3701 1547 3835 641 5300 4471 4341 5917 5899 8485 1493 5427 3326 1239 8957 704 3290 3098 2451 9719 4757 819 8231 8428 7992 8659 2361 5198 2411 5665 6121 2853 2671 8438 1902 4456 9998 1190 9050 1551 8909 1075 1543 854 664 7212 2257 6719 3064 4269 
3705 2901 4802 5823 1376 7933 1531 7334 3893 8434 7537 8755 4863 5417 9368 5596 4200 2282 1170 7410 3821 7008 9016 8443 5876 24 6584 4814 5996 8195 9333 4682 7262 1924 472 5324 4031 2105 4622 5314 9542 1452 5623 3915 2691 7805 6780 5874 5514 5947 4145 6139 7339 7317 8296 2570 533 6994 755 6252 154 6625 2385 8811 7727 5637 8458 4152 1517 3442 2057 1225 7232 597 8436 8231 4422 8516 557 6925 4885 4378 1415 2001 5019 4395 7664 1375 1527 6814 4359 1788 6659 6767 4194 7987 6807 5525 6265 1929 
5095 2190 3390 1534 6989 9146 7340 2906 9615 7853 6568 4156 2816 6192 4821 5292 7031 6771 6241 8930 4160 288 8764 5529 6438 845 4341 147 668 1887 9466 7822 1003 4105 6907 7699 7159 5912 2669 9379 5297 2749 3177 63 9313 5792 1456 3740 159 6990 3021 4046 4149 5130 9958 842 7799 1376 4306 3025 9412 5775 5304 8869 5641 6355 6541 1671 5822 1262 7406 3170 8703 9754 4007 8532 7564 4106 8693 7855 5054 5621 9487 4292 5715 1504 4167 7037 6922 3377 3975 819 2760 9680 9388 1829 4178 271 1809 7701 
2883 167 3962 9225 2531 4653 3696 6156 5717 1119 8569 4995 711 7991 4386 2250 7953 1437 1445 1205 6038 5224 3821 2386 1746 3538 755 6266 2163 3792 8229 9079 2963 9672 477 8668 6506 3043 2712 9674 2877 6035 3920 3235 880 4408 9106 9490 7493 1976 9653 2555 5085 8712 8318 1262 1531 1630 5888 7487 3720 9642 8817 6609 9624 8445 3914 6795 625 1376 1254 3951 7334 3893 9573 5998 8434 7537 1960 2141 4238 8216 2766 2592 955 9368 5728 7565 3490 9147 9858 9136 4422 7087 1509 6286 6289 5753 700 4666 
6154 8279 8163 1575 2868 5877 9792 6449 58 9009 6367 4763 3419 6875 1366 9033 1671 3916 6543 4479 3133 9843 8786 7922 7254 8540 6801 7808 3975 5476 4501 9614 4934 5989 9989 4263 7835 9560 6361 4540 8515 8496 3643 3312 4858 7220 4599 407 434 3536 6279 3587 1876 426 8168 713 6463 5029 5319 7461 526 9137 6976 8859 445 7184 9247 2302 1649 2788 1250 5326 355 2572 3018 4182 9781 7748 140 475 1827 7039 6881 5467 9269 296 6694 4218 5686 5196 961 2235 1666 4899 4369 4036 3659 5133 7674 2110 
7970 2197 5905 6448 2633 7829 8651 7716 2120 3598 706 1459 4606 7104 2460 1784 6764 231 7549 8721 8556 2072 95 8960 132 6067 8633 3802 7576 8392 1417 4653 1199 7011 9735 2937 7851 6739 1593 8436 8244 6166 7741 8845 9339 9760 3907 3755 6946 2094 7220 6473 5559 1766 8768 6548 1480 8748 3088 1633 9790 7857 7404 7719 5948 7795 378 8813 9311 5997 7207 4926 2264 8312 4852 8447 4760 6776 678 5162 1004 9440 9875 6050 8755 6327 9096 8959 6324 5227 1796 3960 3610 6880 9480 738 4614 9414 4174 4084 
6997 8577 1315 3340 2051 8455 788 3808 3469 235 5744 50 700 7447 8401 8164 2307 2008 6867 8070 7116 7424 6380 289 4781 1145 6064 4861 1320 4562 1027 7222 3966 6200 4927 8613 9674 8361 5569 3010 5402 765 8722 319 2458 357 785 7822 267 7660 5095 6587 7576 5130 396 3111 8316 4242 9576 3434 9390 7011 7171 8880 6007 4562 5905 6088 5398 5962 8321 4448 1933 1830 5783 1632 5793 8170 6686 7890 5932 192 3616 8923 8709 8501 8492 3118 6672 1522 7157 1370 5837 235 6823 5265 6278 4000 4298 7254 
5373 8540 2090 4277 9532 2363 2936 3186 1736 2643 4502 9630 7517 6611 6143 713 9778 5706 5050 9632 7721 5302 8461 4416 1184 4219 3411 4455 9259 6438 271 8378 4127 555 2089 4718 4197 4850 1192 142 6383 3010 8131 7164 1577 2126 2776 5709 9769 9375 8288 2111 4868 2434 7066 6428 1503 1760 958 1029 6287 9214 8151 419 2816 1050 888 4347 6983 9179 6029 8306 6951 766 9781 3812 3533 4854 7048 9911 7820 3923 1620 343 3851 8254 6667 7816 9217 4839 2608 7487 7628 9355 6822 5633 7325 959 7568 6975 
5748 7913 4862 890 5372 8103 5122 7189 964 3936 888 6338 9915 3284 816 9866 5409 6835 6795 3109 5823 1376 1254 3951 8851 5848 2214 7059 130 7427 1698 1923 7473 1375 1527 5110 6659 2157 7987 8052 4493 4223 5030 6743 7740 9306 6432 1792 8244 9464 1323 321 5897 4170 4362 9916 7949 2731 6606 6192 5384 4906 3759 4473 2253 8040 6809 6367 1774 7207 3952 3871 7060 691 9441 222 2773 9141 1887 7156 9735 2772 9985 466 4536 2338 9414 6235 2666 1723 2179 3855 2221 1150 122 2677 7241 3450 5194 2002 
9879 5074 8057 7541 658 9987 7147 2053 3976 3027 4472 4284 5278 7223 2665 7910 6484 2207 5297 7390 6831 536 3668 8300 5688 702 692 2046 3268 284 4439 3391 2184 8427 9982 5350 8613 7604 5601 7922 217 717 277 5320 8705 824 5822 4089 7310 6092 8261 954 4608 2483 2924 6924 5709 5937 2136 4990 5668 8081 4153 5005 1013 9503 84 9874 8809 6129 14 3246 5912 8621 835 7747 6344 3973 5103 7304 4324 4651 4244 340 1099 3576 5023 8262 3219 3068 5116 6771 6744 6798 5590 7819 1796 4520 5015 3940 
8636 2032 316 8977 9797 6992 1427 7001 2258 2752 7001 8714 746 2132 4771 6392 8370 1427 4378 8387 5719 5493 5749 8298 1338 5058 8595 8076 1919 3374 7182 2518 6897 537 4405 2890 906 2608 3227 1304 2775 9914 1786 6543 1375 1375 5903 1488 9559 6910 3270 5396 9056 3194 1262 3112 3842 4293 3647 2301 2015 5302 3218 1409 9865 2651 7358 5552 1652 9081 7853 298 7823 7541 4843 7068 4027 9226 2969 1300 2941 9206 7956 2545 2524 1035 8439 3804 9654 4550 8963 3468 376 621 7614 5077 9613 4247 853 1987 
1105 8747 3910 5822 5715 958 1680 5364 2502 8242 9611 4711 1997 6362 6990 6420 6794 4195 168 6183 4740 7764 8460 341 8869 3559 3872 5733 336 3419 3540 7731 4868 1230 7095 7954 1165 4584 7220 136 1693 841 108 5721 583 8749 1578 451 3273 7676 9492 4856 5093 2551 1610 6039 875 1684 5326 1308 6149 5285 7747 9701 9863 2462 7294 960 4875 2304 986 4712 4753 8159 1273 7159 4036 6676 5971 1057 9905 8359 29 5629 5605 4719 5159 287 2976 9555 3118 611 5410 3278 1345 5845 9483 5390 4771 6392 
3083 1427 7802 2239 4437 7789 6749 1796 9769 6404 7398 8348 793 9904 2456 3070 8657 8685 6125 4433 3668 4488 6608 804 7890 8459 3468 4667 1173 9362 8922 593 8469 5576 1073 8034 8012 9632 4964 361 1813 4996 2421 1790 7588 8468 4453 3677 1712 3389 8130 4204 1351 9694 9484 7575 3068 656 2343 2788 4385 5300 3305 7250 2749 1686 2953 4366 6453 2238 9970 8480 9442 2373 9130 343 8295 6458 1691 8696 7988 7173 141 2515 2886 3683 526 4138 5498 6359 2460 1365 2911 1515 572 2832 5369 2376 7152 835 
32 1334 1372 2987 5160 9148 748 5901 409 6734 7875 5731 1326 5310 6474 2373 6591 7533 5686 3930 4645 2665 533 4973 6840 6345 1315 6031 3637 4670 9601 7074 6126 3578 2356 231 654 3122 8952 9785 9513 1361 7585 6604 6356 8779 4602 3372 9695 3008 2808 4134 4048 2090 9175 7732 8193 7395 1195 6053 7186 7885 4643 7022 4644 3532 5790 5963 6475 3006 8629 4024 7260 8320 3551 4707 1514 8909 4351 1016 6095 5253 4598 9898 4688 7304 3430 6831 7059 5745 6418 4375 3682 6465 7987 1137 974 7104 9890 5516 
2141 495 6747 973 5660 7140 6795 7286 4410 819 2327 5869 5338 3429 2016 5832 2634 4822 5444 3618 6810 7584 5680 8484 9577 800 765 5191 3214 5046 6219 7170 274 2688 3072 581 443 117 7179 1382 872 2424 9050 1460 1107 4919 6188 2465 1906 2779 2112 6367 7524 6503 4590 3768 1375 4259 4658 4331 9864 9276 6125 6595 7611 9463 825 9025 2567 4721 9586 9535 9472 4361 6008 2404 4785 5148 3777 2015 4831 8590 6088 9273 6358 101 4532 4886 2888 7473 3476 8654 5996 7530 2133 8483 7176 6363 8882 2130 
8323 2205 7997 5210 8219 5033 7768 3721 3328 3845 6440 9363 9593 2061 6360 2616 2508 6011 1450 7106 8309 7913 6594 1858 2148 968 8961 8006 5305 2029 4842 8910 9514 9020 8854 325 4498 5827 7856 6486 8232 4098 8733 1622 9344 8248 1155 2140 2457 5945 7939 4855 8529 981 4606 6678 6200 4927 1689 3986 2679 5654 5569 684 3010 5402 765 6639 6611 4230 8932 7181 6240 9856 6436 8426 9628 8844 676 937 324 5997 7328 8573 9707 376 8615 2166 547 7317 2232 9555 4279 9644 6264 2725 5693 8212 856 2415 
9683 6090 9744 999 8735 2736 551 9501 5975 442 8158 4980 8112 3338 784 8618 2564 5610 3768 943 9273 9128 2991 4265 3478 5594 2198 8549 9287 5193 5169 3570 5751 8369 5916 7651 8571 116 781 8558 1867 8055 3938 399 532 7896 9706 8064 5098 4779 8456 6127 5794 3479 1847 4494 5180 5738 7983 6412 5498 6903 7456 4804 5278 8741 8647 5084 1712 3358 8636 3842 1534 8000 3177 8425 8076 8166 9617 8363 9054 2059 3752 1960 2926 8402 6288 7541 8187 7188 8452 726 6338 8397 3789 8552 973 4792 8363 6415 
6881 4903 5467 9269 200 4218 5686 5196 2957 2460 9351 4899 4369 1121 5335 5905 9342 7829 8904 2120 2289 4365 9133 8286 6115 8400 2392 6804 1442 9328 9481 6442 5393 784 1504 9904 9563 4890 4797 5711 9621 5700 439 2691 2603 3707 4570 6496 1937 3915 6751 2514 241 2453 3623 4405 7034 3851 9848 7130 7482 1492 4790 6621 5750 8359 8467 2729 4595 3862 9050 542 1317 2191 1580 8316 981 816 3167 3161 7915 6040 1873 1960 3993 6817 400 7675 2495 6616 6479 2562 6455 7243 1280 4449 7772 5964 608 9382 
8959 98 1542 630 2835 8843 6461 4798 3266 5491 1368 8519 3994 5019 9936 7001 2397 9848 3869 9054 4259 8868 5630 8005 8073 4510 6991 3062 537 2048 5361 5572 8983 4679 4791 160 3849 5381 8867 5756 1786 3818 1366 6938 8130 7891 9187 7575 2495 3957 4636 4400 6002 7194 1676 9371 1570 7818 3419 1320 139 2989 6234 71 8910 4150 2563 3466 4154 3822 3624 8229 8473 8818 4714 4868 6654 2979 3653 9158 6402 3484 6872 5023 7199 3606 9481 4500 3491 3495 4026 507 7061 952 5161 6589 6758 9015 3424 2930 
1778 7418 8618 3944 1240 9451 2776 5749 3449 7901 4580 5732 233 7693 19 1263 134 6105 1646 5892 3821 7468 4495 2678 4414 5624 5512 1959 5614 1431 6212 2115 1626 3718 3561 2962 6113 6136 2940 6902 9641 6482 453 3566 1533 6537 1311 5913 9297 1762 857 7543 2107 9660 3733 3636 538 3555 3240 784 4081 6114 1127 8337 4947 960 1877 4203 6534 7572 1293 5415 6146 1429 850 7367 7220 9393 5845 466 5506 791 4666 1047 559 9578 2503 5322 1927 7288 699 6592 8788 7426 2374 459 6389 1711 3638 9890 
5525 6265 1929 7461 9454 1534 6989 7340 3508 1563 9615 5285 1550 7829 9831 1642 5839 7503 6795 625 2650 8851 3830 8978 7382 5998 8434 3393 6943 2766 2592 6877 2486 8587 9415 6561 3490 9001 4684 8193 8783 6988 8429 7239 7341 4108 24 8518 9305 6233 198 7001 8779 5845 3612 8018 7289 2415 2384 6493 369 1367 8453 2144 7802 2507 4758 6170 4091 5747 8443 1424 2216 9112 9173 6805 9924 5212 6523 5200 1155 1060 6623 4855 8954 1746 8529 981 4606 4257 3311 3197 3986 6861 8158 7315 684 5402 8722 4230 
4569 9198 7118 785 905 267 7660 4424 8890 7387 7613 3359 2991 7949 7760 1038 6616 3754 6828 5906 8115 1001 9891 358 3349 7149 3127 118 6473 5425 5448 7706 3358 8358 4413 4658 5159 4490 1070 2688 2668 5871 5989 6213 8013 9894 9617 9328 2110 7763 6680 7983 6672 2306 346 3414 5651 7502 8531 7110 6997 1369 8956 5564 2473 6980 9603 9726 3753 2578 9891 31 771 4714 7873 7978 2854 1691 6350 4534 89 5419 4126 4495 1070 6548 4569 8195 4945 7825 995 5795 9917 5390 7840 3232 9859 7579 8228 7830 
4715 2063 3174 6438 6558 149 1449 8371 5153 668 9143 6974 4195 9544 2684 3529 2552 7275 1583 3470 6037 6325 7131 6014 2484 3815 6447 8030 3513 5903 7810 8544 7074 9763 3777 5931 5539 380 3056 1133 6704 2713 7397 181 6755 7730 8918 9765 1102 7258 7040 4943 4858 8680 1286 5948 235 7795 8813 5997 4926 1245 8208 3856 7399 5390 5877 8450 7066 7969 6561 4781 9517 2087 5280 6898 5401 3554 2121 470 2837 141 6758 9774 7829 5602 6739 9243 2126 2763 5272 9448 1035 3421 5055 7519 9000 8960 9249 1642 
6727 686 2880 5583 4585 2404 6837 9726 5769 3930 4630 6112 6760 1326 8681 8818 8898 5379 3647 7571 5374 4883 4440 9782 7167 5804 5356 9391 9214 2583 6428 1706 2190 2712 3917 7276 2262 6018 1939 3147 7621 29 2426 4910 798 844 2594 1372 9569 2406 3190 1064 8261 9080 9680 1936 2267 296 856 8637 9973 9050 1450 7459 6318 100 9095 1567 8403 9045 9756 1160 7446 6106 7890 2396 3715 170 7302 7465 5905 796 8184 9231 6969 2081 5736 7230 1573 5774 6590 5390 5642 5202 7691 3051 3835 9658 1304 1087 
3201 7300 5712 8262 5953 2990 6236 1622 4598 3069 2372 5686 7358 9750 1809 7860 7367 6300 1548 1684 9259 2534 4198 1640 4992 5013 3161 5721 6158 7319 9489 458 5514 6832 8720 3079 3851 4635 525 4963 3119 2378 7774 3744 8876 9555 1713 3656 779 9501 7319 3251 1981 2069 2117 3896 5610 1912 8961 6388 5101 852 9273 4172 5305 7831 1839 8063 3786 2277 1837 8910 1650 3860 2331 9964 6486 5793 4098 6416 8733 4767 9886 5945 6623 84 8978 9861 3966 3311 1689 2679 9820 9712 2522 1411 1983 5094 1794 852 
5827 4253 3413 280 8579 6797 2917 2196 3267 3432 9260 5665 6557 3409 9697 870 4543 8195 9155 6220 254 1162 7447 5140 6091 7016 2552 9068 9442 2203 1590 3388 5039 2039 7626 5369 2311 2490 8912 9994 518 4615 4514 3991 6104 348 9105 8853 3746 2892 9086 821 3144 9657 5682 6506 2668 2036 7049 7124 3394 2295 5829 4117 5950 7488 9672 3053 9185 84 1935 5493 8984 534 741 9245 8030 4017 9472 5949 2180 7144 1502 6015 5138 250 4937 4580 7064 3026 6639 512 4574 2843 1578 9987 3604 8021 9749 9430 
7411 3307 1338 7982 968 8572 3751 2236 503 3366 7137 3267 8321 3575 2706 8374 2507 230 2568 9178 8826 7053 7206 4311 9093 5951 4902 4201 3466 482 9327 8980 7462 2067 7473 1864 7435 9451 8696 1170 717 1281 4918 8613 5447 3111 8390 4578 2344 8245 8695 8898 9847 4235 9693 9249 9336 1744 1690 1183 3374 4076 125 6144 7136 1082 3569 1868 7158 2811 8758 1952 4071 1047 4416 1400 8131 7372 6392 5366 185 2279 1616 7148 7075 6535 288 8864 7700 5802 836 465 1915 4190 5586 9401 8775 7500 1046 2458 
1549 2524 785 7822 4424 8890 2991 9498 4469 6994 6828 9891 358 280 7652 7149 7315 8763 4803 7827 4374 6368 3737 1991 9758 7892 737 9562 3713 504 1887 2777 4678 2379 6189 1691 483 70 4969 8172 8797 7243 5827 3750 6486 5642 5793 8414 907 4767 3201 8433 7699 2421 8248 8943 8954 3836 6101 4316 1378 9143 6672 5322 7630 8791 4732 9371 9676 8779 9012 4522 4282 1932 4956 1005 4883 2792 5724 991 2587 1573 329 6977 8212 5501 57 7400 3522 428 3654 4656 3524 627 4588 7062 999 2537 5400 1706 
8806 1578 2486 1793 4558 1777 9142 5092 421 4442 7832 1664 3250 6533 203 5754 184 3063 4149 2030 1677 7898 6375 5561 286 4326 1866 6658 3302 7964 9966 2294 7659 7193 6795 2766 8483 543 540 6620 6364 7440 7628 1518 7005 7817 786 488 6224 4415 9679 5857 1564 2775 8418 1929 5034 8567 4703 2475 7725 8369 6787 5068 3894 7753 7651 2054 6757 5608 8873 1414 3345 6223 6054 1841 3919 6187 2636 9685 6032 1008 7954 7076 7191 2192 7705 7429 2412 5762 3270 4930 7130 227 794 9008 247 5134 8028 816 
8504 9765 2878 7660 5496 2864 9358 9243 903 3007 6605 7572 3531 4866 4975 5400 4896 5927 3452 1526 8267 3302 8408 2723 1800 9759 4668 6101 474 4560 6086 5503 6450 3805 9541 7627 2538 5539 9949 7940 3619 5051 1745 2601 3224 4988 4337 9786 6076 5723 7747 6260 1630 4980 2159 6515 5418 2093 6893 4133 2102 6941 36 2487 8736 7040 3795 5365 6995 4123 2087 4573 607 8130 6139 6793 2499 6355 4798 6885 1325 479 842 5649 1184 8736 5104 8483 7276 2965 7995 8352 2655 9402 6437 3821 6748 4274 5751 1851 