2591 1549 357 7822 267 7387 7613 9498 6616 610 3096 9480 6641 6204 872 7144 3586 7351 2248 2641 210 1563 9592 6214 3358 9134 9059 1063 5209 2164 7407 796 1883 6516 8549 7817 9046 324 5997 7328 7043 6839 9707 376 8552 7126 6723 7802 4870 5496 2011 6181 8183 5381 8507 3104 1378 6537 2186 5630 8506 5085 6754 2702 6856 7697 1640 1096 2878 6912 7212 6461 3583 130 2468 5663 6814 1788 8090 8538 4471 5812 1929 7461 9454 1534 6793 3508 1563 395 5141 7305 1642 3832 5839 8619 5363 2703 1478 2356 
5544 5095 2190 330 26 9146 4257 9615 7098 9694 741 447 885 4493 2650 1531 7382 8510 7421 7537 1960 2141 4238 4863 5417 6877 2486 6316 6561 5072 9001 4684 2420 3647 6359 5827 7856 8232 9886 2457 84 4855 9796 1746 1405 6678 3197 1689 9674 8361 5569 4191 7943 7716 6316 2289 3986 6925 729 6764 6545 6576 1765 9481 6442 4338 7235 3610 7228 3600 5547 1725 3244 6409 432 3953 5002 8571 1637 2126 9302 6306 5830 8663 8968 3971 5138 3037 1570 8891 6512 2197 2318 3699 1291 5297 4636 4282 9167 6588 
7203 5216 5267 403 9468 1067 117 7978 9115 2107 8252 5599 3473 6390 2702 7948 8375 1027 7043 3091 6006 6841 5640 5694 3946 8224 5897 8055 4099 4160 2536 2477 1638 2312 3996 838 1191 7500 2194 2468 1375 1527 4083 6814 2649 4359 1788 6659 8090 7987 4471 7461 26 3508 395 1007 5141 175 6810 3243 6358 738 6132 966 1448 6762 9034 2742 8496 4137 1614 6020 1405 5675 7085 9051 3839 2445 7394 1604 9098 869 755 9806 7756 8066 1944 986 4931 8285 202 1124 3601 6665 6474 1170 7877 6532 9999 457 
4647 2332 1128 4255 736 3322 84 9155 2669 125 6120 2728 8227 9700 1263 284 1153 9546 3118 2043 9316 5875 5089 7846 1159 9783 8304 5652 289 6304 3208 9940 4696 5190 8894 4013 674 600 1343 5846 6135 3184 3123 6561 3203 8457 7591 5366 214 8277 2742 2279 1616 7148 7075 5446 7032 3000 3838 8956 2693 9542 5522 6540 6685 5779 1601 4802 8646 2322 8806 6279 8022 1195 8869 4579 1906 3220 5003 8084 2681 5896 4651 2037 251 3150 5934 4079 5931 5806 1506 2205 6133 5829 2681 1936 657 2486 6795 4802 
625 5823 8781 2650 1531 3830 7382 8510 7421 3502 2141 4863 5417 6316 3149 5072 9147 911 9858 3016 4147 8306 1751 8632 1443 6164 4476 1736 6568 2684 1083 9716 6441 1238 9513 7567 8339 2329 1956 4140 640 4109 2046 2311 4041 7581 5357 8484 5724 3877 8059 6463 455 6993 6914 281 4748 4565 9118 1966 7958 8353 9000 3806 4288 6843 9054 9525 5954 1056 9670 2057 1677 5934 9373 5722 2278 7379 2543 485 723 3101 584 2540 4493 5823 3935 2986 8346 580 1486 9106 4357 7493 9653 9125 9880 8318 5168 481 
1523 530 9496 6705 9260 5600 1236 7308 3392 4431 1916 2979 1277 8428 6535 8800 463 5242 5738 7983 6412 2766 944 346 3332 7810 6903 3414 4235 9625 2832 5305 2683 2107 8841 2151 7811 6443 2927 429 2364 7856 8454 6774 2961 9483 6231 8853 4593 3410 3524 4635 5614 3470 4058 5758 9211 6441 2176 6265 9149 332 138 2581 5093 2349 9522 256 4422 8451 7547 6301 8002 2700 8172 4580 3312 5266 7835 9824 1516 9987 5759 4848 7845 5369 4352 3545 303 4474 8316 3615 8647 1582 6145 9280 7665 7388 3842 1599 
8610 3710 4704 7655 6429 8100 8359 7994 6630 6597 7214 8332 4531 3359 7853 4083 8992 1870 5712 8532 7311 1512 8576 3752 5329 6062 8205 40 8741 5057 1723 4742 8586 9203 7279 3642 4758 4862 8525 5525 8283 5899 3200 7916 330 9072 2683 4484 5689 8797 6877 5686 6400 9303 1932 8345 4799 3455 1310 2237 4070 1778 2694 8793 6757 9207 9199 352 9119 3399 7909 4167 1176 6743 490 459 37 8339 9891 2619 4844 8327 4490 3185 3442 4257 1689 5654 2167 6508 765 6639 8722 8932 4958 3495 7560 7118 785 905 
4330 3596 4424 8890 7613 1475 279 4147 2162 664 5337 6713 2664 4269 6798 3610 4109 472 2958 7774 9311 474 7609 8417 6395 3948 4295 3796 5848 622 6726 8843 3266 8519 7427 5019 2468 1375 4083 2649 4359 284 2157 4194 9214 7987 8538 1929 6247 7461 5095 2190 3390 330 26 9278 9146 7340 7847 5285 5478 3832 8619 7897 8438 6344 788 8170 8684 3999 6608 5541 9340 3807 6786 7374 3680 6224 7864 3736 5318 8606 7974 9436 7798 7050 3197 5562 5296 5793 9125 5293 5159 6382 2123 8872 9368 4001 4540 5117 
8069 3228 1527 1078 6164 1325 6925 2617 7642 2399 6810 6358 7191 4728 3209 9330 4025 9698 2836 9798 6017 1910 6726 221 1289 8147 3184 6262 6865 863 9653 8274 9485 8109 1645 8747 9233 4544 4706 1345 5603 8566 414 7228 7828 2848 1952 3907 778 3655 8618 8961 852 9273 7851 8141 6472 667 447 449 6926 6930 8651 6202 9094 5783 6047 4982 1800 7374 7230 742 4693 7268 6436 8471 1899 4573 2545 6765 3429 9084 9165 2521 6828 3223 1657 6649 750 2346 9318 429 1450 8278 7468 4578 95 3037 6038 5447 
6975 7972 8722 289 8194 2653 8451 5809 5397 9109 9464 8040 9564 7811 2285 3549 5799 345 6643 4579 5309 5736 4006 1527 3628 2104 6055 1308 1852 9278 5868 6549 2820 4275 7239 5661 2227 7140 5115 1632 7111 6916 8778 2016 1491 5928 1272 7826 1392 1240 1329 5784 3408 1592 5215 6491 4753 5064 4941 171 4979 9968 681 8017 1239 370 813 3568 6212 9969 569 3850 4220 9578 5447 5728 7743 4194 9788 7305 5525 5812 6247 8897 3390 1534 6989 9278 9146 7340 7878 4241 3563 34 9903 3433 5477 8103 2721 8496 
8353 1614 7855 5888 5613 5529 1405 274 3707 2866 5675 523 8793 5788 1587 7607 9051 3714 9390 0 1240 3368 5623 7289 2691 8610 9574 2283 6948 7261 1454 2535 8262 953 6763 498 4893 5196 6196 302 4832 7986 2066 5003 9421 3266 7574 6069 4337 2201 6697 1928 5661 4481 5695 7540 888 1038 2839 6344 9299 9824 8277 3812 8895 2629 2707 1170 1133 6397 5572 2832 5343 7372 9804 6482 8105 9274 4467 3895 8798 8796 2670 8342 5702 6756 7768 8225 3709 1296 3388 2724 6862 4469 7135 5708 5090 9161 51 3219 
864 7254 7694 4209 1411 3565 1421 4563 7153 4467 3506 1538 9964 1886 5999 9206 7770 5245 7849 2959 6354 2316 9860 191 5103 9649 7858 1295 8343 3232 6668 7822 8660 7319 3553 3634 5230 5489 6787 1768 8538 684 3449 4893 6350 3465 7472 158 5027 9049 75 7628 4749 1749 2053 4815 4817 9287 4467 6707 8890 2604 4064 9856 1051 6351 8146 7429 8100 4968 6506 8938 8574 3755 6942 7862 2396 8681 8176 2906 2166 7355 4763 2582 7211 600 1822 8973 2123 2298 3859 9212 4274 1887 9495 545 227 8742 2385 5619 
5081 8895 5866 9692 5477 6964 6656 4703 6616 9153 9628 9729 3380 90 2595 438 6138 7212 7485 5889 3484 9489 2943 5792 7178 7320 3358 758 4260 4788 9589 2221 9842 9930 3690 1441 3061 9308 195 4988 6418 2902 5023 1658 8679 5432 5313 3083 5878 6812 7909 6798 7468 3529 1084 5049 9962 2590 2057 7328 352 3005 5871 2597 6983 8960 741 4007 4288 376 8791 2877 4072 1841 9120 4472 6169 4656 7534 5631 7831 3825 3344 9519 6435 3845 7358 9638 8593 5129 9824 6347 3671 3126 392 4576 4272 3792 227 5113 
1103 9440 1422 5121 7893 6441 6827 714 405 4827 1085 3138 4241 3297 4589 1456 2954 6129 4884 6810 7042 9261 4089 1824 7926 8917 2982 5556 4202 5765 3616 2367 8205 2016 6009 1276 557 1049 9442 5698 5960 7839 3988 7194 7002 9900 3129 4044 4334 3707 9320 7391 7958 7983 2392 7593 9458 5940 9932 9800 9346 748 5971 1783 5467 8767 7840 1901 8332 1058 9273 6788 8076 9878 5820 6160 2807 3366 502 1632 4799 9709 6849 3801 464 1923 3771 8345 9165 4562 2730 6412 9294 7464 8022 5554 307 5888 8152 6884 
6153 4094 7951 7165 7029 1738 4931 2169 6932 2302 9671 8417 5539 5128 9232 5928 4280 8807 5891 153 6321 6185 8690 5611 2631 1536 2374 216 440 2335 5042 6683 2881 2389 6923 4820 8428 6317 8441 4301 3966 8633 583 4053 728 2650 7537 9472 3945 1925 7844 7905 8274 5865 4243 4135 797 86 6194 374 218 2252 8954 6670 9537 9475 6597 204 5599 5439 1424 9385 1317 5620 3642 9735 9507 1322 330 5457 1128 7090 8004 7854 4574 107 6119 1244 6863 2009 720 7673 7276 6909 2715 2566 8333 8452 3883 2094 
6179 40 7954 7501 8606 7851 3667 2057 8241 8516 5838 5380 6558 3053 186 2580 1913 9253 5146 246 4058 5382 552 592 5414 7315 1077 1112 3576 2986 2092 4714 8824 8407 1734 3229 9763 1920 2161 7525 7308 8274 1583 2690 8826 4088 603 9419 6017 6734 8253 7427 8191 8181 6625 8819 6353 6802 3578 8087 31 6359 1369 5908 7328 1314 4197 114 3473 3404 6277 4822 1922 4858 5879 1639 1492 1606 6868 3013 4433 9069 1248 8730 6222 3477 9708 4691 6916 2341 3380 9922 7310 4092 9390 9831 6146 6755 6505 3209 
9235 7121 6467 9043 4221 4901 6204 2434 2523 1488 4764 1820 2353 864 2482 6641 8912 8532 5056 2922 6865 8231 3757 2355 3936 2035 1651 7747 705 2727 5 4010 3246 6254 314 9024 7616 3208 2695 4789 3171 8522 8744 1459 7308 6991 4606 7569 447 5352 8659 4830 2642 3396 4531 8510 1722 3144 992 7271 5747 8250 5181 1533 147 4668 1105 9477 7244 444 7714 9767 217 6526 14 2462 1607 2367 8520 5801 1443 8760 1032 4123 8990 3862 1946 1930 9725 5902 9104 947 7531 325 8726 9930 5789 7764 6760 1826 
5221 8717 1000 9538 5684 9534 4781 2432 3207 6337 2556 8397 7957 576 4888 210 705 9622 1085 5509 916 6830 5247 6519 1644 3945 1800 8257 242 4371 2370 6783 3343 7276 6353 9779 1234 8880 6406 7199 542 7514 1593 1378 541 8964 8109 1146 4766 9532 4385 2190 3387 7007 8732 9465 6580 4756 699 3006 5728 1207 4438 3775 2604 9754 2069 3567 9252 6146 258 3630 2326 4739 7000 992 8450 9113 3194 107 3818 8158 484 8604 8767 9409 5707 7520 3675 5899 2504 513 7432 3962 8680 7795 378 2512 5997 331 
8301 8867 2247 5475 4902 6250 1445 5180 6816 847 9930 2874 7130 1214 3702 4975 5801 4615 4054 1752 2862 8067 6170 3359 4050 9324 3169 9339 7160 8573 5226 2946 3767 7233 1384 4750 2165 1217 3415 4403 1967 6414 0 9732 1383 4101 8434 5021 7367 1689 1921 4112 9710 7714 9387 428 1808 8648 344 7231 4272 9025 6134 6623 3952 9930 2860 8570 755 6726 5989 1430 7061 3640 6056 748 505 7866 6474 1335 2919 3357 6216 467 5319 8157 6104 25 8972 861 3780 1901 7967 1324 2170 1568 488 2257 9774 4307 
8787 8152 3029 1516 9548 3084 6197 5380 5064 1563 7521 5134 1349 5183 8640 2891 9543 2972 3355 4013 9620 7365 137 8358 1619 8910 7179 9950 7952 6725 7521 451 5348 1691 7960 9770 9170 3691 3042 7443 7163 9076 4813 9318 8012 6997 6884 139 6261 2840 4206 167 7215 5821 2531 4653 6837 3696 1352 4122 5717 6391 1119 2601 8569 4758 98 6722 1321 807 6608 6365 1365 5844 772 1770 8985 4019 7868 9416 857 768 7013 2039 6485 3404 9510 5439 8325 9738 7342 9305 8149 2265 3776 9514 901 7398 6231 3735 
9244 5217 8498 3264 9437 7914 4121 1002 8682 9393 5168 5960 9545 9484 770 2195 6682 6756 613 281 9947 6120 5925 5424 1193 9985 3151 493 3026 8051 795 7591 9377 3613 675 2180 6753 1537 9695 6079 1218 7729 66 6338 8032 3173 9342 2485 5743 6305 2150 8881 2714 4133 9494 3265 779 3947 5887 6062 1763 8633 186 8131 7238 2317 544 877 1712 2214 2276 2394 8496 9373 6208 1892 2904 2503 1713 5614 7178 1788 9788 7987 6807 5998 3390 6989 9146 1563 5285 1550 7305 9831 2449 733 8619 8474 7689 5433 
8644 8334 6734 811 605 9526 474 6995 4857 4978 1763 1082 8727 5371 3429 1180 2578 6312 505 4963 7795 9055 4514 3716 4620 9281 3346 6260 6109 7704 4318 6514 3311 4378 6386 6846 2241 4656 131 6448 9361 785 3635 6995 4857 4978 1763 1082 3822 8858 4567 2686 9503 1805 8594 1690 6270 3704 2336 1289 2948 3098 320 5681 7558 7879 1470 1063 6315 6183 1653 7386 5166 6821 1281 847 6353 8006 7625 3096 3050 1031 4092 8119 3429 1180 7671 2392 4963 7795 3526 8049 1299 3127 4503 724 3358 8358 4596 1369 
1791 8664 2668 2437 9119 3233 5445 4461 275 6949 4169 4830 6368 1564 7467 8106 8314 498 1912 6678 2978 8171 445 6145 7798 6155 399 2737 3235 4446 6202 9912 4435 8577 3317 2644 9431 8473 7309 6102 657 4995 5557 4787 8397 5010 7995 505 4851 3762 6023 4642 482 3420 3930 1805 7907 51 737 7017 8242 6223 847 3060 7199 4076 8765 8533 1642 9009 2105 3404 1145 8294 8513 9904 9180 6651 4211 6284 5370 2599 1578 8965 4273 4226 6893 3549 9463 3617 2266 2591 911 9423 2737 9179 5512 3285 872 6657 
1057 4542 5434 2792 9169 436 5383 6794 5472 5780 6383 1659 2 9332 7434 2906 3296 1996 6377 2476 548 1625 1853 8510 8936 3022 9404 723 2166 8573 3902 9374 9292 1862 9296 6323 8945 549 2700 1098 5750 8821 4599 7218 4832 2144 5992 215 5768 7577 5929 3224 2022 1578 8345 6875 7398 4648 4692 6750 3513 1349 9598 7622 5322 2455 1462 5313 7856 8371 667 5089 3481 6292 6488 3627 9567 3319 339 5428 1689 741 7634 8527 6373 3242 4928 8632 4757 1952 3045 305 4071 1047 8058 4125 7368 3030 6141 8267 
8117 38 1780 7297 6799 5511 5123 6176 7804 3682 3907 5275 160 7616 4243 7840 5137 1097 3077 7190 9590 7431 1437 1003 41 6591 5021 2211 8048 3938 3427 5319 1799 677 2456 4988 6392 8624 1426 8786 1158 7319 6424 4460 6430 3414 724 3004 4944 9312 5235 1933 7581 4301 4575 7440 3575 7363 7316 9554 8489 2354 6203 3869 7786 1207 5508 2724 2378 2105 1273 7179 4070 273 8324 617 9271 5640 3275 207 8789 8962 8807 9278 551 451 1080 5619 8932 6490 2431 7610 6155 5117 2178 7809 1054 9828 8486 3910 
232 2063 4600 8208 401 4999 8384 7431 2346 7547 4505 1343 8020 4462 6525 7355 4831 1915 3267 4845 7050 2315 3431 9664 9878 2570 7411 1863 4808 7005 3762 4802 697 6205 4755 7497 5308 8667 5928 4894 8596 26 7317 896 919 8031 7845 6658 5109 5817 2617 5414 9151 8826 5603 6870 1223 7096 8214 7183 1427 5574 2808 2598 7133 2811 1412 3682 3698 5576 3143 4969 5397 1636 5252 2422 6731 3406 8602 250 9234 2643 8451 7177 2837 1109 5659 8861 4422 5488 9994 5961 4399 4182 5767 3545 5705 3556 292 1014 
383 3940 7666 9893 8536 950 6341 6708 6666 1921 3779 9382 5497 1361 4108 8653 9965 6679 9584 1376 9835 916 5024 2151 7819 7728 8491 6708 1726 176 4555 5958 4900 8479 3521 3833 3582 7002 9753 6656 339 552 5702 7693 9842 2783 2169 7996 5790 810 8253 7875 4867 1156 7288 3156 4618 1099 6174 9941 4397 8622 3156 7369 6506 1788 3994 786 1183 9221 7804 5733 884 3333 6808 4796 8562 5933 1058 3467 3627 9512 4039 3376 4004 5475 1736 7140 7259 7191 5478 9367 9624 6251 7680 7392 6385 5477 3565 2709 
1296 3720 9307 7174 715 9400 3366 2509 9847 9613 4707 2526 1150 3332 9182 2370 7805 6263 6884 3576 2948 1398 2147 365 8382 2644 2172 7897 2703 1478 2163 1727 3739 2358 6608 5541 2066 9153 7676 2765 1148 9416 8082 242 4616 9913 4067 4695 3507 7125 224 7346 2317 3938 532 7896 9706 2086 1999 140 114 4878 1003 1329 3481 6334 6635 4033 3433 7622 8036 7860 1662 6283 6284 9628 3425 7614 3015 2136 746 4796 820 6065 4511 6994 2929 4406 8125 4456 5671 1075 4147 1543 2162 4201 8919 5337 6713 1395 
8858 3705 4701 7433 3610 8508 1076 5517 7774 9373 840 3904 9518 4802 5098 9680 5915 4828 3593 6547 8147 3735 5119 6364 5548 1970 8709 1846 243 5607 2079 2482 7715 2050 9015 9277 3537 2223 5922 9438 5251 6023 2222 6416 8407 1333 573 4732 7010 9008 4775 3213 8803 5672 671 9945 5427 6423 6193 9638 902 9022 2060 6788 492 3937 646 5876 8090 1840 4689 7200 4539 5542 4249 9392 3591 892 1401 6664 7799 2235 4502 3282 7971 8537 2047 7893 5934 1540 977 3864 7456 8036 9769 7076 9430 3584 9104 6603 
7656 8633 2091 5262 7547 4610 4379 8585 2540 5495 3151 84 2369 7975 4121 7000 7481 9598 6578 9753 7884 949 9602 2373 686 6993 7148 9057 1557 7057 1302 7412 3535 4411 8427 1540 5865 7743 5823 3443 4299 158 4605 8840 5458 8677 740 6056 3318 1207 5922 5994 3817 2486 2081 6358 6126 9163 501 6648 375 7194 614 746 4643 351 6768 7613 4111 3129 5995 2849 9947 3081 9785 6528 8967 9320 8788 4201 3413 3988 1782 1448 1983 2900 8880 7734 140 3547 8742 891 4334 2815 6666 3676 3025 7447 7329 8110 
7284 2614 6548 6632 3441 6568 8483 5671 3494 2351 1037 9820 4566 3332 6903 4420 4361 4409 8200 4029 3814 8429 8054 4494 4108 8518 6233 198 5657 7001 8779 5845 3612 1307 7921 1609 2384 8951 369 5252 4031 2507 8381 5284 9742 6921 3922 2982 4474 1137 1207 117 6355 1683 9937 3310 796 3960 4495 8860 8100 6671 7954 2483 8125 7346 3870 1149 8131 4820 3248 5241 1848 742 9985 5499 1947 2583 7974 1470 1100 4752 1530 3560 9504 5571 1905 7848 5727 5458 3385 7591 8882 1283 7529 4922 4280 2854 3989 4434 
4425 7600 952 6060 9679 1280 1191 2234 638 2005 756 6393 6680 3498 134 4127 6117 2611 8398 132 9302 8133 9587 8814 7878 5363 5842 8311 9195 4952 7593 1578 3558 2381 7827 1399 6106 4758 4559 5960 5083 5379 6104 5710 2396 7919 2186 226 3908 1479 4977 8797 1253 8348 826 595 2504 6884 9386 3163 446 6868 5753 7874 8015 785 2232 5725 9858 9034 7310 8983 9387 636 8950 9242 8851 9347 5132 2625 7120 670 1066 8844 4583 3006 301 7956 7907 2686 7610 9866 515 1610 3216 778 9931 7130 5377 7852 
6289 7845 7634 4764 7258 9680 3556 6414 7324 2290 1 6742 291 5952 16 515 2195 567 9207 6664 5941 6723 3817 7188 9907 9748 6574 4668 841 5279 2934 3064 3681 4256 2926 2136 5474 6381 7729 6250 6715 4042 6177 1125 6569 4776 8019 116 39 813 116 9475 1338 3967 5858 5811 8311 4021 3969 9174 3917 5853 7656 8894 8491 9017 711 3077 5078 6272 1798 3380 5017 3305 7847 9604 4726 3387 7137 7198 4426 7731 1931 6968 7876 4676 6052 6679 4511 3366 7501 1125 2455 352 5340 4212 6317 1759 6730 6264 
9815 2050 7205 2644 8480 8795 9642 8480 3072 2678 2209 2024 426 6952 6740 6926 297 3246 6153 5795 3277 4201 9743 7383 4068 1850 2943 5009 4547 4006 2355 7201 3549 3183 5149 9592 1084 4773 6194 8399 8788 2030 6735 7440 599 2033 1007 1143 1700 2940 4041 2571 1036 5887 6648 4179 7866 7071 1328 3875 2336 7952 9095 7147 5746 1954 6192 3254 5108 2974 56 903 4778 4131 5255 8279 6924 2861 9824 1263 1859 6740 8206 5954 5733 5225 210 6346 3903 3640 6813 7147 1074 8836 4597 42 7049 4998 8764 2761 