3502 1960 5906 7660 6587 7706 2991 4265 3478 3754 7899 6828 5906 8115 9891 183 358 280 4174 3127 6473 6012 1416 4572 5219 6719 6788 847 5663 3994 2514 8250 6981 8659 2215 4143 8236 9196 8909 1075 1543 854 7212 9590 1781 3999 5541 7975 6284 7614 746 4511 4406 7466 7014 9098 4908 6970 3659 8597 9397 3333 6700 7008 6071 698 1002 384 7839 5178 676 8772 9627 324 8319 804 6476 3580 7792 5769 743 4506 3743 1461 3208 294 9841 7551 6481 2656 7432 7205 4993 7372 4269 5135 4762 7392 3170 8294 
591 4860 8945 4708 6149 3904 7156 9476 6917 1289 2948 8477 5681 7879 4708 5863 284 5525 6247 2190 330 5651 2220 4405 4652 2245 2666 1314 4888 4589 1076 8285 35 3980 7243 7370 3930 7016 9790 731 1093 6835 7366 3709 8959 5178 5749 5020 3133 8379 508 5997 2629 978 5931 1518 3780 6438 923 5712 2905 4718 4197 1246 3579 3658 6084 7742 7461 5824 7574 3421 9610 1293 5911 3048 2053 2035 3697 1399 3450 3681 5030 7269 8900 6653 2885 1663 5931 7590 4627 2687 3978 9337 9939 7152 8675 2231 5899 5073 
3520 7808 5476 2570 5920 2965 9282 1180 8056 9759 9022 6295 5615 6728 4038 3235 2849 1683 9133 6267 4162 713 1 2609 7358 4112 9841 1592 648 1474 8548 5193 7456 9274 1672 2268 9971 4186 5192 5033 8445 3386 628 7651 1713 4163 7422 9447 3399 5684 8247 6773 1567 6670 7450 4762 6962 272 91 7773 3461 9304 1602 1474 6159 9054 9525 1056 2057 1677 1833 9373 5722 8282 1360 249 5607 724 111 7528 9185 5438 8131 6413 9743 2742 934 3358 508 3453 8033 4959 5180 1188 9922 2582 5700 6467 405 6763 
1694 9143 7173 8458 660 3016 121 9324 724 5713 3332 8171 6811 9516 9976 1626 2864 8250 5636 4088 7530 5819 9744 1748 2009 8867 8402 3004 9018 4690 3106 9260 8726 8753 238 5738 5193 3672 2278 5374 6389 5471 3320 2874 2448 7526 1271 8452 2871 4425 991 5378 795 5975 2479 5841 9397 8240 4055 9424 5170 9214 4425 8494 8981 5516 2643 7508 8507 8307 1366 9728 7143 1031 2977 8849 1276 7311 5533 5911 4345 4357 8788 381 4423 2845 151 8137 8686 6958 4134 4520 7615 4002 8313 8359 8735 3216 2849 6011 
8945 5095 8259 8062 3651 7147 931 6895 7857 7680 9067 7902 7547 3816 9011 7796 696 8769 5796 854 7253 8580 158 5841 5834 3525 9650 9686 3834 882 8704 6406 3660 9697 8738 6151 932 4457 7987 5762 9300 1818 522 5726 879 9597 6395 5015 9781 2277 8706 5952 8944 1452 6404 37 3447 4641 1216 3172 416 4405 9552 9842 5533 2965 235 6236 9408 2447 6428 742 7697 3855 8040 7653 639 2718 6858 4885 5988 3224 7972 7841 7256 6892 5850 7769 2632 3366 2509 9613 4707 4319 1497 9029 2370 7805 8385 8025 
9802 142 2322 4921 3908 4143 3309 5380 8398 6437 3449 8759 9443 3587 3684 5751 7077 3884 1901 7728 878 6598 6979 5887 4565 1618 1413 6833 6155 4992 7555 9165 9995 6249 3223 3920 3291 58 554 3097 5858 4441 7527 5646 1200 9920 4160 4831 4653 7121 5600 9122 2592 8982 9999 3392 4431 2009 1277 351 9162 1590 2338 8522 5615 2363 8766 398 377 6977 5671 2708 4303 4029 5394 9679 5993 6942 8100 1184 5894 5546 7381 6217 1032 7596 5163 872 9050 2833 8212 2701 2314 6052 4774 6551 7896 4568 8657 2683 
3675 1194 2394 8510 3112 5631 6820 1976 9205 3194 1799 6227 7634 4352 8719 3548 4410 9024 5019 4333 8157 4398 2643 6972 8995 2761 3060 9513 7594 1137 9835 9366 756 1383 6964 5395 4807 8267 3701 2552 2982 4341 7657 9510 5899 525 7090 4269 6476 9621 3007 4752 798 2609 4698 5700 6260 439 2691 4611 4140 9024 9596 2603 9464 262 7569 206 8567 7142 7066 1880 8398 4956 8186 5398 6768 8225 8453 216 1383 4198 7727 8222 1030 7961 5792 8589 7928 4788 5086 1882 2221 5092 1441 195 4181 5141 597 1625 
7706 7819 5571 4263 8459 3148 7364 5247 1225 6379 9342 2019 1925 5272 2287 9652 3269 2587 3626 507 1385 7679 4485 7326 7935 391 4026 7429 8569 2296 3019 388 6125 9616 8005 3835 8491 5635 2170 7864 9381 2070 6496 451 221 3659 6262 3924 1194 5024 3529 4764 9911 4635 4542 9169 1837 5714 7333 1124 2991 3869 3149 4986 9802 4216 755 4874 9721 3052 9932 2346 958 5476 2397 2106 2297 8949 96 264 304 4097 3530 4534 7263 8270 89 8547 7147 4640 6895 9767 70 9498 564 2738 4778 490 7564 1141 
6252 8649 9968 463 4746 3089 8852 2996 508 3749 9614 1010 978 6150 3780 6438 923 1518 378 941 5712 213 2905 3915 4850 7314 6762 4632 3930 3010 7016 2126 2776 567 645 8465 40 3287 1982 2599 1310 4503 8044 5894 3902 9082 4061 1212 4061 2327 2836 3260 6522 2160 9228 1022 6456 2190 2955 5252 3764 9721 3032 5591 3433 7552 4700 2784 6127 1800 4838 8387 6597 4237 7106 3275 5363 8724 8082 4047 7644 7976 7107 5778 9017 3228 8895 1365 8319 147 7710 3541 37 5171 8030 3930 3626 9281 2648 7172 
7468 7505 6607 307 708 6183 3753 323 7428 4290 8910 1043 2927 3134 5189 3125 3640 6390 4041 8025 3595 5241 77 2431 5266 8333 3145 6279 2169 1876 426 6463 5029 7519 526 9137 1935 6677 8609 8849 9729 6612 474 5210 2809 7568 2717 3285 9541 54 5842 3859 3572 1682 7837 4679 7853 6568 7164 3429 9083 1277 83 5725 2818 8960 4862 337 3869 9543 3563 9903 9159 4647 3936 5399 1094 5593 6346 1639 3562 4984 1072 4371 9343 4329 1456 7026 2272 8013 6035 4963 7087 1316 8575 8299 1657 5220 7537 2157 
7142 2730 8810 7829 7501 7899 3277 3674 3434 5183 3231 3077 9543 4090 28 4123 4918 477 2228 8472 7630 4193 1735 3930 6590 4151 7949 2613 8468 6302 2942 8745 141 3321 8732 3577 284 1006 8885 1087 2150 7816 8055 2066 1382 9998 1205 9050 6038 8909 1075 1543 854 2257 7337 2664 8034 4701 2901 8508 7022 7565 6488 6499 741 3227 2086 6853 8849 1276 9005 4910 2438 7669 9102 1773 6524 9527 3383 4558 2029 7702 9270 4082 1986 1437 3507 9243 3377 2544 9475 5730 2518 5498 9155 8749 1128 4911 6562 4444 
3404 6154 2134 5426 4655 2728 8227 9700 827 433 4825 9146 1938 3976 283 1595 9530 9835 2363 4534 398 1478 6977 8846 5671 8107 9457 8347 7235 512 2702 9679 9468 6942 9356 3388 1565 3597 5546 5198 4055 3359 811 5403 4252 8972 2716 7632 4425 9839 3022 383 1027 1353 2305 1870 2519 8504 2946 9071 3978 4813 332 9568 4574 3911 6879 5708 5564 8606 6518 1958 8884 8329 8383 2957 8190 7622 4140 9249 1676 4816 8604 773 7942 4861 827 6436 7604 3979 3105 8061 356 7241 8454 5129 8343 1051 3423 6955 
5163 7461 2831 1911 2256 5022 4083 8089 6342 1103 8146 2433 275 9629 2199 6815 1913 2294 5394 4399 836 6404 9601 5612 865 5492 135 4252 788 8144 8570 6472 4838 3955 1017 2907 8100 8728 5593 1512 2589 6526 8291 2302 4817 7724 5001 9219 8776 5082 1608 2746 4576 8055 6139 8657 1928 2261 8394 8442 9685 5890 4878 7261 6928 5221 8431 7804 9098 7118 9360 4521 3098 2967 1164 1117 9519 9506 7388 3571 7664 1652 3496 7861 5013 4213 3515 157 1645 4611 281 9994 782 2977 5067 4248 1569 5855 1644 4250 
3907 3326 5648 7339 4470 9539 3815 4056 1537 3596 6774 7781 1725 7454 9916 3127 4611 5803 9529 2441 1932 9085 7377 4205 2237 1668 1977 8225 5321 7541 8671 1536 1305 31 780 9406 5908 7570 130 7239 2553 1155 2207 7040 5028 5244 5896 7556 1190 4781 4383 696 4385 4155 8259 2626 9094 3443 7000 2612 1665 4860 3788 1363 1471 5796 3359 4641 4055 1092 1650 2392 9809 3391 712 4774 9444 5861 6053 7795 8062 8319 6504 2814 71 1471 121 7142 69 9382 2012 7612 2255 2342 1043 6778 2254 354 8014 643 
4646 7519 4915 1693 4025 1394 2098 519 6686 4596 6591 4461 3590 4004 3537 9147 6497 4942 6646 5461 539 9029 3117 1008 3606 7625 9217 7413 8704 7105 1047 951 5355 77 7495 8472 8058 1063 2884 3282 2579 8580 6408 7221 6356 3989 3325 9754 4526 6196 108 8083 3336 8027 9286 8764 4121 1490 8581 9403 3741 6643 768 5331 6582 9461 5099 1335 3148 218 9282 6403 3385 2501 9644 7331 1262 7064 2013 195 7654 3250 5013 9419 1435 3567 7059 5332 476 6544 5024 5210 6575 5994 9062 7492 6306 8896 5598 3798 
5616 8705 1782 7533 6714 3463 8970 713 1011 4929 8038 2158 8895 9999 2525 6326 4238 308 7671 608 9590 8050 8368 5442 6688 9771 1401 207 2055 5547 6937 7577 5777 6745 6372 5940 7892 3387 3829 2370 2361 2412 5897 1850 4656 1662 7401 701 782 6884 7568 9703 766 6740 457 4159 1755 8226 1523 1984 5527 796 7184 4138 125 1240 6919 5047 8342 97 6092 2676 4318 2882 6019 4661 5099 1672 8265 2787 2884 6467 3228 9350 8902 9000 801 1724 3271 5875 5011 6932 6945 4239 3565 7579 3220 9317 4352 3024 
1649 1602 4405 534 8269 4503 3867 4132 7896 6117 7800 4982 9334 5097 6873 9932 459 9032 6965 2255 8554 7364 9212 6937 2195 5459 1517 9627 3823 1057 6142 1916 5611 1020 8245 9119 4712 593 1529 2734 1659 6833 338 9490 6647 742 7853 9575 5863 4050 861 3801 9054 6488 7953 5878 8111 5293 8919 7337 6719 3064 207 8858 7433 9532 1076 7022 7687 2958 1395 3705 4701 3610 8508 1076 1316 2958 9373 3904 5019 983 3796 622 6422 8843 4288 3266 7059 5663 5497 1846 4083 284 6767 9788 7305 7489 5525 6265 
5839 2218 5363 3002 1617 2703 1478 8822 8438 9931 5544 6344 6654 8684 6608 2066 6055 6384 6284 7614 2136 4796 3105 6065 5253 2929 9402 8734 7487 1499 3720 9189 8817 9624 8157 432 3914 319 754 7018 7826 6271 4428 4137 8360 8522 7933 4056 1075 663 6858 440 4401 5766 1090 5853 3346 2943 8830 4868 4535 7111 9812 6654 7800 2768 1483 3668 9878 1833 9263 6989 6498 1247 3471 4088 560 7946 4295 8992 4269 5605 7492 4326 1908 8181 4622 4919 894 9141 1357 9737 7547 9929 4452 9838 5443 1450 9283 8623 
3137 5089 4179 3781 2196 9733 4185 4818 7541 567 6976 1952 3937 9920 767 4456 323 8872 963 2872 4086 3916 406 1215 6297 3951 4210 8665 332 8744 9653 9926 2674 5501 77 5660 2145 9693 4967 5425 9104 787 9839 6330 603 8129 6896 7050 4673 6492 3658 20 6824 5901 6048 5533 7036 2396 4012 7651 2911 1426 3984 4278 9622 8210 6593 3189 1446 6554 4601 8619 498 9386 5947 6987 7137 9532 5441 9017 3925 6632 6072 5533 7880 9340 9391 6240 3968 6521 1742 9970 7747 2361 4137 9406 9093 3213 939 2765 
7260 7991 3113 6333 4346 1810 13 7325 291 4424 5804 1623 6293 4693 3382 4387 8075 404 8757 2904 3488 5490 526 5992 5144 3295 1813 3212 8984 6233 7598 8193 1359 2059 1960 3955 6768 4768 4763 1087 9712 775 6338 4108 4172 6144 6768 7644 9288 4700 7364 2935 7199 5247 8089 2257 9342 2019 5272 6823 3269 3626 3400 7521 2596 1503 1187 7326 2141 3514 5818 2640 6221 1828 7110 7214 7148 9416 1228 8780 3404 6205 7090 8529 2474 6998 5831 2280 2665 1853 2385 874 6952 3351 8565 8253 4215 6788 4769 7299 
9828 272 5375 612 2511 4878 9383 6926 3295 579 4368 2776 6382 5384 3654 6045 3489 4636 207 3227 5153 1420 3011 7242 6342 6490 586 9040 146 5323 8361 2964 1378 1804 4235 7261 3956 4646 4914 5285 3138 6586 9956 6601 9490 6342 7602 8865 7852 1624 6360 1087 7673 8393 9399 2154 3955 9537 9737 9509 9652 8170 5193 6371 9284 5077 2455 7856 3083 6088 5398 6972 9861 1722 4045 9150 4098 4925 7820 1153 8722 9496 2553 8949 9564 7811 5799 5149 5549 8961 3798 3128 9199 8700 7035 792 2464 7551 4353 1881 
8938 7304 6617 3580 3634 4354 9535 5865 6419 4270 9107 8850 2519 9286 936 8193 1819 734 5918 8251 9383 6046 4526 567 2617 599 1223 3769 6557 1091 1068 1677 7348 1805 1055 7182 1269 4272 2749 192 1163 3833 9225 5266 3312 3496 5922 7132 5943 8618 2227 7490 239 3891 8512 5785 2437 3233 1671 6792 4169 6368 6630 3380 5017 2762 498 6012 2218 8027 1024 9052 4602 4487 4851 9339 1576 3080 6736 6529 617 2425 8856 6805 8898 9424 1945 4425 4699 4269 802 8490 9564 7080 7526 4622 4971 2484 5582 8258 
4376 9522 4157 9133 6152 1124 2991 3869 5476 2324 4986 9802 4216 4074 1860 4702 9881 7911 4701 4660 6046 8543 5225 3561 524 8363 4758 3674 8576 9630 3350 646 5465 1449 7131 2461 1381 4424 868 74 4430 5996 9145 843 9172 7748 3411 7378 819 280 8620 5092 973 6223 6035 7985 2421 9610 9616 8782 2882 5673 260 6082 6995 6362 111 3918 9400 5953 2528 8215 4277 517 1067 4854 2169 6834 5020 7204 3968 9558 3069 7345 2940 3142 4272 3369 5050 4115 3351 4156 3521 8775 7408 7728 6788 7913 614 1488 
7455 7309 4307 4720 9886 2140 5945 1060 7939 4855 9796 1746 9861 3369 4249 1078 3608 8109 3676 5033 6271 3727 8769 5878 1713 3724 1497 629 8394 2279 8551 6224 7002 6237 3115 8363 6247 9857 4760 6415 1499 8709 8501 8492 3118 7085 6581 296 7874 8215 6542 2957 3274 6826 9954 7838 9063 5939 171 616 4171 7785 3497 5294 7164 6214 9595 7531 9802 7445 7606 5526 1751 3580 9310 5906 5229 9171 465 155 4901 6390 7958 3489 6621 7174 4313 7849 5592 2609 9383 2254 1135 9581 9108 5747 4832 8580 5540 6582 
5093 2230 424 8094 5441 6059 5773 8327 426 7483 7811 5908 5212 9338 3454 6508 772 5426 8130 4006 9906 3166 7550 9416 4573 5549 5424 9963 3771 2480 3329 9363 1462 2443 5854 8728 2589 5467 6932 2302 4817 6488 6489 1704 2328 994 7072 7549 9368 5621 8264 3024 2057 9908 1304 1301 1511 3879 7722 2329 8115 6084 111 3775 4977 3745 7707 5721 5227 6693 2198 2027 7163 4349 1057 4476 5557 9302 612 3280 9528 8419 8691 5232 7260 9729 2892 5216 5744 8895 7314 8400 9712 2110 5665 7969 4462 334 7071 2033 
6244 3473 7229 254 7668 4298 3730 1148 7651 2984 6330 4384 9980 7804 1804 5008 7331 6423 9231 4355 7598 6301 3637 5192 5410 4596 88 8225 5914 8111 1867 8612 3524 1306 2081 6543 7523 1580 8075 1495 6665 1100 7412 2358 6842 3169 5135 2164 6706 449 3870 6885 6913 4782 1957 1632 6863 990 5518 8631 9921 6991 7569 447 933 4830 2642 3110 6122 4372 4542 9383 2339 4432 2494 1611 7686 6590 5762 5106 5396 3771 4235 5829 7441 7688 3750 4409 7502 5341 7091 7939 8829 3132 5395 8275 6727 4808 2443 3060 
6099 6210 9162 8538 3870 3708 7067 9628 6519 4396 7506 7710 396 457 6960 5179 1208 3626 713 3529 8880 5859 100 7130 1801 3024 5114 6409 9408 785 6284 2844 579 1383 6272 8384 7879 3569 9148 8357 3605 2212 8821 5010 6911 4790 6872 6556 2696 8613 5536 4045 1424 1717 6519 2033 1407 1773 9830 6475 5088 4576 4249 8059 2691 1526 4496 312 5856 9400 8344 5145 5074 813 9012 5850 2632 2406 661 1150 1497 8006 8166 6263 8385 9802 9756 1572 1613 678 6868 4368 3657 1275 1004 9852 467 9998 6699 4182 
6911 8433 546 8332 2852 6445 9762 6810 4159 5476 3901 9629 7513 2351 8411 6116 4048 2894 8716 6157 18 2302 3582 2848 7849 6434 5645 3945 6196 2253 9358 4650 2764 4835 4903 3419 2417 2122 828 4278 4597 1229 3958 3330 9799 3493 3381 4833 7694 6830 7991 2364 3809 8460 6557 3363 1754 2132 3565 9313 7843 9400 542 3358 1050 3034 7179 6372 4219 2540 1050 9217 4904 4859 5813 9671 5174 5888 3035 2216 6846 7019 832 1041 1374 8761 6129 6163 9816 7557 9198 6995 3929 9769 7171 2031 5955 704 8054 6592 
1089 763 5160 8961 2180 9793 1354 4951 7520 6468 2086 2631 7249 5995 8181 4244 9924 8817 1474 6823 4915 7912 8749 6823 9001 1984 4314 9825 516 4108 7531 7980 3999 6418 6501 6589 6278 2377 660 5373 8540 8694 5947 5596 1087 5484 5205 1170 3271 7292 5099 8745 8623 1703 7001 2949 9848 3869 8531 8807 9889 3533 7410 8597 6090 3316 7008 7271 6898 9371 6944 4439 201 9534 1216 583 2794 7407 4663 3008 8134 4636 4400 7194 9371 1570 7818 3744 4368 1782 275 4776 7389 4076 71 8107 6786 3240 8705 7674 
8452 1995 5515 5322 206 2908 5799 3022 2139 7304 7850 1444 9118 394 3104 2260 1782 795 3365 9217 9821 6267 8523 7097 560 6933 9309 2255 7446 9754 5049 3380 5874 1987 1449 1148 1981 8797 3764 9177 2385 6477 1526 6438 1469 75 1970 5067 348 5183 692 6820 3776 2617 3413 8469 9647 2414 1908 3273 5949 3285 329 3438 6118 1843 6246 6219 47 3304 1904 1718 7743 8792 9452 3555 7066 449 4641 8225 1685 3857 4619 551 2077 7618 9895 4417 344 764 5342 9949 2095 3806 9082 2629 9517 2052 8240 9004 
390 648 1342 8346 8917 1734 4351 9049 106 2834 6754 15 4226 48 3612 3122 5594 2198 1968 2339 2087 792 3774 4083 6481 8736 8812 6604 681 4263 3735 4464 6356 3257 746 7375 8920 7656 6695 4203 4889 7311 3310 3372 5145 2002 4811 9819 2523 9245 646 7178 3131 7876 6620 7138 635 4875 3051 8358 5587 635 7952 9051 1066 2652 1005 6436 5090 2751 9738 8663 6615 5828 7386 7541 4728 7174 9759 8088 7311 7667 2665 2048 6235 7352 3320 855 9897 8021 9848 6705 3441 9570 1377 9044 3084 9777 9519 423 
8591 1421 4327 6095 9379 7421 2868 6152 4928 7442 2023 472 3694 5424 9706 5115 9111 3914 5900 9021 6430 7736 7574 375 635 6387 402 2780 9564 5992 4501 561 7288 8785 4517 2027 538 6642 4843 9492 4575 7556 439 2270 1677 6595 9674 9529 7060 5716 9956 8092 5803 9551 2007 7933 871 9130 6970 2159 9055 5779 5707 3599 2601 2301 8427 6563 6641 4444 9337 3816 4623 4589 7656 9934 664 3736 9989 9532 4857 2525 9301 1171 3864 6057 742 7028 1710 8391 2903 700 6779 6789 9547 1039 9041 582 3790 5487 
4887 389 5062 8496 7942 5623 2736 2218 6612 9937 6739 8762 1703 244 1125 4466 3826 5736 4515 919 1457 161 6695 457 9359 8783 5111 6699 447 6157 6424 960 2866 7777 339 3088 9744 1821 4409 1721 4192 7028 2048 2637 5644 2664 1762 2665 7923 1835 8893 2511 1279 2549 5676 2573 5908 1592 8451 2731 4933 8010 7172 9210 6838 7192 8831 3929 1957 786 2547 7723 1155 6584 5643 100 9240 8212 7229 4689 582 5058 1015 1794 7175 8187 3543 194 4289 4472 242 905 492 4022 9165 5387 546 8485 6183 8999 
7490 5567 1985 5787 4619 6016 3247 5237 423 6994 5412 5998 8863 8079 5823 5551 9846 1230 9696 229 6167 8461 7720 380 6149 8288 9603 4881 6921 879 6742 3055 1988 8825 8186 6042 5347 7883 2623 1514 2696 6695 9196 8026 1794 2392 6528 1995 8037 6604 1311 2968 6891 1987 5231 7164 3083 2511 1301 5706 3997 8754 3425 7950 9387 5219 7158 126 6137 0 7599 2969 6464 4490 4803 2239 8319 9491 5322 830 7144 7380 1208 1141 8922 919 4085 8309 6138 5872 6683 4502 1384 3477 8333 3534 4067 1339 2482 9180 
451 6822 8037 9234 1168 4634 4584 8840 5792 8981 7954 4808 838 6927 3811 1073 6030 993 9922 3586 2448 2611 6922 7202 8123 9559 9582 7898 4306 5095 4062 3269 2093 1463 4187 9059 6256 2492 8117 4918 1084 8444 3272 8025 917 1420 4389 6918 9519 517 8620 8244 3019 5022 9714 6776 9117 573 3052 1240 9246 8754 5076 7778 1548 4694 4476 2202 4961 3560 7546 1373 123 5061 2962 3781 3727 5457 2532 4299 2094 6775 2216 9359 8250 2417 6264 751 5271 6163 3702 3086 1890 7011 8721 3601 7773 2301 8007 7120 
4819 160 6212 73 4928 277 1208 6773 4816 2795 5007 2546 4136 8614 9822 6210 1250 2101 3616 3303 5675 8706 8089 591 9219 5967 1017 3632 1237 3475 3183 7354 4918 1862 5290 6621 291 5805 2887 7313 9406 2840 813 3730 8738 4905 6654 1085 2476 514 8991 1165 5648 106 2126 6869 9295 3896 6544 6236 9306 5406 5124 2417 1722 489 8232 8817 4741 4284 3324 1670 5629 383 2607 6565 4783 672 2666 5341 9799 3088 5019 7180 7169 4191 1887 3904 9085 4793 5077 400 4792 9648 7963 113 2000 2256 7053 8128 
3394 4538 287 7518 9534 1019 3550 7635 4735 4158 5454 2657 3307 6952 29 8411 552 2615 4488 9520 6425 4781 7174 6397 9893 6639 3847 3283 3927 7259 6704 6012 6641 1422 1579 8753 51 8601 9338 3555 5920 8191 1200 5399 6667 580 8783 734 994 4056 279 270 9692 3885 1728 4464 1025 4467 8783 4638 3307 7910 5999 6068 8679 2624 9506 1151 1198 3696 1092 1373 1016 5394 1245 1582 1820 11 9396 9939 1630 6217 1224 2970 8160 4726 7784 2754 5506 8936 5605 2979 3607 9270 9522 2902 4370 6116 5254 690 
1567 7853 1790 1222 7459 7081 3141 1874 938 7274 4858 9720 3836 7287 1562 5998 2116 9953 4644 1013 3887 9382 6915 8765 4108 916 213 667 5589 5558 8406 5361 685 6186 1967 4421 4317 4192 9782 7313 3687 454 1085 8994 9274 6750 235 7443 6006 7325 1581 9891 6478 9848 6705 9570 9044 3084 9777 9519 9207 423 6924 7257 4994 173 6095 9379 7421 2868 5587 7623 112 5455 3969 1173 3928 5998 3752 4972 8898 8228 1519 2972 5255 5550 3695 8836 4068 1530 3896 9505 1113 4087 1660 5088 6258 6748 7179 4434 
8813 6619 351 1013 6046 7426 4605 514 3418 2389 4142 610 4310 8270 1506 4431 5388 8635 8505 9935 4873 911 5533 1178 8002 4890 3374 310 802 2953 8424 8112 3992 9065 5336 2290 4639 6316 2946 9686 2388 4635 863 5226 11 4335 3586 4329 1406 4931 6989 5400 3568 6744 4432 4426 772 7946 7172 5822 185 2556 3532 5631 63 9295 2012 8323 2665 29 8940 2682 1129 1351 2061 4450 6075 28 7348 9827 7516 9898 3320 8704 5365 9013 7020 5496 7208 4 8915 3852 234 8331 219 7692 6535 7141 3549 8931 
8092 6448 232 7836 9534 4192 3955 4959 6735 4885 6057 3487 9754 8807 3472 5038 5059 8752 3085 4567 5480 5307 4373 7120 4340 9410 5759 6726 6427 7152 4697 5347 3173 6663 2246 385 1979 5885 8188 1578 5517 8392 4365 3945 2928 6720 9737 8607 9821 9612 1466 3033 1577 3686 9776 7154 6538 569 9154 6704 1827 3535 9322 6014 7230 9755 7240 4526 899 1927 3755 7544 2356 8020 7873 6335 3551 2021 6946 4395 6642 7017 8918 3208 7433 6995 5847 1218 9497 7070 6042 6074 4355 2524 2665 61 7797 3108 4853 6588 
4474 2602 7207 2061 6029 4883 8671 4540 3147 8303 2835 7848 534 2085 6225 163 86 3917 1036 9390 1039 372 2291 7676 1647 1429 6564 7427 584 9392 6647 3189 9327 6618 4178 7578 7900 8756 5746 4826 9698 6762 674 5364 48 2694 624 7929 7637 7114 1534 4610 4510 4188 9200 5851 3954 6547 1536 273 3335 7184 4192 137 3190 3177 8336 1117 7481 1538 5222 1528 1816 5720 2973 5017 4437 9221 8400 2041 5402 780 1502 7375 2081 6281 5631 5890 9544 7481 380 4803 4395 8329 8242 7700 6410 6526 7077 2951 
3317 267 5690 3756 8700 2055 1334 5163 5192 9929 6086 4736 7410 6466 5892 7214 4221 7996 8273 123 3794 8570 612 6120 1606 7120 1431 3093 592 7915 4372 4699 1135 6726 5196 243 677 2953 5679 9073 7682 3091 4697 3037 5347 2481 5939 397 6663 4224 2382 255 8185 2505 3381 151 3395 2219 5426 8529 4998 2074 815 7624 425 5034 1812 3704 8720 7891 2940 8063 4577 7894 5994 1721 8272 1777 144 9974 34 1575 5106 3971 1215 7959 7523 2475 5159 359 6855 1714 55 8135 1967 584 3985 9380 2067 3960 
8625 670 8747 5009 3246 52 9043 8537 7843 5249 4582 2592 2067 4219 5 9109 805 1016 9552 237 2178 8755 7996 678 5827 8920 2943 1674 8038 8033 8125 2825 103 8010 9034 966 9667 8451 6341 4777 7828 9991 3467 4714 7731 3054 8330 8663 1356 6907 1940 7906 9512 4478 9326 9191 1916 5432 1865 7242 2416 7677 6774 8126 345 7692 2879 6958 8280 1590 2725 7114 6043 2088 3686 5567 1682 7768 4365 3546 5817 5033 8784 3450 697 4227 3630 9559 7150 5463 3874 9638 8820 4196 5178 9874 7350 3433 9815 4340 
9428 3257 5533 5174 9432 9524 924 726 2517 3011 9050 8329 2804 624 502 8029 2556 8593 3913 4746 3217 7649 4904 8859 9230 9927 6484 7166 8056 3082 9302 5184 7855 8669 5804 9143 6275 2467 9087 2804 3804 4945 427 8913 950 2593 8386 4914 6907 4747 7421 846 9984 8659 2557 6795 6927 1129 5506 2435 2110 3061 9002 6599 5099 9035 1962 4759 1215 7387 4059 8022 217 5908 8631 4628 6200 5111 9887 4324 6083 8244 7032 1823 8522 441 5868 5054 6652 6982 7865 630 1009 343 680 7118 9055 1896 2168 3575 
1099 9967 1635 6604 4354 6141 1402 828 7285 9392 6328 927 7607 4727 5372 6839 3052 703 9613 3659 3145 2027 5910 2142 1639 6999 8148 6024 4701 6730 6061 3112 8103 9936 9191 1912 3345 5635 1761 1124 3493 9721 3452 1570 8368 4006 61 6807 5759 3639 3628 46 3380 8420 2113 5100 539 8818 3096 8688 6736 3399 8288 5293 3977 2447 8187 6201 9805 3207 6439 6404 8982 8979 2684 1426 6034 2547 8705 3551 1188 4085 5044 9359 7222 6319 3359 7175 5087 401 3854 695 4269 5705 2527 8855 2497 1886 7108 3862 
5022 1982 8783 9312 5904 7404 1928 9970 2401 4087 940 9183 8589 5664 72 4072 9692 7745 223 3092 663 7375 7981 3315 9571 4126 1297 990 7416 9811 3543 9466 5537 8812 3905 1251 6276 3618 9445 4819 9589 9989 3178 5246 7718 6822 1180 1786 3149 9252 6165 3853 5347 2406 9905 7624 2574 6939 6420 3717 9336 284 8806 2687 6215 7171 5250 4940 8511 8632 8249 8006 9531 1785 6904 8271 3723 3455 6030 7132 8039 7153 1158 2143 8842 3181 3991 9058 1070 5355 5804 604 3543 6668 2424 4664 6745 5432 7139 1493 
2082 6540 4181 8187 9065 9329 9825 6161 932 4710 6807 8324 4567 7312 4857 9547 8296 7084 8915 4991 9083 2347 1342 3041 8820 3261 8082 6452 8443 3710 4994 9797 5053 7877 2149 7622 8854 1583 8450 3417 7498 7455 8162 4509 3867 9438 7518 9114 5309 8586 634 2142 5209 8678 7485 4450 7662 846 5539 1008 8949 8501 2338 6292 1526 2329 2955 8067 9635 4697 1292 1105 2492 9628 3667 2291 705 9478 1913 7767 7089 3285 2980 1108 5320 6503 5651 2149 2325 9873 9510 3845 7918 2658 9747 1301 214 2964 4882 2334 
5118 1343 7731 853 8352 6157 8140 7533 9003 3349 346 1200 3954 8772 5425 7195 7444 2393 595 4083 4532 1869 6153 8425 710 1962 4775 6090 8471 8064 5100 7117 3570 6614 4723 5878 172 2260 2119 548 3019 8383 5525 9578 3019 6082 8322 6387 812 4485 2711 3336 1002 7413 1447 7378 2753 4114 518 4987 3303 3843 7648 4911 3577 3912 202 8104 2548 5987 2094 987 5999 2945 5042 4350 2692 5024 7417 8390 2307 5064 2356 2437 5115 8801 9739 3333 3461 2379 454 824 5566 6891 8372 7103 7254 7695 6426 4836 
3534 8059 7032 3961 9063 1523 3024 9250 4962 1669 8701 6364 499 1595 1272 9144 9027 7271 7497 8884 9200 7418 8690 3730 7166 6526 3868 4177 255 5110 3916 754 9857 5377 8788 8336 9081 5886 8767 2453 7420 3054 2004 9485 3858 8569 471 5611 1155 314 1517 2537 6906 2928 7647 4678 5737 3232 3243 8879 3079 6303 9967 1863 9842 8180 2193 9139 3487 7611 8401 5614 3717 5911 4679 8008 442 9985 4961 79 5860 4421 6292 1117 5797 4833 8560 9288 8012 5865 9077 5944 5346 4762 7868 689 5058 7989 2569 6251 
9540 7228 646 56 7317 6322 325 2969 3233 1460 5459 7700 290 7385 1783 4728 1051 1870 7557 424 6826 4058 4958 9130 4113 8405 9731 5022 224 5358 6342 3486 7679 1313 1504 1375 159 9770 2691 9491 3852 4415 7053 3379 99 1163 9635 5254 3302 1592 6539 6600 2482 137 6989 4290 6524 7104 9500 3730 7921 2853 4457 990 2841 6180 1178 8167 524 110 646 4383 6062 8030 7462 9797 1718 3703 8949 1003 1138 7439 8081 8589 6544 524 2612 2544 7846 7598 1627 9004 808 2837 4495 1395 6857 4944 309 2332 
4610 5731 4199 7952 6622 9048 4958 2442 8432 5191 6010 3372 1705 643 8458 9507 5585 3858 7032 9416 9328 4955 6908 4999 7372 7306 79 6359 4857 153 9895 4450 2351 3147 3546 1493 5246 4830 7851 6236 1219 9620 2531 9835 5412 9899 6647 229 5826 9763 5704 7610 7439 5024 2050 8084 8885 9487 7925 6709 4188 5497 8059 3626 1375 6951 8881 1989 3302 9756 7125 4206 6630 8349 3020 8933 4502 1693 3983 5541 5061 7718 5676 9399 5320 5414 1512 2925 4856 5233 7292 2655 2971 2287 5548 415 1551 7289 3998 7169 