1293 377 1548 6448 465 5964 7404 5226 3822 8858 4567 2686 1020 172 1208 2169 426 6825 713 5316 8458 4536 3658 5938 5325 4420 8595 6600 6158 1687 424 3908 5862 3309 5903 259 2730 7942 3741 3449 8759 8495 9443 3684 5751 1131 8365 4745 9495 5932 545 2537 8964 4474 6776 5081 1698 1846 4395 286 5663 5110 4729 4493 6659 7743 2157 4194 9214 7489 6807 4471 5998 1323 2868 5877 6449 58 2699 2209 3419 8860 1366 5678 4287 7551 3885 9332 2086 279 8361 8158 4230 4958 3495 357 2070 785 7098 9694 
741 4768 6854 8853 3068 6607 3913 307 708 6183 3753 628 6385 3743 5100 5106 4518 4779 5086 6127 5794 8428 6535 4108 4431 9402 8800 4494 5053 9593 5180 7763 8826 6412 3207 9820 4566 7197 346 3332 7826 5325 3414 4235 7441 7688 2832 4670 7153 9118 7057 5498 142 2322 1603 424 8502 9804 4143 3309 6532 7356 6380 9782 8398 3741 4436 3449 8759 8495 187 3587 3684 1131 9157 9495 618 8319 227 2537 1638 8964 9539 5081 7822 6411 1803 7380 6117 6920 4108 1830 5793 6686 8016 7890 485 5193 6371 3594 
5507 1080 6317 1182 6526 1108 7402 8443 24 8811 548 2715 4428 4191 6616 6935 4056 6863 6858 4684 990 8335 4094 8898 7971 3821 5303 5416 9965 5793 3556 8228 3329 8727 4421 7263 2013 9363 6207 4222 6704 6460 6612 9941 6614 2583 9938 3995 4099 8023 5296 4191 9907 4782 6272 6439 2478 9827 7530 2680 8928 5556 8508 3559 4258 2305 448 4162 4189 8660 5261 3200 7793 2654 8729 4581 3073 7953 3809 9211 1263 6105 8427 2182 8394 752 206 1864 3334 7049 8069 446 2532 8757 3838 3325 2647 6428 8738 9163 
9306 6673 7456 9173 870 2191 6747 7249 2725 4388 4430 927 6629 4819 2551 8294 9378 7260 8538 5998 7461 9146 4257 3508 7847 9615 5285 1550 7829 3552 4926 5363 1617 8822 2356 6684 9931 5544 6344 6654 3739 5541 2066 2765 6284 7160 9845 8565 5636 6895 9597 8327 8993 4058 8194 9408 6196 7986 9421 7574 143 6697 3637 4900 5661 4481 4521 9503 2385 4770 3878 4411 7757 433 7358 4393 8839 7719 5499 7951 1008 1541 1376 3084 2477 517 5673 2441 6512 2011 1243 6814 2218 4671 6907 5815 6800 660 9705 6086 
5901 5134 4811 6731 2609 8347 439 6021 4291 3854 7747 1237 2459 7348 1022 6328 6095 7852 3200 894 5967 1984 8616 6174 4390 6395 5015 1110 976 3067 2072 8269 1440 6136 8800 4794 6608 8751 4396 9961 4465 4655 9687 7534 746 3889 505 2457 5085 7946 7237 2711 9838 6812 905 3983 4488 6863 8750 7807 4059 3098 8069 3630 2346 7879 1063 4708 3257 6909 5542 2651 7610 2456 5173 1645 792 4253 4083 4548 4091 4148 8254 3735 4464 5032 3023 2863 4388 9690 190 9231 7137 1058 9184 8311 2441 9695 8474 7432 
1456 1039 6076 2633 6000 2948 6371 3635 1680 2981 1764 1763 1082 5226 5603 1658 8193 2903 3059 2248 6554 2715 6271 6471 8360 8522 7933 6858 440 5029 5518 8631 2514 447 6086 6023 2488 5560 6652 3317 2858 6590 9640 1805 5202 2222 9533 695 4365 9658 5481 8857 9310 8685 4348 4003 5649 4021 6980 1797 5721 7163 4554 4556 8040 2994 5324 8877 6937 3973 1361 6893 3549 87 2296 6965 6400 3301 8650 8986 9423 1494 8552 6657 4173 436 5472 2 3296 6377 1625 1853 2497 9404 1719 3851 5647 8553 1098 5750 
8821 7757 6140 1932 5929 1578 6875 3513 7622 5322 2455 7856 3083 9976 9595 660 1877 7546 1878 2079 7466 1920 8327 1684 5106 8843 2218 6590 8940 500 6593 2488 4309 5576 7411 9553 5395 1238 9513 6704 9941 5517 2583 5296 5851 7873 7978 3983 7646 2854 4492 4730 9646 119 7072 1817 1568 9204 4273 4466 3390 4125 9130 8251 7984 9029 7040 9546 2111 3118 7464 2043 9316 6495 6861 5788 7337 5709 3873 4936 6199 3559 8595 6526 5840 4586 720 3572 2900 3579 1835 7533 6712 879 9381 2230 3681 4730 9143 825 
7265 1578 9468 2728 3997 7952 3719 8835 2996 2311 4041 1377 5795 8059 2691 4416 8144 455 6853 2211 4561 28 2175 5399 2519 5856 2501 7874 4045 2979 2295 9342 556 8872 177 4513 1956 6182 3371 2920 1878 263 2648 9581 7046 7865 228 1334 1621 4961 6624 6417 4001 7735 1861 3369 8901 568 7889 6502 1339 3548 5085 8385 3196 8439 2641 1888 1061 2923 1581 9843 2032 5804 8108 192 9643 2187 5044 8603 8787 9153 9070 3861 8096 3608 5882 4418 1284 6498 9005 4967 5880 3661 8424 7344 7816 50 7515 9905 
6212 2241 6653 2658 1323 104 2732 921 5306 4130 2875 154 6682 9649 1284 6771 7254 836 9841 8241 8841 3368 4819 7614 213 9398 3004 7040 608 5197 3092 1309 1860 3191 8940 7403 4111 5625 6625 1630 5876 4229 5788 1587 7607 6082 4854 8561 3368 2969 7394 9825 2930 3669 4259 5322 8000 8066 1595 4930 8285 202 1124 9523 3601 3413 554 7246 7017 9023 9515 8704 9950 6856 6136 4189 8715 7948 6904 8778 4158 458 3395 3638 9890 2457 3015 4468 391 3520 1051 9756 1371 5963 9229 1457 9142 7894 6913 3312 
4599 3209 5205 7539 4372 4475 3181 5125 1398 2458 8334 2928 5980 9418 4463 7885 2216 3150 8956 690 3976 880 9604 3670 9534 2011 9412 5381 1782 3308 5085 6856 1401 4560 4023 4739 9541 2549 6719 6598 7631 4154 8993 1211 8056 6437 9759 6074 8538 7439 4038 2216 9748 8791 2213 9107 7833 3064 3569 5455 5235 8545 8737 4406 3909 6389 2544 8499 4986 1893 5119 1831 4278 3781 5428 6202 4069 3805 4247 8196 3312 8458 5020 7806 9613 4752 6595 8277 8643 4424 1879 9307 7572 2367 9276 2773 7871 2378 1199 2728 
3656 2620 8158 8112 2069 2117 3338 4493 625 8781 7933 3951 1531 8851 2866 3830 7334 8978 9573 8510 5998 7421 8434 3502 7537 8474 3393 2141 4238 6943 8216 4863 2766 9712 6627 6411 659 9507 6170 8085 824 3112 525 3846 3024 6854 1535 7773 2141 3988 9046 1470 3168 4206 8052 432 7280 1283 1271 3582 8360 7638 6166 7285 9242 9396 6945 993 7704 3923 4715 5263 935 1753 9138 8280 5401 9851 5840 3833 3113 4560 163 6890 1407 445 7863 4657 1130 3378 6226 4995 8451 1962 1443 1203 6284 4506 6181 6761 
3331 326 1736 8515 6566 768 7364 2935 3360 7199 8522 2186 1225 8089 6379 7113 1191 2787 6324 5425 6630 1385 625 2771 5661 2742 7403 855 8234 8600 9456 9434 1345 7429 8115 9209 9495 2296 1244 1032 2453 6125 1304 6962 8770 3201 510 7300 8262 6945 7507 6914 1431 9177 9417 5869 9140 3606 850 3508 253 5361 3411 9393 4343 5022 8374 1419 559 5322 7316 6082 7288 699 6592 8788 3546 1024 9052 4602 4487 2374 459 2933 4927 1789 3638 5073 2457 3015 3985 6285 8093 3328 222 3094 5109 8723 2748 1751 
4618 1370 6698 9344 865 7975 1541 9549 6689 6106 7424 1759 3794 9490 9015 1925 3013 1670 5249 6779 771 9048 3493 9769 2146 3356 1923 3374 1849 3329 3968 3471 6625 5740 2927 3403 3777 7350 2851 4556 1080 2955 444 3217 869 8660 5014 8204 9473 5063 4273 377 8147 5777 3981 8796 8340 9824 5846 4836 4483 2339 6510 7275 9346 1160 8675 2915 7144 5243 7827 3578 3293 1164 1961 2358 1551 7009 2521 370 4815 4765 1709 6711 1615 4054 5764 7342 9590 8131 7676 8417 6932 6284 9628 3425 3015 4796 3105 4511 
6994 4406 8734 3342 5904 9189 2784 4169 2903 3661 3059 839 3425 4428 6948 6024 440 990 5029 8781 5222 3770 731 635 2615 1695 5511 6057 6883 7792 2661 3072 8162 884 5784 8749 1681 9412 5958 2766 4701 2536 4511 1476 6900 3978 8108 8123 8649 1880 1273 4346 8821 4002 5230 3353 7417 8149 9421 9402 4575 4953 8728 7645 4078 6487 7154 8764 692 3526 4125 1538 3943 2438 9337 9767 4090 3836 1244 4046 4139 1671 932 9845 647 2075 5185 2021 3135 6139 4391 5531 7202 7270 8140 7743 5783 7140 3398 8418 
8807 9202 9943 1447 4762 9091 8901 8763 7242 4382 8822 9019 1192 8951 6518 4318 9 9761 8536 1712 4006 1968 9551 1293 2801 6268 1305 6540 8208 5540 4870 2413 2451 2702 6780 3907 9539 764 8505 6170 3252 4322 1164 1503 2453 1867 6684 2252 6313 5318 3932 527 1476 9853 347 7042 4647 8856 7514 1782 7432 1269 4970 5473 7757 4505 6368 2206 9869 1606 2175 2799 980 7714 8406 7126 2676 5760 939 2509 3286 3295 8984 6233 7598 3090 216 7250 4578 7032 7952 4134 3396 9351 2080 2581 5128 2379 2244 5571 
6896 517 6672 2076 5520 1849 4700 8601 8817 5615 543 3550 4656 8040 2702 1557 3189 8027 426 83 3425 4964 1394 8514 7028 343 1489 7764 4234 9321 1728 3276 8862 9842 1741 8369 9355 7825 6442 7158 3365 4841 8124 6532 4496 1822 4036 3998 9995 7527 6419 1344 9110 721 5618 3168 5142 3746 1959 6571 8229 682 9400 6979 6931 6690 3506 488 1109 4091 4467 6244 3951 5749 7598 5640 2324 5830 3057 6275 6284 7297 6899 1802 4939 1251 8555 2818 7974 8454 7217 3031 652 3263 2821 7114 9130 5669 8300 5358 
5201 8232 5236 6030 5203 9329 3534 4065 3595 4357 3132 5701 727 3897 7432 441 6439 34 7148 7538 1883 1256 961 9658 9897 3279 1809 1472 6005 5776 4650 7932 3035 1956 4318 6561 3203 1014 9279 5233 1570 4504 7591 5956 5704 7494 8299 4028 751 5822 6114 4362 9091 3455 8347 6794 8256 3075 3654 7500 9679 9135 3282 8228 9216 9350 640 6490 4419 1432 7355 731 2591 8714 8064 3430 7104 8006 8207 2221 248 6851 7851 2283 2859 4474 7224 8676 5705 7482 54 7196 587 4790 6621 4411 9440 4109 3479 9685 
6550 1576 3722 2067 8614 9470 4699 7767 8250 910 7608 936 5314 9895 9767 7436 6644 7685 4723 999 3422 4399 3402 3659 4537 2875 3483 4309 1821 9714 2719 5453 7752 3451 9356 2689 4534 7055 4269 992 7865 1377 6065 3748 72 6300 6612 1827 4758 1106 5715 4150 4592 3670 5828 8215 8236 2491 8119 2461 3535 8191 5639 5474 6546 498 1098 7254 5487 6799 12 6037 4888 5961 4691 3879 6890 2405 3849 6416 2023 8276 280 2109 2685 3162 7712 8099 3069 166 2163 9093 7468 2712 3126 9789 1134 2053 3559 8566 
5175 7455 4668 5802 1106 2405 2051 2670 9014 9287 5021 6277 1088 3437 3144 3288 2223 2905 8646 2749 1753 8192 9519 843 3172 781 9540 1070 2668 5871 824 5989 3649 4374 5719 778 3741 3710 5657 8830 7289 8951 6493 8453 6089 2344 2402 6167 6944 4439 516 7992 6858 5283 1518 4225 8001 1324 5270 8000 3678 5994 5484 7120 864 7830 4917 2635 3054 7937 7331 4764 9911 3032 4026 1277 1918 5503 3789 6335 101 1380 1981 1608 6258 8379 6841 3716 5180 914 2961 2132 2025 1610 164 264 8103 715 8699 1977 
6482 3904 5343 7687 6553 665 4828 9329 2295 7861 1838 1866 7210 3924 4228 1589 6417 9660 3160 4664 9616 681 1552 1005 5743 6378 2771 3958 445 9745 5225 5194 9676 1518 6360 9132 8867 435 1078 9344 4297 4049 3781 2004 7425 3299 1254 963 8976 9741 3076 5250 4050 5967 6054 458 3015 2945 4879 5133 5675 4716 9566 447 7614 6518 2793 9743 3350 149 7747 86 2665 5039 4094 6484 5297 5446 3817 4578 2295 9176 9385 5261 9875 7444 220 4961 9984 4724 6374 9670 9882 5035 553 2534 6846 1796 2621 3790 
8672 3124 9058 7307 5015 6449 9087 3419 7156 4287 6543 2818 3133 9843 8786 1374 2601 8910 8119 9642 905 2280 4692 239 3891 9084 3676 6452 2810 8756 6123 1978 9417 6516 2673 2702 5592 9391 7367 602 1419 9578 951 6316 8027 2392 3351 9822 6457 1442 7557 6442 9249 9805 6860 6310 3997 8567 1960 54 1880 8398 4956 8186 5398 8415 7644 9730 6853 6560 5849 2803 8723 8648 5501 9357 216 3096 3352 3227 646 4070 6888 1354 4709 4994 1514 3029 7291 773 8157 3750 3152 8414 4098 907 4767 3201 9886 9796 
8529 1405 4606 4257 1478 5422 5633 4310 4177 919 6386 3317 5858 9422 5390 7691 3211 3024 5966 6962 9642 7450 4627 7839 9777 8306 1596 4953 5873 8982 9342 5576 9809 6181 8181 9715 4563 1128 7894 7588 140 5093 1797 4878 2348 6766 1329 3481 6334 575 4033 1525 3433 5178 6324 7071 8094 8132 4123 8783 8036 4229 6775 7367 8897 9347 3600 3815 8471 1899 5016 4076 1773 3494 7519 214 5120 4532 6714 1810 3437 2105 2973 4746 9739 8573 8664 8513 3547 350 7729 9267 3209 69 5792 4686 7634 8155 1185 4112 
903 3356 1923 8360 7937 874 4418 3702 2504 7546 3492 7478 4023 5114 1429 5986 6987 876 6524 6330 2727 222 3619 2924 9961 972 9411 4949 7196 1891 7490 441 5619 6637 721 3719 3736 9759 4585 881 8940 7845 798 270 8298 6403 2085 9194 5888 7745 2963 3931 5185 9129 4031 5995 9641 5296 5609 4780 8028 3588 4320 2028 9066 8708 5869 684 4541 3724 9328 1797 6257 5716 3873 4100 2250 5873 4907 1164 774 1976 2603 1415 498 4296 5772 1422 9945 3178 2629 1046 3669 1316 7603 4084 5800 7747 9346 6258 
5049 5252 3063 1724 6217 547 5020 5318 5833 3289 7175 9745 7119 5173 6331 8110 794 4433 6535 288 7463 7189 1927 4010 641 5802 7421 51 1677 465 3352 5908 1654 8266 8134 8641 6585 581 1358 6337 9492 8541 6708 5515 7108 9908 1537 7203 629 6084 2629 5204 5746 9198 4068 7511 543 8450 7431 2636 7300 7209 470 3285 9429 6754 7297 6250 8839 2694 1175 4352 9838 304 8335 4401 6564 2043 1771 4408 821 6393 7547 8583 4507 6361 7264 2290 1488 5005 1560 5505 3380 6493 1133 9179 6078 1593 518 5682 
4150 5021 6878 5621 1467 9288 1298 730 8194 5871 3842 5185 9807 34 4620 3524 2988 9135 586 1853 3251 2385 5297 490 9016 1659 7289 6243 4711 2850 9355 7466 8372 7596 3588 9585 8038 3706 1420 8595 5578 1152 2159 6112 1475 1638 4664 7301 8788 3811 9052 4602 2374 459 2231 5899 3638 962 1058 4517 7001 8962 8854 1105 908 372 5260 5646 2160 7787 6515 4649 4518 231 2425 3283 6197 4789 7875 5853 4940 4705 8050 6123 9417 2004 1272 4504 9861 1405 4606 4927 2679 8277 238 8361 5569 7315 4444 6611 
8722 1489 9198 1549 7560 357 2524 7822 7660 5095 6587 7613 3359 5054 562 1141 5399 1441 7773 1098 5750 7814 2144 215 4229 2022 8345 4648 4692 5432 9598 6817 5528 4205 236 3455 6772 4417 8540 6375 3716 9513 6605 3044 2712 5705 9389 4175 1741 6620 6670 6699 9110 8499 9409 6592 5455 3468 4394 460 7466 2786 1873 7686 9288 5991 7903 9784 871 5161 6758 2243 3424 597 1313 245 3839 530 3615 9023 1744 903 8925 2043 2818 6515 5505 3380 3698 1133 9179 3220 2794 7982 9425 6233 4663 518 5682 4150 
5021 8037 6878 5621 181 141 1815 9288 410 4961 1298 6555 8832 4937 7073 7624 6972 8126 1824 5143 9861 760 9098 3280 4045 8215 7829 5860 6712 2622 8920 1674 8229 5156 1654 5952 2128 8541 305 6801 5573 6518 1939 4149 6371 7125 9651 3644 5341 3833 5856 545 4830 4469 8571 4688 6800 6301 6196 4807 2253 1334 149 4609 7852 8440 4233 8353 6956 7952 4617 2959 7948 3144 3690 8634 2680 2261 2960 3720 1862 9745 2536 7119 9430 4227 4343 3914 999 6608 135 9370 4204 4555 7645 2395 9893 5070 7244 1224 
8044 3166 2060 6859 2101 9202 1002 4764 9621 7571 138 3514 3280 5400 5498 8282 5308 891 9979 889 1683 4061 8679 5118 433 46 5214 131 9213 3205 9637 5325 6008 1039 1432 8217 1938 9333 2460 4941 8376 2367 6772 869 4927 8995 934 3974 4147 6434 3682 8797 6255 5947 3928 5797 2630 2526 8978 1727 6164 1512 6581 257 3219 7870 3124 9602 6048 8422 9960 4926 5282 7078 8611 2316 1082 4102 4146 9409 2444 6224 3131 1323 4270 8540 9207 7121 9675 9176 3811 6362 8632 4740 3872 6129 7196 2246 670 1625 
6288 8998 6386 5999 8429 8884 4742 3377 2313 9182 9953 3489 5533 8546 3329 7085 4002 6347 9804 6157 1199 1787 6046 257 6592 9101 6361 7867 5135 4918 3366 9043 3097 4380 9323 1479 1737 6779 656 7017 1237 7887 7498 5644 9286 8841 2389 6316 484 9229 1429 5944 6411 3650 7546 4580 943 1191 793 3697 4528 7380 5416 3478 6725 2201 5874 1512 2562 4156 9647 7096 7145 8508 3925 7404 2184 9644 1429 5783 4246 5099 6518 9255 2026 771 9395 5627 7480 5053 1112 9713 3984 888 7951 1218 474 6108 8248 2357 
2649 5981 137 938 8817 36 9710 510 879 4516 3072 3442 3191 1874 399 6032 221 551 9895 5740 1337 7447 2095 2976 9082 2614 2499 7904 4995 7661 1342 8346 193 7477 3317 8350 2834 6754 1508 6380 662 1310 1960 499 1737 9381 4368 967 1175 7488 4228 7339 5866 4757 7366 9528 8419 8691 9412 5232 5145 773 919 1659 9486 1041 5603 6317 5219 9555 3134 5179 9217 0 732 1906 5211 6567 3320 8025 4316 5421 3595 5241 77 4856 4765 194 2567 3207 1169 3245 7191 1074 3024 1225 876 7523 3048 5683 
1828 2595 9531 6192 6661 1603 4911 2170 4371 9026 7536 9416 1971 9691 1792 7792 3947 627 9478 4709 8598 2126 7650 7625 2872 4667 9505 227 9487 7183 5715 5472 7772 5837 1430 6991 2959 142 5563 8094 3390 5325 5185 9447 4260 5188 5477 8915 4107 9851 6784 8853 1437 9106 7297 481 7350 1252 3567 8035 4299 2370 270 8925 634 6146 1330 235 6742 8236 647 7716 6750 2232 7968 4719 8023 2527 1400 6518 1958 9147 80 1284 9310 2581 1304 7622 1109 257 9249 1676 3051 1434 5373 3664 8604 2583 787 4969 
8454 5129 8343 8858 1057 9420 901 402 6172 1071 7383 1897 310 3178 1148 8935 1415 933 2366 8760 3526 4719 2721 7833 3447 3555 5126 503 9559 3113 4780 8280 1055 9801 714 8483 8612 8773 8503 4106 2168 7404 7735 9433 6963 6861 7983 8415 7894 3578 542 7369 3140 3469 1538 1298 7926 5871 8507 3742 6684 4084 6835 2364 555 1858 3321 3228 2871 8382 8782 8300 5175 335 793 9306 6159 8450 3856 2523 500 955 4183 6068 282 5872 7602 8431 495 1946 2626 6154 9286 7494 7585 5741 1517 5816 9981 5827 
1978 5447 2412 4374 4757 4525 9287 5393 5829 535 2865 5115 2080 2213 9310 4522 9833 6550 1637 6529 1487 1600 1290 6043 6426 2340 1036 874 8114 1917 8967 7977 6848 8204 600 332 8666 6052 2091 5497 3543 3323 7584 2860 5063 6640 5376 1801 5970 1886 9779 1296 8991 6047 4019 893 154 5169 7106 3889 4362 2043 6798 3251 8538 286 1905 5649 3930 3778 7410 3381 282 4298 90 9572 5586 7763 9626 6960 2385 4459 4761 9307 3619 9555 6264 5594 3750 2661 5651 6015 2220 3897 7820 8200 2767 4029 8429 7239 
4108 6807 6265 6247 8897 2190 9454 1534 26 9278 7368 3508 395 5285 6861 8142 7022 2748 1799 2205 3347 3004 6802 8433 4597 3781 5596 1087 5484 522 8616 9848 7287 1805 9645 3051 5337 3024 5095 1087 2352 3201 510 8262 1837 8851 2869 6801 4938 2507 2099 7470 519 1728 8775 9900 8090 1312 4162 8825 403 7020 1169 2217 4523 6363 208 5963 1233 1733 3214 1159 1795 4646 2342 6392 551 35 1959 2640 5417 6047 8540 7734 5370 6825 5214 3169 8918 888 5230 71 7870 9593 8024 3167 2175 2624 4117 4212 