4556 703 7650 1793 3625 640 8508 9808 3832 8846 6998 3930 3743 7384 2256 9080 2349 2021 3182 1022 7464 1016 9025 9352 3862 2888 8565 9932 17 6130 2831 5933 2214 1037 5638 9245 5570 6012 2029 4545 2247 1821 7515 502 8287 38 9397 3249 530 8518 1227 2635 5832 8943 676 5652 467 1311 5639 1690 2313 2731 2900 6406 7 3816 5789 1442 2125 9964 7647 6837 3014 9745 9715 9993 5284 8998 571 6661 2758 2337 9539 6729 5914 6418 5766 9552 5757 9923 2242 4630 8718 2755 9847 3846 5149 7603 1435 1348 
1397 7321 2543 533 5373 1673 8313 4558 4731 8021 6376 4699 9396 3901 2737 7943 9786 954 6723 7712 3296 2000 3951 1157 4654 3317 7744 5433 3372 294 6775 3810 9270 9259 4855 2540 4906 2445 53 4245 6265 6181 9114 1806 8565 169 2000 8630 8252 1455 6286 900 286 3453 4198 8207 6076 8228 8373 3416 8831 6975 9851 391 6309 3024 5793 8161 9539 4121 6409 7210 8327 68 1861 5010 3690 9335 3586 8099 5428 170 7359 5970 8785 8738 2945 8967 330 879 4481 4139 3788 6035 2674 3485 1893 720 8989 3669 
4947 6796 2691 4677 9855 5406 8290 2964 9672 867 3118 6744 1901 9061 8829 7138 9403 7786 4446 1911 7845 2484 3489 4236 1075 4162 9929 8929 4832 9169 827 1484 3192 361 9132 3850 7632 9745 7007 5838 1074 2299 5601 5489 6162 6810 5976 9600 5696 9669 8320 8425 8237 7465 2288 4039 9076 3241 900 4857 864 1493 1045 2578 9835 9467 9599 7445 6370 6748 3699 9046 9008 2595 3851 1172 6249 7680 2200 5997 2215 1053 2232 74 861 924 7157 3784 1122 1095 128 8276 8972 1896 2338 3997 7119 7446 6516 2485 
5288 8754 7636 9464 3026 8155 6884 4925 6217 7449 2585 698 8302 4734 7024 4482 9421 4376 6656 1820 4019 2019 4093 8005 6940 9017 1387 8836 6396 6598 8402 1531 7160 661 416 4183 9158 1200 5444 9799 4835 8348 3362 8146 6223 167 6076 2424 2965 6448 4203 1776 9385 4940 289 5456 5289 868 9321 7372 8188 1204 1750 6018 7642 1377 5044 5770 2318 4394 6970 431 7924 6979 7867 8215 5912 5316 5345 5068 8098 5068 509 6229 2224 1626 3832 8488 6413 1450 3673 6201 5075 6526 4335 6645 9387 1441 91 1366 
357 22 2436 940 5307 7725 847 9850 9474 840 7686 546 5134 6208 2830 4228 6801 7699 4888 6313 7225 9657 8775 1539 3097 3486 5328 3702 3973 3077 3785 2573 6567 9753 9650 6965 6686 1988 2281 5633 5578 4415 3543 683 4117 804 719 8898 8615 5975 6546 8039 737 4966 4984 6240 9981 4949 6431 5572 8614 8755 1948 5762 747 2348 2321 5630 9597 4960 9329 3610 2038 533 1164 38 6205 2071 2161 329 6570 8756 340 9438 6134 55 7282 8394 3287 1460 6657 4708 9383 6088 3243 7981 4423 3126 904 2942 
4751 3756 4231 3054 1823 8590 8660 1556 6632 5718 5438 9615 8939 3427 4528 3207 7796 6161 6937 9251 5099 5504 1371 7057 9829 6213 3447 9278 8368 3234 5522 3158 1100 5526 5963 9409 9884 388 8551 6382 1404 970 5780 621 928 7086 1131 4875 3380 1748 7673 6338 6016 8117 1297 8981 6327 2110 3326 8719 6819 7281 6621 1686 2560 3929 9527 9684 3833 1315 3467 286 1132 3162 8646 7004 188 118 8670 9674 7312 6400 7229 3798 931 5393 5072 2320 4602 7089 2272 980 6599 839 6569 5571 8418 738 3964 2476 
1187 1310 916 4703 5448 8938 9680 4100 2074 1413 626 6333 4935 6728 6133 4231 4446 6114 7985 6061 8048 2029 1314 6856 893 9714 4426 7359 7571 6210 7428 7709 4216 2351 6433 5369 3201 5217 249 8663 1751 5021 5482 65 6297 8071 1079 9656 426 1141 2150 4231 6762 5636 3968 3707 1145 6543 1205 2121 8129 8556 5118 279 2167 2906 351 8006 7758 5305 4550 7655 5059 2283 4060 2265 9434 888 1005 7709 9856 9160 758 6815 7577 2943 8783 2636 7201 1672 7964 3722 6547 5990 4983 277 7840 33 2588 9966 
944 6253 4945 2629 7340 1820 8852 5475 914 2264 7036 3901 7673 3290 5011 5502 5217 790 4607 1686 5074 914 6622 2930 5742 6211 725 5514 7471 1627 2809 3836 6436 9626 4236 6519 9863 1807 4638 7762 3182 3975 1605 3583 7210 3157 2201 9990 9309 4420 4996 1831 1015 7129 8811 7846 5065 9520 4782 3778 5343 4055 8770 2547 7235 9543 3344 7950 3355 8231 8539 8104 3650 1159 4540 2723 7270 2392 3124 7115 6366 9788 500 5080 2319 1161 9927 753 1645 5022 5230 1673 1297 3396 2690 2908 7395 2351 95 9748 
3581 4730 4103 6794 8748 3186 985 1875 2520 9822 1906 8197 5757 3222 8577 7231 9890 3550 817 6124 3845 7047 6554 2680 5427 6394 4579 9470 4243 5803 8075 361 9651 8892 7225 8519 5311 5597 3060 2541 6459 9624 9140 6425 5052 6209 9171 1017 7141 3982 1384 409 6137 5788 4704 4348 9575 4640 1508 6835 920 8581 9905 7379 5882 5034 2091 956 6576 8684 2265 7344 2821 3515 8468 33 6422 7232 4875 8068 8685 2382 6461 841 142 548 3662 5265 1089 1408 3733 4091 6076 8604 5358 2051 9370 6997 3740 5022 
9752 3487 7732 2349 9801 4008 7357 6743 6732 2032 7632 298 1341 269 5116 3944 1518 4376 2608 1702 6264 1069 4689 1183 2088 4884 7459 6742 5249 7975 3265 8853 7035 8262 5971 565 8120 7070 4400 8096 7894 9798 6471 1676 8564 8965 6550 7418 7716 1242 4642 5372 2030 8578 8192 8024 9469 7395 9143 2588 6997 5558 8203 1195 9680 2297 5 5401 919 256 903 4289 5629 21 1874 9614 2419 1230 3853 5216 7837 6579 3817 7234 3970 848 8628 3313 2866 8636 9952 4007 9045 5597 1761 5141 8884 4202 1045 2329 
4522 5874 3108 2467 1221 9265 2878 4875 1054 7930 1678 5695 6906 8443 6823 1378 298 6180 3512 7091 2550 3490 2923 9643 5079 1555 1266 2286 7689 8770 1658 6853 9109 9217 9696 4188 1882 3388 7644 2491 9891 1003 2161 6958 6198 1446 9983 3211 2064 8658 9240 3788 6035 1206 527 8250 2656 9616 4341 454 8714 6542 7134 1791 4425 4184 6505 2002 7754 9330 763 4649 9588 4105 7933 4451 2668 8800 9677 6165 127 9258 205 8411 5288 2749 6361 151 4169 8869 7880 6734 3921 4828 5809 2383 8303 9151 1398 5636 
657 2209 1425 9915 775 7985 9915 8684 763 7466 586 6355 6160 6040 9204 4843 9076 2020 5860 8056 4617 8366 1785 3365 6017 1959 775 7985 9915 763 6355 7057 3483 6699 8678 6160 8359 6040 9204 4843 9076 2020 5860 8056 4617 8366 8695 163 3186 2849 6836 9190 1664 846 4913 6917 3764 7561 8243 2380 8713 449 4033 3456 4876 300 5967 2035 652 2903 86 2821 686 64 9633 4966 1127 9313 3307 1745 5688 3213 4413 9634 105 9759 915 6887 9153 8246 8629 8498 1666 8861 8620 6246 90 43 1916 9160 
8415 8782 8420 2471 6917 4280 8632 4082 6193 8562 7145 4975 5395 7361 8458 5288 8203 7783 1898 1644 2912 7977 1721 9853 6756 7455 7411 2010 201 4336 5936 3376 2139 4800 2571 8361 9353 9184 5677 2864 6974 5417 2071 3236 7085 2086 947 5345 8466 3809 9627 781 4617 7881 140 623 7502 9212 6474 8581 7800 9901 7568 772 7130 9646 5970 6814 643 8645 8189 5483 5965 1937 5602 4229 5102 2209 863 9285 492 3856 4094 1429 9900 3719 7718 7877 8186 7471 7525 7747 195 2383 1116 9231 460 4610 302 2624 
8201 4232 4062 6257 906 8815 6570 5713 5983 189 1986 1741 5662 2563 1124 5276 5526 4054 7504 408 4416 6972 8394 7669 6717 2123 5932 2256 7250 4664 7733 7290 4894 8055 6735 508 7044 3950 366 8098 8311 7736 4698 2073 1924 8979 7045 4489 2533 3428 2383 8415 9687 5894 2696 7274 7146 5132 6116 4091 5295 9624 3008 6807 2313 8109 3554 3064 702 6388 3855 6595 6174 7547 6524 2332 6691 6841 2844 1177 5139 8367 3788 4019 7574 3179 3866 1869 3545 8170 1174 6989 1042 1452 275 5175 2215 5224 7665 765 
6460 9518 6368 9917 4359 6620 4703 8496 47 1906 9968 1404 8411 1815 2091 6417 4083 6659 1874 4666 4818 2057 6751 2440 4322 5391 4076 3137 5291 109 6981 5345 9587 6841 4953 6229 2224 3625 6501 6957 7101 4387 2620 7433 4785 8878 3303 5096 3193 6721 4335 7837 8991 9387 431 9097 5618 9281 639 7066 5694 7091 9869 1441 9387 7433 1626 3832 1785 107 2439 5738 6382 9658 7117 9000 1669 3355 7148 1428 1763 2208 2513 218 1394 6980 5201 3310 4688 5989 1260 6096 9157 5042 4224 2179 8120 3475 9761 7101 
6566 9715 39 1086 2415 7120 5841 2606 7670 8822 7167 8285 9508 7560 7274 393 5367 404 1543 9590 2979 9746 6150 9057 4453 5321 6796 238 2484 8134 2412 4460 884 6645 5300 9751 1398 4125 1312 7160 8447 4837 221 4852 806 7956 1066 7545 7320 1603 2270 6168 2099 5571 2320 423 2539 5688 5977 1484 6656 6860 5137 2783 5240 9912 1023 8869 6177 3182 1780 8799 4970 9920 1075 327 8929 1364 44 9851 731 3268 1539 3346 5018 4947 4858 2805 1622 8264 5509 4564 3095 3994 7175 5681 5552 2577 1382 8105 
4792 6017 2168 4036 4316 9093 3396 462 5600 680 7994 2585 5734 5611 6728 1669 9185 3446 3190 8673 4358 5556 9276 5371 1241 9046 1671 230 2285 3831 83 532 5955 9322 332 2065 9173 6460 4029 2253 8130 6323 7107 9091 9993 5861 3881 3563 8264 9029 6834 6553 8936 6039 1600 2034 9299 4670 337 8601 5504 8874 8428 8856 9988 4812 7581 9519 2004 1432 9136 708 3383 4182 5501 3083 8681 3954 132 9071 2615 4559 4359 7535 7169 9328 2118 5556 8945 9667 3904 3454 9476 1564 8143 6081 1379 6962 7398 4768 
677 3391 6705 9790 6390 7915 1511 1407 120 2353 4135 1304 3875 9512 8943 7586 8602 5107 1078 6240 2455 2810 5373 6513 8807 6839 748 7126 2785 8183 2186 9421 5279 7358 9439 5814 2595 339 2980 727 2849 9133 5693 6491 9726 5734 6766 8450 1617 3608 7362 640 6083 8458 5723 4536 9895 4992 239 7346 222 7519 9375 9102 6881 5491 4908 7546 2304 423 9808 4247 8196 3312 8458 5020 1588 2846 6595 665 2082 7647 3112 4313 4438 8460 6441 3396 7951 961 3552 1362 8185 6980 8318 9346 1637 1641 6453 9900 
3753 9659 7311 8669 7583 8331 9100 2560 117 8061 2707 4324 7978 3983 7593 3151 1214 734 250 3681 1954 7052 4730 4570 9143 825 7265 1490 9468 6350 5843 1972 7142 3047 5815 6429 9277 7221 6272 8303 7879 6449 4922 7331 8357 4991 8171 2894 3228 5017 6400 6911 4790 5213 4161 4045 1717 7233 1773 7838 9830 9403 9712 6848 9209 9247 5459 1782 6834 4560 3068 3753 6165 9064 6123 3251 8010 1281 2566 4881 488 3571 6834 3236 8539 7855 2781 1275 1654 6799 701 741 474 6086 4143 3365 7671 1580 3109 2339 
4714 5157 2776 4695 2854 3507 7125 224 2317 3938 762 1046 1500 7645 6480 7168 6795 9048 3347 3465 5186 9090 2768 6873 5595 5926 3379 8821 4778 490 8970 7399 4038 3519 9102 5311 8680 2648 9506 731 1289 3331 5863 5983 4954 1454 3126 3872 8607 7340 582 5164 8172 5469 7684 7763 5838 9471 7293 5855 2246 8111 2426 8813 8583 6672 3748 1216 2512 2977 8901 4470 740 7735 1622 7206 5267 2490 3649 7126 7784 8103 2247 1060 4330 455 1879 5237 6925 1948 3794 7353 3498 1824 7656 2426 9941 1308 1393 2961 
2132 1052 8248 6926 1610 4037 2978 3449 715 3200 9810 7655 8100 6327 8820 7214 4531 1471 2902 7311 7373 9633 5329 8205 2551 5057 1723 1372 8320 3074 9203 8298 4862 8525 8283 3200 6003 4208 6760 7147 1820 1023 4130 1362 2536 3082 9371 526 4794 1476 6900 9702 5782 5868 3978 1387 8123 1880 1271 8172 4346 6007 4002 5230 3353 8354 4621 6362 9402 3541 6045 2410 751 6030 1348 3794 8909 2442 9537 906 7854 6137 7750 7247 6035 9217 4694 4929 9163 501 2752 3658 7194 5259 682 8365 9900 2830 3129 2643 
5117 993 8990 6628 475 3826 4873 2201 1821 2287 8286 7607 518 6505 5830 5612 4717 5458 4053 3788 1683 5207 9422 5151 4985 162 1318 9625 679 4133 1758 5379 2417 1424 5749 3420 3875 6909 1610 1076 8742 473 9251 7952 9377 3024 8299 2109 2336 1242 8901 6329 2940 5089 4689 7718 6345 6558 763 3081 757 3277 2482 7168 6163 7103 7665 4614 2425 4801 8847 5245 6571 7423 8034 8964 799 5259 1665 5005 8394 5936 9239 5416 2537 5379 1043 77 7049 7096 4320 6608 1215 1370 2935 5469 611 794 3321 1318 
7433 4828 9630 6454 4139 9663 5317 1828 6742 9189 6620 3284 1688 8743 1661 5250 8636 5564 6518 9147 5067 8329 115 158 2957 9310 2581 1304 9258 7622 8407 365 9249 1676 4816 288 1679 2335 2374 2520 2116 1412 3272 9767 3466 3682 2408 9687 5895 1880 9013 9138 7317 8658 5221 3989 9053 3023 1776 5660 0 6807 3400 1119 7604 5151 1298 811 8938 1710 7551 6952 8141 485 4046 8991 5687 2558 6559 1976 1464 9607 960 2678 1611 4712 76 4753 8159 6116 7883 2759 3194 8349 3461 6286 8889 5773 1723 8993 
9536 3206 8490 3928 8401 2893 566 1279 5240 7358 4386 1131 4898 281 9850 9211 7853 2518 7139 2341 1944 9874 9246 2957 6232 9132 8264 4750 3820 9891 7239 1148 1718 9416 927 8082 242 782 7028 8027 3166 6929 3549 8030 8034 6798 4896 2901 9532 5517 9373 6092 474 4525 7552 5019 983 510 9683 6925 3823 5108 7987 8331 4752 7592 5848 6422 6726 8843 3863 3797 4798 7545 5491 5791 130 250 5019 2468 7664 1527 1788 7340 395 5141 7829 2449 5839 2218 8039 7372 8180 8961 4269 8056 334 5135 7989 6534 
232 961 8618 6637 5610 1912 943 8770 9273 8006 4172 5305 7831 1839 8063 1837 3799 552 7567 1650 9020 3860 325 6359 7140 5827 7856 6486 5642 8232 907 2875 2985 9344 1191 8248 2140 4906 8943 6623 4855 1746 3369 4257 6678 6200 1689 3986 9674 238 5569 2167 3039 4444 3328 8632 4476 2367 5645 6568 4890 1035 6441 1238 1359 7826 5025 7567 5795 2329 4140 2868 640 1431 6579 123 5085 9746 5542 6670 1742 3698 7117 798 7730 2994 9416 3044 6234 7032 1915 9625 1342 2579 8684 426 8929 1285 7961 653 
3635 6995 8435 4857 4978 4392 1763 4354 5603 1659 840 9694 8853 6607 307 7437 302 1333 8628 1363 323 4630 7416 9398 6252 4518 4779 4710 1841 5625 8206 5007 1810 2047 2533 4746 8150 8878 9777 3715 1434 6643 891 6135 7432 266 5750 6764 9303 5970 9623 2824 8506 8787 5676 7576 1153 7629 3754 5693 3002 7908 320 8884 5658 6563 4972 4787 3342 3762 6868 1991 5615 8028 4640 780 2980 9815 1240 2316 1197 8816 4307 2367 1876 1083 917 9513 7826 5025 7567 5795 9272 4758 6000 2868 4109 2669 3591 5085 
9746 6118 6670 1428 3781 3001 8663 8219 4119 7730 2994 3532 9416 3044 5516 8301 9610 3390 5615 6728 4038 2216 8791 6791 2183 6179 9827 5144 3010 2093 3947 2277 2026 6847 8150 3198 1849 6142 1383 6878 1450 7756 1684 9421 8432 9207 7527 2616 4015 2043 3648 6134 9930 1965 2799 7668 1606 5597 8570 838 4542 3109 5469 8474 2494 1611 7686 5642 2222 9658 1304 3395 3496 9465 5557 7806 5010 505 4851 4642 482 3420 5156 2057 1279 2726 968 4374 8485 9553 267 9652 590 2777 213 6581 1676 519 7608 3937 
6845 3696 8124 3123 1304 5281 4684 8519 9001 1574 7869 1622 8381 6065 2858 4936 4097 8922 725 7976 5576 8829 3798 5597 6886 1409 6021 6506 6726 2557 8829 515 9600 1662 2421 3232 3259 2506 527 1480 4338 3736 574 3119 9770 2871 9689 7714 2400 4937 759 112 5797 774 9566 4667 510 4023 5444 1429 3111 639 9707 5670 4257 5279 6732 7981 3797 5286 7137 8887 8428 2627 9729 3164 9964 687 8464 4331 2831 8048 4307 2178 5857 912 195 2782 6018 9584 8624 9139 3524 6607 2280 2665 3296 1853 3251 63 
906 7267 3524 9016 3765 6243 9355 4300 8372 4053 4759 8290 5786 276 6881 6569 3198 8362 6886 8648 3904 4030 658 7539 2288 5968 8747 3679 2767 990 8631 7333 7640 4606 7569 447 5352 8659 933 5180 3365 7671 6928 7895 3110 8903 2201 9616 2838 3109 5469 2339 8474 4714 2494 7439 1111 6200 9988 3947 9351 3241 7873 9212 8940 7403 530 7547 2876 3463 4887 6455 5350 5217 4225 5637 3678 134 1405 8576 1097 794 4098 4815 8135 7908 3377 5912 9379 5086 5297 7172 897 4366 9285 3490 8594 8880 8537 7381 
7767 8844 8962 3628 6654 5411 3478 5525 2081 7180 1186 5071 990 3758 8367 498 4628 7740 5927 3717 8533 503 2876 7261 8843 1519 3862 3171 8315 2944 9848 3029 1473 1166 3363 4330 1072 755 5488 7688 1421 6139 8362 9836 7168 1390 6758 2246 7829 8868 5935 5937 2126 2763 3595 9910 9358 5101 7851 5305 3786 2404 4842 3799 7567 9020 325 8218 4498 7140 5827 2253 3805 5642 3152 8232 9712 8733 1622 4767 3201 8433 9344 4983 1764 6609 4299 1272 8445 4502 5921 8157 432 3361 4169 3316 319 2903 803 3661 
3059 7654 839 7018 6554 1317 3425 7826 2715 6271 6471 4428 4137 6903 4191 8051 8360 6935 1263 2773 4519 5061 6160 41 7017 8242 8727 2211 6223 8154 913 6669 9357 3427 9544 847 1384 6147 444 7673 9469 8181 6436 3815 5793 1899 6743 4573 8598 6335 5200 3494 1996 3224 214 8144 4532 6714 5186 9009 2105 4746 6298 8573 8664 3547 9686 5850 9267 2704 5314 6688 1434 3356 8282 891 7021 1683 9412 4326 1909 9642 5118 7735 3357 433 46 5214 4923 6775 1591 9637 5968 2566 4690 6008 6313 5010 8367 8413 
1938 6861 4941 7149 2367 6772 5197 207 4927 8995 566 6255 5947 69 5797 2941 9852 8938 3579 5642 2560 552 373 5702 3235 727 7693 2849 1831 6974 3699 7875 5734 2280 6766 1243 5424 5316 7362 6083 6475 9895 5938 5909 7653 2549 6553 8908 1401 2811 5569 7835 7585 7793 1070 9609 1117 4085 6427 8122 6032 7433 1258 978 2138 6708 4748 780 4565 3855 7130 176 2991 3754 4743 2043 7215 5228 5231 1238 7487 5425 8779 1556 2768 1441 6672 8331 5921 5514 6832 8720 3851 2714 3697 4963 3119 1343 6457 6822 
7774 3744 779 7353 9501 8668 442 318 9304 5979 3366 3745 1352 3317 4257 3600 9200 9646 6435 2569 2160 780 3865 3126 5109 8934 4272 3792 2658 155 6944 3292 5093 6446 7893 6827 714 405 8025 5023 3297 1456 9683 6129 3584 9941 2829 3553 794 3748 7736 9349 5438 7734 2867 3002 3808 6274 6809 8930 6630 8976 2227 685 1197 8833 6148 6567 2667 196 6691 8102 6502 7680 3910 9628 249 5235 8831 9768 6655 2867 864 3326 5696 5994 5688 1057 2603 7786 1207 8810 4587 2724 2378 2105 5680 5462 9480 7179 
3875 273 8064 2336 259 4619 551 1800 8932 759 5637 7915 7684 8725 9552 295 3348 9060 3875 9512 9784 5343 7647 5173 6372 2087 9639 7395 4993 5387 7585 4148 2390 681 6817 9606 5260 7188 3257 5032 2150 1555 2528 517 4854 7029 6298 5812 5046 5307 273 1828 4742 4986 9416 3256 1292 571 9868 5477 3950 7578 3833 2741 9626 1090 7244 713 4590 7822 1803 3104 1782 2186 5630 8506 9073 1161 1662 3232 3259 3640 5636 3397 4338 3736 3128 345 4289 3119 4081 6046 4162 6143 9422 5706 5050 7721 6755 4343 
9630 8445 3386 628 3727 4205 7113 2580 397 2421 7612 491 8920 7279 3196 3906 1007 6926 4389 5765 9226 3161 8095 571 6868 2240 2113 7633 9186 3104 1199 4548 4417 6545 4068 8985 9384 2816 4470 2003 467 1452 5623 9003 2691 8618 4749 9183 5933 588 700 8395 9574 8754 2283 7718 3106 7261 5303 2535 9259 5521 8262 953 2693 6763 9572 498 6034 4893 6622 5196 3288 6196 3772 4373 7938 5744 2066 4910 3939 9421 3266 3376 7574 571 6069 143 2201 5306 349 8245 3637 4477 4900 7409 5661 9273 4481 3611 
5677 1767 699 5968 7540 317 9344 1766 5803 7384 1038 4356 2839 1366 5249 7891 5754 9187 5601 2439 3453 698 3624 3564 4258 1594 2291 6553 4566 3488 7552 30 1283 7666 4513 7776 8585 5045 2277 1492 3689 9973 275 4179 2715 7884 5325 5549 3216 3921 6651 9730 9941 7196 6520 8415 7490 3266 5602 2345 488 3139 1844 7299 6217 5328 4961 3136 6910 8172 405 4580 3312 330 7751 3135 203 7757 7179 5759 4660 3545 8316 8647 9521 9280 7388 4704 7655 8100 6327 8664 8820 6597 4531 7853 2164 7701 2613 919 
5007 2079 7466 2368 1162 808 6490 2429 8345 7545 9578 8652 4540 869 8352 1375 9397 3333 4867 6700 7008 5789 9715 2092 1949 1002 714 8290 4905 3450 1781 7708 5103 6692 6833 2451 8873 8706 1534 1522 8306 4004 533 7000 3737 1920 5378 4475 3590 5125 8327 1151 1754 6590 4241 9130 9554 3799 4284 6475 207 392 6584 8811 5996 8195 4384 9417 9425 7922 120 7152 4993 6747 3158 7542 3991 8504 180 2752 9934 9179 524 6036 7193 9382 6390 1501 9076 348 8857 9310 8685 2 8465 6138 6259 7485 4713 5889 
9658 9034 9537 7929 5612 2742 2107 2392 5883 3338 2957 7667 6509 3937 5255 9909 7087 2174 9189 5261 9983 5595 419 4264 5416 6463 1802 8273 9200 8545 562 1230 5842 4389 5853 8199 7635 3493 8764 7677 5325 4266 8419 4119 9431 7286 7893 3280 69 8181 6039 7158 5967 183 9032 6217 9855 3136 8002 2997 6507 1820 9601 4580 3312 7967 4522 6973 2640 7489 8469 9218 1230 665 6670 2956 9203 5964 2474 4332 1009 3349 2087 9816 2537 5118 1582 9802 1084 5190 4692 1446 9411 5706 1911 6690 7459 233 8372 8857 
4471 364 499 7371 8990 2743 9094 8524 1008 569 1401 9954 5103 1034 9485 4839 6991 768 3490 9172 8177 4752 8724 3804 7769 2088 4353 8677 5012 2301 4830 4899 2957 1509 8524 355 3118 7312 1945 1965 1102 9638 2189 9732 1170 7987 1889 2203 588 7758 3805 5584 7096 3181 4351 3416 8750 3821 4772 3525 4187 2577 6638 9725 6441 1556 1265 5452 9926 9100 9140 8928 9882 1214 5104 5591 1405 3242 6445 131 480 554 8729 6423 6253 3422 6854 7129 8382 5990 6312 5139 4763 467 3512 1326 9595 9497 7028 5415 
5850 1991 4668 813 88 4494 1238 673 2899 831 2861 3016 8917 3325 5833 3726 728 348 4622 3835 6351 7561 6891 1204 8260 9830 1314 9484 8426 8276 7248 3934 5423 5065 1287 2895 369 5044 2925 773 3818 9517 9987 1060 565 3854 1848 6579 7874 7449 6633 7343 5892 8102 9005 734 3414 3585 4710 5852 4981 1304 2479 8591 6530 1107 5007 7705 9486 5789 2429 7291 8345 3952 7545 8764 8652 6970 3659 8352 2171 4059 4867 5789 698 2092 1002 4036 6421 9610 1781 5625 6296 9642 2514 842 5913 131 8178 4987 
3608 8072 5094 8751 1794 6120 7339 9503 3130 3085 8171 4980 1258 2848 1369 3688 281 8415 4748 1233 780 6139 3855 176 1966 7958 8353 5683 3345 4155 3072 7862 6751 8278 7109 4153 3809 4125 9347 3763 8532 8741 5140 5411 6584 7046 4016 6110 6445 8483 4265 9702 3352 9923 2885 831 3571 7206 4144 3672 7907 7768 1811 8310 8921 3535 5109 9058 7551 444 348 2138 9216 4981 5490 9140 7866 8676 7907 4095 2882 703 6991 3643 8142 2881 3282 8690 5522 4992 3420 8243 1097 8360 593 6980 1301 3656 780 2236 
8759 6429 8531 9183 549 2495 9282 44 7399 4333 7276 9225 4075 7655 9617 7677 2071 1967 2826 7734 8419 3346 6966 1148 6570 5224 1304 3047 2422 7440 3601 8551 963 1685 9844 5533 9180 7312 4485 4686 4530 8761 9851 114 9633 2346 261 9365 3455 6622 258 2551 84 6605 7191 1301 2227 3604 9115 8786 6486 1678 4618 8248 7082 4585 7755 4627 3817 5491 545 5638 7578 2206 5214 9948 2503 8501 1620 6267 8831 2249 7974 7939 106 4962 6762 9059 7860 7268 4650 1546 1546 9520 3683 227 5189 4475 8338 4305 
467 5117 6664 8320 2877 7377 3919 6801 3552 1986 1747 5721 6962 425 9574 2865 2094 5198 7206 1615 1668 1851 3827 4276 7141 7567 4254 7619 7899 9675 399 8466 8473 7710 6979 406 4200 6277 4080 5837 1960 6217 2458 9960 3507 6289 5465 1167 1256 4896 6024 4194 6710 1309 9255 4550 9393 3718 5141 7720 1202 8281 9307 8225 8052 3393 7137 3364 4039 1699 7422 4505 2323 3764 8573 238 1847 9660 1815 9297 8174 9155 6849 3703 7828 9394 7635 595 7083 328 3580 5893 4411 3696 2392 1249 3200 6903 5627 4237 
9298 6795 7767 9377 796 749 4217 7051 4438 2438 1381 3064 6790 2670 8469 2547 4123 5156 1965 5322 9053 4366 3064 8500 223 9291 8641 2786 7938 7609 4251 4188 9852 7253 9462 7678 3353 6921 5390 5891 3766 7954 1559 7131 7248 7587 9606 7952 9360 56 7520 3411 5911 4449 7530 315 7996 306 5929 9912 5398 5406 8429 9395 5561 1547 8710 6108 4564 2232 2828 176 2496 9683 8770 8262 5953 4684 2990 6236 8657 118 3872 724 2253 7706 3358 4413 1791 7697 7711 2215 7640 9617 2988 9328 1346 2080 4689 5531 
1148 9416 927 8082 4295 4616 6368 4067 7237 4695 4477 2854 4002 6401 9075 1068 3115 6290 2340 7999 9553 8333 2806 7710 8685 9765 9620 960 4621 8517 2374 221 3659 3184 5294 7223 8196 6747 4794 3924 1026 247 1525 3633 3294 9662 7744 3131 2010 4394 4319 4075 5369 6077 9208 2555 8411 4768 2818 6461 661 9061 4119 8696 2680 1287 5460 8412 7587 9000 2237 5023 4157 1809 9034 5101 9771 1893 5325 6496 9264 1452 8289 5218 9442 7153 2189 4883 3760 1793 1270 7214 8327 9098 8936 9339 1934 9233 9911 7371 
1160 6155 5398 1041 9579 788 3951 7017 3839 9066 7596 8593 2605 8125 5163 4349 6796 5441 2419 8212 5905 2041 2701 6052 4774 5036 6011 3062 8203 7104 5317 788 731 3668 7985 5417 2901 6505 813 9798 4952 8834 8387 2794 5650 4274 9052 923 2132 1518 8256 2837 9059 9833 3675 4013 5381 7377 6468 5855 9109 1274 1279 6314 8987 3904 1667 5566 6760 1531 9124 9515 3173 8165 1061 5007 1177 7624 5005 5420 3463 6092 6081 9419 827 9747 3612 2351 5557 7777 9790 9814 5759 875 2891 8096 2593 1989 6269 8629 
2072 6300 7667 320 3570 195 2273 2608 4677 3494 3449 7388 6448 4256 4660 5123 3335 4319 8606 5759 1932 5525 8648 7509 8515 6593 5096 7489 1490 3931 5144 256 8862 4094 4774 8029 2665 1891 8742 5793 4912 207 814 6568 6538 9409 9107 407 2193 7917 7833 5670 5247 6046 5455 5235 3292 8545 8213 6759 5967 3828 3957 6909 3577 1207 7844 3525 1264 6707 6995 8055 2066 1382 5327 4959 1475 9050 6038 9196 8909 1075 1543 854 664 7212 2257 7337 6719 8034 4896 7433 9532 4109 1316 9373 3904 9518 1869 9735 
8121 3021 3591 8514 2336 3884 1063 6315 4708 3257 5542 1207 679 7844 3525 1006 8537 1264 6707 3211 5337 1304 1087 764 7300 5953 5956 2990 317 7869 9058 2372 1077 9750 7299 7047 1797 4890 2201 511 3676 1138 7303 3024 6121 4158 1642 5070 8547 2162 1541 6865 3477 3166 4173 6441 3354 3424 2834 7746 8463 5802 5845 4601 9726 6183 7279 4388 5953 3086 2597 2644 6234 1747 2514 3931 8136 1121 455 5967 7576 6812 4515 7348 3980 8608 2975 6597 9550 8708 9563 7856 7220 8110 7484 2408 6589 8005 3528 8073 
4795 4510 6991 1844 8796 1646 72 4610 282 2690 1468 4772 4227 2638 5426 4743 5489 6803 1475 6919 7878 2650 3229 4872 529 602 717 6630 8976 2227 685 9706 2332 3938 9416 5087 2886 2801 9508 1051 6033 4601 2692 7933 206 7206 1802 1173 7280 2736 7525 4568 7131 612 1641 333 9739 244 1937 7983 1814 164 1505 9912 1580 504 9890 4569 6805 391 3944 1371 8462 2113 3538 6599 6472 3547 6777 2004 4500 8966 6375 4582 4838 6586 3232 7269 9989 7392 9627 7997 1664 9275 9229 8180 8056 7885 4131 4560 
8294 591 4860 5470 4708 8071 1816 9476 6917 1558 5254 8143 1333 2994 6962 1302 1212 4768 4720 4244 8125 9573 2642 6454 6354 5742 7859 792 5319 8035 6320 3596 9241 6081 1750 3391 6734 2703 4589 9556 6339 7457 455 9513 7641 2888 8367 9188 5113 892 9377 1627 3003 7492 5795 4139 3722 5691 8297 5736 6055 4560 8924 3847 2573 1649 7200 7382 447 547 4589 2156 1127 6926 24 6823 8253 7085 3592 3984 5273 5241 2263 9318 2723 3908 7243 7589 4449 7772 608 4072 1878 3134 1920 4191 3846 1682 1978 6504 
3468 220 9425 5232 1093 988 3164 3206 1797 4878 454 6210 8184 6809 1236 8883 4430 7231 7419 5775 7949 5916 3952 4734 1965 5736 7668 8570 4056 2377 5716 953 2928 6726 5989 1811 986 2991 1264 430 1686 1141 1688 7722 4913 6658 8553 5806 2424 3547 691 4792 8902 4174 8280 4463 145 6566 2385 1526 5897 5117 1871 5080 5296 9797 3995 375 9464 8055 3418 781 2537 6247 400 6270 3064 4388 9690 6456 7137 1058 7572 7016 9184 3372 8311 8167 9695 106 1065 687 2634 3926 4877 7789 224 9082 530 5550 
6474 5760 2509 5144 9989 9658 5337 1304 2906 1563 395 1007 3552 3750 5642 3152 8232 9712 6416 907 4421 2601 8069 4418 2346 1470 6315 3957 6401 3577 147 8537 1087 5148 6995 1205 6038 9196 279 4147 773 919 1659 9486 3899 519 9472 8440 8932 3128 7094 5341 6599 4309 5576 8829 9655 761 9534 4808 2443 3060 6099 6210 2142 2803 3743 1461 3208 6761 2742 7551 6556 6135 448 7432 266 6847 4993 7859 6156 6320 4777 7363 9178 3885 9332 9380 1071 3760 3081 6213 9398 6252 8456 5794 8612 5842 7367 8434 
3791 6545 5964 5895 3630 3253 9472 8775 3191 6421 8440 5936 4676 4349 7426 7217 181 1121 3714 1629 2801 9332 1996 1625 1527 8510 9404 2166 7157 6689 9478 2067 7097 295 2126 3615 4019 8426 4827 6205 9086 3033 7087 9491 2941 1304 9782 1465 621 7630 5661 5458 4477 3520 6131 4623 8583 8754 768 4758 4152 802 4322 8237 453 3112 4061 3521 2889 669 7413 6234 5353 3896 3427 4624 2496 8369 2804 5580 7927 2431 3098 9313 3630 463 2346 2549 3884 287 9752 3957 3257 5542 5863 2054 679 618 5145 2308 
7238 6424 5216 8895 5273 9708 7846 4284 7812 7256 9564 7690 4172 9276 1322 2196 4496 4953 3984 9955 9507 8783 8450 8570 4644 9986 3739 7590 7024 4076 2261 3646 4854 1331 1791 5511 1635 3221 6162 5183 2915 9273 2582 4829 6436 732 9213 9157 1310 4317 8427 6960 9875 7917 6547 2983 9728 2570 4092 3429 6478 5473 4071 2578 505 1537 4514 5393 1330 8015 1675 9554 4803 5089 1123 5290 4823 6291 6828 1370 187 2093 8223 5337 4981 2030 7694 620 6277 6104 3606 6667 7504 4898 3559 9698 1597 3978 5375 1406 
1457 4550 7104 6611 7584 7665 5516 428 1897 3544 2141 4822 6825 9778 9724 4274 8821 4865 3982 257 4497 9122 4251 3301 8558 4172 6163 4865 9385 9784 4246 1351 5243 8624 8957 1244 1381 9839 383 2305 6015 7112 8504 9321 2599 6827 848 6730 5075 5610 6074 9324 2270 9721 8886 3375 8335 6492 7558 822 155 1419 7232 1888 7208 3381 8552 4107 3996 511 1887 1372 3278 4331 1916 9829 9672 3397 5272 9297 7941 7607 6608 9469 7898 7231 5086 2941 9171 7124 4115 8830 8580 5509 1495 6132 6020 6805 7797 1789 
6412 5124 6704 4129 223 344 9812 98 9976 6166 8949 8507 3466 3936 3575 4190 2894 5146 3717 3639 2893 6764 3459 7052 2754 5211 9303 8071 4315 3379 3546 2862 2766 7197 346 7688 8189 2832 5305 2683 6015 3897 8318 21 3814 5823 5726 9295 2327 7153 4978 2525 8296 5296 5380 6816 8963 9307 6515 5556 1310 1505 7006 6926 8340 4875 8153 387 3617 9025 6928 894 4643 7254 4209 4547 8165 7098 5621 4770 55 6228 7991 6292 4870 1286 704 4235 545 6709 8733 7849 8886 1051 7862 4252 5963 3232 1210 1555 
6472 3250 3547 2248 424 9804 7922 5324 4031 401 8910 1043 77 9308 5080 1822 7716 1909 6750 1569 6945 2476 9319 1549 6799 7968 7173 615 9762 5657 4502 1504 5187 7235 3610 9 3615 5542 2304 2711 8005 1886 6544 2941 8765 4339 3091 4416 3788 678 7849 6177 4922 2221 4955 3170 8058 8532 4266 1854 819 4351 2287 9234 2094 1089 871 4869 6046 4951 5013 1949 7612 8499 3534 222 5055 9292 7196 6520 8415 3266 2345 2567 459 420 7111 6653 470 9845 8686 9339 7137 2813 3408 5332 8843 338 632 5491 
3913 4508 6203 9607 8970 5849 9299 1942 3779 240 3456 9416 708 4401 7195 6165 1825 7109 7441 31 5456 2701 1155 9236 5410 7134 5034 6574 3214 4830 42 8065 6650 3129 8926 1682 3541 8806 6045 3775 3359 1310 3697 7418 1087 1205 9196 279 4147 2162 854 664 7212 8919 5337 2664 4269 6798 4701 7433 472 2958 9311 4525 7552 5019 9720 3948 7987 8331 1944 3796 6903 5848 6422 6461 4288 3583 2214 7545 7059 5791 130 1698 2194 1923 7664 286 5110 2649 4729 4493 5728 6767 8090 9945 8847 1025 7901 3262 
5596 8787 1542 9005 336 4140 3549 5288 1196 6095 240 2955 6078 2061 3720 4710 9143 5036 9889 1861 5939 5602 1949 8214 4273 206 8162 2285 2176 8919 6577 697 2457 5609 9882 2940 94 2224 3299 1461 7294 7924 5530 9306 239 1583 2575 1385 1748 525 6930 137 5922 8760 6574 750 951 4577 5940 1182 9764 2604 3129 5062 247 8037 6891 1987 7164 378 8754 5314 4877 962 7358 9236 9910 2091 9603 3901 8534 7587 4754 1543 2921 346 990 3647 7044 5101 8327 6935 5718 8070 4318 764 5359 1914 5299 2281 
7998 3822 9651 1230 3587 484 2049 1029 1171 3951 6675 8438 5981 7662 471 8639 3761 8024 9545 9801 9682 2257 8553 8641 7673 2547 3960 5876 6672 779 5422 6615 6 6287 129 3017 6767 2551 9260 2917 9124 5840 9436 5722 2461 2853 769 7391 2753 8019 312 659 4874 95 4316 892 5720 9554 3078 7825 8994 6891 6412 5665 2741 622 9959 2092 4110 6124 4431 9496 8130 3428 4144 24 8477 3908 9991 7296 1723 8092 716 1853 9588 2716 9059 6864 8461 9856 5651 7253 5853 102 3635 95 3461 2856 5032 4889 
9546 9346 5547 3914 2517 9403 3983 4973 298 1507 1103 1465 2997 9416 8983 8076 1687 5100 6725 2296 159 1375 1501 6752 1087 4218 2758 1210 8080 6057 5334 863 6108 1565 5986 8702 5152 9156 8829 7596 5211 1156 820 2746 2563 2899 7219 3446 8364 5513 2287 717 7162 96 2344 6982 8882 3719 9323 4150 4963 2147 1005 8419 7556 439 3889 9162 5032 6626 7060 8454 1242 6082 9991 7414 2049 2047 513 9734 7411 8620 2530 4831 866 3396 3896 8393 5969 6816 2563 9596 1485 787 9181 6957 2271 226 4644 8216 
8717 7713 5046 7955 4092 3379 3280 5468 2865 7896 928 975 3280 8195 4180 9908 8155 2757 162 8763 8683 4643 5439 9770 726 3682 6747 861 6174 7103 2756 6296 8821 5996 4982 5676 3419 1714 3892 5608 5820 1405 115 1414 5168 3971 8651 5904 9105 2416 2358 7942 4452 3660 7783 3027 7824 1487 7623 8594 9834 596 1769 1647 589 761 6223 5402 798 7836 5294 3072 1306 5471 6995 9708 3413 8832 2523 5557 1659 609 7501 4809 369 4932 6391 2423 9024 1463 9138 9947 1591 7383 8892 3523 7636 2591 8011 8180 
6338 8470 358 9342 3316 6820 1892 4484 6190 8571 6840 2778 4498 9588 4163 198 3643 5513 9164 6331 8313 6724 7196 5828 1905 2202 3774 6954 7597 1086 4352 3266 1820 579 5038 722 2491 3700 5050 99 2849 48 5672 406 6091 4039 5208 859 5346 644 7673 2770 1760 7186 3972 9456 7251 2157 505 5074 6866 9553 4093 3667 9193 6599 5763 8298 5746 8038 7608 918 1044 6343 441 7069 2240 4430 2186 7746 568 10 3701 1952 373 3722 5678 9520 7324 3863 9849 1834 8762 2469 3016 8829 8788 1917 5885 2640 
7692 5619 9222 2924 2396 1248 5027 3913 7285 9777 6709 4452 4016 2718 9453 7314 6112 9187 6029 3418 6868 6109 3200 5305 3796 9174 5512 1465 8222 4931 4540 4712 9518 8186 6460 6591 4870 4807 5714 2845 702 6431 7695 8808 592 2436 5915 1944 7271 4769 2227 6038 9691 3846 225 1392 2741 2289 4851 4669 1067 7003 9293 4056 122 6842 3846 3139 8725 1302 4279 721 8274 6426 2381 4684 5433 9621 6995 8213 4811 2093 8433 9012 3696 9790 8961 9583 5206 3881 6029 3201 9896 7760 1835 931 7762 7734 519 8577 
9961 5110 1349 7386 1306 2074 516 7283 275 6424 8795 5005 4253 6911 5241 9483 1663 8445 9926 6662 1195 9874 7833 9376 457 3142 1785 4889 124 5142 3014 5807 1802 6138 7765 2137 7065 7591 3717 8914 7261 5259 3377 9619 6179 9169 8546 5031 4854 9406 6224 256 722 5798 903 3263 3994 6751 3200 5499 7928 8676 9477 4710 8653 9143 7412 5036 9889 2996 3068 5939 2650 1949 5713 2659 6109 559 5831 3840 8960 7070 8938 8519 3092 8990 9031 5541 4312 837 6454 8689 4653 496 1112 5603 6077 6071 8198 1968 
1456 7397 2101 6399 987 5907 9130 2112 5023 1299 1589 9626 6132 6109 3711 8662 2903 2529 9799 4822 7792 1426 7828 8521 7892 4630 2068 588 5780 8506 4683 794 7761 1401 2449 1589 4724 9629 3310 6928 1090 1508 6868 6037 4786 6933 2475 6776 4796 1891 426 5397 7630 5008 8751 3131 9072 9786 2891 8596 9502 2002 8300 3515 3156 4959 1587 4857 4334 991 4080 909 2074 1585 633 1488 9634 5056 5807 8737 7037 5144 2173 2559 190 8248 9194 9354 5108 2844 6024 7416 8854 1934 348 8149 5909 6959 6826 7148 
8578 1095 5903 8966 4268 1276 9880 4379 1631 6666 6927 8945 5442 5357 4165 6918 3408 1531 735 4858 5852 4011 8870 9244 4150 4796 8214 8927 6815 9884 85 9644 4048 1403 7036 8745 803 5536 7158 9763 5227 3061 4686 7200 933 495 9230 9135 8633 6574 4639 3681 5049 9805 5869 2504 8137 9967 5696 8712 590 5325 3838 1505 3146 9315 2780 5112 2196 8179 8429 3754 6606 444 6254 7781 3435 6215 1769 3650 9875 3156 2799 7141 484 4089 9956 8258 8506 9897 4301 8707 9550 1855 3191 713 7455 8898 8075 9007 
1456 7526 9072 7523 7072 6236 8123 8472 1315 6332 5144 6671 1034 7548 8037 7650 2742 3844 8058 2275 6917 772 2843 7080 1104 3216 6661 4007 1573 6984 2418 4736 8097 8597 120 7984 5658 1183 4047 8850 6960 1596 4928 3129 6547 890 7441 1464 9600 4811 1588 6337 6061 2340 4980 2516 4243 6634 3288 3878 6100 3146 894 4322 2900 1205 6484 7137 1353 5389 7194 3271 6794 4586 7290 7629 8018 3935 7021 372 7625 426 1835 1310 5246 2711 5129 8297 3551 3206 485 4167 9025 9493 8471 2725 7791 4369 6300 9205 