6561 3490 9001 7313 2420 121 3647 337 1548 963 6371 6181 5265 8181 4563 3924 1128 4747 7894 7588 140 3164 3206 1797 7492 454 1003 6766 746 2353 3481 9530 4298 6334 6635 689 5362 5435 7788 3746 5080 7019 9862 6861 7291 4147 4810 8267 4662 5943 7894 9486 2227 6374 5854 7964 4859 3676 6236 9424 1112 8034 4701 4109 1316 472 2958 840 3904 9518 1869 9735 7609 9683 6925 3353 464 6278 2896 8295 7254 8540 7808 6536 7691 4359 695 3051 3835 1304 5095 5966 9325 9931 6344 788 8779 3612 7921 2384 
224 8345 870 4208 9708 8383 6530 1055 2145 7101 9210 1808 6018 8648 3541 8184 344 1236 8883 5663 4272 8862 5192 9025 1587 6134 5186 6623 4066 4734 70 8527 2799 7668 1606 6040 6267 2934 5898 3315 6897 7740 3942 3737 274 3890 1917 2906 8402 5205 5884 9817 8947 7668 3099 7972 2113 6025 548 172 7767 4539 1639 8088 6049 5563 6805 4661 6483 3959 6125 7506 7315 7426 9466 7353 5549 3561 7419 1542 5380 4571 7995 3878 1166 860 5766 5980 1941 1221 8273 9127 9658 2912 3279 9259 7959 5032 7700 9160 
8848 4170 9916 7875 9995 9259 742 1031 6706 869 7028 9397 6700 6071 9715 580 8301 1566 5625 6844 3852 9642 6833 2744 3425 6888 6597 3210 5796 8119 7541 7591 21 5985 40 9771 4743 1413 4623 6771 4379 5089 7239 4831 7983 5404 2088 5698 9167 331 9614 6787 4255 481 83 1531 1630 5165 7553 3848 8933 6253 7774 9036 5049 2868 421 8419 6284 3078 9245 8719 3028 5680 1718 4643 9288 1745 7598 2959 4497 9473 7531 4008 9280 5900 6167 18 3083 8982 4427 2533 5877 5524 9833 5538 8130 8461 9641 2174 
7799 6856 7924 9711 1441 7530 2391 3821 3950 2122 3130 8227 1205 945 6833 654 3222 493 7712 530 6804 5278 9128 6142 9372 6243 9913 57 3261 1656 3537 5349 6649 7566 6938 3207 346 3332 6903 3414 4235 3317 7439 5642 9533 8336 9989 3211 5446 8868 5095 1087 2352 764 5956 6673 8519 9001 317 1574 7869 1622 9058 2372 1077 6450 9750 7299 8897 1205 2661 1662 9532 4743 2043 7215 9982 1238 1281 847 2992 5477 6353 8006 7625 3096 9583 3879 6679 5092 3497 3374 2665 5410 4922 8473 75 6280 9059 2433 
3728 4850 1078 3608 8109 4926 3676 2810 8641 8496 8171 937 2210 9046 8854 3906 7131 7308 7930 9791 1412 4787 1758 4531 7340 9431 7206 2490 6849 8103 1306 4330 6372 8024 1208 9707 2708 682 3498 3044 3408 8640 6298 475 6981 6848 5320 68 1939 708 5487 6923 332 7371 5139 4596 3193 3502 2141 8755 4238 8216 5417 9368 5728 7565 5072 911 9001 4684 8193 6988 1548 9361 465 5964 7404 6795 3109 625 5823 2650 1531 2866 7334 8978 3893 9573 5998 1960 8755 4238 4863 955 9368 5728 8587 6316 7565 5072 
8193 121 4656 377 131 8964 9361 5964 6995 4983 1763 8727 5603 5371 9215 965 8707 3634 303 7103 2237 7839 360 5067 3127 3719 5169 2033 8280 9830 9403 2996 6475 676 772 8258 6860 2897 4947 7521 577 6866 1601 3593 2144 6272 5928 274 2590 733 2801 5567 6144 3116 1639 6630 3312 1280 2009 3839 3786 2404 4842 3799 8910 9514 9020 1363 9989 4593 940 1269 5676 6677 8609 6456 7551 7753 4316 7504 6052 2344 3387 2152 8633 3852 692 5786 7228 5118 7555 7666 7809 1298 1258 2469 4104 7705 3221 6798 
2427 4798 5435 984 3453 6082 698 3624 31 3564 7984 7695 7314 4566 3488 7552 2609 429 1283 6489 7099 5045 3689 8806 4179 4023 2213 6545 8243 350 4837 773 4919 1157 9047 9312 1418 826 4851 4489 3998 3736 1731 1620 3298 2296 9438 1101 5251 7455 4933 7103 1369 4307 3038 4370 5907 2580 8818 493 4800 2395 9408 3467 888 7999 6931 1115 1318 1925 2122 2249 7120 8325 9004 1878 9330 887 782 3031 9233 5526 2562 59 392 5303 5416 8527 8013 5597 3620 8570 5631 5716 3536 5590 8674 4715 5662 7050 
1007 1299 7449 2010 5395 6885 9403 9903 4259 2637 4474 3391 2525 7140 7173 8414 6374 5897 2066 1013 4170 2265 5007 5007 4362 7848 1669 4862 734 5834 5811 4063 3834 856 7010 1852 2611 1665 6151 9724 7465 7878 5425 1556 1284 4120 2079 3372 9695 8474 9947 8644 6734 224 6098 4734 4095 2175 7434 702 2799 980 6734 9147 7126 4821 6438 6101 6549 3295 7081 9142 5481 816 1442 8685 2 8891 4003 2330 6980 1797 6689 8497 1080 4890 9937 552 2512 657 7303 5004 6121 1642 5035 5477 721 8040 2302 2526 
7363 9178 5797 8212 1904 3885 4987 2086 207 5410 4984 7265 3081 6796 4850 4678 7143 3952 1441 764 5342 7447 2095 3806 8358 2049 1933 8857 5529 4531 1619 1980 8413 2849 6267 6215 5621 8511 5974 2435 7523 90 6138 2128 7633 7080 578 924 4622 7335 1321 9931 7986 6654 8170 3999 6608 4577 6384 8417 6932 3425 746 6065 4406 764 5712 6945 7688 9625 8189 6346 4361 3750 2661 5651 6015 4405 8200 4029 3814 8429 6932 3780 4494 5095 9799 1803 6039 6233 9476 7936 43 4498 5242 9729 7816 8882 75 4714 
1533 9847 7592 5435 9714 761 2446 5546 6372 4475 8650 3884 7658 3967 6125 9981 3838 2636 9008 9572 1835 9466 491 5567 3561 7419 8588 9947 5380 8017 3377 6242 2255 2134 7815 1499 897 5982 7314 7894 2069 3853 767 8756 3675 7760 6247 6595 2002 2629 2499 7904 8240 7661 6189 7391 7742 70 9094 7789 1904 7858 4584 667 4684 3507 4846 9590 3401 5047 712 2241 4758 1534 4078 2685 6155 6281 8437 6327 2163 4239 6070 2278 5250 5790 5234 4858 4327 7689 5365 1672 530 1653 5822 3528 9659 4095 7434 2799 
1358 9147 7126 3840 2676 9938 5760 2385 3896 5893 1905 8200 1067 5427 3078 9236 6017 7210 2374 6726 8500 6384 3184 893 5294 6865 7223 863 8196 5399 6714 8240 8461 1525 6102 9974 8839 109 4368 879 1241 2010 6805 4670 326 9262 6540 178 2561 168 6077 9208 1282 6552 5642 5796 7541 3029 5777 1323 1413 4905 1481 5089 6311 814 5678 9167 4035 4072 764 1781 6476 1062 9729 4703 474 5210 5551 8945 2521 7759 9761 5842 1682 7837 1300 2248 7853 1867 5920 4156 3429 1807 9083 8477 7683 1765 2818 3562 
4862 5143 812 3869 4241 8626 8393 3433 9159 8496 8353 2712 1614 7855 5020 9550 5564 5529 1405 3707 2866 1240 5588 523 8793 4229 5788 5161 7085 9051 3839 0 1240 5653 7350 875 4511 668 7363 7551 3791 1921 3512 5376 4565 7004 5549 5801 8720 6094 6155 6974 3918 3089 5788 5641 4583 8453 8640 7350 9946 3673 3478 9205 6002 1978 1652 8282 1819 7728 6563 2238 6714 5805 999 2818 5061 6461 154 4119 8696 9277 1287 900 8412 4688 9428 8743 5277 1809 5377 9034 1893 8664 1529 1646 732 8374 8194 3265 
3512 4853 3350 3764 7097 4837 3492 68 5552 8900 4531 456 5575 5619 8932 3608 7982 2690 5117 2178 9828 8486 232 6078 3331 5444 7431 2346 6767 8265 1698 751 2704 1468 3678 6886 9073 4003 1430 3640 5425 7703 7266 4289 6918 2400 4687 608 1706 4132 7190 4770 9015 3524 5780 4109 9938 6802 8301 1471 8256 9832 3482 4155 4511 7819 6776 3708 9524 7737 4912 8915 4692 2799 4667 4792 5174 5107 5786 6015 1936 186 2236 2296 1167 4803 3718 1335 85 1104 5727 6779 2905 7927 5188 9539 2722 5809 3402 9299 
8113 3042 6700 1500 9409 961 3138 4897 4287 8386 29 4489 9395 166 460 5862 4635 8601 5885 7870 2287 7886 871 9097 7322 8966 1550 7195 1213 7079 4163 1367 4766 2364 4253 5268 8124 1555 8288 509 2632 7784 3127 609 7656 2222 185 1399 5235 9816 7284 4494 4508 9993 6809 9338 8565 1554 3711 1628 8785 4610 2105 9725 1985 7459 620 7918 5145 5824 5132 6179 6136 4921 9389 43 9871 3087 5894 389 2783 5315 3742 9496 4889 3989 73 5061 7354 6793 1460 3178 3564 3192 3065 5638 2068 9671 7328 4823 
2612 886 2241 7691 876 7315 2791 6780 7715 1611 6681 5766 2380 9985 4876 7904 8066 871 8845 8851 4494 6297 3770 5892 7730 7087 1434 6286 6289 5753 4097 6154 4311 2218 6533 7307 2868 3738 2699 3390 5438 3039 7880 8152 7962 8516 1259 3469 9565 4485 7810 2849 7737 5394 8315 1355 9574 4824 964 4721 49 1400 9841 2690 6344 4519 5260 8761 5990 5853 270 6905 8077 849 764 6185 2367 4932 2689 8033 6773 514 4019 401 3984 7228 5294 5179 0 3125 5925 3320 8025 4316 8256 9001 5241 3286 4316 77 
9515 3145 3536 8025 1208 2402 1876 426 6825 8168 6463 5029 6976 7184 3352 2302 5825 8260 5326 784 2572 170 2247 9781 7748 5149 8075 5262 3799 7996 720 1912 506 867 4122 5739 5392 8393 9460 2291 4805 726 5170 7817 5923 6456 5980 9338 8882 693 5388 6344 8155 9139 7016 781 6806 6313 6135 6446 4239 4934 7421 3186 718 5769 2513 5417 739 4955 978 2910 4967 169 9006 7805 345 9016 5401 2342 299 1005 2904 3742 4621 3182 3481 8344 1358 5958 2935 2161 4464 5862 644 9960 5284 4193 2701 5751 
1397 7278 1086 3171 1947 6133 4775 4735 8683 8149 8777 449 2869 1750 6640 3513 4111 4507 1313 140 6194 1774 7593 6143 2197 3107 1093 6814 7083 1788 4336 5970 5776 1196 3716 2170 7394 8603 8532 1504 8786 5333 9308 3221 435 9074 1202 5359 9499 8022 6788 1979 7180 1786 42 9523 9986 6618 8188 6489 6806 8593 7444 6633 39 8877 6793 2416 7078 4926 6135 7855 5631 7508 7722 593 4473 4345 6268 8731 9595 3809 880 5488 7249 2797 8429 4342 3523 1660 2201 3108 4181 7587 1856 4451 5660 9740 8478 2187 
1236 3002 7259 1478 8822 8438 9931 6344 788 2358 2539 9363 2066 6055 1733 8417 9048 9628 3425 3015 746 3360 4511 6994 4406 6957 6461 3583 2214 8519 130 7427 1698 2194 1923 7473 1527 6814 4729 1788 6659 7743 2157 4194 8052 4471 6247 7461 8897 2190 3390 330 1534 6989 9278 3919 9516 3942 9306 6432 4236 3256 274 4101 8822 3890 8244 3903 7518 5619 7668 7379 7173 1063 7972 6223 2113 4349 2066 4905 2984 4170 2265 7629 8867 1620 222 1133 9411 6651 4949 9292 1891 8415 7490 3599 8595 9594 6479 4210 
7374 3403 2232 6854 5898 2411 6652 5430 1799 3380 2590 8190 4324 1262 4988 1158 4162 9890 6775 6061 4680 2602 6918 4830 4932 3892 5196 8738 1536 1156 5829 2805 7720 4231 4877 2738 1639 3707 3912 5293 200 3034 8151 2732 1813 6570 364 1186 5913 9732 3644 4943 710 3069 6781 5095 6735 3897 7265 8378 5255 4143 1530 7410 3844 2957 6352 2901 7023 3461 5141 5975 4514 2708 2726 4238 2555 5512 3524 9001 5145 286 457 3512 7939 6234 5450 7146 3994 3568 9089 5699 3184 2085 4271 9466 1057 9934 3083 8359 
29 2060 5390 6778 1089 5605 6480 6701 3280 4049 8746 7098 2943 6383 447 5003 3068 708 1333 3753 8628 8471 1363 3230 5963 8462 3232 3538 7161 2131 4712 6920 3134 9074 5189 1906 5925 3320 4316 3595 5241 8855 2431 5266 7734 9434 6995 2334 9349 6791 891 7573 670 4452 6745 4930 6018 1550 8208 3929 3103 6297 949 9916 4185 5428 1212 7790 6897 2263 7246 3316 5653 4037 1981 2304 8549 875 5604 668 2526 5853 9178 867 5797 1904 3885 4987 2086 1071 3760 4285 2251 3568 8104 4850 4994 5696 7438 6473 
7193 4801 4288 7059 130 3994 250 5019 1846 4697 7664 286 5663 2649 5095 330 26 9146 4257 2906 9590 8684 3999 6608 2066 6055 7975 6384 8417 9048 6284 7649 7614 9157 1454 8662 4087 7077 8770 764 7300 1597 5953 5281 6649 9001 7704 6903 326 7664 7892 9562 504 1659 1887 9486 2355 1676 9340 519 4374 3937 4981 6640 5625 4962 7546 1878 2079 6331 808 6490 2234 8764 9578 3659 318 7848 3715 7509 7848 1434 3356 6643 2378 6432 538 7021 2123 8679 3357 46 5214 4923 9213 3205 8835 3991 8052 6313 
1432 8367 6724 1938 9333 1811 6418 9754 4941 7149 6772 8834 7071 7668 7501 5470 8240 3615 4033 3387 2152 1174 4685 8765 6614 2478 1763 5545 9197 1102 5692 8449 1816 7540 2957 4374 6021 3965 6009 8514 4039 4314 2371 6263 7225 9598 3564 7376 6002 4440 4456 1765 403 5004 2440 3996 4439 2038 6655 5658 508 8603 5053 1122 7765 4357 6395 4542 5871 9821 2745 1206 2756 5098 1959 3073 4182 1746 882 9448 3042 1035 2394 3421 5055 9000 6025 8960 5837 235 6823 5265 4307 2377 4298 6801 8417 3317 4934 5594 
9989 4263 1517 9560 379 1457 9142 7894 3861 4599 434 6567 2479 5192 7367 8434 8923 1841 5847 6804 1765 9328 9481 6442 784 8416 9904 5187 7058 1113 9621 2609 5700 6961 2603 7012 6323 9805 5775 5519 5398 1555 4707 4726 1641 5373 5594 5648 3314 7465 7060 8225 808 5442 5060 1426 1197 2868 4667 3414 8158 9904 1183 5338 3192 5180 9663 8535 7768 5289 9139 9321 5480 4677 3032 4563 3276 6849 8654 6742 958 1420 1923 3771 5178 4096 3554 7925 7194 1350 840 7756 8523 5723 3465 5728 6473 1365 8830 7111 
401 1848 3267 5922 7731 9131 736 9755 5106 1830 7517 6384 659 1712 1205 8963 6987 1212 4062 5123 3625 202 798 1933 1543 8919 6713 2664 8030 7433 9532 7022 5517 2958 267 7028 6679 5461 59 5761 477 1045 1313 6266 8547 1983 5622 3018 1691 4087 5690 6773 5798 1425 8119 2206 2249 6759 7064 6877 6342 4137 6781 1577 8377 19 8751 6946 2143 9939 3930 6201 6738 3494 3016 597 4387 6968 775 6550 2495 8692 611 8413 8334 5464 8813 4497 2632 6534 3036 1680 5375 7032 8311 6307 2244 6497 5013 6306 
7432 6158 4038 1963 5165 3589 9542 7961 7976 7178 7897 8956 2679 9112 2310 2090 7432 880 3660 9604 7866 4067 173 3570 9044 5055 7072 6832 7199 4635 2714 3697 4963 1343 2378 2336 3956 3804 8876 551 3251 1981 955 7454 8080 2280 9805 8312 8431 5650 6595 8277 6595 7508 2870 4425 966 1565 8668 7751 5370 9444 6525 107 4705 3483 5478 7453 3960 9817 6837 5642 7155 5081 2564 7909 4167 3059 5278 828 1499 488 6981 8435 7728 3968 3920 8213 2632 587 4178 9053 4021 905 2082 7283 4394 9646 7374 1484 
7646 1391 3939 1801 3039 3855 1393 6260 9976 3522 994 825 3918 9791 2730 3258 4949 7804 8690 981 7072 3780 1817 6423 9231 1202 6238 6974 6637 6792 5436 2832 2780 4209 2789 5401 8804 2427 1725 6490 3441 3018 207 2663 8421 2292 7466 5242 9269 1103 8922 6832 3381 4042 4249 9885 5258 501 5613 5257 2400 5894 7978 2014 2074 1590 7179 6725 7140 8646 6279 8869 4826 1140 3385 1948 4716 8024 1204 3300 8470 9807 1207 1218 8296 7831 162 9035 2184 8887 5908 2632 2585 8079 9284 7505 9851 8734 4504 3043 
8989 8883 3765 5645 7484 6398 3445 4339 9165 475 3922 9582 1051 4201 8763 8071 3413 3988 3248 2678 2311 8802 5637 6792 3301 889 7381 5602 397 5935 1968 6679 1296 5906 2512 3064 389 9862 6308 1457 5790 5836 3831 8043 2433 2094 6479 5196 8271 9163 7589 183 2338 2935 8157 5524 1419 7639 611 4617 3671 2731 4828 4139 7753 6742 4723 8475 4947 3152 1488 8474 6244 4033 4157 2550 7182 1260 6892 6349 1543 8128 8376 2482 4682 4198 4150 1953 6862 9451 8271 185 4800 4346 5388 6344 8181 3748 1395 354 
3825 4588 192 2913 969 5232 9979 7889 9502 4616 5823 7578 4045 3107 51 9683 1534 2394 8725 3130 1666 9169 2409 6797 6105 4460 5672 6827 4853 563 8261 6186 7849 3790 2892 4189 9714 798 7782 5708 2630 2437 667 725 1062 1470 393 3023 2653 7698 6067 7919 4439 9636 6511 9204 4988 1009 4756 2127 2461 5573 3390 5726 9005 1868 9849 1189 8887 5165 2922 6989 6855 2648 3808 8421 4218 4081 5646 1622 563 1847 4718 6235 4569 6340 3444 5813 3485 2490 2381 6462 386 8514 4447 6749 5648 4816 7606 8936 
3525 1545 4056 1667 2756 3596 7366 2305 8545 7046 4147 5962 800 3120 2777 5909 5165 4062 8782 4811 2462 7106 3642 1182 9818 4145 7557 2604 4041 1621 2279 8136 1940 5346 5818 9463 5038 8213 3994 4535 2886 1780 2318 7385 1542 4742 9084 2717 4942 26 8474 5736 6759 5439 7473 1550 4902 7220 9038 6445 1401 6343 6201 499 4675 2210 3270 2625 7195 1007 5772 1629 4652 9595 9810 6385 5957 4023 1589 7915 8604 2316 7378 3924 7332 3198 6492 9464 4412 2627 8679 7583 6590 9455 1853 414 7339 6804 3666 8804 
9524 9087 193 7864 2051 142 3653 2525 739 5342 687 8811 6405 2219 4563 3740 68 9021 1593 5922 4412 8725 1435 1518 2535 9396 9464 6557 8800 3798 1446 4257 3473 4601 8619 7258 8776 7981 3797 5286 7927 4845 6376 380 999 8782 1634 5225 6289 1443 2545 5337 7683 6610 3211 9214 7622 1853 3613 1512 3494 3449 9149 4256 4660 1683 4479 3133 1374 7513 4122 8267 2445 2166 7317 7574 1957 3179 249 1548 1684 6394 5586 8312 6524 5212 2420 1713 6862 7877 2425 3786 8856 8115 6610 5841 9397 9891 1055 998 
8875 3059 5170 4026 4425 8494 8981 5516 9205 1898 2643 7546 8307 5920 9282 6562 6312 7594 6466 1128 7951 5593 3577 7109 4329 593 1762 9740 2265 6904 3750 58 4940 1410 8859 624 3589 8235 5736 8727 3956 5350 5795 7235 6665 6996 7227 7608 645 3528 655 1317 6186 999 7981 7030 2775 723 930 8520 8808 5799 7040 8146 8263 1641 796 1112 6407 7850 3786 4249 743 4079 685 2190 4329 787 696 3364 6318 6892 9042 5999 2480 2172 3753 4127 6659 5468 1791 4159 807 1817 8 5074 9561 711 4735 4158 
5021 3634 7503 600 3018 8657 8476 3205 6576 7635 1223 8613 207 6755 970 5314 1507 5152 4025 3594 8476 6734 6941 1344 8508 513 9614 1796 4852 6464 7296 9485 4758 5715 7023 1253 7316 2044 8348 826 8071 5001 7252 5606 5371 559 1194 5683 3327 2906 5566 6038 7263 4149 3603 5075 5326 9274 3866 9590 9447 2774 4697 3895 9729 1741 5917 9958 5584 4518 4096 1432 402 2026 6664 3342 5611 93 4806 8155 9663 9391 563 9981 8702 119 5605 43 6019 9974 7247 9370 5661 3641 4093 7742 8102 5797 9560 9291 
6731 1359 1605 3044 4304 2637 2692 5088 8492 3173 2785 4839 1825 3510 3646 7522 8178 785 1155 4782 2242 1823 7780 253 241 8621 2512 779 9130 4715 5584 3493 8897 8558 7326 7906 6940 1363 1820 3018 1121 1888 7107 8450 4705 4655 2652 7934 9820 4406 7511 7138 8159 1877 1173 4036 7914 6480 2033 3061 5335 8112 4614 8619 1745 5769 5152 2392 3409 7704 2844 7125 7759 7981 6549 5261 9792 6420 4938 4862 5047 4817 293 4967 2641 1130 7419 6536 5258 1478 3426 1130 5238 2677 817 8852 7788 1495 9574 9314 
6880 9755 6249 2906 5382 1578 2510 6717 717 6225 1458 4059 5199 4458 6199 5664 805 985 2149 9980 6557 7021 6530 7413 8408 8479 5367 292 5689 7788 6144 3725 4368 4067 6314 1558 7191 5237 7201 5021 8202 8655 9543 2406 476 3380 1460 8400 6309 5704 4491 4709 1067 9440 8922 4937 7102 7067 6743 9005 3094 8170 9574 6511 6485 7759 6195 7862 5516 706 6583 9235 1166 2270 5954 7507 4994 4378 6233 8026 7523 5765 4349 113 8282 6189 6023 7047 5298 7526 3535 5025 1638 4934 7725 3865 1426 1476 8762 8671 