2703 1478 8822 8438 2163 7236 788 9590 1781 2539 5541 2066 6055 8417 6284 7649 7614 746 820 9471 8657 6200 4927 9674 5654 684 3010 7443 6189 4230 8932 1489 3495 7560 7118 2524 267 5243 4950 4596 3317 9989 7175 1517 1291 9142 7894 6913 3312 407 193 434 2380 3814 6567 6813 2479 2974 2707 6649 5727 2952 2143 4783 3209 1284 7678 6962 9619 5533 1205 2991 2043 2145 1898 5217 7487 1450 1615 8551 1648 315 4596 1613 2701 1048 9890 2145 9192 1898 6436 667 9541 8872 1450 1556 2768 4169 6672 5514 
3967 5055 6832 8720 4635 4576 2714 525 4963 1773 804 2378 2336 3744 3804 6476 5455 4114 6736 7961 4601 293 1217 3557 7946 1026 7774 8017 2208 6605 4207 1776 6014 9514 1803 3884 4757 2325 9555 878 473 6598 9745 5874 1072 5353 6849 8638 8834 5895 8452 528 9613 4000 4819 7675 3906 7131 7308 4987 5143 266 6212 3258 4949 155 1804 9288 6904 7598 2959 7706 5984 1055 2705 5201 4810 5057 2120 7071 8887 3378 3919 2126 60 9120 5556 9133 2714 4848 7069 447 4681 3712 7965 4938 423 9684 9664 87 
7715 9769 8630 2002 1210 8712 6371 3098 9953 3660 1492 283 418 6373 9582 9056 9795 6767 5544 9491 9683 3792 5108 626 4752 1944 6903 622 6726 326 4288 2214 7545 7059 8519 9403 2351 155 3981 5759 4194 6242 6133 2551 8238 363 6149 8028 513 8880 647 1522 4400 4832 7157 780 2690 1370 9651 4713 5076 1942 2589 5837 5403 2636 8273 7102 1345 8717 9680 7214 8575 949 1335 5641 5278 6278 1386 8453 460 8188 9831 7350 4455 930 2730 6284 3256 6736 8286 6208 2409 6415 8670 5732 7631 719 2431 627 
7400 9821 7813 7752 6919 3702 2316 7776 9781 2277 4041 961 8944 68 8547 8479 8334 4612 8653 9704 665 9508 7780 9361 8557 3765 8166 5328 1569 7945 6909 6613 1281 8706 4688 4577 2184 9949 4317 9605 3917 884 1259 6618 5882 4418 1284 6498 2437 4967 5630 5880 3661 3902 7344 7816 1083 6954 9905 9098 2241 9755 8555 957 5305 2220 2767 3814 3780 781 6563 1356 1059 9355 5465 339 9093 8560 3983 4130 3116 6025 2590 7463 1123 3454 9421 9039 7939 5406 316 2934 1811 4788 6504 1808 980 6133 5829 1220 
188 1980 6904 9790 4492 1936 3714 6102 1556 4169 6672 8331 1284 7072 5277 7585 4576 525 4963 1343 804 2378 7314 5228 7873 5217 667 3122 9528 1852 367 4033 725 5129 3344 6046 8982 9001 6825 6988 2887 6023 3365 2488 6928 8903 2201 4372 7045 8474 4714 3654 4432 7439 9422 6452 2222 7691 4359 5337 1304 3716 7936 7161 3286 8759 8303 7963 6832 1487 5072 6131 5293 9403 8380 25 5367 8653 1312 4870 4673 9124 1729 1424 9148 9354 5851 7700 8405 9626 5811 9224 5652 9105 9077 5085 5264 3195 4267 6177 
6460 4809 2221 6292 6245 3172 6322 3083 7361 3029 4427 2444 898 9130 4269 6473 3492 1064 3286 6673 4670 7565 4962 7483 9486 1162 7079 7014 5789 2429 7853 8345 6970 4540 869 8597 8352 1375 2171 6476 6700 3190 5789 698 1949 6926 8023 9162 4872 6114 9094 5000 15 6047 7593 8373 1909 194 101 9015 2567 5386 3245 604 2467 1639 5259 8496 4698 5354 3867 2190 4563 8194 9218 6112 7648 6459 8670 3816 5658 9652 2940 5728 477 1371 3723 7631 4627 5477 2431 627 8286 7400 1281 9821 167 4 8492 1882 
3025 2308 4404 4318 5749 6060 6834 7710 4131 3941 4560 8285 7724 3451 591 2907 5211 4041 3437 2533 4746 9739 8513 3547 350 9267 1434 3356 5308 538 7021 889 8023 2123 4326 9104 8589 116 4483 3699 8467 9204 9019 8460 7600 6865 4117 8912 5089 565 1431 5383 6212 4241 9081 2226 8713 6318 8859 4175 3330 7494 6954 5906 2212 9823 6535 2962 3647 3638 8856 5594 6929 2259 6421 3421 9629 3116 5398 1646 7306 3216 7499 9881 2312 1079 2065 7647 4551 9134 550 9014 9813 3178 8013 4247 1316 1830 9434 4084 
3218 8733 7747 1281 7840 535 5049 1344 5160 7510 1214 3702 9631 4036 1395 6749 5020 7029 2741 9363 1733 8417 4026 3833 7625 4800 9865 1735 1030 7721 8929 1285 7961 2742 8685 9052 2744 4242 1404 881 2546 4590 8800 3718 7840 4460 7579 8228 7830 5529 9783 2786 1873 5002 9496 3486 7709 5063 4174 7440 7726 5441 2134 7930 5950 1266 6841 8995 3915 7037 9086 3398 3908 7739 3145 1915 8706 5429 9944 8406 7903 990 1973 7589 8864 987 6179 162 9160 6459 8848 4435 8121 4170 2449 470 2367 7875 5734 2509 
1861 7397 8311 9831 9840 4108 1 9601 1307 348 7534 4852 5945 6405 7599 3470 2426 2563 5885 7521 4154 3822 8602 6533 8844 3624 3188 5425 2204 9725 9543 9414 4094 5766 1090 5853 3346 6534 4868 8017 7111 9672 2979 9679 6932 2528 4503 8798 3943 5586 6533 3942 2233 8141 881 5876 2339 590 58 9170 211 3414 7152 7946 1230 6658 2086 5786 7648 2381 8914 1666 4065 6261 6160 440 7041 9380 4953 9438 4123 6410 9204 6032 3503 162 3097 4733 6821 1947 8959 5947 5553 819 4701 8636 3365 3635 9563 5973 
2133 7942 3219 6986 3184 8597 7377 2577 9890 2896 7292 6061 8144 2602 8128 1634 3905 3441 2786 3913 6491 8166 6979 1268 2545 373 3323 7656 4355 3340 9071 4974 3665 9328 6258 3963 9121 6999 6749 7512 3264 3756 1580 9525 1456 7669 8042 4651 4969 8780 9006 7121 7841 1507 1822 7346 6704 1210 8187 5811 4077 3743 3603 8669 2025 5690 732 7530 9513 6536 4133 7985 3029 1254 4785 4952 1489 8982 6162 5459 8325 5888 2068 9491 1808 7869 6499 1583 382 571 7448 1056 5433 437 513 6237 1650 296 2995 3140 
9157 4951 2800 3834 839 2291 5903 6683 4552 4463 6533 9108 5034 3981 2379 9415 6379 2880 6280 923 7931 9265 3919 4896 9428 2374 4048 3263 9565 2691 5518 2600 6791 7745 1742 1616 8284 3002 8609 5445 4376 3394 8325 656 4939 7981 9519 8948 9629 8563 654 2320 3254 9112 8178 6759 7206 1001 4727 9285 3146 5878 7522 6047 4203 8179 8410 9470 2743 1833 1972 2921 1601 9927 3922 9534 9386 8149 2645 2944 9151 1129 7805 4276 1089 3684 2681 395 2423 4568 9260 580 8069 7701 5986 6578 529 7875 9396 4954 
1761 7751 9527 3535 5106 7059 5741 5721 4030 5834 608 6375 2539 53 2954 9533 3285 7250 3444 4070 2544 9920 1976 1482 9839 6330 603 8737 3353 5822 6830 4632 7821 9437 6340 8884 5410 60 5720 3397 3736 574 3669 9488 4146 513 51 3777 3487 4805 6545 5292 9582 7136 9289 1703 2023 4160 288 127 3570 3588 4618 8157 4398 1729 2608 2529 7305 7245 8940 9910 1427 8817 5790 7594 9493 97 8717 4078 756 5667 3477 6964 5031 1120 6234 8267 4882 7729 7848 5316 5314 3356 2378 891 1877 925 1330 9367 
9232 9429 909 6854 2842 21 4743 1933 3663 9568 3492 2745 7355 303 2237 190 7314 3659 3930 6324 3010 8131 7164 2792 1799 4967 4773 695 3454 4590 7319 535 8123 4206 4244 7292 258 8965 9760 5852 9657 6997 6334 5825 1719 2066 4075 3253 8007 3640 3695 8013 5553 6478 3992 3494 6265 1605 5977 2534 2581 4817 9550 1824 6433 1330 1177 2349 9341 5948 8878 4351 2094 1089 4869 699 3570 4624 8369 5916 42 4878 6317 8571 116 1508 662 1310 2117 1950 1141 5089 105 9563 9342 1314 7860 6164 4746 1799 
2205 4877 7634 2543 4055 7404 6802 8433 4602 145 5536 2318 5735 3155 7028 5461 59 9186 4105 7521 7278 7062 9725 6441 1556 4970 7282 1878 4468 9425 7141 8147 8724 8039 2394 5066 1085 9149 5918 5210 1341 5008 3640 8684 1949 6365 4374 112 2102 3282 8284 7419 2154 2512 9523 1253 8105 1931 2657 4766 9494 7252 8576 6040 3609 5126 3273 3636 5411 6268 6204 8076 9989 1548 4773 3180 3774 6331 4479 3782 4223 124 5768 22 5186 5460 8714 573 9325 9880 8522 7933 1551 1543 3044 664 8919 5337 6719 3064 
207 1395 8034 3705 4701 5019 1923 7664 286 5110 5728 6659 8759 7305 7489 5525 6247 5095 2190 3390 1534 6793 7368 4257 2906 395 1007 8216 9412 2811 7835 7585 9894 4562 9609 7015 2212 6466 8956 7433 7716 1258 9899 2848 3688 4806 281 5243 5424 8555 2818 4176 7268 7427 3031 7816 959 3263 3561 5376 8300 5358 1344 8070 3279 3082 4959 7625 8186 9702 5868 9277 6623 2233 1604 7368 3226 7203 5389 8172 7825 378 7683 6263 9350 8212 1638 2139 4310 4640 6663 4442 2691 3353 5897 3210 869 3628 8118 9717 
2 6931 1650 9471 6161 2671 4841 8309 418 3914 3925 541 7839 8882 4714 1533 3214 9240 265 5290 3355 8210 9516 175 5536 1023 801 2074 62 2805 4998 1035 9049 3806 8944 2626 4912 804 9806 6335 6664 8844 1340 4618 8165 5848 8835 8179 917 8120 6264 5918 7751 4964 114 7126 7750 8208 1238 9002 4335 4066 6275 2667 8868 2198 8775 8184 2580 170 5499 1931 7979 5192 5081 7161 5943 9459 4133 2077 6297 1668 5388 868 6456 2549 7845 2506 3048 9936 6709 1463 7451 245 7369 1111 973 7261 9795 610 
7371 1094 4236 5056 8927 8156 2649 2893 611 4447 2798 3631 3409 1647 9093 8895 7822 6455 6991 7370 3885 3403 6868 277 4670 2565 612 8602 1945 6751 3380 4758 1913 229 3335 19 3583 3147 1061 3598 706 3330 8463 6925 5653 3529 2871 2532 4653 7102 2392 6545 4047 1151 6804 2952 6457 1765 9328 7557 5393 1504 7142 5322 2682 3995 375 9464 2525 2730 9108 6651 5852 2917 1710 9569 4162 9393 9762 3636 8204 3670 5558 9598 9086 9991 7330 9010 3330 9059 7561 7748 7400 2304 4762 5620 9905 4957 8992 845 
8214 9802 6197 6071 9500 5609 542 2556 4337 9072 7503 8344 6668 8694 1240 6833 9451 2776 5059 5749 2481 3449 7901 3561 8779 8070 9029 3306 5016 6658 6913 1711 9686 1695 9211 2642 1736 1485 2468 4662 5653 8727 9487 4146 7182 9248 7962 9554 4803 5089 1123 5290 3977 6291 4123 3191 7426 9008 1902 7353 5902 3561 2631 1018 562 3388 3377 9217 8810 7397 9714 3435 8007 716 6937 6231 867 1517 5492 3025 2124 8282 9113 5521 1432 5599 8681 2041 6076 3945 8054 3659 9438 1079 5783 8424 552 141 9254 3138 
6910 9614 878 9360 485 9145 6365 8521 9967 4374 112 8033 1192 5803 9160 671 7489 2989 5459 7660 245 7186 2395 3467 7999 6332 1921 612 6589 7130 5820 4433 2436 8058 6535 2448 5691 2234 1949 823 2427 4010 9911 7421 51 3857 1915 4190 9401 3097 433 6545 2901 929 6585 3881 581 1046 9625 2090 8802 1672 9002 3468 8090 9840 1463 4991 5845 949 2132 1542 1480 3554 3989 2080 9875 8205 9213 831 921 4161 227 1314 9146 2129 3542 6140 3884 5964 6748 2834 5677 7457 8192 2430 1197 1921 4000 6053 
7885 2900 2173 7605 7679 8418 126 2900 9901 7439 2723 4490 5762 4554 6986 4634 8247 5433 9283 5995 9430 3412 9049 5409 1879 9645 5508 8222 9657 654 6491 7608 6615 1619 2272 7521 2945 3837 485 1613 2713 9154 1536 384 1762 9940 797 248 9154 1740 1930 7576 8667 9944 8357 8298 4292 5472 5344 3560 3074 3985 6133 783 7437 8409 8052 7871 6935 871 3805 2208 5868 5053 7878 6357 7322 835 1266 417 7698 1838 3539 7786 1008 1845 7949 6261 2349 8898 8198 3280 5855 340 1043 1827 5723 4210 7518 9566 
428 8336 6366 5773 5100 138 6307 3838 1337 6040 1999 7105 9576 91 3249 4117 6686 1362 6882 60 3739 4794 5011 7845 5292 2133 4758 6928 6211 1251 4354 8023 4660 9952 1160 2270 5533 7476 526 6215 9406 8421 6257 5638 6507 2764 2209 9250 1304 16 1877 7499 9949 3750 2012 8711 5059 4919 3442 4077 142 2570 9305 3249 9846 4525 3788 6534 1418 6767 4834 8098 4689 3375 1719 9079 9503 8214 4725 4678 2105 5435 1087 4596 718 9354 6514 8703 7679 4545 9615 5826 4383 9621 3099 4449 91 3955 105 4988 
7913 8702 4640 8004 185 8823 5359 105 103 5516 2643 367 7382 2570 921 5297 7671 7212 2392 505 1089 4963 7795 9055 3526 9281 6260 6683 6993 9416 6617 1228 7057 4335 4907 8780 7975 3404 1541 6106 5060 9686 6205 4429 6731 5845 5192 4596 1430 1359 2347 1616 1867 3420 8380 8927 2830 4252 9896 6271 8618 9548 8292 8995 3333 5820 1100 5750 945 3999 1198 4163 7135 6101 3083 542 7079 6430 136 6538 2380 5855 7183 2891 6419 6862 5563 8533 4654 2081 9130 2764 9102 3005 8493 4252 1933 4093 3742 1670 
7767 700 9005 2697 1056 9146 1071 9580 5731 901 4482 2615 8256 1135 3394 802 4870 8556 3589 4056 7753 6131 6742 3889 2037 6620 3284 1688 2500 1702 5250 8636 6850 7486 8134 5881 4596 175 3573 1365 5057 1943 3545 5555 1666 3028 2954 9533 7250 2307 3782 3444 4070 6414 2544 2853 2759 7857 7431 1219 7770 4454 7857 2681 5875 8241 1951 2827 9035 9065 7625 7007 5702 9617 3442 5487 9641 7837 3623 6601 7314 9656 1294 7263 9220 9964 1145 4576 9229 1271 4139 8966 4461 7072 5381 5168 1020 8426 3537 5611 
1730 9863 2301 2866 4057 2941 6291 8268 6279 9973 8408 2932 9716 2545 5714 4486 4775 8591 8271 4340 6700 9245 9283 1940 9282 1180 4071 1569 6312 1089 4514 8049 5760 3681 4822 1714 7182 1508 1310 499 4328 8530 4434 1950 562 5041 3552 9563 4410 2940 1529 1749 1202 8042 2421 3259 7703 4452 9143 825 1691 1578 9468 2728 1813 6305 890 1812 1104 8369 5674 5679 6472 1265 1429 3070 7126 5109 3274 1370 2207 7108 4785 1108 2855 1778 1207 2346 7879 1470 279 854 664 6719 207 8858 4701 3610 9532 1076 
7687 2958 9373 295 6092 3904 4525 9735 983 510 447 933 9230 5180 7671 5560 7102 6122 63 4542 4330 6652 3654 4432 3317 5774 5858 2320 6590 9640 5390 6486 9533 695 9989 5446 3024 6962 8770 3201 510 6040 8262 1597 5281 6649 6673 6236 1574 4598 4157 7358 6450 1587 3750 318 1205 3365 2661 6636 8634 1023 9530 4298 6193 2965 647 8165 7419 8862 9025 7949 5916 3462 2830 3952 5553 1965 8527 5736 9479 8013 2860 6983 1570 838 9093 6886 1409 6131 25 7638 763 8778 2311 4244 1962 5573 8559 8146 
5698 5141 8198 1399 5243 5122 4915 3693 2489 4377 6292 4069 1820 3031 4822 7816 3171 1908 2156 4927 8364 4397 6736 7961 2569 293 1217 6773 2664 4838 1123 8017 3056 6598 712 5046 5946 9514 7077 7282 2230 1901 4851 5715 468 2809 8710 5140 1452 7053 1089 2035 8677 8338 1489 4440 3150 3482 2760 9813 9692 9779 2562 7568 2166 1345 4566 6793 3340 85 1961 5694 1739 9181 4913 6319 8140 3212 7475 1829 4396 6402 7239 6587 4948 7140 8094 6463 2581 1124 1859 4854 7723 7242 1965 1795 7770 6312 1629 8231 
5196 5866 5267 3591 3835 7711 7258 2455 1517 4536 6650 1272 9542 3056 9205 6504 4035 6278 8039 2868 2323 5124 9439 9755 3637 4269 1441 9549 5340 3170 7724 7713 8499 8945 6149 3454 9718 8069 430 7470 1324 8698 2789 9143 3761 8819 5075 5669 8678 2631 3314 5560 175 7176 4663 2245 1314 677 9179 8269 2079 3186 1076 8797 1333 2482 7016 8403 731 4616 6390 1241 1209 4197 7457 4153 5507 6623 8414 9400 2728 3618 296 5624 7493 2577 9710 5614 1431 6212 1626 3718 2132 2962 5640 2132 3554 5061 4835 9875 
1348 2663 3534 427 4906 5333 7082 115 860 3074 4766 5697 121 8540 8426 5871 6998 7041 186 4822 2108 9779 6285 6043 5135 8566 6522 9681 2363 4932 1217 3603 9486 6317 707 8567 6168 3864 9819 7346 7396 2807 8924 1126 1383 6841 6378 178 2326 1590 5114 9408 5629 2039 6814 2311 1948 4615 2844 348 5483 8872 3746 4531 9086 3095 821 9451 3144 3662 524 8779 2668 7336 9782 4342 2356 2872 4594 397 5113 9517 5545 9433 69 9372 8531 6265 5356 7248 8971 3640 646 9768 3880 6613 4841 1646 9904 9401 
2917 7243 5641 5432 1932 1342 1966 8674 7773 1470 4833 4863 5337 4058 2976 9082 7284 2614 2052 2499 7904 4995 9004 698 1342 9645 2126 5760 3681 6109 9261 1478 4378 7779 3831 1976 8679 4308 8409 4828 8824 3915 8969 3461 2621 3016 8015 6548 4205 9309 3176 3554 5184 2569 24 9403 2351 719 1229 6133 6092 1645 222 2681 4492 4158 4370 8576 6414 4410 6102 2940 1529 1749 6291 465 666 9359 2996 3739 5268 8140 5076 6804 6278 9210 4590 6210 1236 9025 8331 8368 5711 5222 5628 6862 2815 7877 2425 3711 
5975 9651 8856 2479 8115 1471 5580 3438 1055 4409 5993 6561 5072 9858 1263 681 6863 8744 1459 7308 7461 5518 2425 5975 2479 8898 1471 6786 3591 5340 9141 8477 4418 5681 8506 3828 1063 6315 4708 3257 1207 284 1449 147 8885 1902 1475 8919 2664 4701 9532 1076 7687 2958 840 3904 9518 9735 9720 1694 8643 8000 9606 3736 4604 8885 3485 6862 8873 1756 7775 5776 1908 8812 5403 7400 7304 2613 2581 2232 2379 5571 8309 5520 7601 6707 5175 7364 1849 3877 1225 8089 6379 9342 7113 2019 1925 5272 2287 9652 
507 2771 7521 308 1909 855 2596 7679 1503 1187 4485 7326 9842 9209 1404 7494 2453 4710 3324 6125 3192 8874 9659 3341 8364 7626 9605 5540 9790 7963 1487 5072 5293 3920 8653 4870 939 2125 4551 8566 5849 6308 5432 944 2228 1663 377 2592 9716 1360 3452 7905 5103 7429 1425 4140 6696 8504 5094 9995 2948 7136 1393 9191 1090 5596 531 6488 1582 6405 1159 5705 3227 2727 5087 972 630 4096 646 6853 9693 9661 7311 5533 5490 8788 1204 2845 151 183 8686 4520 8359 3216 2849 651 2892 1578 9465 1549 
87 7149 9964 485 1831 5352 6732 7436 5877 1567 8402 1201 5648 5603 4135 7286 3144 3718 316 1028 3548 1769 3666 3390 8243 6463 5302 4468 4947 4308 5197 7389 9119 2877 6279 5922 4757 477 3660 1994 2225 7370 7328 667 9553 7664 7892 737 9237 4167 6449 9210 5675 4590 3261 3250 8648 3541 7569 8184 344 3845 1486 5663 8165 5681 8862 5192 2569 741 4770 7431 6147 1026 9051 3150 9136 530 4961 6417 878 7735 8901 8864 461 4021 2241 2923 5804 2830 2766 5728 5072 8783 3647 377 7454 6534 232 961 
3896 4593 5610 3768 5042 2325 4194 6242 120 7182 179 9845 4993 4805 6270 8613 8277 238 6861 8158 3039 684 3328 319 2458 4569 4958 3495 357 2070 785 905 267 3596 4424 9128 3359 7949 9498 1038 6616 3754 7899 6828 1001 6300 3542 3349 1531 2866 7334 3893 6795 4802 3109 625 5823 8781 1376 2650 1254 7933 3951 8851 2866 3830 8978 7382 8510 7421 3502 8474 3393 8755 6943 4863 3349 5417 6877 1680 1988 5110 5541 2130 195 5644 1691 1170 9150 3121 7616 131 2017 3377 5951 9472 3829 3445 1305 9814 
6319 7062 6442 6361 4747 4223 846 1148 6896 7986 274 7750 31 2446 9988 7639 583 5700 6055 7134 8566 5384 2728 650 4062 1103 6832 4671 4042 1464 5258 501 5257 1770 7453 5906 3878 6001 6663 6241 8497 2612 1680 3765 8166 5328 208 4894 7775 8498 228 4441 4684 9119 5859 5601 9683 4862 5655 9920 7962 2571 586 8152 218 1103 999 3657 8143 714 1026 1631 6014 2737 41 5299 2863 2759 383 3228 9066 4209 5191 4476 3565 9769 3177 8197 992 5458 9923 7863 545 7153 4229 1948 8141 8867 7534 7523 