8415 1269 7248 8549 24 8876 3369 9403 3981 7581 150 6379 3782 3704 2431 4421 5340 320 8477 3630 463 2346 3828 1470 7933 6863 944 5498 1703 9125 5997 9210 1726 7102 2588 3739 9960 6452 7963 1323 2120 8747 8063 2277 3799 9514 8854 3860 7140 9964 3152 4767 2985 9344 3119 3541 9355 3024 195 9975 3355 5801 7315 9225 4803 7827 9860 8485 51 1279 537 6749 213 6581 3899 3585 8124 4981 3123 2479 2847 8206 7546 7483 2079 7466 7079 5789 9886 7790 8218 6081 1379 3111 1302 4768 4244 2789 1724 9759 
9022 9242 9748 8800 3718 8311 7045 3752 5713 7630 6639 6546 4987 6616 9153 1280 472 5913 4889 4101 8689 6986 5769 5298 6520 4661 2829 6918 4206 1316 5780 8017 2252 5464 125 1661 1746 1824 5607 9496 1868 5767 5552 3639 3365 8307 3771 3911 1924 6100 7154 4582 8990 6203 124 7159 7195 4221 4235 5679 9437 7603 3749 7803 268 5674 5112 8631 3516 2967 9431 3586 5927 8582 8304 2306 199 7968 835 3984 8187 4395 8570 3739 9960 9564 6338 4108 2487 7366 9528 8419 5514 7826 7853 9028 3365 7056 6424 5744 
7846 8400 4284 2941 2478 4416 3657 8260 7715 6913 5417 2135 1592 5692 2568 2107 1816 6458 3338 6021 7495 8514 6266 2498 4032 6457 173 8325 8815 6572 5765 9797 1660 7384 7012 1058 1080 480 7759 74 5066 6297 6889 6286 3051 7890 2726 976 6058 5142 1406 1101 6133 3857 9821 6267 4446 9089 560 8428 974 4862 5060 2850 2446 3617 4415 8424 2251 7032 6112 7791 567 3216 6500 8732 3802 357 774 4226 2521 837 5458 498 8812 1579 7652 1841 3201 8624 9134 7203 9014 2629 4717 4247 810 3309 259 4436 
5535 6998 187 9212 3684 5751 1131 9157 1887 618 562 1638 4488 8964 2713 8491 505 1394 775 9355 9788 8170 5028 485 5193 6371 470 4578 3933 5424 1041 3491 870 5603 6317 5875 1182 1293 1055 1001 1394 7402 3737 3572 8905 7759 9920 1829 9239 1639 9122 1236 3312 2374 351 4873 2197 8354 4326 5497 4659 3766 996 4059 3630 1063 3257 5542 1207 284 5685 1449 3525 1006 5148 2066 9998 1475 9196 1075 2257 6713 2664 8030 4269 8858 4701 9532 5517 7774 9311 7609 9720 4295 626 7704 6726 6461 4288 3583 
5663 5497 3994 7427 2194 1923 1527 7972 6374 7780 6025 2702 3828 7188 766 3242 2370 9461 5925 5093 1188 7277 2254 8591 7909 4434 4172 8919 6719 3064 4269 8034 6798 4896 2901 3610 7022 7684 6092 3904 4525 1869 7552 3450 8927 2893 1906 8106 185 406 3631 1647 1369 8895 4498 4857 3403 6868 1599 5753 5024 4449 4650 4026 2038 2799 7348 171 872 1575 929 119 4934 3357 1924 5430 779 7250 4467 7785 9071 2623 1051 7869 9425 8364 6359 9264 2032 4166 2446 2881 3516 6024 3763 117 1699 9434 5767 6424 
6482 7116 7332 7231 7449 9991 7809 412 8839 3643 9277 205 3727 601 4765 8348 9496 6408 8750 2856 1122 8344 74 362 7201 8216 5642 3846 6414 6035 2327 6891 4810 4499 6934 7012 2250 4469 3730 9869 4454 6710 3558 378 5303 7260 2554 3428 3371 5968 8831 1924 2341 3002 7090 5749 7269 1121 8404 6522 2092 8955 3815 2862 3444 6306 5830 3906 8663 2899 176 5138 9246 3037 8382 3953 4674 3155 8785 472 1249 4686 6512 2197 2318 3699 3864 1887 5840 5297 7432 4256 1345 3853 7203 5216 4313 8515 8176 1117 
1213 102 8944 2201 2650 7933 1531 2866 3893 5998 7421 3502 7537 8474 1611 7686 7439 9422 5390 4359 3211 8868 5095 6040 8262 5953 5956 4684 2990 9058 1077 3750 3319 9907 1238 7487 4033 1266 458 7072 5277 7199 3851 4635 2714 2598 8319 1773 6822 3804 7353 9501 5975 442 8158 4475 8112 7989 7454 3338 3830 232 961 784 8618 5610 8961 4802 129 6293 5089 5524 2388 5797 7229 4638 6911 5491 1915 9419 5351 2461 8546 249 9160 7071 2644 768 5753 221 6849 8893 4265 9241 947 5481 1036 8877 6036 1517 
6989 2020 1953 9752 2356 3033 4221 6986 2399 7739 486 1690 5649 7313 4659 8405 6352 968 8363 9009 4999 6953 1273 976 7359 7166 2384 6268 6171 6648 5169 3521 4271 7263 1530 511 5681 116 8698 8759 7713 4936 7706 7792 7416 1837 5714 9858 7767 9133 3754 920 9381 5476 2324 4986 9802 4216 755 4874 8854 2178 3555 5650 524 9871 4479 843 5652 9002 4057 819 7961 1204 1988 2262 5673 9824 2150 2685 7433 953 1666 477 1045 6683 7580 9936 5850 5674 6600 2257 5051 5715 4331 6398 3066 816 1416 7000 
6438 149 1449 147 9592 9845 1908 572 2552 352 5631 8955 267 2484 3005 3815 8030 490 7810 8896 3471 7640 8689 9242 7269 2891 8042 7570 874 4091 8382 3302 970 2324 4345 698 1011 4115 8066 5349 5003 3074 211 7983 4941 9260 8726 5597 6605 7849 274 3951 7281 7402 876 4796 2162 635 4057 5111 6568 2012 8613 5636 2417 6941 6516 3767 4739 4075 1957 166 8014 477 5435 882 5962 3719 5121 7878 4610 6509 4615 6366 2611 5339 5190 547 1301 430 4589 3691 14 9421 6078 2156 2756 9047 3181 5414 
24 4509 7277 7226 9595 8054 9760 2828 536 5236 5116 6967 6169 4654 8726 9415 6280 7423 5121 1036 2293 4599 3944 4708 7841 6043 6315 3558 8555 7043 7506 2684 8290 9204 9602 6164 1605 7517 1079 8681 4756 5945 4732 9048 5749 1448 2314 4326 6499 4981 4203 1582 3914 9324 9565 6439 2936 5731 2613 6209 346 7760 824 8165 1061 342 2664 4211 4098 5214 3485 1603 6077 8039 723 9213 7082 9365 9608 6159 8037 1552 1330 5262 1159 2292 9834 1157 8916 7317 3305 5636 8756 1832 2031 2576 5744 2777 7532 8796 
9522 6859 911 4673 8578 5998 835 52 4567 467 1454 6602 9615 527 9992 6781 3519 6888 9346 99 1796 3213 4116 3559 2390 8693 4867 7981 7719 4524 2099 2808 5849 8817 5599 2376 4341 8905 2099 5774 6704 4086 1295 4998 3464 643 4302 3669 4387 476 1475 587 672 5931 6227 4356 1012 3368 3991 2011 1029 1101 334 1049 8182 622 1633 8062 9087 1022 5486 7796 219 1634 7080 7842 5865 8195 1037 3290 9858 6344 3823 7020 6191 1788 2197 5210 770 5742 113 4355 3492 2863 4181 4704 3471 4088 1572 6149 
894 9737 7547 9929 4452 7606 4957 363 9283 3133 8623 9010 9984 8686 5206 3781 7680 261 5343 1952 236 323 4372 7163 2276 9895 5604 3354 2755 8333 7390 6831 536 5808 8394 4681 2781 3677 7591 8211 6788 6028 6201 4977 6494 7140 8013 8506 4727 8258 9844 3596 9321 5815 7759 9333 7103 7849 3979 6183 7279 3465 2170 933 2620 518 9745 3251 6009 8712 9264 4921 5982 7236 1463 3984 7245 3583 5583 6773 7876 5335 4544 1257 4307 5487 755 777 9352 4853 8474 2697 9877 634 6201 5664 9276 7868 3318 8381 
3626 2560 8535 5554 8119 611 9005 1253 7445 2242 2704 5866 6568 6437 6516 3418 9076 5212 315 2081 27 4287 3071 1766 2099 2545 434 5877 3376 4015 3252 2476 3641 54 5549 499 2655 842 2155 3373 428 1586 4062 3460 6996 7768 1761 2862 1170 5855 3452 7043 8689 7464 8474 3446 886 8909 4075 8748 5421 1061 8525 4771 385 7869 5761 4010 8772 4630 8251 6527 8732 4325 1319 9165 4216 7564 9994 6736 2375 8942 7821 6082 3687 6619 5774 8792 4691 1474 9485 3340 1623 6671 997 3852 1033 7882 710 2085 
1744 5416 5889 3501 4344 4697 7267 9521 5220 8917 5642 2438 3355 8505 2082 4446 2130 9912 84 3709 4963 7466 7798 3623 8505 4446 9358 6428 3851 8553 2700 942 7621 3224 6129 6750 1349 7622 6817 6918 8092 4206 8521 891 4962 9078 3110 7772 4255 3922 1098 139 8913 7485 9785 5204 7925 1797 5418 3409 5730 1642 5699 8152 5393 92 9453 8175 9500 3777 5575 4791 4365 4843 9838 6110 8873 9458 7725 4661 871 9848 1821 1445 3219 1452 1972 4926 2652 1095 5348 5705 2724 217 9020 6399 3281 8419 734 3846 
97 2853 1037 1919 1918 7565 5541 6761 6944 8706 2242 9028 3962 2130 165 6436 7011 2642 9066 6343 2708 2163 6799 8002 3300 6739 8489 5733 411 7147 8335 8870 554 6564 3428 8486 6488 9160 175 808 770 3505 121 4154 1269 9613 1735 292 2290 7050 120 6880 4552 3783 4607 8268 7746 4921 1971 6591 2440 3663 5927 3785 1238 6656 9850 6433 3015 212 1051 8477 1987 4238 3232 3538 1555 4712 6920 4665 2492 4323 2736 3043 5664 6470 7450 4447 965 4698 3163 1510 5392 3103 5893 586 2857 4686 3978 7197 
6872 7330 3610 2206 3003 9142 4940 517 1483 756 4735 3919 8287 7260 7634 6990 9342 3242 3085 8457 3326 8629 2580 2467 2419 5752 1571 2468 6726 9709 3976 3500 633 1837 1509 4259 1067 4662 9974 4381 5048 5362 2128 3457 7788 8240 8132 8783 8036 4229 1809 5653 7573 7367 6300 8434 9347 1763 5226 1434 5271 7280 3157 6154 8163 1323 6449 9087 6367 1594 4455 5497 2504 9259 7760 1020 963 9925 8931 237 5261 4416 9983 5595 937 9847 5948 3943 9524 6064 5381 8955 2344 9841 7342 5304 9568 4868 744 447 
8235 6686 2414 2242 8577 6929 6421 3094 9629 5398 1646 9385 4325 5077 5593 7852 8256 8963 2724 2105 8099 4823 2981 7013 4758 8863 2296 1196 5877 3432 8495 7193 6362 3831 8826 5624 6640 6711 8409 4684 3721 543 2776 5901 5174 1716 9140 2119 9743 5651 3208 6503 326 812 2590 3119 6457 6822 3637 3956 3804 3656 5975 3251 9756 955 190 8618 9101 4129 4781 1812 7690 4232 3602 3978 9277 7554 1387 2233 1273 5389 4346 7180 6377 9540 1482 4298 3899 6424 9043 9143 7665 9848 3565 4618 2086 2087 5280 3626 
9130 1390 2807 9774 7462 1059 3983 5720 9417 7556 6504 9958 6640 2479 492 8591 2847 5625 8206 7546 2079 4908 6970 9397 621 6071 9715 8538 5812 3119 804 2336 3744 4128 1713 551 7319 4980 955 7989 232 5610 3768 852 6260 6683 9261 4917 4318 6514 5633 4310 4177 919 8679 3915 3461 5001 7248 2569 3028 4713 5557 3981 5759 2891 4194 5664 6149 513 4832 8885 1370 2980 4713 1240 1942 464 8816 3956 8206 7546 2079 1082 8858 4567 172 3807 6833 7927 9692 9313 5681 8390 3828 9752 1207 2500 8885 5148 
8125 2066 1382 9998 1185 7930 9399 9593 4135 6246 6810 3243 4226 3679 1710 7247 3835 9598 3247 3330 1092 6709 4957 4737 4152 285 7453 7313 5627 7232 673 4964 5251 1101 8231 4422 7308 4885 2776 9223 6455 6749 4165 3486 9759 3739 8841 5029 9546 3293 9933 4752 8678 1331 7844 893 3357 7360 4466 8237 1516 2560 6554 2788 1148 6541 8847 8405 4709 4586 7402 2378 5447 3675 831 7685 373 7948 2221 5673 4647 6552 4671 2685 449 9920 3146 5644 3784 6480 909 9009 1385 8295 5573 4436 9342 1411 800 3378 
3289 7705 2739 6073 2914 5100 9392 7299 5551 118 9886 7538 7001 4621 2593 4581 3714 8581 8885 9905 438 6402 9879 4641 2796 9129 2571 5554 9274 3612 1987 3207 6981 1293 2293 1329 4884 1533 5422 2515 8214 7986 9142 6388 5466 1462 1845 8281 3599 3935 410 1888 7242 3874 8904 717 5974 7919 6377 3775 8687 4510 8704 3925 4477 9663 9258 9091 640 1122 5089 4365 6102 7508 9821 9809 1075 462 7143 6473 513 8951 7193 4361 4801 4526 2264 2185 4412 8365 7099 1459 2729 4621 2914 7166 9166 2484 8455 1598 
5846 2300 8551 5575 6629 2376 6221 5930 4750 1613 1455 4 8166 6910 7291 1365 1688 2193 4776 7184 9355 5361 9913 2335 5642 3682 8276 5521 5801 2148 8443 9225 4586 7827 4374 3225 6368 3737 9758 5279 1587 1676 3631 1841 8591 6530 5007 808 5789 9098 7545 6970 8352 1002 6421 9610 1466 6296 9642 1620 4656 535 6658 9279 4340 6466 1142 9910 4839 8914 6449 5258 4427 5520 8447 2053 5162 6696 8755 3960 6880 5590 955 5529 3047 4015 1687 4775 4319 9407 723 6056 1075 896 2017 8195 9265 2486 6882 8716 
4321 1206 3547 8285 1333 768 1521 784 269 1540 759 7044 6122 4372 8474 4432 1611 7686 7439 9422 5390 1805 6536 2222 9533 8336 695 9989 3211 1304 8770 764 6040 5712 6945 5953 6649 6673 2990 6236 317 4598 4157 6450 7299 318 1205 1662 2041 176 7215 9192 1898 5217 1852 1450 725 4567 9503 3704 2431 1289 172 3807 6245 3641 8166 6359 2639 2342 312 5673 5940 6149 867 542 1634 7776 1669 2884 9515 2521 1680 4893 2931 2751 5925 9098 657 2784 8785 7586 3181 7239 4016 6543 7464 1796 229 1128 
1987 3656 5895 3051 3883 4782 5333 6976 1531 272 3916 1325 7464 2329 1739 4611 8810 8730 3801 3353 5279 2945 4709 1138 8342 3372 2011 9359 8295 3453 1018 2268 9469 6727 4647 307 9682 829 5751 5030 5087 5638 7995 9013 460 153 2962 9140 1207 6284 4280 5953 2458 4785 3862 2738 7900 8733 2072 597 3757 5691 1503 8306 6892 3328 8835 7581 5795 2262 4586 875 4378 5306 2211 4162 3871 7793 7705 6802 2355 8607 7651 5379 2064 8304 17 7303 7462 8579 7286 3407 9873 9392 7489 5176 115 4493 6430 9783 
5190 1218 674 6117 5256 4643 3660 283 1680 6373 2744 5324 3669 5532 624 7901 4587 1152 6165 9372 1738 9107 8850 3414 8163 2519 3209 9286 6481 734 5918 2660 4157 6210 3512 6046 8226 9405 2915 2582 4522 5700 3110 8141 8063 5199 552 2641 3358 9059 6965 8657 3384 1782 5630 5085 9989 3075 4298 5220 7697 6701 5425 6514 4177 919 2241 1899 5581 8662 4926 601 8238 4348 3822 8858 2686 9503 5468 6786 6833 7927 8497 3608 6669 5234 5726 1829 5461 8345 7557 2847 3212 362 2164 123 1311 356 9446 8589 
7936 5435 4999 9998 8068 3755 4670 3431 540 1483 8854 429 97 4641 515 7734 5987 8325 8137 3590 6759 971 949 5461 10 1874 2586 7905 3998 4039 1931 5351 6675 7058 5400 3460 3316 3418 3054 7724 4070 3692 5845 9785 8078 8480 7122 8481 3990 9258 7403 9335 8065 2770 8725 4005 7461 894 6504 701 3661 9924 7028 7006 4211 6971 4488 4091 419 6166 5220 1532 340 1618 7499 7379 2018 1293 9679 3442 6603 7206 2537 4267 9495 4696 3624 6443 8899 2696 3100 4348 2754 1262 9193 3729 8775 5169 2465 4517 
1909 9730 6329 2242 9060 3264 5205 5869 2277 8951 333 9555 8667 9512 3517 9259 2676 134 3810 2954 2564 7973 1698 2062 8556 4350 9591 3481 2555 9076 7050 3509 1307 3266 7308 1907 1807 5898 2933 5211 6810 4908 5649 4579 8744 7199 3845 574 4856 5733 2680 2312 3749 4365 4272 5523 300 3734 6052 146 4875 7499 2185 2989 3619 8803 2611 8168 1936 396 1665 8387 215 8188 4447 9999 2752 512 8544 5700 2026 7625 5134 4062 9938 2260 5793 3109 661 2688 7218 1928 9715 7403 5406 7528 8719 6065 6727 9107 
7157 8951 2832 6582 1156 724 3952 2996 2876 9261 6098 4386 8626 2200 5501 9286 5289 3038 9177 8497 7710 3145 982 5671 4797 996 2752 8255 2027 5290 1884 2142 3117 9308 423 7311 8643 7872 5782 8358 389 9362 6061 3112 3767 1758 8103 1766 1761 3385 2258 9273 5263 717 9396 8749 4390 9261 6963 5215 1314 4177 7996 1649 570 8470 935 4357 2822 615 8599 9713 7248 5657 9439 9013 1624 774 9796 3397 4503 8866 7541 4520 1404 1490 1286 3423 4732 5908 2871 5979 5103 9353 5483 6273 582 9069 1015 8575 
1371 3543 6782 2487 1680 7780 6240 3527 7432 3954 3368 7797 3617 2725 5411 9900 3443 9318 3249 5326 960 3960 838 4499 6829 9105 2311 5514 1775 8346 8624 3907 6152 2650 7082 9138 7961 9825 7219 9655 3476 5281 5620 9929 9067 9665 8609 2798 7517 2524 2121 1416 9773 1752 7741 6437 9892 8569 1027 8490 2400 9801 9265 6896 481 7455 7662 8690 9438 7928 3084 7801 9480 7864 7227 2307 5494 8118 5047 6279 7416 7833 3689 8288 6476 1943 9655 6672 2833 2127 3619 7008 3818 7992 1139 1296 8066 5328 1102 4438 
5021 1696 5359 655 9966 9175 4675 6651 7017 8691 947 3717 3088 1405 636 6193 942 992 9651 9819 4055 487 6923 6806 9690 6673 4997 9142 6909 7197 9388 1323 158 9471 69 4316 2450 9664 3301 5589 5060 1481 9478 361 9390 8178 3235 1938 9712 1124 330 522 18 5420 6270 3599 5485 960 1816 7664 106 6830 4110 9462 1380 7759 8869 3344 8204 1431 7280 1754 9918 7588 8540 9527 4850 6604 7339 3862 3546 7657 4844 3415 9225 8121 3885 6556 9404 2947 5498 515 6502 2318 1753 8468 7084 8456 4016 134 
5246 7254 7565 5983 6034 3832 7290 9240 2817 4579 5059 8640 2215 4550 4885 3427 5068 3026 1393 3116 7881 556 6197 9488 9094 5002 5520 9316 4487 1751 792 9315 757 311 8414 6148 8393 3540 381 8313 5163 7457 2868 2472 9062 542 2501 3780 3120 993 820 7986 2135 5418 4235 374 4044 7248 1456 309 4462 2052 2492 8011 9753 6138 9430 2168 2397 212 9959 4346 1049 5895 5526 3609 3752 9800 6426 7945 6901 4221 4151 2103 8025 7417 8498 755 1056 807 9190 566 7144 681 8923 7944 9540 7987 6302 6519 
815 2566 7716 8674 33 3248 3566 4098 3838 3108 4733 7964 1618 4606 262 8271 3639 9435 7576 8807 20 6345 1321 2280 5127 5577 7540 3486 2545 9755 6187 7569 5533 6729 6657 6770 6411 3115 721 4676 8569 2321 7836 3731 229 7034 4104 9440 6880 4519 6087 6508 3593 6979 3502 3619 5098 4075 8080 890 1550 4960 8154 2508 3177 5884 4453 2187 9144 6124 4112 6695 366 6089 2092 5973 1559 99 7986 3418 3911 3289 1966 4456 4811 5994 5304 7939 4728 216 1594 2122 3897 8534 6855 843 2902 1449 9462 1538 
9815 854 5019 4434 5842 7168 1927 8410 8511 6549 8437 1850 3788 7798 8736 125 1754 5937 5252 1530 2210 9854 3685 6196 5000 4200 553 408 7543 6776 6514 7873 2074 9370 5814 7060 2831 5893 4344 40 1940 1759 8190 7942 1452 1902 2463 8640 167 8720 4373 1161 5133 187 7961 1290 7197 4722 1136 2081 7604 2516 2023 5343 1244 6669 1622 3886 7886 8946 4012 5145 2634 2137 7206 1624 2994 5364 5980 3469 115 7973 8083 9856 9468 9000 6005 2248 1957 1111 842 7236 2611 7361 4437 819 2060 612 674 229 
2546 4623 3430 7594 7565 1598 4423 7735 466 6917 8558 2720 2523 4941 5219 9345 4469 8156 5081 4444 5605 9947 5465 9846 6681 7417 3115 4322 4293 5451 7702 5373 6865 555 4219 6127 8766 8014 3205 8703 1464 407 345 8175 1794 8825 2039 943 7214 4326 9577 498 6945 8260 2712 6205 2541 548 2009 3153 4833 1667 4939 2961 9321 7246 3749 6748 1162 7897 4347 2954 8237 4753 8849 9364 2334 2961 3602 8943 9938 2719 9673 1362 8442 280 5286 3313 342 9879 9340 5653 3458 2105 33 1896 3580 6210 6668 7090 
4798 5689 7524 6365 4267 2612 7929 3319 849 7038 9800 5716 3933 1166 6435 5462 8445 5853 9159 5417 6278 7322 8239 8963 8227 7479 307 3254 577 8102 1496 9462 2794 3355 6956 6093 2182 9592 1404 9762 3274 7326 602 6545 5987 4431 1341 226 207 7845 2304 2268 8434 7117 9635 369 851 5454 5977 2195 2774 1072 7656 5935 5464 2908 7184 6035 3961 9449 377 8589 4041 9193 8532 5972 9719 6096 1017 6155 5674 9085 322 7296 2301 6773 4195 2829 8591 257 9576 1956 5445 8433 9565 8389 7372 3505 2898 4426 