3647 2591 8862 3673 7468 9125 8112 9756 955 7989 7454 6534 232 784 8618 4593 1912 6388 5101 663 2765 4026 6932 9628 655 2136 4796 8796 4406 6957 1499 3720 9642 9624 8157 3914 754 2248 7418 3800 7217 6903 8051 7719 1263 6948 1259 2364 5700 6267 8313 8615 2553 2166 547 7317 9677 9011 1920 788 7071 7267 7856 1328 6023 3420 1805 1279 3724 2726 9902 7087 1434 266 5271 5753 4097 8163 2218 1226 9792 58 2699 4763 4402 1366 9033 6344 9590 1781 3999 6608 7975 8417 5922 63 4330 2339 2494 1611 
7439 6452 5762 7608 6845 4710 714 6640 2692 1107 4962 7705 7079 2429 4908 2234 7545 9578 6970 4540 5537 1375 3333 6700 7008 9969 4314 3669 713 3074 235 6236 9408 5020 2447 6428 742 7951 975 6972 3816 7882 6973 7309 3896 3896 8200 1067 7234 9236 1910 3815 4926 3184 863 6714 3521 247 109 3294 8427 4568 3862 4536 2051 4355 280 2962 9355 4117 7892 3128 1197 6409 9275 6157 1836 8243 2886 9508 4274 5457 8391 4445 219 6859 4613 5982 6201 3737 9653 2341 9548 7266 9762 2970 4720 3226 7699 149 
5337 5333 955 2427 5797 1596 5576 352 5576 8655 8181 9715 4563 7102 4747 612 3164 5093 114 4878 2348 8919 8634 746 1329 1023 9530 6635 6193 4033 3411 2093 530 6688 1017 4996 9098 6433 9475 6027 5408 1158 5018 6705 5845 1962 1986 5122 5616 9631 8677 3442 4480 8730 2278 2351 6633 8287 5816 8824 5778 5646 2290 2225 5822 1816 8532 6832 4042 1112 5714 8578 501 9875 3960 9480 2338 5088 3047 8788 1687 4715 4319 9270 8879 6056 1254 9539 9186 2017 3817 2486 9837 1830 3329 1125 4321 1206 2644 7286 
6252 9850 9977 5644 7276 56 3425 2724 9271 3275 8789 8875 1080 8932 439 9596 5117 9828 3910 6078 6841 2946 8862 9323 3673 835 3984 5997 8187 8783 3739 6452 949 8792 8747 5905 3286 3679 9460 2484 759 2945 7044 5637 8850 5969 7684 9692 8725 5337 2353 4135 6688 295 8706 6472 533 8565 6895 941 1920 1920 9757 3004 8843 1579 5425 467 7596 7652 7409 6489 712 5873 9342 9809 6181 8181 9715 7367 3924 7102 4747 7588 1797 4878 454 1003 8919 8634 9439 5814 2392 8921 4890 2647 9790 5563 7800 3079 
2047 2728 542 551 9501 4980 8112 2069 3783 3338 3830 190 5610 1912 8961 5101 4303 876 8485 4093 1588 1967 2007 6858 6793 397 2421 7612 6098 9725 6464 6447 8741 9888 7030 5362 3789 4405 3119 1751 9380 2671 433 4393 1604 9497 8520 6534 5035 1150 2069 5627 7232 4960 4964 1101 8348 557 3638 1391 8107 237 6529 5235 7081 4224 2267 7974 4411 2897 4468 9425 7141 1227 432 6151 8862 7627 6173 2990 4045 7455 1832 9720 1819 3693 542 9157 5830 999 661 5594 5118 8696 2415 2680 1287 8412 7587 4688 
5377 9706 5101 9771 1893 2653 9430 7418 4825 9603 1333 9986 5733 3506 6011 4473 7446 4876 298 6083 4068 9808 4799 3172 8664 9163 4166 8127 5532 6746 7394 1837 216 2466 4578 299 3581 3228 9277 4048 5262 2398 2697 4738 8679 1866 4428 8895 5053 1452 9003 7289 8618 5629 785 6194 1376 1948 9994 4615 9105 3109 8872 8706 4501 9086 9451 9663 9657 6506 6628 2112 7336 1472 4342 2356 6359 4055 9517 953 9369 2430 5162 9653 7229 7024 1377 586 4641 2991 1671 2141 5499 926 9244 4803 5733 7110 960 4946 
9057 1228 7057 4742 4335 8824 4907 9344 8780 7975 9549 6106 9686 7424 1759 2307 5922 5267 5749 6279 7116 4445 7424 1356 289 7476 6870 9400 5821 1939 9502 2496 1230 65 5102 2687 4252 2716 8527 6098 4564 7989 2179 7282 2221 6059 6663 7180 4948 2345 3770 5173 9273 5846 9822 7117 4086 2456 6758 6402 9500 861 3460 5649 9178 3885 4984 3081 9654 7168 4808 8363 1836 9877 8798 2685 7287 7433 536 953 1666 2379 6683 936 7964 8547 9778 3832 3055 360 7391 4796 6599 3799 483 321 397 3266 4969 4703 
474 800 3193 4565 5551 3267 7522 1452 6092 7845 8935 2783 8382 1803 1172 9416 7345 2739 7034 2991 3496 1459 8600 5309 8092 4920 2035 8457 7972 977 2436 2995 4657 2621 9658 298 9782 4691 3515 5184 496 6604 1043 5952 7127 1427 9710 9994 5482 1984 5781 9208 1379 2342 3385 8469 2818 5513 275 2273 611 4839 5505 8995 115 588 1080 6098 9355 7504 805 3477 8018 6472 3976 5992 4472 1185 9905 7807 6784 5494 4055 6925 4893 8969 4074 6619 4284 6568 5960 8979 241 7343 2398 8790 2136 9325 3619 8502 
7351 6431 450 4503 7213 7853 6702 74 8602 7315 2982 1868 2051 8463 7790 9865 7388 3502 612 6257 6307 5716 6174 5297 8220 8200 6418 7552 8994 8695 1185 837 1415 4520 2585 8812 46 8374 2600 4296 4551 8297 9592 3203 8207 4790 4941 6621 5750 5598 1019 4411 1805 8419 5901 1164 2166 7034 890 7335 17 1696 9986 4135 1033 4312 1217 6153 9447 7581 5731 1595 2750 2142 5121 6291 4289 6614 2966 4758 6896 6820 3733 5477 319 63 3738 934 1874 7980 5664 7472 7327 6638 8239 2834 7725 3007 4654 128 
8478 172 4485 9618 3247 2273 8963 6688 1906 8973 1368 825 6489 4108 1847 9593 2743 5180 5738 3890 8826 6412 7197 3368 9342 1568 3598 706 3330 4365 1459 8463 6144 8612 5653 8286 4445 9562 4409 3899 4468 4680 7470 6542 5107 6979 9094 6800 2396 3241 2308 7116 9173 4333 625 8781 2650 7933 1531 2866 7334 1587 1676 8119 3324 2423 7363 5580 3791 1018 9332 207 5410 1071 9725 3568 8104 2007 3980 5459 1714 4294 7685 6776 1873 6572 8561 1849 895 6058 1666 8911 334 3832 2057 581 6765 8925 775 4518 
1459 3409 7166 9166 1905 9530 8455 674 5582 1159 6785 7333 3238 3149 2502 755 4527 5311 8854 8549 8955 4702 7911 4701 3555 8919 8543 5225 3561 524 6619 9630 646 5465 1972 7634 7706 5815 6429 9277 7221 8384 6449 4922 3569 9148 3605 8535 536 8171 2894 1703 5010 5017 639 6911 5153 8121 3591 2948 8477 9472 1207 3828 1063 4570 9891 3856 3501 6130 4709 6123 8551 1978 8156 4447 3631 2601 1542 7822 7989 3346 2592 4498 8956 8995 2339 612 1761 7319 1945 8298 3613 2608 4677 3449 5590 9149 1683 6041 
2276 5379 8759 5958 19 3583 8144 875 2938 4496 312 4561 2395 257 2519 3457 379 689 526 3732 9643 556 9370 8872 8499 3366 3371 3202 5610 2292 9646 3207 153 7433 2536 4037 9377 9616 9909 6837 1716 2022 4332 7070 6716 7172 4159 2823 4461 3829 1532 3277 8796 4859 3085 8368 3614 7002 8756 7760 355 8763 5271 8956 6974 4293 1833 6602 7417 6242 7866 9737 3394 2295 8373 1627 5795 8888 1644 3308 9397 8022 3220 2762 3286 4716 8024 4821 9325 1392 2707 5175 7617 3442 2204 1329 7484 4182 4193 8259 
3311 7538 6472 8951 6031 3439 6043 7611 2728 4396 7316 7460 9389 7696 6328 2469 6878 4978 4218 8727 5603 2686 1020 172 3807 6786 6833 7927 5525 7807 8514 2336 4059 2948 2601 8069 3630 4418 2346 8506 8390 3994 4147 814 2230 9725 7953 1610 9366 5242 3532 6946 8820 3044 4856 15 9047 9368 8260 1915 9625 1342 4680 3847 5858 3878 7459 7976 8685 2775 6254 9472 6983 9000 4288 8791 7028 4072 9823 1620 5793 1357 6422 67 7272 3154 66 8420 1247 9162 7098 7121 7992 8230 106 9722 6299 9632 8120 6176 
3110 4231 8257 1263 232 357 6134 9546 2187 9088 6401 9615 8453 2912 2751 5334 9449 2962 5849 1942 3779 708 7195 7730 7018 6991 7626 4450 1560 3061 8616 3465 2306 8194 6986 8335 8552 4965 8670 2280 714 6641 7385 3834 9165 1082 183 76 8608 2041 9511 7687 9098 3102 3179 787 5017 786 6623 3605 1975 1518 2435 9574 1673 882 581 504 2868 8025 4139 3662 9431 6827 1478 1657 3276 353 3122 1267 5893 1282 6023 5230 1749 8961 6894 7399 6873 821 5843 6984 6027 7851 2828 706 5179 4086 436 2874 
5175 2892 9626 5708 891 5348 1965 3512 9195 1430 2645 2314 5534 1495 5902 2201 2142 2639 6040 4831 1600 7308 7056 4112 8382 3676 1517 7788 7256 9304 1760 79 951 2947 8061 9084 4530 746 8433 1861 3757 2112 1758 1172 8273 1674 3489 8521 8144 1391 7878 4983 3203 8318 7466 8296 160 7044 5246 9937 3836 9542 8628 1448 665 1826 7235 9300 3266 3100 8982 9195 4004 7278 714 6435 7415 7930 328 2730 5457 6502 4848 8251 2065 8883 9598 2385 7647 879 4328 3554 2879 3396 5806 7134 1921 339 2805 333 
8727 8533 834 6209 6813 9883 4842 2461 7333 2514 5795 2071 9842 6147 8307 451 676 9627 7817 4058 324 5997 8678 7043 8573 7126 5496 850 2193 888 7833 5670 1837 3569 1001 8545 8737 6759 5295 2226 415 3985 9273 7851 4172 8141 7831 6472 8063 2029 3786 4108 1662 6062 4494 7515 463 4953 9135 9016 1659 2850 225 869 8038 3706 6865 50 7181 2450 6805 6418 7426 9012 4268 8381 9983 9700 5419 5367 3940 7214 8519 3395 5643 9323 574 4569 106 1401 135 7642 7231 7506 3100 5726 9295 1791 4092 5241 
8017 1003 7153 7524 5709 1002 4978 943 8032 2485 991 9125 5487 2401 9580 7158 657 4158 6325 4906 1862 7711 4099 3484 3808 4188 38 746 343 6026 629 8441 6700 387 3628 5610 6027 4375 3688 2956 3454 9196 85 2930 6521 2735 5574 7335 1164 1246 1624 8871 360 3575 1211 1579 9615 481 6166 6161 4138 7447 6283 7262 4087 9817 8047 6861 661 2813 2021 9096 2997 2358 1198 5871 2040 87 6828 6681 2773 421 4154 2478 7926 6411 2570 3398 5773 6555 2002 5035 7686 4808 1179 7005 6821 2868 7341 9876 
609 7071 2197 8890 3377 5453 2327 1433 4079 2380 4136 6337 4751 8533 8294 99 8491 3528 4606 7664 9577 1523 4864 1207 1621 7887 7329 8165 5142 2701 4131 8370 4378 5493 8298 5134 2830 6099 543 959 1132 1763 3078 1291 1906 5504 1098 6102 8509 4627 3295 7216 2223 1937 9716 9500 5776 923 9228 9271 3264 3100 1747 7979 3294 700 4062 9703 4935 1235 9979 8858 2984 3425 7467 3933 8017 6287 6315 914 9330 4336 7801 6662 292 6562 6294 8666 7766 1919 9729 4817 1753 9123 446 7586 3881 2408 9091 9901 
4016 2885 7459 4863 9173 4821 1200 7698 364 1207 7733 5778 8031 4467 5547 3069 6207 1950 2876 7263 9792 1473 9300 694 3977 230 3337 470 4676 281 6519 5345 5425 6685 5795 1553 2952 8515 2615 1094 9438 7701 1665 7085 6678 1256 7285 9037 2153 2772 558 7219 1042 5236 837 8754 2376 7686 6447 1778 7274 5854 4566 8739 9166 2709 918 585 416 6660 4427 7742 8426 5008 6465 6073 3372 4743 9658 2598 4709 3975 4046 6518 8185 9809 2409 626 7446 2323 1835 2162 1650 915 5512 3157 719 5076 2916 6708 
7879 1470 3884 1063 4708 6401 6909 3577 1207 284 5685 1449 3525 1006 8537 1264 6707 2150 7816 1902 8055 1382 9998 8898 3821 5416 8895 4921 1039 6439 3792 4774 5166 5600 5065 5035 2992 487 8006 7625 3096 1363 8221 4750 3879 5021 1457 8525 8569 4916 6524 8015 3036 9248 4243 2768 7003 9903 5211 6739 5529 8938 7040 9546 2111 3118 7464 3818 1368 1728 3510 8417 9684 897 6859 3247 2032 8079 9046 2915 6325 2065 3805 5460 9598 4379 1204 7547 611 5657 7531 2914 3616 2042 744 3947 6145 7268 5632 6381 
47 8646 8649 7990 8495 5208 7193 7049 2242 3762 5346 7723 9037 5282 6256 129 8611 1374 2742 4636 2364 9048 6534 141 1858 9044 3343 8451 535 6378 3977 4729 9643 9761 1638 6312 8782 5139 3981 1592 3775 2235 5997 1649 9494 2225 29 5209 6350 8785 251 4294 9989 9745 4025 7973 5548 1291 8117 2288 106 9790 1841 2162 966 6742 3241 684 8357 6714 2391 4041 9498 6488 8049 8626 9603 9103 9836 9056 4404 347 7746 973 4053 9716 6331 8411 1967 4277 1067 2169 6298 1468 6073 8466 3809 7303 2832 730 
2130 9085 9840 1628 5802 4766 7196 5825 7576 357 3445 5900 4925 9698 7544 3998 2525 9130 9490 3549 5950 8992 4173 3826 4640 4442 5247 8103 3876 4639 869 8118 2 4069 7545 7562 5515 1152 6158 2159 5156 4177 7041 8424 9852 9629 8255 904 9672 2180 7778 7419 2487 6384 8556 8243 7953 2341 2236 8881 2112 4927 4136 7276 5528 1957 166 1967 2826 4363 8690 5173 9309 595 2858 4738 845 5759 6427 2637 3005 1057 755 4074 4474 3678 8902 4485 5720 4926 7932 2703 4108 1847 8800 4494 7515 2743 5242 5738 
7983 2306 2766 3332 653 4657 6005 7034 5086 336 2546 3576 3718 8311 6307 7745 2157 2049 7746 5302 9153 6774 3380 3676 2185 7873 9808 7403 3841 6625 1630 7547 6525 5291 5607 9358 3194 5481 3552 5781 1123 9826 6262 1692 1770 9542 101 1513 657 3268 74 362 7201 6950 7219 5533 924 3176 5933 5400 1340 161 7525 8728 5030 3645 753 4691 7860 3492 5247 68 6670 5292 3272 5256 310 8900 2665 5575 8316 1890 9876 4928 5674 9626 148 9913 7603 5986 1872 4284 2648 2877 5833 4470 5607 557 5322 1615 
8086 7958 3517 204 7039 1443 7292 6881 3835 6271 3721 1548 5451 6022 7173 8856 7280 3605 5044 1669 5156 5673 9774 2637 1320 6147 9280 5990 5603 9600 8954 8530 4571 2114 5250 4617 1891 1751 2556 4396 547 544 5486 8615 2553 2166 547 7317 2387 7574 9555 4279 5693 1451 856 7578 8002 1589 5620 8491 4799 1688 7716 9899 455 6993 6431 6914 6752 4874 780 4565 5871 7130 6983 4288 2154 2097 4072 7544 544 5145 5542 8313 7409 4883 2543 2147 7978 3825 6440 4757 4433 3634 1044 4886 5109 7653 1204 7854 
9959 1069 5650 116 1755 6950 8351 6904 1248 6563 4972 1539 5762 5465 4730 8560 9196 1884 9532 3245 3754 4743 6330 2145 9192 7873 9897 60 7186 5445 8943 3492 6719 8034 8858 6798 3705 4896 4701 7433 9532 472 7684 7774 295 3904 4525 9720 8417 6395 6935 8369 4056 6858 1459 7461 4802 625 1376 1254 3951 8851 3830 7382 8510 7421 7537 1960 4238 8216 2592 2486 9415 4041 2230 5421 1390 8855 8325 7347 7631 1208 1876 6463 7442 5319 526 445 7184 2097 1222 3352 2302 1649 5825 5326 2572 170 3707 696 
4182 9411 7783 536 475 8075 7182 5262 6523 3045 3104 7996 720 1972 1912 5357 506 3265 8910 8570 8189 122 5394 9499 4768 5027 6155 6814 8813 6672 1216 4470 7735 5267 8779 5129 1266 4169 6067 9461 5921 5514 3967 7072 7687 5517 7684 2958 7774 9373 295 6092 474 9518 4525 7552 5019 7609 9720 8417 9683 6395 6925 3823 3948 5108 4295 7987 8331 4752 7704 7592 3796 6903 5848 622 6422 8843 6461 4288 2214 5491 5791 3583 6750 5227 116 6409 5897 6478 3840 3828 9498 4131 4498 4671 3644 4536 2051 7342 
200 280 1685 2962 4117 7010 7190 2723 4936 4652 1571 4648 8573 3656 7350 4979 3982 7769 7981 8521 6399 2339 2412 6113 3419 2659 7246 1098 7694 1432 6379 2280 740 2839 1472 8360 2487 9856 4055 875 9134 1151 8862 9323 3673 4953 3984 9955 9210 214 6262 1702 2344 7386 9057 5456 516 1074 9572 9012 7658 8609 4453 3112 4431 7845 9957 793 6290 3906 2351 6538 7432 8237 8323 4390 407 151 7917 5670 5954 8847 5455 9625 8737 6759 8472 5295 9321 2226 415 8499 6285 4986 8093 6929 222 3094 1831 9375 
2971 9102 5491 423 9808 5364 7501 8431 8450 5915 9000 280 4318 5063 8978 1067 8817 1796 7112 1137 7680 5895 1437 6609 4571 5751 98 9164 9767 7837 1023 5787 2330 1107 5562 6172 2781 9001 8678 5956 8881 5876 8015 4074 4240 4055 4565 7842 8485 6379 1358 1903 6639 2241 6605 3147 2255 9637 6821 651 7633 8787 2345 762 7788 8232 5307 7327 9831 8869 2582 4557 5985 1319 4296 6944 3793 4923 1141 97 5959 1235 983 9292 2355 7516 1469 360 2721 7265 5364 3125 462 7971 5257 5891 5643 4154 2596 579 
2816 3158 7103 8214 9905 5908 2541 5593 3384 5105 5124 6992 7010 1410 4652 9625 8169 4243 8870 4006 1256 2351 6011 365 6804 6499 2995 7257 1778 7264 6800 4845 7734 5343 2992 9945 2306 9071 9180 7399 8141 5679 9298 206 2682 7304 7117 1604 5495 7118 497 3786 4207 1717 3931 6025 8335 4094 7971 3821 5303 5416 7432 9965 1039 377 6371 5964 2981 1763 5226 8727 5371 3800 9503 3807 7807 3704 1289 5340 2601 3630 8506 8390 2549 3884 1063 287 6315 9752 4708 6401 2054 679 7844 1449 3525 8781 6743 9067 
5607 561 4052 1317 8919 2347 9587 110 5011 7564 8750 8527 5716 7292 3794 1141 9689 1896 3385 538 2797 7041 9519 6904 5996 3896 7106 9553 8333 8685 9765 2945 4621 3043 7210 3815 1289 6384 9177 3184 5294 6865 7223 863 2764 3521 6102 8839 9556 2104 5203 4319 4670 5346 6540 2586 6765 6194 168 701 9702 8450 8011 2950 5566 6505 4154 4569 5733 6748 6628 8988 7480 5930 9953 3937 5946 2234 6491 645 998 6465 1576 2639 8570 8580 4867 9145 9944 2925 6588 8003 4189 2157 8399 9680 1747 6459 8831 9768 
9456 5994 9241 5688 2354 6203 1756 3146 807 4877 9054 9717 5987 9904 9095 5394 1233 3793 7531 953 3148 5124 1861 9840 3340 6533 8844 7035 6032 9461 3188 8376 5425 2204 6797 1655 4401 2285 5766 962 4714 8017 6654 2420 344 646 9334 6648 7085 6528 1563 7303 9375 5539 5419 1771 5172 5516 3198 9194 7037 8717 3253 9214 7461 9642 8817 6609 9624 8445 432 3914 319 3059 2248 3800 1317 2715 6271 6471 6903 8051 8360 6935 8522 681 182 6863 1075 6858 440 1459 7308 7461 5518 8631 7333 4606 2215 6023 
2488 7179 7895 7102 9862 4330 2339 4714 4432 1611 2124 2034 7835 8797 690 2044 4605 2844 8348 826 2619 8071 1113 6610 4440 2889 2774 9049 1489 5639 7344 6756 5584 4518 4096 5721 558 2419 650 7123 2245 2700 5640 3716 371 556 8643 9984 8720 453 4396 3117 789 5340 9750 4950 7962 3531 8031 8599 4724 6225 2561 2964 6071 9606 4445 1539 5595 9692 5700 2542 2037 1161 440 6042 5606 5578 3250 4382 9321 820 9431 7805 715 1250 7292 6836 5964 6502 8405 8990 6374 8000 216 5158 9978 7296 4975 1831 
3468 1690 3199 441 5785 5755 9552 77 8926 1860 4483 5391 4615 7948 4351 322 8382 8381 3874 1164 5465 6904 7831 1205 1472 1284 5596 8516 4206 908 9963 8791 39 9525 276 1322 9355 9089 7398 937 872 3057 7187 2064 6752 5229 6277 3294 8824 1613 8114 1636 6239 6118 207 4417 1718 1752 6002 5754 3228 3678 6902 821 5918 2807 9225 2006 9112 6082 5255 4590 9872 6889 8945 3605 5505 2927 3783 6995 660 597 7666 8992 8631 7649 8080 6049 4802 6844 2125 4988 7191 5408 8197 5728 5573 3795 8233 9668 
9879 5830 3318 7035 2142 6700 6629 7322 5520 9520 3378 7158 5590 3382 1446 3163 9147 7359 9290 4236 4393 3937 748 911 8434 1023 9579 6114 2529 7146 9045 4415 3009 1534 7988 4102 7912 5059 4285 416 3269 7244 3593 6539 2999 2321 7041 1965 946 2189 6964 8412 9829 218 9761 2749 7866 6159 1109 1434 6732 6426 8948 8475 1639 6953 6618 9852 5956 1078 8317 1599 7628 6838 8830 105 9975 5018 3759 8123 9642 4506 7158 9873 3094 557 6017 1514 4234 1180 2726 2142 3502 4328 822 3465 9295 8666 1120 5827 