5072 911 9001 785 5906 4330 3596 4424 7387 7613 2991 7949 9498 9460 7899 1299 7149 6473 5425 5448 5243 8358 4596 4490 2668 7711 2215 6213 4374 9328 2080 5531 3215 6592 782 7028 5157 580 6421 1566 5625 6844 7708 6160 4112 7802 4763 6591 5021 2822 3277 8154 913 3938 6788 3117 7333 847 444 742 9469 4906 6436 8471 1899 824 3649 9143 8117 8678 2631 5742 4131 5727 4223 5451 50 7840 664 7029 2360 1274 2988 5131 595 7770 9468 1548 6448 9361 6371 5964 6995 5845 7788 1307 7921 1609 6493 369 
3952 4150 6563 1356 1539 5465 9093 4730 60 2331 6134 3983 4007 8133 6025 2590 8668 9280 4726 1124 3454 9421 4670 6164 8142 4746 1799 6227 7634 403 6802 8433 4597 145 8531 5536 4808 8363 5735 568 612 5629 6814 6284 1748 6381 7630 6480 381 3520 2066 2548 1316 5728 2692 8646 9838 9407 4232 159 8035 9174 8912 554 565 7246 8053 9023 9185 1790 703 7523 5311 8680 2648 9506 8691 4388 8799 2176 7732 2194 9509 6418 3084 8282 1881 6525 1431 7791 3914 5808 6802 542 2803 5361 21 538 5394 8121 
1948 8360 8522 3952 6858 440 5029 8631 7640 1368 5663 7427 5019 1846 4395 3232 885 6684 7236 1268 1046 1277 4795 3023 8877 4804 3024 8741 678 6865 5084 1712 3166 4173 6441 8000 3177 7436 7881 3207 837 5621 7191 795 1933 953 9369 2664 7006 1343 8860 4215 7229 3645 6594 9476 1671 2141 8175 3514 926 4220 3873 4803 5733 453 6993 9940 4946 9057 1228 4335 8101 2222 8931 6869 4258 3899 2735 6312 6939 7380 1740 1437 874 123 2343 6434 1071 2322 5356 9901 646 1007 8895 422 7243 3489 91 3654 
2226 6660 9284 2962 4813 6168 1285 2645 1249 7154 4978 3479 5006 1662 8800 2743 7282 7763 6680 7983 2306 2766 2580 5396 5498 7826 3771 4235 1703 2710 8862 7688 8189 4361 2661 5651 7502 3841 3897 5438 7880 8152 3697 2891 8516 1259 7418 4387 1234 205 2849 7737 2241 8315 1471 5580 9891 4409 5993 2842 3211 1945 4026 6019 6317 9205 1265 3050 367 1505 9302 5453 1397 6650 2811 5446 4893 2478 1763 5545 2917 6592 3256 6128 7103 7615 4886 2987 5638 2134 5006 2215 9510 2549 2968 6613 834 4028 2811 5569 
7856 556 7793 9609 1117 7015 7712 1508 1688 6466 6032 8553 9337 5711 9899 3688 4806 6202 8415 6139 8444 9807 3737 633 4493 1622 9393 3419 4402 9033 1671 2818 5047 9843 1374 8910 4122 7301 8119 4662 9642 2942 2227 7490 6817 6214 9518 3207 2433 3295 3728 4186 3147 2780 8445 6271 4946 1557 1145 4742 4335 1449 2061 2573 5088 1467 3997 8725 7383 1518 9396 9464 8800 3798 614 166 5858 109 1724 2363 803 7381 3375 7018 6554 3425 7826 7217 4191 7719 1263 8369 6024 440 7308 5518 4606 2976 8659 4830 
2642 2488 7671 7179 7895 8903 2201 8179 6369 3548 1500 5017 678 6267 2069 842 677 5913 131 7984 1946 2463 4996 5150 4391 9786 92 2189 5205 4841 7696 9241 5943 331 2821 3561 7114 280 9355 7010 7892 2023 5536 7350 5850 7769 8221 9863 9168 2219 7911 4897 6038 3514 1660 4962 3574 3096 8979 5918 994 21 8616 5412 4432 5410 3596 1906 3328 3314 3787 8399 9522 8781 822 9056 2661 6642 9378 6365 537 472 5400 3471 6808 1228 6225 3889 1496 8741 1068 4784 7759 2382 9325 907 4767 7699 1155 2457 
1060 84 4855 8978 8954 3369 9471 3966 8657 6678 6200 4927 3986 8361 7315 3039 2029 4444 6508 5402 6611 4230 8932 4569 4958 1549 357 7118 5109 267 4424 7706 2991 3478 9460 7899 4488 1001 8912 4702 9891 6300 358 4174 1299 7652 7149 5043 118 724 2253 7706 3358 8358 4950 1369 8721 7697 7711 824 5989 3649 7640 8013 9894 5719 778 3741 2357 7239 78 5531 9030 1718 6592 2308 9913 2776 224 3938 762 9706 1277 4085 8064 6701 4049 625 6383 741 4768 5003 127 859 307 3545 302 1363 4215 5098 
2317 8456 5086 6127 6430 4108 1662 4399 6062 5180 5242 8826 6412 3207 4566 944 7197 346 5498 3414 4235 1703 2710 7441 6600 8189 9112 5305 2683 4409 7502 7820 2767 5477 8054 9799 24 3612 3122 2117 1395 9481 4328 5054 4240 562 5041 2925 2649 3552 2904 9563 4365 743 1529 9804 2453 3176 2379 462 2741 5076 6278 8921 1766 9387 2160 8223 4167 428 6581 188 5601 4590 3261 3250 8648 2080 5282 2379 1641 8868 416 4405 6162 857 2178 6844 4588 2965 8444 8413 839 3425 2715 7217 6471 6903 8051 8360 
7719 6935 8522 8369 7933 6863 663 8744 4651 1509 284 5685 7844 1449 2500 2069 4002 3681 9261 1478 4917 4318 6514 4310 4177 6846 2241 7779 1899 9157 1717 5840 7183 1454 1883 8662 3152 4050 601 8238 2415 8379 399 8604 7720 7516 486 3396 5262 9390 5011 1866 1799 5250 8190 1262 4988 6392 1746 2952 8664 9676 9839 4648 9106 2545 5337 6962 8770 8262 5953 4684 8519 317 7869 4598 2372 4157 3002 5894 8845 6763 3409 1726 9166 5719 1417 1199 1263 5223 7002 2151 6060 6739 8436 2690 8244 7741 8845 3930 
4626 3037 2555 2743 3235 740 427 3675 9770 7972 8722 3744 576 8876 2728 542 3656 551 1304 8668 4475 1981 7317 2069 2225 7454 3830 961 3896 1158 9047 9368 8031 6950 9757 854 5256 8725 7620 8234 5619 2041 2539 2571 5046 4804 375 5452 8578 4617 1279 3321 1878 9865 6400 4790 6065 5213 8076 1424 6519 3079 5008 5477 726 26 2614 1697 5336 6954 531 6792 2915 6446 2063 2789 8499 4961 4334 72 282 3227 3366 5452 4007 5308 8411 3507 9419 4107 4488 7636 6534 6696 203 8245 4812 9847 4235 9693 
1521 9249 5048 2119 8413 1947 7156 2042 4076 8262 1082 9496 3650 7031 3531 3793 3911 5412 1020 9382 6413 6181 3104 1378 3308 5630 8506 5575 3075 6856 2026 6581 6977 296 4084 9272 9051 4580 3714 4854 9390 1240 2969 9825 2930 8219 7630 381 3520 6131 3831 4623 1798 2066 881 632 3994 9838 786 2585 627 2149 9120 9897 3249 884 9528 7976 7815 2276 7314 906 8712 1294 8367 2267 4748 7813 3037 2163 6848 8878 9641 3728 9645 7219 5761 2449 5496 9339 1636 2334 3293 3499 5959 2126 116 3674 6980 5833 
8164 7716 7119 9430 4227 6036 5166 2286 3319 6608 2043 9370 4555 7596 4727 2395 9893 6941 5201 846 2647 8703 5275 6084 4041 38 4789 6491 6799 6124 7473 5562 2931 7804 8245 9499 6660 4243 1372 8846 5593 2271 1049 7167 8381 5711 4774 4978 9573 1809 5653 7860 7367 1662 4830 1564 8416 8314 7163 5324 4804 4158 1651 3166 203 1893 1831 9102 5491 7546 2304 6738 5020 1588 4752 6595 665 6595 1502 733 738 9972 6740 6132 7339 2703 6182 7514 9446 1448 2968 9148 7667 2049 3882 9557 124 3283 8413 6215 
9235 7788 463 1632 2161 3261 5922 88 1213 8428 3802 8736 2932 5270 8625 934 3358 3649 7431 6737 3662 135 7907 2276 3574 3751 1127 3006 6843 125 7067 2641 549 3283 3214 2781 8153 8288 8308 3219 6043 1153 9538 2111 3118 7568 8992 3820 8294 9923 7740 2565 7594 2665 447 7175 8525 9890 4315 1599 3724 479 6807 7122 8661 2489 9086 8371 4849 3262 7850 7831 1658 2608 2299 3435 7379 2819 6081 9838 3394 3443 5572 3511 8037 1211 8645 6186 4708 6889 198 2655 1927 3740 1930 6815 5964 1680 1764 4354 
5371 1658 1020 1805 3807 5153 8594 1690 9692 3021 6270 3591 3704 8514 8817 4421 5340 2601 9472 1207 2346 8390 3828 1470 1063 9752 4708 6401 3257 1207 284 5685 1449 3525 1083 2150 7816 8055 5327 4959 1205 6038 9196 2901 3610 8508 1076 1316 7687 5517 2958 9373 840 9311 945 6726 6461 3797 4798 2214 7545 1368 8519 130 3994 250 5019 1923 1375 5663 6814 4729 4359 8438 7986 9590 8170 3739 1781 2358 9153 7676 1733 9048 3425 655 2136 3105 4511 6994 4406 6957 319 5794 3408 5006 1662 1307 7921 1609 
8951 8566 6493 5327 369 1363 1367 6026 4150 7802 7325 4031 6119 6065 4091 8443 4936 8146 4097 7456 6613 8551 4262 2889 1286 3831 2940 4368 856 3366 8441 2027 1175 7163 7488 4349 1057 4476 5557 698 5602 4757 612 3280 9528 8508 8419 2573 8691 618 5514 7826 5232 7853 5145 7260 2308 1100 9729 1680 4205 7238 6424 4106 2892 2026 5216 5744 4848 8895 5273 9708 7846 8400 4284 7812 2110 4945 5665 8557 1045 9564 9657 9282 4928 4108 6797 4172 2487 4029 8231 6861 9276 9856 6591 4055 1322 3695 4800 6641 
6679 6204 3582 5092 7144 3586 7855 2665 8714 1891 5410 7345 1981 7350 8549 8040 3324 1855 668 2526 8054 9178 867 5797 9834 4987 2086 207 4984 3081 8978 4391 9808 7779 3841 9837 5876 5770 6063 5415 9480 7027 1535 8708 8497 1702 2230 4851 7728 5715 473 6598 1867 2809 1422 561 3474 2057 47 8725 2805 9687 8234 6634 5619 4726 8428 2539 6721 377 5446 8047 5671 927 9132 8257 4617 1479 1279 3321 1878 3136 7313 2168 5092 9824 111 1555 2528 4277 4250 7029 2290 8789 9112 5461 1090 321 9943 7522 
8935 2783 5794 969 3737 9416 522 2384 3496 8600 6887 5309 6537 231 7549 5889 9507 9333 6852 2072 5969 95 977 8960 3591 2436 9756 9338 1341 8597 6680 9997 6657 7240 6683 1837 420 5521 9692 4619 5782 2823 9372 1331 7540 6144 9413 884 8556 1498 980 4913 2550 8517 1822 67 9981 7932 5333 1748 3285 570 4395 4917 4997 1737 9286 8442 6570 8587 9951 7326 2092 5356 8732 764 2567 2159 7591 5862 9953 7747 1676 3031 5566 2774 7343 3316 4080 2592 6338 3922 8021 1680 3207 5532 5782 2059 2038 5111 
9589 4542 5871 8415 5275 741 2745 219 7082 9705 7178 5936 4819 4668 6891 763 5581 4069 5402 9942 7336 7238 4680 2090 7149 1425 6033 3746 1125 2611 9389 9757 3065 8751 2341 8128 8520 2402 2105 9818 5680 5812 1273 7045 3875 273 8324 478 1131 8789 8962 8807 9278 4619 551 451 7730 5619 1800 8426 3608 9294 439 7982 9596 7610 6399 3646 6838 9828 3910 9315 6841 4755 8208 401 5444 7431 1392 6473 7547 4505 1195 8601 3765 2755 76 4831 5233 3523 2802 7581 1080 8742 7301 5507 5205 7031 9214 3875 
2712 4505 7888 7315 8283 1341 2869 8001 46 1611 4841 6632 9756 8358 7207 8192 4887 1644 2505 4655 3291 9870 9601 155 2658 1188 3470 376 4808 4630 9895 3186 3190 4044 6293 6481 9798 2077 430 4841 7267 5608 8808 8020 4912 7426 1190 6296 4958 6963 9201 294 6517 6798 7579 514 7437 3211 4450 7494 2048 8979 9701 3245 782 7509 5728 203 5701 2043 3245 7872 267 8064 1118 592 8553 1048 775 9446 9480 1472 3643 4496 4781 2544 8041 5840 6703 6091 394 7002 7405 2902 8116 5709 7538 2133 9448 2753 
6108 9714 297 887 3902 9037 6949 1417 3134 6943 5448 5929 1710 6680 4892 6138 1966 9780 706 6223 6772 9737 3505 4593 7929 4275 5271 8472 1047 4674 4801 3533 2261 2690 4647 8929 5983 1241 3779 9886 1765 2529 8764 4819 7688 2188 4182 2615 8151 3261 4956 8599 5309 9334 1269 7481 9078 1602 5216 5744 8895 9708 4494 463 5242 5738 7983 4566 5498 4399 7282 7763 6680 6672 3207 944 2580 5396 7826 2208 3150 4753 1776 2230 4389 6597 7728 6548 3213 8860 5394 1641 3408 6260 6238 6974 6637 6792 2915 3925 
5342 9882 5169 6478 9616 8464 95 4626 3037 2555 2743 3235 5447 5545 7007 69 9796 5104 3695 2905 2499 5336 4369 3425 8815 153 708 2695 5537 13 2147 9525 7758 9307 3724 7005 8985 7607 410 6299 8771 6456 2190 9721 9049 8557 7552 1104 3831 7655 5836 2362 9635 3313 1058 3551 126 4026 3241 2876 9094 4722 3996 6692 3061 2710 3088 5034 1985 6227 2920 185 4087 1604 7284 4494 4508 6809 9338 8565 1554 8785 8601 654 9725 7459 7918 5824 5132 7904 1372 8532 4750 4698 752 1397 2865 6152 7922 36 
8058 1231 9208 7898 4199 4578 9460 726 3180 6471 5793 4717 4959 4786 1788 3948 626 7704 1944 6903 6422 6461 3583 2214 5491 5791 5663 5497 7427 2194 1923 5110 4729 4493 5728 284 6659 6767 8090 4194 4176 757 7187 4276 7851 2023 4160 8296 3588 4333 3170 6293 4398 2798 6847 1729 2241 9009 2761 415 3060 8067 8817 9513 97 8717 8307 756 1383 8769 1853 1120 6234 8267 3008 409 1547 6123 3835 641 7362 2090 2564 3074 1446 8370 2451 8184 9579 3951 7576 581 443 1839 8593 117 5163 1382 6866 8185 
9583 163 2073 4263 9654 2183 6386 7096 5020 343 3124 4074 645 6041 1711 8276 4034 4986 2814 878 8575 8604 5504 9458 1816 7479 2376 8315 5312 9497 622 3797 4798 5663 445 8455 5582 5714 6785 2388 528 171 4429 6399 9956 9077 2912 3195 5001 4267 9385 6177 3077 4922 4809 2221 335 6292 6245 5362 3302 5836 4802 5533 102 7809 8195 1611 6699 4303 4639 9873 5312 2594 9717 9031 4069 7545 5890 3569 4927 6113 1987 3776 9776 2426 8959 5927 7117 9583 1570 2647 3238 2513 5927 800 1032 7721 2132 9777 
9306 2220 3204 8402 2119 5507 1532 2405 348 6150 8198 6496 6713 2854 9760 3855 5803 1898 1439 9972 6172 5730 3775 788 6352 5278 9693 4288 2874 2295 1357 8432 1137 8757 52 8851 2366 2959 3102 5397 216 8473 3692 8239 3461 7052 2834 5780 3768 7184 5577 195 2273 5251 2438 3876 7931 7315 5689 8878 4803 6155 1380 4514 8379 6841 3716 900 1544 773 4919 9047 6962 1418 6286 3388 8575 8487 3510 6806 9487 8003 1049 6877 100 7095 7141 2416 5344 5343 556 8253 3165 1688 583 7678 1171 3548 1131 129 
7382 3232 6393 5420 3099 6371 3635 1680 2981 7404 5226 3822 8858 2686 172 3807 5525 5592 7613 7418 4771 3791 3433 2290 1533 139 1355 1398 5563 49 1400 2773 2475 8585 4015 7088 2647 6288 5563 7269 3362 3079 187 6681 7861 272 2711 4824 4721 49 6147 742 9098 7146 1899 5016 8598 8765 3494 2482 1996 3712 842 5913 4987 8971 9530 6475 3608 2326 7343 3501 6120 706 852 4996 4391 5827 6269 1392 3413 280 9600 1446 1819 9718 3267 7192 7658 5952 5501 3672 6656 3331 5649 102 3934 597 2931 3063 
149 785 905 5095 172 8121 7927 5525 3021 7807 3704 8817 4421 4059 5340 3098 2601 8477 1207 463 2346 7558 7879 287 6315 4708 3811 3257 5542 5863 679 1449 3525 1006 1264 6707 2150 1902 2066 1475 9050 6038 1075 7393 3705 3112 2198 1968 2889 2313 669 9287 1490 5193 699 6234 981 3570 4926 3808 4319 2317 9013 1371 9402 1842 3866 124 1897 7901 9014 8930 6516 6576 2647 6949 7763 8536 6731 2609 38 7429 135 7534 2759 8057 469 4056 2989 22 9703 6249 9532 7324 313 1029 2325 8625 3860 9599 
9297 9778 6189 3055 7391 7728 3996 1661 321 3266 4969 8802 3652 8079 394 5087 8756 3313 9805 6110 5624 3796 3201 7827 6838 6901 3700 688 4222 6460 6612 7887 9680 9514 3735 3264 7914 9393 607 1368 9032 7804 4262 3340 2697 3069 3188 5887 8473 6445 3601 9713 7280 1009 626 8474 4144 4383 1451 8178 8425 3178 4471 5933 8153 1137 2960 2623 2682 766 6102 9827 2304 3243 9269 1714 6997 7882 3631 4313 1405 3242 3171 1378 7546 3118 5982 6421 9853 738 6568 5645 2314 9049 9779 3806 8944 8945 2626 5067 
9243 183 6871 2968 3694 8496 8984 5974 2883 1104 3124 3645 1676 6612 9581 6721 1508 2780 9829 5512 8048 2906 2519 334 2688 4896 8448 8579 7254 3001 2351 4670 3567 8697 5076 221 2420 6351 651 5682 6943 2482 1052 7910 9254 9466 582 5662 7950 6805 4804 9357 3686 2807 5981 7483 2244 4474 8222 5013 9881 3161 3024 2273 2438 8276 469 2148 9225 7827 51 267 3890 9820 4566 944 5498 3414 2710 5425 8189 3750 3841 8318 21 5591 5095 9799 7090 3710 7882 5657 4750 7001 8830 1307 1609 8566 3952 6184 
4138 8443 6378 4172 8551 3755 3803 4262 9939 6769 3379 1920 6418 6943 2660 7877 13 4207 8856 6805 8898 1471 9891 7316 8875 3059 3211 1945 9214 8494 9205 3050 8507 1366 9728 7143 2977 8119 3429 921 5473 1569 7212 4963 4620 5760 6109 5425 5422 4310 773 1157 9047 9312 1418 8431 4489 7644 7696 9677 9500 5943 1495 542 2556 4337 9072 6975 1826 8220 5850 5172 5604 1150 4852 3781 3425 9219 3706 1985 1113 6937 2572 945 3999 1198 7135 1711 7270 6101 3083 5068 542 9565 8033 2450 9003 537 8502 4998 
934 8292 6960 391 8831 262 8587 9415 6561 3490 911 9001 7313 2887 4656 377 131 1548 6448 465 785 6995 1680 2981 1764 4392 4218 4354 3822 3800 1805 3807 6786 5525 3021 3591 8402 7541 3510 7818 2697 2533 8452 726 6807 6247 8897 9784 1645 7843 792 3774 4083 4548 6481 8736 8515 8812 921 5473 8524 5243 6312 7594 4963 7795 4514 3346 3681 3783 3338 232 961 3896 6637 9358 1912 3768 8961 6388 5101 943 852 8770 7051 9273 6183 7851 8141 7831 8063 2404 3799 7567 1650 457 7790 4480 7636 4190 
2253 3805 6486 5642 3152 9712 8733 1622 4767 6102 3201 8433 7927 1887 8777 2529 6090 3524 7598 4878 7371 7061 5361 9698 1924 2227 6177 5353 6849 8638 3212 5895 5983 5946 2324 9244 8854 4000 4819 7675 3906 7131 7308 4987 5143 266 1412 2023 4384 3258 4949 7804 8690 9862 5008 7331 6423 3408 26 7332 3509 7958 1107 9599 824 6100 8673 6758 7272 3485 1064 3247 6036 5400 7557 2731 3524 3996 9836 637 6840 6936 7268 6376 834 7008 7011 2720 465 6176 5530 8860 2163 3125 5733 411 9838 304 8335 863 
2565 2043 6728 8169 1771 7391 4408 5818 9952 903 821 9152 7547 9318 1354 595 8927 9690 7845 2823 5356 4320 930 6131 2301 2710 5361 8697 8301 6382 6531 7237 2693 3789 3610 36 6786 7189 5491 8214 1064 3088 9275 3064 293 794 2600 9104 6403 9272 7765 669 5604 2726 710 2389 8055 4249 9885 5714 4876 3963 2529 925 1575 1982 692 3824 3791 1612 1168 7845 7211 8154 9764 819 2760 9680 9388 641 8836 51 1741 3958 5908 1654 8266 8134 2901 8641 929 8904 581 1358 9625 3352 6337 2090 8941 8974 
8802 8421 8928 4970 4447 8923 1827 5606 1601 5368 4195 6566 3439 7104 6632 5027 479 4446 9507 554 345 7064 1639 4169 9226 4981 4668 9349 8116 4088 5600 5789 7764 7251 8110 2833 4425 6657 2580 4937 6268 8829 8754 7539 2154 519 5190 423 9912 6247 426 2734 3894 3775 3745 1763 6693 2940 856 8441 2027 7163 4349 4228 5557 7366 2686 8508 2573 618 9412 7853 5145 2308 9729 1680 5216 7846 9712 4945 7256 9564 775 7690 2487 8231 9856 4055 875 9134 5064 2946 2196 5983 3984 5997 9210 4395 7102 8570 
7490 3891 9805 8512 6903 6726 8843 326 3863 3583 3266 130 3994 7427 1698 1846 1923 4395 4697 4083 2709 5996 4283 951 6287 2430 1781 8429 1901 2353 8775 3751 7561 1887 2002 7919 6135 3579 6521 946 9533 1687 659 5091 6412 930 2281 7464 8123 7509 3619 7134 6402 729 4682 7563 5499 1013 5362 3705 6874 9412 714 2058 4098 5901 6082 7328 5654 642 3702 9303 947 8131 1498 863 3750 1380 5595 6131 8435 4347 2 8552 2026 892 3173 5662 9412 977 1784 4065 3418 2606 395 384 4497 4257 9566 5355 
4945 5013 6950 3909 7046 5177 7759 5237 1341 8354 7354 6264 666 3737 9380 3362 5590 7765 5239 619 5049 7042 4166 6372 1079 5412 6597 1460 383 177 8369 1654 9739 1460 6509 1321 3469 439 3889 5032 9529 7396 8454 9956 7854 3089 3719 1612 7252 4011 6202 8697 5124 6789 8989 5237 1043 7193 8866 3141 9060 3979 4721 6024 9269 9895 61 4618 7759 2735 5234 9150 6268 801 4788 1773 9065 8403 8913 4159 807 9903 8 5074 711 2338 7105 1485 5021 8578 6440 3452 9273 9281 6701 3205 6576 8613 207 9835 
6275 3896 4680 4202 5863 2018 8613 3379 6492 1760 5952 7245 2673 4458 3388 3697 7206 2288 5973 6962 1458 5169 8205 9797 1244 1306 7075 2428 732 9370 9006 2249 6978 2818 4566 9773 2141 9731 3328 5159 950 1991 30 9788 2606 3031 9760 5412 3107 2334 4580 3971 8333 6053 2345 3754 4759 2582 4295 6196 5347 2134 4274 7404 3946 3207 7019 5520 1752 5825 1510 7777 523 2257 9660 1907 6696 1632 2639 6176 3661 3078 8477 9343 4174 1875 1795 6182 569 964 1269 6629 5483 8687 7001 7525 106 3041 9234 3311 
2254 2389 1017 8657 3565 8392 7228 5525 5274 7300 7689 9274 5714 874 3476 839 3638 4415 9210 7627 2587 8520 7051 4434 2861 385 141 7040 8146 4898 461 796 2139 1112 8637 3637 2775 1967 4091 4540 696 5713 6310 1237 3204 7838 2829 529 6293 7801 1715 2494 4337 2643 1325 6716 2652 9036 7014 674 6194 5430 6731 7008 5899 796 6336 8339 8889 8519 8262 546 564 912 5037 298 9120 5408 1820 7613 4567 2139 708 4594 5070 6299 1356 1077 1534 6770 740 5498 3240 4566 929 5479 9565 2597 4766 5527 
9360 9573 223 8422 1041 9894 6742 7370 4477 3194 2809 5583 7692 3766 736 6896 6564 6663 5189 6766 5283 9727 1432 1340 1342 312 9963 5307 198 1840 5455 1450 5843 8346 7801 9077 3983 372 2031 6459 6197 4402 8367 3561 3475 5332 302 5660 5662 9435 5073 7181 6247 1784 4100 8171 7689 4057 7530 6578 7629 6877 1148 9296 1348 4881 894 2900 632 8725 1205 2677 6484 4056 7807 9539 1353 2027 6944 8117 2382 3871 9626 1098 4787 5221 1068 309 4523 5909 5736 3261 4359 9259 9892 8188 8937 3383 951 9747 
206 4614 7169 3340 6084 7449 2851 9439 1169 7171 1836 9761 3282 8547 273 6744 205 2517 6055 4243 7265 7765 1948 2221 9610 9597 3352 8622 9966 1592 1838 3774 1448 2526 2652 6967 7886 3313 8670 6370 2766 5761 5041 6276 2702 2374 9087 1434 7612 8009 2434 3283 4778 2719 1693 1795 5496 2163 6934 2276 6210 6185 392 4997 8918 8909 5423 3208 621 1361 8616 9944 2094 3371 3705 5809 2543 98 8124 8971 9855 3116 7112 2435 9059 4965 1551 2591 3280 4961 2541 93 8009 2601 5754 7556 5032 5716 9956 5803 
5265 9991 3427 7414 9091 8286 3699 3228 513 6087 9734 9566 8875 8274 8226 6723 1673 6056 472 3089 2081 6487 7119 9597 4223 2605 14 6118 266 3477 2484 2714 5299 4516 3936 3416 5914 8408 1651 4146 6331 4659 6200 5832 8362 5480 607 2258 1375 1608 264 4291 2528 516 2605 5523 1175 1380 9991 3483 9816 5673 4023 3571 635 4875 2093 4435 6604 6806 9146 4599 6022 5184 3844 5563 8875 811 9336 2547 7279 4921 7848 2188 3673 1651 5635 4719 4653 3552 2234 5391 5625 3709 9633 5496 8797 7504 1076 6909 
8754 1649 2494 5872 7079 1816 6346 7314 5485 6719 1644 2756 7070 173 2953 4541 3681 5004 9800 1010 6423 777 4178 1634 6202 8160 9155 9247 7987 7070 5205 2128 8363 8844 6219 535 3830 1872 1813 2840 9100 9205 8883 5023 463 9147 9292 1935 1014 1742 8515 9582 7991 5703 8002 4029 8577 7006 9342 4762 9554 2223 5932 5950 7680 5442 2394 7353 5835 7386 6103 5155 7384 1058 3107 6912 9315 305 7877 7222 2094 5791 8806 2792 6807 3764 324 692 9513 8885 6739 6089 9764 5989 4098 7123 8828 9141 9974 9411 
2084 8663 6442 9793 3488 2581 2528 7393 9602 5749 6619 9251 9021 1990 1623 502 3511 6438 3184 3399 9579 6827 7771 1625 3014 9811 218 5895 7995 2921 4601 8524 2229 2876 1451 1213 6849 8562 3897 248 4074 8197 9329 9298 1803 4277 8307 968 2757 9074 3433 372 3931 5669 2373 151 6484 3171 4939 8577 9746 6537 1925 9195 2680 3277 8605 1238 678 6051 608 5451 9653 7255 8533 9910 4869 7724 679 3528 692 9462 9712 9456 4596 3120 3745 8326 4450 7048 9830 4366 3269 2282 5785 5829 6466 7074 6107 3945 
738 598 4698 2235 5379 2234 9363 8208 8499 3706 1599 2128 5931 7216 6920 3748 3911 2239 1524 6274 7103 8419 5957 8936 7716 4471 4813 4100 8421 8440 7715 9415 9695 2318 4603 4405 5571 2955 3240 4855 7562 8642 9475 2552 3513 7568 8523 2929 606 3436 4935 4229 1791 9219 7820 4937 7431 6772 8217 9516 370 7597 102 1074 2510 2762 4477 5308 3535 6599 5966 6554 8059 6039 3221 418 8103 1521 209 7649 6808 9714 5489 5511 5743 9613 1286 7905 595 8533 5322 1387 9853 9662 5791 1628 8936 1115 2746 233 
9596 4471 6768 9774 4191 8145 182 4152 9233 3954 1461 1197 161 9674 2454 1781 820 2651 972 7720 4904 3092 2384 5354 4380 9290 7654 1170 2143 1015 18 6551 2642 3580 1967 596 6217 9315 867 9549 5650 5932 1143 7739 8418 3951 9852 5047 9219 4204 1700 6813 1351 1598 6186 9385 4567 7926 7967 1276 5709 8709 6769 8186 95 8137 3995 6625 1457 7974 2141 4832 7345 1709 7058 757 4787 6461 2744 39 6163 2997 6914 1955 7978 7882 8142 7146 3375 9301 5052 5298 6055 5911 2516 7964 4848 2826 1749 5622 
2405 9470 1535 8508 6833 5646 1520 8108 9452 2424 4835 6551 2234 6224 6071 724 2698 6198 522 9770 4104 7251 8334 3437 4152 208 6310 9550 6192 2942 8213 7593 5701 9490 2285 9875 5613 5847 284 100 8586 6376 4235 156 7749 5931 6605 6341 2447 167 8795 621 9269 5533 4473 6106 3433 3643 584 1658 6444 3750 2556 3567 6911 8002 9102 5742 7972 4754 225 261 9255 4304 5581 1562 2388 7379 801 7734 2949 5704 7051 5039 4034 6899 1347 3229 4695 7143 4157 5087 3428 2760 3281 7811 1217 9963 3603 8151 
6507 7289 7160 8893 1764 559 522 1492 2701 1646 4454 2234 9424 5065 9244 7628 4831 9189 336 7719 9401 7621 1942 5187 6849 476 2275 656 2053 7422 5180 5655 843 7606 3019 8269 8664 5054 9811 4244 8018 6179 8578 9331 4803 3320 5762 2109 3011 7254 1041 8946 8575 7188 8387 5661 7134 4424 8938 5469 1468 2461 4550 4501 1808 6388 6026 286 1544 272 7100 4243 395 3135 4964 8877 9020 8553 6101 6705 3751 8622 8269 3653 9418 1334 4559 9169 311 9862 2910 7740 3355 6004 7040 7472 1518 1226 4542 1976 
1838 4836 4749 8629 8131 5082 1487 4365 766 4081 4806 1487 769 8411 5880 360 6661 4526 8945 3437 3988 7132 5072 8250 9426 6140 891 2778 8310 5120 417 7525 5803 7590 8481 8265 466 9362 6888 5838 648 9440 5330 3769 6126 9412 9802 9367 1049 5123 948 4781 6334 2795 7461 4711 5281 220 9882 2163 3617 9496 8251 5153 4300 6902 7338 9194 8320 3444 4972 1896 3359 7954 2251 9064 8986 1280 3189 7323 7547 1404 5783 6175 6845 2715 6074 7531 877 6215 8986 4738 9140 7551 3334 3074 1831 9932 1289 56 
8690 5852 6104 9974 2972 4518 6087 4697 4383 7543 1260 2527 6933 5414 6895 682 4778 6539 2655 3381 1008 6830 6711 332 3070 4886 8374 8854 6765 4878 3641 5989 9834 315 9463 8043 5703 908 6258 4025 6155 9848 6700 2941 2851 8711 4258 6671 7747 8214 7145 2159 7573 4423 3938 8731 245 172 1757 9040 6811 4159 4849 7310 3084 3329 9631 7272 7656 7412 8645 6964 5335 4690 1221 1849 8269 4191 9657 3366 9772 587 6341 877 1537 1138 361 4955 9315 6318 9933 8994 4801 2971 8479 7676 1999 1709 918 1887 
4936 9695 2692 7450 8603 4986 8576 1186 2148 1644 4524 7371 2326 7152 2358 9189 3326 1826 4745 5907 6476 4362 1407 3381 5719 4656 5649 6998 4439 3581 3640 3606 9837 7535 101 6038 5940 3460 2652 5934 6986 5608 972 7676 2768 4446 7253 8981 8271 2784 7282 1418 2390 5303 9830 3494 619 4513 4158 1622 4131 7074 1497 271 3832 6782 9896 9867 2825 3989 1125 1396 5827 4852 1529 9302 7126 2955 2704 4462 6062 6894 8459 309 6235 5202 4595 6627 3005 2831 6661 5991 34 9081 4736 9777 3185 244 9943 2390 
5210 4803 1709 8353 9454 4337 9617 5261 7199 5971 7478 9389 171 5103 2274 2536 5807 5306 6895 988 9688 1320 824 995 9621 6258 5183 5443 423 776 3997 6600 4767 4855 3864 4480 6446 7981 2282 3381 9405 5846 7453 487 4142 5342 9691 6790 9218 2761 8847 5686 6018 1656 6900 4071 7393 530 1346 8487 1957 9966 5792 2644 1705 623 5773 182 6966 777 1782 3569 3390 7967 1158 2472 5390 6237 2476 9028 8912 3121 9656 6854 5066 4445 4468 6973 7268 3981 8850 6190 333 6050 8759 6419 1442 3425 886 3689 
8634 4275 9567 2569 6305 4207 6795 8514 1485 6545 1106 6397 5687 4603 1106 5659 4797 5291 4580 3368 6747 1364 8233 3146 841 3591 3784 5630 142 1326 4306 5459 1719 4156 8838 9494 995 4612 6672 2851 7730 9585 6286 8971 8869 3078 9862 8742 271 5110 2118 5146 1123 473 8036 674 3923 7472 77 1285 648 3148 7002 7018 2181 8140 7438 2185 2209 2800 7306 1606 6235 1387 4191 8684 2770 7959 6714 7307 8321 4363 9909 8186 5372 1836 9725 6350 238 2879 1614 8074 5128 8685 4734 3690 9462 40 3055 3308 