6988 2887 377 1548 963 2881 465 785 2410 7667 7184 9355 5852 3570 2335 5642 3682 7315 8443 8878 9225 4586 7827 4374 3225 6368 7664 267 5279 9562 773 1659 5340 7807 2431 3098 2601 9313 8477 9472 2906 7847 1007 5478 7829 1642 2449 2218 9242 6480 3694 6757 4718 6915 4768 7358 8853 3068 6607 4228 9302 7366 5728 9415 3149 5072 911 9001 4684 8193 2420 121 337 131 963 7802 6184 8381 6119 5747 8443 1424 6378 2651 4172 8049 9601 585 1805 2482 3723 862 1521 8081 8403 4616 1540 759 5637 7915 
9692 3025 5981 363 6160 6147 1560 6227 7017 8242 8727 913 1838 6493 6793 1136 6666 483 6620 5179 7388 2070 8531 1964 3960 2799 4097 5107 7206 7567 8085 3886 5429 4217 8749 9412 5401 85 9457 6713 9184 2751 7595 8245 6886 4377 1821 442 9744 5373 8993 5247 4174 3562 7440 7930 6103 3069 2063 4998 9688 6636 7835 6802 8758 2991 4384 9391 3046 1945 9185 6533 6345 455 1724 3653 4493 3109 1376 3951 3830 7382 5998 8434 1960 2141 6943 2766 955 9368 6316 6561 3490 9147 9858 4800 7313 6825 8783 6988 
2591 1293 131 785 1680 4978 4392 4218 5226 8858 1658 3800 9503 7790 1690 5345 3316 4037 7350 5447 8040 5604 1855 9761 685 843 5409 3203 5920 9317 3429 1807 2970 8213 8477 2872 2364 3410 2268 4307 670 9733 2629 9637 978 733 9069 7211 3013 8378 941 213 2905 9698 9015 6619 754 3946 8536 102 9847 8894 9530 4303 7881 2123 9343 260 1948 4755 9217 7584 2131 694 6522 3830 2778 6150 3406 6963 2464 9229 2028 5610 9211 9495 8196 6766 2095 3967 8571 5873 5936 2447 4321 2687 6180 354 9591 2640 
3752 7516 910 2382 8422 8596 1309 8487 3389 2795 3682 8841 3760 568 5430 270 677 2539 7645 414 41 3808 8655 3778 5210 8606 5093 114 8540 7492 3653 6766 9417 2673 1923 4083 2649 4359 7443 319 120 7108 295 5136 4577 3875 2456 6723 2785 239 8507 5979 6537 9932 5377 5085 4298 5220 5880 6293 1096 4023 2878 6912 1416 3146 4583 1493 7636 5219 8831 3924 4299 4480 1724 2249 5395 1176 3390 902 6295 8538 5615 1514 4587 5495 1828 3977 5539 5921 1950 9726 4372 2945 3772 8972 9990 5899 4664 585 
3257 6202 9487 9948 9569 6916 5983 9886 9762 4535 3835 4644 5558 5511 8882 9086 6874 8619 8851 2070 9924 5169 3224 3930 2555 5259 740 5447 939 3675 8496 9386 8722 2653 384 6631 8885 1460 6482 9012 4963 1049 4228 7865 8110 795 6624 878 2607 1861 8864 3548 233 3196 3490 5217 3122 9541 1026 487 9583 4750 3879 4800 9672 5092 2865 3189 3497 7855 7351 2665 1960 5337 5519 705 4956 7 7229 9887 2412 4106 9371 758 8589 4703 1882 2221 9930 5627 5337 195 3687 2547 4076 3519 6786 6121 6841 570 
8705 5328 9070 5322 8405 2661 2773 2908 9083 4064 2139 7304 7850 1444 6831 1324 8398 8013 6237 5741 134 5186 8895 1956 5498 5325 8595 7441 5425 8189 2661 5651 6015 7502 3841 7613 8318 21 8429 5095 3157 2278 5942 7002 6401 7202 5266 960 6247 1468 4760 6415 1499 764 6881 4903 5467 9269 7740 200 4945 7874 4084 2957 1666 7313 2216 8038 1121 7674 1538 7970 5335 2197 7943 7829 8651 7716 2120 706 1459 9133 6144 729 8286 6115 1522 4653 8400 5214 9802 6394 7881 6645 6635 5357 3162 2543 3208 2147 
9691 8960 4213 6440 9181 8593 3634 1044 8690 9800 5109 7003 8558 1204 5983 9599 7854 971 5760 5417 4454 1326 7165 1371 9402 1842 9166 9014 8930 5358 6949 6965 3695 3289 6021 9514 7747 1930 7348 2061 4079 7852 3200 7752 1494 894 5108 9597 6395 7776 2277 123 961 4663 2384 5600 1026 5477 4283 3096 1363 8221 4750 3879 9480 8029 9672 3582 2701 2865 3586 7855 8714 8761 2641 1563 6280 6817 9917 3358 3728 8109 7407 2455 796 5373 5178 8496 9628 3705 676 4209 7817 5969 1120 7328 748 9707 376 7126 
5496 2785 1355 8311 8911 5438 3039 4407 7880 4232 5251 8152 7962 3697 7613 1915 2891 8516 1259 3469 7418 9565 1234 4485 4767 6497 1783 6234 15 3320 7113 6823 9786 8500 9046 625 2771 2742 7521 308 2596 8234 1503 9737 362 9209 3180 7211 7494 1032 2453 3324 67 8869 5329 6120 8715 5540 2281 3942 2816 8099 5465 6131 8380 5367 6201 6419 5480 4081 794 9601 4179 1734 1323 7369 6506 7422 3608 8179 4046 565 9858 3639 4695 3852 5134 7630 8997 4819 9999 7553 3848 8933 9540 3724 7774 7749 8048 9571 
2808 2868 421 8640 6848 2085 68 8368 1988 4289 5487 6923 332 5324 5139 3656 7350 4772 5850 4619 7769 4277 5172 4247 5604 7176 2101 1150 4852 3781 3425 2149 7357 7986 8344 7772 3403 8205 4548 1303 8076 2092 7431 6737 5238 7907 9845 6380 3914 769 3925 541 7839 6211 9105 5265 2417 4905 2827 265 5280 7883 2439 3581 5198 3959 8724 7658 9547 5528 4123 2430 2595 6932 6113 1364 1525 8882 325 1897 6717 8959 7117 9583 1919 2934 1194 6382 9444 2513 7912 5927 3751 1796 4736 6804 2212 2953 92 728 
8063 6181 9255 6848 3886 4491 8899 5616 3765 3288 375 6948 4129 69 1667 6389 997 2042 4013 4646 3202 4444 9826 6553 4805 3847 1697 1514 6360 1029 4014 3110 1054 1945 8640 7067 9628 676 1312 1076 4088 8073 7292 4774 595 7920 2079 9642 2451 5215 6121 4158 5308 9979 1909 9642 7735 1597 4633 1480 4923 1591 2566 6008 1432 6724 1938 6861 2460 9754 2367 6772 5197 792 869 8995 934 3974 7749 3856 2973 6255 5947 69 9692 3193 2941 9954 5407 780 9985 7090 1270 6873 747 3828 5595 4272 5926 4778 
490 3258 3533 463 9010 2268 2658 8852 1854 9954 429 7051 7666 7776 7155 2277 3689 242 275 4038 2715 4133 7914 3921 9509 4554 1544 4811 5291 6962 1418 4747 7644 9026 4717 9847 4033 5401 555 3113 8232 6416 3201 9344 2457 8943 7939 564 6324 8094 8783 8036 9573 1809 5653 6300 1662 2628 7112 5469 3630 3253 8775 6421 8440 4855 7787 500 6485 4186 6616 3728 9545 6415 5597 7969 222 1051 8730 9141 8619 450 3198 701 1832 3413 2445 5477 6952 3739 488 4338 1725 5439 432 5002 8571 1546 9202 4779 
9302 5343 8663 8968 4674 3152 6889 1507 2468 3537 394 6090 5962 4326 1778 9248 7085 5089 1123 8733 8681 6318 3945 3659 485 9967 2376 3198 6622 8362 4053 87 3465 6695 9413 804 9201 9456 37 3537 9788 9333 7195 284 1286 8869 8503 3567 2379 2296 9947 5251 7455 4933 7521 8781 7933 1531 2866 7334 3893 8903 6089 3494 9932 7477 2351 2469 9753 8644 4718 7244 6666 207 2007 5696 7438 6977 513 4361 2289 3129 2166 1333 8835 544 5365 4608 9948 1362 1767 7313 9704 3522 1665 9855 9724 7373 5948 6830 
9940 1792 5314 5396 5093 7015 1301 4299 4898 2534 1957 2726 9693 9667 2320 6478 3992 6441 3494 7387 6992 6901 9149 6144 2953 8366 8305 5937 668 9973 9983 2227 1197 6409 4132 3938 6157 9508 4274 5783 9508 7704 3677 1051 3643 7582 1865 3304 9455 7544 9495 5356 5145 5542 3832 3842 67 850 2438 1757 9004 9479 381 3093 6122 2192 6929 6539 7803 1934 8598 1115 1724 8421 1133 8744 7255 1164 8066 3007 5679 8963 5561 3637 8488 3301 6308 6182 3971 5170 327 7710 5497 5561 1998 3520 4462 5529 5034 9893 
9075 6209 9913 2377 7567 8432 3022 4828 2755 1559 1353 4343 716 9409 5729 7274 8397 4974 6309 5329 8609 8204 8911 8069 8728 38 5704 1118 4787 2031 8470 2107 6591 9058 7192 7393 1021 7805 7641 9016 3525 8498 5985 5540 8898 3438 9891 1055 7316 8875 3059 5170 4026 6019 9675 6317 9205 1265 138 3050 8507 3133 9901 4810 8267 6864 7132 8724 9133 9642 8618 2942 905 7490 7964 4859 9084 6452 2810 8110 1393 8458 5723 7780 4146 6853 6560 5648 7179 9067 6117 2422 5849 2928 6628 1247 7060 9748 8225 8723 
4804 8648 8453 2797 5501 179 9357 7448 3096 7396 3352 2163 2807 8537 3279 8403 2560 9620 4198 2921 9447 7727 4474 1640 6497 4992 9881 994 5749 3484 4038 9287 2119 9790 6661 9682 7799 8888 2190 3403 6572 543 8523 7361 4292 6509 4378 326 8731 7872 270 835 2171 4097 2787 4425 383 2305 6015 6101 7112 4520 5967 1881 2946 1751 4381 4749 3571 3825 5944 9525 348 1959 5938 3414 6650 8700 5054 1916 5319 4393 6290 366 3360 9440 9883 3205 2366 2299 6050 7062 7042 7877 1853 1080 4781 6225 4658 9276 
2256 1692 450 7240 8437 8705 2861 6735 773 951 6528 2186 621 1430 1750 4715 7736 103 1497 1395 354 6069 5961 6313 9297 619 2648 5557 3481 2683 784 9610 5563 6810 1067 8240 5782 9542 2023 1907 9495 3405 1746 891 4167 3204 1951 6832 8853 7451 7854 9818 9941 2501 8064 7391 6362 8458 4887 592 6849 6910 2499 2846 2758 944 5111 9557 4319 1943 4762 8579 5747 8397 3031 2558 7452 8461 5314 4823 2267 9653 7154 3852 6969 8131 1989 9699 5657 4084 3521 9664 2966 8916 672 7544 2381 3382 1131 6056 
9692 9963 5485 1618 6096 4153 9419 3806 8307 6297 4823 8911 4081 6901 7089 4528 2029 6920 5284 3150 9220 6856 1658 5089 7605 9542 1628 9597 5773 9989 3446 3710 2990 3860 5678 7593 7135 2709 1671 3891 512 3381 9723 94 5118 7148 3907 7193 4047 6464 1319 5644 3541 2830 7432 4994 6218 5191 6116 2470 243 9785 2491 2115 180 3767 7381 4302 7363 7822 9206 1394 6868 1720 5903 6608 7068 1181 9408 9598 5734 106 7128 6835 875 5562 7447 7877 8409 1651 2424 7906 9705 3420 8690 9380 6608 7732 533 35 
5942 4508 134 7675 6149 1993 7912 4799 1473 6593 2569 2360 4734 1015 3116 4046 3696 8348 6861 5573 9976 7080 8121 7423 5885 3174 6709 445 5705 5753 8573 4540 8355 9424 9000 1509 6388 9844 3445 3640 3189 5702 4928 6861 6570 4055 875 9338 2946 9973 2196 9323 7008 4953 8187 4395 1726 7102 8570 4644 7590 6452 5968 8136 8792 8747 3286 1041 9460 2484 8073 7393 3705 1968 2313 7413 5169 3427 4624 2496 5916 4878 1899 3730 2702 8055 9788 5539 4783 4353 6584 2891 5012 2301 9493 1616 2375 7631 5169 2409 
9019 383 148 5407 6719 9021 7782 272 4300 7163 2119 1245 3928 7724 9148 6576 7071 5869 5388 691 60 5250 7496 4095 9120 7722 2908 650 9980 7069 7429 1348 8269 2693 6541 9880 9184 423 9684 9664 87 8531 5415 1998 1821 3149 3915 1702 4846 7013 290 9349 1095 541 5227 6788 1601 2987 6566 2827 5452 3431 925 3783 3439 3964 6105 8705 426 2360 2199 7917 6770 1462 4412 4283 6004 1895 4088 858 7251 2786 2833 4425 1485 3742 3706 838 2003 3245 2667 512 2086 1141 6824 3735 4626 5192 6472 6149 
3431 1219 9251 3559 564 6879 9738 2239 4708 5503 7012 4358 2816 522 2558 9628 2830 3215 3170 736 4968 7108 2757 93 1492 6094 5187 7494 7141 2239 4734 9693 9331 7299 9756 1875 8462 4704 7161 176 3484 3547 2398 6650 6375 4504 6504 9989 5342 2066 5378 6632 2733 5758 4820 8537 3464 4390 5777 8199 3165 5696 8048 9984 9449 3914 8840 7758 9630 7351 7572 1186 1457 2589 8255 8595 6312 6867 321 6373 1545 3366 9924 8575 3160 5749 3531 2559 2880 1111 6360 4962 4553 1156 2219 7911 300 8612 9119 275 
5918 9864 5462 5892 1037 4692 1901 1881 5570 1431 5475 9669 6597 6362 5346 7723 9037 8826 6333 5282 1689 2316 6640 8610 9355 852 8409 3802 198 2030 8830 4066 2775 3623 6650 6315 3257 5542 679 1006 8885 6995 4456 1190 1475 9196 279 3044 7212 6719 3064 8858 3905 5396 4844 3185 7247 3147 6118 6534 6077 4265 6455 8026 7520 9969 4769 8523 2395 1024 1544 5730 8152 8654 6158 9111 7336 748 8601 713 6033 3746 1125 1783 4294 3901 5467 3813 5035 3431 857 2184 3096 9024 1795 5970 7769 4610 8783 2020 
6221 2300 2810 8295 8050 7819 1431 6123 1978 6516 5869 2673 9140 5592 12 5361 5222 2691 9596 2603 1060 9464 4570 6316 1312 7012 6323 9249 2562 6860 6584 5584 5775 1416 7066 8398 3380 5398 6768 1165 7644 5373 3685 5648 3314 9059 6628 7060 2803 808 8648 2797 9357 7448 216 3096 7097 8713 6318 8859 7509 8937 2869 2653 6716 6212 2112 3910 1107 6509 8473 3699 2944 1704 3489 1077 250 4395 7473 1375 4083 5110 2649 4493 6659 8090 9788 7305 7489 6807 5525 6265 5998 8897 3390 6989 6793 1563 5478 7829 
1642 733 514 7503 1617 7259 8822 2356 6684 9931 5544 6344 9590 3739 2358 2539 4577 9153 6384 4026 6932 1207 463 2346 8506 7558 7879 3828 1470 1063 6315 4708 7333 4606 7569 2253 4494 4108 8518 9305 6233 4172 9601 8115 1471 5580 3438 4055 7316 5993 9424 1386 5170 4425 8981 1265 7508 8307 3293 4092 1940 921 6478 6562 7671 8524 5243 2392 1537 3526 2843 9658 7585 6683 5250 4758 1913 6448 4653 229 5123 8606 3583 3147 8648 9257 679 1083 8885 2150 7816 6038 9196 8909 3044 9514 457 3860 5587 9718 
6354 1293 377 8964 963 465 3635 1318 1680 2981 4857 7404 4978 4218 8727 4567 2686 1020 2325 9728 1031 8435 9208 3556 6808 633 4833 4863 2044 4244 8819 8678 204 5560 1124 6238 1314 4120 1288 6705 1092 1687 1386 7480 9556 3667 35 2482 428 9790 784 6834 5692 5711 2945 7147 7915 1407 5119 1304 1784 8146 6052 2715 4965 1014 5499 373 1617 1478 8822 2356 5544 6344 9590 1781 3999 3002 5609 9325 2642 7179 3110 8903 2201 9383 5469 8474 4714 9294 1611 2320 6590 9640 4684 6236 9001 1574 9058 3069 
564 2372 5686 1077 9750 7299 8012 8897 7649 1792 8221 3633 3030 2650 3471 881 4656 3151 2552 1047 3352 5396 2403 8742 9810 3892 835 3937 1111 8252 4048 6268 3821 8206 4251 385 922 3819 81 1165 2276 6979 9986 2997 9688 2320 6636 4212 2991 9425 3046 1945 7 6345 7193 1048 4922 2888 8037 6845 8367 9891 8580 8373 8195 2570 5072 7492 2414 5235 3280 1559 8404 4647 340 2835 5955 389 3346 1922 2413 8728 2535 9111 1395 9944 8219 7917 5615 276 7646 2162 7943 1770 1564 5439 5537 7342 7398 5217 
4121 7486 890 9524 8953 8153 6365 418 4880 4633 7481 9845 3966 2576 5217 8694 4703 9567 935 5130 8169 5336 6570 6612 1186 5913 3644 710 8207 6422 9344 8872 778 5633 9504 5761 1509 7379 4216 2541 9889 2815 8938 1540 1970 6407 1865 7468 9698 2609 6868 7889 8959 6891 7898 6055 150 5884 827 7605 7253 5138 2736 207 5072 5031 7718 3185 7292 1679 2306 1056 6554 6219 443 7013 7595 5723 9197 5325 4271 869 6276 6062 2263 4834 8198 41 5061 572 3724 4244 9801 3529 4840 254 7640 4907 7680 7085 
9421 5463 5837 3738 7333 3850 4729 284 2157 8538 9454 26 4257 2906 7847 1432 5778 7067 6519 8895 937 7818 8452 6338 8397 2356 245 7638 9616 4673 8778 6331 687 5798 6070 9936 5904 5283 9835 6950 6700 760 2915 5456 6448 7510 8981 3617 986 403 7905 5103 7429 870 4572 5094 3978 4087 1322 6533 5015 9087 2699 4763 5019 4697 1375 1527 4083 6814 4493 2157 4194 9788 7987 8052 8538 4471 6247 5095 2190 3390 1534 6989 6592 6480 7309 7168 6757 625 6092 4718 9694 9729 447 7358 3585 3631 3696 4710 
6640 2479 5625 1107 7546 7483 2079 7466 1162 808 7793 5390 9645 1055 8875 1323 1386 5170 9214 1395 7201 620 5933 4547 6819 7751 5856 7524 2035 5299 8793 1842 930 2730 6284 7995 802 3256 5402 6736 8286 6208 7659 6687 7565 7754 9092 2480 1085 9847 2123 1948 7482 2272 9391 7087 4810 7289 5379 4866 1950 4477 9926 6148 8583 6270 6356 7182 5089 1123 8733 3977 6828 8970 5288 298 9269 8462 134 464 2383 3538 7397 6221 1566 3518 8723 40 6841 2977 1152 802 8556 6186 4173 4221 5647 6098 1762 2222 
1998 147 3734 7189 7304 3322 976 5210 8274 6575 8799 8719 5798 3429 5364 4539 3065 388 9192 2296 6544 662 1018 3117 4907 4946 6870 4093 5203 70 3703 6824 6158 8553 6645 3429 7066 2853 3876 1117 8522 7275 359 5453 815 5321 582 1821 3056 399 5061 5338 7007 9386 4196 5041 2979 2112 1285 7946 6753 7218 3189 438 3073 1350 5029 682 3534 2824 9682 3691 1829 8141 2511 5527 9557 9142 1555 9326 2016 2000 7492 9605 5942 7412 3499 3383 5844 54 9685 4047 6351 2993 6993 6567 5727 8139 2293 424 
8842 6717 6714 8817 6517 2475 8761 8962 871 4577 1329 5215 2223 669 6975 3100 692 2922 171 4658 8511 3401 2802 1346 1497 8138 7540 6739 4975 8045 6473 1752 2862 1270 4498 2095 6288 4040 5623 7193 1159 1538 3715 5112 6403 9125 7027 5159 7712 8872 7124 286 9429 4540 179 4690 411 5145 1527 8930 6164 4954 3289 7963 6925 1965 6505 5224 1561 4335 3823 3915 3767 632 9349 541 9656 5227 2032 2987 7920 42 6584 8811 7876 9959 1499 5416 7432 5793 8658 3345 3562 451 7386 5166 6821 847 9987 2843 
5477 7348 1805 7182 4272 2217 1852 1556 2768 2589 4169 5921 5514 7072 7199 3851 2714 525 3119 1343 6457 3637 7774 5422 583 9620 242 277 7787 8608 4510 8487 9736 1837 5023 2879 3616 1403 9395 3750 2903 2639 8458 9134 4976 8314 4556 2909 9686 8455 4140 6397 504 1407 1360 7809 2912 1002 4545 9285 135 6304 3778 5436 8648 4994 7761 5340 9254 737 103 7211 9771 2541 9336 745 3937 2689 4167 146 9617 5899 7987 525 4812 637 9357 6448 4307 6328 7649 9065 773 7763 8082 5363 9960 3549 8279 3181 
3928 2484 5926 6770 591 3850 7933 8289 1089 4301 899 598 7354 2256 3666 4934 717 8115 599 1416 5540 5266 1873 2908 9014 6632 2493 2477 4959 9297 5703 6943 5152 4606 8159 8098 7682 1230 221 9264 3880 4843 6397 8058 8894 6830 7478 2762 3940 859 9033 1969 4969 4112 8635 9975 1016 4745 2903 3229 9579 274 3689 8503 9825 7426 3136 7643 3871 5960 8864 4203 8162 401 8936 8977 2642 9010 2432 802 2958 6502 114 1704 2101 4013 9089 6812 3408 8642 4300 6641 1069 8753 1499 2269 7353 5860 2141 7620 
3739 5031 1196 3402 2758 9571 1320 6585 6808 1055 3444 7494 1927 4988 7839 8485 4655 8238 614 8893 298 3460 1072 2277 877 1961 1398 5073 6926 7845 6593 7882 751 2452 9583 9719 7772 645 5818 3557 9793 7981 9953 4278 1571 6999 1641 6184 163 2762 8949 7851 4652 8087 4395 4080 9357 5903 3054 8527 4049 9390 9579 6437 391 6536 3844 8798 8084 9200 8258 2559 1964 9554 5716 8075 3928 5736 269 2683 623 6488 718 2941 5910 3302 2071 9728 9739 2135 1997 8297 5528 9883 6207 2868 7335 8608 2995 906 
5631 5064 7497 9713 8526 4054 7413 5519 7579 3926 5547 7866 3469 2880 8440 4152 6047 2350 7096 5925 4413 7826 1346 9723 1829 6844 6804 2034 7192 301 8613 7162 829 2566 4644 9067 8340 2270 6620 5969 9256 8847 6575 8403 1965 6800 2878 3206 2271 9803 4165 6437 1108 5618 20 663 6888 719 1463 7304 3941 4849 1175 5693 2615 9811 2605 3032 1922 4445 8904 1232 5734 9457 2464 8762 1774 6369 8985 1511 2585 5954 4243 9441 4961 4907 9649 3052 5514 5623 3883 3369 9079 5034 3727 6315 9895 3019 4042 9364 