7387 4265 3478 6640 2455 5813 696 3963 7751 8107 3176 9619 3380 3304 5457 4373 7651 1728 30 1718 2220 6667 2560 4411 449 8163 1685 9295 4619 3546 8993 2077 5740 3025 1337 5342 7447 2976 7416 7284 2614 9301 1058 7135 8299 7904 4995 929 213 7661 2485 806 4318 1734 2907 9667 3454 7395 8069 1558 1564 430 4631 7391 9240 8567 444 3396 121 4656 2086 6807 5812 1929 7461 3390 7368 7847 5141 1550 9831 1642 4926 733 514 2218 7897 1478 9325 7641 2163 1727 8684 3999 7676 6384 4026 6932 6923 9186 
8877 4622 8391 2473 5927 5026 2709 8404 6522 9026 7403 9416 7176 9049 5524 9983 5595 8575 5948 7766 1610 1102 2189 7733 7987 7877 6532 189 2401 1094 8218 6439 4772 2638 2987 1475 8781 6155 3879 6919 7878 2650 6469 9107 785 974 5016 1219 7200 9290 6533 3595 1517 2634 9455 5521 4007 7739 9746 6316 8054 9438 5783 8424 1388 9360 2005 3393 3183 6565 8140 1456 6859 6957 4396 8995 198 1340 3566 4276 1632 6916 2016 5928 1276 62 2075 6125 1240 7858 8868 6009 1592 5215 2223 6975 3100 4941 4243 6412 
3756 4425 8401 2656 6174 370 5028 3293 9969 4868 251 4824 3901 7448 7396 2163 5981 5623 8618 4749 6632 588 8395 8754 2283 3106 6763 498 7221 7879 3605 8535 8821 536 8171 2229 3228 5017 1583 6238 6872 6065 7507 5213 4161 6556 1729 7172 4892 8126 6530 2261 8703 5187 8427 9541 7743 2344 4605 5320 2674 2525 1198 6883 687 7559 2404 8811 2138 6499 6405 2219 8262 593 4563 4779 3740 8194 68 9021 8363 7648 3997 4412 8725 1435 7383 5998 2162 1853 9396 5867 5566 6738 4387 267 2273 5432 2730 368 
9544 3434 5104 4787 761 9996 6460 9873 5958 8972 448 83 3090 2552 4213 2478 694 1277 8595 2203 4871 5578 6245 8988 4929 3269 2677 6871 6271 9658 1188 8770 5281 2990 317 7869 5541 7676 1733 8417 4026 6932 7614 2136 4796 3105 6065 2929 6957 8734 7487 3184 2784 5045 432 4169 319 803 3661 7381 2248 839 6554 7826 4137 8051 8360 6935 8522 8369 1805 428 4463 7611 2216 1960 2679 9112 9173 6805 3660 7866 4067 3332 5101 7573 4327 2659 3319 8640 5004 6519 3984 4396 6066 9412 5817 7328 572 1331 
1478 1583 5909 5227 5001 3407 9297 3077 1301 685 4878 335 8974 3858 1056 6738 4413 2773 6497 936 2271 4503 8786 9061 6752 2588 6346 2582 1639 7473 8272 9470 2317 4396 6447 6056 2941 1075 896 5922 9265 8548 9837 1830 3329 1125 5315 3876 9431 1705 6252 69 9850 4794 8461 1962 8839 3633 3294 9556 1241 2010 4319 5346 4075 178 2561 6874 3425 1170 640 940 9612 8243 8625 2732 8025 6997 8226 1132 3839 6414 295 2877 236 1054 1889 3524 4155 9754 7304 3072 7862 8698 8125 3761 8819 9721 4112 7173 
615 373 318 9762 8023 2407 8444 4134 4002 5921 3500 5469 2849 7159 651 807 2892 1062 87 2817 7416 5273 5692 6081 8715 1202 1181 792 3898 7732 3930 4626 2555 3311 5078 8532 187 8284 2069 1881 3719 4839 9460 1788 5726 8718 6957 3641 7130 9839 6312 6727 1868 1919 3238 5927 1796 4736 4081 2938 7165 2553 272 3361 8166 6999 4787 1784 2135 5504 1868 2194 5076 921 1505 2646 9146 1588 3542 3789 7978 2191 5811 7841 1824 9097 9791 1832 3798 6603 2430 3251 7173 8193 7395 7186 4644 3006 785 2404 
6804 4351 6095 1223 7090 9898 7304 6831 7059 5745 6418 6465 4354 2213 8651 4874 8264 4339 3010 9778 2609 9632 7721 1592 1474 5015 1672 2268 9971 6102 2901 3147 9166 5192 5033 628 7111 419 937 7214 8575 5130 3943 799 6439 9786 7409 2478 6859 9841 7342 999 2481 1239 4868 3880 7406 7234 9236 8517 6017 4316 3815 8500 6384 6865 7223 8196 4794 8240 1525 1962 109 9662 7744 3131 2104 4394 326 9262 6540 4802 178 5369 6194 3425 9498 6117 2121 1136 4578 9836 7168 794 141 8869 4999 2246 7462 5935 
5937 2126 7139 8681 2959 1203 3819 1165 8899 6320 6979 2997 3648 9688 1070 7835 6802 2991 9391 3046 3861 9185 6164 3544 7827 3626 9513 8883 3653 2888 8367 8580 8373 5113 4537 892 9377 1627 8939 7492 5795 2414 5235 8888 4800 4647 340 2835 1689 612 9989 9345 9508 785 1922 6020 2316 3972 5989 6330 7003 6578 6436 732 9213 9157 1310 2184 525 2728 6960 9875 7917 2522 9687 2426 8360 4405 8816 8873 1756 7775 4257 2573 7932 609 3035 5957 1956 3123 7529 632 8371 9279 5233 4504 3326 5366 7494 185 
892 2279 8493 6849 1616 7148 7075 5446 2143 4160 975 3838 2693 5522 4171 5037 5779 9770 5493 3135 7792 439 4796 6318 9185 5317 774 1420 5469 2115 5971 5749 1067 7031 9733 1396 5174 8132 9641 5392 1548 762 5409 2136 4706 8042 1380 8717 1000 5667 7913 1090 12 9538 856 2104 82 9534 2106 6405 4899 6938 2222 3796 6048 4656 4456 9093 6885 2369 7392 4885 3105 7206 7553 2137 5249 5269 379 8638 9350 2192 7078 5359 1843 3984 2237 87 6547 6675 3834 9820 7689 3565 8673 6802 3788 8083 6541 2349 
8140 280 8274 542 5445 7528 4689 2401 9501 2656 9588 4017 8325 189 7042 3431 3755 2018 2104 5806 8700 8888 6017 6274 2911 4614 1328 8254 4844 81 7755 7500 1071 3695 3055 8797 1767 2228 1737 3785 684 5944 7223 5802 7451 3725 9924 2598 3880 7604 7204 4960 5108 5007 6548 4530 6267 46 3622 7068 6085 4069 5184 1599 4156 2605 7407 2455 5813 2810 9856 1883 6436 8426 2425 6112 9778 3018 1310 4919 6908 9888 1863 2881 5488 7490 8764 622 1710 2477 5497 8072 4079 963 6575 8931 1127 8273 237 5261 
9983 6307 8717 937 2000 9847 5130 7766 799 2216 1350 4432 8651 6179 2509 3411 5144 3010 6163 6847 1268 1676 1383 759 6878 1450 5800 791 6728 8432 7358 3835 6329 2392 3648 1385 3016 7269 3362 6477 890 7861 9270 272 2711 7601 6791 3648 8306 3746 3390 8911 1452 8972 9807 2176 3780 1901 2221 4789 9556 4367 4973 970 6363 6902 2358 3373 2164 3210 6706 449 3870 275 4603 3376 4420 4782 7140 5398 2394 5707 5478 3237 9101 6235 3134 197 9441 3997 9155 167 4647 1388 2885 272 6651 3723 8120 9072 
4518 1605 8515 3454 1820 9129 2062 4947 1453 7951 8354 3778 2624 7679 9261 1933 6975 453 3543 6709 3351 8946 5654 2520 2240 2111 8838 8845 3899 5994 4751 7060 9493 8918 5627 1402 7348 8820 813 261 5458 9993 7053 5737 433 2035 6359 8677 8338 9264 4440 1016 3150 1829 3482 2972 5568 2477 2910 3613 2443 3030 3577 5749 1343 8601 3765 6525 3366 3267 6909 1513 7184 5852 3570 195 5642 2438 3355 3876 5801 7315 5689 8878 9225 8763 4803 9947 9860 8485 6368 9553 3737 1991 7664 9758 267 737 2156 504 
1659 537 6749 519 7608 6845 3696 4710 5852 4981 6631 7541 8187 7188 7997 8438 6761 9430 6709 8282 889 2123 5118 433 4633 8835 2208 5010 8413 1938 2563 5626 8981 2877 9741 3917 9653 1262 1531 7586 7675 4899 4131 6803 6575 7698 1488 1699 6469 885 6463 7273 1476 1475 3694 7326 597 5199 1668 7127 9750 4153 9380 9202 4242 4253 7529 59 9689 5453 1583 513 3403 5532 9482 6241 4753 6565 6319 7475 6841 797 7547 1457 1450 3137 8686 4179 2915 9934 7541 261 6976 1952 2495 3937 5850 9920 767 323 
5082 8581 3560 8378 377 1657 5237 2382 4491 1972 7214 8090 5864 4281 2687 8363 9183 5194 1823 5746 9893 3769 7068 7103 6107 6229 4840 7849 838 3406 8823 8781 9681 2396 1696 9291 2175 6459 9768 6958 5712 1395 309 2705 2950 7812 2440 5351 4795 2601 5712 9493 9268 8889 6239 369 3910 8425 4692 4594 867 1151 5893 6575 5908 6251 3172 4928 1228 6327 2249 421 773 5839 6706 4391 3891 5985 6875 5547 467 1193 9876 7429 8999 393 4974 9858 7843 6862 2036 1137 9186 5488 3720 2551 9980 8429 1039 8157 
4030 4917 7076 8880 4640 5588 4400 2000 234 6448 8885 1370 9481 9651 3001 1240 9268 1197 2043 9891 6772 4927 8995 121 2887 2591 377 8964 963 9361 785 6795 3720 9261 221 945 6422 4862 8706 4483 9294 7737 6083 3021 8266 816 2086 4189 3161 6281 3590 3993 906 7675 1998 6025 3312 2111 6287 7866 2899 6678 6724 6755 9078 9809 6980 5922 4912 736 7846 5106 1830 4144 4364 1345 5364 9560 4780 5576 4941 315 996 9617 5169 9205 986 9175 4751 9836 8579 5916 1086 4872 4220 1523 5901 363 5533 1959 
7036 354 2826 7062 1901 2152 2911 5005 1426 41 3984 7317 1311 9622 8210 6593 1036 7871 7540 9593 7474 8744 2941 9067 9869 6584 9919 1725 1141 8388 6509 6265 3406 7067 5179 7236 2178 7277 573 8937 4573 7793 3375 4114 6220 3010 2053 5783 3559 5032 2509 8244 931 7629 8496 34 2101 2984 1219 8590 8502 7503 4066 7854 5017 922 8267 2147 2912 1676 5456 5801 8081 7891 4974 6543 481 5116 7708 9728 1198 8651 6928 3676 509 2756 1389 7052 2927 5541 4215 7636 2084 8662 6409 134 7065 7642 2582 7499 
3508 5018 5949 3543 8104 1901 5829 3869 9100 3310 9080 1264 7184 541 4862 861 5387 6728 4892 4517 5147 8112 9376 8771 9228 1412 2486 2852 7999 2742 2517 4866 4563 8189 1194 8482 6806 6297 552 5592 6207 8977 4350 8913 8182 6664 8874 5600 4604 5371 6964 8928 1780 7001 6181 4198 6042 4454 7718 8578 8046 3810 5543 5362 2058 2081 7706 9044 6498 9307 5585 4731 5670 2089 8187 2918 6783 4283 5723 3314 9609 9332 771 9699 8681 2985 6492 9730 4619 3765 3381 9933 9055 4993 572 3659 4269 1609 4262 8423 
5414 9502 5887 8141 5773 8006 1383 8855 9774 4690 9922 3058 683 5151 5631 9145 5343 6457 7172 2631 7702 6011 7136 4099 4089 9253 7889 3947 7797 8246 6393 4352 6797 556 1005 1456 7751 5398 5698 1618 3614 7484 634 9018 3150 23 1480 5341 2524 8879 700 5266 9302 3620 1616 4358 9262 1165 8257 1047 9711 2640 1943 8730 1407 8170 7494 4737 440 1804 6458 7252 8961 2174 9307 7229 7060 8532 608 9159 7855 7769 5859 7581 8066 1368 5316 3965 2065 7608 3559 7722 8036 164 2031 2261 2409 3356 1165 3632 
2852 5810 650 3820 5466 5129 1883 1718 1018 8603 9903 1588 6291 3293 3592 1664 6858 397 2421 9358 4599 8241 4436 9813 9641 2220 9058 6257 6388 7217 3031 7816 959 7252 1710 3561 7581 9372 7540 7557 1892 2378 980 4913 8261 3876 8387 7419 6100 2154 6633 4766 6780 7230 7852 625 5820 8256 7 5393 8826 7683 4402 6333 7533 3228 4954 626 3761 9575 9241 1814 7845 289 1010 4362 2965 5416 8693 5187 1258 2495 5579 8814 4118 7522 5402 2764 8828 7220 6214 9548 5873 6308 8615 2352 1573 7158 2338 3887 
7639 224 611 794 5743 8596 6454 4139 3479 5317 1828 5392 6245 9189 2913 5414 4520 4506 6197 4468 5666 7094 9237 7085 9502 3076 6721 4002 1128 7326 364 9364 6346 2855 9970 7586 1787 759 257 622 6592 6361 5135 4918 2469 3097 5525 2006 3546 3371 8697 1287 4181 9781 2895 3688 6255 2478 8548 4629 817 5674 7955 3881 8267 3145 6592 6110 1261 7987 5739 9108 612 6588 2680 8928 251 6111 9190 4531 3559 7796 4258 7214 6016 7470 6502 2305 8532 6197 2041 3720 9400 7680 4278 8305 2635 5844 2176 1101 
2024 1948 2816 6042 4347 4803 6983 3853 6143 9373 5853 4625 4004 6951 1418 669 8340 1825 8894 1275 6957 4678 1050 3173 1241 5753 3600 2205 1800 6978 3075 9729 5586 9952 2015 686 9441 8280 8671 9463 6772 5255 46 4948 2555 1179 6039 4750 5845 3612 7289 8951 1363 3952 2144 3971 4031 8381 6119 4138 2858 6378 7456 6613 3803 6769 488 9212 1292 6834 4087 1328 7855 1275 1654 6799 778 5692 9648 104 7585 9660 3270 6297 2110 7970 4967 1949 4488 7632 4979 3844 6497 8149 6912 1982 2599 1975 3403 4503 
8044 5894 3902 9082 1261 4992 4061 2836 6767 5235 6522 5237 6812 3277 1655 796 9203 4638 8114 7302 2693 2692 81 1440 684 5802 7451 3725 9924 3880 7204 2576 5007 6548 781 5147 3622 1941 6667 9905 8614 1599 1422 5017 4221 9375 5196 6256 5916 9556 8951 5829 6560 8584 3286 9013 7974 2609 4877 2934 4470 2738 7037 3877 431 2732 6612 1741 3013 8069 4207 846 4389 7203 1334 8186 6896 7986 274 7750 31 899 9988 7754 6194 1409 5700 6055 7134 7835 8081 4464 9003 4599 6874 8241 5150 6560 9813 8612 
8851 2337 7255 4788 9924 5658 6264 5006 5794 7306 6423 9949 3203 7721 1095 7700 5308 6459 9558 2404 1837 8910 9514 9020 7790 325 6359 7140 5827 2253 6154 3152 8414 6416 907 4767 7699 9886 7939 564 1405 955 3338 5525 1929 7461 2190 55 9581 6664 9065 6963 5253 3723 2928 5980 6401 138 4463 4570 7611 5727 9625 1662 8800 4494 7515 6511 463 5242 2306 3207 2766 2580 3332 7826 5325 4420 6600 6346 3750 2683 4409 7502 3841 7820 21 9243 7341 1803 1599 3762 1483 864 7319 1945 4051 8549 2562 6860 
6584 3997 8567 1416 5337 1880 2291 1143 6363 6043 3701 4767 432 254 7447 5140 6091 7322 1437 2552 8874 9068 90 178 9350 7504 3988 1108 5472 8482 5837 167 951 142 8978 5998 3502 8474 4238 8216 2766 2592 955 9368 5728 6316 7565 3149 5072 911 9001 4684 2420 6988 1548 9361 785 6995 4983 7404 1763 4218 4354 8727 111 3745 3384 1310 2171 2162 9381 856 967 4228 5557 5866 5602 7366 4802 2650 514 1478 8822 8438 2163 762 975 333 8459 9136 8110 795 1515 878 1861 7889 6502 1339 5085 233 
4021 1888 2978 2923 9843 5804 2830 7656 9643 2187 4828 8603 8099 1770 7574 3520 5008 3088 8785 3327 2426 3576 964 3901 3239 8651 6088 1308 1258 3771 4685 6084 2882 5559 3276 3188 2707 4460 9806 1072 5354 5814 5272 2717 9936 6901 7384 7012 1058 1080 7211 7480 4599 2091 670 4913 185 5094 1777 9789 6743 1812 720 7554 1493 1379 9856 3073 7117 7129 6668 2129 4952 2759 5553 2782 9532 9333 4367 5298 5802 9777 9306 8863 9725 3991 8402 2119 5507 8331 8031 7796 4336 2302 1078 1711 2854 9760 4908 1982 
2964 1804 4235 6170 3898 4646 3138 816 9490 7602 2478 2397 9816 5945 430 9474 2369 5525 369 6790 5771 4645 5049 4150 3260 424 9785 6319 1298 5918 4508 6819 3228 8205 9081 8676 2445 6997 6769 1011 4852 1761 9009 4934 7218 5581 4866 8021 3130 9749 5997 3913 3698 122 9963 3226 2678 1248 8274 2282 4098 3959 2973 837 2858 3519 3638 8827 151 6363 4519 4116 8693 687 6538 6183 2964 7328 966 5537 2946 1993 4641 841 8830 4734 4072 6537 4514 428 45 9717 8414 5211 8146 3108 7415 5799 8256 963 
6678 7901 7973 6387 345 6083 6842 3214 6981 8404 7743 3603 8370 6271 7051 9923 1835 8520 2331 1215 1792 5720 4007 2005 7556 7463 4726 1124 6673 4670 7565 9160 9039 4348 1811 4788 5380 6354 3363 6092 1645 1220 2108 6904 9790 4492 8778 1936 3714 7014 3395 3325 3496 9465 5557 5010 3342 4642 3420 5156 2057 1805 7730 2726 9281 9209 4651 266 7280 3822 226 7231 1605 3883 1320 6873 7294 3096 6780 9494 4800 1969 1243 522 4405 5770 8845 7870 884 9221 548 6392 1354 9745 731 7461 8410 9114 1334 9760 
5530 5056 2055 2939 8589 7111 4891 7027 8648 7762 8634 5180 7543 6822 1415 3628 9924 6454 7999 3148 4145 3254 3865 5223 2776 684 9421 7316 6591 8788 3811 4602 459 1711 3638 7875 926 5073 2457 4569 3015 605 8097 7652 7409 6489 3176 41 9342 5576 6181 5853 9197 6856 4847 5625 5357 1137 1956 9865 5876 5080 9797 4377 1820 7865 5328 7390 4361 5774 1544 9485 8634 3989 7852 21 4743 5069 9983 9674 7214 949 7766 4130 7480 7677 1948 7584 1303 9266 5088 6035 730 3268 4963 6929 2879 8896 9156 8107 
9054 2432 1657 9670 2057 1677 5934 4406 1064 8270 6341 8570 9022 5527 8863 4636 1926 111 7528 5438 1599 2932 1954 573 9761 5270 8625 934 3358 9584 8966 9461 6660 508 5925 8142 1699 6961 6972 7137 6277 8571 5093 1188 7277 2810 7701 2254 4987 8591 2522 1984 1564 8072 6933 8375 1800 7402 8275 7589 2630 7013 4145 334 4656 4421 5428 6826 7791 7002 6704 187 4370 5006 3190 1761 2769 3543 5495 9639 4257 231 7260 7546 3250 7976 3308 7329 5663 7231 3727 4272 5579 1232 5186 4267 4734 70 5736 8013 
5597 6983 3620 5477 4708 5863 1449 147 8885 1087 5148 1382 9998 1205 1475 9050 5671 6038 9514 8218 4190 9964 3805 3152 9712 8733 8433 2421 1155 2457 5945 564 8529 3369 1405 4606 6678 7355 1689 8277 6861 7315 6508 6611 319 7560 7118 2524 5095 7613 3359 2991 3478 9498 9460 1576 9891 3349 7149 118 3872 3094 4950 4490 8721 3649 9894 9328 2080 1148 9870 9416 927 4295 7028 8027 4695 2854 3507 7125 617 7952 9806 5544 8529 9692 5361 7547 9529 1046 826 61 4522 2005 771 388 4162 8462 5475 5646 
4002 2566 5733 3404 2499 5902 5293 2363 4700 1103 6378 5671 432 2253 8588 7220 3383 770 4743 7469 9581 4879 7576 5553 216 5118 4603 2981 5726 867 306 5482 7199 7551 6026 7625 7424 9375 508 6372 4459 7441 1460 1310 2837 5851 4437 9482 7852 4314 7439 686 3544 2917 1277 480 3302 4343 7614 5715 5896 4865 5000 4628 6989 2435 7416 2089 6432 9274 626 5254 1104 4389 9426 7308 6397 2023 2649 4255 6240 5359 8914 6986 1457 2861 6772 2638 9620 7973 1212 1454 7518 7394 8859 4976 3089 5399 7009 8604 
6122 3516 8799 941 5324 7199 2902 4551 4495 4958 8436 6374 2008 8375 4564 985 3094 9802 9307 8015 7733 2803 8973 617 3289 9960 3118 1701 330 9635 8724 5088 6250 6384 7020 168 8511 7551 9562 6748 3932 4035 4807 1267 6114 8965 5964 1557 4295 5095 6301 6783 4970 5721 9199 1492 3672 1837 972 5998 7753 2717 5203 8993 2666 9538 6422 7618 7740 7775 746 1444 2624 6187 5453 4542 5288 4527 9246 1183 3857 9154 7723 598 2404 826 2424 6113 8437 3730 3906 8220 5198 7664 1571 9976 4136 6957 5872 8771 
9399 6437 7434 2633 6010 4875 9745 4115 1064 6072 8869 6042 2718 2965 8206 3712 4180 420 4348 8902 932 2910 5696 7554 4802 5354 5310 6630 6752 3138 3516 4500 9754 4408 9793 8510 7521 4146 8540 6998 9570 6322 8560 9864 2500 3149 3209 8569 6500 2844 5773 8875 8791 8287 3186 5561 5138 5923 4686 9179 4725 4029 5341 8144 6918 9875 9323 3416 4265 4372 7714 8776 8738 1317 5690 6757 8652 1437 4039 9792 7145 331 1763 4203 2303 7845 926 7771 6116 5691 1927 8794 687 9420 2849 127 7531 1443 414 6531 
7347 742 2771 2586 5279 5093 5220 7694 7817 3948 3941 1223 7472 1278 273 4793 249 5950 6019 6837 8803 418 6677 2646 464 2524 6072 9818 2437 1940 464 4434 4782 2910 1194 6827 7147 7773 2650 4059 863 1074 32 3286 5318 8734 3545 5431 2546 43 660 2204 1330 7652 5285 8644 7379 2661 4131 526 2392 5467 5393 6797 6271 7681 8137 1512 9356 6289 7693 7358 7928 6150 9624 9769 5274 705 3912 2674 8942 5235 8981 786 231 5764 7415 4903 5608 1093 1735 9612 3048 7514 6747 456 51 7829 7158 2381 