1680 7404 4978 4392 4218 1658 3800 9503 1805 8594 1690 7807 3704 4421 5340 320 9313 9472 4418 840 4768 4108 6039 6233 198 4750 8830 4375 1307 2384 8566 1363 8453 3952 2144 3971 4758 3132 3559 3060 7792 6253 6181 5667 8954 3098 5095 330 6989 6793 7340 3508 1563 9615 5285 5478 7829 3552 2449 5839 7503 3002 2703 8822 2356 7236 7986 3739 2539 4577 7975 2765 9048 6284 3425 2136 4796 5253 9402 8297 6411 925 4952 8146 2659 9334 1609 9808 1105 1186 5417 773 7839 4997 4238 7416 4342 7589 7074 5692 
6968 7888 6952 9380 7551 9689 5453 323 286 2181 5397 5903 9406 9303 1210 3628 1301 9948 6304 6817 5350 7757 3660 68 6795 2884 3752 3276 6904 2707 4460 6834 6016 2889 3 1072 5814 2717 5239 9936 7384 9171 8321 268 7480 4315 3840 9372 5115 5910 4559 3801 8968 169 109 7464 3947 6396 8176 1046 7857 6902 5799 5607 2854 8631 2613 9602 9754 6555 4794 5076 5532 2122 2445 6500 8954 8732 8740 4056 357 9303 6102 7612 9686 4368 6795 1058 3372 8311 1690 1065 9947 7689 687 3926 2206 7789 1626 3413 
8579 197 9012 4726 3432 3330 5658 684 9697 870 3580 6729 6705 5723 4767 2627 695 7835 2495 7319 4206 5355 6548 9080 3006 7857 5847 7366 9424 7759 6294 5192 3470 4519 2400 7016 2114 9720 3393 9920 4160 7021 8367 1639 8969 8982 9078 7308 15 3415 1280 2009 5440 1811 2197 7230 6629 6438 3646 2183 2159 7747 5566 9096 6790 8882 3316 3365 4176 8454 6338 4759 5201 1206 8989 3231 4874 841 6836 4200 4473 55 7192 2955 2020 6294 4281 88 4121 9713 9234 3708 6677 2474 2542 3826 8158 765 6639 6189 
2458 4569 9198 1549 7822 267 7660 4424 7706 2991 4265 9498 6616 9460 7899 4519 5980 4463 7885 3150 4421 9141 9313 8477 8069 3630 463 2346 7879 2549 1063 6315 1792 1690 6297 5653 7345 8925 4936 7070 235 5554 376 4251 5815 8236 8659 937 6048 6151 9120 247 1525 1962 8839 3633 9662 7744 3131 2104 2010 5203 4394 4319 4670 6925 4075 2586 2561 9737 3425 6077 640 9097 652 4972 3275 1566 3210 1354 4709 4994 7278 681 21 9118 5777 1323 4743 2001 1546 1481 3399 7759 5402 2769 1459 1256 7642 1433 
8567 6352 121 5053 2079 1093 8556 3058 3371 8859 7669 8698 3195 7670 953 7377 217 7941 7881 3764 6524 5378 4084 961 2235 7313 4195 4369 241 7970 8232 5905 7943 7829 8651 2120 6316 2289 3986 1459 4606 6925 8612 7716 2532 8191 3166 7321 8400 2392 6545 5847 8435 6804 1442 850 5393 784 9904 4338 7235 3610 1150 2400 4960 4964 3422 4438 3064 5463 802 1071 8403 443 6749 4025 2976 238 4925 2295 9983 5994 8042 1921 2689 5000 9964 2605 7181 2164 8109 7407 2455 796 2810 6436 6516 8496 6448 5029 
2289 3330 8463 4606 4517 2460 7716 2532 8191 6111 7102 8561 1151 6804 2952 6457 1765 7557 784 8416 9904 9563 4890 5711 6063 9382 7389 5577 2344 5195 8323 4617 1521 6658 9279 4340 1683 9997 1142 9254 224 3376 5258 2605 4601 5571 5305 2087 1213 2133 3810 380 1133 6662 2175 399 6386 6086 6866 9213 405 6763 5288 9875 7917 6547 2983 1603 4604 6608 8985 1564 6485 8325 5537 6231 9437 8682 6866 418 4880 4633 3893 2576 5217 4703 5153 6833 3021 3591 8817 2948 2601 8069 1207 463 7879 2549 1063 9752 
3957 7780 2445 7142 9098 738 1944 986 505 7756 2523 8005 9338 4334 1844 1646 2915 537 6003 5441 3925 1183 7505 9882 2479 3224 3930 3905 9112 5922 3957 3257 5542 5863 2054 1449 147 8537 6707 6995 1902 8125 4456 5327 1190 3365 8236 6038 9009 6795 3109 3951 9573 8474 8755 3349 6561 5072 8016 1512 6279 9743 1166 3363 6015 5401 1421 2763 4489 3821 137 4144 924 6636 4212 9845 5608 4435 3075 9476 9501 7292 2544 5236 1905 2103 7335 7510 243 5977 6944 7795 3798 2854 9755 5990 7289 1818 4467 8683 
3997 9937 9826 4693 2482 3382 6281 4387 5274 8384 8075 8627 4394 8757 2384 2904 7498 5238 2660 3488 8879 5490 5306 9699 8888 5349 7900 5243 8957 6628 3801 9997 9302 1569 2149 7918 4655 7669 5412 8090 4902 2689 7937 5101 7458 5851 5644 9957 821 7217 5261 3982 7091 2862 2448 7472 2378 1427 5690 6037 9483 4245 6009 5867 1901 8699 94 9838 152 3976 9116 9076 2820 8366 5611 2078 6443 1979 9780 5604 3362 351 8905 1515 6516 2139 2903 6972 6423 359 2186 9393 5004 7800 9774 5573 2678 830 8598 2346 
2386 5214 5974 1641 9290 6572 2614 726 2677 4033 5486 7411 7448 8242 4603 1958 2962 5211 5920 6952 8790 3277 4925 1634 8574 6983 7080 4876 819 7495 9661 3109 6041 913 3414 6180 7920 4639 5909 6546 1231 8311 4660 9101 5967 1936 1983 8527 3696 2225 2155 3517 9681 1867 4170 748 2770 4175 2537 8430 1609 573 1101 2072 5769 1322 6251 6413 8666 2023 4057 1566 2300 5575 6777 7921 970 4596 6339 1613 4899 1048 1923 6140 244 9588 739 8393 5661 180 1560 4884 7926 8917 4202 3616 8205 2784 4735 7543 
1420 4881 8291 7312 9569 1965 1102 4489 7733 9154 2203 588 189 7896 5584 9669 3829 8168 9948 8472 3821 5661 5968 6556 8738 6907 6638 3822 4623 5471 2975 2531 7283 6625 8708 1123 9563 7856 7220 6671 2913 3736 9494 3287 1996 733 6085 3827 958 1864 2957 4246 6526 2726 4453 3923 1549 5679 8200 3350 7824 4350 3991 8442 2167 9926 7256 6739 4226 6032 7999 9828 6073 7792 1717 4864 1603 4567 7406 4556 322 6372 361 2301 3115 4962 3151 6499 7257 4825 9603 4863 1235 7948 5733 3506 2091 4799 5870 2471 
3772 8543 7131 777 2483 2176 8142 42 8288 5419 1604 7638 3424 2887 2259 5922 6633 5048 8287 5816 5858 499 7527 9717 5646 6966 2077 7583 4157 5382 8240 1870 1497 2400 1324 3327 5542 3387 6544 4685 2907 2478 6935 7280 4878 430 4227 1686 1141 3661 7236 8668 5712 4712 8426 86 7228 7178 8383 7369 7332 5744 2352 8645 9414 3761 9055 4635 6605 1327 2580 4657 3431 9389 2885 7206 2510 4887 8386 1164 5076 9459 6684 3405 3180 8499 9409 6615 3235 8079 8973 3468 4955 4394 460 7466 2341 1873 5776 4157 
6915 162 615 3422 5276 8772 5360 4677 9111 7944 150 6225 2025 4788 4015 7601 7254 7375 9211 8722 5506 1495 7848 3804 6346 3955 5749 7934 6852 7887 3968 9060 7108 8166 874 4272 6952 3369 5344 8169 8040 2325 4641 5245 8206 3061 422 8921 1027 8072 433 9474 5303 1595 945 2363 694 398 7528 6731 8157 9904 8363 7501 191 6046 5370 2599 253 6742 6646 1145 822 8079 3549 6185 6965 7666 6400 1723 7772 3301 2266 8650 1273 8986 4055 7853 7521 8765 2243 6896 7019 7339 9886 7247 6380 6107 8594 6077 
5900 7542 18 4834 711 8982 2657 4168 7074 3186 5487 56 9490 8992 2928 1910 5348 4785 7971 561 7960 7811 7680 6893 3295 5597 6005 5442 4779 7767 7668 6818 5602 6717 5454 326 6590 5537 8539 8832 4715 2746 9277 8103 204 9030 5491 3549 3872 1915 4577 1922 8752 2996 302 204 5938 7470 4691 2637 4800 9962 9116 3300 5175 8412 5951 2484 9089 9331 8539 3459 8009 8593 6124 2332 7930 3496 8553 48 8531 21 4083 7221 5994 8325 1476 4133 3563 9355 8155 3441 246 6578 2162 389 5110 3723 3091 5670 
7028 3991 562 4519 6748 5372 3813 8750 5834 1833 1487 2390 6346 9983 8686 1266 1997 8543 8916 9596 8037 8837 4684 8067 996 9840 5797 4341 1458 4910 5493 5340 844 484 8064 1372 6304 1076 7213 1573 2121 1064 6486 6804 193 432 6439 1936 4769 6890 1429 2568 7350 9952 7219 358 491 8637 1031 3780 7839 7311 9098 5976 9083 8317 7928 6585 7295 2318 9804 3657 1648 5916 714 1026 4362 3359 3344 1631 2933 1834 5299 383 3228 9066 4476 1753 9634 9769 4493 8336 842 273 5142 3859 2722 17 6074 9315 
494 7823 8768 3932 6740 7959 6881 7846 9918 7794 6416 3848 7721 602 5934 799 8946 1024 1612 8195 6110 5698 5234 5080 2164 8548 7809 5531 6398 7185 1118 5504 795 2955 1025 1783 1995 2459 6325 3642 9660 3228 6699 6766 1796 4736 2212 1952 6520 5626 7772 2247 8133 5791 6603 8666 1955 8399 5697 9352 5781 4382 5543 347 3247 9791 2790 4761 5213 4965 1592 5071 7193 5587 431 2269 7343 1754 8951 8712 2307 8931 817 7238 1087 586 4147 2817 8361 2800 5951 9639 6827 1812 296 7178 1036 7370 8107 4764 
2836 1186 8916 2693 8756 6688 9005 9821 4647 6110 4822 1225 2989 8218 6366 7770 6439 4379 6606 9521 8049 4326 5240 6555 4201 5611 3381 5508 8834 2834 3285 416 188 4083 6569 7360 2172 7061 3291 2941 9390 9894 8559 7203 1632 8092 3785 6944 2623 6836 7305 5581 3205 8222 469 8026 2629 566 5023 9633 102 58 9801 9689 7572 9865 3816 7976 5735 9610 7479 6060 996 6337 2874 9778 6917 882 7163 1890 6308 8791 7305 919 4002 2819 4751 3189 6550 1967 9356 6801 3538 7263 7095 1696 4578 4814 4242 3873 
3057 4532 452 8335 8597 8668 327 6203 9230 6424 9436 7434 7065 8188 5358 2871 1446 9162 3739 2233 49 9212 9560 626 2643 7281 9846 8925 7099 6555 4282 4646 5918 2533 4122 5144 4460 4163 7419 250 170 4543 2926 8632 5510 9153 5064 8084 6212 2072 2281 4513 1032 6571 6791 7829 3832 514 2218 3002 7259 6684 2163 7236 7986 9590 3739 8684 8295 7254 3421 7808 3975 5476 9960 2120 4469 3679 8073 7393 8549 7413 981 2496 42 8571 8055 6413 3236 6962 5533 2758 6945 8039 6563 1059 6593 8520 6304 9093 
7556 5532 4498 2629 3862 8790 649 2051 7342 6018 8624 9139 7895 4584 5831 9135 1853 9279 7267 9316 2889 1659 7289 4711 8833 7248 9728 1445 5547 6816 4377 1264 6100 3720 9196 3826 5271 819 9645 6512 7156 8757 7498 9939 220 5232 3266 988 2906 205 6450 8608 5477 4728 1257 2104 7643 8631 2276 5961 537 2605 2773 2309 3567 5503 4366 5428 5661 5846 479 9628 779 7289 902 2438 3847 5799 2165 6677 4198 2147 7794 9451 1668 2348 4276 6284 8237 1495 8357 2515 1101 2287 8053 6753 8933 4668 687 7726 
2180 5845 4075 7482 8509 2598 8414 4915 9439 3758 2057 9311 4177 146 7799 7490 7964 4859 2300 8148 4509 6914 6130 4709 8551 628 9140 934 139 6281 6030 8379 2013 6775 4833 3500 6275 2623 1146 5003 2601 2081 9102 3713 7111 4731 4410 847 2660 1633 2919 9928 4244 2942 7551 5336 4321 5898 6600 156 5671 9531 7525 115 5501 3546 838 9012 706 3539 8481 5328 6911 6809 7076 3896 3450 8435 7694 7839 9968 1534 8306 4004 9845 8565 7000 9184 7539 5378 4475 8180 9846 334 4369 9438 9549 3941 3170 2082 
7344 2826 591 8945 6149 5587 1816 7156 9476 6354 5254 4390 1333 5902 1379 1324 3111 1302 1212 4768 3761 4068 3415 5669 6454 204 5750 7859 3314 5560 175 7176 4341 9241 6081 1288 3391 1092 4589 1093 8232 3038 7045 2938 3016 7729 7165 8065 2553 9916 3361 8166 6999 3097 7551 2233 7816 754 7242 4754 2900 4304 4576 8189 3395 2599 4637 7596 3010 116 5711 7174 9917 8771 9421 7551 9047 3181 5414 8000 4509 2615 3651 1135 3394 802 1972 1434 4450 1737 109 8365 4414 5832 4221 8258 2270 2881 546 5748 
817 3455 2853 2648 9928 6824 226 2351 354 4012 7062 1901 1829 6181 7367 1128 4747 662 724 7386 4434 1950 562 5309 8457 9507 6852 2072 95 9338 6084 9426 2621 2749 4155 4511 3160 226 3308 1964 7284 7776 4692 2799 4792 5151 8946 9846 5509 9173 1335 486 5727 1513 9048 1344 348 7350 9946 4069 506 3478 9205 7071 1652 9447 7348 8020 4459 288 8481 2003 7031 7507 8738 2598 8872 217 2527 308 4571 6310 7052 3382 330 4938 6902 8774 4671 9365 2296 3383 9390 2445 9244 755 8000 738 379 826 
7792 1648 6777 2376 4596 6339 9481 1048 1923 9890 5697 6140 3133 1862 7291 1094 4552 8765 2324 6300 7667 5852 5642 2438 3355 3876 469 7757 1323 1945 4026 6019 9675 6317 5516 1898 2643 3050 8507 7382 9728 2977 3754 9282 1038 6994 4519 8115 8912 9891 183 358 7652 5043 8163 1323 1575 2868 5877 3738 9009 4763 7156 4287 6543 3699 9901 4094 4810 7513 1685 8267 5193 7519 8119 5112 2942 5739 2227 6374 3822 3800 9503 1805 5525 3021 7807 3704 4059 3098 9313 3630 4418 5681 8506 7879 1470 3884 1063 6315 
6909 3577 1207 284 7844 8764 6768 9986 772 8187 726 9430 7927 3021 2336 9141 9472 4418 2346 7879 2549 9752 3957 6401 679 147 5148 6995 4456 1475 5671 6185 9827 3010 3035 2277 2026 3376 984 2505 1062 5210 2809 3193 4565 5551 3267 8714 2308 3285 9541 54 8806 5134 843 5409 6568 9685 2816 3429 9322 2970 7759 83 1765 3562 3541 8972 8956 9910 6211 4088 3515 4033 768 6161 9861 8246 6135 777 2614 3035 2176 8280 2964 7215 1238 1785 1468 5046 6073 5307 2156 5461 273 8789 709 3271 140 3256 
1394 9112 8146 1402 5315 2727 1681 5750 2739 7104 1090 6859 321 6234 6213 6748 9943 4649 7522 8249 2214 5900 959 634 6534 9698 3385 9015 4496 3842 7527 9497 721 4106 5624 7598 5142 3746 1959 702 8229 9400 1291 5752 4667 845 8449 5008 9915 7481 7623 4578 4053 7168 1469 2023 6072 8869 4999 2246 5602 1359 6406 1453 2476 3322 7425 6673 7419 9130 3757 4312 5565 1281 5309 7855 3930 269 6122 2945 7147 8850 5969 1511 120 5119 295 3348 3875 5516 5481 5343 6372 7843 3774 4548 6481 681 4263 9606 
6356 7188 4795 2896 3023 9840 9308 3789 4054 113 2007 6779 8067 1195 6170 2751 1900 2786 2669 8283 7743 6505 3723 2524 4689 5872 9577 292 9063 8226 2585 5492 3338 5334 126 4026 8425 2876 5848 2976 8333 4266 8195 1181 8997 5936 6586 1484 7052 7602 1485 7084 9213 6746 5072 2990 8769 2924 622 1488 5371 3778 1292 4904 5807 75 5940 4999 1012 3920 2943 5407 9508 9014 1476 484 1602 5909 5165 3394 2199 9304 9429 7482 5551 8763 2918 8874 5600 1635 6964 2960 3278 7001 3257 3769 1970 6107 4254 9715 
8005 3979 3879 8516 3600 7230 385 6340 3443 645 3877 3162 3109 1245 5502 6245 2109 7933 6863 6858 4684 7308 7461 5518 9921 6991 447 9148 6792 124 8857 5160 4480 3123 4166 149 2125 1632 8450 7943 2120 1568 3598 8463 1124 656 2729 9039 7939 5406 8444 2934 414 2930 352 4764 3808 9809 6181 3778 5210 7367 3924 1128 7894 872 5271 9574 3344 8550 8154 3117 2573 9829 869 3974 7749 3856 6255 7746 3193 2630 5685 4926 3928 8147 9692 8514 8817 2431 2336 4421 1289 5340 2948 9141 2601 8069 9472 3630 
4418 463 5681 7558 8390 7879 3828 2549 1470 3884 1063 287 6315 4708 3957 6401 3257 6909 5542 3577 1207 2054 284 5685 7844 1449 2500 3525 1006 1083 8537 8885 1264 6707 5148 2150 6995 7816 1902 8055 8125 2066 1382 9998 4959 1190 1475 8236 9050 5671 6038 1551 9196 6185 1075 2162 854 3044 664 4201 8919 2257 5337 7337 6713 6719 2664 3064 8030 207 1395 8858 6798 3705 4896 4701 7433 3610 9532 4109 7022 1316 472 7687 5517 7684 7774 295 840 9311 6395 7592 8843 3266 7059 1368 130 5019 7473 4083 
4493 284 6767 2157 4194 8759 9788 9214 7987 6807 5525 4471 1929 6247 5095 9454 26 9278 7340 4257 395 5285 7829 1642 5839 8619 2703 6684 2163 7236 1727 8684 9363 9153 7975 9048 3425 7614 655 2136 820 3360 4511 6994 2929 4406 6957 8734 7487 3342 5904 9189 8817 6609 1272 7654 839 7018 550 7217 4191 7719 8369 182 1075 990 8088 7333 620 8250 2215 5180 8903 3109 8632 5142 3031 7607 7800 740 541 3383 1096 2672 4756 9636 2799 4859 7289 2592 2544 6996 4944 197 2845 527 1444 3174 5973 8155 
1219 6831 3647 9347 7189 5896 8532 5140 6584 3785 5335 6445 2885 3571 7206 4144 3672 7768 6300 1711 3535 444 348 4981 9140 9063 703 1292 6754 5524 1678 7703 6922 4714 5731 967 2728 3292 1385 5213 1235 4985 3842 3390 5351 7113 9874 750 2207 9297 4904 3790 2519 6971 5426 2559 7280 986 4878 5681 1381 7834 8668 4712 8426 3001 7228 7178 3600 8383 6772 3251 2385 7267 9472 8052 7199 7547 6852 2743 1985 7471 9122 7663 6937 2572 945 3999 4979 6486 8401 1118 9893 5407 1967 1914 9732 6881 3060 7792 
5609 9710 3065 432 6657 4703 1049 8388 8128 7905 9061 3764 7879 6060 6536 1576 5906 8115 8912 6300 3856 280 4174 1299 8657 3127 6473 5425 724 2253 7706 5059 4413 5159 4490 1070 2688 2668 6039 5657 2030 8830 4375 7788 8018 7289 2415 8951 6493 369 6026 2144 7802 7325 4031 8381 6119 6065 1424 8146 4097 3755 1286 1920 9805 7261 3556 2660 2815 3359 6957 5904 6065 6994 6957 3342 3720 9189 9642 3184 7291 2784 1071 9617 6107 6296 9737 844 2633 4641 7359 4115 1064 9647 6537 5554 3694 8729 3712 6039 
7577 6294 5139 8212 7229 5575 2417 99 8536 8137 1166 4168 560 5437 1952 3565 7047 6156 5190 6945 7750 5686 1500 1780 523 1907 7543 3982 6877 466 9906 9537 7414 1691 7673 7101 513 6169 9566 2068 5536 8868 1773 4848 6816 9065 5342 8847 6575 1098 3345 1796 1490 3395 3809 4099 6367 9050 3830 1930 3043 1669 933 1148 7174 305 1546 1893 9114 7164 7262 2920 4319 2165 4794 9876 9000 5005 9373 4320 2467 1329 9149 4190 4192 4882 2207 7611 9816 5026 510 1800 5024 4396 9240 2453 3974 5539 9563 2927 
1038 2450 882 2135 6511 1535 3516 3298 9311 7273 7020 8377 7656 1346 6650 2968 5812 6817 4193 4338 2955 9989 5387 1415 9827 4559 8897 5128 2966 4382 1372 5462 9734 1099 4012 8545 7024 9460 5953 9135 6587 6952 4369 1219 5096 9703 9027 6406 9320 8238 3380 6700 7907 2119 8525 8621 1032 2810 8268 2093 65 2248 2316 1288 4054 5756 8166 5174 9101 4590 2069 3070 5991 6371 8660 2269 9476 7531 3620 1941 7526 4087 7806 4542 9624 6988 4594 960 4796 9486 3065 4103 959 8907 5267 834 2966 7159 6213 813 
589 8294 5334 5693 3550 3445 1188 5411 2018 9944 2831 5998 2713 4047 2894 2783 9680 9276 5066 5648 9246 4152 660 5831 1276 586 9483 3637 5558 2890 9060 9353 2692 1201 2806 2966 1684 1027 6118 5012 8040 2469 4732 7399 8848 5351 7036 1987 2434 8553 579 7503 7275 5138 6081 3479 4665 3179 1639 6165 5354 653 2644 9411 3456 336 5210 7139 8006 2925 8725 3298 1834 5548 8712 9846 3361 2703 7640 5826 1825 6977 2467 4367 9979 5830 9132 7340 4414 5741 8208 791 646 188 8823 5679 5964 7140 6941 632 
5004 767 7942 1759 1075 4752 9255 6552 2691 6986 7813 1345 8888 9921 3302 3630 9386 6802 2753 864 713 4358 3943 5288 6274 6351 7561 6617 5527 6679 3635 274 8677 8135 3411 6395 3943 5348 3088 7631 3693 894 7655 7642 2939 8247 6924 1402 9974 8675 7036 4974 9567 1934 263 4689 7000 1795 3495 7826 1435 7658 965 5012 3315 3746 3745 2678 2762 4702 8301 2705 815 5589 1503 7658 5708 9678 3152 4586 8443 5086 22 7429 448 5433 204 7411 3598 7349 7053 7112 8720 7990 5030 3375 3297 9785 6405 4484 