8978 6817 1912 5357 8630 7033 6310 5643 2389 54 7066 5519 705 9556 3380 8186 3529 4485 4764 9911 4141 3032 4650 7513 9172 9569 4535 2401 4644 1452 1947 8882 3247 9665 9059 7561 3757 6709 9905 854 4730 4528 1407 3740 4737 9604 6950 4774 9731 5293 3717 3685 2 2441 5343 1245 6553 665 4828 311 4507 2295 7654 4013 1866 8419 2722 9352 4382 7148 3751 7120 7658 8086 1872 702 8214 3546 2104 3175 4666 4769 2998 4879 3623 9213 7497 9934 3752 1538 4959 1749 5756 3651 721 2469 7787 7059 4949 3095 
4003 9759 8775 5413 6820 6695 8722 4589 9374 5893 8428 5727 1059 7840 3044 5963 4794 2360 1274 2988 3396 595 8006 2070 9099 1101 3723 9916 2072 8822 655 7024 5122 2300 8551 6777 5429 4596 6339 2701 4899 1455 2522 9890 4608 5498 815 7713 5653 3092 1817 5680 2029 3806 996 3562 7443 2723 9211 7702 3658 6084 1510 2770 6997 3419 3523 7574 4534 6956 4504 8327 3331 5287 7916 8282 1901 1881 3819 6910 2694 4742 8670 8132 6427 4055 6925 4893 9952 5159 6227 1016 3541 6922 6449 2877 3629 3449 6244 2531 
4552 1002 6906 9469 6697 7947 326 9561 9621 9422 4786 287 3257 5542 1207 284 5685 3525 8885 6707 6995 8055 8125 7551 6995 7538 5153 8121 6270 3704 2336 8477 9472 1207 2346 4244 3761 3415 7859 3314 175 4652 6320 1124 2666 6081 1314 4934 4120 4381 6475 4888 9179 6734 8269 2703 2079 3186 9556 1076 8797 8285 8126 9098 3280 3855 2622 1674 219 8541 6801 5573 6518 9023 772 7724 193 1636 793 3742 9445 1905 2853 6393 1285 3656 9975 1190 5186 9090 3471 7213 2768 9985 1270 780 8048 6117 85 2562 
9216 1739 6116 7870 7485 8678 9138 1405 8332 2426 9001 1949 3567 7262 9941 7967 2977 2877 1393 914 7086 3956 2654 1052 8188 8248 8922 6926 3431 1610 4600 1069 989 8956 2978 3449 1658 715 5190 1966 28 4196 4098 1080 2384 8699 2 4410 1977 7841 3588 6482 2441 7625 5343 5508 2688 5871 4374 2080 78 1718 9416 6592 7028 8027 9913 3654 4695 4477 3507 7125 224 7346 1268 399 532 1500 1277 4085 2006 6701 7168 6757 625 6092 4718 9694 6915 9729 5003 127 859 3913 268 307 3545 7437 708 6183 
3753 8628 628 8471 1363 323 304 4630 9903 5477 9159 8103 2721 8496 4137 8353 1614 6020 5613 1371 274 3707 2866 5675 5588 4656 523 5876 8793 4229 9272 2065 5161 7085 7607 4711 9051 3171 6082 9728 5570 836 1060 1700 7168 5610 8644 1598 4900 8267 4223 4609 8784 3257 1310 8208 3856 3494 4663 7097 2592 8281 4872 6099 5068 8857 6133 4985 9911 3532 5170 1888 1212 6969 9813 2641 5152 9917 3295 3728 4850 5209 9327 4249 6230 7748 7378 4057 280 1204 5653 5381 420 8693 1786 6938 8130 3534 3036 9308 
2872 5092 9948 1753 8428 9967 68 1858 843 8529 1875 2474 6291 4685 2801 3656 6268 2633 3138 4982 7724 3313 5489 4723 3999 8762 257 2527 4334 6485 2381 212 1004 6696 6050 9367 2982 8299 1411 3424 1439 3409 156 1011 5655 3000 9018 7403 3222 4973 8753 4419 2416 780 9988 8919 4338 3164 4878 3653 6636 5536 8634 1329 4298 6334 575 689 1525 788 6324 7071 7788 4123 8783 5842 6705 1739 432 3842 6887 6442 9425 7388 2987 7938 7967 7775 4698 2898 5354 3867 9739 2913 870 6296 1159 7204 5615 543 
2072 5193 5086 6590 5957 1146 5956 1557 9041 1761 426 83 9322 8514 8034 7028 1489 4234 8862 1303 1324 1064 1123 3454 4670 9225 9947 6368 267 9237 590 537 1676 519 9788 733 5193 2723 6371 470 2671 3630 3933 5424 1041 870 5603 6317 6983 4208 2713 6985 155 9708 2162 1108 1001 7402 6901 392 8725 8811 2823 6264 6331 6608 8644 6951 6948 770 2519 1393 6083 8458 1220 3658 5205 1002 2031 3699 370 814 6897 9725 7953 945 8998 1070 1450 5549 3351 9652 8500 8962 9126 7679 1187 7326 7935 391 
505 3762 4642 3930 7907 7513 1841 3891 3676 2810 6920 3250 2248 2004 4500 8966 4582 4838 4504 6586 3056 3232 885 9989 7392 9627 1664 1596 9275 7764 9846 334 1441 7392 4560 8285 7344 2826 7713 8499 8611 5470 3904 3454 7395 8069 1558 1564 430 8706 1333 1324 3111 1302 1108 4720 5337 5119 2353 7108 4866 295 1304 5136 3348 4577 8369 2456 9512 7647 1645 7843 4083 4548 7585 8736 8515 6604 8254 6817 9606 5260 3023 4368 4602 8326 190 6795 7485 1058 7572 4770 3372 8167 1690 8474 9947 687 5365 3926 
6734 7789 1672 224 1626 9082 530 6098 1653 5822 3528 9659 4095 6283 2175 8068 7753 4385 8879 7881 3207 1169 604 1074 4804 5501 9357 4996 7041 9324 792 3691 5372 5408 58 437 7552 6705 6848 3993 8154 6372 8132 6197 6442 1594 2531 4410 1475 6382 7909 4715 5662 2055 1299 2010 5395 8289 9053 9903 4259 2525 3797 5852 6859 3980 660 9808 9074 4803 5471 8608 2975 2531 6625 9563 3283 2913 167 5818 1450 9497 8520 8040 1007 12 5309 4328 7009 1119 5943 1695 6891 4226 6032 7999 9828 2661 6913 3439 
8971 361 3115 3286 3660 2468 2108 3537 394 4167 7874 6090 5653 1330 4326 2140 4146 7182 8015 7085 2695 5293 4823 3131 7507 5596 298 4612 3659 4031 583 1311 5851 6259 9660 6142 538 3555 3240 3777 6469 1434 6736 4386 1689 8232 6110 8873 5242 2580 7 2518 2395 6432 9893 1764 5070 8005 6954 3134 761 8275 6727 4808 2443 3169 9653 7792 9162 2803 610 8603 1588 6291 9122 1967 2007 2580 6793 2421 491 9511 6726 2676 2467 1835 5464 2676 1059 6858 6169 8836 1286 2498 3404 8857 8473 5179 5008 2269 
2189 1844 9077 3195 9008 73 9297 4809 2221 335 7729 2956 1056 8860 1148 533 755 7740 4524 6625 9128 2385 9581 2671 5918 8280 433 7358 9915 9497 6848 3851 7815 2276 1497 7314 7359 5815 5085 1817 507 2701 8822 7809 1792 9522 8244 7518 9855 2645 1323 6223 4349 2702 2984 5007 2180 7593 168 3777 6606 9109 7960 6069 3549 72 7009 9524 9005 8126 1419 9107 974 6463 8171 1476 3983 5471 9272 5199 6728 1932 2613 3179 7982 9202 4242 4253 5764 5530 323 2218 5767 9406 7114 5536 5092 1753 7152 6817 
1831 5350 1037 6795 5724 3906 8139 9521 670 6915 941 4452 4930 1550 8208 7802 949 1890 7677 1095 4185 1212 6323 2291 284 1143 7693 6428 2278 3134 4519 4834 6689 4375 6971 7090 4272 7210 8821 3258 4038 9102 789 6385 5984 6252 8649 463 9479 8450 1854 7334 9733 5997 1010 7630 6150 2076 5160 3780 7391 8875 9035 9108 5433 7805 7364 2518 682 8831 9411 722 1784 4196 7154 1443 1744 4582 8990 6203 8721 7159 8051 2312 5108 73 308 3462 5472 3832 6399 3419 2968 3657 3166 7614 9798 740 1472 8360 
2409 7522 9820 1316 1830 9434 4084 3280 1530 5800 5115 1543 9346 8877 8888 3063 5820 4433 8058 2234 2427 641 7974 1677 3857 4752 3960 3319 7652 3277 374 8352 929 119 3633 4934 6567 6879 695 4699 1063 1064 7250 4964 4467 7785 4186 4934 2355 3170 3670 526 2766 3593 4040 5928 9693 2134 4907 7943 5567 6144 2342 4177 5750 5081 5709 909 3334 3388 5704 6002 9345 5775 6 275 6201 6738 819 6968 3214 960 5323 6061 1922 5969 8823 1772 5500 2804 3291 1832 8678 1928 2519 2978 3167 3939 5700 3605 
1808 3280 9188 8121 9576 7922 3300 3319 6297 4584 5659 2606 8147 4968 721 5082 6190 6667 7988 4942 4873 7644 617 8398 2473 3195 5639 641 681 5169 5716 8085 1394 6347 1998 8683 9254 7710 8511 6545 711 9769 7076 3584 9104 6603 6419 4889 2091 5262 9253 4129 4145 3782 8365 8850 1621 9848 1940 7975 1238 3096 8345 6314 4558 1404 9775 6003 9328 7860 3927 4969 7123 1943 7002 6655 4758 3444 6576 7209 4938 7252 3883 8337 7461 5199 5586 5223 5546 4840 7566 6366 9987 7438 3198 3197 7326 7889 7996 1562 
3213 5072 9552 8929 3686 2719 2115 6375 9746 6792 9965 7855 5851 7101 2725 573 7654 1125 3845 6115 2989 53 2931 1273 8412 5143 3766 7112 1203 5486 5210 675 7240 1908 9244 479 9264 6540 8063 8993 6884 8802 4094 5545 6992 2124 7822 6262 9134 4929 3136 3801 1008 3272 3426 5777 3207 7381 9266 1109 1635 5283 6192 706 7200 3978 6669 6251 1168 9533 9183 8537 6592 6380 5749 5478 576 5015 8431 3589 4242 5877 2103 8028 7524 6896 4599 9338 1440 6455 7050 2155 1382 8407 9993 8516 5364 1165 9730 5373 
5594 9468 131 8964 8454 148 2099 2614 8871 7304 3655 7796 9952 98 1546 1284 1806 981 6118 4033 8356 9549 950 4391 4080 1641 5732 2284 9141 143 1234 2749 9762 1375 6278 1365 6593 6648 7091 2448 1427 3976 5951 212 3117 6516 6756 6279 564 1237 1789 216 428 893 5753 6913 336 829 5634 4783 9330 5685 4126 8642 2176 9506 1035 4958 1538 8346 6669 7869 3132 9617 446 3725 5974 2452 2623 5736 7276 4185 7367 3389 7506 571 4921 7371 4155 4534 395 2400 5263 6042 2515 2014 4059 5391 6731 743 
5576 360 7775 6113 1439 3802 499 3360 5388 8282 5633 8441 2437 5188 1189 452 3946 7715 6490 8999 9258 3179 2510 670 7721 1281 2146 7680 1939 7244 4850 8176 9453 926 8425 1987 7450 5358 1138 5330 1808 1941 4087 7518 687 1767 5809 4518 2002 4255 1456 8495 3157 4750 7118 8828 7495 3049 5655 6596 4990 2673 344 191 845 6000 8494 5405 9364 3112 9661 8410 920 4508 4735 9639 1779 3109 2194 3283 1937 3765 4986 1696 6713 9977 3410 5407 913 793 6252 3714 5023 8651 3179 4684 3414 9192 8149 5183 
6582 6061 269 2774 4639 6184 9656 3330 5171 5975 6546 1269 9154 1035 3254 6775 9184 4135 8311 9522 3148 5702 5444 9537 4275 1505 7458 5536 7716 7441 3625 9116 5510 8755 4124 6221 8848 9182 7487 7441 5511 55 8894 6587 7647 4631 8581 6572 933 4923 9374 4686 1712 8852 9946 5569 8330 5123 2317 6683 4675 6989 9848 9300 5110 4366 4226 2972 5361 7163 341 4490 2313 648 8005 3890 6806 3303 1897 8548 3815 4382 4104 9437 4509 3893 197 1097 238 5255 4343 4973 4143 1530 7410 3844 6352 3715 3461 5975 
4514 1379 4910 2726 2555 7514 2778 9001 5145 4779 2513 457 3512 6234 3118 5450 9282 4157 452 3841 2117 7551 2550 8130 7535 7295 5024 2125 6721 1853 5436 4502 3282 2047 3019 4701 977 7456 2912 2946 3584 3349 4889 8633 4119 3642 4610 4129 8585 4041 5495 1621 2279 8136 1940 5346 7975 4121 7000 9463 4535 2886 6148 129 1681 5524 6397 8434 3966 9014 692 7987 6203 7383 7485 5992 2585 340 1354 3823 3282 1343 6947 9150 4063 7194 7156 4834 7883 3376 609 6395 7196 2444 7427 3717 8836 7807 1420 3416 
9027 6229 4820 9041 6071 7765 2461 8153 7896 7631 1448 7399 279 6285 5262 3482 2819 4107 2003 1532 8353 7641 3700 1505 5890 8924 2701 9061 6571 797 4036 1582 5593 5190 2048 6522 3157 7312 5134 5905 9642 8462 1474 7779 5030 2973 1468 7497 8612 4820 2981 9231 4833 4939 860 4964 6270 7055 2321 4189 9951 7832 882 6170 7543 5987 1055 2108 2588 1239 2708 9751 1631 7601 8303 1696 683 2662 5581 8280 2793 6467 3053 2577 5838 1264 7195 2113 8558 6987 9121 8484 2366 3470 548 6155 4046 1045 3106 1961 
3652 8975 1737 8513 5792 1598 4715 7550 7016 784 6834 1540 5969 1407 120 2353 4866 5136 9606 4464 3257 4795 5937 168 8783 7973 312 9907 7018 5667 3465 9145 8335 4373 8552 4965 4685 1267 7884 8585 3607 6265 7016 4913 8102 2864 6323 9888 501 6352 9628 5896 6609 7954 6814 7389 239 4573 6134 1651 6121 2955 4989 4415 60 1565 696 5929 3943 5085 9809 6423 268 546 1792 9536 3448 3930 4630 4613 3754 4824 3702 4855 5035 9625 6297 9934 1320 3422 6854 4518 9434 6964 336 1592 2124 2734 8139 431 
2694 8282 685 3699 7115 6621 8189 6719 2821 7919 9454 6970 1865 1057 4573 3354 6417 2284 8772 4816 1786 6926 1296 2689 6616 1953 6310 7672 3971 6939 4054 8518 3708 6265 2293 3348 1687 7612 5856 4528 6181 5979 2186 6754 4912 1401 739 4023 2878 6912 1416 7849 9163 7225 1826 2788 9451 140 2906 3449 8892 5732 233 7693 713 9854 5952 2015 8635 2835 8336 8421 6382 3113 6231 1112 3859 2722 6074 3855 2072 5089 4471 5189 5519 2084 2257 2814 2157 5950 3953 2537 5118 3146 4795 5962 5167 9758 808 3497 
5294 9212 9398 5098 5228 2317 4779 5893 6430 3479 3408 4108 4431 8800 5053 9593 463 5242 5738 7983 6412 3207 2766 944 2580 346 3332 7810 3414 4235 8595 7441 5425 9625 6346 4361 3750 2220 4405 7820 2767 4029 9243 5591 9630 4494 9799 706 5827 4834 3295 197 2917 2196 9260 5501 9697 3580 7693 9336 1183 3898 2836 3206 8424 2252 121 140 6776 7136 3650 7158 5552 4955 3409 3884 7198 6061 6215 7087 8081 6205 3471 5136 881 9838 8290 5654 9049 238 9522 2552 5109 2906 4863 8347 3723 6655 8382 6734 
6635 8894 1644 5061 2344 5791 4249 2638 2901 5726 4952 3106 5386 4146 4274 2274 9698 1925 244 6002 8386 487 7767 2330 2697 3073 3518 1073 2036 3545 5825 4011 8556 1704 919 4173 886 4770 3704 870 7570 5935 8059 244 4296 4136 8898 9214 1265 8507 7143 5473 7671 2578 6312 7594 505 4963 7795 4514 7972 8960 2436 4407 5557 6121 4448 2680 2358 2562 6726 9880 2269 7488 5897 7324 1454 4134 35 2830 3027 6904 6943 2707 4460 5354 9923 9936 7006 7012 1058 7211 7480 4599 2091 1897 7711 3525 6889 3324 
274 4368 7754 8421 2496 298 2480 8093 5088 5362 2859 9191 3302 5113 3946 8536 9847 8894 9530 2816 6699 2509 4339 3010 1704 5007 8303 6158 1487 5465 9403 8380 3920 1289 9313 4418 2346 7558 2549 3884 3681 7704 4917 6514 3311 4378 5667 6544 1899 5581 4087 601 8238 4348 4411 6704 426 111 2734 9930 3359 3384 7707 1310 3831 2940 856 8441 2027 7163 5866 5602 3280 8508 2573 618 5145 2308 9729 4205 7056 4130 4420 8378 7451 4200 5414 908 7904 9000 8438 2613 3474 7951 8854 1900 8868 9659 7215 9036 
2560 117 2018 6840 9161 6077 6888 6597 2304 318 5642 2172 4709 4994 7278 8203 5985 9118 5140 9344 2106 3794 7674 1798 3315 2533 6432 4101 2906 5851 7668 1323 6467 7972 6223 2113 4349 2702 1013 3540 1275 2180 9595 5154 168 8382 326 2968 8908 5735 4028 1926 1194 7835 7585 9894 6032 7433 5711 539 6661 2700 700 5677 7046 6097 5803 3253 8988 8001 8944 3172 8660 3640 7033 4576 5812 2320 5778 5553 9191 6237 2176 6265 1605 2332 6901 9149 332 138 3242 4319 1676 9662 7907 2465 9931 3574 1127 35 
3260 9229 8527 6990 6067 3511 4857 9643 3005 5465 7950 8706 7671 2008 6074 2301 3269 3789 2780 8501 1012 1638 3797 420 4577 9555 1244 7410 5198 6111 3290 5288 6426 3487 3685 8810 5769 578 7718 7095 9890 8338 5417 1169 9580 6828 2615 4286 8187 8650 3587 8231 3415 975 2647 6473 7565 7383 8345 5096 2782 7072 160 2962 3666 5468 2050 3087 7575 836 2040 2138 9386 1808 536 9472 4068 5572 2287 9035 1009 4921 9065 3437 2674 7007 1204 747 7989 1086 8368 9753 3860 1624 3623 6601 7314 9656 1294 3235 
9699 9220 6897 9717 2958 1145 9121 4551 3552 9229 2701 1271 7323 8652 9313 8177 1378 9131 2518 6468 5146 2944 5794 7336 7080 3976 164 6634 4172 8545 991 343 9702 9865 9484 4561 2500 6734 5024 7734 8394 6036 7844 9021 1266 458 6067 1284 4635 2598 6457 7774 1199 576 1304 8668 2620 7319 3251 4980 8112 9756 7413 9001 9058 4157 7358 1587 3750 7299 7047 2328 3365 467 2202 176 4942 3754 7465 7215 5228 5217 1676 367 1556 5129 2768 1441 3421 7808 4501 3317 8445 7835 9560 379 9142 6913 3861 4599 
3209 193 9550 434 3814 6567 5192 5727 2143 4631 9107 6595 664 7391 3044 2002 4794 2360 444 2988 3354 5131 1967 270 5205 5938 1972 422 6941 3699 7413 9381 2230 9725 8728 1505 474 3980 6693 6745 4158 6925 3947 8551 5446 3016 1050 7130 8306 8197 3148 5625 1443 6164 6274 5969 2367 326 7728 1876 4581 2267 4890 1035 7116 7192 9513 7826 8339 2329 6000 4565 9118 6983 8353 3806 996 7028 3562 5513 9823 8148 3330 6080 1999 572 72 4174 7726 856 4132 9245 2063 159 4193 6653 699 3224 3610 7391 
2518 554 2764 9752 3957 3577 1207 284 2308 7238 4106 5216 8895 1509 7280 700 982 8279 4311 5253 2245 5942 1575 7016 6834 5428 2263 6297 5345 3316 7345 4037 1981 2304 8549 875 1855 2302 2526 7551 1018 3132 609 9749 9710 7437 9994 9 1732 5914 3483 9208 2393 9241 2342 3385 8525 8469 8352 1630 3122 7216 2821 982 853 5115 695 4699 6634 3135 1063 2693 4964 5440 6011 1456 6212 58 554 8971 3097 6250 5778 499 2270 5646 3707 9403 5422 6999 2290 3409 1754 4037 989 3649 264 8103 5190 4098 
8699 2 1977 3588 7625 7685 8769 9329 409 3244 6764 4273 7861 4288 4269 4228 6157 5915 519 1548 1807 7769 9616 3905 3537 2066 7048 6683 217 6993 9259 8650 9499 5950 833 9676 8719 6556 1778 2232 951 751 3934 5140 2873 1043 6778 142 2079 9340 9457 4622 8208 4850 6635 5145 2278 7852 4828 3541 7787 8564 3124 3901 8407 9610 6106 2571 1434 6670 9363 1031 5170 9055 8150 353 9936 380 2 9674 4394 9168 9083 7050 1762 1135 713 7019 6516 2673 2702 9391 7220 3411 9393 1638 5265 4474 6776 2713 
3795 4576 908 5866 6411 6141 8131 505 4852 6117 4460 2576 1394 4346 9355 5221 1632 3308 1163 9225 8583 1243 377 9491 1967 1878 9865 692 5311 2938 9665 6466 851 8843 4372 2945 3772 603 4678 8620 6609 5899 5564 8795 3112 3257 4313 9487 7702 6441 2212 6032 1258 5361 5594 8988 8007 3640 5812 6726 5778 4733 5553 9191 6237 3494 9780 4677 3336 2385 2025 8102 9984 3771 2410 2999 2882 3152 1183 3656 4972 1796 2633 9899 4044 4982 7724 4753 8761 6313 9566 1714 3852 1097 9922 6578 2278 6436 732 9157 
405 4317 6763 2728 9215 6365 418 7234 4633 9032 5979 8470 3966 2576 5217 1704 935 3354 7170 6202 4672 2065 3013 2580 1217 5223 8800 5321 3338 8400 1566 6350 4966 4988 9009 4823 3366 9716 8765 1339 5594 6415 3569 6343 6634 9409 8013 2988 9416 242 4616 7028 3654 4695 226 4002 6081 1302 4629 6499 6134 4007 8133 6025 9330 9698 9551 9798 5830 626 8084 5126 69 3279 997 2042 4013 9826 721 3096 7166 9542 5714 8141 4198 9205 6504 9989 7392 7997 8341 9275 7372 8180 9755 3637 8961 9846 4258 334 
1441 4762 7885 7392 4131 5340 2086 6600 4361 2661 2683 6015 3897 8429 6932 4108 9305 3710 198 5657 3109 5823 1376 1254 3951 8851 3830 8978 7382 5998 8434 8474 3393 8755 6943 4863 9368 6316 7565 3149 5072 9001 8193 121 2591 377 1548 8964 963 2881 9361 465 785 3635 1318 1680 2981 4978 5226 1658 3800 1805 3021 8514 2431 1289 9351 5037 1450 4558 5834 8726 9685 6429 7183 891 532 1883 2660 460 999 9217 2379 5111 7603 6355 9146 1374 4856 3450 7854 3353 7290 613 8128 8124 1742 1234 9089 6945 