3635 8435 1680 4983 1563 2889 7413 6117 6920 3999 2913 4346 9355 1830 7890 485 7442 2723 4578 5424 3201 5712 5953 5956 4284 1045 9657 9282 7690 6338 5932 227 6022 7954 2385 8785 2713 3795 4576 6860 1803 546 4852 6117 6920 2812 2744 3993 3441 6243 5477 5141 9594 5243 5122 4840 2763 8407 6954 531 5574 5436 2780 5401 8362 5632 7196 8622 2831 3742 6308 5727 7453 1486 2167 9228 9307 4492 7121 8846 7149 9015 2555 2238 9157 2443 5433 1660 9613 2952 3720 8298 2576 9171 5936 3200 4498 6931 9598 2158 
961 9884 1818 814 6997 3583 8036 9282 2170 8387 648 8272 5241 7106 3890 4942 2578 3275 2597 6859 3526 4358 5696 2742 4155 9576 2934 8288 8637 3038 8668 4980 2069 2225 2117 3830 7487 8817 4299 773 5921 6919 3914 7654 3375 7018 3800 1317 7826 7217 4428 6903 8051 8360 8522 8369 681 182 3952 1075 663 8744 720 1972 1912 5357 1002 4482 8910 4122 6997 122 9499 7685 5276 4214 5953 1176 9925 5337 8686 3441 6568 931 8483 2036 3827 5455 7427 387 6264 6331 6608 3124 1028 4718 2406 6587 2241 1746 
9140 3538 3990 9119 7131 7909 4167 3059 6743 3905 1528 9274 734 9705 2720 7763 7629 7207 4677 5039 4378 1307 9729 3656 3368 2633 8977 3262 4753 1197 3999 8762 4334 3645 79 4124 5520 5458 4852 8447 5162 5855 2304 6651 3971 1304 9041 18 1271 4498 6160 5443 4688 8018 8585 5743 9373 4774 8269 2949 590 5046 5340 1006 7816 2066 9998 3365 9050 6038 9196 2308 3365 7056 6424 2026 9857 8895 9708 7846 4284 7812 5665 8557 9657 9282 6338 1064 6673 2729 9805 8577 5406 4348 4659 9726 3772 6513 1728 3765 
8411 5296 9208 3175 2922 9728 8034 3320 2590 4726 4670 656 5152 682 9039 888 5406 8444 3128 9770 2871 8760 9301 2400 9279 112 3848 8716 774 9566 608 6550 2078 7747 8804 4152 2692 5110 8237 9838 2585 627 2149 9120 1461 3249 884 8726 3175 2978 7976 7815 178 7713 7314 906 1817 5680 287 4038 5796 2326 4320 9322 7031 4881 2527 3674 2666 8083 2035 7217 4008 6983 5139 3125 7255 1067 4916 4569 5394 9606 8836 5960 7720 4828 7979 4844 6773 5496 5943 1695 5511 6487 9395 6057 6883 6073 2661 6100 
4864 1603 22 6913 7406 4556 3548 6372 8971 2301 1433 691 3764 2279 7618 3992 5046 4748 4648 4938 1235 9700 2815 4948 6841 7137 306 7016 9184 8311 9695 2634 224 7235 7058 5493 4269 6476 6562 9621 3007 4752 7158 798 2609 4698 4721 3204 1615 2691 4611 4140 9024 9464 262 6496 7569 4980 7685 6323 9249 2562 7033 6860 6584 3997 5643 1960 7142 7066 1880 5519 705 3380 8186 4206 7780 8415 9730 5373 7976 7179 9067 7465 6117 5849 6628 7060 9748 8225 7570 4804 8453 9357 216 3096 5309 1684 4193 3175 
6438 536 6071 7809 76 7289 8716 5748 6337 6682 7749 4322 7991 4054 4797 3197 8267 8429 4383 8147 3745 8539 6274 4226 2521 2603 9904 2429 1415 4520 8812 3136 4883 2263 420 9772 7951 1079 7447 6936 8018 2395 3623 416 7374 6108 459 7008 9163 4095 2882 6991 3643 3560 8142 2881 4963 3754 2260 1049 3604 643 2964 4587 3571 3977 6237 6768 4676 7426 7217 1611 3935 630 4556 444 7476 6792 8216 9956 4071 5264 4267 9677 4337 5609 2421 7939 84 8978 8954 8529 1405 3966 4927 8613 8277 8361 5569 4444 
9438 4131 3941 4560 2082 8294 7344 7713 8499 8611 4708 6149 8069 7377 2043 1857 4738 5204 5403 5007 9486 7793 5789 9098 7291 2234 8764 8652 4540 7028 9397 3333 4867 6700 7008 6071 9715 1949 9637 580 6421 9610 1466 6844 6296 8720 9642 7196 6833 4627 2744 8706 1534 5428 3636 7790 2263 5488 8119 5604 1855 668 5580 1623 1153 7629 4748 2341 3002 9049 1164 15 5053 4607 499 4434 3635 7822 6414 7508 3986 702 1060 7033 6310 5643 2389 1416 5899 6474 6817 4810 5999 6090 2948 5608 9154 5591 1685 4702 
3820 4850 1465 1718 8485 3720 3184 6609 432 3316 3661 6793 6883 6499 1191 7373 6112 7648 4412 8725 5998 1760 2535 7536 6557 3189 5441 6814 9638 1763 3318 2556 20 6896 7048 7656 5500 1827 5685 2639 4252 3668 9705 7514 4742 8979 7422 8278 8991 9130 9102 5222 343 4410 2660 6489 6556 9928 4244 3567 5324 2939 9897 4468 7099 9895 8519 9909 4979 1909 3770 5410 131 6656 9744 2689 7371 1075 4072 1316 7664 6119 289 5300 8605 8668 1981 4107 204 4164 8762 8948 2313 3305 6328 1243 3305 7199 7525 5751 
939 5629 6458 7803 5147 2291 3789 2394 5809 2107 9472 7398 5223 4120 3967 9455 575 7521 7618 8379 9118 8863 2279 2652 1803 1218 1187 8451 659 3470 6355 2292 8478 9888 8100 1131 8675 5101 3402 2034 6080 1273 7883 641 1848 9092 7920 265 1757 8895 6038 4921 4764 1469 3046 7795 5319 1610 2829 8154 8812 702 6015 2144 3016 2460 8157 2856 877 5310 3910 9759 3834 6408 4174 6777 2414 4766 1242 8808 7092 5283 6072 9078 1828 5918 9255 8187 8073 9182 3484 5896 8999 3181 9258 3371 3179 2510 670 784 
8857 1281 6852 587 7680 1939 423 7244 4850 8176 8525 4830 1423 3729 5672 7475 7752 4495 9510 1457 8525 8569 2520 6548 4916 5743 1162 4945 8015 3036 8898 7057 2768 6375 7003 4112 9903 3851 2714 3697 4963 6822 3637 3956 1199 6476 1713 779 7353 9501 5975 442 3251 4980 8112 9756 955 3783 2117 6534 784 6637 4593 9358 6388 943 5169 4762 7392 6709 9480 972 2476 9721 8660 2197 9183 615 373 8034 5704 7842 280 469 2704 8361 768 9443 9772 660 5541 811 6427 3471 3350 6355 5638 2573 4828 8079 
5842 4838 5971 1267 2607 1332 7393 9817 5348 39 4176 6118 5443 5626 2546 6370 3467 388 6891 6032 7999 9828 6073 3989 4720 9701 3434 8044 2032 8108 3096 9864 5462 903 6352 1431 7791 4465 6716 3538 5453 1669 2694 4742 855 8164 5922 4866 6279 7116 4445 1356 1145 7476 8371 7197 9400 667 7330 5089 2206 9142 517 1483 2697 9567 3319 7634 6373 3242 3085 1086 9694 3149 5072 8193 6825 6988 4656 3720 4299 773 4502 3914 319 754 2248 3375 7018 6271 5329 153 3716 9605 6099 7161 3286 3216 651 2892 
2507 9465 6277 2367 9853 2634 2817 4941 2385 8871 3259 9169 5091 7983 9923 6336 47 743 9336 1947 7156 2042 4475 8576 3374 4076 121 1132 1131 129 2140 9306 9248 7962 1675 4803 1986 6103 4823 3131 7507 3510 9269 7974 3659 2589 4323 3294 3658 415 7464 5024 2395 8756 9067 9022 6192 4540 93 8676 71 5992 4673 2845 7458 161 4833 6623 8090 7865 6939 7348 6123 4474 9719 920 4405 9593 4397 2378 9512 7797 2541 6280 99 1540 159 477 6015 8941 919 2609 8959 8121 6364 1365 7918 642 9628 1182 
3239 3902 2361 6530 2480 2837 6806 2404 7343 37 6296 1090 1886 6555 7183 4038 5900 9595 5043 391 142 4951 9639 1136 8270 8237 2798 2030 647 6059 5238 7011 1248 3072 3710 2092 2547 1602 2938 8969 7642 2428 943 2695 2433 3197 7127 6984 2509 2093 2483 1704 151 7954 8222 7537 8719 4410 1152 9806 6267 1891 1593 138 7946 4790 9530 3501 2463 2906 5150 8579 1819 3267 7192 3330 6323 684 2291 3580 7693 5723 9155 6220 254 4170 9442 1152 2039 1948 3746 3144 2668 1472 2872 4594 8680 9653 7024 3645 
9244 3873 6221 1828 6000 5603 4627 7856 8880 8454 6774 2961 9483 5926 5408 2291 3410 8487 4635 8765 2243 6896 4058 8081 3221 4587 4436 501 2493 730 7168 6728 5887 8039 6548 4054 1478 45 2815 5121 7227 6271 9304 8330 6458 3626 542 8718 3023 2025 3041 3165 3089 8745 8158 2917 193 4054 4446 205 3224 4441 5333 8554 4252 5243 6271 9944 5074 2678 4877 8371 6716 4813 7111 9940 1864 8705 4562 6902 6904 7143 7992 9794 8739 3638 6065 8659 6638 85 6827 9776 237 1571 6529 2411 5235 6583 5665 8491 
578 4871 4224 2267 2963 2853 8333 7974 5844 4411 8438 7869 2897 5502 4458 6048 988 8459 2575 9425 4124 7141 1055 8147 8364 3528 8724 5795 8039 432 480 6276 1175 425 8947 5965 6151 3168 8862 7627 3331 8615 6173 7542 1950 8608 9091 4045 3108 7455 3925 1832 5034 9871 1819 201 2237 8095 7728 9015 3693 5166 6563 2555 3172 542 2238 3578 9157 8411 3051 5433 1660 5805 5830 4768 6107 2952 5828 2818 2381 5061 7266 4076 661 154 5594 3576 9061 5118 7652 8696 9628 7492 2680 9277 5108 5460 900 1215 
8412 8251 3395 7587 7422 5776 9000 4688 9428 8743 5277 4157 5748 1809 1542 4224 4409 9706 5101 993 9771 1893 8596 3790 7143 3152 3268 2638 9685 7695 3184 5642 846 2597 8183 882 9960 8416 1374 3847 1332 7473 8906 9746 4170 9130 5160 1781 2630 9949 9587 663 3889 8920 1304 5882 8423 6037 641 4099 5630 8210 3541 8073 1083 821 9905 9098 7209 3754 1224 9575 6826 8034 1446 5902 3270 9767 217 6129 14 6470 4214 1291 8486 337 1746 2515 2367 2401 7538 3467 8084 5801 1443 3755 8760 2545 800 6024 
3413 2132 8990 5802 3862 9777 9725 3204 5902 9104 947 9271 1532 2007 4336 1772 6496 6713 6439 2854 7608 3989 8667 2580 9401 6042 8906 8377 7007 6175 728 5812 6841 8793 5013 344 8790 8491 7486 2250 3818 8334 7975 3333 6175 7112 263 4455 3484 9871 6515 7896 7161 801 7939 7631 4113 8954 1733 4721 1364 5919 1891 3917 9152 9698 1940 6058 7472 476 3867 5635 26 9923 7366 7196 1112 7170 2329 619 2195 2118 6719 4763 9983 9424 6595 8168 645 6674 381 4006 378 9293 9624 3360 6386 8938 364 1018 
2072 8552 5013 9291 8252 1793 5257 154 6172 8111 8554 9076 3551 7641 4495 3334 1508 7374 7016 7393 7107 9892 331 2509 6062 4068 6104 7505 3293 2601 5677 5980 854 6917 8803 1918 8277 5597 2933 5416 4278 6705 9912 96 9514 81 2167 1473 3066 8530 1657 7955 6532 6683 377 1112 6255 1578 110 8045 5701 6959 6176 9326 570 4412 5654 3450 7787 6841 8311 8474 4777 9241 9904 4934 4381 677 3391 207 1092 6734 8269 2703 2079 3186 5852 8797 8285 5053 35 1805 3980 7370 862 428 6393 1521 9790 731 
269 5692 2945 5637 7915 7684 1511 8725 5337 7993 9552 9329 1862 222 1051 8730 4098 7820 1153 8135 230 2017 3377 1953 8703 1816 3829 1871 9566 2544 9475 7264 7696 148 70 8687 8626 517 3518 2459 6541 6841 2416 1788 9075 2663 9021 3564 6269 7100 6430 2074 9355 9495 783 8196 9555 6613 3967 2708 3456 5414 1825 7615 7109 7441 31 4779 5662 2701 8800 8215 8959 9752 3214 9202 8591 4746 1690 1858 7313 1847 5938 8405 7197 4649 1338 4749 5657 541 8512 2850 1664 3944 8242 7262 9244 9621 9817 8047 
7088 6340 5945 7388 3105 3332 2021 6761 1811 1762 1198 1637 2040 6342 3939 6681 3493 9664 2478 7926 2570 3398 5773 7411 8595 3364 5500 8903 7087 3173 3501 1273 3116 8694 3908 3085 7591 8086 8080 4525 5242 8328 6400 8312 2213 1966 3362 9696 6299 7766 9655 5395 4808 2443 9005 9653 2142 1345 6526 6181 3208 9841 7551 2649 6481 2656 8380 4629 7432 7110 6792 7205 6847 4993 9967 2797 6700 4494 6062 5045 9530 7987 1791 7842 6876 2069 8142 138 4463 9754 7897 3150 8956 690 6437 2459 6325 8818 9598 4379 
816 3462 250 3442 8195 6839 9940 4182 9882 9324 9273 5936 1249 4741 8076 6814 9890 3380 7603 1071 6426 2807 5655 2351 5864 1029 3014 290 5766 2032 6788 2720 1601 1781 3999 6608 5541 2066 1733 7649 3015 3105 3360 4406 6957 3342 5904 548 9642 9624 5045 4502 6919 3410 3521 669 7413 5169 4733 2496 4130 4878 116 781 2702 5437 5539 1755 1717 7233 1407 5971 7838 2046 2045 5088 8086 2645 5724 6989 9251 7569 4499 7848 9575 5775 9760 4498 6458 6019 4987 6680 7856 3063 4725 7831 3415 6215 5139 8029 
2699 2809 812 5746 9725 3991 9104 8031 7796 6280 2302 8431 9650 4199 5565 291 6127 5804 8785 3636 4303 7533 9686 5056 8139 8963 5200 6722 5865 3979 6743 8682 6216 2254 2463 8164 5554 1591 7826 8477 1430 6600 6838 5060 2871 2283 5342 6014 3029 3624 2983 455 8002 5326 2612 5147 1684 2857 2735 2372 4272 9032 6096 1163 9225 3312 5922 3842 4576 5200 2111 4860 2931 5696 5021 2803 7930 1770 8343 4044 9593 9853 175 1727 4544 6303 6246 1379 6810 7458 8863 6358 3884 8591 4728 3209 7531 9330 5653 4025 
6891 9698 3271 9551 9798 245 5830 1526 4380 626 8106 7343 8084 2416 6948 7184 69 8857 3279 997 3202 9826 6503 4659 3427 2541 4915 4606 2391 4908 5742 8411 3348 8743 1530 9728 4079 8233 4167 5862 285 468 6780 1969 7148 8576 9544 754 3826 3410 3273 3636 5605 155 5083 857 2335 5036 8478 8863 3808 4002 5548 1560 7263 1944 6216 1356 9080 1698 8891 9184 1279 4021 6980 3666 8592 8497 1080 4890 4554 6549 6904 3576 2512 657 3337 5278 5004 5556 4158 1642 5070 2162 8647 1026 1055 1712 5512 3166 
6929 1933 203 6441 6324 8425 8166 4664 1534 8764 4257 1007 7305 9831 1642 2449 5839 8619 7503 5363 9325 6684 2163 1727 6654 5361 195 2273 3682 6470 2070 2746 2072 826 5337 3024 5966 2352 7300 1597 5956 6673 9001 8106 4447 2798 3631 1647 9093 8895 8299 6455 8181 4498 6499 5705 9744 630 2086 4070 6853 7338 2150 5533 5490 7427 5006 9510 4827 4883 5971 193 9584 4753 9759 8012 1774 2477 3656 6206 7173 7453 6325 4770 3843 7213 2768 780 7174 6873 7622 5926 4778 490 8970 2784 3836 2119 2196 1565 
4148 8668 3691 9919 5452 6788 4175 4955 4758 5574 7773 6339 5568 7303 2540 1763 2566 6389 8362 9462 4766 1517 2678 7522 5672 3519 6852 8353 9147 560 3747 9364 4535 687 1568 297 488 7850 9684 4307 2651 4568 8787 8152 3494 4387 6968 4719 775 6550 4878 4942 2767 9990 7728 6683 6569 5635 349 3377 6550 7853 7418 4304 1026 457 7026 5808 3022 6471 4454 3478 8928 5472 7101 5566 6856 1468 9878 5888 5518 2274 9311 5532 9566 5645 9396 6344 6398 8680 4342 145 1300 9292 3167 6204 6944 8922 2068 6550 
8956 2978 3449 8103 715 1966 4196 1080 4410 7841 3588 6482 3904 7685 997 4186 3598 1444 3805 6728 3682 7537 9158 2097 6411 9978 7406 223 4555 443 9407 8124 7893 6392 8111 8382 2081 6419 5759 3232 5219 5448 8209 9918 3636 9084 3175 9650 509 4116 5172 7493 1660 5569 4729 8508 1122 2308 4049 210 2353 2004 3299 1254 8976 8240 8561 9402 9861 6423 7002 8459 998 9707 4750 8037 1333 372 2985 5065 3651 6543 7559 8382 421 4559 3200 8262 7812 9071 2580 9949 6529 7213 7878 6378 9747 9629 242 4117 
5889 5971 1182 4171 9084 1604 5038 7043 7831 88 4767 6273 3808 3518 7233 8623 6360 1433 9867 3188 875 3330 8970 3990 2564 9421 3963 7963 3005 8179 7719 2921 2603 3025 1536 7440 7473 2157 7177 7090 6736 1405 1815 6346 4352 2660 6228 9183 6816 7419 7316 185 2142 9003 1997 32 5629 6189 8075 8851 5360 4254 5216 4582 6150 3076 4319 5050 9822 5451 3015 3500 1090 5899 6293 2595 2227 7208 235 2333 2717 8371 1387 8829 5123 5209 3194 6778 6257 6817 4205 236 1310 1103 2566 8990 8097 1596 6843 883 
5296 7736 9087 194 3708 2096 4243 1938 8076 9342 4790 1314 69 8048 1029 8544 117 9191 5792 4186 1288 7334 3904 6768 4468 2468 2893 3080 24 7682 5495 804 6335 1006 6664 8844 5926 4904 4509 9530 2731 4876 8641 1328 37 5733 3398 5098 1243 9202 4799 2789 853 7242 4035 1189 1654 8889 2382 5705 3384 5227 3831 856 1057 7339 5866 4757 612 3280 8419 8691 5145 4205 2026 5744 8895 9708 7846 4284 5665 9282 4172 9856 5064 5983 4496 4953 3984 9955 8187 7102 3739 5943 949 1323 8136 8792 46 3679 
7682 8073 307 2198 3521 669 9287 1490 4733 3896 4624 5751 8369 5916 4878 3730 9515 3398 4317 1659 3575 7520 8160 5957 3480 1973 2724 6631 4678 7428 1513 1800 657 9729 2908 5586 1512 957 9357 686 7336 4221 1111 8252 4048 5143 3821 4251 385 3245 6189 8899 6320 6979 9986 3648 9688 6636 4027 7529 4348 1117 4768 5642 9580 7924 2159 9470 3718 2166 4073 8738 4996 7954 9198 6010 9541 8432 8757 8450 7431 5202 2366 3141 2959 278 8813 7942 1174 4718 9729 447 885 8853 3068 260 8628 304 7416 5106 
8187 8456 5086 5893 5794 8428 4108 4771 1847 6062 9593 2743 7282 7763 6680 7983 6672 3207 9540 9788 6413 331 3236 1755 4436 9314 9619 8909 1543 3064 4269 510 3823 5108 945 7704 3796 6726 3797 4798 3266 7545 7059 5791 130 250 5019 1846 4395 4697 5663 4083 6814 4729 4493 5728 6659 8090 8759 9214 7305 7489 6807 6265 1929 7461 3390 26 6989 9146 4257 1563 395 9074 5189 9690 3640 5925 4486 4041 8025 4316 3595 1390 3286 4316 8855 8333 4137 8360 6935 8522 681 182 3952 6858 440 4684 1459 7308 
2847 2963 5983 3983 6697 5450 9137 9497 9331 3220 4373 7940 1833 725 1321 8093 3242 1459 8322 8087 1615 3257 4807 68 6686 8588 2077 5543 2097 7117 5033 4568 7261 4844 6004 3402 6440 3452 5595 5687 1115 4919 8901 6815 7459 3994 4907 7268 4628 3097 6280 8205 7913 8656 9216 8293 3575 1680 2543 66 6250 9466 2745 9940 7972 2690 8930 7825 2223 4678 8654 1815 1197 2100 4806 704 8584 6306 2644 2999 6842 9573 2691 5406 8531 9955 8776 757 2191 1313 4379 1601 4726 4739 9417 3831 9882 5160 6937 5012 
8028 2213 8629 4114 5614 5938 5034 1116 5060 7183 7216 6108 5905 8438 3192 6800 9337 614 1133 5781 3606 1755 5698 6630 9306 8527 4591 6983 3260 8202 3914 3155 5230 8923 1377 7177 8388 9164 8314 1502 145 8307 1462 5987 3370 926 6985 3223 9762 3230 619 9688 4347 3698 2139 1802 7095 8541 188 1465 4223 7630 7681 6377 2657 531 7399 721 1491 8826 5666 1535 2083 1707 3614 2454 2073 543 5403 1421 1355 9154 1559 8430 2588 6394 6069 9130 8113 1132 4886 2397 7516 7832 1440 4475 2257 8112 8123 5706 
5764 7987 9542 5711 5713 4120 599 6517 5114 1179 6922 3685 3608 8123 827 4024 8177 5819 7496 8051 6650 6474 2740 6930 234 3111 4782 5610 7949 5791 4931 7424 9367 5549 9438 8177 5342 9958 1316 9661 2973 419 7814 7796 3358 9708 5725 4921 8042 9086 8203 2778 7849 2375 9811 8897 6324 5284 7876 1661 5947 2317 2383 6967 5404 8074 8329 7693 3210 2861 9103 6567 5627 5857 9103 7342 7075 2968 7396 1826 3456 3115 4841 8003 8434 3439 1037 8621 75 3625 1178 6014 4121 9905 6176 8445 8056 234 5834 5288 
6290 8677 6527 6907 6761 4527 6738 1377 8867 3774 7391 8873 9161 8022 9322 4453 8206 3984 9052 2 2729 751 312 7339 5834 6871 9149 7918 6249 8554 136 3130 3300 6135 7545 2948 1937 1749 3782 3041 874 7788 3508 1975 6724 5445 8487 2418 6627 8016 3380 2569 7331 7963 2378 8856 7437 5423 6817 5294 2576 1694 3326 808 3982 4447 7016 5402 816 1652 9409 5788 914 5408 1902 7254 1082 6487 9541 790 9590 5581 1733 729 4228 5829 9731 2909 2719 2565 8514 2986 3865 4332 1971 7724 5885 551 6115 1229 