1345 5916 4130 42 4878 6317 8571 3389 781 2702 1867 8055 7491 6632 1173 5080 7019 6861 5671 3494 2644 5799 1109 9505 4480 9753 8644 6951 4241 1669 4780 9346 2427 6453 3171 4580 8561 7780 3368 2248 2969 4409 4527 5107 5101 4483 8413 5852 133 9858 7148 3772 4457 3541 4192 4439 6977 2829 2270 6630 5539 380 3056 521 1072 6177 4371 3156 9653 6755 1003 3269 3033 6716 1100 1102 7258 314 8073 3019 9827 7505 319 9652 5822 2454 2769 3938 5284 5908 8791 5630 3410 3115 8249 3445 5900 2147 9369 3319 
135 1771 7596 321 9620 6777 2214 5204 2177 9669 7656 7293 2993 3331 6400 9024 33 2210 6928 8995 5438 8431 9998 9275 8939 8472 230 7630 7067 2348 4993 7341 4942 4805 582 180 8114 9408 5384 5700 320 4418 9052 741 3081 4713 8146 7613 2351 66 719 2927 0 3125 1906 5685 147 1264 5148 1902 2066 5327 1205 8236 6038 9196 8909 4147 8910 4122 8267 3150 7802 6181 239 3104 5979 6537 2186 9932 5085 6754 2702 3064 4298 5148 1401 1640 739 2878 2731 3146 4739 7278 4761 7631 4154 9570 5250 8993 
2249 6437 1176 3390 8538 5615 1514 4585 9748 2183 9999 2477 5336 6029 9198 1471 3433 5505 6943 278 8625 5767 8226 3839 2999 1940 3211 9709 6925 1530 8485 3345 1889 5238 9754 5248 3072 4029 6751 8278 3835 1188 5712 6945 5953 6649 6673 6236 4598 2372 2328 467 6370 6628 1479 6026 1460 5712 9657 7901 8843 2305 1103 9531 7015 9082 2039 9470 2385 1964 1971 5435 6814 6907 5815 2685 3142 8790 6134 2957 1235 2912 9497 2396 7360 6796 2962 8969 2852 1231 1305 496 8255 79 8827 656 3609 3396 3389 817 
3013 186 2420 8905 7558 2358 5937 4124 7759 9761 3193 3572 4679 3203 1867 9317 3429 1807 7759 83 5725 2818 8960 721 8575 337 845 4241 5469 8626 9903 9159 8103 2721 3936 4137 9999 5292 457 4604 5134 3121 2433 9090 974 3562 7001 378 9983 2879 3592 4673 9444 8327 8015 8044 3331 5287 9912 544 7083 1712 3921 6008 1023 9693 2276 2394 2939 2974 1892 2904 5225 7048 6155 9787 7656 141 8888 7153 8201 5012 2101 883 9554 3683 9705 8249 7514 8429 4575 4288 601 9440 2394 7960 403 5004 4703 5376 
2734 7479 3763 8741 6584 3785 6445 4265 3352 831 7973 3672 9569 6300 6951 1711 3535 1383 8374 1385 6728 4200 2616 5814 3835 4015 1009 2043 7088 9891 2647 3069 7269 6681 2754 2537 2861 880 2484 9284 1645 490 7810 8253 8075 5820 359 777 8589 3169 3373 3210 3627 4039 5095 2991 4265 3478 1038 9460 3754 6828 1001 9891 4174 7652 7149 6473 5448 5243 3358 8358 4950 4658 1369 1791 1070 8664 8721 7697 7711 5989 3649 7640 8013 9617 2988 1346 2080 4689 78 1148 1718 9416 8082 782 2308 585 6368 5157 
7237 4695 2854 226 4002 341 2317 3938 399 532 7896 9706 2086 7645 9242 840 7554 5128 5414 4524 2282 3048 4730 8129 6206 8745 9936 1703 7001 2949 9848 9097 9054 3216 1133 9889 8868 7110 5224 8597 2035 7338 3821 1207 2382 1849 6532 8259 6898 2491 5978 3893 7313 5097 5653 9480 972 3795 6750 1569 2476 9319 6799 7968 8225 1685 3857 9295 3546 1987 2077 7618 9895 5740 6005 336 8800 1240 8472 2226 239 6929 9305 7519 9375 2971 9102 7546 7785 8470 6002 8516 5364 6642 1588 2846 9049 6595 1502 738 
7508 7339 572 4425 966 4156 2553 8369 6165 6792 3882 124 4313 6495 5039 529 5160 4480 4935 3123 1100 5120 149 2125 4058 4805 2551 3310 7079 319 1489 2486 5072 9858 6825 3647 1293 377 785 6995 1680 1082 6795 4802 8781 8851 8978 9573 3221 5527 8863 724 915 2742 6660 8142 3453 8033 2810 5180 8539 3857 5682 141 4220 3009 9868 4652 6872 6277 835 6667 3162 5599 2186 2655 4403 3714 6164 3830 6887 6921 1914 3766 5179 9809 2850 3679 8012 6641 6238 9913 2053 8261 5169 7603 5986 8709 1872 6442 
4284 1463 4758 3308 2648 6649 243 5022 671 2697 7651 5459 4470 4292 7061 5322 1615 4471 8614 2673 2559 1830 8132 2523 7305 6427 9265 5729 5974 5707 5013 290 519 3330 1480 3554 9481 4552 8020 2080 4739 931 3016 1314 8574 5533 1588 5014 3884 7841 1933 2834 5677 7457 407 8192 2430 6314 8630 1921 4000 6866 7186 6872 7885 7022 1246 2706 3532 9755 6475 3006 4024 7260 3551 1514 8909 1016 1223 4598 4688 7304 3430 7059 3306 6418 4375 6465 8772 3541 5055 6195 7339 4915 9513 894 2145 228 7383 6605 
5549 2218 4981 8541 9806 5122 5994 8120 8254 3921 888 6338 9915 5004 816 5502 8292 6835 5534 1492 6455 9595 6261 3008 1941 9802 2905 4408 1417 6826 3312 3688 3324 7225 1321 5661 7404 1935 6491 4843 2830 8907 6041 7158 9741 5178 8958 1862 782 8802 4829 9033 9406 5908 1079 8237 5490 7021 4387 3346 4604 3761 1925 3962 3511 8712 3408 9937 5940 4341 3076 7265 1454 6582 5962 350 800 6228 6607 7089 1476 484 4471 5165 1868 5336 6399 2928 4535 7976 81 9182 828 9695 3046 6816 9692 6964 4208 6696 
552 5129 5627 3809 4870 4742 3271 364 6222 8930 2684 7553 3848 341 8933 5493 9540 8048 2808 751 2868 7634 6260 3104 8577 4070 3455 4450 8793 6841 5264 8011 352 8849 8301 3035 2026 5559 3198 6142 1146 1385 1612 439 7293 1879 9307 6493 6078 3639 2439 4852 4549 410 4961 6555 7073 6886 1908 5138 6747 9594 1577 2126 6934 9626 7156 9077 5085 5264 3195 5001 9008 4267 9385 4861 9297 6460 335 6062 8974 2956 1056 8860 5746 2570 6010 5439 6713 4031 7641 5678 4287 3916 8118 3133 5047 5935 4810 7940 
3676 4509 8295 6914 6451 9177 6516 4954 2702 5592 850 12 2912 466 2444 4666 1419 101 2363 7288 699 6592 3546 5541 9083 8565 6018 7564 1425 5520 4341 1807 7520 6603 6159 8274 2922 2577 4817 9968 3535 5936 8758 493 9072 1488 4646 7047 7134 3508 3395 2807 1550 8994 3414 5076 2493 3817 3522 7255 569 5403 5402 5612 4899 9342 1459 2197 4267 8369 3992 7130 4124 2777 849 2444 5487 56 50 6473 2928 1188 4265 5348 1698 7571 7960 7811 6893 3295 1960 7767 5602 6590 8539 6741 4430 4594 7578 3139 
2246 340 8665 7351 7727 1289 2641 9960 7153 5685 3361 1908 2371 625 3376 1359 394 2032 4009 5359 9772 2272 4855 2881 4345 9595 3752 910 2395 8218 888 6931 1921 6000 1321 8582 155 1787 1322 7082 5312 1700 147 5598 1805 8419 6988 7829 4926 2449 3832 733 5839 514 8619 7897 2703 1478 8822 2356 6684 2163 6344 1727 7986 3830 625 8781 1376 1254 3951 2866 7334 3893 9573 8434 7537 1960 2141 3349 5417 9368 5728 9415 7565 3109 2650 1254 7933 8851 7334 7382 7421 7537 4802 4908 7406 3894 4789 2462 
5904 4712 4670 3889 9404 3406 2619 1228 3121 2410 6320 1612 1814 2143 6411 2313 4627 8852 1212 8773 8330 1695 6186 2598 6705 257 6989 9848 5110 8209 9762 4885 6581 87 3105 7206 3815 3753 2297 8638 2192 3566 7863 1762 4567 2173 7793 2222 7356 2638 9933 147 3734 7189 8068 5570 9381 6494 6067 5386 2070 4349 1691 6443 6124 1053 3996 3752 7186 4618 8248 7082 687 6203 4059 5491 5765 7443 981 5826 2909 5597 3906 7131 9567 1963 4022 7453 1442 1904 3419 5187 4853 1505 1652 794 2092 6863 9984 3033 
8661 5483 4571 6988 3323 4420 1806 6819 9996 7842 800 163 8620 2133 5878 7166 3626 6361 6884 3866 6247 9454 330 26 9278 9146 3508 7847 5478 2449 514 7503 5609 9325 7641 5544 7986 9363 7676 8417 6284 3425 655 2136 4796 3360 6994 6957 1499 9189 3184 7291 2784 9624 5921 6919 3410 4169 3316 319 3661 7654 7018 6554 6471 4191 5086 2944 6447 5894 550 6238 1427 2697 5641 4292 792 7345 5337 7304 42 7731 8579 1271 4491 9631 1482 9043 4174 8348 4853 753 3764 7985 376 5247 68 5292 3272 1063 
2665 4463 3442 408 4636 8422 6227 1016 8596 4473 55 7192 6922 3497 5338 67 9256 9552 6449 568 2877 266 3708 4290 6357 4948 1651 2465 3521 2124 4601 6763 3073 612 6606 4839 2528 3706 6821 4402 3717 8372 4814 2805 6018 6129 8778 9195 604 1236 9032 1664 2113 2737 5147 6234 6217 8141 4078 5793 9386 1421 911 1323 8578 7175 107 6859 8157 5224 6709 5266 8782 6125 7860 2424 6987 1824 8475 456 9111 4264 8857 881 8212 9040 8176 7839 2619 4002 8866 290 7507 7081 7903 3373 342 2362 4805 4184 
826 8542 7677 4735 3170 827 9629 3235 9404 1949 1922 9781 1250 7965 7818 6279 5990 9802 7509 7172 3714 919 8738 1369 3639 937 6672 6187 695 5455 1181 2897 4994 4795 156 1686 7439 1073 8882 1275 1349 960 9258 2764 7765 4888 3858 8555 7657 3278 6779 9268 4842 6648 3577 7135 3957 9123 9579 3348 7337 6970 496 8683 5572 9831 4806 2381 7576 3051 6570 4910 7009 5468 8829 7592 8018 4896 3724 6971 3524 5482 5740 8978 7316 7917 9867 2400 7311 9556 5219 8585 5881 8532 9861 2299 7770 2462 7233 448 
6356 8594 4021 8609 6223 3399 4312 7988 2751 8401 6076 2729 9006 3107 8645 697 7173 9059 6055 8030 4640 216 1620 5158 9718 3700 9446 1581 6905 359 9167 4705 7109 2213 6117 6385 5819 3428 3482 2522 4955 9457 6860 9444 4000 843 3090 8975 3669 3943 4140 4995 2458 6194 6078 6921 7613 2246 1795 1262 5691 7272 8032 8582 8658 3520 4306 7342 5910 7696 8770 9195 3908 2949 216 3965 4314 6694 1514 1029 1945 4577 1365 8319 8994 1711 3858 2854 9760 4908 1982 1996 8667 970 8612 9076 2467 5692 998 2040 
1331 2334 6757 427 7750 7694 6679 1473 4031 550 7665 2992 4614 2425 4801 7026 7737 1794 7423 8034 9222 9552 2022 2062 312 799 1952 2876 554 9561 7982 7137 3730 4655 5808 7576 4510 7386 9551 1934 502 5032 9175 7157 4438 2065 6249 4967 775 6510 9578 6663 6253 4966 5256 5909 5516 7732 9094 9116 7235 8014 6415 6106 8804 8480 8708 5200 1711 9086 5749 1587 3968 5435 8879 2472 5962 4042 3719 1242 2142 8971 7222 7878 4289 4722 6509 4615 7391 2611 5190 1301 8771 3691 6078 1127 4773 6926 24 6823 
3189 7085 3592 8380 3984 8810 16 8616 8538 8597 3241 9199 1513 5380 1301 1526 8386 6258 1174 3647 8615 2168 9661 10 9603 7681 1003 4182 5670 5483 3548 6646 5437 6983 4629 5797 6063 7481 4159 3999 3355 2901 6867 8973 8210 175 5536 8645 8074 3448 5429 2805 849 9717 2011 6999 951 7200 1430 4715 9773 7472 1395 5837 8816 7392 3956 2896 8295 5373 8540 7808 3287 2091 5060 6205 1407 4489 6120 5582 8205 4362 9027 9331 9655 7939 4285 7780 7724 9148 5869 8887 3945 8424 9614 6477 8968 7464 1101 5151 
1046 5887 6967 4945 6796 8633 6928 5844 7275 7132 1605 1812 6411 2032 9612 227 2037 4656 6587 635 1635 6826 8319 4225 187 6151 5006 3190 5647 5517 8856 7280 305 1433 2455 1113 9398 381 6373 2121 487 9361 9557 6411 7420 7795 2573 5612 1852 6223 9972 6811 1852 6402 8194 8493 9693 4288 4153 5659 6463 6250 8757 52 8851 2190 6425 4719 7638 1651 6148 3728 7709 7956 9847 3526 4442 8741 1162 3175 9226 2908 1887 8962 3271 5230 6792 4574 2729 7764 8154 1061 7659 7738 1469 3778 5451 3775 5189 8479 
1511 7783 5200 9810 623 3067 594 2130 9729 6807 2863 3899 3918 408 1027 9758 6344 6269 3456 6318 361 1578 7106 4145 2729 9873 997 8035 5712 6663 5725 6512 4638 8237 6813 450 4721 7857 558 2869 4494 5660 1865 9976 9892 2438 7036 8634 7648 8549 2344 8268 3320 6300 5638 3659 8723 2126 2776 9375 2111 5770 7066 3628 1503 8667 5258 501 8207 8989 8444 8160 5204 3737 205 2879 7813 1651 4673 1624 2840 5082 5179 6210 2723 8580 2392 6376 2326 1568 309 3692 2141 4253 5871 7054 5720 5758 7796 905 
8977 2750 544 3209 7033 5379 4319 1061 6069 1717 1490 6025 8335 4094 2445 8898 7971 392 5416 9965 2633 6000 3345 2461 8772 5166 3832 8718 5035 487 6873 4236 404 8927 118 5425 2253 5129 5112 9133 5739 2227 8049 8551 6630 5979 8106 8897 6868 5156 2057 7297 7882 7730 3724 4422 9902 7087 266 6289 7280 5753 3157 700 4666 281 8163 2218 5942 7307 1226 5015 6449 9009 3419 6875 7156 5678 4248 7172 4479 2818 9843 9901 4147 4094 1841 5689 4374 3225 8485 6368 3737 1991 9758 7892 5279 5106 4518 8187 
5086 5893 4131 8950 3266 8030 3652 925 3060 6763 1560 4588 3074 7517 9408 8413 5020 9659 2447 6428 742 7951 975 6972 2385 7882 9350 6290 133 1067 9620 9532 3043 7210 1910 6726 4926 4085 893 6714 247 6358 2983 206 2773 7238 3022 2139 7304 7850 1444 1324 8398 3922 3104 2260 666 9791 9627 1850 5816 8610 5191 7442 9341 1854 819 2287 2544 2913 8085 871 4869 5884 3319 5814 8125 7730 8016 8560 1298 9390 9109 8298 4936 5000 691 4682 5936 4496 9587 4114 5748 9120 3905 593 8827 2470 122 9109 
7088 7094 5672 6396 8458 3418 8445 7172 9540 7565 913 2090 1081 2564 3074 3520 9564 6181 3990 494 239 1893 1116 9305 3628 2862 487 8995 5172 9818 8823 8544 4176 7208 3496 271 2382 6963 7960 6784 5017 6990 9273 2278 6436 732 6467 405 6763 8427 5288 8000 3987 9687 5252 3485 6862 8873 6665 1741 9501 8259 3657 9181 4018 5369 3146 4877 9054 9717 8213 2734 2703 9913 1526 1896 3793 953 9538 8306 1661 5696 6060 4433 7534 636 1622 3853 3201 7094 9413 56 114 3980 1259 4053 883 5601 1862 5788 
558 1870 819 1365 2987 1040 9687 8345 455 4261 7438 4316 376 6251 4048 6247 5172 2160 5680 2584 2295 2580 392 4575 2065 8514 5863 9160 2587 6740 3468 5992 6562 2799 8189 8582 9553 2193 9571 7826 3349 396 1249 3485 2632 7089 8249 2171 4154 6060 720 3305 8533 6427 5968 1010 1623 4804 1924 4748 294 8670 6994 3342 9189 7291 4299 1272 5921 432 4169 803 3059 3375 3800 1317 7217 4428 6903 7719 6948 182 3952 8088 6991 2514 2976 5352 8659 2971 9976 6853 6485 3979 8040 8337 668 1774 4310 2220 
2337 4338 1700 9497 510 5658 6264 5794 9510 601 7164 696 193 793 5848 9759 1842 8012 6393 1285 6206 9975 5186 6971 7848 9967 3752 3276 1887 2707 2512 6834 2889 9806 2717 6901 7384 7012 1058 1080 4599 2091 4913 7711 3986 1777 3922 8454 6423 3478 4469 6994 6828 4488 8912 3856 897 7149 118 6473 5425 5448 5663 469 2148 7315 4859 5689 8878 9225 8763 4586 4803 968 9947 4538 9860 3225 8485 6368 9553 3737 51 1991 7664 9758 5279 46 9237 3713 1279 9652 919 1659 537 2777 213 1587 6581 1908 
1676 2984 3899 9340 519 4374 3631 6845 4710 2479 2692 2847 1107 7546 1878 1807 8213 1277 8688 7683 3849 925 8969 2253 4375 3357 5765 7378 5538 280 8620 1081 973 8814 5397 6035 465 2776 3396 8677 7269 2679 2891 8029 9765 2369 4841 4674 566 2375 4899 7631 6511 2409 8033 2126 8144 8691 8185 1341 4190 2768 882 1529 5267 8737 3028 1522 9912 5482 2615 925 1937 9700 1064 4369 1828 7944 8042 5001 3506 874 9825 4091 507 1037 8626 6507 2591 4548 4598 203 8094 4963 6957 9839 7731 6727 2373 8499 
9411 4949 7196 6520 8415 7490 5602 9136 3139 6653 9845 821 440 5460 2872 8048 969 2902 8583 3073 3510 8862 7455 1836 1674 7129 6324 8081 413 348 4507 905 9094 7995 2612 5794 5451 6579 622 9986 606 8837 279 6801 7125 1061 7363 4583 7138 3907 5098 5084 7520 6869 7821 8818 4965 4255 1358 9962 405 9489 7893 49 971 6776 6991 3397 5259 386 3252 9213 3219 1582 699 8221 2582 5651 194 9167 9015 391 7881 5386 1169 9574 7191 1074 3842 1162 5935 8650 4621 3756 5178 8874 5888 6410 2203 6378 
2217 9350 2326 3024 118 3579 6495 3991 646 3216 3264 7243 4362 3543 8819 5217 6856 7029 8366 3410 8807 591 4992 1496 6171 6767 9693 6208 9411 4220 3915 861 7037 9271 38 241 4451 7908 6253 6521 1656 1400 2385 4547 4047 9485 371 2855 6260 9847 2232 8496 9264 5577 1915 5192 9235 6846 6544 1899 1883 1263 5641 1213 4141 9318 8160 7642 7848 5316 6584 5793 8414 6416 4767 3201 9782 3741 6437 3574 1405 6998 187 6471 7274 4274 8365 1887 8157 3361 4758 4091 8443 6378 2651 4172 8049 9601 585 3803 
4961 4158 245 5514 1469 4720 9079 4614 9455 6315 9895 9544 1882 2882 4023 1783 1937 2700 7558 2621 7089 2700 9756 9667 1356 2069 1487 3123 3258 6960 2185 5635 7178 3149 492 4707 7963 3266 219 7562 2047 9232 9960 6449 9696 1770 4919 2538 7693 9560 9428 6052 1241 5791 9051 1227 6295 2408 5167 1245 9423 5011 5136 4062 5091 941 3628 5408 7239 696 6472 2150 2989 5299 2791 5015 6601 3442 4203 7625 9988 5530 9294 1092 4323 1103 9777 7195 8220 5399 4269 2838 3338 8558 7044 1198 8709 6356 1016 3730 
8761 8694 2257 657 8402 1085 5933 8066 9255 7318 9062 1140 5881 5961 923 9161 5088 8153 4453 1671 7289 9111 5151 1761 1936 2741 4700 5927 2279 2784 9753 6031 8460 2676 4153 9924 2819 9084 183 7813 5135 1718 465 7357 712 989 5154 5303 3787 2690 923 5434 8103 3274 9825 5141 3995 7323 4944 150 1526 3312 4238 6288 4856 3506 1734 5779 6593 3069 392 801 9768 4385 810 6462 6296 6983 3270 3611 140 5255 7783 1941 297 4182 7638 5727 3617 3056 6667 9483 9999 3426 6202 2191 7196 3752 9877 6910 
9679 1981 2013 1860 4922 7692 476 1032 9686 1738 8272 5511 5310 1225 6438 8298 9902 9803 3369 5370 3100 3460 4832 6223 3035 6885 2632 5683 9468 9789 7712 2426 6685 5876 761 9595 5653 5285 6339 3842 3495 8216 6385 5461 2431 2197 8519 7111 6487 7982 8105 644 4954 6386 6845 2305 6545 2070 9976 596 4930 6461 1654 6091 2936 8278 5720 8139 9524 2656 5442 5065 273 5534 2877 9000 9535 4773 8703 1765 3080 2581 5454 8498 5873 6800 5733 5800 9685 7820 215 4731 1457 1556 7010 7151 7462 9588 4262 6415 
799 3397 4812 1650 3702 5707 1302 2639 6602 3590 1679 2485 4867 4801 7519 9350 4171 7101 6466 8004 9389 1718 1812 898 2038 9294 7621 496 685 7198 4854 1983 7427 2271 2142 1663 2314 787 4859 25 8500 139 1463 410 903 7823 4831 5089 2479 158 9093 3899 390 2206 2379 7128 9845 5909 3144 8741 9654 4915 7118 7795 892 2276 941 4869 1716 9101 3626 8807 503 7029 9224 9821 7065 4148 9301 7740 9848 1259 4503 7935 7486 5448 810 8002 3584 7946 6254 4241 2176 5646 9305 5844 8980 1539 3647 269 
8012 8512 9358 3541 2615 3287 3092 3425 9194 9679 7236 2560 3825 4905 8046 2617 6616 1602 1379 5604 8872 1163 2012 8536 8380 7291 3328 4064 5532 8828 5864 5036 5970 8403 8782 7608 4867 7073 1987 1815 3033 5166 7655 6467 5843 8290 9085 6449 1735 4976 1060 9275 5055 7212 3311 918 4523 5932 5337 4786 1787 1950 549 8882 8157 6501 2074 2976 4230 3331 890 156 8885 3476 6306 3339 7068 3124 7591 4314 7496 8564 6344 6636 6465 7856 7822 3974 3827 8141 7658 5193 7627 9786 4416 9377 124 5531 5127 3123 