5681 2549 3884 1063 3257 5863 284 1449 3525 1006 8537 6707 2150 7816 8055 2066 4456 5327 9998 1205 7799 5782 2043 2043 1385 9790 3016 7800 3079 6681 7861 6589 9824 272 2711 7601 503 4992 6040 7555 5954 9165 5940 5105 9995 6249 2983 9704 1657 6649 9481 870 9945 2477 5770 8278 9872 7789 6488 2158 7532 7937 6291 8229 2963 9672 7422 132 9858 3909 606 7901 1340 7011 8161 6794 1451 3200 1593 8275 8436 6903 9556 7509 6166 7741 4493 2486 9415 6561 5072 9858 7313 6988 2887 377 8964 465 3635 6490 
4908 3952 8764 8873 1534 1522 8306 4004 9845 8565 5636 9184 7539 3845 3622 3590 21 1151 3202 9757 3004 3946 2735 467 8097 4433 8714 2387 1596 712 5576 4953 352 3808 9809 6181 5265 3778 3106 1454 9259 1800 498 9308 8134 4400 1490 2941 1684 9567 7109 8968 5138 3037 8395 5625 4984 1442 203 4427 235 378 7629 331 8301 4288 2214 7059 8519 2441 106 1065 7689 5144 3010 3035 2277 5007 8150 2505 6142 1383 6878 1450 5800 1385 791 6728 8432 9207 7527 3835 1009 2043 7088 3648 8068 2872 865 8589 
7144 6689 5306 6592 594 3256 6128 5560 5743 3049 7103 4290 5829 418 2987 1263 9830 7563 9001 6589 8005 9338 1844 509 7470 8532 7586 4162 8660 3200 6802 1795 9680 6895 3398 198 4067 6003 8256 6148 9832 3482 4155 3581 4511 5663 7776 4526 8941 2008 5081 6896 1764 3728 3714 7932 4251 1252 7989 4201 4480 5502 3155 1682 9620 6777 1210 5204 2177 7656 4864 7293 2016 5172 3331 324 1884 6400 4608 33 2618 5880 4631 8431 8543 8487 3863 972 4193 1735 3930 434 5607 9600 9010 3025 7135 3835 6214 3606 
253 5361 5222 5893 4343 5845 6599 2798 2601 1369 8895 8299 6455 6991 7370 4070 6868 5717 3762 2339 864 8602 5107 1853 5575 3858 9913 2608 2427 3170 1420 1741 1824 7995 8369 9763 2303 995 8736 3232 3174 2234 149 8371 5153 668 1908 2684 2552 1478 1680 2398 4500 8966 4582 3048 5714 8141 3232 4136 877 9640 9627 1664 1596 9275 5262 3637 4258 2273 5251 2438 3355 3876 5801 2148 7315 4859 8443 968 7827 4374 3737 1991 9758 5279 9562 6965 2605 1078 3608 6240 4926 3676 5813 9856 8496 3705 8171 8549 
937 2210 9046 4058 324 5997 8678 7328 7043 9707 8552 9352 3175 8034 8233 3320 9018 285 3333 1344 2572 3963 7751 9619 9928 3380 1286 3304 4373 7840 9553 1904 5569 7045 1708 5713 6307 7630 7746 7971 6774 6095 4372 3194 5794 7771 6620 7757 6065 1535 4746 6904 8497 9624 3898 420 8005 3835 6218 9488 4065 4200 3688 5466 2336 4059 3098 9313 8069 3630 4418 7558 7879 1470 6315 4708 3811 3257 6909 1207 284 5685 147 1083 8885 2150 7816 1902 8055 2066 1205 9050 9196 8909 1075 1543 3044 664 7212 1057 
7083 9740 4730 8560 9196 6134 797 4035 9275 9439 786 8056 3556 1322 6251 9721 148 714 3109 5823 8781 2650 1254 7933 8851 3830 7334 3893 8510 8474 6943 5417 6877 6316 9415 6561 4855 9689 9573 8117 662 6454 5742 3314 5319 175 4652 6320 3596 2666 6238 1314 6507 4726 8428 9815 2571 2092 5671 375 958 9132 74 755 3726 7748 5851 7105 8414 5205 3067 1601 9121 4260 8110 7530 8791 4735 8258 2650 3866 2317 6216 605 4947 7521 5052 9368 4263 1601 2144 9693 4140 4907 7943 6453 2033 5567 6144 958 
1864 2957 6886 1409 6021 6506 2928 6838 5989 8829 515 9600 1430 3232 3259 2506 527 595 4338 3736 3119 4301 6572 4687 8094 5097 8716 774 9566 4667 4437 3479 2078 5222 5981 7431 1437 8369 381 5239 8137 4699 4520 449 2736 2849 651 9465 2367 8871 3259 7983 6336 9882 73 4822 487 5248 7943 2170 7864 1017 912 4996 5954 6433 2127 3934 2273 3826 8395 8911 3063 4275 149 6026 7837 7736 6084 9837 7461 5824 6189 5391 4225 2727 3902 9412 5760 5814 8125 9128 4132 4833 9390 8855 9109 4936 7936 4682 
1973 3591 1573 5335 3213 7052 8715 1838 2413 2802 302 5352 2487 6179 9061 2002 4010 5695 1049 817 7969 4462 1835 7071 5662 9677 8511 1753 8965 5686 6249 87 2296 9463 5352 8025 7992 8429 2700 7621 6140 7577 3286 7211 5875 1227 3424 8042 7097 7449 3999 7181 1711 6101 3083 4129 3631 9565 136 8881 3822 4338 2406 821 5353 2132 8563 8143 4054 3073 7547 7116 9991 5304 8839 3904 3727 4209 2713 4441 4591 6989 2709 1172 3613 3672 5246 4305 8768 2142 9119 982 7548 7102 492 8420 9683 3452 9912 4862 
7661 5253 2644 7962 2610 1634 2691 6915 403 3727 3803 5869 3297 1137 9769 261 5416 6047 8388 3494 9499 4652 4709 9982 6716 5118 9902 5713 3081 3699 8323 1067 1590 117 5768 7978 2338 5418 9115 2107 8522 2464 7227 4232 4768 5615 4267 6620 8788 4132 1856 9251 2856 7569 8684 6556 6103 9298 3835 5768 8256 8106 3723 6247 6187 5287 3474 420 55 5442 4499 8414 4807 1368 1495 4224 5417 9094 7661 5197 7848 5475 8551 3804 83 7881 3807 9575 6346 4862 3118 1269 5749 7617 4163 3103 1456 3513 6108 6873 
2607 3240 4534 4156 6023 5984 2539 420 3511 2573 4857 6958 7939 1122 9621 1042 1077 4555 5465 7950 3514 2485 7671 1081 4868 3655 2008 7407 9592 4179 2301 3103 1226 7829 9938 3269 3825 6896 1764 8904 9981 3714 9193 7932 7229 4251 6769 1252 5333 7989 1259 7341 1748 3285 5986 1008 570 7298 6834 4395 547 2511 4917 5020 1670 4997 1354 1737 4191 5318 8442 6570 127 7829 2144 1514 753 8071 3494 5432 1065 416 2730 7899 4811 3277 3674 4547 1697 9544 6742 3434 3735 2380 8530 4787 1674 5855 7327 3721 
1751 1222 3077 7183 8640 3493 2891 4656 9543 3259 4090 28 9986 1742 9814 4123 8604 2944 7261 6798 5151 9739 477 9323 2228 2400 9411 5087 5894 5677 550 1238 2014 2000 1427 4807 2697 678 70 5641 6868 792 4031 7345 9665 5926 2464 2107 5337 7551 4353 1881 4903 8938 9471 6489 5709 8102 9305 42 5882 4849 8579 4221 9054 4491 1365 9437 1837 9144 4115 9846 7603 5804 3749 1956 5631 8461 5102 9700 5766 7164 1423 37 5506 8407 8616 268 9189 5112 8711 4289 608 2826 8211 8631 7885 167 3516 2967 
5085 3586 6508 5693 2015 2239 7781 4310 3358 8977 6382 7600 3113 945 6231 1112 737 7219 3704 2190 273 5142 3859 2722 7482 17 9527 6074 5005 2362 3855 9315 2072 8543 5089 494 4665 5076 7837 4473 3989 9350 3750 9133 241 7946 7674 8213 9943 3577 5182 7200 9515 4394 452 2420 4906 4802 4119 3642 1128 5765 2673 1272 3786 383 8764 9363 8141 9204 3478 942 8808 9228 2681 9524 7578 1313 3958 9147 9666 3276 3751 4660 1694 7193 8321 5647 9185 8979 9082 3742 3460 1507 2912 4909 3374 3769 3018 8895 
7253 6484 5970 1297 4223 9697 7545 6592 3483 2883 1726 1826 9337 7508 2652 9179 1866 9253 3245 2880 2940 9139 9054 6561 8568 5144 1995 3475 1682 915 4823 7300 4299 25 6648 4049 787 1414 791 5249 6048 8595 2642 2644 4724 6092 9692 120 4135 295 5136 4577 5592 5980 4232 3697 2891 1377 6497 4536 422 3068 7413 7362 6897 4191 945 4604 4204 2528 8310 7358 7526 7866 7868 1242 7661 6969 2416 5752 6850 8415 9376 5931 396 8643 3836 1413 6181 9777 1020 1852 7234 5740 4376 3990 3220 9941 6201 6215 
9621 6662 3030 8382 6308 2172 3349 6713 8102 1258 9984 4685 6084 996 3667 3368 2633 8961 4760 8755 9096 8320 4822 9706 5899 4484 5247 8506 4841 9845 7839 8017 6242 8077 8368 7760 2473 1097 9518 8956 2353 938 4320 9212 5950 794 3748 7736 5860 8574 2050 5613 9349 8980 7734 9701 6175 8467 5669 5254 8930 602 9915 6630 2227 740 6403 9416 1836 9598 9508 2801 6021 8249 2235 8901 3677 4959 81 5183 7582 1865 3304 9455 7544 9495 544 5145 8313 7409 4883 2543 4201 1073 2663 9691 3825 4433 8593 3634 
3807 6532 9800 185 9106 2279 7519 7781 5446 2143 4160 975 8956 9542 6540 4171 5037 5779 3383 7309 9095 3100 4720 9420 2580 5589 206 1190 910 4365 4800 5824 118 8601 8057 9563 8090 8883 3298 5571 4294 5728 3901 3813 5035 5748 5209 3811 2986 1198 2000 3923 2632 6926 8615 7578 4855 1845 612 7822 4878 9383 2369 8125 8974 9219 579 4885 4368 4539 3029 9772 1003 9340 432 1990 5960 6880 3362 2773 7988 2617 6908 9309 8918 5803 2831 1751 377 4062 3776 2443 9652 7728 8734 8405 3333 4974 5534 6587 
8804 9658 6034 2264 9559 8015 8507 716 890 7510 381 2373 8223 1549 6332 7905 7312 9221 880 4644 324 5165 1309 5038 2939 6572 4460 5081 1542 8691 9821 7259 2129 2607 4344 4474 9945 8563 6807 34 1872 8415 9468 9220 3564 997 8497 8697 5630 5076 1372 9241 9693 7678 2619 7436 1051 5791 1456 8040 2321 8275 5495 2174 2439 5689 8167 9348 1700 7196 3343 6525 2860 6872 5664 1831 9214 7174 1282 9662 4256 3584 1690 1086 7381 9244 8964 9577 4436 5492 7077 2671 8162 9748 9112 4474 327 7119 4358 5203 
7841 4432 5843 8253 5082 5743 6194 8124 1031 1626 5548 978 249 340 3785 6084 5087 2963 3520 2258 2749 8790 8444 4302 9176 1612 6699 3221 5226 6953 6220 126 8103 1264 5183 1924 4883 499 5404 1711 4747 6532 8068 4449 5367 8802 1363 7157 6992 8651 6545 1433 5586 22 558 1433 1245 6812 7476 6688 9469 1243 9304 7368 1187 2291 7191 1856 9667 7767 2222 5850 8155 9853 5653 9593 5897 5072 3329 4290 4626 7952 4238 3232 1210 6599 3484 4536 2248 6777 6650 344 6375 1272 4066 8527 5597 5631 4056 6886 
4752 234 5904 8231 528 1331 2358 3167 6129 3799 1824 3894 2982 7671 5298 4155 7831 289 9487 1063 1737 313 7697 8441 7928 5343 3165 9810 9079 8607 7152 9684 9337 354 9591 6973 7602 7852 6978 1624 9816 8930 8883 2369 5525 1012 828 808 2008 1725 1095 79 554 9212 7164 103 3599 7277 7226 9595 3962 5487 3511 4721 7857 558 4494 2438 9004 9474 5519 4976 1537 2292 8873 9038 7266 4326 375 1648 8218 4349 8644 2406 9606 7442 3723 304 5380 5348 8121 8603 819 2388 3533 1056 2987 1040 2851 9512 
6466 9498 3984 3285 4749 2477 3612 3793 270 1987 5046 4509 7181 6579 175 9607 9968 5316 4148 1495 7556 2346 3884 287 6315 3577 1264 1087 2150 7816 8055 8125 4456 3365 9050 4147 3044 7212 4269 3705 4896 4109 472 2958 7774 9373 295 6092 9735 8417 3948 5108 4295 7987 945 6903 8843 6461 3863 3797 4798 3266 7059 5663 7427 250 2194 1923 4697 7664 5110 5728 6767 8090 4194 7305 4859 3445 842 3979 336 1313 3107 8460 6767 7305 336 3795 5866 6945 5956 6673 8519 9001 7358 9750 318 9532 176 4942 
4743 4455 2072 4846 9708 9184 7764 4589 2364 8880 6774 2961 9483 1385 5926 5408 2648 7229 9403 167 861 5822 6442 7235 7154 6001 596 2046 351 7195 888 6470 1123 7966 9996 5632 7125 7214 9496 5739 3539 6499 5958 9401 3701 6619 9698 1704 3489 4296 8074 8878 1342 6638 4394 152 8271 6710 5570 5145 1750 2568 8210 981 1008 2986 5839 4358 1225 151 6743 9660 9374 4755 1418 704 5228 3929 4794 1619 6986 4257 3197 7355 2679 8361 8158 7315 2029 6508 3328 411 7443 9696 498 8183 529 9927 6750 7864 
9381 5801 8468 5663 912 5954 1114 7041 6433 792 9005 437 5802 8154 6372 1202 3193 3126 8080 3527 3381 9593 4261 6880 9049 7013 8046 7528 5566 239 7698 5605 5476 2530 2119 5230 129 9810 7151 3422 3067 3464 1597 3777 6251 1897 8545 2923 872 1526 1551 9594 4185 8649 3591 1573 5335 9799 234 2690 9481 2980 2316 9084 3556 5769 1322 7792 1726 1455 3374 4 3133 5922 3425 2136 8796 5253 9402 8734 3342 9189 3184 8817 7291 6609 4299 1272 5045 773 8157 432 3410 3914 319 3661 3059 7418 1317 550 
4428 4137 4191 6616 7719 1263 6948 6024 4056 3952 663 1459 7308 5518 716 8631 9921 6991 620 4606 7569 447 6981 6023 7179 4542 3109 8474 3654 9725 6499 3807 9683 9744 999 1538 7338 1630 4345 5784 381 7802 5352 5765 4699 4269 8313 3500 5469 7159 6011 802 2507 3921 4941 9169 5273 9923 8794 4462 897 9603 8668 8002 2604 5834 8329 7123 7938 2180 4723 9980 9449 4821 5237 3777 344 4805 1816 5292 2962 9582 7136 6771 9289 5722 6241 6222 9024 4160 308 127 8296 4098 7482 5090 731 1095 2643 6847 
5871 3789 1390 7305 7245 8940 9910 9267 1427 8817 9513 7269 1137 9366 4078 756 1383 3477 6964 5031 6234 8267 409 7647 1547 3835 2982 4365 796 7527 5646 6999 3992 5594 4198 3858 2308 2198 3604 5632 5820 5420 4037 3456 8842 9148 5276 3277 2189 8386 3866 5153 3760 1270 5060 9128 1392 1283 912 5210 6072 9076 4844 7637 6641 1016 9829 989 5848 1723 6691 3256 3134 5563 8924 3991 675 9038 7029 6189 2405 9252 4125 9087 344 6255 3734 7448 1443 7771 1418 3446 5268 4131 1050 9405 2872 7586 7490 8090 
6970 3087 1024 2858 2143 8131 3697 6208 7499 8550 7621 7348 7676 6851 6960 7153 4645 3412 5093 7780 4660 1973 3498 6816 1507 3642 4341 8609 2083 6773 1458 5973 4188 6754 8020 860 854 6748 9077 4103 2538 581 9312 770 504 7856 2868 7798 8025 8885 1039 3787 1356 1581 3255 3837 3662 9431 6827 1478 1657 6797 4741 538 5836 1904 3081 2011 3695 8849 8463 9818 9292 805 9745 7919 1716 6212 1027 7258 919 7977 5540 5727 1384 6620 7444 8123 5466 5447 1103 2201 7293 608 5002 3959 9406 1458 8836 3935 
8645 2603 9464 4570 5182 8386 8825 206 8630 6584 5584 2389 1416 5438 4232 8152 3469 4106 3358 5086 9842 4634 3690 3061 9308 4988 6786 4033 3381 282 4298 2349 8347 8089 669 544 6570 4865 3591 6400 1670 4027 2349 8595 249 4253 1098 4920 4633 880 7383 8086 838 4866 9658 7905 7720 470 9351 9071 3933 6180 7759 4358 7684 9519 6166 7392 7029 8452 1974 7926 1994 9525 8503 8054 6031 5261 8927 857 3701 5565 9844 6866 5533 9237 1090 6535 2314 7351 4814 2333 219 6406 7525 4389 2887 377 963 9361 
2048 567 386 4813 311 7432 4581 6526 5713 7515 8571 3726 1588 5214 2131 8254 5078 6022 7405 6956 9458 6173 9538 8110 1276 9001 867 8625 2091 688 6589 346 4961 9338 598 1844 72 4610 282 1540 537 3227 5572 8983 4791 160 3849 8996 5381 420 8693 2541 1786 7805 5531 6938 5249 8743 7891 5754 9187 5601 2495 9308 9267 8053 243 5959 2941 1684 9567 5125 7109 1320 8992 6980 7289 2746 139 2989 6234 778 8964 2890 9677 4368 6121 3284 5784 8628 570 5987 8980 6358 7490 923 6140 879 7489 7766 
3823 7987 945 1944 6903 622 6422 3863 3583 2214 3266 5491 1368 2664 7682 2484 5503 2717 3705 2198 1968 8549 2313 9287 5193 3427 2496 5848 4798 7059 5663 5497 250 1846 2468 3847 785 4915 4975 1393 6513 1728 3765 9352 5296 9208 740 4167 1940 162 7271 2491 2811 1800 397 3452 7735 5294 8787 1671 6594 3822 1020 4374 2988 2080 4689 78 9030 5186 5552 8869 3755 4673 1899 6692 8340 2378 7467 1546 1144 4666 7462 3204 2222 770 5012 5984 4106 1520 2730 4244 5191 5844 5563 9509 6236 3084 9740 8630 
9947 8911 8297 5986 2518 8183 8081 4601 4391 357 9181 1767 1431 1492 1871 8044 3402 1720 6884 5196 7617 8314 6289 6772 6744 9721 2559 1875 2749 3217 7431 7573 1429 7235 6681 6577 9160 4688 2690 7948 2929 6607 9698 987 4192 6237 7827 2021 5654 8374 2272 6793 9411 9940 8597 7643 9798 4500 3561 2335 4053 2868 8071 722 6954 3231 6065 2624 132 3447 6072 920 1902 1 6742 696 5952 16 1237 7389 8235 5507 8565 6848 2088 1570 7014 2763 9775 9431 4018 9069 5959 9471 2938 282 9811 5772 7166 8774 
4662 8207 6112 889 7535 9095 3494 9318 1331 6457 3396 8836 5150 3763 7790 6307 6769 2764 8426 7001 6410 2288 4830 2598 2153 4104 438 9567 9609 7889 2103 4507 9337 8287 62 4163 8544 8723 5483 2275 4600 4508 6018 8169 6671 4893 1087 1613 9510 9104 8336 3081 8622 8156 9065 9126 694 302 9839 5686 5707 8411 6143 4827 1440 7508 9373 5684 4096 2760 3925 3247 448 8385 8900 5321 4005 5436 8326 3607 6129 3823 9653 3224 6791 945 8577 1946 9186 7209 9307 5902 7766 3395 6368 9511 9250 2652 4924 5015 
3043 2350 8243 7529 5701 7912 4161 7585 3925 1240 1502 2790 4976 7498 3245 1195 3107 8957 4427 9208 1111 57 1374 9503 3080 3566 3991 2981 3350 2814 2718 3133 2402 5960 5804 2649 6742 2669 8959 494 463 3785 8357 7463 6184 3464 4662 268 5910 869 6124 9001 9241 5813 7063 7908 8925 7904 122 9515 6635 219 5888 987 2709 9103 6076 456 6258 3380 7323 3046 568 6692 934 336 76 9731 3983 4682 3356 4402 5148 4665 2590 716 3593 8107 3491 9738 868 6814 8109 7051 4120 7388 6185 6545 7964 2468 
5866 6544 9687 6062 4634 951 81 971 6474 4696 478 5874 467 1894 4032 794 1335 2307 7140 1836 5376 3007 4267 8123 4009 9460 1431 8710 8607 5950 6064 2852 8837 8099 6802 3672 5974 6642 1688 8623 1470 1295 5784 7577 2105 4360 8227 2571 5755 1806 2192 9715 6177 6355 8347 8557 3308 9349 462 4878 718 8159 3873 2879 1094 966 9979 5593 7520 3448 1979 6206 955 2920 1484 8829 2698 8748 6010 6254 4585 3329 4495 9074 5341 7311 4535 5898 100 9822 1892 5701 4486 9282 8088 3887 406 4458 4655 8481 
8120 4989 9099 1810 5916 3729 3108 6480 2018 9520 5154 1680 9482 6090 3368 1916 251 7065 8892 6617 6017 725 704 1942 1769 5801 7947 5341 2406 4104 6589 4956 373 3505 2801 3918 19 5654 4688 4403 6265 5455 7734 8208 9699 7361 390 2161 6665 3727 4908 3325 4791 8036 2861 3660 4852 4067 719 3689 6573 9513 4422 4648 2358 5537 9863 407 5955 947 8083 1851 3526 8977 1335 8127 2878 7041 1546 6405 5838 4987 8134 7689 7581 9593 4539 6770 3483 9789 6926 3327 6224 4044 2695 9233 5417 2522 8354 4185 
509 315 5224 2962 3794 5371 2544 6705 6045 7131 7974 4580 9223 5208 7188 4868 8484 4928 9425 9084 1503 1971 6515 2605 1915 4434 1986 3951 3144 3008 8019 9513 4754 1985 3266 1902 3886 127 672 172 9095 8913 9004 2017 2808 3429 7714 9158 4388 4788 5737 4651 3655 6263 2491 4503 3410 8280 947 6530 9300 6465 1952 2227 7167 5846 6646 7511 5435 6064 2522 4560 8828 5727 2488 6576 5043 6187 1287 1273 7915 565 902 2965 5896 3329 3075 9273 1293 8950 3225 4111 5496 3166 6348 2458 5440 8468 6577 692 
4170 2935 9874 3785 1970 6524 2955 8513 7139 3913 213 1352 435 5809 8776 3017 6326 4648 8992 6863 9686 4012 577 827 4698 6644 2688 9477 382 872 4084 6434 6211 1415 5677 2506 5025 4502 98 3128 405 1537 4678 8925 3951 8987 5138 6166 8997 2270 2824 3658 50 1190 9104 2012 8771 1784 6788 8117 417 7577 7300 7590 2588 8255 1344 8293 6467 8031 5953 1516 5919 3757 3958 7582 7386 8618 722 4979 7790 3430 4103 3905 5051 428 777 4863 120 2096 943 6709 6540 3487 7280 9499 4899 4055 6139 572 