9368 5728 5072 911 9001 5173 2087 7395 4253 4993 5387 8736 8515 8812 681 4263 3735 4464 6356 7188 4795 2896 5587 3023 4602 6841 6456 6795 7485 7016 8311 1690 1065 687 2206 7789 224 530 1653 9659 4485 7171 2799 6734 8406 7126 6474 6438 2449 6549 3286 1813 8984 6233 7598 3928 216 9245 7250 7952 3941 310 119 486 5012 1908 4195 7229 9084 6834 2052 8999 1887 9627 8402 4226 310 6683 2979 3272 2191 6402 5302 4164 7090 5102 8171 9997 4980 8227 4241 1292 9835 3236 8539 3518 6841 2977 1788 207 
511 9021 5112 7572 9269 3843 8922 710 3381 8055 4349 6895 941 1920 5378 4475 3181 5125 3442 6991 6836 1754 3673 4782 7112 6283 3630 3253 826 3772 1728 3765 9352 3348 9208 3175 2922 4079 5862 1940 6923 8183 8828 4253 476 2463 2541 2913 911 9838 215 8011 2311 3260 5281 7853 8677 5473 6635 9777 5695 6024 4891 2278 2351 7967 5203 6833 8658 698 6731 7598 6301 1430 4057 8225 5914 3843 710 3381 4042 4249 8578 3963 5613 3185 692 1853 1402 6919 1608 7845 7526 9764 8148 9432 1045 4698 6080 3658 
7757 6065 1535 8708 5229 4746 6904 8497 9624 7386 9057 3530 4534 3606 7497 7841 8547 6271 312 1774 2477 6206 7441 3465 2955 9725 6441 5559 5296 5026 2062 5452 9926 7282 8005 2359 1979 7081 2863 2963 5844 3297 2630 9681 4883 3749 1280 5115 7354 7113 8539 7302 5250 8414 385 3618 7493 6437 5303 6667 945 4534 4101 1766 7528 2803 2822 9457 7710 4899 8850 1270 9685 8701 9394 3768 1778 1860 1110 8737 5018 3788 5747 408 7612 1239 243 5297 3395 5818 5149 5085 6228 4306 1387 6776 3960 7232 7819 6123 
5869 4954 9140 106 5433 5365 3926 4877 6734 1672 530 4734 3528 5218 4485 8068 7171 1857 1358 7714 4821 6474 6438 939 3906 157 9667 3994 8940 1427 7269 9493 97 6827 2337 4544 5008 6268 5976 3165 9828 8158 193 5564 4446 4441 3544 5614 9164 2449 4593 6388 8158 2029 3328 4958 3495 7118 2524 4411 7720 2734 9843 3173 6739 9930 1390 2162 9381 5337 295 9060 3875 9512 6801 8743 3975 9614 1593 8445 7175 8187 1839 379 8515 7359 2389 9118 7057 5270 3259 5498 5212 3958 142 9986 5291 3510 7818 2591 
726 7997 8759 1533 1398 3344 5563 8550 5840 4820 6046 9841 2255 5061 7227 9927 116 5853 7389 4940 9197 6856 9607 1007 9891 2367 2045 4932 783 6773 6743 8598 5200 3224 9045 5120 8533 1642 131 6775 5325 2208 243 8052 9016 1039 5010 1432 8775 8367 8217 6724 7413 9650 101 391 3245 5723 788 4713 7304 4335 363 5492 5230 63 4263 8309 9626 9267 4168 6566 8459 4081 4700 7364 3877 2186 8822 3320 6379 2019 8435 754 2248 7018 6554 3425 6271 4137 6024 1075 990 7640 4143 3365 7671 7895 8903 9862 
2838 4372 7045 3109 5469 8474 4714 3654 4432 3317 7686 7439 9422 6452 5202 9533 7691 4359 3051 9989 3211 1188 764 6040 8262 1597 5281 4684 8519 317 564 3109 7175 2536 9532 4109 472 7774 840 9311 474 4525 7552 6476 6997 6394 9499 5027 9598 5216 5953 1176 2044 6632 1173 3441 1371 542 274 9199 3136 5588 7821 5788 7607 3839 9390 418 3368 2969 7394 9825 1604 9098 869 755 8477 8000 8066 1944 1124 6665 6474 143 7250 3408 8918 6090 1499 279 2591 5422 6386 7779 1717 2145 7402 1502 24 6207 
2051 6456 4078 4515 3497 6199 813 563 1207 5152 4424 7572 765 7871 988 6442 1594 2531 6314 7909 7790 4715 2055 2010 8289 4474 434 9490 3342 7683 471 8847 8836 5869 7027 8804 3997 1425 4930 8262 7402 2023 7282 7222 2262 2691 875 2938 6853 7047 27 2395 736 881 1340 8035 809 4755 9217 9266 2317 3268 6929 2879 8896 8107 9054 2432 5954 1056 4619 7476 1833 1064 8270 1727 8570 9022 7807 5817 1839 4691 1958 1161 8829 9600 3640 9009 4805 8962 2742 7521 7403 855 2596 1503 6056 1714 1867 7066 
1215 4122 1342 688 4922 8602 8372 8265 6068 604 521 2123 6890 5529 3350 236 4350 3991 7201 6380 2862 9779 1799 4773 695 7835 1833 8315 5391 3349 8123 1685 9355 7957 7190 437 2023 1357 4749 3656 4979 5850 4619 7981 2356 8521 4247 6896 3487 5867 4091 6869 4258 3899 1731 4856 4854 6445 9742 7111 5537 8022 6402 3365 3292 4072 6267 2361 560 2449 974 5060 2641 9153 8664 2736 1238 5639 7864 1790 7768 8390 3032 1250 7328 6294 8749 863 5267 3976 5743 4967 2402 8210 7816 8073 8531 9905 9098 957 
2338 6217 217 6526 2462 4583 3269 1746 4218 2401 8520 107 36 565 3755 8760 2132 3862 9777 2220 3991 9104 1532 2405 7796 348 6150 8431 1711 6439 8231 4098 1886 3989 970 6042 5692 8547 7111 4279 7415 5549 2650 8500 285 1503 1187 9434 7326 5063 9842 7429 115 9442 8569 1404 1979 3324 151 3192 8874 3375 8869 8296 8364 6120 8870 6735 7936 5540 7613 7680 9790 7963 6832 5465 4336 5293 9403 8380 25 7638 1670 4795 9616 8429 4673 763 8778 4244 4932 7418 5798 6070 8566 8624 2913 237 9936 262 
5828 5692 9624 2250 1419 3804 2459 9626 5441 566 2744 6705 6327 1496 3993 9878 2360 6243 8982 1218 9896 2675 8899 8533 6292 5533 4254 3009 6285 4927 8364 2569 8017 752 2046 6203 9220 8051 3814 1304 1900 4235 5679 1944 8471 6527 4578 5639 3073 2116 1794 7599 8719 4984 61 1284 3198 1716 6050 1307 6212 1283 1512 9081 8652 2226 8713 9500 8067 8859 9516 4175 4383 3955 6973 9212 6198 599 1137 1418 5118 8093 10 6327 9506 4988 6965 6102 795 9827 2304 3505 9269 1725 2024 524 638 1056 7284 475 
3764 3226 8776 3425 4592 7879 4786 655 8125 3270 7113 6105 5245 1839 8154 6269 2902 859 4865 6522 2589 4310 9143 5123 8470 9789 6152 2239 2736 7059 9510 985 382 741 8170 1156 7573 6483 4809 2088 968 1520 416 7405 8341 1649 1812 2358 9748 1483 4267 8403 7943 5219 1375 3039 5731 1819 3586 9677 5367 3620 6006 752 5049 3190 1245 6302 9727 9765 1025 4591 4135 6993 4174 6247 9913 7871 9155 5249 1309 2334 4108 2013 3316 6898 8038 8616 1384 6792 4169 6368 1011 5979 7467 6012 7683 2978 435 7798 
1727 7986 1781 2358 9786 2183 7409 1407 4755 703 9568 1239 8235 2414 4052 971 8915 4823 5207 3745 4567 1323 8329 8360 102 6836 1462 5939 5638 6422 1987 909 418 1535 1717 665 2127 102 1794 9055 8251 8978 6206 9161 8632 2103 8577 1057 5938 1579 4862 4033 3978 5809 4856 1097 2328 1455 6199 2800 7484 8726 5789 2580 1961 423 6191 1064 4718 7495 3781 8558 6156 90 5056 1913 6524 7800 2154 3560 732 7112 5575 3818 8453 2880 3895 9654 3086 1471 6299 3625 2806 9859 843 415 8620 2732 3880 4271 
9846 8755 16 7861 8469 5232 4799 5479 1832 4918 8678 3281 7837 7429 8680 5131 1376 385 4220 2295 4624 5966 5729 3823 7284 475 2019 1662 1017 4491 262 1972 68 4243 7066 9145 8285 2955 907 4712 9856 8194 2671 4894 4581 8548 3726 2179 6544 7208 1755 7943 3074 8457 961 41 8256 5829 7317 9059 6883 7430 2049 5376 470 9867 836 5732 1013 4768 8734 2937 6286 9558 3388 7399 4764 608 3541 4575 1949 1334 5032 9628 6589 4079 4973 2007 1469 2803 6625 7160 7282 5307 7314 15 6061 9163 4024 3206 
1022 8444 256 4118 190 4245 4434 9517 9184 993 3707 3103 597 5187 3434 4499 5146 1664 5110 8702 1206 8688 7103 1299 5566 4245 3365 8223 7385 3526 3726 831 4135 5670 2574 567 80 4260 9930 9340 9800 141 8774 5523 7157 3753 6521 2265 9810 3652 4951 2264 7812 7610 3023 5302 7500 1838 2794 3369 7746 5633 9798 7370 7473 524 3745 490 66 8299 91 3050 5407 2880 9259 3405 874 8177 1790 7353 7439 9802 7725 9431 875 8047 4899 853 9983 4386 6949 6301 5842 7093 9748 9191 9929 7671 3438 2458 
444 4196 6261 8178 5841 3817 914 4689 322 7972 6146 6393 4316 3412 7682 7031 4718 7718 1544 6363 2336 3537 2339 8421 4820 2702 8282 8544 883 5657 9676 5108 945 4752 7704 7592 3796 622 6422 6726 8843 2707 4223 5451 4631 7840 664 5963 8815 8567 9986 2988 7270 8006 6470 5475 6830 2593 8130 3723 2746 9084 1867 9317 2970 7759 83 7683 6238 5213 6556 8613 6939 7233 5169 1407 5971 2046 2311 2045 4576 2645 4249 2980 3877 2262 2691 1526 6463 455 2920 4378 8934 4561 257 9810 2501 4597 379 3196 
4045 3732 6015 9643 6697 8499 630 1352 2292 7306 185 5548 4483 9949 3203 8555 7721 1757 1417 1095 3227 201 6823 9776 9859 3149 9015 5842 2189 1690 5637 7319 2739 6931 3088 2004 5109 3269 6932 8798 7832 2328 1992 6215 3644 2414 9737 4029 7968 7117 8880 8413 1269 1968 1007 2423 2366 8666 7228 6366 5246 2470 3511 6998 2163 3883 1676 7802 4864 864 8155 3221 3117 5054 3478 1744 1976 6129 3712 4776 3276 2828 1945 8644 333 149 567 7193 9130 298 7527 7349 5647 706 9278 5340 1467 5843 2344 1507 
4039 4945 8646 4293 4999 7874 6484 7952 6104 4158 9775 6695 1640 402 7282 5307 4870 8789 4742 7747 8349 9416 6446 8610 2566 9997 4980 8227 4291 3623 9835 9151 6924 4908 7841 7803 1714 1371 719 8492 9744 836 6872 4361 4529 5416 462 8353 560 5879 2170 8464 9684 4307 5040 4080 8152 3029 7182 9548 3767 5380 5064 7521 5134 1349 5853 4052 2690 5117 7809 8763 1605 2731 413 3524 9625 8765 7894 5987 2734 1526 1896 3793 953 3148 9972 2178 761 7017 9199 8125 4123 6236 6952 2080 2053 725 7550 1024 
2926 8185 2087 4802 3109 625 5823 1376 2650 1531 7334 3893 9573 5998 7537 1960 2141 4238 2766 5417 9368 6316 7565 3149 5072 9858 9001 4800 7313 8783 6988 2591 1293 6448 2881 6371 3635 1764 4978 2312 6991 7926 2254 7974 4176 7427 6783 3777 3025 9455 5599 6316 2041 6076 3945 3659 5783 552 5577 20 717 1406 9057 5257 3287 9400 2110 7697 4669 8497 3969 7740 8618 2722 1703 896 3189 6328 1043 5034 9483 479 3533 7497 1670 4027 7906 9957 7108 1340 4920 4633 880 7978 6599 5978 3280 2534 3165 5586 
8444 183 5352 8686 6958 4520 431 5469 4420 7159 8945 7580 2634 6805 262 7416 5273 9312 826 4851 4841 6120 4337 9083 580 5460 7197 5666 6381 3040 1734 9494 7781 1716 9561 2412 9462 2968 8968 1435 3166 8408 5275 7614 6379 2358 1551 4784 8695 2521 8414 1185 9904 837 6333 5458 498 8522 1579 290 1841 3201 4296 210 5772 5677 6168 9315 1422 1599 3178 2309 2120 3598 8463 6144 5653 2871 1522 8082 6545 8435 1765 3610 7022 5517 840 9311 9518 1869 7609 510 9683 6925 3948 626 945 4752 7592 3796 
5848 8843 326 4288 3583 7545 5497 3994 4058 1120 7328 7043 748 7069 376 7126 6356 2537 1638 5265 8964 5619 4474 2713 908 6860 6411 1803 7380 605 2913 4346 9355 5221 9652 5793 7849 8843 2135 6475 2568 6496 2871 2532 6545 54 4956 4206 7780 1555 4707 9730 5373 5594 7976 9067 7465 6628 2803 8648 8590 8067 5346 4627 2968 1772 9814 110 1452 2739 7845 2070 3440 5794 3104 969 3777 1813 5292 9582 7136 7187 364 4276 6222 8930 9024 3612 288 3588 5090 6293 8367 1095 2643 2241 2529 2916 9009 7305 
8536 3060 363 422 5790 7594 9835 4518 8717 9366 8307 756 8628 8769 1853 4807 6234 8267 6630 3835 641 7362 4365 7657 1092 9510 5899 4871 8123 3326 6354 1239 5258 8685 6540 8240 3859 8957 201 1008 4654 3721 7997 6482 7975 8718 1969 3049 8323 9719 9933 4525 9834 4752 8678 8030 234 5904 9456 1065 1331 171 5393 4429 5241 7844 6399 893 3357 7886 7360 1419 5083 8730 2116 7146 8476 8858 7022 472 7684 2958 7774 6835 8880 647 4400 2000 6448 2690 8940 7952 551 344 764 4058 7329 2976 7416 8240 
6332 698 193 8350 1164 15 4607 1508 662 1310 724 7386 1737 5054 4434 1950 562 2925 2889 4370 3552 105 9401 6573 2910 3190 7734 8419 5173 6966 595 6570 4738 845 8551 6427 2637 8486 6032 6797 1655 9543 6815 9414 9588 5829 231 8228 4209 5230 4756 1207 3034 1010 5919 364 1741 5943 7120 4943 3069 1997 7257 685 5531 2175 2596 8405 2256 1454 549 907 1477 7377 8261 5557 2874 9549 4803 8402 6 8286 4016 8609 1171 1331 9107 58 2740 8305 6772 8180 8205 8157 4130 6531 2602 817 563 5659 
416 188 2508 6569 9886 8690 3217 386 7035 2754 4287 108 2782 9245 3816 6674 2767 3889 8581 8989 6948 2692 2290 1742 8723 9447 1774 763 4070 9519 1165 2781 8042 6438 7799 2049 6316 4980 6323 5665 7033 6860 6310 5775 8567 1960 54 7066 5519 705 4956 8186 5398 6768 4146 6560 7976 7179 3314 9059 2422 2928 7060 2803 5501 216 3096 3352 8537 3279 1126 2373 4198 2921 4099 9601 5661 9896 6908 1863 7131 9529 4188 737 263 162 1904 7858 3717 8732 3507 347 4662 817 5874 2241 4758 1534 4078 4239 
5547 487 9546 432 1133 5052 2229 3978 4171 6439 4147 1097 6129 5303 8492 2131 3466 7814 7661 2416 3017 3525 2066 4456 5327 1475 5671 6185 7337 6719 3064 2901 3610 7687 7684 9373 9518 1869 6925 3792 3823 5108 626 7704 7592 1944 3796 6422 3797 3266 7545 7059 130 5019 2468 7473 7664 1527 6814 5728 6767 2157 9788 8052 5998 7592 7921 8227 1663 5895 2983 9191 9665 6727 3423 6488 4812 6405 5705 6090 3227 5087 8079 3919 2086 1538 6853 2349 7338 8849 1276 9820 5911 6462 381 1204 4423 8444 183 5352 
6958 4699 4134 4269 4520 7615 431 3500 2736 2849 651 807 2892 1578 9465 1549 7149 3921 4054 7580 7923 2367 2634 8871 3259 9169 9923 9389 4237 5692 9882 771 73 4746 2689 6315 8381 8005 4799 316 6218 1518 8491 7943 9688 5635 6750 2170 7001 7864 5066 9381 5486 5801 2070 8468 451 5663 1017 4808 912 5817 4996 1228 5954 1114 7041 802 6433 9324 792 3691 6027 5372 9005 5408 7210 1158 3830 58 643 5441 2986 2812 437 566 7552 2744 3542 6705 6327 1496 3993 5845 9878 1202 8132 3441 2360 1962 
1986 6243 5573 8982 1684 8559 8146 8474 5698 1218 5141 7068 1112 8198 7439 737 9594 5392 5243 1764 5122 9896 4915 5354 1858 3693 4453 2489 8899 7173 963 4377 2872 8533 5870 4069 3437 1820 2622 7212 7865 5328 9339 7816 1576 4254 3171 9786 2669 6864 591 3009 5891 1908 396 6285 2288 5281 2156 8581 2577 4114 8364 4397 7747 7961 4601 2569 386 4547 3557 3568 6773 7946 6577 2664 1026 4838 1123 3056 9631 6598 4335 712 6605 3800 4566 5719 6105 5946 9514 7077 1803 4456 3884 4757 1638 2325 1915 7728 
5715 473 6598 9055 2809 7813 1422 1941 3679 9018 6123 9757 2601 2057 47 5256 5705 1853 3684 8234 6507 5619 4726 2041 8428 2539 9815 6721 377 5046 1918 4804 8047 327 5671 375 927 5452 9132 8257 4617 8293 1124 1279 5851 1878 3136 8600 7313 9865 8712 2610 3516 9710 2938 5539 9665 6466 5921 1469 851 8843 5468 4372 6674 2945 5651 3772 8972 5651 6242 8461 9908 4678 7647 8620 9990 6609 9700 4027 4664 5564 6845 585 7033 1437 7639 7484 4313 6202 9487 4438 7702 8460 6441 3945 3273 3853 1043 1340 
5468 8854 6980 6088 8318 971 9346 1637 1900 1641 8868 9726 4030 9659 2578 8323 9891 7215 7583 31 9036 5768 4242 9100 2560 8061 2018 7973 9161 5239 7978 6908 7646 3151 1214 734 8998 2854 3681 4492 1954 4452 7052 4730 4570 8118 9143 2940 825 5983 7265 6338 1691 1490 1578 2367 9468 847 6350 7967 7766 8912 2643 2550 8501 3613 6505 853 2406 6726 746 5919 109 5603 3104 4267 7459 9503 5441 7738 7610 6948 1174 4398 8193 3828 9165 4418 104 2732 8217 3578 3008 4585 6203 4059 3817 4966 129 3881 
5638 7443 1557 5404 831 5473 4845 7415 4379 2964 2625 3405 4965 6006 752 3481 490 829 1245 7376 7314 2253 3754 4488 1001 6300 4174 8657 118 4503 5425 5243 3647 377 5964 8435 4983 4218 4354 8727 5603 4567 3800 9503 1805 3807 8594 8121 1690 3021 7807 3704 9313 9472 5681 8390 1470 1063 9752 6401 5863 2054 679 1449 1083 8885 8171 7195 8138 5506 2926 6401 4920 6075 1452 3616 2430 6060 1336 9697 3061 7426 672 9658 6280 3716 3374 4252 9004 323 3175 2493 6015 9933 837 9996 7945 4157 4960 2640 
5548 7815 4381 3304 2398 9663 8227 8653 7412 7605 814 4648 935 3942 8080 5214 7367 9097 4509 7907 3587 8801 480 7763 2753 5086 7968 4488 433 6649 5886 5743 7851 5004 584 4381 5435 6310 2987 2196 6215 3868 2281 431 5397 8059 7611 3471 2481 8505 6216 7118 172 1315 7740 6076 4058 1110 2793 4668 6018 7059 5230 8947 7973 241 3030 2174 511 1970 1576 3570 501 5110 9676 8342 1865 6330 844 719 2672 1471 6935 1139 7985 318 2993 2765 93 1891 7864 5569 8472 4180 221 5637 4607 1524 1430 3375 
8787 9163 5875 6097 1426 6077 102 5140 6590 2246 5642 7828 6385 2060 1451 1971 2530 4723 8059 4929 6774 2108 9013 8964 1317 1029 6750 4339 2121 5994 1516 5819 3942 5698 4364 2154 960 4039 9425 8204 1829 197 6448 7654 8121 8617 4523 2055 9032 5421 944 3390 5064 8132 9357 4368 3110 8912 3354 808 5774 1483 9307 5209 784 1348 66 4241 452 159 4895 1687 8472 5190 8669 2992 7025 7130 9867 3280 5468 928 975 3280 8775 6273 2627 9984 2982 7396 4641 1644 8621 7139 2709 420 3045 3739 4220 8986 
473 9336 915 48 139 8650 8595 2647 9980 8278 9514 362 5831 549 3708 3761 6313 9301 3282 7140 5762 8825 894 6794 1505 3925 4558 4350 8055 109 4145 8186 6791 7701 6353 7450 4687 4695 1562 11 4684 4867 240 3116 1823 7708 403 60 4386 3230 1936 1281 9552 5227 383 6865 6226 9654 8746 3107 7931 8319 8544 3745 8948 9565 1539 574 7127 4469 234 3580 957 3409 9592 5077 2020 6301 1223 9979 2724 3495 9447 3991 2597 6320 4674 7701 6091 9201 6142 2183 1387 2983 8238 7601 7642 3898 9346 9434 
4461 2766 1738 9873 3175 9202 7312 6628 9817 3713 6554 9724 6656 9656 7288 3233 2976 7433 1468 7522 6697 3718 9146 3775 7605 3146 8973 6805 534 6560 968 5379 1383 9581 9241 5405 7856 4982 7590 5168 3547 320 6881 5101 8575 8485 7077 8571 181 1172 9268 7872 8034 2791 7839 7845 5516 9766 2183 3286 9308 3061 2985 6202 1738 2312 1274 6428 482 1233 6900 7923 9935 3851 7197 2889 8647 2131 3464 7574 8781 8538 2326 2917 1770 8273 7514 1529 9142 2284 334 4667 2277 9292 3875 4840 1349 2271 2624 7915 
6031 5759 5196 1294 5409 1808 9073 7682 4697 6130 2382 5779 7742 2505 7986 4058 3104 2670 4022 8324 5637 9156 6247 7790 7941 4632 8610 5927 9519 8464 6356 1722 6509 6399 3853 2146 5300 3358 808 4059 5141 7885 404 3980 600 2598 7062 3461 5349 5608 8521 7681 5702 7165 9785 2716 5059 4321 9601 6458 7028 7135 637 6920 8915 9354 3832 5345 3573 4487 3522 6415 4418 9384 9763 5775 7777 1922 3619 901 4882 5146 5417 3066 6869 8841 6415 9069 2741 6776 4634 5753 9057 1595 5885 6833 8390 9938 7717 6520 