8216 3349 5417 955 2486 8587 9415 6561 3490 4800 6825 2591 9468 1548 963 6995 8435 4983 7404 1763 4354 8858 3800 172 5468 6786 8594 8121 5525 3021 6270 2431 7844 7886 1419 8237 8072 6268 9147 3730 2788 471 8847 8836 131 2017 5951 2022 9476 1816 966 593 7543 8710 1831 9555 6319 9108 2802 7062 4747 8069 9885 4291 4860 1148 6896 8782 7986 3893 31 3967 899 5635 4211 583 238 4826 6316 4464 8241 5150 1371 8612 7279 4862 5525 5899 7147 7425 4310 9069 3082 1020 8594 5525 3591 8817 1289 5340 
9141 9472 4418 463 3109 5823 1531 2866 7334 3893 5998 1960 6795 4802 8781 2650 7933 1531 2866 7334 3893 9573 5998 8434 7537 5189 1906 5484 4486 6390 3320 8256 2921 8333 1504 2795 5187 4890 5493 3007 1926 4721 6260 2982 4341 8988 2794 9458 8867 5756 3818 1366 8743 9187 3036 4597 3008 3957 2141 3091 9371 7818 3744 145 8992 8260 2746 2989 4776 7957 437 2023 1357 4652 3880 8940 6709 6755 7397 7988 304 600 6221 3518 40 6490 8727 196 3018 9075 8421 9021 5242 7572 4062 7039 4671 8055 7070 5714 
7121 5927 5026 2709 9542 7232 1781 4455 1145 3603 6788 4705 1215 4122 8966 7453 9817 7924 1493 2768 8931 6095 7564 5543 1425 5376 6899 7823 6603 6988 3765 2697 5454 7841 2922 2577 9968 5006 11 4619 528 1685 737 5410 2651 263 9468 8002 2604 4547 5834 5117 9371 1777 6657 4671 8689 9558 4542 4405 3595 5882 1271 9054 4491 1837 4115 7603 1956 3171 5631 8461 8616 2223 669 1367 4941 171 9346 6403 3756 4690 369 6423 5264 6216 2067 1573 3623 7216 5773 348 4453 4514 1284 7697 22 6310 6033 4601 
7332 8422 8895 4485 6823 7085 3984 5671 6185 4147 3044 5337 6719 3064 4269 3705 2901 9532 1076 472 5517 7684 9240 2988 5092 3189 3374 7351 3670 1891 5410 4922 2110 5335 6417 2120 3598 706 4365 6144 729 4517 8286 7716 2532 3047 333 3314 9277 8384 634 3569 7331 3605 536 8171 2894 5010 4362 6400 6872 6556 1729 5536 3136 3127 3079 3719 630 1407 5971 7838 2046 2311 2045 7581 8086 5357 4249 5795 2778 4551 4496 6853 5306 312 28 5399 3457 4597 379 1254 9979 4045 3732 9342 9370 5979 177 1956 
3371 1878 263 2648 4257 3600 9646 8504 7939 84 9796 1746 9861 981 4606 4257 3197 7355 9674 5654 4444 6508 765 6611 319 2458 4569 9198 7560 2524 8698 4855 8125 2155 9143 3761 4068 8678 2631 204 5750 792 5560 6156 4652 6320 4777 9904 4120 677 3391 7267 1092 1386 719 9814 8276 1331 5511 5011 2561 6620 4136 4477 5530 6575 3200 2187 9428 626 1989 5422 7272 573 4538 7465 8101 1881 9140 1790 812 4546 6963 6922 2573 5960 2243 8997 2119 6930 6661 1506 7799 6864 8328 5465 8511 5242 8523 5657 
6509 326 8731 7872 7619 9981 9416 2171 4097 2787 6915 9839 3022 835 383 6492 7423 8143 6015 7112 1870 2519 8504 1881 2946 9071 3978 3851 2188 332 7040 9494 574 35 5476 4774 8552 7762 8606 1400 6518 4099 9561 7696 1821 4929 319 5730 5308 9382 3232 426 4908 2604 8039 4825 6025 595 8862 4094 8898 9590 2269 3025 9489 3338 4112 1560 1003 41 8242 5021 2822 3277 8154 2569 4527 7205 3857 4619 3546 8993 551 2750 9895 4417 764 7447 7329 9509 8110 727 1831 2169 2205 8583 2722 8450 2329 5316 
7362 1005 6887 6442 9148 1014 7931 1578 7020 6792 8216 5652 4225 9956 2175 4071 5227 7430 9008 4267 73 685 4878 2221 6985 7729 3858 6738 2496 4431 298 3146 1085 7570 5135 2859 3302 1361 8523 752 5418 6739 1309 7363 8643 265 1719 3836 2182 8942 6181 9343 4600 6993 9259 5373 359 6443 6410 4647 5950 308 619 3137 9964 5575 3599 9783 9351 9594 6397 7099 945 1734 3071 2232 1007 2411 6652 5430 2590 4324 6573 6392 202 1426 1826 4162 1504 5938 8814 8361 8003 4189 2157 5648 2521 6175 2883 4928 
9580 1331 620 2592 4464 4795 8779 4388 6841 6795 7485 2441 9695 3926 7789 1626 530 6098 5822 3528 9659 4485 394 8068 4080 7417 1976 5204 3677 4308 5895 4828 8824 3915 8969 8852 6158 5001 8415 8368 89 3554 2569 3028 7849 3081 7618 9311 9654 9382 9163 5816 1501 9076 3023 5481 7224 8857 2 8891 3018 5649 1279 1164 5813 1797 4073 4890 9937 552 7493 3576 2512 8806 6540 5070 8647 1026 4173 1933 6324 3177 8076 3424 5545 2834 963 3031 4822 7816 3171 2669 4547 3557 1003 3568 7946 6577 2664 1026 
4838 5728 7774 1123 3056 9631 4335 3150 4753 6105 9131 9139 9036 4242 8061 5708 9269 3151 8998 4452 4730 4570 825 7265 1691 1490 2367 847 6350 4792 5879 5211 6405 9467 7773 4179 1356 3710 9810 6379 8100 6327 8664 8820 8332 3359 4083 1870 5712 7373 3752 6062 8741 5057 1372 8320 3074 8298 3642 4758 7661 3200 4208 2683 7425 9422 1023 4130 1362 9069 2243 526 4794 7019 47 1370 9891 3768 9340 6304 8657 1994 8736 46 5751 1994 1910 3489 7529 4930 5071 6678 8462 6970 9509 9683 525 7198 6305 5229 
7407 9764 4683 6805 7398 9510 6868 1350 8701 5017 7078 2332 2220 9786 7184 5779 4482 5833 9984 7524 133 6706 9537 6493 5104 9950 2719 3392 4278 6533 3968 1756 5524 6223 4299 5921 803 7654 839 7018 3800 6554 7300 6945 5956 2990 8519 1148 3215 5741 4295 7028 9913 2776 226 341 399 532 1277 7098 741 7358 885 8853 3068 8299 1615 3246 1761 5107 1853 2842 8549 9460 8298 3613 7442 526 8859 7184 1222 2302 1649 2788 1250 7083 1311 170 2247 9411 1714 7783 536 5149 6095 8160 3241 3191 8940 5997 
6625 1630 1137 7547 6525 6872 2050 5291 5607 3113 7771 6620 7757 6065 5762 1123 4746 6262 9542 5374 7386 2940 9399 9208 9097 1282 3275 1566 3210 5796 8119 7256 681 7591 21 9118 1323 3627 1546 4623 5712 1361 8079 3544 3549 87 2296 9463 1723 7772 7885 5482 1732 5914 5781 9208 637 2342 5097 3385 746 8759 6614 5962 1444 6563 8829 3393 8953 3729 332 2970 3915 3078 6731 5845 9743 978 2138 1471 198 6003 8256 2948 1631 9832 8838 6210 3308 5663 4912 3960 4667 5174 5151 186 8514 9846 5509 9598 
9173 7375 6586 1335 85 1104 5727 1386 2606 1551 8332 2854 3700 740 4823 3131 7507 8970 5596 1254 888 7296 2589 134 8126 836 2993 3277 6954 3518 2977 1788 1152 196 1678 3018 5791 4072 4446 2361 9089 560 8428 974 3053 7760 5900 3008 3769 5940 7390 998 1012 6853 1133 5533 8504 3152 3176 5933 5400 2770 8293 2338 7525 2357 5996 2640 9218 6670 9203 5671 5964 9149 4268 2961 3377 1009 8499 3003 4550 8863 2325 4641 5245 1951 639 7935 7021 1027 2241 8072 2122 8954 6368 4302 9333 5826 6102 5349 
5829 7052 6488 5269 9140 3280 1900 1465 9779 8369 3799 67 4434 7578 5246 7083 1518 2067 6992 6682 5948 2504 9448 3527 5511 4977 7369 4547 646 2570 6880 5631 5817 9229 8195 2453 9371 9606 1926 9704 3490 256 6785 9618 6288 2701 9330 9169 9013 5621 6195 695 1855 1811 4349 4524 2382 3808 8204 447 9835 9964 593 6849 9743 1154 9177 6990 2951 6778 5369 9024 4859 3588 4799 3950 8278 5879 5726 5471 8816 667 4827 1093 465 6068 181 4272 9930 6738 7918 3728 4392 2211 9943 596 640 1737 3276 9918 
662 8247 7475 2465 2435 623 4646 941 5782 9671 7255 3765 8108 5145 9581 680 9597 4316 2082 3221 3355 7127 5717 6015 5141 9881 9607 8780 7759 8824 6502 8636 4219 6164 1360 6783 4439 8505 5332 2552 4668 794 5659 2466 491 8719 387 9323 5589 932 5189 4231 7437 2525 64 2912 5739 8545 2687 3620 2460 2720 9337 9920 7017 9526 6379 5211 1537 7821 1842 2742 6317 2996 594 6394 6472 3031 8418 2591 4147 4900 8286 5128 5566 5811 1187 7365 58 7755 9853 5412 4993 5288 1416 8170 7111 9654 6157 6958 
6156 6727 3986 6861 8158 3039 684 3010 3328 411 6611 4230 8932 1489 3495 7560 7118 2524 5906 7660 5095 8890 7706 6423 4280 7949 9498 4469 6994 6099 9790 8303 9802 5072 1577 9403 5367 6201 1670 5612 4870 939 1060 3499 4792 4097 5107 6015 8946 9846 5509 6586 486 4583 1386 8453 460 9048 1344 7350 2153 2224 1361 8980 3478 4240 9283 8282 8937 7752 9615 3699 1462 2485 7721 8209 1631 2561 228 4591 5246 5901 1716 6400 6473 1041 7832 7302 3518 5631 4646 9042 1863 1065 9482 741 6118 6524 3245 6878 
5990 6371 3561 7247 3685 3310 7135 6304 3554 3561 9873 5603 2788 3250 9922 6226 6902 9557 142 9795 5838 2620 8244 9930 1618 72 5929 5804 9015 9391 8205 7268 4425 219 8930 7669 9618 466 5364 4567 3647 7131 967 6995 7140 4432 8985 4350 2687 3005 8579 7129 6139 8790 6125 8883 573 7212 5551 3085 7920 9192 2359 6626 2165 5327 7667 195 5801 8878 8763 7827 4374 267 737 3713 9652 1887 2355 2984 2743 4374 3631 6845 5852 1304 1363 2479 8591 2847 5007 7466 7014 9098 7853 3914 9599 6802 50 4742 
7447 8401 324 9833 1949 3531 1123 7530 4265 2900 1041 2419 2214 5424 9582 6817 6380 8841 5267 3444 4977 7470 7082 8475 1644 7712 5532 8458 3641 4838 2743 3220 8791 1946 1552 6098 5743 3145 2298 5225 5194 9676 7818 1938 6582 9555 779 442 1981 9756 7413 7989 7454 784 6385 6252 5098 4779 8456 6127 5794 6535 5006 1662 1847 8800 5053 9593 6511 3814 6649 4223 7489 7162 6095 4871 5376 4341 7520 5668 9359 5454 7719 2190 9968 11 528 1685 5026 9251 5410 2651 263 9468 8002 2604 5834 7358 5117 8329 
7187 364 4276 6222 8930 288 127 6688 5159 6243 417 5748 4138 976 8827 5016 8195 3879 8239 2116 7395 1956 9299 1318 8224 4875 2282 6285 3257 5691 7773 9889 5568 1763 4394 2762 1434 4281 1318 7121 1232 2379 558 7751 3268 4749 9754 229 9152 1740 2561 3941 8622 5351 1943 5680 535 765 6342 2703 7057 8463 4127 9478 2075 5089 4040 3996 8821 113 4803 9043 3962 4578 3408 8260 2530 426 3835 9230 4642 9251 3829 4765 8031 1915 6479 9625 1735 6950 1342 1497 4680 844 2579 2095 794 5858 3878 6562 
8684 7721 426 4918 8929 7459 1285 7976 653 4657 4662 6002 4242 1404 881 336 3533 2546 7289 4776 7389 4076 3519 8107 2702 3284 8628 570 6406 6546 1567 8452 6358 4876 5515 5728 3723 719 9821 2308 9744 327 3610 836 8917 6252 8181 2556 7158 5472 2233 2906 183 3622 5328 3136 2700 9601 4580 3312 330 7751 8144 7691 1516 7179 5759 2669 3545 303 2042 1582 9521 8435 7694 7450 1475 8873 7160 6472 9845 533 6895 1920 4372 5125 8327 1151 3673 5425 467 4433 8714 7409 7645 6489 2930 5873 3808 9809 
5265 9592 676 9627 9046 5969 2415 8379 8529 981 4606 3966 8657 3311 6678 3197 1689 8613 2679 5654 8361 5569 7315 842 3090 9603 2527 9245 3008 40 8841 7952 7516 310 7490 7964 4859 9084 3676 8148 1564 8295 8050 6123 1978 6516 628 9140 2039 2096 5899 3112 6202 3273 7339 6428 6070 2278 5434 9095 5790 5234 7867 2509 8316 1342 4122 8301 8027 2207 3277 7641 3764 2981 9562 4409 3899 4468 5107 6979 6617 6407 4565 7263 5349 6909 2054 5685 1449 147 1083 8885 1087 5148 7816 8055 2066 9998 1190 9050 
9196 8909 1075 2162 664 7212 3064 207 4896 7433 9532 4109 7774 9518 7552 5019 983 510 6395 3792 5108 2843 2126 5760 6260 3681 6109 1926 5422 4310 4378 6386 6846 9528 5044 9859 2844 8961 4753 1714 6021 7161 9514 7747 4696 2061 4079 8701 7752 1494 894 5108 6156 879 2328 6395 1110 3782 7484 8272 5476 1016 8479 8653 3555 2612 1680 7780 9361 8166 5328 3163 9556 3667 1333 35 1805 3980 7243 1521 8081 8403 731 6390 5711 2583 6926 6202 9094 3883 9650 463 6461 101 391 7881 5386 837 9429 9143 
3862 7665 1733 9473 3857 3029 1562 8290 5672 8458 8372 4496 3605 1739 2477 791 487 2684 6904 8973 2061 9844 8412 1330 4137 2966 109 5634 8538 7100 9257 754 6798 9234 2774 1321 8896 7606 6048 1218 6885 184 1907 7031 2745 9899 2020 7359 1988 3212 7031 2946 465 1558 5879 1589 4758 4004 9758 866 8098 6570 6774 3591 7999 6400 3878 1490 922 3741 4095 4308 5158 5331 5212 2912 1335 3148 9918 6969 8182 218 9282 8053 3385 2390 3492 9644 7331 4432 9139 7064 2013 8276 8885 2804 7059 7653 1608 2339 
4080 9129 8296 2865 9028 160 6907 1748 5163 6498 7801 4362 9542 1383 23 5215 3585 2259 4040 5581 6644 2287 3009 7210 4631 4680 2074 8340 8285 2708 4402 8677 5347 3992 584 9969 7261 5594 6924 1079 2628 573 3228 3712 7 3196 1433 1359 1170 8453 3779 5242 910 5548 9284 5053 1581 2576 1474 4876 3660 1783 3206 1543 3501 5255 1899 3553 479 4512 1662 9045 8533 968 3113 3437 2047 2105 2973 3404 9739 1145 8294 8513 3547 4662 5850 5316 2704 5314 6688 7265 3356 8282 5308 9979 889 1683 2123 4326 
9642 46 1480 4923 9213 3205 9637 5968 2566 243 9016 1039 1432 8367 6724 2850 439 8757 3325 6774 4756 5356 5430 6910 2857 2218 8940 8474 4433 6948 6024 4056 4684 7308 8187 5893 6430 3479 3408 5006 4431 9402 8800 6062 4494 5053 6544 5581 7826 1883 3152 4050 601 5641 8111 399 7720 2734 3173 6739 9930 3359 1310 2171 2162 9381 3831 4368 967 4349 9302 4757 7366 2686 2573 7826 5145 4205 2026 4848 9708 7846 4284 395 1550 1642 2449 733 514 2218 7259 9325 8438 9931 6654 3739 2539 7676 6384 8417 
2486 9415 6561 3490 627 9478 4709 8887 4827 6205 7652 3277 8796 7444 111 1786 3485 8576 1097 2324 6731 7215 7598 9743 4827 5192 4596 1430 1359 3596 5142 8225 5914 3687 8111 1867 142 2081 8533 6271 1580 8292 8075 1933 1495 6665 1100 5642 7412 2282 4086 2729 8419 2643 542 2410 2191 1637 5378 5298 2054 1568 8370 1742 3310 3762 8422 6192 2259 9788 8829 3187 6557 3018 116 4553 8317 7123 371 518 647 2086 979 456 2721 8200 2123 7157 8316 574 4456 1760 2312 7328 7583 8381 1334 9700 4473 6640 
840 882 5285 5723 5852 5728 3894 4340 1547 1163 8985 4419 8170 9330 7949 7715 9052 3467 6122 1607 9786 9030 4124 4060 5489 640 1502 733 3757 2112 1758 4271 1674 7912 8854 5634 1804 7263 3106 5732 6751 883 7003 4334 1862 805 3911 1847 9327 7135 9804 3456 9304 3133 1025 454 3399 2481 6880 2673 2482 5852 3090 383 8764 4374 1865 9110 1221 2584 1679 1930 9378 860 8883 5736 2395 5532 7289 7230 5 4387 8384 7348 2904 5238 5490 526 6220 9584 7597 5021 2100 5568 3501 555 991 9389 7929 4251 
4172 2331 4007 9417 1848 6025 2590 8668 1324 1124 5152 9805 316 3464 8987 2205 3329 9958 6092 5897 188 6904 458 6102 3142 4787 8397 505 4851 6023 482 2057 7297 9281 7087 1434 6286 6289 3157 4097 281 6533 2868 9792 4763 8860 4402 9033 1671 4479 2601 1685 6864 7132 8816 191 5819 4857 4986 2461 3220 8230 6933 1314 5330 4895 2609 2728 47 8410 6639 3572 9113 9867 7760 7844 6386 9405 2147 9371 7452 6278 3046 5204 3072 3232 1179 4690 7081 5505 2181 9467 6972 2238 5911 2503 8841 4602 5548 3056 
9575 8695 7621 7257 9268 5365 5423 8037 4344 6876 8560 9312 7912 1598 7679 9395 533 3624 3274 3016 9605 4885 2254 9668 1355 1188 9653 8693 8319 2458 9076 2545 9087 1661 8769 617 4714 9071 6430 8542 8344 3412 9004 8582 2445 2042 1164 1762 5543 6316 338 2388 8129 496 68 7290 4744 6474 5048 3051 6579 2287 5950 9330 749 6403 4690 7996 4341 2702 901 9309 1140 655 923 955 5508 1596 6168 762 8150 6266 8744 9667 2299 622 1932 7408 3867 2416 584 2897 6710 872 4047 3120 4674 4196 3921 4801 
5385 2388 8130 4078 3958 5704 5176 2994 460 2197 3720 8864 7077 6447 7136 9247 3984 3146 3156 4603 4277 3352 9074 5956 2575 3528 3779 7997 3592 3138 2836 9283 4503 9677 8654 9497 4291 8581 5850 3863 5170 7387 3491 423 9885 9717 6158 9243 5004 4368 428 4167 9481 5850 2596 5217 3494 154 2665 9520 5524 7653 5125 5277 5799 5281 1311 453 5735 2546 6783 3272 3002 4680 9757 8238 6238 720 6895 9136 3202 1964 6523 3663 9750 6456 7089 3139 694 5724 2796 7238 8239 9236 348 4536 653 6526 7212 5558 
133 2635 5314 7572 156 2059 7687 1623 3280 4679 3066 6824 5820 7528 2493 4935 9821 9451 5835 7066 6318 3891 1634 9711 2255 4510 9355 188 130 4869 2336 5385 5760 5247 7639 4831 9471 9641 2695 2622 8359 9966 8597 2696 9391 2526 7010 2024 8984 8593 3610 1706 615 6407 7457 4539 3523 7663 6584 3785 8853 3337 1868 1376 498 9795 8278 6211 9494 3864 9230 4581 6735 8355 9503 5364 1956 3681 9253 2123 7873 8650 9805 5869 6171 8713 1558 8625 6966 4910 2094 5990 7902 4298 1115 4697 5959 8377 7383 305 
4745 9843 1054 6523 275 8215 2431 8569 4165 7818 3682 5795 7235 5757 9052 5054 4551 4964 2783 7269 8668 3007 6151 5145 7489 2630 103 9089 1602 1860 6750 4168 3915 4559 2608 9159 7696 2225 3000 3349 3543 5946 477 8689 4634 776 4579 5032 2992 7896 1794 3096 6306 5922 1196 7655 1799 8449 2874 9681 6817 6733 2466 6136 8 2155 5585 9096 2324 2680 7947 1043 9904 9365 2076 1106 6747 5867 4569 2879 2908 2365 2401 3534 4369 6463 8889 2861 3471 7672 8800 9725 4766 8002 784 3864 6095 2349 1025 6944 
4924 8395 6439 4093 1103 2343 4904 1510 9588 2738 7068 3061 5722 9327 8189 5394 6006 1282 6196 7589 7454 182 1365 1275 4327 3312 1388 511 1394 3145 723 5380 4925 5428 5833 7030 2288 5720 8026 8865 8741 2321 4518 4402 1000 4158 1666 6737 3706 9209 1488 2736 5342 4178 3840 5777 8759 6264 5938 4637 2848 4008 1601 1907 2774 1804 7407 2825 7156 190 2984 5349 9486 5608 2152 1000 2900 9766 2294 5713 6700 5896 6896 334 9587 548 1862 8257 1881 3535 3865 4895 9803 5200 1114 8886 2302 6815 8571 9095 
2074 8156 9940 2646 1024 8394 5763 2939 6834 5328 3580 4440 38 7562 7314 6086 9831 3598 7141 8822 2402 3845 8342 2184 4676 2577 1634 8464 9086 6988 6549 5797 9013 4334 1384 5074 8938 5349 615 1468 2461 4550 4501 3370 6026 286 8127 1750 999 4243 2063 7828 2516 5143 6301 9754 2293 3099 8669 6299 2479 7215 6294 4160 4998 2990 5247 9096 8506 5908 6442 5572 6211 6076 1903 6565 4198 6564 5919 5226 7895 5898 3370 9582 3825 3098 329 3827 132 4806 2594 190 3158 4375 5861 8315 7027 8010 5176 9884 
8674 7760 3493 7681 2772 9247 8860 777 5092 1537 1090 7289 2431 9658 7111 6487 7982 8105 5932 1218 4817 2025 1581 611 9497 6596 8755 2433 4732 5908 2871 5979 8394 9353 7411 6273 582 9069 2466 1015 2434 1794 4040 4683 37 2512 9059 2175 3144 7594 800 9443 1302 2934 5531 5079 9351 2760 8173 6127 8883 8341 4578 9471 110 7545 5812 6940 1066 696 178 3102 1060 4874 5323 7122 3855 959 1451 4109 2338 5264 3212 9522 3319 6876 8114 6366 6548 7167 4231 5858 1979 6426 5990 7172 905 5308 9699 7511 