8964 9361 6371 5964 6995 4857 1764 4978 1763 4354 8727 5603 5371 1020 1805 5468 6833 1690 9692 3704 8817 4421 9141 2601 8477 9472 2346 7558 1924 779 7785 9071 8064 4186 4952 4934 5337 9661 1689 5972 5614 4923 3423 3414 174 25 3771 8209 5304 3481 1020 6413 7389 8933 535 2992 8971 3177 6658 60 1186 1271 1899 9997 1142 5455 3494 9932 7477 9505 1037 6608 3124 6302 2798 4122 5478 1726 8602 3960 8265 8641 4991 6206 1370 1921 7564 5543 9350 6266 7947 7869 525 8383 5935 6369 208 8695 5198 2968 
1071 834 5735 4028 1926 1194 4562 343 483 7015 7712 1508 1688 6466 8553 9337 5711 8911 9115 455 6993 6431 4806 281 6202 6752 9214 8052 4471 5812 6247 8897 9454 330 26 9278 7368 4257 7847 5478 1550 7829 1642 3832 5839 8619 7503 1617 5609 2356 9931 7236 7986 8170 8684 6885 400 325 2967 908 372 9997 637 5603 2896 6693 1760 452 142 5851 1578 7020 5811 3931 1844 4071 7430 895 3407 9050 4861 3077 1301 685 4878 335 6292 6062 7729 1509 3858 6738 8303 5746 8619 2570 4356 8995 6010 8292 
6994 5945 6713 4031 755 1592 6252 8279 2544 154 4524 6625 9128 2385 9339 2671 4770 9522 3878 9661 8280 4305 7757 7358 4393 1604 7084 9919 9497 6423 8520 7809 4827 841 7489 7561 7995 5459 6372 3261 4865 6915 4987 4725 707 1887 9627 8402 4226 5963 3068 457 4139 8591 3753 15 2979 3272 2191 9064 6123 5302 4164 1281 7090 5102 8171 4291 1292 5204 6799 701 639 5692 4717 5892 1968 3621 39 4751 5443 5626 6370 3528 6553 3427 9726 2391 8411 3348 3175 5427 598 1323 5258 3859 201 7859 5746 7874 
704 6089 9977 7365 5702 5165 7553 9496 6331 4864 341 8933 5493 9540 4003 5876 9145 5300 953 7377 3033 4823 9062 5342 4074 8963 6066 6632 2643 7508 8507 5617 7143 8119 2965 5473 8524 9876 6805 212 7299 687 7789 9082 1653 5822 9659 6283 9938 6910 8393 1094 7171 5446 6626 6111 5837 2193 5327 6928 4776 7667 7184 320 5852 3024 6949 4830 147 1011 3380 2762 6012 7683 170 4963 966 435 2775 6155 399 8546 6860 3319 2130 9912 6519 4435 3317 1895 6473 7170 7193 4801 4608 5486 279 8615 2445 8183 
2146 2387 9677 9011 3275 1957 4279 1765 2725 3179 249 5391 2415 1548 1721 1310 724 1737 6881 4942 250 6679 6449 8582 463 5688 2240 7948 2883 1064 4567 2477 5675 700 1970 7425 5802 1513 2147 9320 4811 4981 463 9087 9788 9853 8004 2039 6628 3708 1479 6652 1970 3493 9769 4477 4112 1259 5213 3384 1923 3374 9470 6370 6827 3444 7971 3660 8874 3968 8953 718 134 7183 1739 7536 2829 1076 4887 5076 816 6231 4674 8342 7526 789 7920 3824 995 1361 6624 6039 3578 4639 9856 7024 6351 7377 4728 9095 
1660 1359 5950 9744 163 5640 42 5294 9005 9117 9095 2446 9259 7303 2765 4911 5039 5890 6008 2390 4448 4266 2704 3265 4901 1141 700 2091 5497 3876 8851 5815 8152 9138 7762 3323 9706 7584 3251 61 5558 3415 6995 9162 1572 79 1247 5376 3390 5970 1886 9779 1296 6047 1833 5137 9812 5716 8636 911 1411 726 5336 6637 2780 2540 1763 2130 2986 5727 6814 6376 5171 6491 1353 8005 4510 2690 3227 6533 1575 5015 9792 3738 4763 8860 4402 3916 6543 2818 8786 1374 4094 7301 7132 4662 5739 5854 9805 3676 
8148 2017 7016 7322 1437 2836 5888 9946 6841 8740 1152 8168 1590 9379 5039 2039 6194 6284 1748 4514 9445 1374 8510 3095 821 9451 9657 676 8807 9590 8073 3515 1080 875 768 3737 388 3999 7370 1795 2378 9231 2477 2053 9999 9087 8531 5171 4074 5502 8529 4193 4667 6597 1449 5483 8194 9451 8453 1351 9891 9424 1386 5170 9214 8830 3745 702 6734 8406 2676 888 634 6146 2579 1030 7721 653 8685 9052 6005 7034 5086 3533 3764 4590 2311 1240 2008 7045 3140 8706 579 9277 8384 7879 634 9148 3605 8535 
536 8171 2229 5010 5017 4362 6911 7586 4203 4161 6556 2696 1424 6519 7233 7371 1982 9482 2303 9483 9564 3628 6817 6008 7757 2884 5724 1315 6904 3188 2707 6834 2889 9806 1072 5814 5239 6901 1080 598 3787 9723 4315 3840 2376 185 3986 1552 9789 1812 6485 7157 8421 9092 3761 8494 2914 8427 6403 4982 5088 2139 5362 351 4316 6746 8460 5980 8718 6458 1558 5801 7998 3864 7978 5937 8545 4868 168 6212 8783 7997 7973 1997 9907 2821 7225 7018 4702 9430 9072 2678 1502 6071 4079 6208 4024 2283 3851 4207 
7130 7224 7472 7482 8207 1492 7444 4790 2817 3426 3610 8895 1828 3041 3520 4243 4840 3981 2763 1316 4425 1788 4152 4069 2701 517 4038 7876 2326 39 4175 5300 958 7031 2775 7539 5476 5467 1751 2297 5789 96 264 5390 4009 222 3606 7263 8270 2378 4129 3308 5663 1964 7284 7776 4526 8941 4097 8946 8514 5291 4261 9173 7375 6586 486 8453 8640 9048 7350 2153 4069 6987 1847 1610 3478 3563 9205 4455 7934 6979 3375 5528 6763 6639 1063 9764 1049 1612 8745 2264 7095 5406 8441 5531 2554 3025 2535 5656 
3620 1688 1788 5216 9613 37 3298 6324 1218 3232 7506 3099 622 5360 691 481 920 378 8401 5971 8465 7773 501 9564 3634 8442 806 5045 8477 8856 904 901 5026 8457 7943 7350 1704 8648 2146 435 1795 6585 1318 5532 4671 7342 200 1868 4117 1357 5959 1571 8573 8220 4772 3016 7942 2935 9297 83 5575 4965 5071 2128 7193 8100 8639 5587 634 715 704 5163 7343 2068 5080 9663 2307 8931 5998 817 2333 7238 5674 5506 4578 696 2817 3816 6478 6508 7654 3618 2491 4765 9639 2597 8217 8436 4223 5400 
3056 3963 6345 457 6733 7624 6738 2684 8977 4969 6926 4102 4677 5100 5591 9795 174 2852 9915 5915 2777 9716 7746 8677 9131 7338 3955 4924 7705 9131 6468 2444 805 6633 844 7815 9385 7602 4425 9987 7656 4280 4402 7098 9447 7638 9605 4863 205 2241 3356 199 1533 6046 5061 4940 6856 6111 9891 2045 2616 4501 5219 1179 3035 3134 9074 803 5484 6567 4041 5421 1390 1308 266 7823 713 9125 1548 3552 6217 1086 1731 1252 8221 3826 3633 9469 6877 5236 9121 2509 1270 8707 9581 1621 4961 6624 2446 3808 
4933 2602 9702 8965 5890 295 4518 2390 4448 8257 2704 913 5359 700 5497 3876 8851 5815 5047 7747 7762 3127 1027 1793 9706 6884 7829 9675 5558 709 2860 15 6995 1462 9162 9261 79 2569 1801 3390 5970 1296 1311 9394 8240 154 5216 5557 7724 440 4123 8959 4179 3422 6854 4518 9434 5990 6312 3425 1560 2124 5352 5175 5504 335 8747 2843 2475 859 5897 3842 1186 3238 6472 6701 5990 6814 3091 971 6817 9001 1778 57 4150 1128 632 6127 5059 3917 4840 6618 7976 7737 4064 3849 5248 4543 3264 6359 
8955 9679 7357 2308 2910 9009 8433 733 841 6501 3598 3534 8144 9909 3926 2594 4053 2079 7003 9945 3620 805 3911 1292 3456 692 7209 6374 9163 3050 3166 4028 9281 3399 5765 3036 7057 2482 3174 9546 6924 1245 2833 773 1451 499 530 6295 4600 4392 245 5876 6991 992 9187 6784 9904 8485 9466 2435 1486 5380 5707 5866 9537 785 1261 5630 8723 2525 1774 7139 763 9813 4070 281 5919 7151 6794 8531 582 8042 647 6084 2330 9137 2049 4003 4360 6408 8895 4460 1298 3661 9972 5571 2549 3388 2577 3424 
7866 1920 6213 2205 9395 2669 5700 1032 7795 5841 41 5856 1609 2119 909 4302 6428 5037 4911 5049 9387 4508 3880 9114 5889 4286 5063 5637 8351 3331 8242 7735 3041 682 2110 5178 2351 6026 4894 6105 5898 4581 8229 5545 5373 5995 1590 9462 7857 3319 9430 9273 7411 9571 8290 7359 1200 1549 2578 9783 1092 9828 9367 3196 4095 2735 5218 1442 6889 9581 7123 6888 3955 5616 7878 9647 6371 5481 5228 8820 1421 6817 7275 929 7548 7856 926 7259 8548 1031 4771 1205 9340 8520 60 6134 3983 4130 3116 9417 
2590 9280 6393 1064 1123 656 2729 9160 9039 1080 9937 2201 7493 6264 6730 9624 1770 9371 7386 9057 3592 9012 783 7658 4871 6456 4018 3112 4431 7845 9957 793 6204 9576 2351 9967 3674 1881 8658 6455 2208 3078 2324 7215 7598 6301 3637 4109 2343 88 787 23 4057 8225 3687 8111 2938 8612 3524 1306 2081 6543 1580 884 1495 6665 6416 8308 600 1343 5846 6135 2536 257 3465 5557 6389 813 1759 604 7721 9490 1589 3498 3523 112 4805 5378 1756 3804 5258 8229 8542 3415 1504 1467 980 3051 6982 954 
9820 2524 7494 6406 7394 9041 6983 8155 9135 1202 9159 7866 8959 3981 6724 6755 9809 9426 8214 6980 9733 2632 8868 2786 6805 4142 5065 4144 4364 4319 9111 1377 891 1022 8938 7551 9939 8141 4664 1947 6825 1464 6268 2801 2183 613 494 4246 7987 8076 2443 4740 1771 8866 3027 2555 7037 4395 9995 9687 3794 151 6619 476 9740 2632 6874 9665 5334 5508 8499 7176 3604 5516 338 5054 5404 9766 6021 3578 5831 3008 687 1306 6203 7755 3391 6859 983 8809 4351 3228 6776 884 1873 3411 2729 8021 9909 2004 
9087 9475 5171 7625 7161 4193 7566 1847 995 9367 8454 5254 7929 9453 3489 7728 5927 493 8263 948 8067 8593 7047 1329 7134 3596 661 8994 8738 8896 2598 217 2527 308 4571 7052 3382 860 4938 5766 7857 8164 2912 138 8774 4671 1941 745 3407 7982 1256 9289 2110 2344 5813 8365 8487 1427 7381 2162 6443 6852 9918 893 8477 4826 3609 7667 8973 8798 7533 4041 5056 4402 9621 8963 5120 2365 9165 7809 5865 3979 6743 8682 7013 9475 1054 4756 8404 4377 1729 1759 8360 577 4407 462 174 1712 4594 8416 
3221 9208 613 7748 9401 6030 4628 6359 1408 1553 4071 995 9478 249 7896 3470 1766 3265 7699 8959 8847 9941 2597 7288 3419 3156 1099 8622 4691 9871 1819 9718 1930 7192 3330 5952 6557 6323 2291 284 1143 6363 5998 8195 9155 3931 254 4170 1392 5935 7823 6091 2017 3756 5178 2203 200 7065 7358 6407 9641 3031 7541 2163 1937 9033 3536 8407 389 8519 6542 993 5518 8280 6513 9616 5673 9698 8481 1402 6920 2571 4644 8890 7381 7009 1738 402 8547 5706 7112 9121 1344 7172 6069 6104 8519 1390 1529 2444 
3957 5590 6388 7898 2971 8051 9195 7829 6605 7988 7849 1100 8340 8454 8873 9210 6026 4989 5796 4049 9448 4599 2200 6318 1723 6405 7898 9385 4590 3452 2099 336 7436 7473 1375 1527 5663 5110 2649 4359 5728 2676 7411 6438 2449 3538 3990 2656 9737 8476 7876 3853 4293 961 1362 6980 8318 2154 2427 6453 818 5464 2676 8949 8586 5044 5022 5564 4446 3224 6221 5614 9284 129 3336 4303 9343 4755 9217 7026 2272 8013 2317 730 2879 8575 9156 9054 1657 1887 1677 5934 1064 8270 6341 8570 3221 7807 1360 724 
5791 5663 7427 1698 2194 9333 7262 472 2400 759 112 5797 9566 608 3479 7747 9590 5222 3025 363 9489 7431 1437 1560 7802 8876 3152 4098 6102 9344 1191 5945 7939 564 4855 9796 1746 9471 4606 4257 6678 4927 190 8477 3230 1371 4238 2113 2398 344 4582 4838 9542 8141 797 885 9989 7392 4035 9627 7997 1664 1596 2976 5352 8659 933 9230 4830 5180 5147 5897 2108 1509 458 4995 3142 5557 4787 5010 505 482 6868 1991 5156 3930 2057 5615 7907 7730 1279 2726 9902 9209 7087 4651 571 1509 6289 7280 
700 4666 982 6154 281 8279 4311 2218 6533 1323 7307 1226 2868 5877 6449 3738 58 9087 9009 6367 2209 1366 5678 4248 6543 2818 3133 8910 1685 5193 7301 7519 7940 4662 9133 2942 905 2227 5854 3891 8512 2300 4509 8756 6914 7819 1431 4709 9177 5869 2673 6000 8200 8685 3078 9933 2945 4621 9532 7210 4316 3815 4926 1289 3928 8147 9177 3184 893 5294 6262 6865 5227 6163 863 6747 6714 2764 3521 1194 1525 6102 9974 109 3633 4368 879 9556 2010 9262 6874 168 5743 6524 8015 3036 3215 8898 9488 8360 
9428 9903 2726 9049 4367 4842 8057 6318 4730 7772 1639 4994 4711 5436 8014 4468 9310 3719 605 1390 6866 1601 8444 2193 6018 388 1770 9858 4710 8145 5295 5779 5716 6372 2190 5996 6425 4299 6069 1651 3381 2601 6148 2627 3533 7796 3728 1530 7956 3851 3721 9847 9809 2624 4442 3696 8741 1334 1162 3175 9226 9165 8179 8065 3730 2680 3627 8962 389 5157 5230 6792 5039 8625 9416 9481 6372 2729 7516 5325 9302 7764 4370 8154 7641 9669 2100 9746 7408 1269 7428 3173 8071 9896 3600 657 2908 8552 957 2530 
5109 396 3302 6371 7438 1337 9039 4242 26 8911 9461 9405 4174 6472 849 7029 2632 8079 9209 7505 455 7270 4661 7093 8793 3358 85 4568 686 8897 3675 1194 2394 5631 5678 9568 6607 8900 63 9203 6749 3363 1874 1359 9744 5664 42 9914 4499 9095 30 950 7900 4610 3484 7197 4993 6440 7122 7128 6239 9541 855 8612 3080 9558 8977 5299 7493 4493 3935 7341 5660 1306 4279 2463 79 3049 1167 2154 6807 3400 1119 7022 1298 8938 1401 1789 1107 4046 8991 2558 6559 7617 6413 1365 1553 7606 3254 3150 
9681 1279 7669 9064 4052 4955 7196 5805 5179 3394 8744 1489 7063 3022 2665 7304 595 5923 7194 6963 3526 8617 2907 1931 1353 9826 1203 269 6516 1104 4333 3960 5401 6268 3413 6632 8641 9001 7622 2793 8520 6535 1281 5277 3855 2644 6115 1436 3401 5457 2943 3656 4660 7844 333 7783 3608 5149 5910 2600 3893 7853 4081 7517 1189 9422 5706 5050 9632 9841 648 8548 7456 5015 7536 3461 411 8493 2572 3963 7751 8107 9619 1286 7840 1728 30 8964 9249 3062 7743 8792 3555 6732 7066 3012 449 8369 1306 5343 
6372 9639 7395 4253 4993 5387 3741 3574 1405 6998 9212 9848 179 8365 1887 7019 9495 618 545 8319 2350 6022 5961 1638 4488 8964 9539 2713 4576 5866 6411 8491 505 4852 2843 1394 775 4570 8923 5221 3687 9788 636 7890 733 7442 6371 470 4578 3594 8905 5507 5077 1080 3279 6983 4208 4984 5672 7475 7752 2077 543 5601 8292 3190 6805 8141 9472 4925 2400 3327 4584 5542 4033 6544 2907 3091 3788 678 3657 7849 8260 7715 6913 7647 2135 90 5918 6153 1871 7841 9423 5450 4232 8514 3815 3602 6821 4241 
9225 1289 1753 3799 4284 9250 7349 7303 9471 2403 9615 196 3969 8438 1800 5906 1642 9632 2208 1343 4051 2867 2369 9807 1395 4701 472 7684 9373 840 9311 474 9735 8417 6925 5108 626 4752 7592 3796 6726 3863 4798 7545 5791 6452 3546 9821 4487 4826 1789 504 3638 8806 7303 5004 3884 8468 5357 4482 7333 5092 122 5394 9499 4768 175 4663 4777 2666 9904 4120 6475 4888 4589 7480 5053 1805 862 6393 7016 784 5692 1540 5969 1407 9552 9573 4122 4213 2374 9794 3732 9361 2519 2846 9335 3872 8607 5469 
1958 530 7098 9808 9861 2485 2513 6135 1604 2338 9293 9717 1812 5317 3408 966 2545 2377 2376 9613 1164 4472 552 305 6064 4135 5788 2584 5905 3953 291 6243 9681 1306 2340 8165 5376 6105 4998 2012 2778 6177 916 6949 1916 4765 1005 7769 154 6655 8718 1638 8417 3309 8745 5933 6795 2772 6690 8737 4738 750 6903 6850 6101 6032 490 8181 689 5923 8322 558 7248 6534 7754 7756 6834 36 6951 8947 5790 224 1153 841 3145 8463 3661 4422 1868 9771 2947 7799 9947 5603 9745 7799 3744 2389 992 2502 
9113 952 3738 3818 2528 484 7513 5415 8604 8767 5707 4562 5640 6007 7924 7971 9797 8712 1913 2294 6326 494 8160 3381 3868 4083 7313 8551 5645 9269 6498 3856 9749 1949 3086 7707 6234 6297 8628 5031 1120 7835 3008 6630 3835 7996 2552 4471 9345 1092 5355 2606 8077 5292 5673 1610 1011 8928 6284 564 7887 211 1802 248 7926 5424 5969 3552 1251 2818 8454 7268 652 9751 1428 4310 3078 2421 2727 9018 9479 5675 2472 5622 498 1851 6667 8194 3265 1529 4468 1725 1570 5521 3151 625 3615 4776 7406 3894 
2462 4578 8866 5817 1034 6368 1564 3380 5979 8416 8106 7225 6012 1912 3709 170 7117 4963 966 435 7466 7798 6155 3623 8505 2082 3319 2130 1460 3317 1895 8101 7178 7153 2389 9118 8706 9696 279 2146 2387 9677 9011 9555 3645 9644 6264 5693 8212 1451 856 5391 2415 5939 7251 486 7469 39 7475 1788 270 9651 5076 9815 464 235 7392 5337 3202 8574 6030 3688 6624 5914 814 1950 4266 9750 4506 6082 1843 9869 6828 6612 787 5569 438 9285 9201 5556 4093 8143 1937 540 391 8206 9873 9195 1897 528 
2938 230 8407 5173 8909 4145 4451 4710 1102 481 9863 3922 9953 8088 4114 6505 8240 380 4911 501 7301 9477 2007 8406 1652 5191 2470 2182 6221 4080 3104 8799 7642 3692 4115 6774 9869 3378 3901 8967 5092 9720 8843 4332 5523 6402 3500 3104 2871 6173 8799 7642 3692 9858 2210 4115 8708 2358 2287 520 8537 676 8933 496 2980 5461 8876 7383 6897 7941 9623 6523 8250 4796 8954 8595 343 9440 6805 1272 1521 8797 7276 3575 2778 6037 2591 2204 6976 1900 7160 6339 8851 2549 9597 7470 6041 1728 298 8960 
5362 5610 3705 2930 6874 9412 8819 9772 1956 9568 9620 2246 5952 1014 519 3665 9269 4037 5055 8922 2 6832 9685 3402 9150 7340 2529 4997 4835 4333 3294 5474 1351 2565 3453 6876 8560 799 6961 4511 8824 7901 4896 2223 8636 9374 483 1378 3971 3963 2459 4802 3562 5611 7716 1620 4942 975 1140 8082 84 1501 3224 2086 789 6986 8899 2309 3261 9705 1170 7949 6834 3518 6862 2247 8751 4066 2472 6858 7130 8115 2416 2150 1328 5669 6514 5557 3377 5146 1039 4224 1309 3048 4498 262 6687 4816 4492 4283 
6909 8635 4814 5678 7621 4493 2339 9026 5414 8389 7235 918 2249 9322 3003 2662 4485 8343 6330 998 9294 7228 9400 7834 721 9249 7940 3026 5500 5201 5385 7068 7658 1694 2403 6459 6016 8453 6815 7248 582 1349 3507 8379 2441 3092 6470 3206 4836 431 7170 9611 3178 2169 8100 9031 7872 4797 3271 3684 9876 3601 7994 6269 7613 6987 4222 5221 4962 5856 6246 9425 4044 3721 8040 562 9368 3786 3804 6402 309 9031 9396 82 5005 33 4460 9631 5959 893 5937 5695 360 691 2841 1578 5363 6161 944 122 
6751 7111 4603 5589 8286 945 1451 3720 917 7809 1910 3883 7052 7617 8220 662 5042 7875 2648 685 8652 5951 1214 358 6727 1530 7984 321 9604 6387 4201 62 6692 1518 2005 5671 4235 1602 7025 5289 8555 8025 2892 9694 3601 180 1843 8997 1139 9556 6673 7374 7862 9256 9443 7638 8448 3942 6621 9647 6453 420 5225 1638 1080 5854 799 4075 8207 6983 4827 9601 3492 5004 7666 5188 7621 5393 1385 9848 5283 5883 4235 3176 5636 3558 4389 7745 6737 3403 8909 2584 5409 5619 9222 6443 1 7305 7499 5051 
8495 1248 5027 2720 3913 6395 694 5248 7617 6657 4156 6607 6408 1844 2955 9965 8847 6363 9956 5046 7943 1131 3118 5857 1050 3236 5859 464 9982 444 7715 3172 4665 6094 4196 5139 5722 330 5039 4043 8008 251 2597 5555 5840 7915 5693 9153 7848 4800 6682 1020 1572 5928 1682 54 4205 6564 8609 577 4769 8155 4364 8464 2982 6818 7397 3382 1450 4032 127 4609 1773 3940 4101 205 5320 4832 8042 154 3929 4755 2880 5982 6464 3088 945 7433 6240 3451 6594 7900 850 6228 5546 2494 4606 184 5615 2922 