9144 7663 8695 4809 5923 8392 4051 6710 9936 6533 5847 613 3360 1314 7846 307 6639 2312 9809 2934 4724 9083 1282 8467 4442 6097 718 5844 9630 8404 5301 7810 8937 8593 3053 6632 6396 2183 2688 8381 9438 9538 7169 4834 6160 891 6351 4094 6764 8555 5825 2545 8184 6934 9345 8784 7887 9074 4002 4547 3906 1083 3100 9533 1857 8589 9809 1285 7396 5746 663 3860 4084 4721 1186 1609 1624 2821 8687 1030 7471 8314 5097 2885 3255 4800 537 4796 3172 5382 1621 7844 1687 8576 6362 4635 1260 3424 4497 914 
3909 3437 2558 1413 9173 968 1569 8669 4867 9161 2326 573 8006 9502 4558 4883 4346 6361 4662 9746 7395 2358 3790 95 9748 6277 9423 9235 3332 7855 2224 247 6248 532 7156 3071 3311 9870 6854 5640 5779 5219 3502 476 2815 537 9153 5129 6038 1323 3362 8736 7041 2844 9731 7234 3161 6420 3309 2747 925 2877 9029 7898 5166 2632 2078 5981 1362 4122 1328 3489 2642 3969 5093 6040 9189 6860 1821 5325 5371 3086 8011 7490 8818 3505 3951 5808 2174 6814 5798 1283 7433 506 4253 8626 9732 8843 3376 6364 
8191 3261 284 4168 6113 9800 5708 8108 8426 871 8989 4801 9924 2902 7496 2421 9556 6507 7142 9300 7480 7303 1766 7473 4830 5170 8745 9353 266 3208 2183 4288 3208 7017 3631 5916 4775 9612 1578 5409 784 8668 2708 8722 435 3593 555 9912 3565 6414 2908 4888 6558 3390 4836 254 7504 2121 5146 8284 6995 3970 4536 9886 3945 4111 2003 3248 8795 3430 9895 9218 1675 37 7205 2594 5269 5451 8881 4602 6840 9812 6433 6206 4855 9792 6643 2094 3962 4833 6992 6921 1970 9280 4504 8626 951 3946 6040 6637 
5877 9402 6279 2733 8886 4943 8808 3530 3200 5170 8655 5972 5544 5479 5138 7594 3548 8701 464 824 4848 3595 8104 2031 493 1587 6292 1538 913 246 5752 9061 1106 7762 325 6878 3462 7585 7527 6253 4720 6210 1898 7544 6091 2517 1671 7038 5953 3448 9385 1990 544 4097 1246 2505 575 1381 2270 388 1371 8425 7414 9514 9531 738 1588 7547 3991 8190 2147 4870 9045 2586 4482 4817 5621 1470 4778 1258 1463 968 6782 4223 6907 8695 4809 1963 9662 8322 4636 8008 8079 7795 9915 586 1909 7590 8366 2602 
4843 9076 3644 3483 775 7985 9915 8684 763 7466 8967 586 6355 7057 3483 6699 8678 6160 8359 6040 3705 9204 2049 4843 7258 9076 3644 2020 8682 5860 1909 8056 7590 4617 1870 8366 2602 1785 7050 3365 9252 6017 303 1959 9427 3786 5010 8105 9946 9721 4145 3 8925 775 9915 8684 763 7466 8967 586 6355 7057 3483 6699 6160 8359 6040 3705 9204 4843 9076 3644 2020 8682 5860 1909 8056 7590 4617 1870 8366 2602 1785 7050 3365 9252 6017 303 6355 1366 2061 8303 8510 9151 7836 1398 6442 6855 5916 2223 
3108 546 801 7575 7127 8633 4892 8024 1999 821 2050 7059 1566 6125 8975 1462 2804 459 8034 9335 3520 9575 9000 170 7359 6580 8807 5618 3304 5712 4621 9448 8542 9920 9141 3013 2720 9561 5187 9735 8360 7752 3447 5441 9816 9967 9046 4671 2419 4571 3853 5581 383 4170 3163 1551 6218 3059 4843 5579 4867 9510 6736 7641 7806 2424 865 3634 3643 3257 228 1120 5299 1990 9318 2263 9905 998 7636 4859 8728 9685 6673 7459 9329 3873 331 4674 7313 2902 7790 9138 8959 4147 5374 2119 3534 6193 9299 3778 
6526 2538 9838 724 238 2024 7724 5300 5428 809 186 713 9091 7571 3188 3669 9715 8290 2997 2666 6811 7648 6541 1393 5352 9192 2412 2643 4404 7532 6802 3734 4987 2732 2017 9126 8100 1826 8925 6025 6429 101 8794 771 6479 5547 5396 9372 6508 5855 8491 3279 2636 9511 2353 8138 6814 6670 8228 7955 8278 8559 2306 3910 3259 2495 6119 2338 3195 5927 4029 2018 8239 6178 8274 6689 4949 3884 472 2524 6828 1598 5494 5429 6879 649 892 9283 3447 9637 2954 7025 4296 2483 597 4525 7645 4295 355 315 
525 5217 3633 9051 5348 8394 7883 2126 9827 8775 6908 1178 1135 251 685 8624 436 73 6924 3306 4064 331 6586 2861 6407 4753 2391 8053 5401 5059 6274 9109 930 2315 6590 3349 1812 7622 8630 1282 8090 6596 3817 2899 1345 2691 5395 7306 2047 9126 491 2130 9026 2763 3853 8598 6039 8991 9442 5360 4206 4115 9713 4775 1557 7733 1271 3878 1773 3841 125 2305 809 9089 8734 3490 5586 5010 2796 8590 2850 3419 759 2973 7559 3270 2428 9024 8291 6762 5689 8090 7050 9868 8495 1947 7492 8885 988 7035 
5053 1319 8079 7795 6038 9518 8154 650 6080 8580 6780 9217 7225 1539 1634 3097 5529 2690 2905 4498 9883 8201 9753 5684 2070 5269 4020 5816 4777 755 5988 5819 6759 7479 8504 9329 2349 6012 3857 7882 2257 3719 8997 7072 5957 2049 6283 3946 1926 2385 9356 8908 3659 5762 2348 6600 7846 8685 3821 6295 8022 7934 7452 9015 9884 4286 2861 8828 5398 2297 7643 6345 5318 770 6087 9451 7053 6590 5263 24 1730 3347 9650 1390 2984 4821 3562 8783 4485 6134 3195 6912 8302 6679 6815 3075 385 3596 1844 1477 
4593 4558 3525 2178 9082 1219 2514 7056 1130 3573 6293 8587 1819 3295 3198 9232 7868 8319 9301 2251 5404 5699 6119 3820 9210 3232 9343 5604 770 5626 3553 4355 5117 3482 9830 9040 2156 7468 3740 5546 3865 4693 5935 340 1744 5226 2792 8692 4050 5047 4084 9195 6886 514 5405 9547 2874 4830 9639 377 7682 5046 5823 1489 3448 4097 7716 6555 286 3453 997 5214 6886 9191 6157 3053 9211 2981 3207 8193 5162 8570 2806 1651 9964 2945 979 4041 7561 8050 3337 7946 9168 9589 5319 2701 7740 7183 6683 1059 
1106 9102 6715 5002 6174 5041 7765 3990 1155 246 7853 5643 3752 1473 6946 9245 5151 5863 1086 1036 3716 7534 973 9917 264 6489 5788 5376 8087 2592 1885 8397 4954 5014 7796 8101 3697 5426 7993 5685 2706 4882 5824 9501 1362 5845 8870 3699 3036 4817 3142 5667 6133 5568 1786 4823 5654 167 1493 6655 6381 187 3728 9772 5995 1733 9031 9952 5487 3799 3523 3023 5956 709 801 6821 753 2955 174 7830 3016 1982 9745 5278 7897 6281 5049 2933 7837 1534 4164 7774 1632 4530 4695 4718 2709 5994 3199 2488 
6732 6125 4319 2544 2573 4971 9689 767 7636 8690 973 2421 260 111 9400 4250 5818 7377 3923 4063 4705 1215 8059 4416 5603 8566 1643 8282 2827 1863 3907 5081 6683 8455 5444 3599 3613 7065 4010 3934 3856 9199 5616 7662 5704 2380 8677 6635 9777 3656 1568 9204 9640 6536 5202 9645 7691 4359 3051 4365 3393 2766 6877 4493 4802 3109 5823 3893 8055 5437 7834 5539 3236 8816 1284 7678 6962 5533 954 482 8351 490 7083 3628 8039 320 1248 3136 3079 7233 630 1773 8280 9830 2996 6475 4041 7581 4576 5357 
2645 3877 6651 2262 4551 2691 4416 8144 875 455 2920 4378 8934 312 7047 28 257 4953 7874 689 526 3732 6015 9643 9342 9304 4703 4828 9653 9125 226 5755 2018 5936 5927 8263 948 8067 8593 7665 7892 7134 4714 3596 3395 1123 661 4923 3423 9094 8060 7100 2077 174 5887 1442 4054 1478 45 2815 7425 3626 2830 8718 3023 7778 8163 4172 5788 497 4441 3544 5614 9164 2407 9594 8181 2550 85 9457 6070 4232 9510 225 2587 9012 3547 3366 3366 2371 2555 2509 7019 2526 1150 3332 8166 7805 5214 4986 
940 2798 2646 7881 8537 9756 5532 6635 7544 6164 7535 3289 6731 8347 38 8147 5434 716 6074 4696 2459 8942 4512 1039 4748 7846 9676 5080 1159 9926 8304 3950 7716 9745 2706 5173 4343 5166 2286 999 6154 2043 9370 4204 8638 1771 4555 7596 7645 7 6432 7610 5975 9954 6566 7240 824 3393 7384 1602 5089 8227 5837 3752 6286 4488 2199 5273 9391 3968 7909 2998 1009 8158 3388 1939 6863 7835 6013 9039 5957 5704 26 1478 5013 1876 3609 9795 5974 789 3098 5378 1756 3442 9160 7699 3237 4273 3452 6355 
1381 7148 6005 5451 2530 1175 2119 3775 5772 7681 7783 1498 5224 3067 9809 8376 1928 2914 7158 9747 9339 8421 9964 8412 3450 2483 8165 916 873 4508 6203 2902 6150 1292 135 6392 7683 9308 5849 5284 8398 578 1942 4491 7253 4400 7245 9416 9919 7195 6165 7899 1825 7615 7109 7441 31 4779 8863 5662 2965 9236 9462 5410 7134 8959 3214 4830 42 6204 8065 6650 8390 6094 6404 282 7065 1201 5645 6279 6914 7386 564 4265 1311 835 861 466 733 8079 9093 5587 1469 3046 3042 4851 802 1558 7169 142 
2900 4424 6310 281 6437 3132 8148 29 938 6783 2555 1019 681 3086 1296 9334 1564 343 3056 8441 3242 387 5180 7221 4375 3688 1280 9196 1371 9573 5574 7335 1164 1246 2568 7866 4579 4681 8834 7010 3497 6788 7881 4659 3420 9113 8857 6244 8567 9678 3133 1655 227 3325 7741 8905 9804 930 120 7858 7814 3782 8458 5307 7327 5857 1459 3651 3090 8097 4711 9817 7823 3051 1267 2984 6011 9101 2029 216 4683 1391 5536 4843 2357 8327 3053 4363 9866 521 8587 9409 6009 3761 9362 6641 526 4447 7736 1429 
7864 7106 8913 7314 4739 9567 8053 8238 3342 5923 3006 7137 1027 9633 1609 9485 1932 4661 7498 149 4037 3 1946 460 4956 869 3091 2263 1498 6093 8861 7170 3288 5784 2011 2582 8357 543 8932 2301 7876 5140 972 3460 3827 3724 66 3456 4706 7227 9445 3935 4457 1977 1629 4141 9774 7150 7374 9318 567 2617 730 3717 1091 4670 864 2460 2263 6975 4339 7246 6795 4802 625 8781 1376 1254 9093 9196 3983 4130 7076 6828 7556 8668 9701 6393 4726 6673 7690 6797 106 8644 1672 530 1653 5822 3989 2175 
3207 4566 346 7810 3414 8862 6600 7688 6346 2661 4409 2220 7613 8318 21 3814 8429 4802 3109 5823 1254 8851 8978 7382 5998 7537 2141 4238 8216 2766 9368 9858 4800 7313 8648 3917 7489 5144 6025 595 8862 4094 8898 9959 3821 4921 1039 6000 3345 8460 7652 6007 2128 9564 7633 1180 6375 9542 4198 8456 5794 3408 5006 9695 8474 5109 5906 4330 3596 4424 7387 7706 6423 4265 9498 6616 6994 4570 1576 4488 280 7652 7149 4503 5425 5029 8631 6991 2514 8250 8659 2215 933 6086 4143 2488 7179 3189 3110 2201 
9383 3654 9294 7508 1749 9809 8663 1202 1075 7517 5391 2531 8915 6804 2960 4326 8921 8291 2160 8223 250 428 6581 9210 1808 94 6018 3250 3541 9270 6809 7329 7231 5579 1232 1587 5916 6134 5186 6623 5277 3079 3697 2598 6943 493 2815 6361 1457 6913 7220 193 9550 2380 6813 5192 4110 1717 7705 6946 1783 8820 1158 6234 15 9047 4493 8781 7933 7334 9573 5998 7537 2141 4238 8216 2766 2592 955 9368 5728 6316 7565 3149 5072 911 7313 6825 6988 2887 131 6448 963 9361 6371 3635 1318 4768 4244 2155 
431 4068 2642 662 5075 6454 7802 6065 9989 4263 1517 379 8496 3861 4858 4599 3209 9550 6813 2974 2707 2952 7198 7489 5451 4631 7840 3044 2002 8567 9986 444 3354 1813 7081 266 2549 9752 6401 6909 7844 147 8885 6995 1902 4456 5327 4959 1205 1475 9050 5671 9196 279 2257 8030 4269 8034 3705 4701 7433 9532 4109 7022 5517 7774 840 6092 9518 9735 983 510 9683 6025 7463 9701 1324 6393 1123 1124 3286 6673 9805 4348 2205 1808 980 6092 1980 442 4980 2069 7377 7417 2610 1976 9809 8679 8824 5529 
5962 4318 1734 9049 2834 6754 5053 6380 9056 1674 7022 3794 4820 7923 3798 9533 2741 1376 7584 3351 7118 2517 7409 6103 6106 3638 6441 3906 1007 3120 4073 1273 6800 3905 6434 5805 6996 49 6144 2957 2130 8126 4032 2427 3045 4798 5435 984 4003 7803 6082 9145 698 9833 1252 4787 1594 1469 6795 2633 9954 1140 9188 8537 4390 6695 4495 5182 2178 7436 6122 1276 4344 4622 3566 2457 7048 4687 1935 2511 8813 3776 3413 8469 9938 3677 4530 3273 3285 329 7149 6798 6246 7739 9845 6430 8926 2177 1814 4368 
4344 1440 6136 5010 7158 2703 5633 1041 4378 8797 6846 2241 7779 5581 7826 1883 8662 4087 6036 2415 6977 1461 8951 4588 9053 5118 8392 7283 4394 4723 5504 7646 3910 3939 9560 8589 9824 8062 116 8621 3073 8839 3968 2211 7090 4881 7157 6222 7530 1814 9330 9300 2897 2317 9474 8505 7521 577 2144 9693 1727 7943 6085 958 5750 6550 6526 6636 2726 940 6838 2396 2308 9173 236 3991 7201 2759 1560 2653 9528 1356 6212 2112 5088 5643 711 9160 4622 1246 3566 7358 3122 3055 228 283 5186 8374 7647 5772 
870 9363 2066 2765 8417 9048 5922 3015 4796 5253 8734 1499 548 3184 6609 9624 5045 432 3914 4169 2903 754 7654 6554 6324 3354 8425 8166 5545 8764 3752 8402 9465 2914 2717 307 3112 2198 3743 5667 6761 2742 3853 5818 6135 3894 6738 8458 7806 8277 9972 6740 2376 2870 2703 966 4156 121 2968 9148 6165 6792 3991 6974 4313 7017 4531 529 9434 2849 149 7123 4058 8582 3310 2161 3261 6720 2883 4797 6303 3634 2509 7931 1574 6516 4389 986 430 1686 7236 5712 9566 257 277 3852 2381 5520 7128 5458 
212 4811 678 4215 3397 9297 9778 3832 1691 5311 8323 7215 31 5768 9100 117 8061 6649 870 6825 2207 7917 2346 6195 429 1450 563 7468 6310 1959 6488 2158 903 7937 4507 2785 2163 6419 9601 4479 1734 8815 477 3043 3841 132 4046 565 7486 9460 6898 3909 7630 7576 606 1340 225 2598 7466 6852 9122 6937 5371 2837 945 3999 6288 772 3931 8248 5926 751 7194 7082 9303 5970 9443 8789 5541 3371 192 7576 5968 1654 1924 3754 3002 1049 7908 2793 7864 8585 1180 2964 7374 2593 223 4170 6237 3818 
6006 3821 4349 7426 1611 7227 9445 4266 1977 1629 4141 9774 3596 2789 4400 9243 8007 7466 7119 6528 7057 4824 8695 4422 6532 6553 1071 4254 5735 4028 1926 1194 9318 8733 6291 1370 3116 298 7296 4031 3771 2882 9661 9621 3005 5465 3514 2485 1081 3655 6074 2301 1226 9938 3825 470 5407 6185 8240 7364 8868 1567 7192 6677 4813 9506 4802 3847 8227 958 7369 5218 9531 5296 3676 8682 4541 9343 2922 8792 9476 2219 6071 7218 6257 6307 5716 6174 5297 8257 3873 4100 2840 1857 4280 7301 578 7650 6103 7009 
3321 837 4139 9991 7330 9010 8896 3026 7561 7400 9905 8992 2239 3740 1636 9759 1905 6564 6207 4411 7921 9579 3804 6063 5051 9233 1690 5496 8951 9411 4294 5697 6348 9316 5309 6863 6058 3713 5714 6946 6962 1213 3349 5649 8351 5192 6904 3628 3115 1248 1222 8884 6563 4972 1059 1112 1215 1792 3116 2005 9417 1848 6025 2618 8668 9280 4726 4602 7926 7268 652 5701 9847 4033 5809 4856 2493 1768 539 1188 2647 7829 5375 7225 9339 1072 6898 755 8966 1725 3938 3198 4775 5488 3554 7688 6622 6139 470 8362 
4053 1469 4275 7829 8868 746 3889 505 2457 3206 7946 9838 6812 5826 905 4791 4915 8038 4488 6863 3445 8750 3386 2339 7929 2335 3038 6919 7045 2938 2953 7165 8065 2841 9916 9416 3361 7260 8166 7456 6858 3097 7551 2135 5504 1868 754 7242 4304 6226 3395 2599 9156 3738 6421 7596 1476 9464 7052 4951 7174 8116 6010 2407 7232 6948 6381 2136 5537 5663 9547 3790 5814 2959 3268 9995 3521 2638 4785 9685 4280 4235 7130 4433 4553 6535 288 7463 7189 2427 3476 7700 4 9911 7421 51 836 3857 465 1741 
3352 4190 3958 5586 830 1654 3097 8266 433 6573 6545 8134 6935 2901 8641 7478 7500 1069 1046 9625 2090 6708 9606 2507 4609 2110 8928 6400 6677 2521 4991 9306 1542 1059 4835 9875 7696 2753 5459 8595 1438 5211 6117 5133 5403 613 5894 3373 7928 9357 6700 3660 3701 2832 6115 2104 1352 173 7352 9045 7894 1119 4852 4906 2606 9958 1069 7078 3799 813 4356 2135 4814 5631 1032 7242 460 3746 5855 9061 3434 2313 8206 4760 8016 3520 212 7299 4252 5963 4704 1210 1555 4712 1680 3484 4536 4500 8966 1272 
4504 5714 3056 8141 4198 3232 797 885 9640 7164 6278 1596 9275 2323 3637 786 9846 334 5135 4762 9438 9549 4131 3941 3170 7724 591 4860 2907 6957 3904 430 7470 2545 1379 7398 1302 8698 1212 4768 2789 8819 2248 344 4582 4838 4504 6586 3056 9205 7269 1664 9570 2329 1956 4140 3289 4547 1003 2664 5728 8017 3056 712 3150 1776 9131 9139 2444 4456 3884 4757 6597 960 6617 1145 4907 865 8589 397 7144 2091 6205 4429 9605 6666 1798 9015 3192 4883 4380 3603 3306 3154 6173 1167 3339 8668 7751 6765 
5357 6525 1002 3483 9992 3927 1907 2544 9475 9374 1821 319 5308 9151 9282 3894 6218 7841 9123 5450 4232 6200 8613 9674 8158 3039 9848 5277 7199 4635 9 525 4963 3119 1343 2378 2336 3804 576 6476 4128 1713 1690 5737 4037 1981 2304 8549 8054 5797 1904 7184 207 1071 3081 3568 4850 4678 5696 7438 513 8951 7979 5370 1333 8363 5506 544 7737 5365 4608 279 2553 7317 9927 9555 3645 1765 6264 4820 3179 249 5939 1548 1684 3280 5512 3165 2809 6524 2178 1303 1516 3084 3767 3266 3041 6677 5014 3508 
518 2890 6682 3405 7755 5724 8094 1123 4310 3078 2583 2906 4306 6765 2152 6950 7382 3790 1563 5752 4687 6629 2551 8294 9378 4189 3503 3365 1514 418 5161 3570 7048 1795 3939 6377 1223 9742 2025 7609 6166 2167 9714 8367 601 4298 7740 8031 503 4735 6795 4802 625 7933 2866 8978 9573 5998 1960 6943 2766 5417 2486 6316 3149 4684 2420 3647 337 6795 3109 5823 8781 7933 8851 3830 7382 8510 7421 3502 8474 3393 6943 2766 5417 6877 1254 3052 3261 6248 1885 3831 9858 8008 9373 3841 4788 4192 2852 6660 
7208 9999 2280 6719 6472 1158 2408 8877 6529 9511 8846 9977 7365 5933 1364 5361 3610 5874 3501 5353 6849 8009 2798 4919 8625 6217 4204 3190 8226 9142 6725 4790 1527 4252 2718 4000 236 2968 9079 4155 73 5248 7862 6795 4509 7297 7417 6284 7350 6703 9766 3016 6706 5525 6904 1459 3224 2151 9338 5160 7466 6718 3897 4226 6901 6036 8573 1878 1021 7234 7031 72 9860 119 4044 1005 355 6554 386 3700 50 9178 5099 8454 9443 6673 5025 8893 4526 1376 2205 8785 672 8839 4366 502 5040 3435 2703 7230 
9233 3609 483 15 5940 1577 5091 1171 6187 378 3889 4489 8087 1762 5968 3799 6460 8285 4848 5689 1615 6425 7366 5748 8657 7918 129 4724 7737 1679 5266 9182 7140 2998 958 1678 7015 6810 7592 6393 792 4207 2564 4105 7152 6062 5223 5334 8371 7358 5661 5084 6951 8470 1380 9180 5904 560 5064 3441 3323 8641 1633 5784 5976 1508 3976 1809 7058 7433 9966 580 8692 9282 5564 1340 7494 7790 1690 6297 7345 7170 7979 4526 5370 4313 7523 6795 4493 8941 7445 3727 5869 3297 9499 9997 5259 9870 8621 9568 
5005 3353 5872 6487 4380 244 8256 5104 77 7049 7936 8406 5490 6608 2481 4054 1370 5923 6167 129 5025 1663 9794 8712 5456 6890 9776 2742 8866 4363 2235 287 941 6369 2587 6077 8803 7740 604 2805 3846 7909 9328 3750 6100 330 3279 70 2563 6516 5341 1161 3125 7940 7429 3135 2522 6129 2216 9651 5313 4062 6407 9768 8442 5860 6270 6911 7183 995 6624 6039 7115 8465 6067 7551 3960 7377 4728 3870 9095 9245 1660 1525 9581 561 1701 1556 678 3560 3306 1747 4386 3698 2938 9698 4900 7454 4393 9604 
3746 6483 3620 2092 5487 9623 4734 1957 6524 226 8110 5188 9309 595 2858 845 2637 1057 3594 1163 9004 7718 1069 4438 6720 775 5801 6663 2279 5804 7732 713 7235 8804 3772 6933 1711 477 5749 1587 3968 8879 5962 2750 7870 9211 7564 8863 2512 389 4497 699 5836 2433 2094 8001 6082 4973 348 1997 7978 5195 2180 3666 1510 8721 7469 4025 5032 6032 7579 7896 9763 886 3393 3488 9318 4188 9739 659 7570 5935 6379 2579 7942 8434 5226 4760 7604 3996 885 356 7201 675 4969 8454 3680 2570 5616 6634 
613 1668 4609 5229 2386 7788 6646 5983 5133 5179 4716 8160 2931 1018 7614 1639 7659 8164 2793 2390 6167 3763 7569 6125 9466 149 5090 7747 6881 86 3400 2665 5039 9264 6484 9760 9661 5297 4578 3770 3754 3522 5359 9176 1525 7638 9845 4530 5546 2434 5758 7576 7345 5444 8046 5684 3454 8326 8256 2004 3902 6774 7024 432 6439 8526 1429 2568 8719 296 7923 8116 2798 7916 5589 1965 9713 9122 7125 7065 2938 9637 6685 1061 8327 1964 9115 2857 7110 2702 1352 2116 2534 5115 9402 3386 8923 5874 9541 2577 
9580 8101 2227 2946 4557 8041 8570 6472 7323 3955 2399 2731 1017 2907 3036 9872 8100 8728 1398 1512 5467 5277 1022 114 3696 8776 2635 4455 5922 4576 8055 5779 372 222 3374 6092 1177 343 4882 5898 1385 9062 9471 2413 2555 5563 3724 2642 9331 716 1336 5987 7367 2457 9556 220 9482 2644 6125 2800 6879 9312 6954 2176 6790 1052 9516 5423 9115 386 4917 4019 4566 5796 7216 6682 2446 720 2704 6725 968 3463 3725 6247 4662 6289 6736 305 3217 2832 7130 6470 1325 1337 6553 4594 7188 5340 6431 6743 
4910 2599 3374 6125 6542 3992 7155 8498 7091 2778 5915 4327 2815 4827 7305 2038 9310 7299 1757 9796 7448 5131 847 128 7360 4421 1724 442 3982 8036 9448 5051 2263 7474 3954 2187 5023 6340 9734 8230 9107 6628 8934 8175 7908 3542 4297 4495 9217 6688 9758 259 4791 9116 9118 7811 4828 8824 5122 3461 2621 5232 1344 4176 5001 8415 9309 8368 3176 89 8424 3554 7248 8549 7066 7280 8876 4001 7849 3251 3081 7618 9403 4404 5557 3981 7581 150 9814 5042 4194 8160 6430 8238 6149 513 4194 4640 8885 2980 
2954 5738 8443 5680 6362 6743 1761 3331 8095 3693 3578 2443 3051 5805 9613 999 3726 8418 2940 6963 4950 3368 6434 4044 8961 7724 3313 5489 4723 7875 8871 79 4124 5458 6776 9440 8959 3960 4614 9414 1652 7157 7448 5224 9914 4335 3823 3767 6152 4904 6444 3516 6067 9574 5032 9635 5717 8529 148 2792 3065 9294 3804 8333 680 3843 417 8997 2793 5936 6586 3581 2807 8397 4452 6118 7746 2710 3452 5257 2924 622 1488 8517 5940 1012 3920 6582 2943 5407 9508 800 6228 5550 9921 9106 7259 6496 8582 8392 
1331 5524 2372 4198 9874 5732 6849 2758 9557 8579 4402 4248 7172 5240 4479 8118 6873 1094 8927 5524 1906 162 4518 4779 8456 4108 4771 4399 6062 2743 5242 6680 9820 944 346 5498 3771 4235 9318 9608 567 599 6557 3641 1590 6073 5609 482 5053 2803 9399 1727 6246 6810 4310 3209 7491 6891 4181 6948 4129 8857 770 5022 8092 2541 4975 4908 9480 1670 1535 5781 8472 9321 415 8499 6285 1893 3328 222 9305 3094 9375 3781 5491 1437 9487 6441 3396 2473 1362 6088 9346 1900 6453 9900 2264 2578 4031 6170 
1050 6378 8321 1362 9424 9214 9675 5920 3429 5297 6478 1180 5473 4071 1569 5243 505 7795 3716 4620 3094 5059 4413 4658 5159 4490 1070 5871 824 2215 2006 4049 8746 7098 4718 1832 741 885 859 268 302 8628 323 4630 9939 2889 1362 7421 6529 6418 6943 1891 2641 210 1563 9592 4824 3358 9134 3207 2433 3295 5209 9327 4249 2164 3608 8109 7407 2455 796 2810 5373 2572 3176 4872 5724 4982 8373 1909 7436 1812 377 6301 3009 3064 6285 8581 2577 3557 7774 9631 4335 9051 3800 5719 6105 9131 1803 1638 
6597 1915 7728 9555 878 147 4122 8301 8027 2207 3889 4697 4788 4376 6977 8514 7662 3888 6443 1140 6472 6865 7907 6529 6090 7365 7371 4113 7061 5361 6816 1046 9049 189 2726 5566 9962 239 7698 5605 1101 4984 8932 7732 4273 6439 7322 8988 1475 1638 4664 4667 3216 5897 101 8862 6768 1883 9757 1890 3136 5531 744 3458 3866 264 4931 8504 4694 3347 2492 5628 1006 2562 3789 234 747 8501 4184 1012 8650 4009 7605 3303 2542 3797 7073 3242 9264 1244 8828 5198 6111 3290 5288 6704 7905 7455 9162 7000 
194 7378 6179 5215 2162 1541 9855 5084 5512 1763 8727 5603 8018 1609 7705 6331 7079 7014 6490 4908 2234 7545 8764 9578 8652 4540 5537 1375 6476 6071 9715 2092 1002 714 8301 3839 1566 1466 8166 3852 8720 6833 1475 2323 1534 1522 207 5919 4927 8995 9692 8288 934 5938 4147 3856 3682 2973 6255 69 9692 3928 3193 5477 2630 2941 5685 5213 4208 3579 1494 2595 2560 3235 727 7693 132 2783 6974 4737 5693 7785 1149 8253 4690 392 9726 1582 5734 6086 2589 2280 5063 1243 8450 7116 825 9874 2315 1819 
9823 8281 1863 4613 2470 8947 8097 8315 3982 4583 5732 8673 5645 8216 6333 102 9376 2472 8182 5047 8222 9116 7039 2184 7749 6407 1355 1861 1355 7894 8540 2348 3653 6636 1023 3686 7119 790 689 1085 1525 2374 7071 7788 8132 4586 4416 8621 8839 3968 2211 8467 2948 7184 8322 9204 7458 4445 7353 622 1767 9482 7313 5291 3830 6150 8537 8418 7905 1167 6963 2464 8844 2028 1099 8962 2194 4972 7614 556 9185 7 3626 9513 6855 8883 7641 1068 8037 8631 4537 8082 3003 1559 3714 3935 4266 1977 4158 5696 
5881 4246 8343 9593 9523 4870 3427 5948 9488 4810 8918 4065 5348 2948 7585 5591 1685 8118 1720 4850 1465 1883 8485 3862 8603 2486 2420 337 4656 131 6448 5964 6995 1764 1763 8727 5603 5371 1658 3800 172 3807 8594 8121 9692 3021 7807 3704 2431 2948 2601 8069 9472 1207 5681 8506 8390 2549 3884 9752 3957 6401 5542 8506 3105 3914 6554 2389 1603 2626 9157 4745 6182 760 545 5392 6022 5961 8964 9539 6776 5081 8895 908 7822 7904 1803 8491 505 2819 2843 605 6920 3999 2913 4346 9355 9652 9788 8016 
2723 470 8116 198 9576 1651 5838 9694 4368 879 9556 1241 259 2010 4394 4670 5346 4075 6765 2561 6874 9737 9399 1170 9208 9097 4972 318 6552 5642 5796 8119 7541 1514 3029 8203 6800 5777 4743 4905 7188 6771 3569 2849 4182 8310 9249 6296 7803 6985 2001 1624 3550 7325 5086 7505 1146 7606 3189 6526 83 1153 9322 2947 1662 7028 5456 1489 9321 3276 9842 6841 7995 8369 9763 2303 8304 4873 8736 7840 4715 8378 2234 6892 149 1449 147 668 8777 9845 1908 8346 7229 7328 9084 2552 1478 6445 2247 7131 
117 8699 6014 9694 267 3005 9171 9284 6447 1645 716 8030 6496 7852 1277 2649 8595 2203 5515 6245 5688 8876 7481 6723 5553 1638 4664 567 7301 3991 101 3359 9498 4519 4488 1001 4702 6300 3856 3542 4174 1299 8657 4503 3094 4413 5159 4490 1070 2668 7640 5831 586 3251 9279 7267 8654 8930 8148 2474 3646 4645 3102 6669 1675 776 2316 8728 3375 9111 1395 9944 7765 3451 903 8216 1878 2025 2639 5522 2212 3230 4537 548 4086 3408 3065 9729 1381 12 542 9799 9108 543 2978 8444 4078 8431 8764 1007 
3300 4125 1538 6297 9337 5659 9767 2606 8147 721 6190 9217 7771 4396 8927 4079 6947 4626 9503 8097 4848 833 8366 8656 3948 5893 2636 6856 5194 5479 6379 1922 9984 6451 4207 6401 2069 5786 9387 8279 9082 4914 6317 7665 9065 1333 8748 4129 219 3526 4889 3291 5972 8050 9105 8989 2075 6613 5657 456 7224 6204 8759 6068 1794 2 181 1097 6738 3023 5481 7749 8797 69 3193 5477 2739 4639 7104 9626 1090 713 8590 4619 4627 6785 7522 8905 2739 6195 8935 1803 1172 6422 1050 522 2739 7034 2991 1459 
8600 2797 6537 7421 8078 4853 3434 6979 1591 1066 7948 9489 3598 5439 3794 5581 4177 7559 3348 7056 5004 8969 2131 8857 4471 6244 4585 4964 857 8554 6190 1655 227 232 7469 9762 8358 7338 7580 1495 8118 6944 6706 4064 8840 5347 2622 8241 567 7614 2735 7127 4071 448 8201 4512 3825 4616 1540 2945 8850 5969 4908 8764 8652 869 1375 3333 4867 621 3190 698 9637 8290 4905 2847 1466 8166 6296 7708 5103 6692 384 6833 1475 8706 4752 3368 8277 738 2870 4931 8005 3427 6817 4810 4146 5348 7585 5544 
5323 4200 3820 3688 1498 7561 5459 1782 3029 6915 6834 2898 2052 9627 7469 310 1354 2191 5302 7532 74 2811 3036 7019 661 2211 1150 3332 1497 8006 9029 2370 8025 7392 9802 2646 7225 5609 7680 7712 4801 8604 8138 9934 9799 9857 668 4732 7258 5880 6354 5347 5947 3649 5044 3241 8550 4668 1543 444 1978 2125 6120 9885 6217 9290 8069 6470 4214 4494 995 8486 337 4653 4218 2367 2401 1108 7538 8520 8084 36 5801 565 6931 4266 5198 6217 6403 8760 3413 8341 7393 307 4234 6000 4061 3521 2889 699 
4733 5353 3896 5663 250 5019 4530 6465 6247 426 2309 5461 3894 3775 4977 3359 7707 2171 5721 5227 9381 3831 4368 967 7163 1057 4476 5557 4503 2253 7706 3358 1369 8664 7697 5989 7640 1346 6315 4708 6401 6909 3577 284 5685 2500 147 1083 1264 5148 6995 7816 8055 2066 1441 987 2850 3415 1834 2251 6030 8174 9589 1773 1763 1764 6226 5568 5578 8905 5289 5832 4303 3394 9851 6518 3225 9979 1407 1449 941 4864 3132 1560 5255 6109 4291 1585 3924 2194 4011 1936 9495 8287 1176 2777 594 5155 4798 6669 