8783 6988 4656 377 1548 2881 465 3635 8435 4857 4392 4354 3822 4834 8854 2978 5646 9676 597 6443 2927 8950 2776 6584 7367 9728 6018 9765 1616 7713 4830 8335 4792 186 9173 3718 4763 881 2505 8199 8112 3493 8202 8094 3959 8525 5378 5185 4610 5014 8419 6452 559 3964 5483 730 3613 5370 6603 416 5452 1867 4175 7066 1002 3483 6716 3702 550 4461 92 9438 3067 1601 9121 4260 8791 7974 5508 9087 6438 6856 10 46 6189 9856 5162 2405 8305 6080 8813 9973 5595 9983 2132 5166 712 989 8546 1887 
6724 2682 1296 3720 9400 8056 8471 1159 7548 1002 7052 5983 6338 2773 1755 499 3946 6314 5662 7449 5395 8289 4474 7140 4637 1098 5637 3980 7967 2011 6814 3534 3668 9026 3132 5701 4862 3897 7432 5809 5217 2493 8814 1768 2328 4557 4367 1978 188 4335 9552 1648 8137 618 2947 5513 2569 3027 3654 3861 6661 4318 5761 9684 2715 9591 64 6834 8919 2821 7485 9739 2771 5632 6805 3830 5736 1885 1269 3880 3174 8357 1649 2963 9733 7382 8496 4265 5987 250 8239 9663 5504 5924 8224 4875 4191 6285 8606 8 
3257 5691 1205 1475 5899 5073 2457 3015 4468 212 3944 5963 880 7866 7812 888 7354 8925 634 4936 7070 9967 235 5554 376 4251 6742 2797 937 9660 8028 2989 7313 2827 9595 7593 9916 8382 3777 5843 6606 6980 2746 2989 778 936 8964 8532 7185 4929 3624 5095 330 7368 9615 5478 7829 3832 8619 2218 7897 3002 2703 1478 6684 6654 3739 2539 9363 2066 6384 5922 9628 3425 655 4796 6065 2929 4406 6957 7487 1499 3720 3184 6609 773 432 803 7654 7418 7018 6554 550 7217 6471 4191 6935 7933 6024 4056 
3952 6858 990 8088 716 9921 2514 8250 5352 2215 4143 5180 2488 3189 1580 7102 9862 6122 63 4542 8474 4714 9294 4432 2494 1611 2858 6590 5390 6486 9533 8336 4365 5337 1304 1188 764 5712 6945 4684 2990 6236 7869 4598 5686 9750 7299 2328 467 2991 9907 7314 3754 6330 667 3122 9541 725 6067 9848 8720 3079 4635 4576 9 1773 804 6822 2378 1010 420 2174 1706 8548 6886 478 6646 2488 8591 6795 8781 2650 7933 3830 8978 7382 8510 7421 3502 8474 6943 2766 2592 955 9368 8587 7565 5072 911 9001 
4684 6825 6988 337 4656 9468 1548 963 9361 785 8435 2981 7404 1082 5226 2209 6764 7244 2215 3517 9624 601 9023 4883 772 6024 5971 1126 1636 4753 3742 1842 1285 451 1882 2550 1784 5709 2434 814 6052 3628 1503 958 1014 142 117 9626 621 7292 4033 1080 4774 875 595 768 7188 682 6161 388 766 5192 9344 2078 9045 1988 1428 240 7370 1795 7653 8904 1619 6683 2004 2378 1457 9231 2477 9999 9087 8531 9475 855 3723 5171 4074 569 7625 5502 7161 8529 2872 7566 4667 1847 2639 3145 9505 5523 
227 4353 9367 6578 371 8454 5254 226 5329 9453 9511 3489 3535 482 5936 5927 8758 493 9072 1488 9225 1329 3755 4714 3508 3596 5972 5614 2807 1123 661 6660 8994 3423 501 3414 9094 8060 7100 2493 2077 730 174 6321 3660 7168 25 6728 563 5887 8039 3542 6548 1442 6555 269 1979 2815 5121 7425 7227 8574 5656 9304 2797 8330 5346 6458 4759 3626 4784 2830 542 3128 8718 4933 1618 6375 2025 7408 7778 3041 5740 593 8163 3165 4172 3089 5788 9828 8745 8586 8158 4091 2917 193 4054 7182 497 2416 
4441 3544 5614 9164 2449 3218 4590 3176 4572 8329 6380 9779 782 6441 4506 1085 3138 5056 1531 3857 9831 7981 3797 5286 7955 8569 8887 9192 7343 721 6632 3483 2869 2555 105 5447 9386 8194 9496 2553 3850 8949 9564 7960 2285 3839 8126 6347 3045 8194 984 4003 7909 7803 5876 9145 6050 6532 7820 564 31 8823 1758 808 7695 1469 6795 2633 9954 429 949 8988 5590 5946 9841 1652 9025 3688 9136 1621 795 4961 6313 4723 7875 5358 8795 8128 5897 6021 6223 7161 5073 8895 8772 7348 1022 7813 8701 7820 
359 6443 6306 9900 6410 9499 1620 4744 2803 8152 5393 92 9453 554 1612 3021 6300 3856 1299 7149 2253 3358 4413 5799 2469 3313 3072 3796 3329 8727 3201 7991 7263 6838 6901 9363 688 6207 6704 9553 9680 5517 6168 9938 3995 4099 5296 6202 8866 2818 2368 9650 9167 391 3245 4303 8865 8511 2435 7523 90 9349 7394 5761 788 6762 2135 9658 9034 5612 6225 2363 9576 5049 7023 1736 2643 3529 8192 3240 7517 6611 7415 9778 1 7358 888 7721 6755 4343 5193 587 5118 905 4737 351 6950 1713 4774 7710 
1016 5072 8214 5293 9094 3287 7789 8883 9244 5586 8732 347 2214 6780 5874 5514 5947 6139 6155 9705 6281 8316 1342 1396 4428 4122 5455 3468 4955 4394 460 5809 9464 9990 52 9881 6978 1157 7635 9047 9312 6286 6555 6670 8607 9803 7651 5379 6733 8304 17 7462 4211 8243 9525 1657 9670 7537 1887 1677 5934 4406 8628 1363 304 7416 3743 5106 5086 5893 6535 4108 4431 1847 463 5738 3890 8826 2306 9820 944 5396 5087 9182 855 9805 3072 492 496 8979 1981 3201 7991 4276 688 6207 4222 6460 6612 9941 
3995 5296 8651 9162 9907 4872 8866 5326 5724 5853 4982 3883 2368 5709 6249 2983 9874 4669 870 7817 9168 1460 2207 9302 9297 241 3675 5549 3718 9739 1568 3299 9071 417 2736 2928 7752 6916 9083 8825 6699 1719 9428 1355 635 2246 2894 180 9029 6671 4208 6995 5821 3541 3734 8972 8956 6211 4485 9824 1427 1080 875 595 7188 682 6161 766 9344 3999 1988 7370 9037 7653 6238 1133 8461 9641 8709 1395 2989 6856 7924 1087 2391 8889 3950 2122 8734 8489 788 5150 654 3222 850 3457 8604 9934 9799 9857 
2270 907 2287 9364 668 4732 119 976 6270 7258 833 2980 5880 8248 3060 6529 6068 3649 1209 8651 5323 3073 4655 6795 625 3951 8978 3502 4863 1020 2616 514 4019 2650 4290 9555 2186 8910 3035 1043 2927 7228 4285 9074 9217 803 0 732 1906 3640 5925 5211 7519 445 7184 2097 1222 5815 6151 9930 6843 4721 6709 5653 7852 2232 1549 4486 8790 9762 5657 4502 5945 5704 3995 8247 6670 7450 4762 6962 272 91 1462 9987 498 4232 3149 7829 9019 9425 7166 9511 8460 1480 5342 9754 1651 5157 2007 950 
9931 134 2669 5758 997 8969 8982 7308 6630 3392 3312 2009 5440 1916 2979 1171 351 2182 7230 8510 6438 5181 2394 6380 8191 5331 9951 993 5392 5859 5893 4248 3997 8049 3405 6337 2188 5504 2127 9295 9768 8044 8106 1410 6997 2055 4628 7459 8182 5406 5871 2836 7911 2225 8044 3742 586 7901 7661 2008 3784 1717 4084 4338 4022 2006 5209 326 2746 337 573 4732 8911 2804 374 7780 15 7956 4775 4844 8606 5624 4066 8822 8476 2436 8803 8627 671 9744 5427 4802 4904 9530 2731 2500 5072 9393 1328 2802 
7287 3390 1053 4709 7509 2125 7879 7019 8798 58 199 923 8678 3381 5728 7048 8279 1221 4315 7631 2019 9650 5224 9022 3655 9453 7819 4 6743 7950 3876 5057 2265 3404 9643 6211 9308 2829 5924 8778 8971 9276 5669 9307 6909 5459 960 6912 1208 9986 7530 1197 276 5428 8935 3805 2455 8391 2753 9386 7120 2717 8861 7985 4155 4556 28 679 8877 7735 8175 9576 9004 8230 5933 8108 3036 3873 8244 3501 454 4576 9340 5675 7072 6915 4035 7788 4348 7672 5716 2298 9368 9057 5208 2008 2533 3233 6978 716 
2373 8223 6854 1622 7819 3103 4265 1038 4469 9460 3754 1576 1001 4702 3608 475 1827 6523 3045 3906 1002 705 7421 7537 1960 2141 4238 8216 2766 6684 368 9675 7352 6770 1937 2718 1119 8194 6419 4627 2713 5075 1701 4445 4469 7634 1358 2388 7550 9860 4305 4769 5938 5760 9729 3085 5462 9589 9443 234 5978 5622 7591 5447 9328 2412 4374 4757 8080 5044 1687 3267 3527 4525 5513 9287 7599 4478 985 4032 5672 5093 2310 675 8159 6440 3946 9271 1295 227 2900 3468 9461 6736 5732 8364 5467 4776 9742 3560 
6548 8565 1924 6947 7724 7342 1039 8995 2733 2795 423 1183 2758 5032 8669 2393 73 888 6867 9959 7837 4771 4948 3418 7168 6912 8626 399 7266 7490 6282 2508 3024 3939 5161 2600 3735 1704 4358 2603 7473 186 821 4958 4588 7890 2185 7559 9096 5763 8775 5610 7790 1208 7575 369 5473 7415 7492 2964 108 2625 5377 7429 2971 2036 192 3597 1540 3559 4063 2714 7697 4513 9828 4917 814 5460 2653 7194 4439 9332 4988 4756 2127 2461 9119 3390 5330 9849 4155 6855 5668 8421 735 1061 2169 2804 7382 5802 
2027 6583 3250 6725 6263 7677 2475 6080 4849 5517 6773 3779 9530 2681 8781 8515 8856 58 4639 6040 5735 4490 9083 65 7637 4305 1460 289 4174 7233 3206 6768 2606 9286 490 9417 558 5604 1787 9731 3180 2437 7508 5529 9931 9718 2720 2042 8635 9034 7293 6879 1640 1455 2389 689 7953 2645 7705 8530 4059 7945 2866 4183 3892 6737 3671 5849 2985 1120 4158 6505 7136 8697 1439 8017 5700 9062 3793 3871 9902 9482 4153 9205 4263 4509 5193 9519 2877 863 5853 7220 673 2695 7015 5366 3351 7337 6018 3985 
5391 1736 6724 9463 4109 8515 4156 8057 6202 8872 5752 7679 9243 3338 3799 558 8431 888 9932 8965 4718 7692 1225 3046 3699 2074 6464 2962 1433 5974 3538 874 1828 8292 5590 3056 5196 7265 3899 3030 1075 7164 323 4238 5786 2338 6037 4609 6088 2105 5775 1211 902 8538 1514 9748 8791 4432 6228 2983 1393 1456 6727 5596 2818 6499 6405 741 3807 6090 8079 4096 646 4034 6853 7338 8849 1606 7311 7892 3687 1168 9305 6210 5337 6828 6921 3168 4017 7783 6566 2327 9400 1355 6232 9333 6931 6690 960 2495 
5172 8456 9490 1271 3087 5500 4881 2170 7227 7379 2991 3548 5313 7433 3916 723 3101 3471 5499 9918 1489 7779 285 3636 8973 8798 2076 6149 9621 5120 5200 6722 343 3979 5407 1599 1008 7067 9302 6130 8673 7506 3160 2937 7555 4859 5664 8319 2182 765 3792 706 7457 9157 2663 5131 5905 2386 8740 543 7482 1560 7018 5155 4267 2588 1656 4547 6489 6758 8717 9187 3237 6640 5742 7347 2443 6025 8668 1324 6393 4726 3286 9421 656 5152 2729 682 9805 888 316 4348 1811 4788 2205 9958 980 6133 1645 1220 
2108 6904 4158 8715 7948 9506 3073 3742 4991 3234 2679 5305 3103 9356 4423 7000 5267 7973 2361 3118 8126 6530 3535 8703 9541 8390 571 7743 9462 158 4605 9241 3653 2525 1198 2404 7961 1191 9218 7373 608 1593 4412 8725 5998 2535 9396 7471 7587 6346 9932 8973 7808 6450 8471 4058 5954 2068 8080 4479 8134 5784 799 6234 1229 4697 2076 6515 4755 3798 7213 7723 1284 6871 8576 7689 1403 8223 2166 2422 6497 8552 8857 5433 1539 8520 6304 339 9093 60 6134 1792 2005 8133 7556 2618 7463 6393 4726 1124 
3454 6293 8157 2643 6972 1729 8995 5871 9186 9322 1402 343 1420 5941 2071 9712 6094 4778 3818 402 9243 3583 2732 4164 2637 1663 4866 4508 6330 4445 1548 966 8371 6870 7197 7293 7922 7406 3147 1955 5091 6964 7349 5186 8927 9284 7185 2290 9070 1845 7834 4146 7993 7785 4735 4804 156 5671 4995 9531 8244 3236 3546 838 6663 8913 5514 9012 4007 4973 5771 7416 9684 5328 9566 1126 9045 4559 8875 505 4460 3999 775 4346 8923 5221 636 7890 485 5803 2723 470 4578 3594 8905 5507 3491 5603 6317 1182 
6487 2145 1001 1639 4147 5407 8014 4964 1618 9067 1634 3022 7408 1269 2048 1241 2205 657 2908 5586 8552 9952 957 686 6312 3231 321 3735 9924 1988 8134 3082 6195 9427 2880 1228 1111 964 3921 1382 3284 9866 6835 8022 1492 9595 9802 1417 2305 8744 5912 8826 9105 8907 6041 8983 9179 8006 4877 1626 1653 5822 9659 4485 394 7434 702 6734 9147 7938 3840 3490 4800 3952 9640 5642 6486 5202 7691 695 9989 5446 8868 3024 5095 5966 1087 2352 6945 5260 4368 849 9690 6841 6795 7485 306 7016 9184 8311 
106 7689 8644 8334 4877 8545 8531 934 4259 8807 4387 756 7110 9086 6532 8259 9016 9036 6742 2552 816 689 6038 4070 5565 2983 9704 9676 4669 6825 750 5856 9302 7917 5461 5374 429 6515 1313 7468 1959 6488 2455 6250 7532 4507 8754 9170 794 8815 565 8633 4695 3852 5134 7630 8997 7745 4653 2305 5223 1103 7851 6739 667 8275 2690 7509 8400 6166 9808 7707 6311 5342 9882 3247 2479 6478 9616 5922 572 3235 5259 5447 6975 3675 8496 153 9386 8722 384 2553 9749 5809 6137 9537 8040 9564 5688 1091 
6713 5204 6057 7368 1271 4644 8172 6263 4002 8212 5230 3353 1764 1435 1123 5084 4531 5087 7050 1449 6523 8664 4465 9401 5622 8254 732 9484 4683 6212 9196 4147 4201 6719 207 1121 6371 9272 6653 6995 7044 7538 1892 1179 6442 501 5109 8855 8886 7936 8422 5936 4496 9598 8797 7907 5242 1802 4263 7816 2314 3445 8906 408 3464 4390 985 7425 7084 7432 5696 447 8048 7436 4197 9079 5270 2591 4057 8865 2110 2558 6741 8510 5205 8555 9796 6165 4857 6600 1327 2499 5336 6634 5189 4902 3555 3026 3061 4829 
3877 336 6638 5634 9330 5685 1458 5842 2941 9067 2134 3758 2936 9659 3551 1319 7305 1555 492 7869 4140 5623 3160 4302 5583 9332 4922 8421 2305 5734 1884 6405 2777 4070 538 478 8516 7382 2104 525 670 7959 112 5155 6004 6810 8446 3036 4997 6496 670 7027 4477 3509 4514 9994 4162 6568 4456 6969 7600 6677 2117 1232 2019 5249 3501 9051 6351 7598 6366 3790 6934 1698 8672 3815 1014 284 9106 8625 8789 7385 5138 8172 13 1344 2762 4601 5425 2153 5232 7098 534 8512 4305 1935 4999 7980 7896 8035 
9812 2685 689 125 804 4583 7642 8763 2966 4200 1092 4263 965 1141 7442 5969 4702 3376 2592 7076 8185 8741 9134 7156 1685 5248 1297 5483 9361 4298 6873 9070 180 3628 2565 9643 6808 2486 2991 2193 2769 7833 5670 1837 5954 6046 5455 5591 2871 8545 8737 6759 9321 980 912 5825 9002 5465 355 784 4168 3018 3707 6608 780 9781 7783 536 5910 6523 3104 3813 3884 3906 120 2353 4866 4231 2041 4942 9907 3754 7465 6330 5231 6436 1238 7878 7487 1676 8872 4033 725 2768 2589 1441 458 6067 9461 5921 
3967 7072 9848 5277 7199 4576 525 3119 3956 6476 1713 3656 551 9501 2620 5362 2128 5435 3457 8094 8240 4123 1242 9573 6775 7367 6300 7090 4750 1307 8566 1363 7325 6825 6988 2591 1293 963 465 5964 1318 1680 2981 1764 4218 4354 8858 7313 2887 2591 1293 131 6448 963 9361 6371 785 5964 6995 1680 2981 4978 4218 4354 5226 3822 5371 2686 9503 1805 5153 1254 4520 7834 6570 7908 9770 9609 5315 4813 347 6997 139 6261 8691 5926 3962 6837 1352 6391 8569 3768 8961 9172 7104 4933 9759 511 4682 955 
3004 4690 3106 9260 7104 5597 4283 5193 3672 2278 499 5471 3640 8452 991 5378 7381 7201 7539 5185 8547 3351 2336 4446 1510 8519 3609 8776 4686 2700 7913 9830 1374 3178 845 2277 9856 9150 4192 353 4121 5400 7603 5936 9224 9096 3233 9693 6427 606 7600 3636 7391 576 6985 2355 8358 8480 4013 5207 6322 6609 1769 7340 7332 5900 6165 7537 9149 8946 3141 4925 4668 1580 3357 3374 1270 6565 4297 3878 7328 2626 6212 6444 7265 5992 3473 3983 3377 6328 4980 8281 790 9768 430 116 938 815 660 3884 
2640 2628 913 3914 1667 8765 1855 9110 8219 4540 2164 2748 191 7551 1724 5207 5851 9733 6112 3077 3499 6247 2079 9264 1863 8127 4240 9215 7596 7208 5639 3270 110 1620 7788 9360 5329 8388 6348 7218 3515 1732 7452 3662 5548 990 292 1727 1252 4972 3957 1314 2305 1135 5929 3803 256 653 7191 1073 7233 871 6162 3765 1964 1148 6198 2185 783 5982 4539 5403 2623 7331 240 5612 7798 7422 2185 3650 4052 3866 2142 4943 8615 1652 5075 6352 6359 2126 7992 9786 2884 5748 4988 4518 8203 4896 3610 1076 
472 7684 7774 295 474 4525 9735 983 510 6395 3823 7987 8331 4752 7592 3796 622 6726 6461 2214 8779 8830 4375 3612 1307 8018 7289 2415 8951 6493 369 1363 1367 6026 3952 6089 2144 4150 5252 4031 4758 6170 4091 1424 6378 2651 6707 4493 3109 625 5823 1376 1254 1531 7334 3893 9573 5998 7537 1960 2141 4238 3349 5417 6316 7565 3149 4684 6825 8783 3647 2591 1293 131 9361 6371 1318 1680 4978 4218 4354 8727 4567 2686 1020 172 3807 8594 8121 1690 3021 7807 3704 8817 2336 4059 2948 9141 7362 3586 
7269 8668 7409 2318 5905 5656 7380 4603 8817 7762 6843 6040 8414 4106 6274 7747 3632 3403 9881 9219 6985 5665 3259 7864 273 761 5001 3364 3176 1028 676 4642 2112 6701 1578 7784 779 8149 1806 9841 287 6035 565 8107 112 8561 4109 8533 1673 21 5571 8400 362 9405 431 9894 7805 7692 2373 6644 2444 5944 6195 7223 5177 8059 2805 942 7772 4501 5987 2968 231 3576 7580 8982 6927 8034 8957 7442 2553 4506 8729 1358 389 7483 7932 9035 7497 8614 2758 4009 2655 2151 5345 3573 9621 3522 4418 9384 
9763 6596 7777 9771 2910 9435 1740 5146 9719 6033 5417 9818 6618 3866 2858 7020 642 765 4701 4215 4687 8909 3533 2743 7416 4678 1370 7796 2334 2443 8173 4661 2961 7068 6432 7598 1935 4064 9615 6494 3220 7463 9108 5018 7991 5369 9642 5997 9251 4506 7158 6249 6421 3410 5459 2182 1018 3519 7092 5353 6558 6514 4116 870 119 7802 3025 8465 2181 7961 6316 1909 7708 403 8386 3468 1690 3199 1239 2699 5785 4459 1281 2393 6313 606 8895 2546 6932 6489 4523 9957 1561 8894 6041 1810 3667 9996 3974 797 
4146 9822 3647 3513 1772 5769 95 1047 4089 201 4250 2311 1775 9492 1300 8489 2578 5103 5009 695 8158 3987 9138 4616 1031 2768 7433 8270 344 9401 8609 2502 1236 8900 7353 2524 4737 4157 3804 7713 4399 4075 8815 3232 9773 3650 9721 1752 7741 2093 5733 9445 6838 9769 2208 6418 6323 7091 6026 1233 1253 2390 8590 7218 2113 6312 7409 7065 1095 8232 1912 5658 7464 8946 5328 4418 1642 8413 1905 5666 8440 9828 7419 8957 7146 6118 1354 1732 9999 4023 1210 7535 1382 3601 7281 1755 5253 731 4957 8873 
2537 272 1482 3035 3450 7051 3703 6294 8455 9379 817 4357 6137 4898 6805 113 4311 8844 9556 765 5317 5280 4762 5213 2027 1701 291 6898 7060 622 2538 931 4688 6564 5677 8081 2025 272 3944 6996 8019 7366 4930 5780 6569 5719 2932 7956 1618 7178 5394 7986 2912 297 9574 4264 466 667 3196 3839 266 5387 7912 6099 7957 8730 2484 7084 7062 9417 9179 170 47 6120 3875 1359 2204 3593 156 5228 1221 8029 5000 1927 1974 868 4008 9360 3690 7860 4225 7237 7456 6148 8199 3370 3219 6909 7670 3098 
1887 8702 3330 6920 6644 2317 3418 6460 8855 4183 1872 1839 1887 8002 8730 9009 977 3646 9345 4720 4756 8859 2462 8121 6265 1738 2959 6475 3791 939 3070 3931 3414 4829 4113 9734 2859 4134 5352 6291 768 4465 2359 2519 5834 4273 5929 3345 158 9752 8857 9064 8176 3010 5529 4128 8401 8416 2770 9519 9281 1384 1069 5158 3852 2633 4358 5776 6055 265 9977 8493 2945 3073 884 4323 2381 8338 1100 2105 7766 8219 5343 6169 140 1006 6695 7687 336 5604 825 87 6256 3464 9555 2335 7590 543 7360 9350 