6943 955 2486 8587 9415 6561 3149 5072 911 9001 2420 3647 4656 377 963 3635 1680 7404 4354 5371 2686 1805 7927 5525 3021 4421 1289 4059 2948 9141 2601 8069 4418 8551 8400 9808 971 7348 9760 4803 2975 6597 2928 6684 8523 3180 8882 9557 6615 5455 2326 9243 9031 8007 7466 2178 3029 6773 1516 4169 6653 5419 5489 128 6324 1322 1782 8557 4962 963 8332 1569 4894 7775 6598 7613 66 9313 150 875 4126 2325 4194 6133 4945 540 8238 6149 8880 5588 2566 6008 6313 8775 6246 1811 2573 7149 2367 9829 
5197 792 207 5919 9692 1393 9713 4694 3522 3348 7254 9289 4276 9024 2801 8296 3588 5090 731 5871 2608 8673 2529 3789 1458 7094 8536 9267 1427 8817 9513 7269 1137 4518 8307 4078 4224 8311 993 561 298 4154 5733 578 6628 5930 2996 2234 5091 3899 303 1225 670 1576 9447 190 5188 9539 4063 9170 5228 8113 1853 3042 6700 1500 4223 1978 8277 1479 6956 7613 9562 9342 5712 9657 7860 8484 6164 9191 8265 6692 2180 9980 875 3777 344 3487 4805 6545 2962 9582 7136 7187 4276 6222 2023 9024 3612 308 
8296 4098 3588 7482 6293 8157 2643 6972 1729 5871 2608 2529 3789 1390 7305 1458 7094 9910 8067 363 422 5790 97 4518 9366 5667 5395 1120 8267 3701 6630 3835 641 7362 2982 967 4341 796 9345 948 6983 8485 8666 4871 6431 3804 6657 3807 4129 4862 3118 1944 3608 5531 6108 2607 6023 2539 6136 7726 2063 1313 8751 8411 9512 3192 251 4655 9687 8315 505 6022 3206 7946 6398 5590 9838 89 7655 7817 4915 4488 6863 3386 2335 8232 6919 3016 7729 8065 2841 6858 3097 4822 4289 7242 2900 4304 6226 1222 
5741 2599 3738 5971 8343 8213 8472 415 8499 6929 2745 7029 5560 303 2237 7839 5067 6280 3149 4799 4975 6035 1749 895 8123 3617 7743 244 3653 6285 9531 6192 6661 1603 2170 5787 5055 1455 5060 8195 4581 9680 3398 4067 2747 2074 1631 3707 4103 6111 5418 7217 50 1236 6163 326 8539 2746 4913 8140 3089 6916 5928 1272 7794 4630 3408 6009 2934 8288 3901 4070 5194 9658 9897 3436 8711 7976 9918 3173 7015 4394 9631 7700 5308 6801 9770 6561 2970 4720 8670 2881 4345 3850 6862 2717 9196 5338 970 736 
5642 357 1404 7205 1640 6330 4016 4475 7473 9058 9648 4022 6865 8179 9916 2236 4660 2605 5326 1724 8584 2983 6228 4470 3098 283 1680 8660 2551 2744 3126 9056 9107 8163 3209 8193 6990 9273 4522 3753 2805 6547 2983 5252 1603 3736 4604 4558 6982 4171 1330 7854 8850 1279 9923 9893 1018 6446 5042 3295 8125 6943 5295 1606 579 4885 4368 9772 3654 2665 3765 2858 7988 8238 3794 7086 7221 7446 2008 1610 8641 7198 9251 922 6444 1872 6250 9782 9204 6329 2930 7891 4590 8660 7582 507 234 7678 3994 455 
7598 7020 4221 2978 9748 1630 8782 290 582 7872 2652 7441 9238 554 9598 6734 7137 3730 4655 5808 8382 6675 4037 2613 6192 7111 2422 2198 4790 6798 8185 5413 3675 5497 2194 1923 4083 4493 5728 6659 6767 8759 7305 3324 2423 668 5853 8054 9178 867 5797 1904 3885 4987 9380 4984 3760 3081 6796 8104 9148 2007 4994 5692 3831 8407 8042 8754 4389 1148 8782 5079 9382 3333 5635 4211 1409 1917 238 7134 7835 8566 4826 9003 4599 6874 5150 9058 2337 6257 4788 510 6764 5006 7244 5815 9930 7304 1822 116 
7852 6065 6799 7968 3270 9183 7173 1176 4847 4780 2241 9400 1746 921 1812 6461 9015 9501 6183 3856 9749 4388 3086 2597 7050 1299 2010 5395 9053 9903 2637 7140 434 9108 6859 1929 4294 7685 9122 1966 741 4007 4288 9667 5475 2119 250 7425 7984 691 2619 2049 9557 2703 2669 9806 5744 2788 8863 8201 8937 1944 1482 2786 7182 6216 1356 4339 5807 410 9165 145 6566 8454 9228 8624 6456 9540 2120 3764 9721 3032 8137 1675 6968 8557 3433 7552 1104 3831 7655 6127 9003 8387 6597 5241 5174 8499 2941 8769 
2337 5671 9093 4637 807 1365 772 8985 4019 4856 2988 4876 7104 9759 511 9091 715 6810 572 1781 9472 4996 5108 945 1944 5848 8843 6461 3583 2214 3266 7545 8519 3739 9363 4577 6384 4026 5922 7649 2136 8796 9848 4576 9 525 4963 3119 6457 3637 4128 2728 779 1304 5975 2620 8158 1981 7317 2069 232 784 4593 1912 8961 943 8770 6183 7851 8141 1376 3099 8380 4252 7523 8253 5114 1495 5820 6460 4624 1044 777 2358 6706 3627 2227 1736 5398 8771 6157 9624 1632 6251 6235 7680 5477 2278 9537 1129 
241 2994 3675 5549 4650 1485 9071 3336 6225 7832 4096 4631 7375 9344 8307 2357 3660 2108 9796 3537 4915 636 3386 1952 7929 8232 6919 2938 7868 5204 2553 9916 9416 7260 3097 8571 9361 4721 8588 8840 5448 6600 8678 9147 9927 4992 9908 2787 2233 7062 5939 5965 8915 2737 2286 149 3313 9891 957 6314 5730 4536 6093 6598 5277 1047 6678 8244 7163 2276 7024 2947 396 5024 6575 9062 7622 1946 2954 5798 8897 2253 2626 3429 8616 4539 3065 388 5516 4627 8663 7515 8526 3549 2397 8211 3771 1723 5152 5664 
4542 1425 8940 435 992 7141 8378 2601 4079 4812 4143 7219 1965 3844 6352 2276 3699 3819 6406 119 4910 1874 4238 137 9289 5512 3524 5626 8382 7820 1244 647 1238 5450 7853 7675 4785 9786 6785 8023 9269 8243 3827 9988 7800 7334 5074 6507 1546 850 7195 7420 422 713 2748 8370 2965 8163 1486 8605 1383 1870 2077 3750 7158 2439 1540 8667 9829 769 526 3063 773 3662 1798 8469 6608 2737 1423 8683 5672 8014 6966 9670 4617 8195 7583 547 4157 543 5601 8292 3474 995 9788 6834 4087 1328 7855 6773 
450 1654 6799 778 1425 701 1529 2069 639 741 1931 1832 6412 2206 4717 6759 7064 6877 8532 9493 1267 6781 6069 3549 3839 12 6643 4579 5309 9967 1089 4217 9910 3157 8752 6934 8309 3672 2937 7121 7992 8230 106 9722 1538 3305 4686 2933 986 1979 3723 8120 3178 6211 9072 3815 4947 1453 5906 2315 2527 5966 1139 9018 451 2035 7531 9280 5900 6167 4834 711 2657 7074 3186 5691 9643 9661 1122 1077 7950 8706 7671 7407 9592 2301 5081 9938 3269 3825 9282 4370 3714 9193 7229 6769 7989 1259 7341 7333 
5986 7212 6834 6116 5020 4191 5318 2407 7829 1514 753 8071 7501 3494 5432 1065 1706 2415 6294 8749 8080 6818 5585 4334 5625 8869 4475 9577 1791 5645 8808 7275 8361 4189 6941 5201 2246 6070 9319 5323 3138 4655 6070 5740 7568 4722 676 1361 7888 3690 4595 6270 9276 9790 8932 5785 8163 3903 8108 6496 8068 4452 899 784 8173 7539 626 4454 2289 4467 9495 6297 757 9136 7255 1529 8485 2271 9356 9168 8615 6125 4714 6470 7200 8807 8483 8129 5970 1526 5397 9979 191 6458 1010 3903 9300 6307 3055 2638 
4716 141 9913 8135 8777 9133 9841 5950 2679 9172 6846 8523 2713 9126 4922 8948 7800 1777 5261 4702 4312 2037 8720 1103 5313 6427 6959 5209 7186 9167 5014 275 7312 1397 2752 7824 4170 7753 8668 2922 120 8346 5643 792 4729 1822 6362 8924 9388 9904 117 9802 7170 5614 118 6840 4580 2585 2331 7585 5114 2186 8414 7483 8650 6003 2162 7841 9791 8998 3493 4203 4889 3313 1289 9240 5696 5513 7444 1592 1775 4859 9398 9326 533 8705 3458 7196 9946 9889 7628 3468 7135 6989 7133 3494 4320 1602 778 2744 
7449 7446 9009 6506 1775 8374 9619 6532 5244 764 242 2108 7482 6300 5102 8483 477 4899 4794 5292 7645 353 4948 6735 8969 918 9134 3263 4593 8641 5143 2208 5759 7387 5152 5430 6850 4645 6776 4513 4128 5394 9387 2536 9509 9896 168 9837 7847 3659 8205 485 2629 5331 7486 2704 795 9109 1083 4498 8533 8539 9417 6287 6892 2088 7751 4409 3579 8765 726 3260 4930 5120 2012 7510 4808 4098 8756 4709 1978 6516 2673 3606 3508 5361 3044 6102 1808 7951 2780 5033 8445 3386 628 4205 5878 3047 8349 1497 
629 8551 1736 5942 8172 5350 5266 2885 6247 5397 7578 5169 1468 6415 5354 8815 6293 6572 5765 7769 5682 1159 5053 1985 7046 5382 459 7111 114 4221 5419 5489 128 722 440 4945 7543 7037 8159 5605 4818 9534 1372 1485 4594 8937 2869 2653 6716 9080 3910 722 5344 8040 5245 3953 1027 3671 4825 7150 9474 3976 5303 283 4372 2970 3734 5223 5605 574 6693 9496 8818 5268 8286 7763 2987 9405 2422 7749 8484 2893 855 2963 3166 2460 9558 8977 7159 9177 24 5161 2089 4838 3651 4637 7559 5472 1728 4047 
3029 4820 9806 8197 3543 2662 7674 9626 1529 6646 8299 4020 142 834 5777 8658 7869 457 6981 1293 6476 4715 9696 8854 5433 1321 8853 5835 1230 2181 3781 8496 5239 5361 9884 8738 523 3817 9022 693 1315 6061 5096 9944 8141 7812 6617 9467 7534 3675 9730 8194 2653 9496 2553 1460 8844 8949 749 9464 9564 7811 2285 5799 345 575 5309 1119 7212 4826 9005 8470 1419 2427 7871 8194 4345 583 698 564 3555 7877 2840 2449 1791 567 4203 6051 6534 8255 8720 330 1293 6146 3231 2647 2246 3746 4089 7230 
5591 4789 7297 6124 6176 8245 3907 6118 5275 160 1094 9068 1911 5062 8846 1015 2271 2530 8381 3679 8761 6593 6601 8457 2989 9314 6681 7936 467 8848 1198 9898 6249 1165 5636 2958 1306 3860 110 7558 7879 2549 287 3957 3257 5863 1207 2054 5685 737 5120 6714 1810 9009 2105 1666 5403 886 1356 7695 9859 8042 1093 4469 7126 1240 5876 7858 9272 9051 4580 3839 512 8561 7780 2445 2248 9244 1604 3669 755 9895 9244 9932 3717 3685 4831 9590 817 5514 4145 1858 785 5016 645 3771 4260 5188 2722 5506 
29 8079 1854 166 3638 460 5862 1724 8601 5394 6041 2999 2412 4482 579 9822 9552 4384 4511 2723 2234 801 813 3754 1561 2119 680 8762 2820 7663 1532 3261 5251 9194 229 866 8101 7957 693 8447 3664 1098 139 8913 2087 6764 5714 6963 7503 7519 74 7616 7476 1085 9149 5918 1341 5517 477 9814 7890 1851 9387 6021 1924 7363 1407 485 3467 9456 5742 6037 9444 35 9954 1336 9229 3994 5850 3036 4707 1150 3332 8006 9029 8166 7799 7805 5214 4986 2798 6394 2200 6645 7605 4714 2376 5357 4728 2790 
671 1346 2468 8479 6006 4601 13 9720 1200 3393 3997 2389 705 4956 4707 4146 4726 1641 6560 3541 4182 4904 7803 6985 1159 2001 543 2072 5193 4656 6590 5957 4570 3177 1423 4958 4340 1899 7184 7550 9254 5762 516 3315 9796 4565 1671 5258 2605 4601 6856 5888 9509 5645 7484 6398 8680 1120 4339 4342 4683 8771 2921 6613 3803 9939 6769 4144 6529 6418 3356 7261 3556 2660 617 4755 8650 3786 4207 8856 6805 8898 9887 6349 7133 4260 5086 2221 4634 1758 3690 9308 4181 1314 677 9179 6734 1386 2703 4589 
7480 1076 3667 6339 3980 2482 7243 3723 862 3930 3638 7977 3015 4468 6968 7299 9756 5963 3232 4704 1210 1555 176 6599 1680 3484 4536 2248 6777 6650 6375 1272 3048 4198 9205 9640 6278 8039 2323 5124 9439 7764 4369 7392 5340 3406 3170 8285 7724 2907 6957 8071 3904 784 1002 9563 1113 18 4797 6562 4352 8719 6853 7047 2175 2519 5856 2741 1254 6015 556 5979 3745 2808 270 7183 1504 8594 8121 2336 1289 5340 320 8477 1207 463 1470 287 9752 3957 6401 3577 679 7844 2500 6684 1277 4085 1999 8064 
840 7309 3280 4049 9424 3211 1945 4026 6019 9675 6317 9205 2643 7508 7546 367 7382 9728 7143 6706 5920 1940 9282 6478 5243 7594 505 4963 7795 9055 3526 3346 7585 5250 7704 5425 9273 8982 8862 8270 5487 4269 50 5950 4155 3492 3826 1188 5348 5841 6893 953 5442 178 7767 6632 2558 42 6204 8065 6650 3541 8806 3959 6834 4764 3097 9739 5632 5010 7125 9921 9724 5764 4856 5453 3403 5767 5903 9406 9303 6957 7114 7552 3628 5092 1301 5971 9498 3862 649 8906 7342 200 437 4936 4652 4648 5536 8220 
4772 3016 4086 6319 2356 9145 6017 5841 3976 6306 639 7935 422 8072 433 8790 9474 3976 7036 1595 6667 7029 5751 3559 5908 2896 1615 3619 7178 1693 2629 2426 4358 2921 1348 1203 2104 1352 5117 9045 7894 9248 4852 4906 829 1365 488 8108 7312 1116 3480 6889 2930 1371 9573 7447 2671 6283 1313 2413 4087 9438 9623 8104 6480 4384 8293 3700 2719 6533 9214 2059 6518 8787 4110 3898 4194 2099 5983 6303 1616 189 3584 1516 9903 7697 1420 5392 4988 9291 5668 9837 7453 4406 6721 2375 6911 1753 798 4994 
2448 7948 1295 2978 5013 9008 3557 21 2644 6299 3815 2750 8378 4808 7606 684 7532 4984 2860 4883 1065 2204 9806 9223 1061 4239 8055 857 7756 6088 7973 162 1224 6703 3989 4846 9681 4704 792 7588 9357 5526 2210 405 161 3853 4113 4471 4734 1233 4246 4010 7239 9790 8887 863 7376 9124 7277 2446 8801 9262 34 970 9479 2052 22 939 5351 9671 4613 112 8967 8660 6046 8624 372 4956 6676 4448 1200 6345 5846 231 1289 5340 9141 320 9313 8069 463 2346 7558 3828 3884 287 4708 3811 6909 3577 
2054 679 5685 1449 4493 4802 3109 625 5823 8781 1376 1254 3951 8851 3830 7382 8510 3502 8115 183 358 3542 3349 2536 6583 4837 2327 3131 3781 7554 5596 1087 4662 5414 4524 2282 3048 6206 8745 8623 8616 2949 9054 9407 3216 8807 1133 9889 756 3533 319 5707 5224 3821 162 1849 6532 7271 9016 431 2811 9419 4643 3452 2437 8787 3233 1671 5445 3492 6792 6368 6630 5979 7467 2762 6452 1805 8336 9658 3024 1087 6040 6673 1574 2372 1077 2328 467 4942 5593 5217 8978 9447 7302 2961 6554 6732 8776 8079 
7955 7137 6746 7972 3467 6567 3901 4710 9337 682 8668 9400 6232 9505 8426 6690 999 5825 6528 1109 4467 6244 8382 3302 7598 970 6775 7818 5830 1011 4115 4678 6284 7297 2601 7887 2665 8643 6111 4146 4974 2315 8083 2035 7217 7531 4309 6767 5235 1354 6080 6334 5912 3536 8114 7810 6623 5135 385 2678 4383 4414 2855 5512 6847 6848 2147 102 1311 3297 9297 1762 4112 9342 5684 3240 4081 6114 1127 4944 1791 3454 6051 9630 4600 1186 8595 6867 4968 1545 5248 9924 915 9762 1988 8134 3082 9427 3214 9253 
8512 9863 8637 9168 5172 3305 4352 6987 710 8475 6598 8857 7675 881 5207 7703 124 5897 188 504 2681 368 9715 9119 7186 4461 4830 1564 3380 5017 8106 8314 4726 6012 1912 7117 4963 966 6065 4112 4719 373 8790 350 9686 5850 2704 1434 6643 2378 6432 538 7021 2123 9412 8679 4633 1480 8835 8052 1039 8775 8413 6246 1811 9754 9567 6372 2190 5996 8049 8281 4299 4467 1651 2601 7796 3728 1530 3851 9847 2624 3696 8741 1334 9226 9461 5157 5230 8747 5039 9481 6372 4574 2088 9302 109 8868 5937 9910 
6403 4489 8049 9431 8706 6535 5307 5229 6424 2686 9089 5372 3421 1870 7427 6738 2963 7425 5338 5814 6972 9972 1505 6070 1580 4652 6123 5611 6133 2551 6097 4640 3955 6631 4768 9465 4763 5291 3510 7818 2591 726 6338 8438 8397 513 820 9124 7752 7217 8552 3091 7261 9988 2613 6873 1130 7371 1938 6418 2573 2367 6772 5197 792 4927 8995 934 3974 7749 3682 1349 69 6964 4208 6656 3007 7158 1926 8865 5700 1615 7503 8895 2453 517 2129 5506 2527 1580 784 1348 4241 159 5888 805 6863 2939 1917 6211 
4144 3523 1166 786 295 6497 8955 7354 9975 2734 394 6980 4322 9651 5341 9323 3416 8636 5236 7844 7611 8967 8842 7693 8092 5480 6748 1401 7376 9868 1463 9210 3786 7819 1322 5064 6051 3870 8316 6146 1124 3224 8178 4499 6284 2677 6029 9312 8631 3982 873 9937 9427 7079 46 3521 9493 7017 7621 6933 5168 1588 7776 6136 9237 1951 8655 6495 2602 3525 5724 3345 3354 4259 9999 3555 4627 4874 939 1369 3541 840 5799 3869 2628 3971 8174 4039 8012 3442 4425 6776 221 2631 2210 7170 2322 7031 6582 3906 
5260 9880 8414 7608 1686 1202 9073 3411 2618 4196 1330 3769 1355 6420 9095 7244 9658 5708 3296 9413 1533 7618 5749 7627 3296 2009 8717 9426 1577 8747 1879 6105 7732 2991 4020 1245 5690 6669 9696 7280 6217 1224 1467 1306 8160 2883 2754 2693 7548 3583 5605 3607 9270 9522 9158 2902 4370 6388 1932 9331 7226 9249 2207 4649 1421 913 5191 3654 6941 3524 7045 4588 7589 9558 2234 4220 3149 6673 2542 6864 1125 1771 4634 8959 7342 8474 409 8653 9545 9203 7617 5651 3413 3068 6889 595 2967 6330 5298 5423 
2768 8125 711 4419 1394 3171 6141 9278 5258 201 8544 440 2436 74 772 3266 5669 3830 3367 6241 5593 5718 4589 3661 9952 1617 5448 4741 9356 2815 66 6979 2509 6622 8494 644 1265 1810 3041 1584 9260 5806 6162 5153 4765 2587 2682 5213 8772 5961 7487 6187 1227 4942 9303 863 896 5809 2508 4441 7736 8123 2342 8581 118 1107 5812 3643 8964 123 8017 3749 130 6698 4825 8710 488 9638 4839 4615 4001 8434 1596 9248 2309 9620 7185 3657 2291 1342 1810 2366 1251 4519 2910 4553 3082 6693 2717 6240 
1408 364 9304 2008 9280 2309 2835 6351 545 2798 1968 2401 5950 7296 5442 2394 7353 3933 9596 1659 2058 509 4815 3371 1711 6454 254 4628 6386 9986 5579 6756 6917 4940 1153 6863 1359 8544 5666 3639 2660 2593 2217 4903 4496 6097 7932 7543 2733 7565 7974 2141 8345 4832 5975 2316 1766 4729 8504 9380 6208 6654 5264 6795 7012 1312 7434 5752 5425 9326 1970 8178 4918 6601 8048 9371 5407 7086 7460 2308 4518 2199 7446 8695 3095 776 148 1390 5746 5218 1665 6372 1866 4415 1109 6454 8597 6035 2506 7673 
7754 4527 3737 4426 1323 3632 713 4663 6132 8110 9160 3727 9031 4062 4743 9788 213 1035 3312 4377 9396 5504 247 1828 2174 3627 5970 91 4029 5939 4541 2603 3005 9340 1542 6229 4152 6361 8807 1935 8867 3373 3336 2246 5617 8780 1658 2210 1437 9244 7744 6095 9131 3482 8395 3486 7108 5269 9913 8945 1495 3859 9426 7493 1135 1310 3841 5357 1542 2575 5073 7650 2337 2167 776 49 5047 6412 2691 1428 9386 3209 3838 4104 7641 5901 1968 4732 641 6380 1988 6969 4536 2342 6676 4502 9476 141 2080 5365 
2359 8739 840 2423 3743 2829 4323 8010 545 440 4386 3866 2818 6350 6440 9234 6345 9595 2546 2990 4321 90 8390 3976 207 5433 7979 2852 2575 83 192 1038 8778 2061 9318 8553 4764 8231 8145 1050 3873 206 7851 986 2178 7512 9621 6633 9341 2476 5201 6047 9981 1832 2105 4817 7156 4450 7826 6951 1924 3380 6380 9032 7668 5325 5632 3406 2346 8079 4500 3651 3561 2283 5688 5193 9386 6773 1482 1366 7546 2249 1503 6797 9790 5656 3493 8846 6428 7341 3887 8540 6320 5688 4657 7615 2542 2919 5269 497 
2353 6112 8307 1582 29 5360 8000 4635 2928 1197 3410 6964 964 9317 8861 9667 3881 24 1815 53 1510 9511 7830 2340 9890 9433 5422 7701 2683 7476 5881 8496 203 9653 1604 9103 74 6821 4486 4195 274 9225 2530 8784 2239 3044 113 6007 2434 7015 1210 4034 3381 8839 5246 89 3887 9826 5178 3805 4410 6117 7351 9362 9751 2548 173 8080 2686 1827 5552 2681 7122 341 9536 8619 544 355 936 2296 5576 2236 5081 681 4785 2514 8914 4196 8144 4013 1153 8611 9192 2610 744 8498 7768 9553 6599 616 