3436 6546 7100 7452 9884 6169 2861 316 787 1857 1162 8896 2499 5318 770 993 6880 6720 5861 6590 5263 9098 5272 1730 3347 504 2071 6516 9534 2010 1510 9282 9178 3586 1167 6834 4892 6310 5549 3965 4148 4756 5296 1 8262 5425 17 8539 6040 3649 8404 5624 9076 4875 8461 5132 2091 9800 9946 6863 3970 6371 6859 6459 6331 3305 9034 6877 1600 4430 8795 1310 6210 7937 3383 310 4542 87 70 7344 872 2856 9575 3029 3214 4377 3611 6123 3512 845 7744 2748 3845 2659 9289 2556 210 8658 6809 4807 
4092 3771 340 9440 3520 7254 5119 5259 993 3148 9229 4307 6620 3429 1503 634 792 6654 8781 605 8549 3219 2660 3819 5495 4146 2588 6997 9816 7587 9680 6244 8619 5631 1358 5587 8519 1108 9964 5523 9462 1685 9891 2161 6198 972 3978 1039 2208 1446 6396 6803 9161 824 5792 3225 5737 8653 6527 3718 883 4038 4184 2002 9330 4649 7820 3651 3664 3219 2544 8683 4300 644 8745 2342 4120 3063 9107 5186 3773 1196 6303 7950 5123 1830 6505 1408 274 1480 1584 1940 2415 5728 9920 1364 5924 1651 6018 5315 
4391 2546 210 8037 5380 237 7882 1233 2367 7377 2040 8463 7659 6548 5248 979 7859 106 7376 5518 3169 1868 3982 8714 6623 6417 8946 6446 3293 1104 5643 8163 1235 3012 9753 2359 778 2940 6123 9986 2317 6169 8132 4255 9114 9315 6252 6439 1064 954 5511 1616 6325 4088 2279 2395 6004 9068 2824 1830 1597 8035 3103 9429 8140 5977 6868 4497 2154 4279 4558 5927 9887 7928 5961 9680 9306 6264 7683 762 2219 9090 7231 5031 2131 3549 8311 4556 3862 6796 4280 5803 7129 5558 5385 6974 804 8011 5225 9892 
7823 6095 3427 584 3278 5210 948 6978 3239 7985 8684 763 7466 586 3483 8678 8359 6355 8678 8359 3705 2049 7258 3644 1909 1870 775 7985 8684 7570 176 4772 4484 546 4152 965 5287 1258 328 9938 2246 4626 1381 1928 4426 1090 1555 7651 3019 2938 3347 8104 5866 9841 9756 4467 93 2662 260 3737 3076 5119 3399 4192 9641 2337 1843 4240 5356 1134 98 363 7274 4311 7375 3564 2201 6389 3824 2238 126 6901 639 5245 9982 8630 4996 6715 1681 6356 8175 9877 597 9883 7363 695 4939 4078 8898 2213 
9561 673 4361 3125 2874 750 3302 876 6555 2474 734 378 7449 9660 8411 158 7835 755 7718 2003 1450 9009 6081 7574 3067 7428 5739 7474 8178 5393 5407 1948 1043 4233 4837 8055 5578 9978 5736 1902 4619 2843 6622 646 4982 9056 3698 2557 6312 7156 5904 2051 4630 4082 9921 2096 6426 4852 3112 452 9449 5956 7759 1480 300 3603 2964 3825 9507 5015 9942 5163 1081 2135 8397 544 9396 287 7526 3241 5286 9894 6240 2858 4226 2041 9389 4372 529 2769 9091 9897 6612 8487 1646 7831 8225 7534 1762 6698 
4398 8290 8653 638 7136 2738 427 4799 469 3921 7103 6718 533 5590 8365 4727 2941 6880 2261 9899 430 372 2411 8720 5377 3050 6221 2513 2140 4299 2941 3271 8013 8387 5307 4899 330 23 5057 9317 2848 3670 5568 7343 3581 5313 7715 5992 4033 9042 1958 7534 906 1251 806 9025 9709 3511 4920 3424 8590 533 8306 466 9971 6353 4005 1853 9388 5359 6895 3115 6486 4075 8033 8486 1003 3452 779 4248 337 5438 5409 3615 9414 5037 5468 2730 9145 599 7754 1559 9094 1059 4674 3616 3897 5102 8001 6105 
2188 6885 1554 8877 4440 4084 3680 9648 9851 5117 2581 7863 2677 9532 8719 432 278 5878 790 1305 9494 4688 6407 3847 3424 2512 1154 5612 5749 9060 841 523 8509 3533 6523 7992 2817 1521 7759 7763 2020 3734 9853 8636 6695 2518 8282 1913 2060 3242 3301 4379 6326 3890 7361 6526 6701 6368 9824 9073 8383 1345 5047 5460 3037 2987 3832 6771 9192 9818 8062 7103 1731 8237 4973 8816 5705 2850 2706 9418 9376 9558 6653 5943 2078 661 3640 5708 5452 4651 5047 9284 4457 2302 1560 5675 539 7075 7001 7063 
5891 2706 9913 4950 2124 9289 860 8243 2294 6787 2766 1957 1348 1919 419 8131 2628 8341 5296 1212 9996 5553 3647 2216 2995 9416 6903 9532 2585 7918 8369 4107 540 4527 4696 7223 3394 6213 5962 8014 6332 6105 9062 8677 2430 8976 5178 2219 2466 6029 3315 9122 7722 5336 341 9955 1712 9885 564 6655 5841 8360 6536 5796 6374 9221 1901 4331 7283 5547 9660 2461 4118 8478 7434 7012 9774 5653 7365 6353 6166 4281 7495 6475 7720 383 2271 9604 9517 9402 868 9872 9346 3172 3658 2711 9841 9784 3797 5494 
7543 9211 2605 3710 9845 1965 7557 6320 4943 7545 2365 325 6682 6804 7364 5890 4045 4299 9392 6823 9330 6099 7331 680 7322 311 9718 5672 8395 6893 69 9420 2337 1679 323 8369 4713 7128 9709 6018 6123 6670 1343 9298 673 2392 9072 7594 8016 1874 3936 7734 3898 8683 3968 3316 3195 6134 9992 1564 7199 7625 9277 9490 9576 1752 6160 919 1222 1592 9152 9966 5650 4576 7560 3666 7849 6701 8732 669 988 2049 217 7122 1781 4322 1865 9407 9951 1355 8983 1703 7516 6255 9105 5090 4199 4610 5056 9849 
8969 1989 6818 1269 8691 9702 1 5712 690 8402 5929 4165 6795 4839 3470 4790 6368 8805 2845 3884 5060 8302 9260 2912 6734 9109 2099 8977 4088 8873 246 248 1196 5618 8650 7125 5446 1188 974 458 1010 5764 6826 6168 4961 7062 1228 3264 6840 6176 9123 2302 4627 1178 1279 5068 6404 7878 551 1332 8126 1747 3302 3128 8873 9438 4926 6413 5385 7424 2529 2211 3592 5626 1172 7106 8014 4365 9635 3489 3019 4262 1020 5682 7424 8528 6234 5108 3006 7981 8410 6135 3206 4200 7413 9620 4613 2798 3396 3494 
1362 3340 3340 795 5229 1196 1044 5251 2344 9313 7452 7294 2214 5625 501 6415 9390 6473 9869 9903 914 3243 425 1709 949 2007 8491 2615 5574 8279 3995 2771 2972 2807 9900 3495 2287 857 6645 2943 2549 5606 1168 7105 5374 8742 2817 7855 6199 379 6253 8483 8327 8882 2936 7451 3977 7701 1897 5358 46 1267 5628 6623 11 5835 9366 9457 1555 3133 697 8170 1556 1901 9032 8260 622 589 7862 409 3946 612 8420 2627 2021 4303 5765 4965 6566 5378 4915 2373 3508 5610 5221 346 4949 9530 4949 7299 
3116 7556 6790 3507 5548 7205 4404 5961 5975 3936 7345 3967 283 7748 4075 1949 9393 2779 8065 3225 5733 6389 3433 5044 6655 7069 2588 8641 6584 9364 8366 9087 8804 7 8204 7196 4920 7375 9639 4178 6406 6971 6722 4393 2977 588 1242 5287 7507 9641 2238 5837 695 9978 9056 2123 5841 5956 9818 9163 5705 5262 7592 8713 7015 2300 8480 5119 9914 3201 3694 1940 1728 9969 5531 1134 4367 2249 7078 7501 2911 6996 7750 9840 1002 160 5205 3995 751 6054 735 4239 4216 430 5061 5637 3292 5165 9155 3606 
4510 2100 8775 3286 5307 6771 5725 4831 9933 1527 5678 4072 6476 6612 474 5210 2809 3463 5551 9463 6400 1723 7772 7885 2591 7992 8986 2055 6619 8576 3350 9871 2461 1381 4188 4424 4430 9145 843 3726 5652 7378 4057 1204 2035 8814 5397 5471 2421 8782 2882 6082 6995 1967 8215 517 2169 6298 5812 400 2290 5307 3809 3780 4742 7747 4986 4735 8610 8146 1402 9868 1681 5750 2739 8641 3833 2378 7496 3944 5419 4126 4495 5021 9510 1028 1457 8525 2520 6410 7737 1067 4008 3027 5965 6129 9449 6096 788 923 
8284 6837 2994 5960 3675 5549 559 9582 5797 3184 6772 4232 2692 8260 7837 665 3522 333 6130 258 5700 328 5825 7576 4075 4227 4756 5757 2909 3577 8754 7172 8747 6772 1456 4149 4328 5360 791 378 3467 8344 9742 5732 5737 6359 9264 3150 1829 3482 2766 2972 9813 7254 9692 7939 1952 1268 3302 9764 1345 3917 3036 8037 2562 9181 7870 8678 1405 9671 407 7086 8922 3431 4600 6550 3708 164 8956 572 264 1658 1966 2 3588 918 6277 2412 2802 9462 6129 2968 1098 3657 7694 1432 3634 700 1928 7772 
740 2439 1926 7568 1814 9293 8098 5838 7291 6136 8800 6265 9734 3173 9631 6856 9160 6801 5724 8848 8121 9916 9208 4720 8670 1482 3226 7699 8515 5337 1294 2867 864 1407 6591 5994 9241 5688 2354 6203 2603 5802 8810 5508 4618 2402 9818 5680 1273 2204 8629 4613 4877 9610 4748 7013 5275 4963 4532 1487 4677 2606 7409 6992 3235 7876 4035 1858 2621 9418 8863 6667 9273 6665 2479 192 3253 58 5842 8178 7242 8543 2376 6029 3194 8602 8207 7347 8239 1009 9187 8274 6475 8792 1168 5186 8570 312 6395 2574 
2077 2061 6739 3716 9402 8352 4748 8857 8363 9009 2756 1052 2360 7101 4410 8784 3300 4271 7272 6943 8723 9021 7465 6751 4969 4254 1784 9156 9445 1351 5496 2719 1966 8283 6524 4438 3129 732 5788 2593 5187 4305 8420 3818 1663 1947 3697 3674 1680 2681 2307 912 9110 4353 2537 4011 9586 6104 2486 9472 7841 1679 48 3294 3902 1129 5148 3777 3705 622 9029 6234 8236 1271 5488 9060 4088 9091 8783 320 9680 6297 6699 4561 8791 2845 5712 3187 510 3295 3726 6439 4356 7575 117 8739 9209 1659 1129 3388 
5473 552 4764 7109 2350 3546 1765 1334 803 9325 9272 6589 4973 2082 9519 1205 3827 4137 3309 5162 6472 4615 9108 1061 7363 1597 1669 3353 1908 2375 1554 2720 3961 3389 3121 9274 648 7671 2887 914 1342 9830 4866 4340 721 4659 1492 1498 5245 3998 7946 8242 438 9129 2501 682 4085 1218 1998 4693 1736 9354 5445 3253 5885 8645 5523 1772 9142 6420 5231 7029 5340 7102 6122 4372 7045 3109 2339 2858 7439 5390 2222 9533 4359 3211 5337 6962 8770 6040 6945 5281 6649 8519 1574 1622 9058 564 4157 1077 
2043 7215 9982 8860 7156 5678 5240 2818 3699 5047 4828 5529 8852 8015 9970 4205 4253 5387 8254 7979 2264 2166 2932 7447 2095 9509 8110 2499 4995 698 2485 4318 193 9049 1164 15 4226 1508 9382 1310 724 306 7386 9481 9438 3941 3170 3451 2412 4860 2907 8945 4708 9667 3454 8069 430 4390 8143 2994 6081 5902 3111 8698 4720 8125 3761 431 9400 8636 9140 7962 4067 1035 8986 494 2900 3150 9737 8880 5980 1472 9434 9853 8358 1892 891 4026 3511 4994 1394 8 5315 7578 3833 4802 6630 498 5619 5081 
7904 8491 4852 6117 9384 5324 776 7182 132 1683 5790 4737 1149 3010 765 6813 5192 8084 5727 2143 5451 664 7029 7557 5963 9986 3929 8006 4695 8577 5406 5080 7427 7014 2351 2823 6264 9753 1763 9381 967 6757 4718 1832 741 4768 7358 6854 127 859 307 302 1333 6385 4215 2317 6430 5006 4771 4431 1662 4137 6616 6935 8522 8369 7933 681 6024 4056 1075 8744 440 4684 990 5029 7333 7640 620 4606 2514 447 8659 933 4830 6928 5560 7102 2838 63 4542 6652 2494 2320 9640 1805 9645 8336 9989 5446 
1304 1188 8770 3201 510 7300 5712 8262 6945 1597 5281 6649 8519 317 3069 564 2372 5686 9750 9689 8117 662 8678 6454 3104 1782 5377 5575 9989 3075 4298 5148 4560 1640 739 4023 2878 2731 6845 4739 3711 8115 5841 8393 8765 5446 9673 6300 2193 1051 2668 2215 7640 8013 9617 9328 1346 2357 7239 5531 9030 1054 2313 699 6234 2496 2804 4878 1899 3389 2702 8055 6413 8816 7636 9964 3805 6154 4310 3830 1927 3303 1024 3811 9821 7426 459 5899 6343 6142 759 1450 5800 4245 1684 9421 9207 2616 5814 3835 
1009 2043 3648 2043 2647 3069 7269 890 6681 8815 8228 6600 6791 3648 1669 8911 5592 4407 7880 8152 3697 8116 1259 7418 1377 6497 205 2658 510 6124 6254 705 6622 9149 253 5114 7653 5986 2718 9728 5570 5945 1060 909 2864 6063 9309 8674 7431 4223 6632 5602 6717 5454 6741 2746 6799 9119 9076 2246 3437 9003 5194 7485 3043 8883 1595 5204 3737 5376 5326 7373 4253 9607 3714 1852 6164 6887 6921 5303 5475 4902 3766 9930 4538 5276 5271 2728 9501 2620 5218 8068 702 1358 9147 7126 6474 4746 2748 4877 
2543 4055 7404 6802 8433 3783 8531 4808 9914 612 3271 3558 6679 59 7187 7668 2373 9464 7379 6497 911 5477 3408 26 834 5569 7835 7585 9894 4562 343 483 1159 6427 2212 6466 7598 6571 2153 6566 3217 8668 9859 7190 8754 1342 4028 2489 7726 3130 8756 961 7560 8332 513 4943 7432 9866 235 7499 5831 378 8813 2512 9311 5997 7501 7758 6856 9878 5531 9311 9428 1558 5801 3441 7863 5676 8285 8545 4868 6212 7973 35 5927 6342 8887 8228 9216 7094 6122 7715 9220 3479 7177 3398 7144 7415 4811 7503 
8197 4847 19 3583 6069 9257 3917 7489 3325 657 5557 8397 505 5156 5615 1499 548 9642 8817 6609 4299 1272 773 4502 8157 3410 3914 3361 2903 7654 3425 550 6471 7719 6948 681 182 6863 1075 4456 9998 1190 5671 6038 1551 279 1075 4147 2162 854 7212 7337 4269 8858 4896 4109 1316 472 5517 2958 9373 840 474 4525 9720 7507 8695 4641 2777 2661 3172 251 8828 4405 713 9842 8194 8444 8413 9659 4182 1185 771 7229 1099 3543 5213 3384 8633 5592 7562 9951 6827 5008 8874 8625 4010 84 5471 7552 
2491 1494 7813 9407 3911 3307 9232 2840 9593 5082 5287 7778 6067 1284 5055 7199 7585 4576 9 525 4963 3119 3251 8112 2069 7454 190 1912 852 6183 7851 7831 9326 1640 6700 4494 6664 6876 2928 6401 7854 4463 7611 2334 4026 6458 5610 78 4792 3103 1518 5635 2170 6496 4808 4996 9098 6726 818 4311 5464 2280 6534 829 6858 6169 9247 2388 8275 6866 9333 4334 8857 2269 2189 9593 1539 9241 2803 1456 2908 5631 3584 9457 6435 2605 5571 5483 974 5539 3544 7798 7916 4984 1133 2601 8069 3630 4418 5681 
8390 1470 3884 1063 287 6315 9752 3257 5542 5863 2054 5685 7844 1449 3525 1006 1083 8537 1264 6995 1902 8125 4456 5327 8835 2566 9971 4186 8240 8461 1962 4368 879 1241 2104 2010 4394 326 4834 1446 9012 9260 5658 9697 4543 6705 6043 4367 254 878 4170 3855 176 1966 7958 8353 9000 4007 4173 996 2097 6376 2515 9434 4072 4248 9372 9413 5784 8441 4913 8261 3876 8387 9457 6057 1822 1469 8816 7657 6775 6247 5287 55 674 9639 4224 8113 7937 6523 8664 1290 2472 5622 7667 5264 6667 1131 2683 7646 
4880 2988 7339 2763 7342 1914 3647 7770 6312 9401 5692 8377 5883 7572 7893 8400 6840 2795 914 6932 8801 9411 7748 536 140 8075 5212 5262 853 4495 3906 4129 4816 6866 7661 8473 1400 2312 2001 1624 6393 3347 2370 7441 3465 7312 1965 1102 4489 9154 7877 58 7896 9758 9841 1094 4351 3416 371 9964 4772 9466 4374 6556 8557 1003 6638 2955 9725 9898 7565 5296 5026 5452 361 3900 9100 2359 1979 2052 612 2713 9476 9423 3945 9397 6111 9190 7570 6510 8791 6016 7470 2305 8660 5261 3200 2654 7312 3073 
6895 4252 1987 5963 5344 5343 9936 5430 172 1795 1588 5897 3840 9498 8634 4671 280 8573 1342 280 4870 9572 4378 9137 2853 6310 1313 6453 4982 1459 7042 2160 1459 4759 8290 5786 1622 1133 1194 6397 5343 7372 3351 9804 8362 6886 9644 4860 2111 8648 6055 1397 4229 6267 8000 922 7291 918 6023 380 1833 2420 2972 5621 4013 542 2690 9221 1619 4526 6901 8910 7788 1721 4324 6528 2862 1012 5100 5350 741 163 737 7168 5800 3969 9618 6338 5080 3258 3524 1633 4617 841 8213 8436 4417 863 9269 576 
4599 5799 9791 8906 6550 2328 7734 4708 7841 5839 6043 5302 6315 1294 3558 6880 5953 8941 9716 9591 5212 7043 533 7994 2684 28 8290 2475 8934 1155 5286 3942 3741 9985 5396 7441 7631 1362 4594 4562 3536 9372 4153 2767 6282 5403 8901 1569 243 4589 6143 5343 8531 6237 2821 7985 6614 8851 6384 1205 4237 8330 5123 1695 4675 2598 6705 9788 1568 9896 770 7439 6075 2112 281 3929 7309 9665 5550 7994 2933 8056 4751 2915 1946 436 966 5827 8221 3294 999 6331 1802 3001 5771 8694 3448 641 5697 1168 
6995 2723 3722 83 2387 8238 27 900 202 3029 4844 2326 3562 6116 7010 531 1813 1700 4828 7620 8481 7919 9340 2782 2740 9414 8731 9442 7414 8370 5202 4269 4896 8508 1076 1316 6868 1483 864 1853 4051 5575 3613 4758 3449 1913 5590 6448 1685 2651 3185 1246 9436 6417 1331 3039 9011 5792 3044 5611 9720 1183 983 3739 2288 9355 5814 1009 7088 9891 2647 3069 7800 187 6681 2754 8228 9193 6159 917 285 3039 4232 8152 7962 7613 1259 1377 1234 4767 3791 3433 2290 8315 4824 6046 2475 8585 7875 7227 
9499 5853 6856 6111 8077 2157 7059 7108 2045 783 4019 2650 1179 401 3984 7228 9217 732 5211 3320 4316 9001 4316 1421 266 1208 2402 5472 7442 6976 445 3590 7073 8715 3352 2302 4472 5825 8260 5465 1311 7497 3018 696 1714 3608 475 8075 5212 3045 3799 3813 3884 7996 720 506 5092 4122 6394 9735 6999 5216 9925 5337 3441 5080 3714 2128 9721 2644 3755 9505 2351 1560 7026 5896 596 5567 3557 2046 2760 351 9220 4069 7545 9471 9318 4403 4841 3965 7725 5287 420 5442 8414 1368 410 9830 6396 1328 
4945 3914 3318 8633 186 20 8131 879 4052 7938 4667 877 8048 9380 1085 127 5234 7377 7351 8202 2210 7951 4458 6220 4585 353 4398 6599 4565 7356 1941 5971 1075 5879 6650 9423 9198 8552 2797 3285 6657 4173 5434 7218 5992 215 5768 6817 5528 660 6227 5170 5673 9824 2150 111 3918 5953 517 1067 2169 5812 1468 5046 5307 2156 5461 4870 273 3780 8789 1828 4742 709 4986 140 9416 3256 1394 9112 8 571 9868 2727 1681 5750 2739 8641 4639 7104 1090 8590 6234 4619 6213 5794 6422 1050 522 2384 
2991 1459 795 8600 7549 8721 8556 2458 1507 9272 1046 818 8943 9307 189 7528 2726 5566 9962 6058 239 7698 5142 5605 5476 1242 547 6352 3910 6508 9628 6203 6063 6497 9164 311 3354 3950 3153 9476 7389 9977 239 7733 4573 9637 9343 9458 5514 8584 7284 5306 4607 6385 4022 6794 4962 5117 8689 7983 9600 8885 6198 1090 8041 85 1680 7480 3516 7332 5032 4146 5717 7645 3002 6631 148 6215 9097 1320 6147 3669 389 2198 5603 9600 1861 6130 3046 8728 4638 8140 6682 3149 3782 8069 8696 1635 9521 8681 
982 579 6664 6165 7300 951 8761 2336 1410 2253 8912 457 3981 7427 2888 4486 1818 5763 3717 1333 2222 578 7468 9986 2192 4999 3635 3809 1886 2092 8642 1163 7594 3828 8217 2755 9286 4951 5375 9816 7914 6599 9228 8064 9077 3569 1595 2129 7551 9279 3614 8777 4894 1824 9919 4560 9066 9715 2495 3222 260 9190 2460 5617 4380 5895 3727 2765 1170 4221 6477 1630 87 4436 6078 6392 5863 494 7997 966 8155 8298 8944 9455 3937 5106 500 3451 6313 888 4265 9653 3033 3597 887 1280 4732 3559 4063 4088 
6125 3501 7766 9828 868 8760 6510 6925 5992 9594 5341 8147 9459 207 5159 1070 2668 7711 3649 8013 1346 2357 547 9870 9416 927 4295 8027 4477 226 4002 2317 3938 762 7896 9706 4085 840 2943 885 8853 859 260 1049 2041 3571 5936 7172 3638 6006 7217 7227 3714 3935 9689 4266 1977 503 8746 9774 7150 7374 7949 4400 5604 7872 319 5208 237 3652 9490 3295 2724 7377 6224 3801 1626 779 8091 5415 8784 876 1763 3318 2093 269 4052 7938 6806 8382 6243 8851 1054 4800 2791 2612 6140 3761 759 3295 
3825 4994 7398 5253 2810 677 9124 6160 7420 6446 5492 8606 2848 6592 6752 8165 1061 9646 223 2890 5596 2664 1177 8222 6677 1499 4419 2480 4819 6360 8307 5428 3805 7485 2398 3552 2736 1034 2399 7497 1240 8642 2936 7799 6764 23 7478 2287 2262 4182 106 3817 1791 7097 4425 2775 5689 9051 9056 7293 3043 8122 8411 962 7361 8605 2040 4404 2403 1321 3044 9180 435 1703 2386 4627 2936 5084 4882 844 3794 507 9877 9416 4643 1739 7247 7312 8161 2350 3644 4987 4887 4130 1678 184 1534 9694 4754 9656 
615 9507 2546 8082 6451 8538 4203 1712 8478 6777 5294 6160 2478 9140 9335 9750 9153 5802 5656 9810 4856 2455 2205 1816 2216 1990 3439 9095 3496 251 6277 8225 5905 1676 6917 4936 2522 2216 3325 6762 925 7877 6580 6621 1920 1877 2966 2508 3240 1040 6696 8602 2770 7034 2093 4426 1927 7883 9126 8242 326 2341 1715 9064 4306 2596 1151 221 635 3866 7746 6370 2394 3659 632 3630 1712 1424 289 553 269 1073 3396 3546 2902 9636 3958 9331 9960 1064 2204 3724 7087 3157 4097 982 281 4311 5253 6533 
40 8841 3581 3228 7516 9277 119 486 3576 9351 145 127 4080 5011 2697 2610 5204 1866 4428 5895 4828 8824 4995 5122 5962 973 3016 9970 5001 5400 2741 3088 8397 8146 2659 3815 5674 2271 2257 9298 8426 206 2682 7304 1604 5495 5715 4331 4467 3066 5438 4061 2552 7330 9723 5917 5565 1331 7730 5731 8825 741 2486 2368 940 6769 7067 927 8103 3991 2174 1706 8548 9076 4069 1548 3799 3540 8429 3466 3522 5652 9597 4497 3809 5828 4112 7941 584 9215 7504 8055 548 2177 6885 2537 5903 8854 1105 908 
2194 5260 4780 5646 2160 4550 2239 7787 8882 6711 3802 882 7756 8523 7496 2408 4741 8681 3960 641 4365 7095 779 8370 3105 1828 8459 4247 4580 8890 2782 6879 6081 7505 9833 594 6677 8279 4011 6104 2486 8407 5314 7841 1679 48 3294 3185 3902 3109 3705 5156 2122 9581 4659 853 3411 1710 5646 4815 4065 4785 2677 6686 5478 9872 2191 5806 8522 2689 2082 6222 3024 7126 5103 1588 7084 8663 8320 7377 6801 5139 1568 5874 5721 5089 608 425 3800 2865 4144 7153 6418 3356 7261 2660 617 3353 1582 8650 
13 3786 9651 8856 2479 8115 6610 4483 1072 8253 5353 3212 5895 528 9613 7823 8482 8988 2312 6790 5857 5839 9963 5051 3582 6410 1403 2354 2591 5496 2221 331 5134 3494 9809 1961 1895 9414 8306 6348 4403 5309 4260 5768 4570 3985 9873 5033 3689 4590 2967 4929 3164 3972 4230 6402 9208 3247 5400 9772 7951 1305 8505 8602 7035 4540 8597 7028 621 1949 8290 8301 4905 3839 1566 2847 9642 4627 4959 4057 1598 6933 1566 5846 108 1430 8551 6629 7921 970 5429 4596 1613 9725 111 5892 6342 6781 1577 1755 
7744 7393 8284 2563 4682 5936 4489 240 6944 8797 408 1802 7524 4225 7021 9284 1646 2449 742 9208 8954 7545 1482 195 631 7575 5909 7074 118 9304 7464 4884 7800 6725 7206 7617 1469 7635 4057 8431 3185 8932 2441 9887 7845 8000 9221 5488 9693 4476 2408 1926 9505 3997 4461 8347 1792 6271 6324 9401 1319 8706 1310 5941 9588 9078 5446 3437 5328 6864 3080 5281 2156 2577 1003 5728 6598 712 3150 4753 9514 2230 1915 2809 9018 9508 2142 9920 7445 2610 6915 5869 9769 7304 4375 4477 4002 7346 762 1500 
4085 9242 6480 7309 308 8600 9456 7326 5063 9842 2613 9442 8569 9495 2296 3180 7211 3324 6125 6478 9909 8874 8869 5329 7626 3716 6735 7936 5540 7161 2281 1593 5549 9989 5122 6629 7752 7921 5930 9725 2522 7984 7624 4 8166 9192 1288 5837 1513 5101 7051 9273 8006 4172 6290 8063 5199 2277 2404 4842 3799 8910 9514 9020 8854 4480 2331 4498 7636 5827 3750 6486 5642 8232 4098 907 6102 8433 1191 1155 2457 8943 8978 8954 4050 5721 9381 3831 856 2027 7488 4228 7339 9302 7366 2686 2573 7826 5253 724 
3778 61 1907 9237 7854 5525 6825 2887 1293 377 1548 6448 5964 6706 5920 1940 9282 6478 6562 4071 9876 7212 1089 1537 4514 2008 9281 3346 9658 7585 6683 5250 1478 5337 5966 764 1597 5281 317 678 2162 1541 6865 1712 5512 4173 3549 6441 3842 8000 7443 466 4666 1047 2348 118 4993 3952 513 7193 2289 5370 7585 8415 9730 5373 3685 3314 9059 7465 5849 6628 808 7396 2807 8924 4099 1030 7432 1963 5792 805 8151 7320 88 3868 7133 9193 5101 7406 4788 9589 9842 4634 3061 195 4181 9268 2547 2035 
1625 7819 1666 2340 4101 3424 7792 7092 2080 7440 2581 9955 2232 4267 5230 6896 8309 5514 7831 9745 1072 1971 1267 2747 2782 498 5895 391 5268 137 8172 528 9613 9466 4819 5612 1166 7920 5640 4345 698 1011 7870 4115 8928 4678 5003 4593 561 7811 1949 5597 2105 6407 8148 3031 8496 4645 4290 3409 4316 721 5516 9616 6717 1276 2075 1849 4637 6889 9800 9346 3567 4008 7682 1208 1093 3220 8479 7025 3234 5544 7459 9393 2743 3538 8932 3903 9131 5376 4510 6750 9457 8817 3887 8307 9387 6598 9421 8079 
4081 1281 9688 6528 1563 8949 5320 9469 3872 5184 6543 4466 1515 1422 3059 1008 639 3350 7067 1157 9375 9999 4380 8703 3669 1536 1156 6510 8951 5233 2805 7975 6349 8495 4356 4635 1115 2719 9311 9295 9572 4441 9034 208 4066 3785 1479 8909 2340 874 995 98 7304 9832 7173 1329 5081 1567 8067 1315 5540 5204 6864 7597 9600 6030 8235 7579 1670 3536 2694 1537 8889 3114 2193 1164 1398 5441 3962 8350 2473 2120 325 4914 8688 8216 8152 1719 5639 5251 2245 3738 2541 3221 2807 6628 7136 9076 3901 3828 
5171 3850 4381 5556 4158 8547 8647 1026 9855 5084 3477 3166 4206 8415 4726 1641 7976 3314 2422 2803 7570 4804 8453 9357 216 8537 3279 1126 1383 5451 9447 7727 9601 7954 4474 6497 6306 5749 3484 4038 1963 5165 3589 7 3502 945 7178 9887 252 2412 2989 4862 5136 3795 6750 2619 6065 2232 9721 8660 7968 7173 4486 318 9762 5657 4502 5945 5704 9103 4567 4688 8839 8107 658 1346 341 429 7425 6704 4981 7736 1266 9788 9853 194 3752 4380 3011 9762 2843 9097 7351 1749 3170 5370 1718 283 2599 5631 
4492 8399 3786 3218 2385 2388 5697 2936 9352 9637 2104 7996 7518 7726 4666 6380 9213 543 3419 2968 3657 1435 3166 5275 7614 8761 2280 2439 3522 1407 1472 5787 98 2409 4361 5910 9830 7398 4382 6825 779 8091 2492 9273 17 234 747 4184 4009 8941 3211 7030 5980 9414 213 6150 1221 8273 925 7982 1256 4053 8399 8781 5897 3066 6830 4168 9378 4906 8520 4764 8919 2821 7485 7125 2093 9819 6653 3127 8895 8398 7210 8230 1646 3701 883 841 1016 8596 6836 55 7192 2795 3682 5338 9256 6449 568 266 
8106 3599 6244 5552 890 5188 257 3826 5030 0 3136 3909 2465 5277 138 6692 4739 819 4155 6675 2473 4095 2425 8343 9069 4067 4838 5905 7837 2632 8870 5766 7668 8510 8736 9148 8291 7100 267 193 6723 6587 6393 3068 6149 4507 7829 6515 1488 5005 14 5557 6620 6050 6018 4660 7116 5622 7965 7974 5224 9573 8015 5792 3535 1850 3546 1659 952 6806 8364 8382 6243 5467 9618 4776 2612 5559 7213 3088 7803 6329 1435 7075 3549 5801 466 8889 9755 7742 4395 9931 6551 8857 196 9461 4146 828 7146 1765 
6209 6390 8570 6886 2028 9073 1161 4003 8042 1430 7061 3640 2506 5619 6776 3795 4576 5866 6141 2819 1604 4460 2576 1394 775 4346 9355 1830 9652 5793 9834 2086 5410 4984 3760 2251 6796 9148 4850 7333 4606 447 8659 933 213 2984 6845 2479 8206 7483 1162 9098 7291 9578 4540 8597 8352 2171 9397 3333 621 3190 8973 8634 1970 2257 4072 9251 2994 5698 28 9532 2594 3494 1234 6990 8349 4217 5523 6446 2222 2590 8918 2272 8339 8391 8017 8516 8116 8266 3824 8692 9965 6588 408 6657 8466 209 8383 1656 
2673 9123 1920 986 7347 6451 3344 7612 8190 6519 9666 4238 3563 9895 1736 7618 1836 2441 9996 4443 7666 8711 761 7053 1050 5916 3213 7017 9426 5629 811 9472 6777 9305 7068 6334 9696 8857 7768 9979 8159 7020 5600 7860 8596 8798 86 3826 9874 120 4278 8636 7897 201 4693 114 4478 1113 2369 4795 4798 6608 1270 5162 1130 3284 1181 5474 4749 5927 1534 3977 8040 6937 7026 874 7291 2548 2676 4534 3914 7080 9672 4043 5147 6493 713 7074 3723 6744 8652 7511 7696 3255 5565 153 1456 2607 4399 5555 
2037 2243 1121 8747 6043 2232 41 2853 6010 8022 9667 8899 7506 2405 8046 7889 1315 1745 9635 8067 6114 2029 7240 9659 7327 7902 8803 7 9716 515 5076 7837 2121 969 8269 6109 551 6106 4291 8870 4796 2379 2431 5382 9720 3867 9177 1756 6325 9021 5324 4207 9787 4156 4552 3190 7624 1011 2058 3015 4438 9714 1546 1577 3472 3240 199 6106 9745 1037 4504 1330 5264 9622 6859 4877 9926 3058 7720 4231 1979 6426 3217 7172 5070 2411 7806 8702 7535 8796 6684 8477 5755 6390 5097 7082 1666 8729 5680 9279 
1514 6287 8447 112 5133 2471 8954 4142 7602 5671 831 1198 6782 1505 3464 4775 8384 9382 9141 1281 5228 843 1337 1071 8785 2329 5726 3206 1748 6236 105 4590 9230 8974 3123 7594 6641 6246 4103 7138 5426 2102 1192 3545 3336 5155 7255 6395 9437 5712 721 832 1384 478 3330 4036 3689 5347 4968 7637 1297 8923 2984 7890 4604 1157 902 6880 6946 1046 2118 953 3066 2977 232 3464 2468 1330 5734 1885 1472 1704 5826 895 2804 3918 8156 4265 1483 4224 9673 3749 1185 8432 1917 8054 5981 5723 5128 362 