6877 4785 4294 8912 8622 1778 9269 9159 6183 3856 7121 7062 8263 2644 6234 1747 9823 1759 4065 2979 2328 7546 3188 5774 9254 6058 3232 2661 8200 1654 9497 8828 6162 3669 713 4588 3074 8194 7517 9171 8413 3849 4606 8551 975 2385 7882 6290 3807 2979 7106 1905 8333 5427 9498 3644 7342 200 2962 1868 9355 7614 6039 7788 8951 6493 1363 6026 3952 7325 2507 5747 1424 8146 4097 7456 6613 5427 3379 7234 9933 2945 3043 2374 8500 3928 8147 9177 5294 6865 7223 5399 3924 9694 9974 5481 1003 7201 1654 5230 
1952 5421 8210 9367 1563 617 782 2627 695 4590 6542 8315 535 5972 7292 2504 9080 7026 3388 6002 604 5079 2438 8304 18 3105 4498 6458 4987 1157 5381 9828 6238 7856 8915 3063 1875 6215 1658 8029 7822 6375 5746 8336 317 8974 8538 6549 2201 683 7794 2636 6240 7028 7438 8260 1884 6291 2151 8917 5109 2138 9140 9063 5855 9624 5989 6520 9862 7032 6308 1457 4497 5632 800 3831 8043 6458 6082 5612 4973 1793 2395 348 5836 1997 5195 8969 414 3320 2019 2787 5272 6960 5171 6536 3930 4077 3626 8347 
9281 2648 7100 7172 6154 713 4025 8700 8880 8853 6596 3332 7390 621 838 4562 8985 6491 5774 5905 1544 7207 6088 8634 5962 6278 2842 7852 21 4743 5069 3663 8771 3789 3242 965 8707 1882 8255 2019 360 190 3290 5940 5383 2742 9888 7220 9187 2958 7291 5045 5921 3361 319 2903 3661 7381 7654 839 7826 550 3109 457 9296 4647 6512 2332 2011 1243 1487 6814 6552 556 4671 3594 6907 4107 9384 2685 7776 7942 3248 8827 2975 258 8965 5700 5825 1100 6808 8754 5835 3147 7495 3100 2245 8864 6961 4153 
8693 7855 5054 270 4292 4257 8511 9069 8482 8008 4182 6991 951 6790 9411 8306 9899 2896 5611 9720 4389 2328 7134 5253 1166 7642 5875 8556 9531 4910 7998 6780 9897 7377 2806 6066 2087 9527 9757 4558 2555 2195 7702 2219 6397 9564 8668 428 5956 9270 5575 6752 273 2588 6346 9403 1061 542 3778 2704 1986 2452 1907 148 3232 7690 9123 3051 3602 6821 9149 9130 857 3360 9471 5578 3324 4864 9655 4625 6787 3684 1163 4815 1761 2303 3331 9593 631 2809 7442 2833 6370 9009 1163 8241 7274 4823 4157 939 
3366 8858 8427 6817 8765 1783 6221 4262 8323 5838 6343 500 3442 7642 7231 3509 7029 7506 1200 2959 1814 137 2046 2327 4741 4092 8017 1003 8013 7153 1082 446 916 5487 3501 9431 1146 4205 9524 1238 9580 9001 1366 7901 5170 4237 8103 6325 4906 4099 780 6751 4293 5331 8827 3850 2851 8305 5386 4189 244 1321 6002 4093 1670 9074 487 7767 9005 4968 9146 9580 901 4482 8256 8743 1073 6776 802 1972 1434 4450 1704 109 8365 4414 5308 886 4221 3488 5692 4590 4929 325 4190 7856 6486 1328 4098 1622 
6102 2985 9344 1191 8647 3477 4173 1933 9652 8425 8166 9617 3279 8193 1534 8764 4640 3955 6768 6288 9986 772 5291 8187 3510 7818 3788 8397 513 820 9124 7451 7752 3789 1111 3091 7261 4792 4236 3450 5524 643 1607 5979 8436 5843 8578 579 333 4782 6257 4788 5155 5658 6264 7244 5794 8381 9510 4827 9023 5281 696 193 9584 4753 3742 8012 6393 1285 2370 7945 8641 7453 6325 102 9898 1462 6209 5939 5638 4154 4598 6122 8184 382 484 3919 8294 4823 9062 4068 6524 5378 6632 2087 2769 5427 4542 2733 
2439 3978 7371 6630 1843 2195 8175 4282 6397 691 2773 5297 1180 5473 7594 4963 4514 2008 2126 6260 6683 1478 4917 4318 5633 3763 5667 6544 1899 1717 7183 1883 3380 4087 601 8238 7077 5641 1213 6704 6247 8657 7720 2309 9843 2664 4215 6822 5508 1377 7820 4155 2045 2764 1194 1645 8747 6234 936 8964 2890 9677 2702 3284 6406 7674 9070 1995 4876 5515 1186 7769 9997 1142 8519 3315 1411 4601 6051 6325 2433 696 750 3810 3544 380 4667 1650 1958 6318 5808 2164 3620 6471 8548 4860 4454 3761 5472 9525 
2281 7809 1468 9878 556 9185 7 8845 8926 4875 2222 3482 8872 3850 6862 2896 9196 2003 6331 3192 5180 9663 7531 6886 6386 3698 9824 5939 1337 1567 2810 8369 3623 4091 7216 9273 5053 1508 1721 9133 4392 2131 9029 6671 490 676 1312 9701 1076 4485 621 9824 2078 680 4946 1457 2477 9999 2872 2639 371 5254 9453 6374 948 2024 1329 2607 3508 5614 1123 6660 501 7100 9689 25 1992 5887 2406 3619 6224 6799 7044 9119 9076 3388 9003 5194 6279 6250 3043 9785 8989 8444 1595 5204 633 2879 1495 3714 
126 2423 3743 7966 2292 4231 1890 8776 1998 3866 8266 7453 4760 8504 3347 4145 9273 3978 234 747 4184 1012 375 8116 9429 7679 4878 1354 303 1653 3118 2366 6416 1791 4062 6807 4865 5364 5142 557 4527 2825 4822 5331 5017 6053 1068 6724 3272 1676 9887 7265 3022 85 8678 4973 6237 1464 2957 8112 3715 3461 5141 5975 8954 4514 1379 2708 2726 9093 2555 7172 7514 8315 2778 9001 5145 4779 2513 457 3512 7939 3118 3793 5658 2498 7345 2355 3034 5161 4138 1272 5495 2272 8506 5499 4063 8269 33 360 
6213 8367 8545 363 8534 6220 3716 2578 1482 8748 2992 1212 1828 5549 4783 1973 4772 558 7636 9964 6154 2006 4838 9542 5714 4198 6504 9989 877 9640 7164 8341 4993 7585 4148 681 4263 4464 3257 5032 3023 2863 6841 6795 306 7572 4770 8311 9695 8048 512 7601 8504 768 3877 6950 8822 3320 1191 5272 6823 5425 3626 9786 1802 5661 9126 8600 5063 4026 2613 9209 8569 9495 2296 9638 9844 3019 1032 3324 67 151 3933 9659 8869 621 3716 9605 5540 7613 5253 6969 6715 6755 6333 9619 8647 3185 8432 3698 
503 3366 1694 567 3267 9773 3176 1206 1114 889 4038 1459 792 8436 3242 1632 8439 7322 9572 5577 1187 5225 3760 9552 6154 5793 6091 2863 9989 59 457 5182 9437 5792 3535 3528 1850 3546 8582 1659 8982 952 3676 8917 1917 3891 9618 7828 3744 4934 4307 5675 8391 569 3239 8005 3867 1568 2137 1519 9440 8740 1666 5036 23 9773 5735 9551 2368 7250 8979 9096 8177 1353 4628 5710 2249 270 3207 5094 9032 1321 9467 9458 6188 1123 108 8158 727 5068 4103 3786 7258 3239 6530 2602 4463 5991 9723 8162 
4306 8986 2935 8253 9750 9473 8497 6659 7170 2419 3288 3638 3081 2011 8215 2582 5045 2301 3406 7334 65 7045 3460 405 5471 8394 3724 66 4641 7663 7511 7929 1540 967 5679 1102 746 6583 9069 7088 4851 3226 424 9805 1002 5495 5999 8490 648 2859 4526 338 7916 6152 5575 938 2071 1407 2055 849 7002 2946 1996 5350 2326 2516 8525 2634 2494 4219 9742 5584 8528 8782 5869 9247 7442 9936 4137 1535 8460 2128 7331 8477 7807 2860 2508 9042 3992 522 9002 4925 1195 6116 9997 81 2004 5133 7063 946 
3567 1312 9799 3019 1032 3859 2871 2734 8057 6463 501 9862 7909 8159 666 5043 9084 7003 9785 9306 8441 1474 5265 4129 1007 8149 8232 7250 786 2868 2882 1812 7784 6288 4329 6222 5841 1560 442 8232 805 2865 6789 1037 8901 5626 4892 6396 6434 8917 1315 1104 7686 6844 8497 5537 5745 465 3635 1318 2981 1764 1763 1082 5226 1020 172 3807 6786 8121 1690 1289 5340 2601 8477 6372 2087 9639 7395 4253 4993 5387 4091 4148 3465 9762 5230 4263 6672 2076 8504 768 5175 7019 3360 7199 8522 2186 2257 9342 
3174 6682 9103 4341 147 5012 9143 8777 5922 6790 7383 1760 1518 9713 5779 2669 3798 3515 4611 7974 4411 8438 6048 8459 4124 5696 8048 2178 9984 7698 9660 6997 3064 7970 8210 6150 2486 7801 275 2425 2837 8555 71 7686 8415 2978 6071 6600 8557 9532 104 4935 8961 1620 2726 5216 3440 5716 5169 167 1265 7049 7106 6814 6177 1068 4784 7759 6798 2382 3460 8051 152 1905 1225 3069 3930 8144 6312 9773 9131 1613 7818 3479 6660 2508 2106 653 2505 2610 3351 3278 5948 119 8833 3776 5019 2495 8511 2000 
5619 6331 811 748 9217 8051 9896 7852 3398 2089 7488 6665 9301 9945 1017 9729 2179 7194 4910 6934 103 2500 8835 5072 9393 6223 3740 2639 6843 3912 1747 8981 3496 2348 2321 7538 5930 4395 1238 1898 6643 6331 2375 8710 9274 6741 648 2889 2887 914 3316 9830 2422 606 7419 721 1665 8665 8725 9103 4121 3662 2959 1733 6244 3739 6233 6553 2752 7770 6873 9532 4750 9432 4580 5013 2490 3864 7198 7820 1069 6939 192 566 9998 2996 781 5486 1269 2301 1189 7628 5361 8697 1988 1163 7426 8925 4432 6639 
9156 2495 9845 9383 6924 2097 1263 8778 6860 1292 702 4114 1059 1407 6380 3623 9213 8674 6974 8140 2423 8770 8265 2292 9996 2601 1791 271 2808 7113 152 2735 2630 8271 5129 980 9639 1750 378 4323 7260 1402 4570 6294 8260 173 5327 2232 8630 2808 8050 5512 1411 4099 5649 3909 7204 1703 2123 2216 7198 1016 6026 2682 445 8022 261 1504 9806 1086 2091 2225 3631 5545 7389 741 7618 719 4982 6379 5042 9760 4126 2325 4194 6242 6133 540 8628 3240 9070 1995 5322 8405 2661 5799 3022 2139 2793 7304 
1444 1324 394 393 8798 1782 9791 7029 8382 1850 8543 9750 1237 6707 7464 568 5346 6451 6683 6242 929 9624 8758 717 1954 5014 3636 3485 168 6760 8005 6822 338 4815 1609 7616 131 2441 9981 25 9762 2760 9680 6938 932 1809 2274 7701 4828 2238 4834 2526 3593 144 8978 1727 6164 5596 3633 3761 4310 45 7870 7473 7487 9602 6048 7628 1706 9355 7870 5633 2471 959 3610 7443 5997 1878 6975 5304 5748 8429 2099 9765 8539 6409 1547 6616 868 4212 4130 887 9558 7238 1453 3902 2040 8407 9771 951 
1022 8397 4189 9705 4888 8035 4300 6280 8031 9004 9622 7008 6462 1819 1097 9245 8288 9950 9164 4590 1964 1323 4572 2601 999 5191 874 6254 9472 222 3492 7478 4023 253 5114 2341 639 9707 5670 2718 6858 3446 9455 7952 7739 1432 5791 6316 7103 141 9254 3138 4394 7538 919 264 4620 2773 1447 9201 1366 4287 7172 3133 9843 9901 4147 4094 4810 8267 7301 7887 9938 9162 9907 4872 2818 5783 6047 8373 5651 5721 2198 8612 5842 9347 4782 6795 5823 1254 3951 8851 7382 7421 8474 8755 8216 5417 9368 8587 
9415 9147 9001 7313 337 4656 377 1548 963 9361 6371 5964 679 1449 3525 1006 8537 8885 1087 2150 1902 9998 8236 3845 9597 8993 3202 5106 3946 5425 8990 4847 7120 5137 8372 6585 8641 6206 2680 6580 3930 1224 1577 6934 2776 5709 9375 8288 2111 2434 814 3628 1760 8667 6901 3835 142 7931 117 7700 8405 9626 7156 5183 9105 5085 5227 3407 9050 73 4922 4878 6985 1509 3858 6738 8303 1148 8292 6713 1592 2544 6625 2385 8280 4393 6657 1604 9915 9712 974 3290 4827 3521 5169 3896 5751 5580 4130 6317 
1867 5437 4490 9883 1428 781 6418 8689 9558 4542 6696 7866 1382 1242 3479 6017 1111 547 1059 4160 8113 912 6681 5752 8346 7717 3099 7757 6006 4965 4432 4603 5515 7363 6732 2370 5740 1413 9900 5081 752 5709 5774 909 1864 3731 7049 8069 446 439 2532 7226 3622 1920 8637 8993 3673 8843 5425 2539 8474 9526 677 7652 2539 2387 1596 712 2930 5873 8982 9342 9809 8181 9715 7367 3924 612 140 5093 1797 7492 1003 8919 746 1023 7119 790 5883 788 1099 2952 5818 5149 5085 2895 53 3960 3903 6855 
1688 9229 3168 5637 6564 2932 9709 7305 5230 502 5859 3412 7303 7013 7052 2834 7725 604 6169 4654 6714 1681 3735 1213 980 3051 954 9820 4382 6005 500 118 5577 9043 5703 3962 5613 2438 4090 4968 2890 5082 7765 8609 5107 7503 1706 8099 691 337 3450 578 7468 374 7780 1238 4772 2651 6433 6548 219 1437 2676 8822 4915 7507 813 6545 4434 4486 5740 44 8055 1015 6794 9427 8861 4155 4812 28 6313 8892 7735 9576 8230 3276 1849 7381 6782 3325 1907 8257 9332 4877 948 4873 8636 9476 3828 4772 
6430 691 8201 455 1403 6413 2153 8893 416 2150 5560 3731 4744 7204 7880 9443 6262 9371 5374 516 6858 3036 6207 1935 6677 6456 4018 7551 9957 3167 4385 5282 7864 5571 517 8048 377 2311 2045 5357 8484 5724 3877 2778 7832 538 4467 859 9071 8073 4949 9661 1689 7552 3670 6398 9230 526 5977 2734 7076 8568 8760 1504 8854 2822 6267 5030 7542 2582 183 953 535 8522 974 4493 5856 381 1014 831 9777 5499 373 8077 9051 8119 3025 2090 8284 4230 2327 6078 8484 9540 605 8025 1622 6680 9808 7240 
9567 7751 1837 420 2142 4089 507 5818 4182 9228 6523 1149 984 7382 762 8707 975 333 8459 9136 3029 1621 530 5333 6388 7298 547 2511 5020 4997 4191 5318 6570 396 753 5432 2730 4811 3674 3434 2380 4787 7327 1222 7183 3493 9913 4656 3259 8331 9986 9814 8604 2392 3970 7714 9643 4141 8691 6914 2582 6477 3078 53 9087 8498 7589 6595 2960 9956 2589 9296 2803 7860 2317 2616 677 5178 953 776 400 8231 2467 9100 4460 4780 972 2508 6169 2388 8275 6866 2498 3404 7661 7489 4226 2890 7792 1717 
3072 6086 3708 1603 2953 46 692 260 8553 2405 2915 4367 4779 6632 7668 6818 5602 6163 2558 9217 9714 9558 8007 716 4600 867 6555 195 6147 4461 9138 6400 4608 2618 5880 8144 5438 4631 8431 1867 9536 6496 6323 1820 1663 2278 7033 780 2448 4349 2977 537 849 9233 4590 9034 59 8660 8629 8651 6189 7678 1121 3994 3452 871 2514 8250 933 4830 7671 6928 3110 2838 3109 2339 9294 2494 2858 7439 9640 6452 5762 6536 9533 4359 9989 3211 5337 3024 5966 1087 8094 4667 6550 8198 8338 2269 5981 9489 
6147 4112 7802 41 7017 8242 8727 3277 8048 6669 3938 6788 3771 2398 6650 8966 4582 4838 4504 6586 3056 4198 885 7392 9627 9275 2323 5124 9439 3637 8961 786 9846 4258 5135 4762 5340 4560 3170 5164 3173 7905 7655 4446 5082 8030 5741 6317 9189 2583 7780 3859 6131 554 9192 8345 7144 767 2142 5548 5924 6487 7803 9664 9428 9298 1150 9409 2894 4409 7307 633 199 8976 2519 479 8130 4418 2352 5505 2488 7645 8415 4947 3651 4269 3082 4703 218 6535 3132 6876 5254 7720 5858 5975 8510 6981 8372 8875 
1119 3911 9467 9826 9974 8996 2546 2978 8404 7830 125 2305 3144 609 1752 1437 6096 1069 9635 2817 6726 1969 2625 5380 8368 5137 2325 3304 7551 8105 3742 770 6740 7066 2943 5834 4473 5341 5811 7827 2912 6449 2058 715 5819 3327 7608 8 4364 847 960 5822 850 8081 2852 8219 5022 9670 6384 4780 2861 7848 7614 3636 2865 6215 3118 7806 9391 397 2526 7010 2024 2269 2872 7190 6723 1631 3337 9795 8278 3586 5217 7171 5712 3440 5709 6469 765 3255 6689 7274 5111 8623 6699 259 6157 6424 1585 6639 
8487 1364 9607 839 8205 2682 5437 623 9847 1522 8590 7348 2472 2263 3068 5084 4618 4465 4064 352 4400 211 7374 9598 5471 3739 357 8204 4333 5352 1354 6654 9982 4946 927 2697 2329 293 1612 794 8780 686 7978 8237 8761 3375 8738 3115 8551 5448 3013 3769 1138 6578 3422 7088 3094 8937 916 3350 4200 140 5738 2803 4612 1581 9082 9919 3837 1638 2127 504 4818 917 6365 4416 3765 8114 5343 5622 6711 1319 5121 916 2779 7965 3859 224 1872 9470 3822 9165 2002 4247 2835 5723 7144 5130 6321 6030 
4699 5788 6153 7215 1106 2265 7989 9825 5284 5610 3024 3845 8905 199 3594 5447 6622 5059 4860 1835 474 9070 520 3444 7606 9414 7891 685 4572 8896 9985 2823 9334 2706 3844 756 8917 2627 8263 1876 3786 6934 4100 7893 8570 9008 6695 3667 9020 9360 5782 7274 9135 8367 7813 1772 8767 5873 384 7563 1831 97 5883 8112 5581 1694 8619 7355 8127 5832 4672 1821 1997 9410 1855 462 2598 9477 8222 7102 1147 1069 5205 8811 6363 1633 5558 112 9391 855 203 8573 5031 1415 6006 3446 8270 287 4217 2822 
4894 1435 7212 4810 9573 3033 1166 6432 7826 9769 2879 224 610 4598 802 2953 1968 4223 3836 2708 9966 7059 9969 1744 3063 8142 4226 7890 2433 3386 3836 5778 1322 8444 1044 9359 4358 3984 1073 5376 1672 2424 8556 7445 7865 5288 2649 8723 3173 1853 6564 8753 6938 747 8192 8433 5425 3820 1563 4608 8986 705 6110 3994 158 4955 2327 1764 8663 1519 7684 961 1675 7837 186 3668 7488 332 5777 9430 2328 4384 2411 1183 4851 3533 6444 636 7069 5749 7649 1318 6041 8117 839 4056 5000 9143 1233 9984 
9224 7117 190 1153 8850 8718 6496 5058 2868 33 7900 7601 7479 9213 3122 5990 9495 5390 4638 6804 9771 6605 7964 3877 617 9675 233 4517 4876 340 7625 5129 4605 1118 210 3109 9455 4130 4656 7657 748 710 5494 6050 3970 1952 1570 9389 8553 7311 9753 1968 366 7466 7214 8411 408 8226 3159 2335 2151 1015 3182 6391 5745 9403 816 7284 2298 6733 3628 7748 3096 5362 2800 3523 5969 1402 6896 4636 1450 3392 379 7036 7841 9470 7457 264 9560 9588 2829 2061 109 3616 1694 2885 1545 3123 6740 2340 
3753 224 9769 5468 8913 1791 7205 4159 2985 1817 2969 2464 232 9615 5679 4932 4158 6018 8578 3452 6576 5382 9835 8473 3267 2482 4616 6271 6498 5531 6356 4836 8989 4516 6927 4194 3973 1174 6470 122 7079 3918 7840 2849 3898 826 2298 3293 2348 2754 385 7188 8453 4587 4962 2504 8047 8378 8874 651 1486 1909 8512 169 2214 6482 9015 6263 3740 2990 4206 1431 7527 7607 3647 8745 6888 6681 5387 8211 4304 2565 3077 2404 9577 9418 8941 7775 5723 8038 6536 3368 3460 7066 7551 7143 4834 8937 5386 2692 
1684 1027 1981 2109 5168 2939 6993 1591 1889 5388 4879 4075 5796 8106 8842 3171 4715 4064 6103 2553 9671 3991 4678 1966 9018 2085 7125 1988 9108 8013 1955 7592 3529 2172 5376 6465 4761 922 3471 7446 3030 2460 6987 9755 877 1750 832 5587 553 9497 2382 8537 9033 3992 1263 7522 6235 6702 7437 7234 6302 2163 5789 997 1493 7090 869 9133 3574 4546 1465 2615 85 4058 6820 9005 8349 6423 4028 4748 1286 1422 390 4909 7480 4300 8 2638 380 5946 2043 1722 4625 9417 7773 4303 1457 9575 2414 7611 
3128 3790 1066 6977 4969 8109 2263 9447 4415 2301 2445 9341 9095 2337 3747 9668 8432 455 9861 6267 2140 5787 5127 5174 2668 7837 9274 7472 2477 9984 1231 2240 1831 1073 6986 5933 8363 2957 9996 6091 9750 8940 5276 6142 5688 8382 3871 4843 4261 2056 1750 520 1746 6256 7849 5817 4512 4898 1040 9000 1172 7550 8745 364 4519 1397 5684 6910 7885 4130 3177 9792 4000 498 5005 8689 9217 1034 4024 353 7013 3888 4750 3735 5331 8014 9799 7327 7182 3529 8161 6175 9148 7478 9013 8196 8226 3178 1480 6875 
7485 4034 2736 6228 4342 1509 8261 2657 2554 578 5716 5515 9360 3711 1528 1795 6310 8006 7866 3469 811 3307 9864 9132 8054 5675 6721 7562 9401 1478 9389 3149 5816 8353 6944 6905 790 3459 3032 7953 7200 787 2479 8404 3472 1145 1292 900 1950 4039 1170 4425 9403 2210 5574 5517 9614 7031 6582 3906 1796 4852 3933 5703 7598 9095 4758 1928 8779 4078 9972 2738 870 7459 4803 1818 8196 7682 9399 8541 1108 663 6536 3844 3648 8906 7827 9200 6661 8258 2811 227 5515 6787 4614 693 9426 1019 658 6842 