8755 6943 279 4147 2257 6795 3109 1376 2866 3502 3393 4238 8216 4493 3109 625 5823 7537 6943 4863 9770 4301 8760 9301 1146 112 5797 8716 8925 9061 7338 608 7747 9590 8338 3338 1560 7802 4763 5075 8727 7504 79 9954 1597 325 4320 372 6676 1551 4518 8503 3283 6197 724 8294 5342 6066 9189 59 4820 248 9211 2195 4959 1205 1475 9050 1551 6185 8909 1543 2162 3044 7212 5337 6713 2664 8030 207 1395 8858 3705 7433 8508 1076 1316 5517 295 9311 474 9720 9683 6395 6925 3823 7592 1298 6886 9861 
7630 1722 8215 5860 2622 3143 1654 2128 5573 4149 7125 3644 3833 5856 545 4469 7973 6301 2253 3348 1334 4609 8440 8353 6956 4617 3144 1859 8634 2960 5414 9916 2279 1511 8706 1961 7485 1405 7656 9001 7262 1308 914 3875 8496 9786 4306 554 3777 6469 4365 4843 7421 2427 8232 6110 6408 5740 9101 4661 6638 871 1821 3219 8116 4212 1930 1085 1095 7956 5705 3516 1295 9703 891 4774 5044 542 4164 4392 7230 5704 3497 5635 7460 150 553 1254 3830 9573 8434 7537 1960 8117 5075 8678 204 5750 3314 8035 
6156 4663 4777 1124 2666 9241 6238 9904 4381 5893 9619 3380 4373 1728 1718 2430 6822 7229 3645 1377 1081 5979 7043 345 8436 6274 7503 7477 1972 7952 7634 7706 5815 6429 4782 1383 6272 8303 4922 9148 4991 8535 6488 2315 9535 2229 5735 7793 343 1159 7712 4550 1349 7465 9192 1898 6436 667 3122 9541 9555 1304 2620 8158 4475 9756 955 7989 2117 6534 190 6767 7489 5176 6936 976 4493 3072 3611 4991 9338 6294 3519 488 2967 1191 6997 2710 308 7500 7668 204 5472 6399 5940 2412 9462 6129 1098 3657 
1435 5535 3840 3166 3634 7614 5959 7772 8269 1926 2839 1472 990 9398 3886 9701 333 7522 9372 5295 6035 5910 9830 3801 5186 8968 169 5151 5887 4945 8600 3725 8131 879 269 709 877 7249 7715 4654 8465 3660 2955 1711 5197 2461 9157 2942 7551 2523 4691 4820 7029 8048 7934 6328 1652 2791 746 6852 4738 9687 8941 514 6991 7497 2662 2017 3647 3638 8856 2706 7578 5594 1331 2581 6421 1122 9629 1646 7306 3216 5475 1079 5593 7541 8762 6474 625 3719 8256 5697 3003 7916 3730 2391 2176 5393 9179 610 
3503 3090 8621 570 3901 5696 6742 2354 5398 7044 9801 7792 1486 8181 5609 9710 3424 8706 1049 4445 7704 1672 2923 7914 4153 6213 1665 9171 8394 2537 244 7232 7049 5490 6608 1215 611 3041 867 3173 9459 4238 8939 6777 8681 4147 8617 6608 9650 3324 6859 2446 1496 1418 2244 7985 4593 8334 6447 2440 1534 2084 8318 8996 4142 5727 5333 8854 7459 1690 5152 5047 7803 2063 7262 7840 2598 3914 7565 3958 6737 9267 9761 3020 9849 3766 479 5819 2191 4427 3675 21 2273 9530 8455 5582 4376 4157 8821 1124 
2548 4758 8408 4069 802 3994 5681 1686 6006 1992 559 5712 9344 5343 3001 7228 4942 7314 4743 7215 5228 5231 1238 5425 8779 1556 5129 2768 2589 8737 9480 6285 4986 1893 9305 4278 3781 6881 5491 4908 7546 4485 8470 9808 8516 5364 3312 8458 5020 6642 7806 9613 2846 6595 1502 9972 6740 2376 2703 4425 7780 2066 6280 9355 5795 6068 7998 7840 3232 2123 6890 4343 4715 6485 2063 8378 6558 2234 1432 9103 6892 1980 8371 5153 5012 9143 8777 3935 9811 3443 2344 5320 1098 3276 8840 7450 2404 2219 593 1191 
7373 608 3997 6848 8725 1435 6988 7383 5998 9396 7536 4257 3473 4137 8051 8360 8369 4330 6587 8577 2934 4788 2170 3329 9958 980 6092 1220 6904 9790 368 8778 7014 2267 3496 4995 5557 4787 7995 4851 1991 2057 6877 2072 4846 2927 9184 4767 554 429 813 2364 7856 2319 810 5320 5926 5408 2291 3410 7853 7521 9300 5614 8880 3794 3076 68 860 9292 4289 8531 5324 8604 8898 4596 3884 3770 3062 3480 6755 645 5496 8764 5943 2615 6487 9395 6883 2890 9553 6100 3708 22 6913 5945 1199 576 9514 8854 
2167 5109 905 7822 267 7660 4424 778 1832 6915 7358 885 8853 4029 9243 5591 8054 9630 9799 8518 9305 3710 198 5657 7001 8779 5845 3612 1307 7921 7289 2415 1367 8453 7325 5747 1424 8146 4097 7456 8321 843 3379 5865 5799 7014 9505 387 1037 6264 1298 8878 1691 5314 6688 7265 3356 6643 5308 538 7021 9412 1909 9642 3357 1480 4923 6775 8435 5325 2566 243 4690 6008 6313 8775 1126 1528 4643 2921 4099 2244 4258 3401 6497 5013 9881 7432 3484 7319 5891 9489 3589 8901 958 8257 4617 1479 1124 7217 
3119 7925 1710 7850 9684 6498 4307 2651 5040 8787 2142 8152 3029 7182 1516 9548 3767 5380 2370 5134 9215 3508 5853 6682 5563 3926 3493 9449 9105 5814 9714 8650 5198 3959 8724 5739 208 3653 2659 5549 5125 5953 6639 1250 7177 4110 1057 6304 3561 3782 2754 9873 2283 6223 2707 5603 3766 7616 7451 8437 4353 2788 463 6014 3250 8864 6560 9922 6226 8409 6902 9788 4999 2425 6681 8854 5838 8636 2620 3211 8244 3916 9212 8707 9930 7571 1618 5374 3845 122 4883 8676 4440 9782 3359 4783 5804 5356 3600 9214 
2583 7306 1706 6500 2712 8846 7249 768 2826 1939 1941 146 6430 1280 4489 5011 9822 4075 691 6721 401 5060 8682 9924 2199 3172 7936 7428 5938 949 4518 1377 651 5853 68 5102 5175 7735 2675 9433 5529 2799 4925 4131 6300 9563 477 4958 3760 94 5953 542 7227 5767 6480 966 3237 525 6563 4095 2000 5314 9895 5678 7487 9697 1947 5106 5932 4424 6423 4280 7949 3478 7760 4570 4519 8912 358 897 7652 5043 4503 724 2253 7706 3358 8358 4413 4950 4596 4490 8664 8721 7697 5989 7640 9617 2988 778 
2080 7239 78 5531 9030 1718 6592 3142 4616 6371 7684 9373 840 474 4525 1869 9683 4295 626 7704 1944 5848 622 6726 8843 326 3863 4798 3266 5491 1368 130 7427 250 5019 4697 7664 286 6814 4359 284 7743 2157 4194 9788 7305 7489 6807 5525 5812 1929 7461 5095 2190 3390 6989 7340 1007 5141 1057 8779 6662 9372 3504 5781 5082 5551 2050 5524 9815 5403 2644 9043 6329 805 837 5654 1080 4947 2831 2218 1233 93 1344 7793 8440 4191 5267 8350 1424 8264 1604 9055 1656 2041 4222 5401 1637 8835 3255 
8927 6618 9431 6907 5966 6335 9941 4587 6801 8697 6139 655 2466 8759 3362 2059 4551 1889 5016 8896 8222 6675 8111 6110 9584 823 5808 3420 8352 6939 8647 1032 4453 8518 9350 1117 5889 5631 2109 3032 4750 5304 2577 2195 1688 7671 6490 1707 8055 3638 5641 6348 5146 513 6323 5016 3187 627 881 7716 4188 1916 4817 7724 7806 6166 5001 6935 7824 5196 3243 1308 1627 7912 9632 5576 4513 253 9978 9905 4300 8829 3595 8227 8507 6525 2258 2959 1155 1859 7472 3888 8469 5289 1838 3230 8183 1668 4140 9842 
6994 700 3448 7861 2537 6219 9231 4017 9182 1300 5251 8961 7379 5184 1381 9374 3458 4858 7072 3471 201 3815 6976 2879 9139 9441 5661 9989 7945 4881 6813 1652 9847 8418 8314 7296 2335 1010 6042 2091 9974 1135 359 7897 3133 3129 9356 1448 6668 8629 4054 5837 3392 2239 497 1533 7805 83 6666 3400 5090 1689 1434 8494 756 2844 6178 2225 4162 8477 4051 8819 4105 7757 6750 2924 2184 7900 7129 8555 1450 4795 4836 8945 4638 1279 6705 1510 2895 5656 7801 3762 4951 3426 7323 751 7740 7690 4649 1300 
5453 111 6826 5812 780 9411 9781 7748 2538 506 8189 3921 9499 4214 647 7313 6709 7312 1822 5268 2480 7194 2704 3678 4964 8772 6195 2763 2145 228 7383 8618 9463 4298 1729 494 7913 8666 5549 901 2218 4592 4981 9507 890 8541 8103 9806 5122 7189 8120 964 8254 3936 3921 888 6338 1382 9915 816 5502 5409 8292 6835 5534 8022 2993 6455 1534 6261 3008 9802 2905 4408 1417 6826 8828 1007 7225 36 4843 6663 8983 5671 4441 9284 2962 2420 4537 4813 7705 4032 7185 4442 8431 6168 1220 631 2430 6601 
7360 3894 7060 7575 3342 7853 7747 7122 7025 5909 9304 5889 8485 687 9357 7238 713 4351 1425 6033 3746 5571 8589 4294 5728 3901 3813 8767 5748 7840 9250 3811 2986 1198 9347 8615 7578 4855 1845 4878 9383 6926 3295 1606 4885 4368 4539 9914 3029 5541 5384 3654 6045 6933 3489 9340 432 4636 3075 1990 614 329 7500 5153 9081 276 1420 9679 3011 4449 7242 6490 3746 8887 3282 7235 8228 4019 9216 7780 9423 6122 8636 3211 3916 8707 8814 3845 1774 4883 9860 28 4582 3549 8313 4295 5268 865 7833 3214 
5227 8871 5030 4807 5736 8992 9615 481 2106 521 4138 9256 4278 1421 6616 720 7606 1426 7077 8555 8 7436 3494 6347 8683 6297 1633 8985 1173 1235 7741 8120 9999 5673 6678 3362 4174 4549 9725 181 9041 4041 635 6463 9493 897 5446 9636 1215 6912 3350 1631 2237 2627 864 9473 55 4420 4781 9810 1886 3517 4621 9688 5903 2528 1413 4393 423 9351 24 6008 9804 1780 3518 125 5402 2247 3977 3116 1254 888 4031 5534 464 2383 836 304 600 6954 6221 3518 8723 40 6490 5481 3441 9075 5384 5112 
7572 9269 3843 7039 3519 710 2389 4249 1112 8578 2529 3185 1770 6991 7845 9957 7526 5570 9764 6995 8148 2051 2946 4153 3983 4994 4421 3279 1179 884 4926 8353 2953 7107 8943 9890 6946 2302 3544 2141 7878 6885 2180 1379 443 5594 307 2198 6904 2512 3676 4804 3337 5278 6540 6121 4158 5070 8647 4355 3477 3166 4173 8636 6324 3354 9652 8076 3424 5545 2834 9434 5063 8569 2296 9638 7211 7494 1032 3324 151 9659 3341 5329 153 2111 6106 3638 3906 9667 5765 8095 6868 2240 8490 5744 3674 8537 7580 4559 
467 1452 9003 7289 3257 8618 4749 9183 700 4131 7718 3106 7261 1454 2535 5521 7772 8205 203 4640 3210 8118 2104 3319 2 6931 9471 6161 2671 4403 3965 8026 9843 3925 6592 6211 749 4905 7876 8231 1982 3989 4337 2467 2040 6155 5549 3788 2698 728 5812 8737 9291 9827 2334 4737 339 6479 5626 5301 4963 8319 1773 804 3744 6476 4128 2728 542 7353 2620 7979 3147 501 8445 3386 628 4205 4613 5533 7482 3419 8551 1736 2278 5942 7002 9075 960 5169 4760 1499 764 4903 1880 5294 1342 238 8891 292 
7671 6850 1220 2163 115 5228 9000 6223 7586 2917 2258 4454 6671 5384 4154 5271 8863 4549 1438 1444 3053 1663 1935 8984 2364 4729 7743 4194 120 7182 4993 6747 6674 1109 1037 6331 3124 1028 2128 7633 7372 7080 578 8877 7823 4956 6676 4448 1349 6345 5148 9998 1475 121 9468 6448 3635 1318 2981 7404 4218 4354 3822 4567 6901 5876 1980 3714 3142 465 1680 4002 1089 8557 4108 2013 6861 9856 2946 4953 9210 6253 1461 6761 9841 7551 2649 8171 5969 4051 6839 376 7802 5496 2011 850 2785 9412 239 8507 
5979 1782 6537 5377 8506 5085 6754 9989 2702 3075 3064 4912 5148 4560 739 4023 2878 6912 1416 3146 4583 921 4761 6719 2514 7631 8831 3924 9570 4299 4480 2249 6437 9759 6330 3390 9022 6074 8538 1514 4038 2216 8791 4137 4354 9250 2246 2894 1560 6995 9018 5680 4643 6904 5249 6222 490 7137 6243 8372 3588 289 1881 8102 42 8579 8890 5013 3500 2901 7646 1570 2371 625 2067 6568 6240 9882 3541 5577 5361 3570 195 2273 3682 7575 8276 6165 2049 7017 3283 529 50 700 8933 5569 7727 5749 1356 966 
7197 8973 3481 6292 3003 4940 517 6928 8019 7035 6282 588 6817 8399 5943 1584 2620 2624 4002 1390 7289 1022 5227 3652 550 7063 119 9210 1925 6399 8489 9448 4599 2200 4352 4851 9185 5374 774 3975 2464 4148 633 5971 8884 6942 917 2266 1396 4381 5808 9083 9281 5052 878 2288 2476 5409 6701 5966 3005 2933 2331 4993 6387 9571 6685 6943 6607 499 9714 5231 23 2103 1983 6997 7836 8165 7111 2199 516 372 9275 1711 3266 3520 3874 1855 3239 1012 4661 4551 1392 1875 8206 5140 3460 5471 2164 5945 
60 3948 1131 3538 5485 6096 6393 9419 1235 4270 3337 2599 9001 2949 5243 9444 7814 3174 4928 3420 943 8753 4828 1199 4798 3627 7972 5390 3050 7382 9728 1908 519 7608 3937 4710 41 6591 5075 8727 2817 410 9169 7983 5913 9389 4237 5692 9882 8715 6961 8807 7406 2459 4746 487 6315 2815 8005 4799 316 8491 7001 8962 5801 8468 5663 4808 6433 4146 561 2057 8725 7760 3684 6507 5619 2041 2539 6721 377 7935 5003 9919 6525 3923 8463 1215 4122 5478 4922 8602 3960 6837 6585 8641 7509 7924 4991 5541 
1389 9083 8565 7162 6018 6095 1682 5913 4871 6050 6532 1252 8823 808 1594 7984 7695 4566 3488 3845 9954 30 7666 4513 7776 7099 5045 3689 5325 2106 4023 3216 9990 9509 8385 7392 2646 9659 8606 2200 6645 4651 6635 9233 4728 7776 1520 4519 8479 6485 4665 2707 9920 4831 4653 1087 2150 7816 8055 2066 1382 8236 6038 1551 6185 4147 2162 3044 664 5337 2664 8858 6798 4896 9532 1076 1316 5517 2958 3904 7552 7609 9720 3792 3948 4295 8331 945 8129 5543 3751 778 3546 4114 4769 2538 3323 3752 1538 6503 
4959 4556 8134 5619 3482 6637 721 7787 6239 999 770 357 5159 949 227 6202 2777 9587 6243 5782 4114 5748 5563 2146 4138 7286 9120 4615 3905 3030 8827 1202 9208 8535 0 4317 5565 8861 4784 4564 4609 6699 8748 4220 8125 8189 1256 663 9198 9868 4652 6872 9571 6192 2354 2093 9480 3672 3091 6841 5917 8230 345 7050 7050 2967 1100 6997 2710 308 7500 7668 4912 6112 8890 5940 5013 5259 6113 2659 9637 8968 1432 3840 8408 9463 1928 7772 4988 3682 2677 4688 6238 4022 8355 9175 3415 6215 8029 7225 
4734 812 115 6411 8336 317 1975 6960 8797 800 5789 2183 4171 5497 7358 7854 8850 1279 5809 8037 7343 8947 4248 7582 8574 9687 5001 5224 609 4107 6534 3036 1680 5375 6763 612 2511 4878 6926 5295 6290 1606 5753 5826 6353 4997 3064 6847 121 7537 9168 4411 5587 6936 510 8099 7287 2022 2644 3262 7729 731 1887 6262 8034 436 9519 4625 8526 4768 5642 4788 1839 5214 4792 9631 9932 2307 5798 7397 7604 4281 5431 4310 7008 5675 1017 1427 2458 5448 5330 1421 4663 5473 3471 1434 1489 7779 285 6057 
8358 3687 5114 6399 3638 7759 185 284 2830 9859 2037 647 7278 4928 507 1895 9333 6030 2675 7372 3187 9102 1187 6267 7858 4614 9856 4605 8938 6942 956 8681 4016 4751 2166 7211 3634 4520 7033 8949 6560 8885 704 5985 229 7669 9522 8246 8155 1217 8365 2076 6817 603 141 6127 7823 6679 1909 3064 9721 9862 8043 7503 3967 3048 734 3730 1486 8994 7348 6628 6112 2486 4798 5491 1368 8519 6412 7197 2580 6389 504 6587 926 702 6734 9147 7938 3840 9938 6206 7691 9989 5446 1188 5095 6962 2352 8262 
5956 9058 3069 564 5686 1587 2328 4231 1884 1662 2041 176 3245 4743 2043 9982 9192 1898 7878 7487 9541 9528 1852 367 9021 2768 1459 1266 6067 6480 5514 9044 3041 7976 7091 7593 3152 9712 907 9344 4299 773 4502 8157 3914 992 1486 5856 2104 2012 8767 919 3287 8654 871 9341 788 9549 3103 1420 5506 2403 1856 3868 954 5752 1752 77 1170 9418 1034 5320 5062 603 3006 1701 114 680 700 76 6315 6234 5223 155 1864 2554 6631 3680 4380 486 4624 4893 9880 4877 6742 8504 5323 8688 2519 7195 
5696 8084 9163 406 2455 7495 4895 6239 8400 3236 9527 8691 4189 290 195 1443 3060 3155 4424 2345 4078 2360 5936 278 5427 8444 4871 3906 4336 6609 2820 8744 1032 8209 5591 4827 5561 2136 2828 3980 1735 7872 6463 6427 8546 5473 7223 7564 9828 2643 2462 2988 2940 8414 4096 7715 1009 3394 8942 6825 4677 2077 3498 4068 2513 7170 4212 427 5346 3487 5629 7673 7707 1978 6761 255 6628 1928 2218 505 9839 2588 5530 4093 2177 2991 9659 3171 7017 1065 2408 6732 2703 2757 588 6725 3722 3547 3579 5180 
9503 9838 6618 966 432 1656 1477 8202 8 9907 8461 2088 1302 4158 588 4478 6797 7623 8164 3402 1815 6557 4740 4954 3843 7494 3929 9328 7772 174 6845 8283 7929 5456 6738 6504 4735 8532 3275 5650 5600 7655 7431 8472 1136 6615 6108 7119 2306 8188 9357 4234 6642 7783 6808 9302 3896 9375 3020 2884 8223 6676 2375 1823 4827 8234 887 9248 6745 5262 4394 2337 8366 6306 2758 8671 2898 5501 171 3547 5228 7547 4345 2732 1425 6827 676 3414 395 7918 3955 6835 3051 9587 3953 1296 3975 3783 2161 1813 
9885 9014 9341 329 8220 5481 6955 8971 491 690 1145 2195 7441 2742 9150 2568 5498 9709 2220 5406 3602 208 8694 3060 4137 7999 9739 8261 4418 7364 7846 21 7624 7371 5792 9139 8410 2058 1990 7126 5707 741 6446 3154 6268 4445 1973 7444 6431 8183 2091 2392 1776 8759 1484 8356 3881 6488 2931 2114 3438 3771 5688 5508 9025 3681 8948 3919 4920 3534 8787 6422 9861 6251 998 3163 8987 8994 5027 9970 9647 2211 6450 4347 7635 5291 2575 2244 653 2058 9199 8490 5225 5812 9889 800 4256 9800 4144 5474 
5776 396 9633 5086 2731 348 741 1290 9939 4344 3605 9411 2824 5648 9934 8824 2773 1378 6032 5307 2222 3650 3935 3623 1650 2448 1365 9536 9412 6052 6679 235 7646 4884 6855 962 7358 9236 5811 4165 2226 8534 9701 7367 3477 392 2939 6749 5451 5784 4657 8804 1074 5057 7829 9380 533 6390 3621 9776 1375 6038 9515 2364 2615 703 8508 4986 4780 521 9237 6197 8171 8869 7730 5726 6050 7285 1090 7102 2674 6956 7457 1389 4566 2189 5447 195 6413 6794 5090 9931 184 5775 6899 5283 6134 7414 7097 7292 
4434 231 8955 2482 9871 3689 5033 8378 9279 4499 1276 7300 4409 4658 2494 9122 3480 9061 5513 7558 1631 7640 8972 6457 1867 382 7926 6422 8609 7207 4714 227 6273 9672 1988 4992 8062 9817 2759 8036 1324 6117 2689 1544 4121 525 1466 9053 2078 8237 5686 2670 4383 7401 8770 4273 3643 2461 7331 8067 1890 5097 5157 2192 7428 8155 2413 9652 4520 8434 9648 1643 4974 9169 416 7254 6099 5099 4514 1129 777 6639 6310 1517 118 9953 7512 8378 9902 5666 5557 7843 1692 6332 8028 6363 7588 8322 4197 5703 
8180 2909 7329 6360 8430 2189 1521 9483 7396 6039 39 1922 533 9857 7141 8004 2514 7375 8667 7464 6662 3372 8697 9747 4097 1381 8176 7659 5883 3498 8258 9966 1587 2653 8480 3888 7503 4771 1827 3873 3809 1815 5978 577 8316 4169 2013 3299 2062 9127 452 569 6358 9008 9594 5016 6072 8999 7767 574 557 3729 8055 5937 8641 7922 5368 406 8271 3758 8998 3920 439 551 8878 4634 5584 8696 4253 8759 4727 2811 5394 4577 2600 6702 9587 3 1626 9569 7799 8787 3121 4072 6064 28 5977 6273 1542 3317 
47 7473 236 6038 5826 8016 4080 4797 1179 1494 6576 8682 8869 7724 3584 840 1899 2032 1150 872 6692 2227 7761 6449 2991 342 8340 981 7467 3914 5719 2299 2696 4188 3199 4666 1534 3742 4524 7493 1840 5647 9984 3035 6758 4184 2166 4126 5124 2808 5922 8258 5115 1830 4818 6905 817 3728 7670 9281 2766 5585 7854 91 3089 3719 9844 1612 2892 8587 6426 6779 8989 1110 9949 7688 3648 8216 7827 9200 821 8258 227 5716 9503 4634 8075 8674 9360 2559 512 2284 321 1480 2151 1542 19 4572 3728 5585 