2881 785 5964 3635 8435 1764 1763 4218 4354 5603 1658 1020 172 3807 5153 8121 5525 3591 3136 6519 8144 896 630 1407 5971 2046 6475 5088 4576 8738 7278 4623 9898 1887 3627 5157 9416 5080 7516 8154 7659 1469 616 1437 9712 2452 3507 8789 858 9566 9071 8937 2132 9937 3212 5548 4483 5193 1997 1338 3522 8057 6933 9309 793 2743 4359 8797 1620 1469 1970 2992 3244 5067 348 692 6820 2155 2052 5129 9647 662 3677 2937 5881 6648 894 953 6078 6395 3796 4798 5391 6391 5100 3250 9133 8612 3529 6115 
1784 3166 3401 6780 9752 6401 6909 1083 1902 1190 3365 1075 3044 2421 84 9796 927 3507 2317 7613 8318 4108 7788 2384 6493 6026 2681 8778 1509 1936 4158 458 6102 3496 4995 5557 8397 7995 3342 6868 1991 5615 1805 622 7730 3724 9281 9209 1434 2666 4381 6705 1687 4589 5852 4745 9495 5932 545 8319 5392 227 2350 8742 5961 4488 5619 4474 2713 5081 3795 8895 4576 908 6860 6411 7904 8131 8491 505 7380 4852 2819 2843 605 4460 6920 2913 4108 8923 5783 9788 5028 7847 7442 2723 2671 3594 3491 870 
6317 4208 1182 1293 1001 8443 392 4814 5996 9333 4682 9417 9425 9384 5324 120 7182 4993 3158 6674 5976 4805 2730 6651 3701 2694 5459 34 3228 6572 8577 5072 1878 1219 7439 4012 5511 775 2914 8455 674 5582 948 3605 8258 6785 4376 4847 3238 3754 2502 6145 8653 5763 3357 5225 4758 3674 5574 6071 924 5765 2646 9841 6755 287 2712 2511 1109 5521 2950 9299 7581 4868 3432 2985 7540 7557 8556 8441 1681 522 5585 8438 8977 1197 3999 8762 257 1714 277 3852 6485 2381 7128 3613 4811 4762 6404 5590 
5529 8788 4015 7177 7976 1687 7878 4775 9280 4715 7625 9270 723 968 6368 1991 1345 6526 5667 2742 7551 2649 6481 2656 8380 448 3894 6499 6792 6847 9967 1845 9581 3257 2265 9065 5874 5514 3384 6729 1211 7427 35 5813 1348 9796 7518 4218 1589 5620 2773 6865 6871 7338 4799 7233 1142 9350 6380 8398 3741 9382 5041 4355 8650 1326 1818 9508 5328 6598 7909 4469 5026 3336 4918 4661 5010 1099 2086 1101 7455 4933 6126 1237 9364 5224 3889 3608 684 1319 8410 1994 5230 1190 3412 8499 1886 2941 8769 8756 
5749 6219 7099 5671 9093 2262 8740 3501 7352 4403 7894 5987 6881 4444 9904 8926 1233 7531 617 3148 1945 5124 9839 3205 2291 5677 3282 9199 2353 6236 6222 810 3090 2111 7431 6054 1323 5160 5289 4520 60 5649 5147 2679 6796 4921 4764 1725 1469 3046 9563 3042 1610 810 6266 3958 8154 2633 6691 9719 3703 5886 702 9729 100 6015 6918 4496 5907 4336 2458 2460 2856 5483 5792 7013 3971 4230 563 6170 7253 7645 7048 4682 4433 1672 5337 5025 8918 3853 7094 990 50 265 4446 9117 2797 8556 8544 2995 
6084 6502 6010 2862 5819 5353 1043 7127 7437 9 820 3483 7209 7720 3524 2947 1394 9896 8253 8292 1933 6808 7412 4796 777 2358 2527 3870 4603 6885 4420 4021 2166 4936 17 9111 5952 8934 4499 950 8437 9259 4677 2765 4911 6913 9610 4901 6052 2232 7229 248 286 3636 994 3398 9538 580 8069 6561 7701 8790 1631 4830 8503 8054 6815 6854 2805 6798 901 393 4597 2619 7216 6076 573 3937 329 8347 8499 1775 4454 8513 5162 4050 6277 6567 4805 3645 6601 807 4937 4664 2697 4692 576 6238 4746 5103 
2663 1339 5231 3472 8577 5411 8889 9034 2331 8426 7987 6222 2934 4264 8698 3711 4328 1104 1554 9695 4515 2011 2579 9441 902 1155 3782 5857 1945 4500 272 8045 1355 9326 9651 2225 8508 2117 9421 9404 6933 4887 1436 9899 3453 4790 1008 920 8519 5493 4229 9401 9325 8411 2062 4344 7738 6327 9396 181 2263 1967 67 5688 5490 1453 4975 2794 4369 2398 1223 7939 3294 2678 1355 448 2443 6473 4160 2612 1351 6916 4554 5147 7214 5584 2722 2920 7037 76 1300 6982 7093 9319 699 3180 4535 4274 6092 5303 
7850 532 6654 330 7560 5208 8947 792 8021 7695 7019 390 9272 3277 2393 2266 5303 3475 9640 2640 6149 702 3841 4306 3393 8029 9301 7877 4099 1102 944 9714 4965 5395 5204 9456 8337 6119 2650 7585 6280 1950 3576 5678 4790 6787 1303 579 7397 1719 1867 8997 9000 9017 9985 4654 3201 3682 3271 2159 8503 8144 4040 3254 8176 8477 2160 9119 2717 4114 6273 4032 1764 6049 4405 1501 7137 9110 2159 3218 961 8042 1230 5261 9604 8307 2697 9649 3587 4900 5432 9588 9640 9592 676 9627 7817 4058 1120 5970 
748 9707 7069 7126 1630 6462 2766 2884 7380 5239 2845 151 8137 8686 6958 4134 6020 431 449 3500 2849 6356 2892 8945 2507 6277 3921 4054 7580 7923 9853 2385 2382 5091 5273 9389 4237 5692 9624 2250 1778 9471 8861 9650 939 3324 9027 3434 8464 2555 6657 4542 3595 3479 1111 547 4160 3115 7864 4550 5923 6681 6723 752 3370 2398 7717 3099 9376 3417 4432 4603 5515 265 2370 9015 2182 9900 5081 4170 1640 206 7867 3731 7804 7049 8069 446 2532 7826 3407 7495 3332 111 9337 9913 3792 1217 5341 3748 
2939 6175 257 1835 8478 5234 3176 977 4156 9749 6845 9802 8697 4786 7251 655 6991 8125 8759 625 7113 6105 1865 4274 8035 5253 6872 8495 6326 8457 6545 6933 7366 4931 15 2928 7572 7603 2323 8890 6705 1442 5971 1517 379 3381 1457 9142 3312 8621 6813 3876 7315 5689 9225 968 9860 8485 1991 7892 46 3713 773 2156 504 7539 9597 5125 6991 3202 9757 5106 8843 8990 3176 9809 5210 7102 5093 8919 5845 3499 5573 8559 5477 5698 5141 8198 737 7077 7282 2230 2325 5715 468 1867 1941 561 2601 854 
5705 1853 6507 8428 2571 4804 375 5452 5685 147 1475 6038 8909 1543 3044 6719 207 8858 4896 7684 295 6092 1869 2449 5839 8619 7503 3002 1478 8822 9931 5544 8170 1781 2358 9153 4026 5922 3015 6065 3720 9642 4299 6919 3661 7654 3375 7418 6554 4191 8051 7719 6948 681 1075 716 5352 8659 6086 4143 6023 2642 7179 5560 7102 9862 2838 4372 4330 2339 6652 3654 3317 5774 5858 9640 5390 1805 4359 3051 9658 8868 1188 5966 1087 2352 764 510 8262 6945 1597 5953 5281 6649 2990 8519 317 5686 6450 7299 
2328 3365 1884 2041 176 2991 3245 7314 7465 6330 2145 5228 5231 7873 5217 1676 8872 1556 5129 6067 1284 5514 3967 7072 4538 4211 1409 7134 560 9003 4587 8619 9641 8851 3456 8842 3277 9525 2281 5566 1468 9878 9451 698 6966 2716 4864 6696 3099 5932 1791 3361 2871 795 8876 2754 3914 1738 402 8547 7112 1034 2574 9898 2336 3122 7013 7760 8519 3609 8776 1529 2444 3620 4877 2593 8490 3205 6441 1534 8363 4640 6288 5291 3510 2697 7997 8397 7451 8552 3091 6200 3670 4627 3424 1593 4852 6203 181 1815 
410 6555 4937 6972 1824 9861 6747 4045 3855 8920 219 5952 430 5573 1939 9051 7125 9651 5341 4469 7973 6196 4677 5242 8196 9727 7228 7593 8586 6944 7670 8634 4936 3609 334 2444 6024 1404 8413 3467 9565 7189 9124 6646 1024 5620 4571 9277 1877 3189 2860 9204 7086 588 7747 2596 1064 200 3650 819 2327 5869 5338 3429 4836 2016 2685 6214 9595 7531 9444 5363 9868 8546 9439 4317 6611 4241 4207 23 8328 8597 3467 9077 9024 3786 9526 3329 5422 1772 4292 9297 8126 9997 3317 635 9431 4670 3484 6242 
5270 3752 9523 2018 142 9138 1603 424 4143 8978 259 6380 3741 6437 8759 9443 7274 8365 7019 9495 618 4691 227 2537 4488 5619 336 5081 3101 3859 6251 2661 7486 8963 3128 1169 9632 7207 1228 4372 5038 4051 5380 7687 2158 4053 5624 6215 6389 1711 4589 3186 8797 1333 1521 5692 7044 3186 8285 768 428 8081 8403 731 1540 2945 5637 5969 2353 4135 6688 3366 7339 2686 8419 618 7826 7260 9729 7056 9857 5273 9712 4945 7256 1534 346 3332 5498 7810 7826 3771 4420 4235 1703 5829 2710 7441 8862 5425 
7688 9625 8189 6346 2832 9112 3750 5305 2683 5651 4409 7502 2220 3841 4405 3897 7820 8318 2767 21 5477 3814 9243 5591 8054 3780 7239 5095 7341 9799 4108 24 1803 8518 6039 6233 7339 198 7882 5657 7001 2030 8779 8830 5845 3612 7788 1307 7921 1609 8951 6493 6089 4150 6184 8652 492 8228 7263 4276 3700 6207 6704 6612 7887 9680 5517 2583 3995 4099 9162 6202 6114 9094 5326 5783 2887 5853 9650 9015 2567 3207 9574 5621 7191 8511 8675 1070 2435 1659 2144 6136 7229 5156 5305 2929 7172 5162 9579 5865 
1242 5823 9462 4299 4186 1796 3941 2212 2953 1952 6520 3136 2883 5002 7293 4776 1359 7406 1642 3147 4872 5091 7349 7384 8716 2241 2936 8611 8897 9347 1841 5964 3558 4139 9472 826 7514 5684 9357 670 701 3084 8570 8297 6505 298 6818 8334 5240 7332 7260 2996 7922 2234 5091 670 399 7927 5188 8918 5406 4107 4778 9851 8549 2430 1853 6700 9124 4223 3472 9880 4897 1140 703 9188 8079 4404 1470 3638 5858 1724 2363 8601 5394 6041 8159 1743 9515 7655 5034 8907 3804 2063 4454 9272 9192 9848 4007 1662 
4202 4358 1115 7091 3034 9208 5837 5123 2942 4350 481 5034 3512 1731 8793 9433 1504 1820 467 3492 1326 1352 470 5095 1332 9782 8289 9615 134 5044 2768 4861 9609 5760 8528 7431 7932 5805 6260 3748 4388 6625 2510 2324 9600 618 5095 8795 7425 5225 8767 8699 8522 9896 5353 2852 6396 834 44 8263 8933 8885 9821 2033 5855 3842 2949 6326 6852 9497 4636 6681 3887 4054 1583 220 2919 493 2304 8153 4133 8458 9895 422 9460 3068 6897 8728 1505 474 6875 9033 4287 7172 5240 3699 9843 1374 2601 8910 