4684 8193 840 3904 9518 1869 7552 983 8417 6395 3792 3948 7987 8331 4752 1944 5848 6422 8843 3863 3797 4798 3266 7545 5491 7059 1368 130 250 1698 1846 4395 2468 4697 7473 286 5663 4083 5110 6814 2649 4729 284 6659 7743 9578 7028 4059 7008 7395 9637 8290 4036 6421 1781 8166 7708 9642 8435 7196 6833 4627 7839 5409 4156 3429 1807 8477 6617 5095 8069 1081 5979 7043 8436 7503 8578 1972 7634 579 9277 6272 6449 7331 3605 8535 536 2315 2894 4362 1583 4790 4203 6556 3879 3229 5217 5146 92 9604 
1793 9563 9179 4432 8939 4086 3274 462 4563 4560 1096 6845 9574 5930 1074 876 1070 2657 3048 6075 6152 438 6138 2737 6259 5761 2398 6879 4699 6634 4036 3135 135 4964 3044 1344 348 1957 2153 3673 4069 6987 4240 1978 4455 9447 6193 7934 8937 6420 5795 425 4054 3613 2562 7245 3917 6793 6117 5694 1824 6116 9138 1169 3567 9941 407 5125 7086 2961 2132 8188 1610 1069 989 164 8956 2978 1658 5190 28 4424 8776 1998 5204 3865 606 6645 4931 4936 7418 5470 5628 1006 234 747 4184 8650 4009 8941 
2542 3797 3242 9058 52 1244 7410 5432 285 7123 5288 1133 3831 1427 3465 8042 9981 7485 3596 8205 8338 8228 8460 9193 188 3261 7569 6809 5663 7231 4272 8862 5192 9880 3801 5916 3462 1199 8040 8467 4310 3952 3898 6415 1862 6659 1921 3420 1887 7156 9735 9985 9188 9796 5375 2034 3085 6507 5778 9628 4577 3863 2214 7545 1368 8519 130 5019 1846 7664 1527 4083 6814 5728 7743 2157 4194 9788 7305 7489 6807 6265 5812 1929 7461 5095 2190 4570 9280 9790 3325 9486 4692 5854 8512 8148 7507 8756 1431 4709 
1978 6516 628 4954 9140 3606 850 3508 253 8308 7220 5222 3411 9393 5893 4343 466 5022 7664 737 9562 3713 1279 9652 919 1659 3659 1375 4059 6476 6700 3190 5789 1002 714 8290 8301 3839 1566 6844 6296 8720 9642 8435 7196 7694 7450 1475 7839 9777 2744 8873 9968 8706 1534 487 1522 7160 8306 7197 4004 6472 9845 533 8565 203 5636 7000 6895 9184 3737 941 2370 7539 3845 5378 3622 3590 1920 3442 6991 1151 3202 1754 5106 3004 8843 1579 2218 6590 9047 2539 8474 467 605 8097 4433 8714 7409 7645 
1596 712 5576 4953 5873 8982 4764 3808 9809 5265 8181 3778 9715 4563 7367 7102 4747 612 8606 3164 3206 1797 4878 7492 2348 454 1003 8919 6766 746 3293 6858 6793 2280 7861 3363 4387 9888 9187 1195 116 1751 1263 7798 4341 82 3421 1528 5064 6447 5234 9024 9056 1216 583 7388 3798 3571 9533 2798 2741 5597 7975 3461 7118 1689 9084 6103 5302 7433 7438 4644 4219 3774 6728 2729 5614 2078 1563 1716 9358 6796 4332 5393 341 7070 7172 5477 3408 1202 6260 1697 5336 6637 4758 2915 5436 9133 22 2832 
2780 2540 1763 2566 8804 1725 9085 8362 4266 1507 9462 5802 8622 4849 2831 1789 6657 6423 4827 9247 7388 6372 3261 5072 4410 4414 3588 3904 1245 63 5891 2889 7289 7466 225 869 4393 2743 9761 7663 2572 3999 1198 6401 1711 7270 6101 3083 3631 542 9565 8033 136 1639 6300 537 8088 5223 2437 8502 8466 1280 2388 2936 9352 568 1071 5259 7242 8607 5826 609 4848 4666 9517 929 6332 390 1342 4318 1734 6754 5053 48 6380 662 9382 1960 306 8530 8318 2889 2260 4985 9791 7029 2446 8543 995 9750 
8846 9394 1237 2029 718 6707 6779 7464 5785 6451 4709 4008 556 8758 717 332 1954 111 5644 3636 7776 3485 2752 6760 8005 6822 338 2869 8135 7604 1854 1953 9472 3829 3445 7543 8612 729 4517 8286 2871 7716 2532 8191 4653 6111 8027 8561 9822 8435 2952 1442 9328 9481 7618 1504 7548 4338 9563 7235 3610 7090 1113 4269 5711 5804 3007 7158 4698 5700 6260 439 4593 3227 630 4070 1276 1606 9820 3346 5911 4345 4357 5784 6462 8788 1204 4423 7802 2845 151 183 5352 8686 5765 4134 4269 6020 431 8313 
5921 8359 8735 3500 6353 6474 9447 9529 3399 3251 8247 6773 8149 6670 7450 9496 142 8683 8210 5051 3582 9233 6410 1403 2354 5992 5496 8951 2221 5134 8778 1961 9411 8306 9316 5309 6863 8384 6058 1103 6832 4671 4249 5714 8578 2529 1575 1770 692 3824 2877 3791 1612 217 5154 7114 7877 9372 4459 9901 8036 646 9768 3802 6613 4503 1482 3899 6424 957 6910 7261 9429 7565 3862 3171 3670 2944 9473 9848 3029 1562 1473 3300 9589 8408 8415 9821 7082 5936 4819 6053 6891 2390 9945 7664 6795 8781 2650 7933 
8851 3830 8978 9573 7421 3502 8474 3393 8755 2766 5417 6877 9415 3490 5072 8858 6728 6668 9616 5614 2078 5285 6438 6868 6011 5463 9661 5977 8376 7542 953 7498 6555 3085 6507 9198 8166 4714 2174 6695 1508 5049 4407 2254 470 5557 9621 5901 2562 2443 5328 7488 2269 1211 5897 7324 4245 7518 991 1589 7090 3828 1087 3637 5410 9083 7076 5909 7653 5830 5931 396 4946 1719 2182 9699 2310 1723 8493 7215 19 3034 4932 1219 3277 6660 9593 4229 6618 8223 2777 9750 8931 645 8465 8856 9827 9829 3487 8092 
1416 2222 1548 9737 8931 6869 8616 6217 1086 2735 6312 8853 2965 5592 7251 393 2495 7008 9777 3900 760 9221 5863 7256 6095 2830 4551 60 7835 1888 8669 8471 374 3970 6145 7625 22 8233 7748 4860 7668 7520 81 4388 8063 4984 7077 3774 3605 6124 7971 2907 1122 9918 1661 8412 5740 1605 4407 7487 9779 1540 6773 6604 4663 6324 990 8948 1597 741 6818 2881 9956 4893 1236 1664 331 5160 9484 7265 9910 8117 8783 2687 1274 7996 1471 7695 9163 9751 7631 7717 9523 2218 8893 2706 7883 9278 5340 5843 
2344 194 7253 3960 4293 4999 629 3308 7952 6966 7160 286 6991 84 5931 6464 6561 174 8883 696 371 3970 5371 2901 2960 1780 7001 3257 6725 5477 831 1677 4845 7415 750 1550 7492 108 5377 2110 5950 7628 4991 1554 3153 6117 5741 6167 6577 7513 8856 7348 3984 9046 1149 5926 7379 5282 7227 3175 2216 7653 8581 7284 9734 2514 2976 8250 5352 856 1175 7163 7488 1057 5557 698 5602 612 3280 9528 8419 8691 5514 7826 7853 7260 1100 4205 7238 4106 2026 5744 7846 4945 9657 9282 1332 4928 5827 4493 
5823 2650 3951 8851 3830 8978 7382 5998 8434 8474 3393 8755 8216 5417 5728 7565 3149 9147 9001 6825 8783 2887 9468 4049 8552 9318 4199 4902 9717 60 4206 9804 6909 8286 9711 3118 5479 2448 9449 4794 7720 4505 7212 9906 6022 7272 8505 9345 6384 2537 1806 9098 6835 3133 8060 7280 6589 4532 8281 2470 5344 8575 4353 2914 5732 7331 8216 6333 9376 1757 9386 5707 9923 4949 9293 7008 4118 760 2764 9935 1628 596 17 2513 5873 8349 1958 1319 9078 7538 2682 6075 4030 1573 7678 8706 8975 9492 6046 1589 
9889 2988 6209 2839 6637 7118 1912 7354 5969 9880 7694 1937 8374 7055 1959 5225 323 7450 6121 8709 1838 4184 1159 2279 9293 2834 5456 6563 1334 1277 6534 6800 3436 9044 3321 5326 5430 4346 6426 6809 3228 8149 2871 3977 4729 9643 9761 1638 8382 8707 4645 6816 412 1306 5269 9353 2206 9199 6074 1277 9377 4600 612 4293 8567 5034 6190 7813 3109 4356 3325 5022 8966 232 3985 1586 3499 9804 4796 7338 6372 7580 7078 4814 2655 5940 511 3388 5980 2974 7297 3031 6333 1963 6834 2796 9265 7037 8434 3750 
2976 1983 4464 4975 7849 9675 8303 6288 251 9320 1655 4841 9122 6762 596 2629 3402 5774 4113 1352 6474 6529 9267 1326 3635 991 1012 3368 8402 9657 1551 9148 5239 9973 9566 6517 9196 7408 4527 4027 2365 93 7214 974 8254 9304 1286 5798 7520 3138 4218 1544 2256 7912 2297 8047 8617 8030 4308 2916 4578 5237 2520 6902 4245 8837 2972 9700 4726 4368 6295 4413 7225 539 7365 2165 8225 1251 6405 9073 7440 606 574 8534 4163 5105 6356 103 4228 3483 2318 8423 6520 4083 2618 6677 6551 1293 4599 8237 
8603 5589 2105 7664 9468 8743 791 5517 5845 5649 6791 7155 3932 9406 4599 1231 4761 1969 7618 762 8910 2843 1539 51 9961 2123 5394 4624 8377 7647 2083 9938 36 2447 715 1972 7845 1290 9404 2997 9641 8861 4849 1019 904 1353 9056 3040 4467 5871 2089 4368 1683 84 4470 9115 1852 3535 786 7286 9792 4069 6961 9853 511 4347 3852 4808 564 9250 4837 826 4476 614 3912 9300 9395 8049 7299 588 5541 17 1463 1058 6749 4326 6712 4000 2049 7078 2768 2390 8254 3735 8015 6548 7425 9630 6243 53 
4312 2655 2942 2155 2956 1281 5309 4688 8031 9949 514 8075 3917 2012 2530 1259 3889 8920 1304 9722 4105 80 1284 6037 6498 6307 9005 4967 458 2402 8210 3541 6512 3241 7553 2374 4095 3292 3054 1732 3830 6883 8297 5933 7105 5731 5358 7049 3646 2097 8864 8537 3490 2367 6169 9945 4723 2012 7664 8205 5105 2713 8299 1162 3515 7140 470 3800 5003 2034 4544 9385 6097 6889 6269 8108 8847 6571 3251 943 5859 8607 3584 6629 9997 5259 8394 5936 9239 7232 8256 6143 1215 8400 129 6218 5025 5456 8732 309 
4363 2235 287 941 9206 4489 4441 3880 8889 3126 3878 3029 8330 4245 9061 3502 6422 3764 4968 3626 1710 6159 2990 7534 5941 3778 5807 75 9937 3174 9008 9420 4999 7955 4341 18 2302 3582 7849 8348 8755 7440 4065 3249 9289 2829 628 4901 7368 506 645 1190 1719 706 4981 4169 8540 9980 7566 2366 6150 5985 7571 5133 6984 6735 1744 4950 103 6069 9297 619 5563 1703 5814 7416 4215 5098 5228 2582 6127 5893 3479 3408 5006 1662 1847 8800 5053 9593 7618 2380 4982 7777 9790 3782 4126 8531 2460 1690 
1855 2302 9321 9283 5580 7551 1018 9332 6796 2007 7143 6977 7838 1461 8951 3730 2177 4526 5506 6203 544 4652 3455 6267 9696 5554 3866 6742 9483 937 6602 6151 7304 726 4721 6709 5080 4485 423 3312 8458 5020 9613 4752 3368 9049 665 1502 738 9972 6740 2376 7339 5803 6795 1376 3951 2866 7334 3893 5998 7537 1960 2141 4238 4863 2592 5728 9415 6561 6401 1190 3365 8236 5671 9196 4147 1229 5897 2108 6904 9790 4492 1509 458 3325 7176 3762 3420 5615 7882 7907 1279 2726 4651 266 5271 7280 4097 6154 
6533 1226 2699 4763 3419 6875 1366 9033 4248 6543 8118 3699 5047 8786 4147 4094 6163 5007 8374 1684 7799 7358 2689 6773 5794 4019 2650 9555 3984 9674 7228 5294 5179 803 0 732 9690 3640 5211 6390 4041 4929 2230 3595 2921 8855 8855 1308 8325 7347 7631 8025 1208 2169 426 8168 7519 1954 4570 2940 6338 5215 627 5695 5812 1453 254 4209 9904 820 4884 9180 6651 4211 6937 1753 1578 253 6646 9577 9648 7064 4137 6781 1755 890 6671 3151 6631 1269 7428 8071 5675 2472 2384 498 5264 1851 6667 8194 
9484 2683 4683 9502 6212 4468 7646 3269 1267 5002 3376 7922 4394 9077 3894 4789 5091 9729 7349 232 9913 4734 9714 1594 2348 655 1077 5747 1204 5904 7439 4712 2633 3889 7340 5367 806 2936 3463 8585 3563 2599 5730 9061 3775 6352 2507 6084 2629 7954 2874 9198 4068 7511 8534 4264 8432 1137 7524 6415 7807 8817 2336 1289 5340 9313 8069 4418 2346 8390 7879 3828 1470 1063 287 9752 3811 5542 9273 8393 1365 7171 2359 6626 5327 6928 5577 3570 2335 5642 2438 5521 5801 2148 4859 968 7827 9860 3225 6368 
7664 5279 9562 3713 2156 9652 504 1887 9486 1908 1650 9527 2362 2072 8543 8768 3976 1558 2581 9658 8299 4028 8559 5789 4338 3468 6559 9964 4208 5374 8123 2080 3652 550 2181 4551 2130 1525 3037 7710 3760 4725 6855 3824 5041 3941 6543 486 3396 2735 145 127 7377 7417 1857 9809 6307 4021 4703 6546 4987 6616 9153 1280 6774 9729 3380 5838 819 3676 9351 2546 293 7873 3191 9808 8940 7779 5997 530 6625 1956 9865 5876 5770 5291 5607 5415 9797 3113 3658 6620 7027 3552 2937 5762 1123 9468 7890 342 
4802 7717 5567 752 8990 124 8402 8324 3232 1304 1900 5679 9275 7599 3744 7183 9607 1292 4482 716 8398 4491 7253 3456 7302 9919 7145 1825 7441 31 1931 5662 2701 1155 8215 5410 7927 5034 6574 3214 5073 8065 3129 8926 1682 1671 8806 6045 9907 1228 1612 5903 2432 8318 8380 9856 3780 9071 8195 501 2752 8721 614 746 3134 351 946 7613 9141 5117 993 4347 9593 6628 8967 3922 5315 7958 9582 8788 2377 6801 3975 8417 4934 5989 9989 7175 8187 9560 379 6361 4540 8515 3861 4599 9162 6776 1803 2913 
6686 8016 733 7442 5544 4578 3594 9708 1055 8443 392 4814 5996 9333 7922 612 5539 851 8972 7647 4027 6845 1437 3945 9275 6844 9659 6972 3896 9553 7577 8129 6875 7398 6750 1462 7856 9595 4205 3637 5083 4298 3606 5078 7288 8095 8804 3997 2075 8262 7873 8019 9650 4604 1871 9159 4316 2093 520 3919 2294 2708 3342 9519 3845 8560 2569 9824 6347 5109 8934 4272 5395 2376 5113 1218 155 5284 9440 3305 8884 4473 7446 298 5245 5763 5441 5870 3772 7131 1604 2614 4303 8035 809 7584 5087 4482 579 745 
813 8717 4510 3602 3744 6018 1875 2474 4448 7895 4584 2280 3296 5535 63 2385 5297 490 5891 9016 3765 7137 6243 4711 3380 4296 1342 4836 1418 5458 8812 3426 8359 5598 1019 4411 9440 3862 3973 4109 1317 2191 2238 4047 3414 5668 9205 9968 7534 4913 4852 2486 4242 1987 152 9522 8304 8072 8882 9573 4958 4480 8360 7638 941 6166 4162 4712 6785 3091 5113 9825 2841 5093 2556 9653 5401 9851 7045 6899 5840 9910 9896 3409 9654 343 5399 5078 3264 7024 3119 9861 4012 1776 491 9122 3828 5762 7643 9680 
6502 8870 6247 699 9647 7871 4669 8192 9001 2331 9877 4978 6460 9836 9251 9355 1919 7512 1861 7524 5576 774 543 6430 1763 9839 1906 9152 2112 6102 8509 6838 9662 3693 3025 1131 435 2015 3531 8931 8531 9003 1444 8411 7347 8618 5417 9559 6376 9839 764 9750 2313 2864 7623 5119 9138 6852 5535 1346 2866 5539 3209 1284 7678 1213 482 8369 5784 1204 2845 183 5765 4699 4520 7615 4002 5921 449 5469 4420 807 8945 1578 9465 6277 87 3921 2367 2817 7416 4237 5830 1419 1202 73 8807 3898 4746 4493 
5823 1376 2650 1254 3951 8851 3830 8978 7382 8510 7537 2618 1324 4726 3286 6673 656 7565 9160 7939 5406 8444 8987 7444 2205 6504 1808 1229 5829 2251 4850 4678 2874 7143 3952 7170 3730 4801 4945 9564 6338 4108 4172 4029 9276 6570 4055 1322 2196 3673 835 8733 8771 3242 7355 2019 9807 9675 15 4789 6681 8179 4187 8178 8971 1946 3501 4391 4834 1392 7336 8068 865 3404 9549 6106 5060 6205 4429 7674 4455 7618 5043 2575 3923 8966 1769 2564 5541 6018 3512 4341 8423 3765 2697 7841 5006 6459 4619 528 
926 9436 5106 9782 1465 2951 175 4360 621 3990 9093 6480 381 3520 7184 4243 4623 1798 8042 8754 768 5728 4425 1788 881 2692 4322 453 9838 4461 2149 380 8726 9216 535 6408 2992 4570 3177 6658 9279 1683 9072 7769 6466 8519 7127 305 516 3315 224 3376 6449 1671 483 4604 2605 8077 9789 5134 3121 1640 2433 696 1213 974 1009 2133 5539 3810 3562 7798 380 3056 4984 1133 6662 1072 7397 4170 9485 2246 6755 7746 7730 9489 8918 3033 3184 6716 9765 6124 7974 7040 314 8112 6492 5509 8073 7014 
1346 1528 9775 9274 830 734 9652 310 5822 8844 5737 2454 373 427 5613 8500 5284 1998 6739 9525 2757 9419 8938 3445 2919 8669 4925 5259 6915 4841 9015 3416 6247 4496 4726 4036 3998 3842 6567 9995 8863 7527 9497 8776 9110 5618 6202 9040 3168 4017 3746 1959 6571 9139 7896 6137 6112 117 2173 7206 6596 99 362 8274 7357 9792 1082 4996 4040 6667 9139 8170 4379 2106 8800 1260 3907 3773 8152 5547 9455 6545 7955 5962 4383 8067 3511 9265 5855 5260 2812 2751 6976 1395 1190 1551 9196 3612 2415 9134 
9973 5983 3673 835 3984 8187 4395 3591 4421 4059 2948 3098 320 9313 9472 463 7558 3828 1063 287 9752 4708 6401 6909 5542 2054 5685 1449 3525 147 1083 6707 2150 6995 1902 2066 9998 8236 1551 6185 1075 1543 854 664 4802 3109 8781 1254 8851 3830 8978 7382 8510 7421 3502 3393 8755 6943 3349 955 5728 6316 7565 3490 9147 9001 4800 4684 2420 4656 9468 7005 5307 5646 3971 5186 6877 1570 5841 9527 6398 2466 6183 9758 7432 9415 1413 6599 6305 5295 966 4740 9466 8707 8750 3746 6282 1954 4850 2989 
7996 5384 5314 2122 1236 8209 5037 3948 5393 8598 2878 135 386 5770 5565 8272 2989 9938 749 2174 7151 7211 1143 8642 4152 9873 5544 4497 6923 20 6281 481 2774 2557 9737 2543 3950 1649 5788 2040 9115 3784 2695 1425 8942 3442 4296 7054 3321 8549 7906 1191 5220 1774 7583 916 9157 5662 3072 2781 5221 5726 4423 168 6804 357 7192 8613 7345 2566 8319 9694 3862 4907 957 8413 7605 4975 9554 9773 3526 8969 8201 8915 2842 6655 5539 3714 9034 2557 2474 9903 8544 4233 362 3871 4215 7154 7638 1282 
777 4345 5652 7171 1969 1447 8118 8619 6595 5773 1729 2108 2865 6543 4289 3226 7745 778 3577 6027 1483 6692 304 5864 7556 8251 1511 852 248 5630 7113 7392 157 4512 9091 4817 3291 5676 9765 9959 7757 9648 6485 4344 4060 9251 172 2327 8053 3116 9332 8514 902 1723 9401 6311 9707 9513 9355 2736 2989 1358 1351 3912 5700 8750 2169 2973 3813 4510 1224 816 8689 2327 6507 6758 5326 4238 9202 8379 5936 3431 6845 3274 7689 7727 837 2280 5957 1231 4978 9598 5718 1075 2569 1624 3892 3914 7038 2971 
7275 6286 8788 2453 6031 4353 7795 4267 7235 7138 9593 4220 1036 1461 7444 6283 2402 1068 2060 6824 163 4942 6108 6634 2632 9285 4024 5105 3910 7580 1041 9100 1497 2260 9147 1742 2076 4676 6943 8778 8636 6782 2214 4325 1549 813 2467 9328 5048 4220 2984 2495 5158 2135 1010 9842 6207 6309 856 1233 4739 3226 1128 5038 7316 4461 2284 6088 3591 9219 7400 7586 7417 222 2655 120 5691 1064 5572 9091 2230 1606 6851 4608 9719 2923 2046 7809 6450 7332 7110 8316 7159 2616 5395 5506 4038 3325 6732 2449 
5841 1980 3301 1295 6732 773 1743 7465 3922 7735 2783 808 3943 3105 1954 6224 9985 9426 2959 5521 1272 9447 5147 8535 1304 3921 8114 561 5622 3099 1954 3925 5877 7644 9321 9824 3645 3634 6940 8918 6969 24 1357 3299 9473 7560 1870 8778 2294 5407 5743 2710 8454 1498 805 7949 3791 2008 6603 4751 7105 4304 4618 2409 3377 1025 8205 2579 5845 1143 9577 7769 7104 1749 4644 5326 1605 2899 3764 1385 1304 2292 9499 312 8464 6325 2639 1389 686 4609 157 8785 1744 3116 7831 8459 7272 9651 8280 9921 
6431 4219 5724 2541 5705 9374 8084 2627 6543 8423 3709 3922 4457 496 3176 9685 6222 1119 7476 4277 4338 7331 5274 3008 93 5950 667 3477 9330 9651 7352 3192 7282 4357 4834 6467 2963 994 4002 274 6358 4128 550 4760 5517 4706 5069 4371 2997 4571 9594 6072 8999 604 4184 2312 7014 6506 4011 7042 3346 3563 4158 7358 885 553 7086 8152 6764 5054 3134 8302 2658 4111 7053 5933 7155 4889 3772 1316 5489 4124 796 9829 8173 3493 8376 7782 7838 8726 4871 8711 9327 7947 1502 8725 7369 8205 2594 4695 