8434 7537 1960 2141 6943 1680 4857 1764 1763 4354 5603 1805 6833 7927 9692 6270 3591 8514 2336 4421 1289 5340 9141 2601 8477 266 2335 216 7032 3581 7952 7516 9277 6543 5262 7417 2043 1976 9809 4828 4995 5529 3461 3016 4205 4001 42 4178 8551 9556 9808 971 3104 4778 1782 666 4985 795 7893 2946 7029 6404 1850 8543 995 9750 3441 8846 1237 2029 6707 7464 3933 9281 4317 9345 8704 7185 2980 6856 3575 5311 8715 2648 1448 3073 6980 6179 3234 1958 5378 5731 5305 5167 616 8886 4423 7000 2929 4225 
7967 2361 7172 3118 9348 6530 9804 6532 7356 647 881 2730 9782 4436 3574 1405 5535 6998 187 6306 5891 5165 2892 9542 2943 6199 805 7178 9887 252 88 3358 7133 7140 5101 7928 5086 7533 974 1490 8101 5072 8302 836 2898 4560 310 1932 1811 1755 4655 2182 8047 303 8204 6380 5497 3805 9598 4379 5231 3462 4831 7783 5224 3562 7151 3067 1928 7158 45 7165 1503 9339 6399 2561 7129 2936 4877 1415 9202 6415 7704 3311 8797 1883 1263 4348 399 5461 1310 2171 2162 2027 9302 2126 7737 2369 8335 7631 
7379 6128 9019 7973 3468 4955 460 1284 2341 8237 151 2193 6528 7947 5542 9083 1481 8383 2037 9721 8955 4702 9881 1805 6833 9692 6270 3591 8817 2431 4576 337 131 6448 2881 6371 7118 5109 267 5095 8890 4280 1038 6994 1576 4488 1001 4702 358 3349 4174 1299 5043 3872 9415 3490 9147 787 5566 8927 9689 1992 4436 3216 3290 1133 8885 3057 1640 8609 438 9447 3607 3316 3285 5532 9666 4970 9482 6215 2005 2559 3393 1202 3183 7016 6565 5039 6319 839 9927 3212 6859 7475 1829 7409 8328 6402 7239 6587 
5661 2884 2227 4948 1267 5115 7546 3146 5644 9802 4903 9411 4479 233 9758 9880 499 4784 6904 2603 3321 2429 4139 8522 1579 7652 2065 210 5677 6168 9315 1599 6343 7603 3280 535 1724 3555 1214 3702 2234 1935 7372 520 9179 6377 3471 436 2994 104 1149 2893 1783 5119 910 8457 9512 5592 559 5062 5909 6623 1212 846 9485 7993 6008 8841 4706 3354 3292 3582 8431 5323 9526 2012 497 681 7439 1552 4289 9002 2771 8394 406 5191 7884 498 3839 7560 9290 2443 6354 4292 9297 8126 5750 7478 2273 3668 
8121 1216 6256 8427 7565 4738 5541 6761 9509 6846 8622 284 7551 823 1981 5770 1124 3088 8297 9554 8397 6972 925 9305 272 4708 5935 208 2968 1071 8908 1306 4330 1879 1208 9707 2708 682 5227 3366 2027 7163 4228 5557 612 3280 2573 618 9412 5232 5145 2308 5819 9710 1732 7994 7209 7720 1379 5846 5097 3385 746 8759 2229 4362 1583 1137 6872 6556 1729 4045 4659 4883 8783 1842 3656 7173 4003 9975 3843 2768 7373 6967 389 5039 4574 1253 908 5325 9302 7764 4370 1061 3778 1163 4082 2704 9712 402 
858 8052 5812 6247 330 6793 3508 1563 1007 1550 2449 7503 2703 9325 7236 1727 7986 6654 9590 3739 8684 3999 5541 6055 4026 6932 6284 3425 655 2136 4796 3105 3360 7415 9422 4618 8367 7851 667 8436 2690 8244 5008 584 5976 8953 8327 1958 3271 5993 3572 2261 6636 5427 1645 5692 6593 915 6322 8110 8791 8166 9330 3784 6860 7994 9474 2766 1390 5052 6866 7534 3593 6272 5928 9693 2590 6453 6144 958 1864 4177 4246 4453 2396 3923 1549 8200 3578 1003 4475 1150 9569 1654 2759 5230 6683 1952 8991 5421 
9 9494 7781 2210 2091 6476 9848 792 2560 9486 4227 1972 3666 2652 7956 7733 2571 3516 3087 5764 4463 5877 5538 2174 8129 5902 9088 5960 6240 241 9882 8611 2136 5501 4463 8195 9324 8934 2221 6003 4899 4262 5321 6234 8439 8236 6502 2072 684 6361 1083 9618 2900 1339 898 3521 7333 2514 6981 2215 4143 4830 5180 2642 2488 7179 3189 5560 2201 6122 63 7045 3109 5469 6652 6590 3492 6173 917 2295 4719 6694 5869 7301 7946 3857 9677 1218 9093 6885 2369 6898 7392 791 8708 4162 1646 5109 3029 9822 
2867 8591 606 6989 8015 3761 2356 1234 3155 9498 8717 5114 2697 930 1858 2333 9229 7488 8308 3524 8698 5729 5146 776 2241 7756 2837 7785 7316 2105 7430 5486 2391 5228 9929 3664 2446 53 3666 4188 2940 2312 1160 5515 8122 7718 3902 7773 4832 5992 4067 2022 8129 6875 7398 4692 7856 9595 925 1330 9367 1310 5661 4919 9888 813 1612 1207 439 6061 6491 4445 6119 7871 988 8952 6760 8522 4410 499 5208 3946 3455 7909 7790 5662 7050 7449 2010 5395 261 5458 6243 5732 1089 2035 8677 1489 4440 6672 
2766 2972 2760 6745 9813 7254 7939 1952 1268 2166 1345 6793 85 1961 5694 1824 8332 1169 9671 7967 1308 8188 4600 6550 989 3649 572 1658 28 1080 2384 7841 6482 3904 5508 4828 4193 5801 7998 3864 7978 5937 8285 9946 5437 941 5279 2572 68 9341 5367 5762 2159 1771 2726 2581 9874 6628 9471 275 3752 357 1404 1640 6330 4016 8102 2169 419 1767 8395 846 9473 3609 9468 7224 7524 4423 9648 8308 6961 3052 5502 7564 7943 7704 6053 4022 2376 1455 4303 5420 268 2033 4635 3503 9679 7622 1773 9271 
687 1023 9952 5823 6091 1890 2555 6855 2665 4912 8981 5477 2983 4748 3670 1890 4856 6371 9919 1833 4643 3660 3904 7634 1900 2953 1433 9324 5896 4651 2037 2713 5066 3150 8212 5046 5238 7583 7466 738 4080 1473 6208 9028 5163 6498 7801 454 9340 4370 1987 2331 575 4348 3688 7928 2298 5565 9755 5208 9796 2533 3162 3274 9083 4444 4751 3108 3206 2932 5740 3955 6372 6106 7890 2396 2389 1857 4587 170 4925 3543 8108 2373 8320 717 4776 5369 4632 617 4004 9938 655 9798 5880 6639 7225 8654 5966 8688 
244 900 7233 4241 43 2888 7605 9588 2627 3980 7889 7783 5924 9855 4264 2861 8799 1422 1121 530 2282 2812 5636 1459 6698 8300 2270 1398 5130 589 8312 9290 6107 5012 6748 5778 9634 610 4551 1700 6640 6151 7110 2126 6795 3679 3187 1268 729 3688 1180 7513 7282 3651 9985 7382 9221 6665 1346 2679 4760 7115 5517 5013 8247 4415 8938 235 7015 9832 7064 6669 6357 39 7183 385 7108 870 6705 3701 6220 6628 2112 6685 5779 495 1601 5340 4802 3308 2322 2146 8806 6279 8022 1195 6517 9517 1906 3220 
4600 6700 3286 3385 2529 3995 9165 4716 6750 2221 9072 720 3182 6999 3300 3591 5207 8470 4769 9807 7585 7822 1207 9828 1218 6724 3166 6652 272 5225 8296 5341 7831 162 2945 9035 8883 8814 2184 7391 8887 4174 3550 8348 849 3695 5908 7029 2632 2585 8079 9284 9209 4510 7505 3336 5336 9752 724 4918 185 7270 5335 4661 574 117 7046 4817 5412 7093 8793 3358 7730 8994 6939 4432 9856 797 4121 6664 324 6416 3209 5410 9747 2681 3022 5689 7342 2158 1906 3328 3670 4087 8816 2445 3763 8882 2758 9838 
3314 635 3787 5630 3120 4111 8399 2682 8781 8555 9108 822 5897 9333 4155 2661 2841 6642 5286 6830 9540 4168 5940 9378 3834 4906 6365 537 9486 8085 5288 3959 1374 3653 2514 6834 4475 4764 2242 160 8919 4644 3097 7485 5888 9739 2771 9070 3291 5010 5010 7125 9916 1376 6805 7214 9185 2093 2086 9496 5739 8363 6653 6566 3127 8895 6727 8398 3539 5900 1496 7376 8140 7587 6499 7210 3219 9790 8572 8230 3268 4841 5958 4367 1646 9524 92 1610 9401 4116 2917 6619 7243 1812 9698 5641 1704 3489 1077 1932 
3654 4296 8074 2226 1342 3419 2062 1418 1966 1510 8674 7719 7773 8727 1835 5347 9078 5207 5045 1072 6911 6996 913 8695 7088 627 5054 5672 1517 6396 9092 2706 8458 510 6777 8445 2497 6332 1762 7565 9186 8010 913 100 6705 4353 2090 3685 1447 1081 8739 7120 2599 1487 2564 5305 6298 5075 3520 295 9564 934 7556 5296 4008 2002 8748 2039 6548 3532 6131 8617 6232 4915 5658 4342 3456 2736 8266 3751 9781 9939 9346 7225 7152 2522 1160 876 8675 2915 5223 7144 5243 8662 7827 3485 3293 5720 2538 1854 
3335 7007 6731 4159 9435 6658 5320 311 5283 3226 8779 9623 4759 8285 9978 8527 8215 2488 7231 5026 9085 8790 9840 2989 5798 9721 6309 6379 6499 8064 3265 6077 4972 8396 5700 3475 3155 3985 1682 8553 9620 3193 2728 6777 9232 2214 1210 5424 5204 3360 4925 8365 4003 4864 5720 7268 7293 7044 2016 5172 3331 324 6854 1884 9944 2925 3177 4608 5391 9258 33 6947 2618 2210 8640 6928 5880 8995 8144 6263 5438 1348 4631 8431 9803 3010 8487 9275 3863 8939 972 4330 8505 7630 9201 5854 4193 347 3188 8492 
6039 5803 3930 7388 6590 6828 4151 9600 3178 2454 2854 7949 3426 7678 8631 2535 9209 9602 8468 9754 6555 2942 4794 8745 5076 6334 5532 141 1942 2122 3321 2445 1722 1435 7084 8732 4671 6368 8740 7206 8982 3161 3802 4056 9463 357 4257 9303 8448 1990 3980 5826 9597 1542 3930 3626 9390 7011 713 9266 820 1589 2958 2239 6007 5618 1772 838 4361 6491 5774 4883 696 9759 1842 2853 8641 3471 7213 8211 9985 8856 9829 8931 6939 874 481 3691 3564 4215 6808 3990 3314 9436 4432 1562 3940 1193 4181 4731 
6202 4374 4369 4403 9053 6835 2789 2886 5769 6343 1383 6878 1450 5800 5563 2097 5825 9002 7083 551 4417 2095 7416 9301 929 648 1164 6814 6858 5988 5570 5945 9753 2864 6030 9309 8674 7168 5237 3250 1598 7431 7585 4609 4362 2284 7015 2253 1662 9470 2385 111 748 2662 2272 4764 2189 7858 5872 5138 1601 4260 8110 5055 6763 3171 3138 1409 4655 5740 4722 676 7888 3690 6028 4481 4758 1652 8442 3997 7841 5013 3343 4213 1934 3515 3473 157 5006 8246 1055 3630 5087 281 5568 5393 104 9403 5119 3366 