6957 3904 1816 9718 6183 6439 4774 5980 2593 6821 5065 5035 2843 9068 1421 6353 8006 8457 9583 3695 1571 6641 6679 6204 872 7144 2970 4635 8765 6896 4058 9948 9432 7808 5960 4650 1863 3718 9739 1568 3182 3824 3390 5728 9147 9001 2420 2591 1293 963 9361 6371 1318 1680 4857 1764 1082 8727 3822 5603 5371 4567 1658 2686 1020 1805 3807 6786 6833 7927 5525 3021 7807 3704 8817 2336 9112 2683 4409 954 8701 9626 5497 3766 9509 1777 4562 6973 3084 8152 6499 7526 7866 601 9071 7618 3479 6017 1111 547 
9236 6969 8113 7864 6877 4550 912 5923 2416 6776 6681 3017 6723 752 944 3370 2398 6850 7717 8415 3099 8829 6006 3417 4965 6739 396 4603 1309 4946 8643 265 6732 2370 3836 9015 5740 2182 1413 8942 9900 6181 8394 3938 5774 909 2036 7867 8727 8069 446 7226 3407 3838 3325 9407 3332 6620 487 6472 4209 8565 5636 6895 7539 4372 9597 3442 6991 6836 3673 5106 2857 3946 2735 8113 9047 8990 467 9104 9526 8097 4433 2539 712 5576 41 352 4764 9809 8181 9715 4563 7367 3924 9771 594 386 4813 6253 
2327 5524 4581 3970 5571 6526 9704 7495 3100 7406 3170 8703 9754 3588 8058 7564 4106 2129 4304 2451 4431 690 2810 9173 7432 3660 4067 3332 7573 2252 4327 9862 446 8964 5329 6958 4837 2327 3131 5947 7451 4200 522 9936 8616 4834 2389 4387 756 3533 319 5733 5224 8597 2035 2382 7008 6022 7727 6173 9522 9661 4305 6603 7358 1450 6938 8514 3593 6636 6838 3241 1863 9612 1476 5481 1150 2759 403 1952 8210 2862 9367 1563 9400 6931 3506 1109 4467 6244 3165 930 7598 5640 6775 5830 4833 7443 319 2458 
4569 357 2524 3596 4424 8890 9128 7706 6423 8081 6834 6390 6122 5711 5637 7915 8725 5119 4135 6688 7610 9060 3875 5516 1306 7647 9639 7395 4253 8515 6604 3735 5130 2328 3188 7507 4641 2025 1690 1857 1654 9497 251 8828 4405 6162 9275 2178 9842 9408 2447 6428 7676 7697 3855 8040 3816 9350 6290 3807 133 9261 6534 4919 5589 9670 2057 4619 5934 9373 5722 7426 6341 8570 9022 4160 5817 1360 1926 1542 6413 573 8966 5925 6961 7909 4518 9840 3599 8424 7225 9845 7032 820 9839 8474 9893 6584 9352 5303 
4384 330 1945 7193 9513 4922 849 4913 9284 7995 5885 3100 6416 5854 8818 206 1190 6126 9753 4365 2942 5818 6763 2455 3138 1409 1999 4354 9046 8678 4051 5970 8573 5496 3308 5085 9989 3064 3845 7419 5681 4408 1587 3801 2830 3952 70 8527 5736 7668 1606 3620 1570 838 9093 1409 2028 755 1161 8042 1662 2421 7061 527 3397 595 3736 3128 345 6563 3119 9770 2871 9175 9689 6572 9279 759 112 5097 3848 8925 7338 959 4109 8083 5738 334 8661 1982 7441 7427 8157 1335 5141 2134 2092 657 9595 8296 
1832 5662 599 6248 6246 8245 5220 7840 5158 7735 6528 465 6785 1663 6322 7917 7945 4860 9680 5542 6797 4638 2456 7618 4619 5881 6810 3622 9524 9441 9469 4647 9682 1595 8815 3141 4928 2650 7998 7763 6904 5723 5093 9038 4249 2522 7193 8306 7089 4846 369 9270 2209 4803 6293 9711 7587 9529 2530 2830 8527 3330 9608 3521 5598 6341 8179 1503 7328 2626 3392 6444 7124 3525 7383 7357 1716 8278 2578 2579 1202 790 9768 7461 1544 1347 6204 3631 6621 1036 3713 8596 9469 4287 6123 8086 6682 9825 4779 6141 
4059 9543 4385 809 9503 5535 7282 7983 803 9108 4143 3144 7530 5665 1608 5651 761 6860 1637 399 7648 2615 6247 9348 2023 708 6211 714 1472 4905 3839 4472 1250 5770 5465 355 4168 3018 6608 696 4182 7783 536 2610 5212 7703 7835 853 3813 3884 1972 8468 862 5520 3265 8910 6997 6394 9208 5276 4214 9925 6966 9862 6861 5671 2644 7014 2351 2823 1560 2469 9753 3767 6780 3265 8576 2798 9672 3358 4818 3144 5036 8857 6993 6306 4744 308 3829 4120 9988 2652 5063 529 1366 1588 4372 9519 8944 1787 
6284 37 5284 8425 2368 9276 4634 9294 6345 8963 9729 5247 2599 6064 9973 4592 4871 721 5531 6885 679 4165 9102 8902 510 7044 7865 6773 761 999 9996 9712 3 5572 8182 3652 3396 1172 888 5343 8335 6088 6517 5599 641 424 9509 9924 3125 6239 8340 4565 7708 1833 4972 393 2740 9554 9295 4097 6247 1692 5976 5454 9240 1073 1676 4721 9586 6104 5108 8151 9544 4387 6523 1627 8313 4295 7309 6122 8512 1945 9032 7831 865 4112 3419 8054 1089 5160 2180 1354 7520 2086 7249 9924 2746 8959 3505 7912 
6823 9001 5864 9825 4108 3999 6501 2413 1164 2337 4414 8077 3496 9914 9791 9166 7623 726 1283 2265 9169 4357 925 7723 7695 692 8864 2046 3268 3994 1567 4753 2694 9212 3609 3391 7992 2184 6231 4579 9982 5350 1856 9610 7594 8666 4925 5372 5715 846 3638 2812 1635 9695 1747 7715 6681 2126 4520 3204 9656 6061 8389 1639 6419 6272 1551 9421 689 8387 5967 8033 9091 2796 1266 9296 1401 2249 7126 3570 5123 1478 5523 760 5242 1211 299 1949 6928 2717 1912 1180 7854 5262 9460 8799 870 6359 3543 195 
4069 9685 6027 4948 2978 7759 4010 3943 6191 9300 5485 4035 9292 9129 7843 85 7186 4918 4459 2469 768 3864 8023 8747 5384 1647 4795 2354 8369 2687 4678 8979 2259 6759 6745 9619 6060 5939 2907 6621 750 3010 2385 8621 9417 2408 8380 6006 1945 7825 6997 5477 8071 3196 6144 8219 2093 1351 4596 1125 4805 4147 3007 2556 2466 9208 4559 177 6623 7242 8029 3444 5376 2172 1967 392 5049 7713 7072 2187 4437 6165 5992 4875 7992 7950 9837 7 8966 9991 4716 4604 4557 1502 8279 9305 179 6507 8620 5369 
4386 2078 1549 3786 5530 1809 1114 6871 7448 294 8350 1437 7866 6245 134 3591 1093 8003 7540 9675 4892 7489 8122 9058 7358 8897 1205 5521 5689 7963 8792 8747 5905 7682 2767 2914 1054 5594 3705 3112 2198 1968 2889 669 5193 5169 4733 3570 5751 8369 2804 5580 5916 4130 4878 3730 116 8558 1867 5437 7834 5539 9487 8816 1755 1284 4436 9314 9619 3349 5649 9512 8701 5404 7083 3628 3115 1248 1222 5658 4972 1356 5410 1057 9355 339 4730 8560 9196 1215 1792 5720 9417 1848 6025 2618 7463 1324 6393 4726 
3286 3454 6673 9421 8248 3431 4600 1069 3708 572 1658 5190 1080 4410 7625 5508 2432 6818 9300 4507 409 7654 7530 4269 7148 5259 8086 9370 4347 8827 4387 5963 4604 3761 1925 4189 8308 4154 6264 9509 6030 2789 6170 7606 3379 9013 824 3112 3846 3024 8745 6361 6930 4057 1381 5700 6159 3577 5213 8647 7677 6286 4993 1707 8599 4353 3591 321 5561 9936 4114 1493 1905 6691 14 5489 603 3468 5732 8982 1917 3891 4425 8851 4776 4800 2791 3761 2343 3295 6548 2167 9935 4420 3481 1874 5490 7166 1120 1571 
5991 2672 3733 1472 893 2935 4805 3990 5337 8809 5799 8253 5837 2835 9318 1842 1450 7386 9195 7468 9872 2158 7937 4046 5396 8562 4844 8327 5637 4152 1517 3442 6074 6118 7453 5035 7313 2069 2346 673 4964 4042 9862 3948 3840 3437 6268 9989 1582 7277 4254 5374 2616 3180 9411 882 3782 3977 5186 5460 233 9325 9753 8708 4471 5304 124 435 3897 6817 1659 3773 9119 6989 4608 2823 4452 6452 2163 5011 4484 4860 9040 3757 1697 5489 512 994 4749 5628 1501 4629 2090 7685 1593 4934 7175 1517 379 9142 
3861 7220 3209 9550 3814 6567 7192 2707 6649 2952 7198 7489 5451 4631 664 8815 2360 1274 2988 5131 7770 8006 6470 6830 2593 1101 6269 2746 3015 9047 8546 8085 8921 6105 4103 1391 6111 5906 9183 5541 9547 3674 5418 8083 1880 9994 9891 8373 4537 5801 7978 4200 4868 2090 7967 7997 2488 1941 1975 9935 9570 9122 8181 4722 5286 1707 2016 2202 5666 1612 1386 110 33 8254 1206 8916 4782 2097 9702 1050 5103 7286 5464 880 2465 1684 558 9455 7236 8062 5283 4474 3007 4260 2127 1938 9302 6795 625 1376 
3951 3830 3893 8510 7421 3502 8474 4863 6877 8587 5072 9858 4800 6825 121 3647 2591 1293 1548 6448 5964 6995 8435 4857 1763 5226 3822 8858 4567 3800 172 5468 8121 1684 3419 4368 8260 1782 139 2989 778 71 8964 2890 3239 3450 8901 3548 5085 6727 2436 2051 7655 8036 9282 2170 4237 5174 8747 2578 3465 9413 7587 6570 1985 9217 4959 9050 6038 6988 2591 131 8964 9361 465 785 6995 8435 4983 1162 5789 3656 9501 442 4980 7413 2225 7989 3783 7454 2117 6534 232 784 6637 4593 5610 9358 3768 5101 
9273 5305 6290 6472 2277 4842 552 9514 4480 7636 4190 9964 5642 8232 2421 8248 564 4855 8954 3369 981 4606 3197 3736 9674 238 8361 684 3010 5402 765 6639 4230 1549 4250 4854 6298 5046 2156 5461 4742 3271 140 9416 3256 2727 3950 7104 1090 713 8590 4619 4627 5846 2201 9578 6486 4852 3412 1155 4154 4598 418 3872 5243 4596 8664 7697 7711 5989 2215 6213 4374 9894 9328 778 1346 3741 2357 78 9030 547 9913 7237 3571 2798 1376 3461 1449 1689 9084 8337 9898 7279 3196 3906 9095 1007 6926 4389 
5765 9691 3698 3161 8095 571 6868 5206 5744 9564 7633 7372 7080 578 7526 8877 4622 1199 7335 8072 1263 9925 8931 1127 237 4692 4416 9983 937 5948 7766 1610 8569 8758 2413 6439 9524 6064 5381 8955 2478 2344 9827 8358 6859 703 999 9568 1239 4868 4383 447 7856 3970 2414 5197 8577 4610 6432 6071 559 8756 7642 4898 2481 3301 4264 2017 2534 6082 1957 2957 3749 2973 9389 3232 2583 8524 6463 2823 1802 3374 7931 8787 9372 953 3372 385 4056 2577 7435 5248 915 8575 9762 5749 3082 6173 1141 7695 