2441 9947 687 2634 2206 7789 5550 1653 5822 394 702 6734 9147 7938 3840 9212 5997 3841 7547 1956 9412 2439 5021 8037 6203 825 9098 7853 500 6593 7091 8005 6954 9534 2443 6099 2803 610 3743 3208 3853 2569 4527 9034 4993 1640 9808 6700 2265 173 934 9889 7190 6147 7802 41 6591 7667 4313 7017 5039 1980 4480 4935 8843 2945 3772 603 4678 9990 5899 5564 6845 7033 7639 3257 4313 6202 4438 8460 3273 3853 1043 2473 4293 961 6302 4597 9594 1592 4185 9686 8649 7638 7052 1838 9976 4162 6179 9061 
3633 6567 3759 1655 8337 8467 994 7207 3898 7060 6415 8151 9329 5597 4895 9441 7969 6659 222 1921 1051 2773 8730 5359 3420 1887 7156 1108 2772 9985 466 7339 2234 5375 9503 3130 3085 6507 1206 7068 2174 5380 2720 1772 3791 8965 4589 1657 7249 2170 7256 5669 6735 6110 3006 1298 8302 7909 1084 4780 4407 470 5557 8166 6121 4448 5364 5901 2569 2562 6726 5328 5109 8347 336 9835 4605 2073 6729 1080 7406 874 7464 3287 2612 9608 8166 208 3163 6909 2624 1726 3630 2040 2247 6341 5780 7390 2564 8210 
9364 5757 2625 9238 4306 4772 882 6270 7165 6354 5347 6529 2671 7197 6418 7757 6862 4755 7877 2425 3711 5975 6610 7982 1245 3240 5594 7179 9067 5185 6117 1247 2803 7570 8453 5501 3352 8537 8403 1383 2373 7737 3033 9491 9458 8693 3818 5531 5249 2267 4597 9267 2850 243 6002 3654 5822 6442 1816 6001 8291 3431 2751 5356 8800 9325 440 7037 8025 2600 4034 5735 993 7569 1739 786 4728 2994 6904 7589 9891 8844 70 400 3519 8340 6837 7509 3091 5541 1389 9083 8565 2768 1370 4341 757 7187 364 4276 
2023 4160 2801 288 8764 2122 5019 3588 7482 5090 6293 2845 6952 3455 7179 4450 9838 215 2765 8011 2433 9207 1035 2311 3260 5704 9631 8677 2285 1007 575 5549 6534 2398 2069 708 8531 5698 8898 4596 3884 5479 9464 5496 635 1641 5511 9395 6883 6508 6189 4230 1489 9198 1549 7118 5109 7822 267 7660 7613 7949 4469 6994 7899 5906 1001 183 358 3127 1268 1676 1385 791 3238 8821 2502 755 7776 5763 3555 8543 3561 4758 8576 1449 7131 4479 1381 4424 5765 4430 9145 2646 3411 7378 9002 8506 1652 3565 
4729 975 631 7000 4900 9794 3411 3732 4797 527 949 2717 9936 5656 9810 9079 37 3298 2331 1218 7506 4705 671 6577 588 5974 1217 8795 9006 7207 9810 4394 2867 8343 456 5253 1237 3817 8201 5012 2101 9554 9873 4742 3727 7750 3721 2051 4694 4929 818 6648 181 9433 4893 4682 4585 7893 1673 9733 8921 8852 6960 1091 8300 1975 7688 9357 6784 6084 6605 7758 6378 1205 7010 5076 5310 3404 5274 7260 1596 8221 7101 4503 6191 4799 6719 8018 1345 5580 5916 4130 42 4878 2702 9788 5539 4783 9487 8816 
4436 6950 9619 5533 954 482 8701 2726 9209 1434 5271 5753 4097 6154 8279 8163 5253 2245 3419 176 3547 1272 3056 797 7269 4136 9640 3419 7973 6196 7220 8932 5743 167 5818 7277 9226 2203 3005 6447 8580 7074 3471 90 7640 2061 5638 2708 2134 8976 746 5842 7121 1499 3354 8689 8301 5769 4272 67 5770 6520 4661 69 9296 9242 7367 6018 4195 9493 1616 7713 2375 7631 5169 7761 8144 8691 148 9801 9021 2613 2070 5764 5530 2218 5536 990 6817 5350 7848 7757 68 3276 6904 6834 1072 5814 5239 9936 
7012 268 7211 7480 4315 3840 4913 7711 5094 3922 6642 1670 7534 3651 7649 3143 1622 1676 6709 7253 3201 5423 7883 3605 5118 9004 1674 8137 9514 2657 2598 8294 4653 7493 3980 5577 7355 5209 3465 9709 7263 3159 2340 9139 7128 781 6848 7155 1103 332 3378 5558 8276 1210 7621 3616 2960 93 9296 2803 2704 325 7260 708 8886 1153 3181 487 9467 1523 5900 710 3123 9452 2115 5971 5932 2066 3396 6522 372 4036 8323 9403 8331 5429 9785 5208 466 4582 8393 4811 1275 508 9343 56 8752 6422 326 3863 
4798 2214 7545 5791 5663 3994 250 1124 3454 9421 2729 7939 316 2934 8987 4788 2170 9958 1229 3363 6133 1645 1220 2108 1936 458 3496 9465 7806 4642 3420 1805 622 1279 2726 9281 9209 571 1509 7280 4666 5253 1226 5015 6449 58 2854 3068 5659 6022 7535 6994 4031 1592 2544 9128 9581 8096 666 3720 6603 1789 6657 1604 9915 974 3290 7561 7995 1782 2052 8999 4726 3842 8863 8776 6843 7249 5589 4449 9374 2807 6924 9905 6543 1515 1599 4221 8818 9375 4156 5196 4380 6256 3669 9556 5087 6510 5921 6811 
7974 2609 4877 2934 590 9905 4190 5729 4224 2004 8566 1884 1953 9620 1788 8753 7289 7856 3058 4259 4658 7392 7314 4632 5251 9796 2037 2301 9213 5750 6476 3447 3284 9278 9620 4343 8330 2103 9860 9372 2782 3444 5397 5785 6959 2055 6205 3277 3588 3384 6598 7106 8048 3528 9533 6357 657 7671 3009 3502 6196 9358 8476 2436 8422 659 9945 1387 5569 5427 5900 1631 6014 2737 9161 590 8798 3418 7822 1413 8484 8660 7300 7319 845 8765 5230 2064 1499 9271 5716 9057 5498 7539 1482 4896 6291 1778 507 5917 
3933 5835 154 9040 4032 2395 8686 2667 6405 9005 1189 5165 6989 3794 934 1459 3442 9633 222 9820 7850 1140 8249 8928 8348 294 5659 9016 5185 1382 6612 6217 4763 6110 2328 4862 5794 1442 8254 7418 2134 8400 6995 4270 2069 1023 2782 9000 6918 7804 5010 3479 8426 6721 1833 7014 2382 1568 9893 7011 8027 130 4192 3576 4056 4757 1771 7559 1922 8934 4244 7337 6691 5683 4687 7791 8942 7597 9778 8365 2983 427 8142 1853 7023 8263 3572 1260 7684 6027 8278 6658 4235 4549 6747 2295 7043 6688 161 4550 
9313 3732 9478 9647 9244 6958 4245 4712 4524 2064 4733 5636 2048 4365 8681 4290 9161 7244 8583 8311 9071 8908 3783 4666 6730 571 9676 6710 6818 8093 3365 4202 7050 6559 2092 4331 3786 5856 7638 7757 5371 5153 6833 7927 6270 8817 4934 9989 8187 8435 9777 9968 487 7160 7197 9845 533 203 8549 9046 5969 324 5997 8807 5533 4357 7802 4002 5469 6011 807 1578 2433 9207 9199 1556 1090 5752 4970 361 1878 2052 612 9476 6588 9423 2680 3526 5630 251 556 5656 1688 583 5522 1171 3548 3893 129 2331 
1218 1486 8485 4328 5460 9560 691 481 920 5740 7667 9101 6638 2304 6664 3971 6260 5837 9495 6286 9251 9934 2099 5273 6868 8242 5600 8110 2522 3354 1242 2945 4237 4107 2698 3476 6596 4015 9210 1081 720 8466 3781 7257 8327 8237 9353 3811 3036 1629 7900 3478 120 3052 6350 458 5054 3383 7019 3508 7092 8150 1354 7535 490 5264 1340 9530 5848 6991 5627 6288 2701 6210 7831 8696 7478 2275 6619 6745 7376 4218 3358 4012 1472 7320 593 570 8528 9843 3085 3283 6893 6459 8109 4389 9897 9155 6077 2583 
2473 1933 5479 7533 3588 6276 6451 3995 4207 7754 8383 8226 3740 7791 842 6573 4306 3025 5775 5304 8869 4051 3147 9843 9381 7168 7570 7257 6108 1644 4630 2732 4789 4164 5171 2637 7443 3971 8795 2632 5857 912 799 9076 163 3504 3641 4891 5192 839 6859 6957 6126 198 3566 2227 1572 2266 4355 3065 2958 5940 7734 252 7021 7152 2738 3645 9913 6749 6642 2932 8327 9769 1970 8237 9353 4102 7467 7225 4726 84 7683 3709 9861 3966 3311 7313 121 2591 2170 1229 5829 5897 188 504 368 8778 4158 458 
3142 4787 7995 7077 9100 117 2707 5708 4324 3983 7593 3151 1214 250 4492 4452 4570 5637 3980 5991 351 2749 1016 8214 9802 5592 6827 3444 7971 117 3329 6268 8874 3968 2762 8327 3271 5993 2261 2914 5108 5692 8153 6593 915 4966 5307 8962 9065 9746 9832 3151 9901 5822 1919 2430 9364 9524 4293 1995 4552 5046 3880 3174 3557 4362 6793 5504 8903 6903 9218 5954 5977 7568 7365 6270 4402 4292 4452 653 1163 9387 1009 9421 8647 9296 3891 6018 3026 9768 864 3575 6742 3869 5802 5508 4618 5514 2402 5812 
2204 4070 273 8324 617 3275 207 4619 1080 4477 8932 3608 1359 9340 599 3656 885 8929 3093 4145 5628 1006 8501 2219 7603 4084 1530 8733 5115 1281 9346 6258 6286 8921 6589 5820 4433 2436 8058 2448 2234 1949 7189 1927 641 5802 51 4563 836 465 6371 8435 4983 4857 1763 1082 4567 1020 5468 8594 1690 348 8857 9310 8685 8891 3018 9737 6980 9937 2250 8040 1138 5556 2242 5416 5793 6076 2990 1574 2372 5686 1587 3750 5451 9240 2988 7770 9073 5475 6771 1023 4807 1334 4609 8440 7492 7952 2959 6310 
8634 2960 9261 221 945 550 1511 4862 4837 5404 4054 45 2815 7227 9304 5346 6102 4784 3128 6375 7778 8163 5044 1076 5517 2958 295 3904 1869 9735 6925 3948 4295 8331 945 4752 7592 6903 6726 6461 3583 5491 1368 130 7427 1698 2194 4697 3656 4258 4424 4430 598 755 9172 5434 7157 1396 8301 580 2207 5099 9638 8615 2981 701 9741 4409 5751 4680 7470 5107 6979 9094 6675 9510 7263 8103 1843 5177 3569 9231 1202 6238 1697 5336 6954 531 6792 2915 5436 5568 2789 1763 5401 6389 195 9462 5824 8622 
4849 2481 8993 3449 4555 7901 3657 4580 5732 233 1632 9119 5952 3399 9612 6743 459 7458 8562 8314 6773 7939 3185 3147 285 6534 2057 6155 1225 2398 5035 6424 2069 5627 2346 7232 2400 673 3242 4964 597 5251 1101 8436 1291 8348 4438 7308 6925 3064 4885 4378 5463 802 2776 1071 9223 9770 7155 1415 5408 8830 6789 122 4165 912 4940 1469 6813 2701 5477 272 3748 4495 488 4338 5029 812 5547 7003 487 5439 432 3953 3133 5036 5002 8571 1546 8355 1637 9271 2126 4779 8414 7319 3444 9302 6306 5830 
3152 1570 6889 2432 3350 2318 3253 5297 5348 7432 4256 4636 9167 6588 9452 5588 5874 5267 8176 2062 4295 1213 8944 6836 9898 6209 4852 5939 3412 6792 1155 5638 7458 4154 4598 6122 9856 1535 382 484 3919 665 9676 6656 3331 5649 102 2876 2273 8395 8911 2931 3063 4275 5361 5052 6026 4505 1877 7837 7736 7278 951 6506 3224 2577 7841 569 8389 5403 892 8663 6892 124 6918 1347 8092 8521 891 5640 8173 2896 937 9384 974 5972 4965 6126 1766 1014 8839 9777 2606 8077 1176 1008 1541 9999 2477 517 
457 1610 6345 9296 2441 5425 6512 2332 2285 7183 2385 9192 6814 2165 6643 2850 9129 5408 1542 2450 9460 667 2324 7726 3207 144 9335 1595 5771 4400 8085 4747 312 211 1697 878 5347 389 8472 3717 7644 9622 6947 4809 7140 7351 8418 4378 7730 9388 4762 9091 5722 531 4258 4382 9992 8822 9019 8951 9 9150 913 8536 1070 1541 71 5765 1766 2052 5719 4947 3922 3792 5221 5657 7001 8779 8830 5845 3612 1307 8018 7289 6493 1363 8453 6089 5252 4031 8381 6119 5747 1050 4936 8146 7456 8551 3755 8321 
2889 1362 7421 4144 7153 7757 6862 493 2815 1582 2425 497 3786 4207 8856 8898 5841 5580 3438 9891 1055 8898 9424 3211 6019 8981 5026 5053 2461 1701 2003 7232 1441 5933 9574 7718 3106 2535 5521 9436 6763 498 8960 8144 4893 5196 3772 4373 7938 2066 5003 3376 7574 9498 5802 7249 397 7228 7555 2525 3006 7880 2469 4104 7705 7909 9338 6798 7468 762 470 8166 4448 5926 1430 9992 3927 4032 2207 5617 4571 4529 2763 5672 6182 5416 3846 462 9147 1917 3747 3160 8284 2327 2132 9716 7818 6649 8756 4422 
7226 715 7249 1091 7116 7231 7449 4791 2385 412 6837 3643 9277 3727 5694 8896 8750 7487 3268 6457 6308 5704 7201 7681 6586 3846 286 5110 1788 284 510 6236 4598 2551 6149 513 4194 1522 1061 7509 9257 4910 3917 1717 6898 9765 4825 5144 6025 595 8862 8898 7971 2242 3821 5303 5416 7432 6183 6439 451 4774 6589 5265 4000 7300 6801 7808 3975 5476 4501 3359 5989 3889 4263 9560 6361 4540 3020 9142 7894 6913 3312 7220 407 5205 434 1683 1318 8473 7563 9784 8974 6589 3424 2091 543 2072 5193 7505 
6393 7606 9041 1761 6526 9186 83 1153 9322 1394 5456 1420 4234 1303 6841 1601 9355 7825 9715 6179 5917 5116 9152 6342 189 2104 7156 1648 4614 3695 8797 5149 3444 4070 6414 2544 3409 163 9654 2719 1407 8210 5078 3264 3378 6226 4995 2066 1258 1203 7158 2290 1931 494 4356 3055 1783 9481 8046 5242 3668 9188 2517 2225 8268 7082 8733 2374 8005 3890 3303 8548 4382 4104 7285 4168 4509 3893 4884 7542 6257 6740 5132 1176 5344 4255 4838 9379 6171 245 9830 6348 5740 3645 6779 5587 5714 7986 7325 9038 
4300 2513 5747 2069 782 6625 5786 4367 2125 1692 6313 7274 4031 5968 9138 7288 2515 4650 8214 4032 8937 3967 1220 8017 712 3800 4566 4207 6105 9131 9139 4389 1915 5211 4842 8652 7772 4147 830 3022 6495 1607 7014 1528 830 7126 8844 2454 373 8428 3938 5284 1998 5726 9012 5315 1128 5356 5145 8313 7409 3842 850 3208 2663 3616 9691 7978 4213 3634 1044 4886 1204 3311 588 4722 7365 4595 6821 5794 9790 7551 8163 8108 9131 6564 8068 5376 4510 3672 653 4664 1388 7358 9692 5213 4208 2171 2198 3366 
7488 1057 7339 698 4757 7366 2686 8419 8691 7444 6504 1229 6133 5829 188 504 2681 368 8778 1936 3714 7014 3395 2267 3325 3496 4995 7995 3342 3762 4642 6868 2057 7882 3724 2726 9281 7087 571 1434 6286 5271 7280 3157 4097 982 4311 2245 5942 7307 2868 9792 58 9087 6367 3419 1366 5678 7172 2818 3133 4094 4810 4122 1841 7519 8119 5112 5943 7894 8618 2227 6374 5854 7964 4859 9084 2300 6452 8148 4509 8295 3501 6123 9417 7308 3649 7476 6745 7745 7660 7849 974 2851 79 1093 3416 2042 1884 9510 
6303 926 3535 3985 5079 1528 6698 5939 1227 7410 3283 9777 4254 4299 2468 4760 7217 6270 3937 5488 8423 5779 4552 4435 8847 2472 4387 8538 5305 6151 1640 180 7489 3661 4268 2630 3624 103 9089 1602 1860 2419 6750 3877 6565 6199 9159 7299 9339 5185 6494 3543 3900 8689 8802 3693 2852 5005 1164 7896 1245 7879 4519 6158 1986 5382 9240 9846 9436 1319 6601 5741 7432 4199 5884 5527 9983 5726 2833 9025 6429 5126 5997 3030 9874 2660 5839 9326 2039 4496 1938 8168 8445 208 6310 3954 7138 9571 9520 7223 
6126 9456 4807 2499 4817 7479 4894 5161 3272 7221 4764 6809 9721 641 4836 484 9639 472 5887 8872 1833 5634 9871 6205 2559 9823 5703 5357 4998 9442 6538 4974 1817 4478 3811 4803 9440 7426 9356 4519 8706 1635 6410 5569 1898 6477 997 653 5655 4106 8104 3943 4955 6941 264 9811 9784 1467 2120 9347 3803 2140 2770 4156 1737 2319 4371 5942 2891 6189 808 3806 873 9117 3156 2418 983 9034 2884 9358 6428 5907 348 2324 2234 8606 7136 6355 8367 8385 712 9685 4644 2169 4396 8789 7138 5972 1590 5228 
6604 3546 2162 9661 7565 7323 1180 9712 9784 6156 5536 7200 243 4273 2578 448 6941 6863 7090 8782 9754 117 4876 9342 3320 4009 2013 7403 7419 4191 4701 3484 2402 58 4984 3763 3896 6411 5393 7835 6621 5015 1082 3409 5413 4970 9992 1359 8031 5231 6453 9975 8861 4550 246 4491 4089 1570 8711 5841 9527 6306 3829 3431 2466 1950 4974 6797 1743 211 9598 4333 8350 1354 6654 5801 2364 4031 9738 8044 5283 7952 8193 4798 2037 3672 3543 1176 4400 6035 7369 1355 6691 5772 8321 327 7719 5719 9131 8528 
4750 5826 6979 9588 6648 7764 4586 3154 3252 8204 4853 2139 123 3353 2867 1779 5348 27 955 6943 9506 7671 4897 4770 1246 8501 4535 225 8141 2881 6563 7755 8485 3542 6166 2508 9410 8955 4903 5830 2239 6487 8595 327 5638 8028 7516 2312 1679 9293 5381 1505 3077 3982 2164 5816 6877 1284 5339 7013 6524 2006 4517 8519 2060 1528 2329 1170 7459 9103 1383 6467 1267 2890 4365 9060 9353 1201 9773 8599 701 4503 1483 7325 6131 7750 8499 9751 6092 523 2939 8873 8350 3957 7821 4696 2660 7231 8951 1817 
6575 937 2476 4754 654 8136 6435 9182 3013 8938 6643 7400 7136 325 7062 5508 8823 8449 543 9530 4089 5852 8875 4897 3062 5770 4480 2929 6569 2949 7038 4382 1941 1666 4418 4774 9351 626 9458 6568 430 8678 158 2034 2133 4875 3396 5719 1313 6932 1639 5983 9302 599 6149 1905 4369 6730 2977 4340 2942 1437 66 1829 3296 7665 7719 5176 4624 6404 7716 7171 6822 5440 3820 2711 1190 5962 9843 4454 9681 4245 1511 3144 541 9358 1690 370 3728 6322 6385 6438 1289 3210 8497 5032 9223 7149 897 5875 
718 863 7196 8567 2029 6259 9418 874 7587 7690 3790 8149 9092 3279 735 9258 6217 5304 5522 8776 1212 3432 1518 1732 8820 5528 4032 6610 8061 529 5699 6710 103 2571 4736 4536 7406 2194 7371 2435 3150 4038 9261 670 9784 9629 7185 7064 2404 9909 1039 9290 3374 9451 1727 5585 5218 8073 7357 6295 423 9248 2412 5610 6762 6339 3780 9488 4339 6087 591 9239 9857 4389 7709 6839 7118 2563 9161 6873 6691 3903 6165 2473 8613 4802 2025 9067 2871 4741 5235 6506 3307 981 4923 7892 1862 8773 2366 3397 
4984 2246 3405 3823 2018 979 6776 4028 101 9208 7183 7019 4023 1555 2488 2291 7406 4811 3230 1326 8966 5534 3015 9019 9990 1971 6872 808 9158 3830 4771 837 3878 4110 2889 2869 4522 8834 4014 7376 606 8173 3493 7782 9203 3803 3775 6205 2408 6053 7414 6887 2646 9253 4992 4692 582 5787 4051 5996 3329 7993 9358 2367 1624 8096 8550 5874 9071 7956 2974 6659 5788 5274 1148 642 8332 4846 703 776 2135 1079 6114 8852 7707 5604 25 8037 353 3864 907 4447 6166 3461 1782 279 7072 3240 7713 6021 
1090 8280 7108 3239 8764 9637 8661 2159 354 1329 3325 3274 2084 1766 6801 3033 1910 4731 6253 4860 5655 7286 4900 3722 3699 5479 7585 7908 9865 4546 3526 9361 7448 1985 5552 8784 5597 6964 4188 587 432 6466 4160 5885 2199 8423 3515 3850 6087 8367 4510 8524 9879 4539 7769 1832 2242 3930 7780 3868 726 779 5490 4715 2512 281 3493 8551 4231 3610 6063 9016 6433 1682 8486 965 3397 9132 2584 5103 5365 5483 9221 5058 3302 8187 7432 366 2405 3151 2340 9894 278 8822 5215 1921 7015 2655 3209 9774 
545 7176 4684 7415 4126 1361 5571 4315 7163 4061 5189 3407 4444 8229 4453 1617 7673 3797 6915 1379 1273 4566 8619 2535 5254 7720 5975 3217 5070 7198 7806 8972 7357 8369 6806 8561 6458 8024 6332 8509 8517 6702 8854 3204 6462 10 4087 8429 9710 1029 3745 1955 4399 2671 5032 6972 6541 3629 9128 2394 9569 30 6709 7649 35 3088 5648 6787 7902 1378 8624 4543 5360 3971 7686 3963 135 2459 2813 3080 8581 6623 3566 707 3991 1275 4333 6442 4623 4168 2878 7591 7869 4605 4879 9066 6274 8637 5254 5556 
9418 8402 9596 2801 5732 5459 7138 337 6679 3778 1634 59 8594 207 6183 6166 7049 2508 9410 4798 2959 2848 8920 8530 3797 3037 5494 8192 6680 414 9712 8935 6392 2207 8117 5407 7654 2154 3813 6094 9017 7378 6272 179 2384 9859 7149 9937 3220 3029 2458 6017 6977 1124 2503 5476 7058 9947 4798 2437 7208 3174 4497 7461 1386 2892 6884 9518 7617 4764 548 4222 8711 7755 3357 1094 2136 2547 9515 2504 9218 3559 4060 8611 6712 9983 1720 6080 3280 8373 2978 3122 1739 5796 3230 8781 6381 8726 896 4418 