1389 1524 6095 1682 7564 2428 9350 4341 7520 3765 5960 1467 7979 7208 1165 9125 9880 4255 1375 48 6476 5612 4899 9098 869 755 7992 6650 9198 3739 8417 3823 4295 626 945 7704 1999 2006 5671 9196 1075 3142 7028 9913 4067 4695 226 7280 6154 4311 8163 2218 5942 1226 5015 6449 58 9009 4763 8860 6875 1366 7156 9840 4388 849 6841 6456 7137 1058 7572 4770 9184 3372 8311 8167 9695 8474 9947 5433 8644 5365 3926 4877 224 530 4734 9964 3989 4485 4418 8963 7614 5077 4767 6975 3617 1115 7091 9554 
5837 8591 4904 5807 8517 3174 9741 7955 5250 4239 2943 5407 5254 2655 5829 3120 2777 5909 4062 3022 4811 1765 7993 8605 7001 1355 6918 1651 9836 2032 2620 9790 8001 8888 9146 2436 9338 1341 2621 9658 8045 6502 4182 3515 5724 5184 9411 7955 5648 9749 9777 820 7994 637 3385 8469 6608 1444 6563 3557 3393 4984 8953 2970 8816 9670 2077 547 1566 9342 3778 7367 7070 5554 376 8236 937 6151 9120 6843 2965 726 647 7313 4862 5080 5653 5136 3795 6750 6945 9319 1549 2197 373 318 9762 5657 7121 336 
5866 7904 1803 8491 2819 1604 4460 2576 2913 4108 9355 1830 5783 1632 9788 6686 8016 7847 5803 2723 470 3630 8905 5507 6983 1182 1293 6487 2162 2145 1394 6425 4255 7889 9318 1523 5888 5702 5165 8859 8933 6253 1613 8048 567 5049 5246 411 6260 3104 8577 557 4378 9921 8403 1415 8364 2001 5817 122 1372 6813 7543 9759 7182 3748 9212 5029 812 487 6409 3953 5275 1637 9271 2126 5470 6306 5830 3906 2899 5138 9246 3037 8382 3953 9984 735 2801 2844 996 179 1796 6434 4044 8961 1197 7875 1534 257 
3037 3875 9512 9784 5343 6356 5032 3023 849 9084 8822 3552 826 6413 3244 4959 665 6933 1566 5141 8932 8922 2532 3128 7094 2488 7976 7091 5576 8005 7411 3132 9655 9553 6727 6288 9986 4763 3510 2697 3788 2533 726 2356 6796 4994 2874 7143 3952 7838 1461 8951 3730 2177 7979 4526 2185 9593 8819 5506 8365 2731 1397 8161 8818 5645 547 2809 5671 8306 2623 8632 9573 9605 8322 6274 3331 9568 1736 1876 6901 9363 1169 3724 3245 7191 4303 1074 8865 3024 8511 1225 8675 6675 876 5974 2435 2657 7523 1450 
3048 90 5683 5238 1828 8890 6075 9349 8465 6152 438 2082 6138 7394 7212 5761 7485 2135 4898 4299 9537 4277 7278 2742 6225 198 2363 9576 2235 6764 5493 9621 8865 3204 7503 2691 9596 9464 6496 5665 4460 6219 6430 9233 2522 2177 2359 7643 7421 4340 9861 7586 694 7448 5246 1765 4093 3702 3189 8416 7327 6312 1407 2777 2359 5494 4678 3120 2860 7822 1648 8238 9511 5811 8033 9117 8680 7729 3152 3850 7816 3680 8164 761 6230 4910 6148 9126 7058 2163 428 5397 4503 1806 8669 1251 9886 3793 7933 3952 
8744 6590 9640 5762 5202 8336 4365 8897 3365 2991 9907 2043 6436 1676 4033 1266 5921 5514 3967 7072 5277 8720 4635 4963 1343 9186 6457 6822 3637 8119 5739 2227 4692 6374 7490 5854 9805 3676 6452 5785 2810 7507 9784 5976 2605 7181 3608 8109 7407 2455 5813 9856 1883 6436 8496 3705 937 6258 8365 6203 9725 4652 7737 5365 6267 4608 8556 279 498 2445 2553 8183 2146 529 9677 7574 9011 2232 9555 4279 1765 6264 5693 4820 8212 358 3179 249 5391 2415 4230 5939 1548 1684 3280 3805 423 5364 7501 8431 
6642 7806 4752 3368 8277 2082 9972 6740 7961 945 7229 9887 88 4106 9371 7133 3299 9193 5101 8589 7406 7928 5086 8369 1882 8256 5092 3687 5141 2547 597 408 7251 2035 5129 9133 1625 7819 2340 3424 3784 7792 5403 7092 886 7400 7440 4335 5282 5128 363 4267 5230 8048 9626 5520 512 6707 8504 4081 3148 7364 8601 3360 8522 2186 1225 4053 8822 8089 3320 2775 2257 6379 7113 1925 5272 6324 9652 2587 3660 1958 8966 4826 6636 1645 6593 5523 1713 7386 1362 8730 7693 1527 9854 7223 3399 3938 9729 3164 
6739 9525 3410 3115 8938 2919 6179 8669 72 4897 3261 5259 6915 9015 3416 7544 7942 6567 5310 1361 4106 5624 9040 5572 4017 7783 702 7368 8668 1355 6232 9333 6019 2673 8426 8042 3296 1816 1156 8531 5797 9261 5297 8616 3928 6576 9952 2031 7496 4095 9120 5556 1348 8848 9433 3712 9184 2751 423 5465 3395 3541 9978 7347 223 9217 562 6617 7893 6392 4841 874 5865 2081 2989 5759 8278 7153 5563 7715 8991 8465 4702 6479 6948 2016 344 4685 1272 2075 1849 6125 3959 7858 1321 5784 6009 8288 2223 8637 
4753 5064 2022 171 6412 4658 8115 8511 913 6486 8401 1118 2656 5208 5578 1721 2697 3240 35 6609 590 7619 5120 2778 6755 6077 8704 1492 996 4966 6794 4593 6982 8506 4171 4963 5294 3871 7341 6253 5430 8990 6058 4395 5769 3108 5370 4280 8151 1761 1338 3353 5015 8173 6409 9328 2314 7570 4836 1583 1073 9949 6096 2392 9326 4588 4537 7485 7248 9696 4372 8100 2342 5673 1743 3482 4767 3199 4164 2949 4591 9966 3383 1927 8410 6242 5092 8354 9458 1241 1059 6006 947 5581 7143 7309 4443 4615 6709 2984 
308 3807 3367 936 5825 8726 1548 9538 8709 6245 3295 5122 2147 9869 8242 7731 5664 3565 619 5680 2594 455 1869 9881 459 5778 7521 4610 5883 6700 5158 4048 7372 4931 8445 242 6435 6241 967 4589 6925 5809 5514 6305 7884 6832 9671 7030 9898 1415 2522 7441 3639 6939 7584 9510 9803 911 902 8020 3471 9395 4371 5785 2534 8811 8639 2432 7732 3460 7603 5330 321 6215 6991 9236 6867 3923 3513 3659 5115 7498 1254 1918 9928 9592 972 1990 1705 8198 7629 1113 1174 1830 8759 8346 4431 7466 3217 4662 
6164 5017 5125 4331 1742 748 8873 7865 8122 4540 2790 9673 3698 5097 7087 3017 804 7947 3494 4136 6131 9554 1644 4218 5016 163 1401 9348 1781 547 9416 927 8082 242 782 2524 5906 4330 3596 6587 7613 7706 6423 4265 7760 6616 3754 1576 4702 3349 7149 3127 6473 5448 3094 5059 9162 4872 5783 5651 947 463 6461 101 391 7881 837 3724 3245 5930 604 1074 1225 2648 9200 8504 1400 7438 4416 4139 2536 3774 6728 2729 6668 8021 586 5614 9909 6837 5285 177 6930 6868 3987 9556 2799 3702 2193 4289 
4922 1940 2836 4460 2323 9745 9165 6763 6639 8709 9813 6032 686 7312 5197 6703 9766 1792 5582 855 4473 7877 4336 2992 969 9351 4968 1169 6584 3073 4286 5330 2682 3897 2425 7325 6569 9600 1752 1090 6530 5219 5723 1052 8204 4144 8144 7339 1241 8451 3681 1852 7093 4396 547 2574 3102 9705 8035 6280 8031 9004 1727 4434 3117 3256 1819 4535 9123 5104 9245 8288 5813 8155 7419 1911 9728 8500 1516 4673 8759 6928 5033 8854 509 3597 5715 4515 6051 73 4978 8947 3879 9699 9519 9253 9594 8542 8830 9357 
2434 4436 990 2864 9553 487 710 3123 9452 5971 9176 2066 6522 2845 2908 8131 329 9403 2527 4515 5223 5806 7754 957 4494 526 4945 7959 4209 5784 4161 9968 4074 3737 4400 5549 769 5813 3892 3695 359 2889 2371 1232 2019 5249 3812 3501 6351 173 1014 284 1827 1756 5258 8229 9230 7485 738 3348 3945 3264 6113 5343 4168 5934 1896 6919 502 3072 9127 2370 8946 4857 5418 1544 3830 8971 92 6698 7076 5190 9912 6191 4825 6419 7816 3760 8487 5193 9284 4578 3594 8905 1041 1080 3279 6317 5875 1182 
1293 155 9708 6526 8383 6530 2162 2766 955 8587 304 9398 5106 2582 6127 5794 4431 9402 6511 463 7282 7763 6680 8826 6412 3207 4179 2106 4023 3216 6057 4554 9881 4837 6978 4811 9047 9312 1418 8431 4841 9500 2556 9072 7503 1457 8595 6867 321 1545 6489 1711 5097 2919 9928 2942 2939 6234 8048 4468 7934 1130 6328 3688 3438 9060 7345 5090 5374 780 9518 8976 485 5674 2631 8452 2871 4598 991 5665 8259 4467 1756 9947 3484 3146 9384 6179 4877 7894 5987 4444 2703 7170 6988 9799 7119 3652 4005 6378 
6318 5278 4660 9101 880 5277 6713 6989 6498 1247 405 3471 1306 7537 4295 5176 4269 7492 1908 4514 8701 5211 4316 8256 2921 8855 2431 8855 9515 3536 266 7823 5472 713 3979 4564 8508 6847 3728 8550 6752 620 6056 2219 748 505 6474 3691 3516 2919 1769 6743 3357 6216 467 8157 7727 1075 6104 25 7170 9807 15 1324 4789 6681 8061 5262 6378 5912 1152 5471 5017 678 6699 6267 1112 454 138 7946 5913 4225 7984 6475 2326 7343 3501 2927 6587 918 6315 8660 9082 3606 6729 5207 5281 7043 6841 9860 
3946 8230 2314 4435 9716 5098 8916 2312 3996 8576 6102 3541 9270 1236 8883 4430 778 3809 3859 4112 7941 9215 7504 3066 548 79 9954 1559 4834 8643 2978 2194 4780 4550 2239 2156 1659 537 2777 213 1587 6664 8253 2069 4463 9754 5727 8956 2679 9112 6805 186 3332 5101 8071 2252 2562 2985 2421 9886 1155 5945 4855 3311 7355 2679 6861 8158 7315 684 6508 7443 8932 1489 3495 357 3533 256 8741 2162 9855 1055 4355 6870 4173 3549 7337 4269 5541 1733 4026 7614 2136 6065 6994 9189 8817 6609 4299 4035 
6461 3797 2214 5491 5663 1698 2194 1923 4395 1527 4083 6814 4729 5728 8290 3450 1781 8720 7196 6833 4942 7806 3319 9912 2927 9217 3125 1906 5403 886 7400 2613 363 7495 8514 4222 4039 2371 9592 1411 4440 4456 1697 7937 4949 1113 286 7107 6954 8704 3870 8640 6519 8895 937 1365 9547 7506 4912 8171 2702 6960 9665 1187 2497 5171 5179 9576 1208 8347 9390 7100 7172 6154 7468 4025 7505 820 7171 2686 172 3807 8121 1690 9692 3021 6270 7807 3591 3704 8514 2336 4421 4059 2948 8240 8875 1265 6476 4830 