4493 4802 3109 625 8781 2734 3894 9930 7707 2196 9125 5997 9210 5780 8450 6215 6591 6592 558 3546 1024 3811 9052 9821 4487 459 4927 1789 3638 7875 7938 3840 4821 2676 7411 939 2449 6549 5144 1813 7081 266 7598 1664 3090 2335 9245 3008 299 2808 2127 3228 7516 9277 6543 1732 2735 5262 9390 2043 1857 4738 5204 3677 1591 3751 270 8925 8184 1330 235 4251 6742 9483 6602 6151 9930 7304 647 7313 4862 5080 5653 9480 7716 1909 116 2619 7852 2232 9721 8660 3270 4486 5226 8645 6316 1312 182 7685 
8630 9249 9593 2562 9805 7033 7939 6629 6310 3997 863 5399 4794 1026 4596 9541 9554 8397 925 2497 8510 8936 9404 723 2166 8573 3902 5940 3851 2109 1862 5647 6323 8945 2700 942 7218 9094 6921 4479 2537 9672 477 880 3043 2214 7838 6565 5880 2528 3909 4136 7745 606 7901 1340 8843 1263 8161 1103 2151 667 2690 8400 9663 2806 7824 971 8774 3278 6478 4423 6597 7283 4366 7856 6671 5743 9494 9226 6793 8037 5694 6048 262 486 3690 8481 4998 9705 5268 2891 6915 3825 1559 9996 1540 5726 7192 8223 
1049 6074 7747 1930 1237 2459 8942 6328 7852 8495 7752 6919 1984 7204 6174 6395 5015 9578 7776 9781 2277 4041 8706 4663 6647 5476 7805 2384 6001 6663 4612 9704 3555 7908 4679 4962 8664 9649 1839 3968 2986 2885 7427 3820 9521 1505 665 2082 733 7508 6132 83 3562 3849 8575 337 9543 3563 3433 9159 8496 4137 8353 1614 5799 6020 5529 1405 6798 3707 2866 5675 523 8793 7858 9272 2065 1587 4711 9051 6082 3714 512 0 1240 2248 7142 2930 4259 5322 7756 738 1595 4930 505 7756 2523 202 3601 6817 
1646 4810 5999 4065 2948 7585 5810 1685 4702 7974 4200 1720 4850 1465 7231 8096 1593 4790 4987 9160 6475 7076 1146 6393 7606 9186 1662 3276 9047 3145 5523 9367 8454 5755 1258 2018 7728 1502 493 9072 8263 948 8067 5301 2024 7278 2607 3596 3395 661 2563 5769 5972 1379 6548 9080 7026 7857 3192 7680 9424 7547 1753 9361 6995 8435 4978 2431 3098 320 9313 4418 2346 7558 1470 6315 9752 4708 3957 6401 5542 5863 5685 1449 3525 8537 1264 2150 4456 5327 4959 1475 1551 8919 8030 1395 4701 7774 840 9311 
9735 983 4077 3765 6747 1722 8215 5860 2622 1674 2128 6801 6518 9624 3644 4469 6657 2342 2957 5750 2130 6550 8403 6943 6526 4239 6636 2726 940 6838 2308 5679 7116 9612 9990 9942 3229 785 974 1880 6463 2694 1476 3694 7326 5471 597 9272 8517 2613 3179 5458 4760 6776 5162 6327 8959 5227 6404 9480 5590 955 1205 8577 70 5381 4015 788 3808 3469 4189 5744 5532 9885 2394 963 7666 5004 612 8638 9748 1922 890 5989 9111 7739 5615 9951 2092 7103 7943 7299 2774 3854 9626 8021 5320 767 4236 7011 
3231 6547 280 6980 7393 83 9137 560 4933 253 1459 3972 2160 1459 9153 6263 9003 5572 2832 1062 5685 7372 3351 6881 8340 541 8353 2111 3904 1627 4229 6413 2576 6795 5115 3630 6634 1924 4036 799 7409 7827 2159 5595 9599 5926 8629 2396 8821 4778 490 8970 4038 473 31 8649 2168 9479 3089 1012 9733 7995 2629 9637 9460 3211 3527 4320 582 7293 4359 2246 8111 2426 1216 8901 740 4191 2490 4749 8390 5400 3351 6524 5654 5009 5641 4812 8838 3899 4751 8918 5627 925 9409 7348 4041 9651 5458 9993 
6243 8098 8269 1440 8800 7726 7158 4794 2063 5517 5350 2000 7174 251 2662 4655 1323 2490 2266 8954 4855 8687 6839 7668 1771 6847 903 5970 3068 8583 4507 1354 8425 7531 1488 8937 6727 258 8916 84 4861 591 9345 3868 8729 9562 601 5997 7593 1504 9249 9628 4351 5931 4505 2348 2321 7538 8759 3854 4395 4530 8472 9706 1954 253 3874 3524 1024 2504 7468 6202 329 1212 9441 5860 8232 656 6183 9414 7279 6952 8595 4867 7899 1414 6924 3639 1167 1988 2865 3879 1966 7802 6320 1713 3165 3700 6299 1230 
9796 9964 3118 1169 7837 6870 5203 7999 2883 6107 3124 4328 1676 2147 7188 4377 4578 570 3473 7518 7503 6234 1754 9553 1149 5605 8100 2372 2557 9349 7629 3280 8454 8189 5079 3479 7921 7216 4162 496 8969 3533 3081 401 5931 6710 1167 3865 8795 6107 7230 8027 9179 5346 2099 6706 4692 5504 6326 2431 7781 9703 9391 7501 7188 4729 8750 6503 5233 1717 3931 6025 9959 1499 2336 1896 8895 8587 8027 5484 6967 652 6264 9308 5849 5284 3779 7245 7145 1825 6002 7148 5929 3755 9015 1706 6735 1946 9828 3530 
1800 7743 8266 2316 3715 8083 3368 9909 6648 4973 3626 2176 7157 7550 8206 3117 9193 2909 1871 2537 2629 2725 654 943 2586 9743 1317 9665 7871 1613 483 6441 68 3178 1774 3652 7887 6619 751 3934 9346 5140 2873 9343 5762 3431 1795 9407 5116 4592 2503 3003 3871 7779 1671 3715 4437 647 1295 5185 1750 7085 2935 2668 7270 4656 7940 973 4881 6390 8881 3192 1542 9460 700 667 7682 2324 6171 6108 7231 8972 3995 7078 1204 734 3289 6386 8672 8276 5423 1287 999 7555 7307 4453 5903 6551 6413 4451 
4174 5670 9090 9694 6459 4672 3164 3361 2132 4089 3772 9881 3572 1794 7736 3335 3029 5019 1753 6327 4385 4918 3401 9213 3879 4654 319 7651 888 1276 9034 980 7692 2064 584 2637 9183 5857 4172 5096 223 4042 3499 3213 8732 2762 5535 485 8152 1675 9788 5238 2768 8216 1844 4646 5463 8623 1505 2614 8047 8009 9133 1278 6446 3087 194 7311 1815 7942 1214 89 4116 2691 4441 9403 5650 8770 1607 6631 5598 7101 9577 4049 2422 8174 5223 424 7766 5727 673 196 5315 9524 3260 5156 3747 4265 6079 661 
7783 2939 3992 9868 3183 8018 9171 2919 5947 6391 2058 5035 9027 3492 4579 2279 2883 2516 3782 5705 8758 2546 7251 348 7411 3720 8817 3927 4074 8373 1061 6174 8314 2455 866 5943 6994 921 7368 5156 3825 8503 9723 7665 6959 8059 9393 8755 823 1972 1849 8220 7612 3359 2003 8674 6908 6206 216 1441 2932 4782 6274 3889 4495 4753 8704 9506 2128 476 5504 2475 9999 329 7449 2498 1299 2134 3824 8734 6653 4857 2601 5099 7696 2997 9987 551 3043 6470 5069 3840 2994 3675 5549 5221 4246 8682 9255 6456 
4669 1485 6553 3390 2736 3812 1611 749 2596 5622 934 139 764 6281 1719 9619 3706 4392 3971 5747 9049 1156 4521 6038 1660 7337 3553 9119 275 5462 8637 4692 1901 1881 6525 5570 1358 4465 3914 5453 50 7329 700 8401 9833 7543 9107 2823 8097 3982 8954 8673 102 1846 5511 5845 9409 8701 9418 5627 8662 6860 7712 8542 8 9766 9985 2010 9691 8846 4477 6675 1463 7852 559 6067 6358 4132 9042 3877 3030 9841 5955 6682 8390 3103 822 6819 9156 992 2653 3406 8124 1159 8331 5225 6214 3351 6998 527 
7409 1885 3044 9001 611 3952 845 8485 335 2569 7755 1402 1897 2662 6600 6346 4361 2661 4768 7541 3510 7818 2533 2290 2156 3780 3180 709 6845 4397 920 7465 7012 6797 5684 8247 7979 6773 8149 178 6962 272 9849 1885 3831 9858 8008 2569 6438 7148 3772 4457 3541 4192 4439 2829 2411 2270 7208 6583 5542 5431 5237 8846 3524 9977 7598 4878 1364 5835 1924 2227 6849 4836 6823 8452 391 1318 2324 9244 4000 4819 7675 3906 2740 1967 1412 2730 9224 155 9862 1325 8062 198 8690 1007 7654 7130 4657 3547 
6995 9635 8210 4978 9925 5822 4158 9776 4413 5034 2008 3716 5411 4030 7111 5558 679 2422 7166 63 4542 9383 4330 8474 9294 2494 1611 2858 2320 1805 5202 2222 9533 8336 695 3835 5446 8868 1188 6962 8770 764 8262 5953 6649 2990 2507 1549 4054 9853 4941 6134 410 6805 8023 6270 4035 5217 8001 5637 5270 8000 3678 5994 5484 7120 7830 6620 2902 4912 3479 7878 3667 2635 1658 3054 5591 3188 3510 2144 1513 4764 9911 4141 3032 7513 1918 5292 8470 6304 6155 1699 513 4422 7226 7249 7552 1091 3102 4205 
7166 4791 5736 7809 2385 412 8839 3643 9277 205 3181 3727 601 5801 8348 5255 9496 6408 8896 8750 6308 7280 9487 1640 1336 6895 9655 5482 8948 6013 4780 1206 6910 694 1462 6380 6522 7000 3830 2778 6150 8418 3406 2940 1167 5418 7767 8844 2012 2682 9247 4614 2659 7325 3605 7408 6371 7073 5299 13 1975 1518 9574 5254 8143 5902 1302 1108 8125 9143 9573 3415 5075 2631 204 7859 3314 8035 6320 4777 9904 4120 677 9179 1386 2079 9556 8797 5053 7243 5692 2945 7915 1407 4067 2691 3211 7164 2060 6859 
7918 234 1012 7605 3797 3242 4577 7410 9973 3831 6912 6455 6261 1941 4408 6826 9650 7225 618 4691 8742 2537 1638 4488 7082 9443 9772 4593 940 8533 5676 192 7576 5968 91 8831 1654 4748 2341 4480 2793 2041 3604 4587 3571 4879 243 5936 3638 4676 7641 7236 788 7986 9590 7072 3079 4635 9 3697 525 8319 1343 804 3637 3956 3804 6476 9555 542 779 7353 8668 2620 7319 3251 737 1279 504 9756 7454 6534 190 3896 4593 1912 943 8770 9273 8006 4172 5305 6472 2029 1837 6997 552 7790 4498 7636 
4190 9964 2253 3750 5642 3152 8414 4098 907 2875 6102 2985 7699 2211 312 7951 4561 28 257 4953 3457 4597 2268 223 189 5732 1632 3624 7223 5505 8190 2470 9345 2157 8759 5998 6989 4257 7847 4926 514 2218 2356 2163 6344 8170 3999 9847 9393 6371 2453 7438 8793 3184 6535 6772 9700 334 8575 166 5828 3752 8487 3510 4157 7749 209 3745 5573 9999 7939 4644 5821 8219 6775 4635 8959 4475 467 9390 2197 5947 3615 9598 5245 4854 9965 7048 4600 2518 2440 3362 9900 3523 4647 5153 343 3571 1260 833 
330 945 7374 3312 2836 4926 9808 8281 7240 9567 7751 5521 6370 8227 1319 2942 5199 4205 9991 7809 6837 5916 3198 7688 1421 6139 8362 4053 7168 5125 2023 6072 8869 7207 4999 4275 7462 5935 6406 6982 4876 9324 8311 4682 7777 6328 9119 1366 1668 3856 51 8687 483 9120 5654 8104 800 7291 5613 2239 9812 9187 7894 1431 5008 7637 8438 6666 4199 4388 9131 9927 3377 7818 9178 6660 9523 2036 2106 653 2505 4480 2040 8308 4891 7935 3675 3106 630 6382 2594 4605 6751 5198 7070 4334 9805 146 7799 8414 
9948 4677 4377 1579 4906 2487 9511 1547 6615 1970 8045 6997 2187 8886 4574 990 1175 3181 6654 2048 3177 4580 8422 8927 1723 8201 9301 4420 9655 198 7654 9996 8611 3567 3492 9389 7464 6798 2612 4119 4317 7046 9558 4495 4323 3516 3677 2597 6517 8465 5387 5431 7317 955 3783 7454 3338 232 6637 9358 3768 6388 852 7051 3885 4987 5410 1071 2251 6796 9148 2007 4994 5696 7143 6619 9630 646 6154 8733 2875 1451 5391 5939 7251 1475 5512 7469 5586 6303 6524 8927 2420 1788 1591 3751 7354 3349 7841 9767 
9479 6980 1599 3698 3111 2251 4473 4291 2313 3562 8755 7369 6496 1171 1331 9107 58 7778 3120 6990 6008 9804 1780 3846 5714 5143 2247 4775 9240 7103 3065 8022 9657 2455 5556 9460 4851 499 3185 5697 5442 9235 554 8885 4062 9618 9077 8874 4633 9447 3002 1367 1094 6371 654 4427 9644 5590 9201 5301 5730 3352 1383 1528 4643 2921 9601 7954 4474 6497 6306 5749 5721 3484 1693 4038 5891 9489 1410 2892 2943 945 9887 88 4106 8196 6605 2580 5705 788 4175 1741 2624 294 5712 6699 4472 9110 6592 3235 
7973 8973 9243 1995 9031 8007 460 9750 1284 8237 1873 7119 6528 1481 8071 2164 6471 8548 4860 8928 6948 5472 7101 7758 9307 6856 1722 6685 495 8646 2322 6279 1195 6517 3029 3220 6700 4716 2221 9072 3182 6999 2369 4074 3591 4940 7126 9887 6713 8030 207 8034 4701 8508 4109 472 9373 295 6092 3904 1869 9720 9001 4598 564 5686 7358 3750 8012 8897 2328 2304 1855 668 7363 5580 8212 3885 2086 5410 4984 1648 5930 1613 4899 1048 5697 9273 9192 1365 1688 7667 3570 2335 3682 3876 5801 2148 8443 8763 
968 341 399 532 7461 1278 8507 4081 1278 7117 676 9035 3568 7939 6394 2037 791 8242 5407 1914 2059 3502 2421 9641 6891 3548 7724 1187 3012 1978 1851 5756 8042 3653 2166 4259 2865 1378 1762 9037 477 3390 6158 7717 281 3773 5535 9267 5169 1999 9059 6149 8859 8379 3262 1455 7653 9240 2839 8514 4068 7339 9786 8796 7729 4841 3383 4852 1297 2088 6346 9174 2957 8118 143 3102 8456 3982 9156 7753 8008 808 8826 1968 9872 6686 8011 1805 3457 4324 1620 2563 5084 1603 6575 8403 471 8586 2963 6790 
3832 4170 1874 4579 9704 6585 4258 9921 8640 9641 2215 7150 5384 4885 6806 4808 1344 5554 2485 1125 8543 2101 8994 8171 1329 8657 9027 9579 6358 8880 3359 6297 837 7735 1192 8531 9645 3661 3878 8184 2889 2869 4522 9325 8734 4666 4661 5231 6453 2907 2668 4826 1215 9591 4051 240 3635 6730 5112 3595 4806 2798 1072 80 2837 5082 5409 8277 4685 2519 7305 904 3262 7744 9756 6679 8574 2162 7721 763 7437 963 4466 7490 637 2659 9255 4692 2114 8224 8787 6251 998 3003 1549 7140 5288 9394 3447 4173 
306 6809 327 1369 5202 8255 6268 8601 9349 4505 6190 22 7221 3301 8596 5107 1216 4336 1182 269 1471 7721 820 2227 846 4106 9361 4617 6765 4090 2248 6767 8591 438 4118 7554 412 572 7177 563 1833 6883 1357 5360 2344 3663 482 5587 6000 387 2312 7971 2691 4106 1588 8015 1383 5565 5374 9642 7242 7864 2724 2464 8629 6968 3076 8537 2783 4702 7610 5922 6076 3290 8586 7392 3465 765 8885 9176 6070 7252 8482 7974 960 8164 4667 1774 7886 7727 810 1299 6889 8074 4038 9376 1461 4488 5410 4155 
2449 4684 8043 5813 1822 1541 3696 8957 3712 1805 4988 744 1576 47 3004 3415 9577 1124 1355 530 9613 5051 6488 4852 9952 5557 2369 6440 3801 527 3984 2384 4155 9499 6100 5439 8291 7157 3495 2658 3338 1379 0 1057 8568 4617 5013 2595 2641 1707 941 6957 2173 860 2045 6702 4729 2480 5968 7753 5105 3015 3537 3152 9785 5719 3545 3077 3168 5509 4255 8978 2367 8950 5577 2939 3049 2304 3343 3463 5624 8308 8090 3611 8899 3074 8068 8876 7002 5782 4105 1302 7121 9481 3481 5615 9539 7852 5870 9149 
1702 1413 4958 9019 5011 2683 7461 5871 2280 1058 3976 9439 6434 7000 8242 6853 8793 9359 348 2939 2876 9848 1382 356 9151 4795 3791 9271 1644 6323 1892 8021 32 6972 6927 2793 789 697 2987 1231 8650 6220 7118 5416 9316 8478 1920 753 8483 3593 9641 4694 4711 6602 5035 5773 3595 4513 2349 768 7409 6140 530 4015 7909 3941 1645 2241 5460 797 5032 122 9850 271 6527 8629 4347 3441 7382 5328 781 6784 9829 1816 6303 7378 6516 341 4925 7063 9704 1631 3412 3034 2520 7303 2536 4173 4152 2410 
5352 4204 8133 4446 7836 9758 4822 6285 5623 5358 4695 79 8856 5925 6128 1822 760 9147 9067 4049 4265 9444 8235 9403 1699 9415 8724 6861 5431 9532 7772 3044 3766 4013 3613 1850 5617 5997 5671 7416 8975 1103 4589 2288 8522 7453 6347 2606 8049 5917 551 9685 354 1898 539 7144 2239 134 686 918 3367 3823 8145 4929 9412 206 7851 1443 2178 7512 9621 6750 9163 4971 4339 2121 4285 7411 5262 5004 6734 5241 9310 2210 7170 5574 4359 550 4276 3388 5941 6321 44 4492 5478 7259 9069 8573 4346 5805 
3564 3261 6820 8334 8002 8007 1631 3122 2904 8793 5740 7344 3640 8741 9673 2681 2241 2344 8087 1693 6983 9194 9682 4356 2619 8401 8310 8593 286 2668 5462 418 5024 364 6962 5273 347 3606 4767 7714 8580 6132 1590 3685 9648 6485 6103 172 6096 4869 4263 2943 7517 4526 290 2008 4253 4399 7687 2649 4416 310 3903 4452 7312 6773 9346 6306 9507 428 2366 9916 3971 3477 8673 4237 8794 3530 9436 2658 394 6372 8564 1387 5447 5026 5627 5509 7996 9100 6943 3887 8313 7315 7613 7757 2620 1812 7799 352 
7212 3640 3855 2070 4047 9179 3152 5603 407 5010 5018 3242 56 1768 6364 6412 1059 3987 7936 2531 7302 4444 8050 9765 4549 6065 3059 6147 2743 7596 4332 5984 8057 3973 6285 191 2371 4067 8181 4372 3333 3631 4323 7859 3170 5173 1873 4752 5073 9370 9474 6304 6920 552 3173 4161 2275 9389 4141 2550 285 3403 8623 2785 9549 80 6607 2878 4617 5471 3616 5717 3303 5675 2975 5094 3729 1210 8962 2316 3259 5662 3841 7847 1406 6767 944 5943 3440 780 3084 827 507 7104 2177 9316 1985 7552 4843 8386 
9254 6459 2374 8042 7415 4098 8964 8869 3547 1781 1420 8085 3426 6982 5270 2400 694 3462 3511 5731 8458 3541 2040 1591 6065 4538 6317 7892 4220 6172 7502 2097 530 9354 6523 9694 135 8059 3686 435 1682 4365 5480 1767 6920 8861 9626 8894 6337 8871 5861 647 9078 7149 8998 1635 229 4516 3914 3155 4260 9933 726 4002 3339 9816 6101 8622 8781 1832 7726 3994 2615 3745 6763 3902 3092 2214 2702 6455 4747 2421 4185 8278 3016 2419 4240 4885 6475 8559 3414 2904 3369 5325 4030 7503 8476 6701 2669 8885 
1508 1223 8722 8613 207 8473 3896 4119 1990 5253 9462 9593 4874 5827 2462 1971 7410 6872 738 9806 7743 6490 5001 2396 5241 5496 3935 2186 7948 226 3908 1479 9754 4408 8510 9263 2903 2068 1617 1267 7804 1564 3323 9266 1482 1208 1667 4489 6512 2783 5049 4838 9085 2280 8035 1080 9317 4222 7154 2907 6691 3052 8125 7346 2549 5285 3000 3098 8687 3274 7456 9421 8852 1733 1592 1081 7399 2178 6727 3320 7600 4212 8174 2161 9013 9825 6715 8353 6177 6965 5027 9848 955 3710 8058 5826 5039 3081 8811 526 
2856 5060 5467 4218 4634 6271 5120 7681 3622 6289 9105 850 6150 9624 1651 1281 5701 6088 2279 3064 6664 4074 584 7693 4821 6401 1838 4616 1884 8332 1883 1102 8478 9733 6477 273 7098 9293 3513 6163 1803 281 1291 2333 604 4346 4680 1504 1734 5682 4799 7204 6327 5147 3285 568 9921 9502 3072 1021 4345 6766 4708 7356 6374 3960 2204 1140 2337 3446 1865 5031 1296 1961 4159 8315 3003 9742 4447 8828 5648 2945 5870 3752 4739 7212 2887 6949 6276 2584 8904 5353 605 1127 1664 1864 4716 9192 6135 5530 
176 654 3341 2838 4468 4502 1628 4157 1343 5287 4479 1359 9474 2061 4899 66 608 6651 9000 2225 2992 6918 8636 3581 62 3910 7142 6674 1901 2327 1930 7256 6651 5600 8612 849 9175 946 1424 6090 2575 4448 8969 303 2782 9579 5563 979 3990 3223 2339 3089 1335 3802 5072 8206 1191 5675 8065 5678 5426 3115 1662 8682 5731 8507 6913 2375 2904 6019 5084 6527 459 7387 2501 3613 6623 4956 6744 9810 2269 7353 9497 7516 3165 1926 4003 8703 1921 1231 5601 9361 4108 7999 667 3215 6667 8208 2129 9281 
3431 8640 8912 6030 5565 2738 5414 9706 2954 5567 6966 9608 838 1479 5316 3582 3761 8939 8770 8398 1603 5042 5620 2968 6885 5283 4879 7287 2759 787 6407 6921 3042 4483 1903 1264 1479 7091 2761 5060 9978 9149 4987 4812 4082 969 2789 5324 1638 8484 7647 4751 756 1988 737 6007 5685 3446 7579 2220 7840 9297 4983 5546 2181 3538 437 2241 3815 3256 4758 1109 5815 3852 8405 9357 999 6381 7246 9559 6305 2858 9067 5796 6529 3775 2132 6863 7697 7408 5616 5127 969 9083 3385 2346 8319 2013 6609 6379 