5992 9939 4763 6220 2062 3578 9584 9566 5047 5063 4779 20 8249 2379 2233 5235 5257 8099 4871 721 6885 679 3159 4550 1172 5421 6084 1100 4097 3653 5490 3620 6701 4518 240 1401 5707 9923 9293 6167 9130 3 6212 9338 599 2136 7503 1961 7325 6036 17 6531 5585 3060 7233 4214 3418 856 1450 8276 3611 735 8331 1683 5192 2952 2138 8699 9107 7840 664 9240 1274 2988 3396 7270 9073 5475 1989 3723 2746 8629 3556 1726 3244 3817 655 4959 8229 5952 6801 4469 3348 4609 4233 6310 389 8747 8625 9416 
6372 4574 2088 2729 908 2929 8154 7641 9669 9149 2399 6557 7527 1590 6073 2199 1805 3673 4264 5263 9032 2749 9573 1163 3833 9225 3312 3842 1463 73 6726 2111 507 2931 5021 2803 175 4544 7458 6358 8591 6891 2836 9551 245 1526 626 6438 6879 3841 4788 393 2411 7300 9999 5542 2408 5237 2529 6089 1154 4878 7394 5933 3843 7061 2557 7216 6057 2890 9553 4720 7576 6100 6086 3298 5161 3439 8908 9728 6395 1062 9237 3824 234 7418 4616 4938 8631 3526 3156 8812 3201 8297 6343 2309 1281 6589 5820 2392 
8617 4537 7485 1927 7248 4342 9696 4372 9089 3482 4767 74 4086 5060 1846 6485 8037 4292 9536 355 4452 6323 1332 608 9457 8817 1388 1528 8088 1029 5591 7378 7260 4876 3703 9501 4583 5090 8484 3175 765 1439 7034 6328 7993 6287 5883 8400 1955 2676 7126 4135 7769 6754 3255 3233 5400 4793 7221 1660 8673 6402 7454 4393 7746 1728 5043 2694 2625 3230 3322 8591 6340 1531 9330 3400 4198 2787 6962 1699 8441 4901 3094 1246 3002 5525 3020 9758 828 255 8934 840 2045 6032 2634 4142 4736 1790 2899 2653 
4123 9542 1494 7044 4427 3540 6359 2599 157 9525 467 1323 6000 7471 6000 5244 6739 7214 1605 6363 853 9889 5074 1865 1661 5360 8390 785 6819 3406 3513 9604 171 9535 527 7650 1984 5299 9001 8035 492 611 8318 538 5215 7234 1721 2825 7450 5572 4346 9694 6263 654 2176 249 4272 7573 8348 8755 7440 7930 6480 3249 909 6382 4053 883 7070 9945 805 2945 9399 334 377 9304 6374 9163 3078 3223 9130 1704 4581 5944 1831 9112 1237 4135 37 2625 1361 9939 540 6382 4942 2662 4326 3724 9027 9433 
2286 129 6775 9444 1886 4019 172 7099 850 536 5723 576 9 282 8787 9403 4654 820 9094 5455 7024 1969 1821 6960 8127 1856 3068 5646 6648 8066 450 8428 4962 4194 7081 2863 694 5391 8813 4151 6010 6279 3634 8262 2303 9337 5004 7800 2678 6572 7448 7932 2962 6750 3503 3202 4328 3057 7670 1752 1090 517 3040 2694 4655 4545 5515 7726 9358 5337 8106 4024 1515 1795 5970 2052 7886 6510 9027 8087 1468 7197 6247 3991 5960 1356 2243 5413 1564 7761 2613 741 2436 9006 9509 5607 6385 5143 3971 2565 
6170 7253 1765 4093 6060 2814 5337 7739 5025 3143 3588 1676 7253 2820 6487 9004 6821 4919 3665 2880 5673 1638 4303 3215 1711 3556 2112 813 994 7605 4596 5644 2444 2657 2648 9665 8822 1517 4879 9981 3401 9562 9555 2752 950 9569 6195 6190 7846 4744 7150 6484 7399 997 8161 9662 2824 6347 1136 338 6565 5923 4763 3862 2429 9294 3268 8070 4171 8530 4655 6355 7806 8631 6462 5580 6474 6960 8746 3253 4024 4326 2195 9825 1816 1367 3665 5637 2642 4279 1543 2222 9785 6128 936 2959 4273 3816 3605 592 
5266 2094 521 4355 6354 9119 1516 8612 3324 3979 8334 2599 2301 331 610 8154 7929 2831 2850 7149 6317 6575 4748 1943 1702 9741 7228 7459 8425 1674 3127 3016 8196 6337 2941 1367 1388 9585 8734 5785 8422 2782 5652 1942 6598 8150 9667 4272 206 5058 5095 7964 7091 1427 7004 4214 3935 3938 939 6179 8556 6934 5758 3717 5980 1652 2620 8244 1368 3038 3486 2011 6602 3174 6055 7309 8013 1546 4721 8546 1403 9063 9639 9629 2912 8023 6449 4621 9879 2096 4243 1298 9186 3104 5927 4417 6545 2816 2003 1452 
2691 8618 4749 588 7261 1454 4080 9259 4511 953 498 8960 8144 6622 3288 3772 5744 4910 3939 3266 7574 4337 9103 349 8245 4477 9273 9951 6856 1767 317 1766 6344 6826 587 1065 6761 6396 1432 4129 5017 7559 8753 2629 2969 4781 8620 2707 4899 8995 4887 949 7894 7346 9326 5350 6064 7657 4538 5706 6248 6679 6764 5331 2341 2851 7825 9063 6002 487 618 1358 9039 40 1587 0 7670 347 8555 4340 2990 387 1375 4333 1913 1217 6524 3988 6557 1232 9139 195 8470 5013 2029 5332 7341 638 8065 2315 
5843 4468 9657 1950 462 9504 6312 3661 5998 4917 5674 4578 2817 6478 6508 4112 2296 5951 5887 1510 6791 1498 4223 934 8343 3056 457 6738 6467 3801 3112 4061 2889 669 7413 699 4733 3570 5751 9843 6593 8520 4730 8560 6134 3983 4130 9417 6828 2618 1324 3081 4678 2166 9593 8363 4412 6258 3055 3871 7853 2952 9328 9481 850 1095 8416 2795 1113 4797 1926 5226 8645 1060 4570 6316 7012 6323 2562 1416 5519 566 3993 1202 1684 8146 7068 1112 9240 1399 9594 5392 5122 2994 4915 1858 3693 3988 2489 963 
8533 5870 2766 955 2486 5728 8587 9415 5072 7927 5525 3021 3705 2901 7433 3610 1076 472 5517 3904 9518 7552 5019 8417 1676 2768 6067 8331 3967 9 1773 804 1199 6476 4128 1713 1304 7319 3594 5507 5077 870 5603 6317 1182 1293 155 9708 6530 1394 8443 1502 5876 8725 24 4814 7876 5393 1924 7922 776 8930 3608 6707 3360 8522 8089 1191 6630 1385 1802 8672 1429 3070 844 7366 2748 8847 9941 7288 3156 3607 1306 2989 6698 7339 9967 3468 2208 3078 5424 3552 8548 8454 7217 5511 7925 1710 4554 6876 
5272 8049 4431 5964 3377 1009 3349 5344 4550 5841 8169 8040 4418 3148 1951 7935 1313 9146 3976 7254 7274 9530 7090 5552 7528 2822 2708 4303 1823 8347 4872 2702 6442 5080 1489 6162 5459 5888 2068 1808 9972 4498 3559 7448 1056 7648 513 6237 1650 2995 3140 5630 4951 839 5903 4100 4552 6533 2379 6379 6280 9265 9565 2600 7152 7015 3394 656 4939 9519 8948 9629 654 8178 7206 8185 926 9244 4803 9867 6993 5603 9057 1557 7057 4533 8824 4907 9344 2872 865 1784 1541 397 7144 6697 6106 2106 9686 7424 
9605 7674 6898 9015 3192 7706 4455 7683 1145 4131 5485 2845 2949 5735 3219 2226 2145 9623 8849 3175 8217 2007 9881 4680 1058 6394 9239 3734 2996 135 240 662 7195 7145 5414 1825 5507 4779 4910 1931 5662 2965 9236 9462 7134 8959 9752 7388 4703 9788 9896 7439 131 8225 7047 3709 1296 181 682 5705 4727 4784 4432 8103 2677 5646 9637 4625 1434 4729 2477 8916 4669 4147 6718 3528 8326 5736 5859 8756 4304 4486 4306 4164 2993 4303 3787 1984 7628 9251 4903 7309 9665 5550 4082 4307 1079 9038 3018 5573 
1177 5106 4436 6495 7481 3021 4791 4365 9269 7421 2427 8232 6110 8873 5740 7667 4661 6638 7018 1821 9486 6747 1930 5950 3295 1095 5705 2420 217 9703 891 9991 4774 6765 9056 4530 363 4194 1522 234 2690 3921 4713 2316 2589 5403 8816 3956 2377 660 6801 7808 5476 1593 5989 3889 7175 4263 1517 379 6361 4540 9142 3861 7220 193 5205 9550 2380 1683 6649 2952 4223 7489 7840 7557 444 5131 595 9073 1929 9099 3723 2072 5769 1322 6251 148 4959 2969 7024 6556 5122 2300 6629 6777 5930 6339 2701 1455 
5697 285 3333 6923 4253 9219 411 8493 5730 9333 3176 4373 1718 7743 9452 3555 8440 6732 7066 8225 1685 8087 3546 8993 551 5246 411 4070 7179 6841 8011 5281 5473 2278 3913 6390 5981 3279 1126 7483 9447 9601 6497 9881 6306 3161 7432 4038 5891 9489 3589 3502 6199 9887 88 4106 9371 3299 5101 7406 4788 5086 4634 1441 195 4181 9268 2547 408 2035 9133 3385 7706 1666 4101 7092 4335 5128 5492 7864 5230 6896 2076 5514 4168 768 7019 3360 5247 2186 4053 2775 1191 2787 6823 6630 9786 8500 625 5661 
2742 7403 8234 8600 1345 5063 362 8115 8569 5636 9495 1244 1032 67 3375 621 2111 7161 8759 2816 6832 8099 1548 5465 1577 6131 9403 8380 1854 7638 1312 5612 9616 8429 591 4110 6550 7819 7385 5771 7288 5712 7777 7093 353 1432 4921 1998 3195 9646 9935 5571 704 990 8173 842 6029 490 3113 4873 781 1073 1379 9444 7233 871 7384 3835 7189 6116 6046 918 2185 8749 4241 5112 1257 5069 1185 7331 407 5842 240 5006 3703 7647 1685 7595 7533 713 921 6693 8136 7576 7079 165 5576 3447 5774 2626 
6058 8200 1857 9969 9497 251 4034 6132 4425 4156 360 2968 6792 3882 6974 2994 4531 9434 4935 3123 4166 5120 149 2125 9235 7788 3310 2161 7948 2883 6303 3802 2477 3634 2509 803 700 4419 3524 429 6732 1992 9320 1821 5425 9112 2661 2767 8429 1803 7090 2030 7788 2415 6493 1363 3971 4031 4758 5975 442 1981 7317 3783 3830 961 6637 5610 5697 4 3133 7291 5532 6300 5573 5327 3541 7667 320 9975 2148 968 3225 5964 8435 4857 1764 5417 4588 7485 4328 7430 2461 7353 8546 9160 3154 2644 8420 3061 
6638 5134 6397 4783 918 221 2586 8618 4819 7134 7599 450 8619 8222 4502 2063 381 908 5731 2413 7565 2089 5365 3148 4647 575 5082 8550 8528 2412 9855 6384 4969 9164 1351 4867 6591 5789 9665 8521 8452 9529 3304 3018 6863 3422 6695 402 84 8883 583 3292 1534 5649 1476 363 9977 3028 5144 9656 584 8856 4948 2914 7432 6850 8641 3564 8004 7270 7331 8095 9978 7192 61 4250 8130 6758 572 6206 6185 2104 8862 6450 6482 1032 4601 5260 3210 9365 7227 9583 9942 8369 9036 1067 3703 8730 1098 3608 