1344 1957 506 8980 3478 9205 4455 7934 6024 6979 3375 4580 6841 1091 3699 6424 1661 1292 9987 5901 498 2341 3921 3439 5320 1257 8132 4021 6275 7166 9402 4143 2286 4561 115 6176 6342 329 5654 6865 6573 3413 2327 8260 9174 8912 1431 7246 5383 8053 2059 7017 2650 3933 7392 9281 9185 4317 8704 7185 7523 6136 5311 9431 8715 2648 1448 5834 6012 80 8329 3139 8383 1284 1213 8657 9843 3173 4036 9610 207 8995 7749 566 6255 5947 2941 5213 4608 2745 3634 1882 2019 2237 4883 5067 6280 4799 5940 4742 
1396 5709 5848 7084 4105 6285 647 429 949 4513 5045 2715 2106 3216 3921 6545 4927 4554 4837 6978 1157 9047 6286 4841 3998 7696 9241 5943 331 5609 3856 5503 6155 2862 2916 6604 7955 5952 7127 9994 820 4810 1792 2825 7157 6689 2067 8598 8426 4827 4152 2692 5110 4322 8237 733 6438 3013 271 4127 555 2905 8700 649 9551 6383 6762 4841 3231 7137 8569 9192 3925 3483 2869 5342 9882 3247 4551 95 7626 4626 3037 572 2743 6038 740 8583 6058 7407 2431 8492 4404 327 5749 6060 2889 9413 7592 7710 
2857 9938 6294 2763 5416 3846 7517 9964 5879 687 7850 2257 8048 6498 9806 4568 8787 2142 1303 1516 3845 1486 3727 4272 8862 5775 1232 3801 6623 4267 70 5736 8013 5477 5631 2377 953 6506 2928 6838 2557 8179 565 9858 6067 8633 4695 5134 7630 8997 7576 7745 606 4819 7002 6794 2151 3805 5584 4370 3181 5175 9948 992 8750 8661 3525 4187 7822 2577 8738 6907 8205 1303 203 3242 3311 1651 5238 2521 9931 9155 6843 125 3404 6154 2134 5426 549 3283 8227 7037 8308 5645 6398 8680 7607 6299 4683 8771 
2921 2888 6845 8195 4537 892 8082 5072 3003 4051 2414 5235 4139 9890 6668 1812 6256 7791 4122 9428 4193 4200 8628 312 35 4996 2062 5667 3558 3465 2306 9616 2838 63 4542 9383 4330 2339 6652 3654 2140 4906 5812 9454 26 9278 7340 9615 5285 7305 9831 4926 2449 733 514 2218 5363 1617 2486 1578 1549 3921 7923 4657 5248 6218 6374 5234 5817 798 5524 3062 3366 4791 420 8867 2850 1490 3091 9371 3419 139 6234 778 936 8107 3284 6841 2765 570 6406 6546 7674 9070 6358 5322 8405 2773 5381 3022 
2793 4898 1444 1324 4778 4985 9791 8543 9394 718 6779 5785 6451 6683 929 2390 923 111 3636 1786 5773 1691 2752 6822 338 2869 4815 1153 230 3377 2022 9476 1816 7922 9841 5091 1225 6465 3771 4171 9950 7952 8196 7521 451 5348 7593 5498 8586 6944 7670 2376 8634 8664 5066 5675 2472 5971 5622 7667 1646 7561 272 6999 9408 4787 1784 4822 7816 754 7242 4754 1463 8531 2674 3810 6069 1451 7570 130 1155 7925 5244 248 8645 2825 6902 9360 8148 6644 9642 2363 4004 4084 9732 2302 5505 7368 9306 802 
9827 6448 9468 9182 7951 4958 5816 5261 3427 8365 9519 1642 9253 9594 8812 6374 9994 8542 1607 9882 5035 784 6846 8927 1796 3582 6352 1545 3491 6895 7013 947 4956 6134 6276 2548 6062 6120 1207 3091 4878 2263 1432 8198 8199 5775 9146 1498 849 8861 7170 1441 7575 5836 1904 251 836 8977 9782 9992 863 9977 8924 1818 2431 28 6734 5508 9009 1276 7096 9661 5235 9331 5726 1234 7618 3949 2846 2126 8063 8754 3711 7746 4989 3472 7389 3732 8677 610 3878 9781 4003 1430 3259 9049 2082 9972 4238 7274 
9600 1446 3673 6797 9012 1930 7658 5658 1143 4543 6705 5070 432 7447 5140 1845 8166 8874 9394 5162 7820 2991 1909 2141 5499 4220 6993 9057 1052 397 4015 7424 9015 7706 4380 1883 6173 4323 8138 6681 6651 7751 6092 107 4705 1215 1769 3960 7924 1389 1524 2768 6095 9350 3765 2697 7719 11 1685 2633 2609 1283 7051 949 6489 2624 8585 5045 1492 9973 275 4038 4133 4023 2213 6057 9509 4554 1544 773 9047 8863 826 4851 4489 3998 7696 9241 9558 4337 5722 326 1152 3599 3657 4929 5952 6814 1365 1166 
6743 4117 9819 6652 3050 8380 1197 7319 2868 1590 191 4864 544 7083 7249 6179 3805 6008 6688 9628 5585 7364 2877 8455 5269 4646 4186 1562 6611 3598 4797 6206 7428 8730 3868 4382 6728 3312 8666 271 3673 6963 1244 5364 285 1280 3831 6426 5015 4447 936 230 3745 3735 1046 5006 3442 1316 6321 7603 5484 2116 7146 7715 336 9921 4080 7093 8333 794 6619 804 937 8514 9277 9456 8812 2087 8102 4537 9788 5708 9333 3435 7195 284 1286 5922 9402 989 2296 8771 7455 4933 2374 5885 7103 6468 3038 6416 
5907 5854 521 8818 5914 4282 3247 7436 3776 1998 7050 2518 5573 6297 8511 8881 567 6549 2787 4231 6994 1172 3094 6078 1169 6907 1501 9357 3910 1069 6037 6060 4468 9151 6280 5374 7058 7270 842 3827 9670 6714 2614 4352 7954 7402 9986 7500 2988 8303 5662 1353 8692 4846 2072 2168 5266 8854 7545 9079 4773 5957 1945 3187 7566 8159 2319 8376 3064 6603 5800 42 3378 9586 9587 4641 5659 5365 6547 853 738 6079 853 9733 9791 5725 7999 6631 8255 4879 9865 1176 1736 8672 3493 9420 5140 7106 6570 3547 
2558 8702 919 7422 9454 4823 934 1500 8740 3793 8903 1861 5841 2744 8373 9292 7730 6813 4868 8377 4207 5182 6608 4032 148 638 4721 4161 9293 3466 873 9515 1173 4993 185 6586 3832 2651 9954 329 659 7783 2336 4399 4853 1386 8623 4088 8974 2625 9756 3243 7780 8454 9508 6447 9185 4401 4822 4953 6979 7156 1546 458 9557 527 4386 8937 2612 6526 5301 649 5460 5919 2628 3806 7532 3335 2623 4681 8384 342 4918 224 1046 2086 9242 6480 840 7309 3280 6757 625 6092 4718 1832 741 4768 6854 8853 
3068 260 268 3545 1333 323 4630 6385 4215 6252 4518 4779 5893 6430 6535 4771 4431 9402 4399 6062 5053 9593 463 5242 6680 8826 9762 5511 9086 6055 8200 6827 6120 1495 2556 326 6975 1152 5899 2788 3599 6833 2050 5192 7016 9720 2707 1683 7286 3280 7158 183 9032 6217 5328 4961 3136 8002 6910 712 1820 330 7751 5266 9824 7179 7845 45 2005 3 7273 8941 9546 361 9962 4100 8390 7149 4681 5966 4360 4365 5104 397 9669 5238 6597 7163 6362 3690 9543 236 5082 8581 3560 7701 1714 486 7437 1325 
5457 3224 574 9169 2329 1739 4611 1926 5111 6491 8134 8730 6513 9680 2172 9547 9516 3945 4903 3419 1810 828 4597 1725 5114 857 7598 3095 5753 9254 2518 8236 692 9778 9827 826 9589 4374 9287 4015 5829 3879 3048 3474 4554 4668 7743 9788 7305 12 3411 2444 101 7288 6215 6592 8788 4194 6242 6133 6835 363 8880 4640 4400 4832 1466 7708 5103 7196 7694 7450 7839 9777 8195 9805 6202 8579 5094 5878 7622 1497 629 8394 2279 3157 7455 2278 5942 1376 6237 7202 1068 960 3115 8363 6247 7578 5169 6881 
6581 4945 3224 7874 8215 5686 8618 6632 700 9574 4131 7718 3106 8514 2948 463 8506 7558 7879 8417 3823 5108 7987 626 945 287 6315 4708 5685 2500 1083 8885 2150 1902 2066 4456 3280 8691 7260 1100 9729 7056 6570 3767 7682 2767 2914 5503 7393 3705 3112 1968 4733 3427 2496 2074 4130 42 4878 6317 9273 6290 1837 3799 1650 8854 3860 2331 9358 6388 943 6700 6664 8549 9065 6963 7842 1398 6583 6606 3781 7554 5596 4200 5414 3233 8943 6792 4169 1011 5979 498 84 7683 4963 7728 6568 2267 2184 1159 
917 7192 4569 7826 6341 4140 9605 944 8227 2915 2592 7510 8981 1360 3452 1205 7905 6016 5201 1425 3089 8504 3670 5094 9995 6228 2983 1393 3288 5459 34 4294 1816 2122 5019 731 8367 2643 2608 2529 3789 7359 1966 5683 4288 996 8791 6376 2515 9374 988 9425 1066 5376 2507 9937 4483 5193 7721 1417 1338 6706 3227 9247 6823 7038 6203 115 3950 3153 9476 734 239 9637 4925 6123 7009 410 5004 3351 1344 6069 2532 5253 9167 5281 2923 7274 3029 2542 9747 483 9120 8323 8477 4308 1169 2767 4038 7229 
2367 8665 9325 6911 5915 6 9241 1366 4373 455 2608 8944 8145 8425 4369 9276 5495 9092 203 2370 5378 4475 21 8637 8993 3202 9757 5106 2857 2735 5425 6590 2539 4847 3377 2713 3672 4684 7102 492 4862 1634 1137 4652 8323 117 2338 2107 9283 9944 8406 1973 7589 987 6179 9611 1815 1604 6510 4857 2760 556 7268 7461 3214 8529 491 8436 2785 5180 7713 6404 9135 4533 2273 4692 46 2387 2866 2136 9026 6121 1001 9875 7749 4494 5358 4760 1819 212 340 5699 1307 6409 4580 344 4400 9747 1333 6198 
4652 2614 8546 6881 2780 9066 7386 4480 6129 9511 1260 5457 5709 8964 8907 8040 7559 407 8248 8193 9956 9228 8241 5132 6503 3688 5364 46 918 9583 9309 3542 4999 3429 5473 1569 5243 6312 7594 5144 595 8862 3821 7432 5793 1039 2948 1653 3792 7386 4774 1317 4137 8522 5739 6374 7964 9805 3676 2300 8148 1564 4509 8050 7819 1431 4709 9177 3952 5252 7325 6184 2507 8381 6119 4091 2858 1050 2651 4172 8049 9601 585 3803 9230 3365 7179 3189 5560 1580 7102 9862 6122 7045 3109 5469 8474 9294 1611 5858 
7439 6452 5642 6486 5202 9645 8336 3051 3835 3211 5446 1304 3024 5095 6962 6040 1597 5281 6649 1574 4598 3069 2372 5686 7358 1587 2328 1662 9532 2991 5573 7087 747 7376 233 9248 4481 5147 5417 1681 47 1029 4248 6994 5778 3063 3708 4057 7067 2090 9628 3984 147 9412 981 396 5202 7250 8443 1411 7376 6002 4440 4456 1983 8599 933 7937 4949 7650 6391 8117 7737 1678 4720 9491 2706 2610 1304 7850 8932 7432 175 4130 4360 621 3990 7630 5661 5458 381 1302 4243 3981 1798 4121 8190 8625 1006 6217 
4000 3345 2968 1889 3524 5238 4155 9754 7304 4509 8278 3809 6574 6931 1358 3538 5453 9599 6802 2694 7329 5582 8933 8937 4242 7923 7351 4020 9859 9450 6252 9676 8348 459 4259 3494 846 1781 2223 5512 4338 6305 5981 6864 454 8929 1382 3170 1911 6757 4112 2322 8531 6265 2380 390 9901 8036 646 9768 4422 6125 4710 5521 2125 3360 720 7310 3383 972 7554 1379 9397 8723 6905 9502 3449 5246 8089 4718 5058 1423 6293 7060 2459 6325 2065 6168 5460 2968 9598 8513 6684 4831 3642 7279 7753 7058 4039 5571 
1208 8607 4670 9211 3228 159 1751 4388 3163 871 4726 8571 7897 548 7314 3400 1534 7445 8036 1637 5249 2184 3096 3089 4781 9024 5970 8237 6880 2129 9027 5312 8087 1468 9681 6221 6247 5159 836 7188 9154 8431 8995 6373 5271 8997 5413 3311 4983 2034 3859 3456 6385 6515 7023 1488 3947 5282 7639 1715 6069 9987 4545 4353 8604 9294 5010 1718 510 4805 6211 7601 8013 8993 1887 1231 6037 3933 6497 889 4842 6432 2185 8981 7559 9266 8775 3617 4800 9408 4036 1486 9343 6534 5824 8557 3610 4954 9284 4417 
7866 4781 2398 2871 4055 8278 6116 541 2320 3686 183 298 6982 7513 1321 5971 1787 1889 4626 6154 4767 2849 7737 6435 7736 8004 2039 623 2096 8277 1479 6026 9342 5712 1029 5792 4186 2748 1799 4686 2205 3347 7634 2543 3004 4055 3783 1280 8363 612 9877 6679 5461 7287 9150 536 2425 1666 6112 2379 37 1983 6189 1691 9907 360 4796 7175 3996 4131 70 4969 8030 9233 925 3002 6763 5894 4474 8845 9182 3313 9805 5500 6110 2468 5624 8727 2903 7263 4071 5354 1653 1509 7963 6031 5537 116 5157 9473 
2556 547 8397 3719 6322 7122 7128 855 2963 6743 3240 9177 4013 5247 7593 2834 2025 6815 6854 8097 3782 4233 5603 7616 3250 48 2620 8707 3845 3600 9214 2712 859 5998 3842 9338 6204 2987 8089 5378 6433 4480 7933 296 3728 8053 7277 8437 8367 893 4835 5900 5143 6662 7772 9372 6355 9198 6451 9449 7631 5403 7763 5994 8371 585 400 7234 6739 5930 5096 3681 9653 6367 6205 6565 4352 286 5777 5259 9967 438 3400 8267 8823 7611 8881 8431 4105 7872 599 6678 3362 4174 4549 8635 181 9041 4041 303 
86 2763 635 9729 6297 5446 9636 4230 565 5257 6912 2500 1631 4436 652 2106 1730 2775 9863 864 4425 9473 2301 4420 9677 4057 9810 2941 3034 6291 3517 4621 9688 752 2528 731 7468 5049 2254 100 5160 923 378 4127 2089 4560 9674 7314 9551 6580 3930 1224 8723 7164 1882 6934 2550 8146 4868 7066 3628 9148 1014 142 7931 117 8405 5811 5652 7156 2175 9105 891 9991 52 6765 5524 6503 3517 5538 4614 4861 6238 5078 1133 9641 1395 7799 9755 1254 9711 1441 2978 1451 2075 4954 8889 4375 9393 7451 
9922 8489 1680 7038 7822 9383 2369 9219 579 608 7921 2776 9914 598 3029 6933 1410 4636 3227 7500 9679 9135 6490 1044 9216 7094 9423 7100 7715 9220 640 4419 7781 1935 6158 5100 3364 3448 6986 6136 7377 2577 6574 6775 4012 8144 8128 1634 3905 3441 2786 163 625 2943 6383 1832 7358 268 487 7197 6472 4209 203 5636 1849 7271 5978 8038 5978 138 4570 7611 5727 3614 1960 2679 9112 2310 8070 7370 4067 5217 5425 367 725 3746 285 5592 5980 6795 3109 8781 7933 2866 7334 3893 2350 2385 8785 5265 
5619 4474 336 2713 8895 908 7822 546 7380 605 6920 1685 6864 7894 9140 3894 3384 2171 2162 9381 6693 3366 2027 7163 4349 4476 5557 9302 4757 7366 2686 8508 2573 618 5232 5145 9028 9729 1680 4205 7056 4106 2026 9708 9712 9666 4338 2864 4005 7718 3366 7273 5588 3582 3248 533 5571 3875 966 1143 1771 7662 8885 7438 545 3958 8463 3317 9666 750 4588 3361 1434 4278 9148 9822 8953 2915 995 7123 5731 3517 7330 9770 8137 603 992 9329 6208 7149 3995 2750 1315 3492 3311 2485 8793 2865 5243 6972 
20 2557 1613 2491 5575 3057 8125 3162 2080 567 6457 626 9797 4440 8512 3057 6423 2294 2896 4240 6088 1868 3884 4374 7112 6017 1678 5918 3300 6406 3047 4228 5326 5886 396 4289 3512 7740 3469 3469 1185 9087 6186 2270 5032 8829 8016 2572 1715 3725 7925 4680 914 8776 7376 8718 5897 7795 6600 1935 1462 513 4401 3177 9767 1980 3196 7884 5679 423 4404 7252 8078 6264 932 8085 2108 6712 7733 6182 7524 7451 7057 3546 1545 8059 5478 6027 4335 9718 3767 3150 4628 1907 2299 1707 3428 7111 6142 3308 
3324 5897 9136 189 7483 5830 3022 9138 5877 5554 7408 1725 1558 1870 4238 3961 7898 7785 2773 6700 563 9217 8894 1388 1122 1721 5580 6359 6170 8845 3761 9929 3157 9535 5737 9351 8907 2125 388 121 931 8574 6137 7312 7643 3563 7790 3050 5175 6246 6259 9235 3786 7781 7479 6138 7652 9532 7067 6900 841 9598 1030 5968 7580 7279 4773 4346 5398 8760 6179 2129 8623 2509 6710 900 1112 5603 5875 2487 1680 7780 6240 6250 3617 5411 9900 1712 2745 9318 2984 9180 3542 7049 2508 9410 2012 9203 7750 1885 
7517 2123 6572 8696 6013 654 1133 6527 1528 8709 5734 4392 9394 1385 4877 5505 6515 3660 2257 3687 7318 2475 9500 787 6691 8570 3508 5615 9314 8278 6991 950 9273 5593 2069 8911 9204 9243 4293 4742 3840 707 486 1495 7626 5365 2775 26 3616 9760 6102 4983 215 6505 5135 9137 2753 40 9509 7384 6058 3817 808 5737 6281 1598 2192 685 5371 8541 5855 2105 8386 327 8872 2008 5473 3023 5789 2879 4169 5807 551 2290 6103 5789 4463 3880 3508 8459 5108 2815 8624 6326 3249 1953 4418 6524 2524 5825 
3569 5356 8781 2904 8409 6011 7272 9715 5351 8528 5607 8076 6510 3480 9908 3700 8495 3129 9497 5421 8564 3374 3134 5921 2665 4763 3765 5247 4041 2123 3451 4525 9306 8223 1946 3760 3102 6842 6126 7650 6956 8826 8938 5190 2172 9128 3908 2169 4980 6957 6634 9648 5214 5638 3373 3579 5512 2735 9651 5700 7391 8127 1096 4903 2486 6240 6826 6890 6591 4319 1443 9060 2621 3263 7867 2770 5192 7214 8273 8218 123 3794 8570 9693 3572 6080 7624 9944 4698 4782 4588 1832 2716 8384 6040 5564 9642 385 7967 4318 
8294 8986 7371 2824 8528 9810 8664 8773 5906 765 9860 1810 6176 8516 2894 5459 2007 3912 2933 264 2142 2503 9251 9771 2910 8790 2928 2929 3761 1297 5681 474 9358 6734 632 7608 3898 1244 8211 3844 8550 8074 1053 8008 2621 3865 8382 8971 5921 4592 9273 3560 3381 7655 9787 8538 9277 8923 1671 5046 6497 3596 5271 5054 9451 4158 787 3257 5676 7754 9794 7745 8488 4480 2073 1365 7122 3063 1058 3660 7539 528 4517 4112 9288 998 4919 5978 721 4170 4659 2632 7055 154 374 1228 1381 3987 1494 6419 
5461 8042 6829 8681 271 899 9857 3354 1935 242 526 8477 4984 7840 6858 4054 3405 8945 4202 5863 4939 7451 6898 7175 8059 2713 2732 3150 1907 2299 6142 8592 3083 1402 638 2821 1411 9643 2660 2243 8494 1938 2501 264 294 1290 6366 607 7852 4386 5001 2312 1886 133 6223 3829 7792 8943 1939 7578 904 8932 281 4552 8149 7804 9263 756 688 1651 6736 823 2328 2880 394 6960 7568 9260 6300 4489 5759 6916 9746 50 1028 3445 5452 8818 5778 395 6422 2007 8630 9892 1646 6809 9588 7744 1567 7795 
6105 6525 4858 9550 4488 6662 9741 3090 5437 5135 3836 9658 8385 7586 5381 1321 1124 2503 5476 8490 1794 5228 1562 1308 2849 1869 8605 1339 2449 6764 2482 664 7923 9651 758 2358 5857 6351 7669 7136 4050 9772 8434 569 2695 8357 4190 2844 6505 5841 3337 1170 4781 8353 8046 5278 3526 4447 5880 4384 701 2281 9531 7197 6567 3431 9927 4746 8537 5987 4448 1178 3707 4924 9426 5892 3903 3336 6818 5520 7889 9576 5019 2287 2938 601 6599 6854 9418 2588 8058 4418 2308 1130 3417 8448 7077 9321 7685 4913 
8178 110 1667 1932 142 7563 4169 6649 9745 1282 1031 6917 4435 5638 5734 381 6207 4906 8424 3386 4109 5990 7272 4886 7498 9733 4552 4299 3446 5677 8072 958 4879 8726 1818 9191 7878 8917 661 3815 4299 9853 3921 3089 136 9452 4032 6824 4994 6227 7856 2102 3859 5499 2168 4461 3158 9379 3931 881 3524 1537 6117 1209 8674 435 9880 6154 864 8221 2285 3297 8354 9563 938 9612 4903 5707 9890 5936 6087 8554 4469 7001 2875 1515 5378 5764 6996 6105 7436 7589 7146 7848 3610 749 1900 9010 6433 216 
9245 2367 9804 1544 6577 8562 4645 9052 6651 2465 7450 7505 3742 3737 3163 7560 4076 8721 7252 3527 7155 8380 2182 256 3806 8340 5612 1032 163 3767 4826 1516 8942 6606 6956 6610 6496 3634 6785 8989 7561 2112 5212 6747 482 1417 8239 3094 1841 4867 4197 1596 3212 7312 4797 6799 996 2752 8255 6341 5290 5910 1639 423 8148 7872 5597 8358 6730 1228 8103 9936 9962 6058 8635 3345 6046 6863 2258 6262 7879 8021 4667 9093 4353 3443 7427 1263 9472 3600 7969 4824 6468 3938 4762 8037 1464 1859 2152 7172 
5669 7683 4226 5789 3915 7168 4683 8948 950 5368 9171 6753 2003 823 7255 4110 9708 81 3829 4496 2851 8248 5609 1006 3017 5328 6817 9166 4912 2135 3186 4267 3941 1223 2841 7553 5476 7580 8945 5423 1073 8173 2624 3282 6308 3298 5040 1827 2708 1550 1061 4359 6151 5587 2023 5729 8065 4333 858 5258 4425 7141 9985 9797 1820 1295 1224 4183 6823 6879 9023 838 7348 8471 4855 9993 5231 4882 6251 9043 8024 6926 5603 6036 2278 4888 6180 9402 8983 3892 21 7287 4945 9615 3643 3164 7624 8864 432 4349 