7772 8860 5168 551 8133 3813 5653 7860 7367 6300 8434 5495 3977 7172 3638 2308 7426 7217 1611 181 5608 1500 1170 598 1239 3859 1008 6925 5746 3721 7997 6482 3290 3098 2451 3049 593 3740 4026 68 9021 3020 6112 8363 1593 7648 6459 6848 1435 1853 9713 6561 9464 6557 8800 3798 5789 3473 7981 2377 8079 8583 9532 5441 9340 6072 3483 723 1159 9374 1862 6323 7773 9303 7757 42 4067 5929 3224 2022 8129 8679 4648 4692 1349 7622 6817 1462 4799 660 6227 4675 9769 4483 8413 5079 2446 899 583 6055 
8200 4826 4464 3221 3541 6254 4587 980 5150 8980 3478 6002 4455 3883 7934 6979 3375 8937 5528 731 8948 9533 3667 1100 9218 2411 488 9684 8128 8152 4477 6773 9352 4169 6197 3767 5380 3266 5064 2370 1563 6677 566 2561 1349 4052 8199 3926 8583 8094 6472 8764 3959 8525 5378 5185 4610 4266 8817 6006 2345 7281 730 1698 5088 5871 7602 5379 8790 8310 5453 3675 6925 9350 3947 8161 8818 6950 2257 1925 5272 3452 9652 2587 6630 507 1385 1802 3099 625 5060 7688 6916 7712 7705 3221 6798 7468 5049 9962 
9291 6121 2569 6389 2443 5897 8313 2831 3445 4245 2955 35 268 9086 8266 5274 9653 7518 4218 991 1589 7414 5620 2773 6865 6871 7338 568 7228 2848 1952 3655 3401 1267 5444 4365 1609 629 7065 1761 1105 3934 7541 4528 3885 6581 8216 773 5014 3052 3133 3482 4073 8379 4342 7324 4665 6434 5805 49 662 6165 6002 199 4965 8528 88 9998 3086 4685 4654 7884 9975 8609 4296 7030 9847 207 6342 6349 8887 4019 7100 640 7415 4811 7503 7565 3490 7719 6024 6863 3952 663 9361 5964 8435 2981 4157 6450 
2420 121 3647 2887 2591 1293 9468 131 8964 963 6995 8435 4857 1082 8727 1658 1805 8594 7807 8817 2336 1289 5340 9141 2601 8069 3630 5681 8506 8390 7879 2549 3884 4493 2752 3367 7651 3051 8514 3815 3602 8488 6633 4284 9250 9545 7349 983 8205 3783 5578 6421 4864 4625 2000 321 1163 631 1529 1570 5521 1267 8155 4394 394 1641 8868 2166 5477 463 7808 3488 2609 2393 9831 4087 1522 7606 6474 4993 967 3580 9750 4044 3834 5609 5687 9812 4074 9898 7316 1932 3720 3964 2821 3554 7904 6891 3544 312 
271 637 488 8830 8580 2657 9708 4397 3122 5870 5140 5859 1391 9432 8752 4293 4952 8582 1595 1069 5051 566 9998 930 781 5366 3638 5426 4699 3807 7656 2458 9151 2918 4536 68 1820 1698 4830 4363 5966 6854 966 8667 9586 956 612 2859 1337 7913 4395 4461 9931 3617 6035 2157 8759 9214 7987 7489 6807 5525 6265 5998 2190 1534 6793 7368 4257 2906 1007 5141 1550 9831 1642 3832 733 5839 8619 6411 7904 1803 8491 5455 9932 9505 1037 6264 4480 6608 8644 1028 2406 4847 4313 2241 8636 6549 8193 5777 
5126 8773 8796 9560 8340 4079 6775 6575 1021 1127 4416 9680 5130 8569 5671 2413 9524 5381 7827 4868 9780 8887 6211 8376 9525 896 452 4209 391 137 9244 8854 7675 3906 1412 6212 2730 9224 9862 3780 1411 26 1697 6954 531 7805 5249 8743 7891 9187 3036 4597 3008 9567 7818 3744 7289 4776 8405 2773 5799 2793 9118 393 4985 9791 7893 7029 1850 995 3441 2029 3524 6683 929 556 2390 8758 9753 717 3332 111 5644 7776 7350 2224 1361 6597 1449 4858 4327 4494 2943 5738 3210 8872 8025 9390 5735 8415 
7960 8616 2420 8905 3 7558 4183 8712 4124 1294 677 8367 1468 7620 9655 6718 9767 3202 3682 6747 730 1137 3671 8958 6578 9889 1263 7280 4643 2499 6904 7598 5984 5821 7420 1881 5516 3198 9015 162 5947 3035 4701 3433 8636 4255 3365 1272 5395 5887 5337 9584 9461 9125 1023 7232 8008 3677 81 2168 2106 8998 4435 1709 8245 1026 714 3278 6950 504 4160 538 1693 6159 1700 6105 113 728 8647 3760 3920 6286 4672 9635 7064 2892 8822 9972 1319 1263 8410 4081 8257 3184 2139 1023 6967 7311 225 2698 
99 1339 7446 6860 135 4287 3712 5027 7116 6204 4466 315 6948 3183 4209 3905 1411 4476 4846 8678 3947 7586 1187 6640 3502 3425 6293 2681 9711 9529 2530 4130 8527 9608 7265 7123 4664 9857 7825 2055 1737 1274 7413 2734 4678 256 8478 143 6809 8955 4808 369 9536 9684 7964 313 3480 2004 9753 1241 4840 5763 1336 432 4258 9045 5419 3186 7007 393 3788 5661 2805 5755 9634 5067 9208 9737 6863 2005 6323 3844 8482 9557 8672 637 9029 4389 2979 8257 7040 2772 3477 3091 1716 4702 9726 5570 6533 7627 
9749 145 6290 5642 5843 5569 9347 1307 1317 4490 1622 7592 703 5827 6413 8115 1455 3408 3010 2559 2973 5989 9299 2988 9892 5342 8490 5823 138 9271 410 4929 7167 161 967 7933 6610 8578 4004 3582 4864 460 9648 5384 3433 6976 2151 822 496 2603 8866 5668 2573 55 8336 5037 6617 1283 7232 7535 5558 5187 7578 2866 2378 9486 3866 1387 4972 2507 4519 1862 7976 2347 8894 539 6955 875 3891 9677 9762 4707 4281 7844 536 8100 9001 2883 3630 1255 1302 9411 6253 5070 2566 7227 1415 2307 2336 1888 
6517 9050 2626 831 6564 910 9312 2000 2095 4446 9236 5061 378 4727 4443 404 5747 1050 4097 7456 8551 4186 2889 1362 7421 6529 7153 9805 3356 6943 3556 2660 617 4755 7877 7118 497 3711 3786 4207 8856 6805 8898 223 9397 8240 1055 7316 8875 1323 3211 9214 4425 6019 5020 7676 7951 975 3855 8040 6973 3896 133 5893 1905 7234 6726 8500 3928 8147 9177 6262 6163 5399 727 6439 1097 1270 5303 1455 6970 8309 418 7697 9845 6380 769 3925 6592 9105 749 2417 5814 4905 3214 9240 265 5280 2446 7883 
563 3581 3884 3959 6125 7140 9279 2550 8894 3613 853 2406 6726 9393 1986 8557 3766 352 5936 7742 6922 3204 5247 4607 1311 5823 9349 5881 2303 9866 7970 3338 5334 4630 8151 9049 823 1500 1522 6878 5852 6140 8739 5913 6785 227 6548 3893 6797 4638 3576 9898 2915 9835 7387 9056 4266 1025 3497 4085 836 8814 1363 1489 4320 7315 3319 5731 7991 1286 704 8159 9382 622 5337 8619 3759 167 9838 7695 7520 59 5274 2759 6834 6122 2945 5637 7684 9692 120 5119 9552 3348 8369 9511 4143 6859 269 6176 
11 4069 7600 4238 5654 6865 6573 4232 2327 4117 159 9174 8912 554 4543 7246 8053 7017 2650 9023 9515 6858 1625 3398 9345 8704 7185 2980 6856 7523 3575 1019 4189 8680 7703 1448 7229 6980 4388 6179 5101 5156 5378 8158 3004 4944 2493 3956 6381 9742 3716 1601 6402 3365 3380 501 1981 6003 1941 8181 2801 6216 6459 5235 1933 9456 5696 7363 9241 6742 4587 2378 2105 8099 5812 1273 2204 5168 7045 3875 8324 478 1131 6672 4566 5325 5829 8862 6600 8189 9112 2683 4409 7502 8318 8429 8054 7341 24 6039 
9305 6233 5657 7788 8951 6493 369 1367 8453 477 8743 8250 2267 3036 6623 717 2039 4800 2914 4089 1964 1971 5435 1308 4284 6568 4539 7517 9689 3840 3828 4131 8634 3644 8790 4167 7037 3377 2759 7279 3720 6984 6415 1757 3968 8357 7126 9733 8496 4265 5987 250 1162 9663 2119 9189 5924 633 1702 4191 8367 8553 6863 8606 8 945 6610 1496 9967 7362 2851 992 536 5760 7271 2526 859 5818 2338 8948 2455 3073 4161 2962 6852 612 1999 6606 7852 4839 1361 2528 3706 4595 1329 9790 3717 5785 8372 1855 
3903 222 3094 1831 3781 6881 5491 4069 7785 8470 6002 8516 5364 8458 6642 1021 8273 7102 4692 4416 9983 6307 1345 9674 8717 9403 2929 5098 9669 5014 7738 1469 626 3355 1294 5941 1349 1986 1437 9712 4778 3818 402 7080 3377 1821 8687 9382 8677 3654 2226 3419 2062 712 8727 7042 1072 913 8695 1990 7094 5054 1517 2706 510 6777 8445 4496 7172 4334 3240 6246 7427 3820 9521 670 6915 3248 8519 4452 6745 6018 8208 78 4792 8370 5045 1890 2694 1095 4185 1199 5428 1212 7790 1690 6297 7246 3316 7345 
8119 7350 8549 875 5604 1855 668 2526 5853 8054 9178 867 1904 862 7016 731 269 5692 1540 1511 7993 9552 6688 7610 9060 3875 5516 5481 7843 3774 4993 6481 8736 2390 4263 3735 4464 6356 3257 5032 8779 4368 4602 8790 5657 4502 2381 7842 280 2480 3783 908 7787 7253 3283 818 5226 4611 7439 9596 548 9693 2150 9661 7311 9820 3346 4345 6462 2766 2884 4423 8444 4520 431 8313 8735 2736 807 2892 2507 1062 9465 1549 87 3921 2817 7983 9389 5828 9624 8715 3804 792 2459 4146 4657 6197 4799 5635 
8962 5486 5801 6496 451 1228 5954 798 9475 1572 711 1276 9160 7947 7500 6112 8099 7859 5259 2802 6129 2968 3657 7995 3069 8129 2348 9290 353 3270 1766 8038 758 5960 1841 7519 7132 4662 5943 7894 8618 905 5739 2227 4692 6374 7490 7964 4859 9084 3676 4509 8756 3501 6914 9339 7819 1431 6123 9140 3606 9391 8308 3411 9393 5845 466 9594 6820 4034 6695 8722 4589 9374 560 6052 412 5761 3103 3885 3293 773 5959 7537 4239 3019 6528 5002 7175 498 5155 1215 2706 4227 3914 9369 999 6608 8638 4555 
7596 7645 2580 9053 1635 2112 6560 3534 6781 1055 7982 4401 5510 3863 9609 8266 9529 2441 5302 8865 9757 4396 648 5097 6877 2485 5727 391 1599 1548 3667 1217 2425 9191 3670 2154 3560 732 1425 5187 5575 2880 3895 3086 3325 9859 843 3081 3873 5886 4678 9949 2860 8756 718 88 3291 5808 5709 3388 5937 8135 2136 8282 765 6849 3643 8081 4153 1013 9503 6278 2398 2333 7620 153 9271 4294 9822 3909 9098 360 5997 1421 9838 2356 5299 6731 8316 5586 6470 4412 6679 9059 5172 1485 1425 9932 2299 6352 
258 5941 3333 740 7691 7190 7550 3212 2866 9083 4171 7106 194 3733 6376 5760 999 6104 6315 3422 6837 5675 3659 7995 9421 7465 1867 8130 5481 1442 4741 316 8054 4816 8908 8135 3536 3323 3984 3758 3539 9491 3855 8632 3926 9186 1911 5447 4552 2559 7002 1292 6500 9300 5768 8986 3368 8277 6595 9972 7339 2703 7514 3893 8978 1727 6164 1115 9455 9297 1512 6581 3761 257 9416 7351 2581 9433 773 2210 7389 3742 239 6602 4573 289 6134 5514 8584 7071 2194 6191 1163 6826 9954 7633 1736 1836 3190 41 
4415 3913 6609 104 5120 2778 616 996 4558 6982 6815 1113 1330 6488 7104 9123 9923 9893 1018 6185 5711 7287 2564 4386 3698 8690 4532 5522 4992 3420 8505 4784 6992 3235 7876 7420 1858 1387 8783 4348 7043 5960 9100 582 7732 3866 2524 6620 8394 50 6671 9875 928 9494 2600 5791 3075 2810 8822 1279 199 4400 3314 4234 9933 5724 5845 3338 5588 8522 680 8771 8261 4652 5379 967 1359 5998 6006 5548 9569 4050 7308 2687 3005 3419 1109 7129 5161 8131 2851 3056 6716 3637 2044 4904 8250 8026 8247 8316 
1141 1618 8376 8292 5366 2428 8204 5426 1908 1247 8775 6421 8440 4855 5141 5966 8932 8922 500 2532 4197 3128 725 7094 6593 5341 6599 5576 8829 9655 9553 5395 8275 6727 4808 6567 4500 1100 1577 3607 6115 7399 5931 4644 9021 1499 384 130 359 519 7390 8930 2113 9766 5561 3464 2569 6655 136 3526 8577 682 6035 2601 1312 1842 7898 3681 6587 3131 5184 8132 3439 1731 3043 7106 1237 6051 6089 2639 1313 7140 2324 5647 5394 7745 7074 6521 608 3116 4102 5415 8350 3998 5083 2769 3163 5544 2236 8589 
4916 5432 1600 6699 4132 3337 5967 5482 4614 4457 4176 3711 366 5306 7555 2068 588 157 5479 316 8282 9402 2022 6751 2952 4303 4446 3110 3889 1677 5032 7409 6643 8134 442 3352 1764 1975 6594 9004 7749 8705 8111 9614 9764 6778 7763 3062 1389 3801 195 372 9961 5750 5725 1186 7635 4683 5194 9705 706 3500 1370 5759 8851 9643 3918 5042 3965 2109 9431 9507 2110 8302 4230 7440 8935 6012 3795 2006 6905 6687 6467 2559 817 8562 5795 4351 2609 6774 8742 813 2807 8728 5416 7661 975 2127 4648 3004 
7940 6565 991 7974 2587 9770 714 1600 5236 9021 1810 751 1663 8212 151 7400 3522 428 1513 1907 5826 9766 3308 680 1978 2097 648 5776 7483 528 5830 1998 8371 7597 2947 4620 317 6729 473 7302 4460 2969 8617 6206 6013 671 9926 761 2027 9094 1017 1334 5046 9111 2282 6577 8684 2470 5658 1854 4693 5756 2929 4149 7281 2165 1392 8044 1058 5703 2312 682 5867 6223 3829 7792 2355 8732 1482 2683 4093 4882 2455 1564 4879 597 1042 336 8115 4278 108 6201 4788 6701 3179 2704 1116 4792 6600 7618 
7153 8864 1517 145 6918 5436 349 119 4496 803 1909 4023 4970 1862 1441 6257 2965 4465 6970 6903 3242 4691 8057 1162 9184 9650 2615 2467 347 9985 6499 3031 9741 1073 4710 2360 2792 2749 2186 5262 2904 5412 6915 7455 1685 3044 594 2596 4072 7445 4391 6262 2043 9578 1880 55 8870 5826 35 7116 4273 7043 8552 7716 1784 2735 2086 7808 6720 6604 7285 5648 5969 626 3311 1461 1677 6906 2641 6738 8990 7716 9723 5765 1562 1210 3952 7966 5465 7670 9141 2433 5782 2903 3974 6385 1976 770 1647 5394 
5968 4322 3072 784 5411 7543 6211 6470 3316 3966 8565 3871 3412 4905 4937 4868 2945 9234 9427 5452 4233 4671 1785 5985 3485 1021 2999 4345 3028 3700 9624 6124 3946 577 7656 621 9384 6320 3588 2052 1195 5685 2452 7909 8870 7369 5049 2060 2453 9899 9809 5496 6231 2967 4231 757 8920 2285 4968 1202 6426 6326 545 811 6661 892 5938 5799 3607 2798 6836 2648 3194 6059 2828 721 3783 8166 2870 6556 6224 6733 9515 5004 5089 4532 4442 6890 2997 9525 9905 7969 1607 4195 4800 5685 6708 1988 1337 223 
8674 6643 3912 1174 2258 3061 2037 9899 8229 5390 7861 7408 3476 9373 7872 9046 6813 6077 7501 3351 9871 1097 4584 8318 6374 3950 3382 9485 9989 1894 4192 6488 2068 5827 8203 9822 8620 2529 6951 95 7977 2777 7317 4094 6411 4882 1220 8176 7032 5798 6331 1336 6159 3927 1176 9324 499 8870 6708 2713 5396 2687 8238 6339 5931 2222 3220 4763 6906 2931 8001 7138 9909 3215 4007 2581 3124 358 3050 8365 5921 450 1423 2714 2556 4692 373 1918 5286 8588 6253 9552 2140 6157 6507 8111 5887 7335 2181 1891 
8978 9061 2703 5384 9137 6082 487 9253 5524 9385 146 4655 4692 1970 4161 473 291 8617 3109 5227 6313 4388 8712 5210 2804 682 4024 3354 9358 2601 5012 8887 1842 1456 3454 3681 1615 6587 8149 5184 942 4080 4167 1731 2684 7106 179 3213 4634 1313 3622 2324 456 5647 5394 7745 429 608 3911 6353 515 2852 8560 9729 9612 1494 8589 7514 1600 1289 2724 7448 3995 2783 2118 3687 5252 8073 2281 2365 8579 1630 9550 8512 2344 4563 2697 4704 6304 2536 1747 5925 1732 6565 6760 5161 4714 55 1112 7074 
824 9217 5142 5870 5559 1587 2643 8048 6450 718 9992 6172 6782 2674 8234 2515 6699 9790 1640 4159 9233 3954 6387 2576 3943 9674 1781 2651 972 3117 5642 3455 6101 9290 1170 9644 2476 1869 6220 5797 8018 1038 4648 117 9028 6213 2214 8854 667 2461 802 9738 2281 868 8109 6672 4120 7388 9176 6545 1404 4668 5247 4533 2716 1484 8355 2382 4640 950 3168 7239 1696 7761 7172 4205 2499 22 6144 2363 6423 671 3085 4368 8406 4075 8154 8577 410 9403 1435 985 4911 4440 1735 5089 3349 8897 1630 9617 
5723 6242 4751 4674 1804 215 8565 6749 9717 2051 7116 3779 2586 1763 7721 9952 7814 2061 7823 9257 3507 3222 897 529 9420 1101 9258 5779 8388 403 3254 8618 8105 4590 746 9177 987 1714 6283 1660 436 6571 1527 8468 1045 1839 413 7430 7255 997 5247 7094 7866 4319 4088 4445 8700 767 8946 5280 7475 8424 7737 1332 3331 4316 9940 1572 18 5883 7803 3659 1153 2527 9876 6371 1023 3384 9754 4265 4519 8179 6378 9335 6445 1334 4970 5618 8739 5455 9010 9975 9137 7316 5161 834 6235 5458 3482 3604 
2872 8490 3486 1390 400 1381 6296 3109 7707 2399 5642 2113 7659 8927 815 8028 4330 272 1795 7885 3327 8915 3870 2797 7120 9958 5581 426 5698 28 2218 7390 1347 5216 9271 5743 1441 461 1494 3950 7140 5552 5999 7907 3076 1747 912 5430 6026 4955 6667 1680 1823 9117 757 8491 4553 3077 3111 7904 761 3931 4264 6880 4972 8474 615 3073 4423 5155 1762 1313 3494 4217 9319 7102 5578 6390 638 3840 1707 1523 263 571 937 2753 2877 2554 7816 8980 8808 5754 7189 7231 2165 3073 1338 5298 7471 8156 
6032 8984 9247 6705 689 3458 7874 8133 7012 4262 3034 5072 5765 8506 5705 8944 2624 8772 3111 3661 80 4683 4687 6284 181 4992 6576 8890 5912 5409 9695 9895 9675 3400 1273 7915 9948 780 5827 4806 4717 9971 5863 4446 8774 473 2174 9799 5395 1695 2476 5340 2601 2657 6348 3583 1624 8534 9777 7943 8576 2468 4760 7217 5751 8337 8931 5042 86 8790 2297 4836 5628 403 6141 5859 9083 2076 3706 8974 4047 3130 9770 3538 4482 8838 2191 6289 3916 8438 3511 5569 233 9530 246 9383 6335 9290 8557 6694 
2286 2656 4880 8976 7061 9552 19 9442 114 6174 7759 11 9019 6662 3306 1082 7829 26 7642 7992 1734 2331 2224 4562 7903 8397 1737 450 5054 2623 6579 6119 3444 3716 9325 312 9160 4581 6765 2012 6924 490 793 7783 1227 2875 8828 5675 9174 3092 5216 4428 9814 5048 5795 8551 1472 9154 6705 1598 7161 7656 6744 7540 4063 2619 8831 3419 6859 9479 6946 6557 1744 3690 8410 8229 7279 8172 5553 1512 3928 6838 6647 8355 5635 9708 561 9721 3244 1855 4082 9790 2230 652 6815 4337 9425 9869 5648 402 
3027 5078 8967 9253 8839 4024 5402 171 5965 4941 4938 2326 1165 2629 3864 7604 8279 9035 7686 9002 4981 2283 6243 1539 7127 3823 9504 1719 1274 3266 6219 3218 8811 4107 56 2778 533 9606 3621 4695 6281 1955 9688 320 1278 3286 450 1497 2723 8269 7899 5860 2993 2759 2020 7976 6175 9724 2447 8678 9980 1466 2410 7594 5570 7518 5132 1445 2523 9067 8718 8910 8687 1404 8424 439 7273 4654 2325 8875 1920 6913 3479 9340 9158 2938 2792 7524 2057 3534 196 4337 765 7504 9506 2510 9597 1348 1846 2084 
608 4648 6522 8663 2021 3743 1767 4558 5617 1186 4468 5872 1228 2445 4467 2538 6912 6666 7852 3655 3851 8675 3398 260 9453 776 8418 4422 9543 1956 9101 7151 9735 7920 2309 5497 9124 9826 8832 2483 2635 3068 3939 9624 5965 4178 7483 9451 6801 9502 8459 6613 6948 1734 9838 3288 1562 4129 3679 7704 346 2180 5967 7765 1725 3320 3422 5317 7556 5266 1915 9201 3965 6508 6063 5257 8715 8496 5414 4771 1336 6632 2157 2951 779 5374 5214 9363 1615 9818 4700 5327 4344 3442 8816 8028 2842 1518 5519 2065 
8923 4082 5621 1442 2481 53 5295 3532 3243 5926 7995 8057 7021 8763 5438 2437 1987 3358 2650 6626 483 510 105 6643 4623 7918 2907 2179 9320 5600 8833 2810 4881 7210 9822 6950 6776 172 9066 9526 5059 1846 266 7749 388 4634 9083 1201 2365 8529 2538 2639 8191 2090 6757 5590 3931 6676 8167 5590 3793 9225 9806 3737 3642 8043 6173 1210 9304 5198 2763 5246 8213 6357 3630 472 2363 1952 5093 696 8102 950 4648 6087 8869 5244 7653 5797 4671 6613 3974 4030 6722 9679 9513 2100 9668 1917 2187 1363 