5220 2147 7758 1468 7005 4409 392 9566 8985 6344 3445 1120 4339 4342 6299 4683 8771 8082 8454 5025 1320 4384 9540 234 5503 7237 8557 844 9700 4378 1682 3149 4975 1749 1873 1198 6941 9889 5446 6661 9676 1603 2170 5787 5055 5060 5929 1527 4083 4729 2157 4194 9788 9214 7987 8052 4471 5998 7461 3390 26 6989 7368 2906 395 5478 9831 2449 3799 1661 6350 1813 7773 1812 4179 1104 8369 5674 9273 8042 5679 744 4286 8672 2656 1429 844 6835 3274 7699 4378 1682 2770 8959 1751 4639 4867 8847 6132 37 
359 3156 3607 1306 6174 2989 1370 8944 6682 4801 3648 5848 4294 5015 6588 8622 3156 9928 9159 6183 7120 5057 6222 1814 6860 7994 3240 605 1495 3244 5722 3856 326 1152 7155 5408 440 993 9961 4925 7589 9891 5190 400 7333 1940 3741 7239 1148 3215 927 3142 242 782 2308 585 5157 226 4002 1578 341 2317 2086 7645 9242 6480 4049 8746 7098 2943 6383 1832 741 4768 7358 885 8853 3068 6607 3913 307 7437 302 628 8471 323 4630 9398 6252 5098 4518 8187 5794 2739 2837 2637 8597 8624 4448 4584 
8813 7466 4300 8372 7596 225 3588 5549 2450 9003 8831 7834 486 660 8718 3780 6312 7612 6330 222 972 1216 2460 5585 7818 7332 7449 7166 8418 9229 2012 539 8136 2662 2846 928 7437 498 6522 5237 4764 6812 6334 3277 8270 1209 4638 8520 4691 4153 6714 5135 385 7300 296 7493 1959 6212 6847 9620 5400 8293 2338 8728 2105 2998 3655 4137 8158 2630 2143 6013 6333 5957 2279 2765 5255 7877 8366 6031 3465 5608 9795 5974 3522 789 2902 6495 5612 3794 6070 6606 9276 7551 1855 4814 8108 9131 6496 6323 
2594 2514 2976 447 2728 650 4062 6832 7135 8015 5068 1096 7079 2450 1639 537 2414 6049 6805 6418 6960 391 8831 833 486 8481 4998 7399 5901 6915 9996 7426 7192 3224 9012 1049 6957 4117 9839 6312 5013 876 5840 8499 3534 7651 2924 3584 7196 5602 2345 9136 3139 459 4273 420 1123 7111 6653 114 3171 1535 9730 7505 5957 7432 1513 7746 8474 7469 6391 8813 3040 9630 537 7320 6353 3456 2618 8592 621 7515 4087 7115 2389 4111 7059 224 1795 7373 5273 7067 3470 7119 942 5078 9257 5920 6871 3694 
3865 3708 1931 2326 9458 3458 7342 2342 6108 7910 8485 7304 6202 5569 8019 5038 66 4706 7663 1851 52 6122 9545 6305 3235 1949 3662 4032 4568 6326 428 8160 3868 3527 8401 692 5091 7736 6440 3657 2172 4771 6062 8262 1597 5281 2990 4980 7989 3830 190 3896 2564 9358 3768 5101 8770 8006 8141 3786 1837 552 1650 457 7790 7856 3805 1328 5793 9712 378 3815 1899 5016 1773 3494 4805 3404 8573 8878 5850 5316 2704 7265 6432 889 433 131 9213 3205 5968 981 2163 6235 8259 7215 5775 5566 6738 597 
6968 4719 4646 5323 8413 6875 5735 2862 1922 487 5172 8456 9818 9490 4881 4530 7227 2991 2543 723 2540 8891 1770 3859 7486 2163 1228 5038 4051 2369 7952 5253 4893 3553 5010 6010 3323 2777 8465 6189 8092 2897 2222 8866 8616 4084 4953 3157 6206 3647 4546 2104 9031 3838 541 2417 6790 2636 558 8334 4612 8332 6909 6613 9546 7909 6346 1332 8966 1070 7249 4230 4388 5124 9068 4430 304 927 7760 6629 8149 4819 5463 2551 8294 4743 9378 7260 7176 2175 2847 4426 4189 7077 3503 8627 5819 6386 9410 6690 
802 1514 5621 1663 418 1816 9957 5161 3570 8652 2767 5138 950 5571 9271 7909 1562 2514 241 1978 6414 9138 6253 3398 1656 8693 6971 7626 6195 3315 8715 6559 1683 5374 8123 9240 1983 8450 8206 296 7803 4952 1511 111 5553 2782 7279 9532 8512 9333 4367 5298 8889 4941 8613 8769 7880 4170 9076 3883 4880 7481 9534 2501 121 5214 3689 8037 3292 5046 7105 4560 3880 3174 1757 9462 3557 5428 4058 346 4025 3456 6555 7973 1427 1331 6369 5746 933 87 3424 7894 8024 9704 485 2000 4159 6210 1709 1926 
3762 9034 1393 9678 871 8845 9630 6297 9627 1958 4453 6114 2096 7807 4465 9024 8892 8475 683 4538 7182 2174 6837 4806 6980 3504 5322 4643 2185 8881 2868 3758 2778 6290 8142 2948 8816 8270 1978 135 9016 1968 6446 5453 7154 8085 5721 9077 8344 7178 818 9308 2323 3726 981 2834 5530 2653 2679 6979 8081 1742 9844 6826 4808 3073 6988 2625 6227 3592 8099 7134 1554 5416 518 6879 2681 5429 2830 3918 7445 3850 6049 3542 8971 5530 6955 4660 1343 398 24 6171 1981 4817 548 8578 33 6010 7896 3381 
4805 1765 4614 2641 9431 5355 7259 3031 4040 7290 6018 5708 2482 9089 9544 9887 2699 5799 3938 7204 2166 1001 7103 1024 5380 3093 7133 1330 6366 3938 8571 3415 4340 2852 6767 9632 9125 8705 9179 1403 6237 4958 47 5547 9393 7673 1864 8352 4993 391 4878 7599 4706 9773 5309 8185 3869 9368 1357 1986 3882 9893 1924 1040 1972 1432 5912 7115 4381 1981 4310 4908 5397 8699 6545 846 3872 7562 1017 3952 6938 5666 6090 9874 831 3036 8467 3266 9675 8964 4966 2807 1192 840 7318 9550 9551 9533 2661 3700 
6312 6460 4688 9680 3995 4099 8023 5296 4191 2351 6202 8866 2818 2887 5853 4982 3883 2368 2360 2443 2269 7488 2096 7324 3445 3850 104 8339 8532 1267 4662 2607 248 9211 521 2713 4371 3269 6716 6124 4636 7014 3019 9827 9274 7505 7126 2720 8844 5737 3964 3938 2627 9729 3164 3410 7252 5086 3609 754 6492 3636 5411 3565 5083 7211 1828 3144 2335 8478 8863 3808 8201 2783 5373 3100 5726 2046 1106 1791 5241 1003 4997 7419 3693 1082 8032 3957 9125 3915 5487 8082 9085 7377 7422 1238 1977 4756 8898 7326 
5521 4346 1815 4179 2871 8687 8382 3812 1218 3 5352 5175 5605 3059 1205 7741 8181 2475 9808 6120 1422 3842 552 654 1318 7523 8324 7071 5889 1736 571 3152 9541 4215 4234 8708 4037 5083 9139 4660 3267 4280 3575 2706 8979 2879 5989 968 4800 2373 5422 7045 8179 5617 6456 3865 4622 6792 8277 8361 5569 2167 3039 4444 5402 765 7443 8722 4230 4569 1489 4958 3495 357 785 905 7660 4424 8890 9128 7706 3359 4265 1038 4570 4519 8115 8912 183 6726 6585 5744 8060 9411 3394 9805 2337 6645 3852 8034 
3347 3296 961 5297 5619 5894 2120 7423 5781 969 4642 8662 3260 2005 8887 4753 1382 4963 1330 8850 7104 6805 8399 4397 3342 6516 6840 5877 3559 5629 8283 9541 4657 9109 543 8450 7431 5202 2366 3141 8813 5397 7942 8539 216 8473 611 3913 302 628 1363 4493 3109 5823 8781 1254 7933 3951 2866 3830 7334 8978 3893 7382 9573 5998 7421 8434 7537 3393 2141 8755 4238 6943 8216 4863 2766 3349 955 6877 9368 8587 6316 9147 4800 7313 6825 8417 7432 3970 8445 6761 5782 8254 3068 5078 6022 7405 9458 5171 
7334 7742 3335 7461 2770 7404 7474 8552 4534 932 3421 9827 3048 9236 3445 7201 620 5933 6532 9840 7751 6200 7524 7600 842 7482 6074 6977 2822 9457 6731 8381 4029 21 538 1495 4872 5275 4243 5062 8846 6854 5593 5530 1049 4774 6593 6601 8090 174 2335 6519 109 4248 1569 9032 3243 3832 8664 7053 920 1898 1500 1652 7028 9380 6032 6821 3171 5947 7779 9872 7417 6882 539 5912 4913 6946 2585 5631 6306 1845 9558 2029 9719 4655 4604 8449 3929 6003 1511 448 1892 4868 1665 1473 7276 4185 3370 7506 
4921 2400 5263 7921 6042 2014 9840 360 6113 9502 3360 167 6024 2846 1901 6700 2167 8005 8678 1939 7125 5856 7973 6301 8440 7952 6310 3804 3690 2261 5414 221 945 550 6422 5404 2790 8364 5986 4197 5881 6877 164 8841 4455 6866 2151 7811 2072 2872 4846 2927 9184 7764 4767 554 4443 2953 7645 1817 3517 5538 6238 7570 8461 1395 3398 1656 8693 7626 6195 6525 9485 371 2855 4631 8496 3711 9651 6465 7720 2734 5461 3894 9930 1390 3745 7707 2171 2162 6693 2027 7488 5557 9302 4757 2686 2573 618 7826 
1100 1680 5252 4031 4138 5747 8443 3044 7212 5337 7337 6713 2664 8030 1395 8034 6798 3705 9153 7975 9628 3105 3360 9865 3189 4222 8714 6998 1563 75 9592 4824 9917 3207 3728 4850 5464 8530 1889 1527 3946 1986 5477 8198 737 5243 4915 3693 2675 963 2872 9645 7865 1576 591 1908 2288 4114 7747 3289 1003 2664 7774 1123 4335 6890 6485 8378 2234 2151 845 1980 4341 147 7955 1887 9592 6355 5638 2573 746 3408 2631 3971 7796 1499 5183 5085 5264 7430 4267 6082 2495 3349 4206 6548 6915 6094 3507 8789 
8616 7080 9505 6931 7944 8426 6690 5001 7570 6528 1057 4065 1334 3668 9026 1579 4717 4357 6341 4160 1050 5753 2205 6978 3075 2633 5827 4881 2544 6279 5850 2632 74 9083 3366 2371 9594 6597 8050 7374 9819 7851 7002 951 1007 6205 8325 5662 9236 7193 5034 8367 6650 8390 9545 5875 6045 1612 8218 2432 3794 8909 7148 1934 7854 2421 7029 3100 408 8219 7419 4978 2143 3957 8697 2365 3915 5487 8082 9085 7377 6850 8581 2401 2237 9580 1977 8225 5321 5170 4158 8103 6325 8958 1862 782 31 5908 4293 2341 
4387 9698 4604 7825 1925 4189 5632 833 6909 2770 8275 4849 3503 3819 3032 4474 920 9593 4397 8787 8674 342 8415 163 6115 5354 3562 2511 7589 4836 877 9938 8648 629 9874 4111 1965 4900 9443 784 393 2533 1544 2090 2212 9644 8500 9053 9798 9201 9361 3412 7781 4045 1119 758 2385 2043 8060 6897 8984 9915 4311 7307 9792 6367 8860 1671 3699 5935 4810 1685 5193 7132 8724 9642 2280 7490 7964 9805 5785 5039 4480 2849 1100 6267 9111 7123 4058 2916 463 5688 7079 4929 2240 6720 4797 9103 1213 8428 
5017 2762 7225 4726 1912 2978 8171 2992 6353 721 3833 4805 785 4975 9249 2220 9452 449 4641 8225 8163 4607 9633 3546 8993 551 2750 764 2932 7447 2095 3806 7416 7284 2614 9301 8561 1240 2969 7394 9825 2930 755 8000 8066 986 7756 8005 3601 2509 1396 4122 8301 8027 5099 9638 1239 4383 829 7856 2414 2242 4052 5051 971 1094 5584 9669 3829 8580 992 8472 3298 3821 4772 7388 9466 4620 4187 7822 2577 8738 1706 6638 2724 260 4755 1456 7026 2272 2317 730 155 7087 1316 7664 8016 1298 1242 9897 
8113 6877 4550 912 6367 3419 7827 1839 7567 9055 3526 2126 6260 6683 5250 7704 4917 4318 4378 2241 7779 3890 6412 2766 7197 2580 5498 3414 8595 1703 2710 6600 2832 2683 4405 3897 2649 2656 8380 7432 4527 9034 7205 6847 4993 9581 7743 4194 9788 7305 7489 266 7280 700 6154 8163 5942 7307 5015 9009 4763 8860 4402 5678 4248 7172 5240 8118 3699 5047 5935 9901 4147 4094 4662 7894 2942 2227 1564 7507 8756 6914 9339 4709 2766 9174 5872 2976 7530 5928 4907 6453 2033 9557 1087 3235 7973 7869 5243 4748 
8934 2919 3792 1268 2658 5113 7586 1456 8443 5680 6810 5598 3799 6456 3894 4962 5556 4202 9062 3105 4735 7543 1420 7733 1889 6532 621 7758 9841 4370 3829 4351 612 8500 9190 3559 4258 6016 7470 8654 6197 8340 3871 7793 4581 3073 1631 6086 3482 5641 4155 3211 3527 4320 2645 582 1780 3264 9471 7293 8931 6292 8713 4359 5855 6794 4583 1753 6359 1489 5844 4440 1016 3150 6868 6672 7832 8940 6745 2477 2910 9692 6937 1370 2245 2882 678 1361 3306 1747 9580 8218 2952 4769 6657 7958 4249 3747 5940 2797 
5676 3827 1227 540 9878 9541 8030 4325 4256 2971 2771 2298 7884 6777 6547 7358 5304 124 3431 9438 7024 1228 8104 4514 656 8293 897 993 7807 9518 6543 6351 3508 1929 809 6991 8025 2292 2985 5065 3651 8869 8523 6684 6749 6123 7274 924 6682 2090 6260 9232 4388 6625 4676 799 2324 4999 3727 8012 9303 618 4519 7124 5095 8795 6328 9008 5545 3279 2834 8363 4664 8193 9054 1534 1359 2059 1960 3955 6768 9465 4763 5291 3510 3788 2591 7997 8438 8397 6709 820 1463 7451 245 7217 9012 7261 9795 6873 
7371 4236 404 5524 2837 162 1207 5681 8506 8390 2549 3884 3957 3257 3577 1207 284 7844 8537 1087 8515 8783 1573 4243 1479 9440 4266 1938 6026 1460 5712 4498 8956 1615 8995 277 3246 4670 1483 7586 864 8602 5107 3858 9913 1512 4758 9348 4977 7388 4653 4660 5046 3595 2798 9781 663 2837 5082 3746 9111 9063 1121 2519 9845 876 2332 2969 9764 6778 1009 1389 9526 1666 8967 8670 4199 3755 3824 5092 9720 9134 6049 5523 1992 810 7957 5617 7749 2340 3318 7599 5027 5436 6247 188 1913 156 4116 4809 
8790 9057 6138 3641 8786 1173 2071 7508 9317 7859 7840 5543 6252 2377 4111 5584 7995 2095 4671 4462 9775 3712 7329 5066 3539 8746 4449 8980 7193 7675 6968 4953 2171 1220 5718 3920 3926 4471 3762 8306 4820 9269 2834 1180 9821 7694 8533 8333 8673 4237 8794 3530 8861 4550 9966 9618 4420 9500 866 9570 6986 9847 6425 8726 2500 7362 2645 3519 772 3549 8374 1607 6901 9750 8250 2035 1658 6991 3010 9277 71 3880 1418 2210 8831 1060 7707 2826 6712 5041 3900 5992 1186 5568 8887 8800 1018 5773 6460 3015 
2709 3279 6236 5551 5730 844 691 1807 6323 162 6659 9344 6509 7154 5075 6584 2643 522 5190 7082 1551 4101 9360 6467 3230 8426 6816 2670 7717 4074 1255 5327 7296 6336 3809 88 6259 393 2493 3243 5795 2772 5528 3589 2472 3031 4963 2225 3927 7341 3682 1503 8164 8605 7057 6826 3131 2789 9524 1749 6620 6701 5102 4880 1501 4666 172 2681 8046 6491 5336 3437 6560 3751 3128 9963 464 9647 4353 5334 9687 3753 3568 9291 483 8600 469 7188 249 8915 6065 6955 6105 4266 5977 2748 968 6034 7115 6121 
140 410 7748 7384 5879 2084 4559 5067 9057 8913 4947 2451 8572 9517 6723 8066 9592 5171 3199 944 8586 903 9587 9355 4789 8791 5608 6199 6475 8532 8141 3002 6563 8161 2386 7755 6357 8658 5279 6824 8014 6408 7954 5389 2325 2959 1697 6667 9371 7779 9419 1681 3312 5830 2180 6854 6487 8595 327 2305 8028 2932 4613 8890 4021 8699 445 6555 1092 948 2052 958 3018 6200 9908 3756 3231 8942 6696 5357 9935 6812 1719 8256 5900 5317 2617 6937 5705 6389 7339 5402 6369 7171 8245 9675 9500 5124 4218 9253 
8429 590 6839 9077 3697 7915 8420 1536 9754 9327 1785 3194 8645 9623 8105 4751 4808 4729 6648 4872 7258 9869 2058 8918 2139 8715 1415 6296 1980 7916 3394 7544 9466 6784 1442 119 9116 6883 3613 5911 4173 6179 3820 7066 2077 4207 7556 1495 490 8484 5662 1048 8782 3844 8914 2959 4808 3839 8839 6646 5789 1422 8113 8603 6120 368 3072 217 5408 4275 1344 9877 6582 5974 4783 7186 991 3437 9272 6600 518 9088 4173 9924 5399 6993 3528 9194 9797 5894 197 7183 5291 4379 8552 8233 9624 4868 1014 8673 
8216 5937 4861 3872 4889 289 5363 7043 4313 6932 8021 772 8988 5122 5112 314 4108 217 1604 2474 6408 2667 3363 2469 8386 8726 1093 5370 4752 3007 1262 9597 9688 4570 7933 9067 641 724 6362 9175 8138 8140 2911 1978 6076 6671 5846 4476 8871 3021 9016 9986 8888 4306 5979 1427 563 3586 6975 4744 6907 4487 7797 6630 3839 7498 3360 7618 3352 8819 9986 1417 2004 5231 8316 6348 7418 4581 738 8507 6096 2976 2711 7292 4081 1158 3291 5352 706 5275 9302 6035 1251 2273 3964 8669 6960 5804 4616 9497 
9143 3165 6275 1536 1926 4318 8703 1921 3559 9087 2804 4421 9283 8671 8955 2372 8818 5835 6358 4795 7448 9757 4727 1508 2600 6071 4361 9082 4262 2565 1293 458 6327 8170 7997 4842 1518 1633 3681 281 3625 4955 3822 7748 8365 7676 2245 2542 2587 589 5397 1515 8846 7470 3055 4170 3064 6386 7738 5013 1937 7445 2003 2787 5068 8355 4288 199 2039 7805 5344 1230 6836 8653 7571 6911 3428 680 2351 648 2556 7483 528 1585 216 649 7476 5990 9019 1127 1923 3826 4962 3828 3772 8639 5931 5757 209 1778 
2775 5873 7494 9686 8032 4472 7159 5213 7871 8867 4728 8595 2034 3602 5805 5156 8747 4008 2423 4591 1815 2795 9547 4010 4022 3358 5925 1795 6610 5847 676 5589 6592 1351 7045 8849 8271 1326 6167 9411 2219 7921 7863 8813 3553 2413 1932 8176 9610 8939 6932 123 183 9668 5508 4451 4146 1840 6279 9810 7754 1190 3309 9582 9343 9962 1739 6799 8751 7348 5529 1104 492 2098 8367 2253 8130 5816 1985 6841 2452 2803 7996 1214 3899 7478 6856 8292 8956 7154 5230 982 3684 9865 2528 362 7152 2293 9772 342 
2162 4104 1923 8893 6804 3022 3522 2131 4796 9876 5132 7994 7146 808 6738 8329 18 6246 3837 7774 2924 3721 3932 2140 6402 833 7217 9382 7661 2085 2764 9372 633 6771 2323 8713 9957 5091 7977 9905 8529 440 1918 2643 769 5876 4887 2247 690 4226 1926 6355 2453 930 6289 4325 4519 2744 6781 7518 1510 8806 7247 7408 2387 462 8324 3114 1401 5390 8779 2301 3145 8670 2390 5028 2219 6040 2416 5463 7764 4453 8535 133 9588 6159 6869 6673 5811 3691 5573 2903 5207 5424 2398 5392 519 7436 6122 1855 
1529 4946 5322 129 3545 823 9073 2711 8533 3485 2747 8587 4029 2543 3357 5079 9977 6720 3064 3895 8303 3890 5900 6905 665 3667 4091 4716 5282 9178 2388 6276 3849 8475 4460 7718 1932 9492 7695 9941 1486 5279 2118 5474 8081 6339 9071 4007 6376 8275 3872 2192 7242 778 3437 9630 9061 3651 8507 2535 6929 3468 6192 514 9783 4 1770 1894 4184 7715 5232 2410 2230 2381 2744 5085 8879 5235 2111 8076 4973 7072 4735 4969 7149 5961 5618 6978 1342 9806 5253 9753 341 500 1302 4804 6545 510 7488 7418 
867 9628 3793 8071 623 8203 718 2941 1866 3302 9728 2135 6582 8784 5749 2250 1979 6657 7518 6877 6706 1183 504 2773 3290 5726 5127 2095 6435 6192 4 9844 3217 7715 5232 2381 2744 5008 4364 4956 3078 2450 5524 7149 5961 5618 967 1172 604 5253 8678 5531 2215 4232 1947 905 1073 5192 7688 2561 8417 1464 6408 1859 8136 4769 1714 4848 7276 4773 7402 3590 2484 2811 101 7874 5896 8425 181 487 8383 8565 1376 3690 7830 6003 2391 8779 951 3848 4550 6553 6424 6287 8889 2400 9626 4870 1321 4463 
1404 639 1745 2906 3084 1973 725 211 5176 8093 1461 1459 8087 1076 5316 5116 8768 194 4820 993 8676 1113 9585 7476 6863 3997 5290 7145 5759 7036 2290 2850 9457 6085 251 3417 7955 7047 3444 5668 9473 9929 4138 5519 774 8487 8257 955 769 9456 9354 3528 1656 2595 2166 7335 7446 8220 4402 7304 7739 8509 6439 5386 3920 2875 2296 148 7817 490 317 8391 1909 9445 2826 8753 6401 5246 8479 572 9594 7572 9267 1120 8399 1047 3474 4698 5848 787 591 1747 36 6852 5386 4628 8496 632 5420 5406 
7756 3204 1412 7024 8138 2386 9076 1621 793 5095 1173 943 2329 8893 1377 640 7923 9604 7492 9662 2340 294 44 2278 5450 5517 6862 8893 2511 1279 7939 2974 8425 8069 9966 5588 5365 2295 3252 25 1474 9629 8966 214 3836 5419 6114 5708 936 4301 9829 6813 1109 3249 5519 7459 3036 8148 2640 6118 4154 7357 2744 4515 6686 5281 2236 2230 8628 9509 4481 1560 2629 9853 7942 5110 1973 2653 7635 7984 160 7698 5626 5929 9642 4707 2147 4548 1766 2790 856 1371 7585 4350 8 2155 1908 2680 7596 2589 