1366 3239 357 22 2436 6025 4306 7931 7353 6373 4816 5601 6242 8434 775 7985 7466 7057 6160 3705 7057 2049 7258 2020 8682 1909 7590 1870 2602 3365 1959 5010 775 9915 7466 586 7057 6699 775 7985 6188 3244 6230 6970 3668 1275 431 852 8068 3792 5912 5316 5068 8098 5068 6229 3625 6957 5488 253 952 3501 5198 1228 1626 3832 3673 3193 718 9515 7199 5116 8303 8510 7836 6442 5916 2223 5636 657 7312 5636 7798 9601 4228 2429 7291 829 3097 2557 7575 4700 8846 650 543 6558 5377 6195 9704 1634 
8636 1629 9558 6106 7105 7795 3672 4427 3486 3702 890 5978 5826 2070 1556 6099 7460 7203 5269 4020 6594 8735 7201 755 3813 9666 9333 7884 1035 1983 9908 1542 2248 2417 8958 3191 4872 3064 3274 4862 4804 5673 105 2635 4241 6946 2256 3440 7792 7709 1313 4480 8800 8175 8040 3638 316 9941 5932 903 9910 7479 4255 2430 7124 3721 7648 50 3054 2995 6306 597 366 4096 5158 3403 466 4466 9026 5382 3182 7464 1016 8274 8803 5089 6976 9025 9352 2916 3198 3481 9230 7396 1828 4029 3939 4941 2831 1037 
7515 5945 6877 1464 2049 1688 3946 3593 8837 1008 8477 5335 9996 8330 7194 2745 4546 3705 3516 6144 9355 7236 9549 6992 8536 6799 4177 9547 4146 6528 6642 5883 6689 4986 8696 1651 704 8560 4511 4134 869 9869 643 7821 1243 3263 8124 7240 8828 2329 5432 6841 5918 7386 70 7211 509 3659 8748 3582 7373 9646 7140 4374 9225 1709 7572 8548 8013 3901 353 7217 4845 8006 2608 9743 5895 6883 2863 6764 5910 843 2036 2237 4705 2687 9988 7995 2360 9665 3124 8496 2094 2957 6648 2697 652 1542 6123 1962 
5275 770 71 5726 2754 7153 1899 4717 4364 3020 8019 3274 7368 3619 4589 7596 8626 8589 9230 2678 7174 5089 3283 8004 4801 5834 2286 9441 974 3355 1411 5118 3029 7610 170 938 5830 26 8143 8248 3845 2943 67 7683 507 7676 7768 9951 922 5417 9635 7985 9915 8684 7466 586 7057 6699 6160 6040 9204 4843 2020 1909 7590 1870 2602 7985 9915 763 8967 6355 7057 3483 6699 8678 6160 6040 3705 9204 2049 7258 3644 8682 1909 7590 1870 2602 775 7985 9915 8684 763 7466 8967 586 6355 7057 3483 6699 
8678 6160 8359 6040 3705 9204 2049 4843 7258 9076 3644 2020 8682 5860 1909 8056 7590 1870 2602 1785 7050 3365 9252 2253 7087 9004 4380 585 9278 1965 7778 3036 3510 7522 3833 1589 4614 5452 5060 7567 1132 8873 6196 648 9481 6734 8534 5869 7103 1397 7548 8792 1619 3944 3999 6022 6856 7577 1478 7062 7951 1859 3501 8916 1810 4262 6403 9006 1328 6027 2984 2500 786 3908 6841 5155 6336 4962 509 6205 3659 3736 2658 6046 5289 5956 8484 458 5856 9399 761 9382 8913 852 808 6571 204 7088 9841 602 
3157 691 9701 4135 264 3688 3646 1508 8099 3199 387 1843 7831 6562 4672 4165 1494 5460 8849 6928 3127 6556 8131 5324 7304 561 9957 8721 3348 5247 8319 1805 5710 708 1278 4497 680 1740 1469 2030 228 9989 3245 154 2714 4766 2669 4164 3681 3493 1106 8869 5695 2661 3172 3912 948 2749 8238 6734 3921 4828 1692 8802 5621 4778 2416 9874 5142 1503 6094 1628 5921 9558 2821 6119 477 2368 8802 8601 7685 5577 5289 2645 3258 951 7382 3918 7656 2032 7102 6267 4875 1143 6156 7663 1 5146 1440 8354 
9860 8813 5807 2358 9849 8285 5925 2344 9595 7507 3837 5557 479 1882 935 5432 8867 8607 6856 2655 1882 5572 8009 2693 5577 3415 5681 956 1150 5552 9757 6789 3862 1584 766 2099 9213 4792 1142 8055 8848 4648 2653 7928 4493 6145 4182 6638 405 1815 5522 924 265 2958 9076 2635 3965 3167 9125 3642 6424 371 6014 4532 3144 7389 1568 1343 6269 829 2199 8958 4872 3064 974 3274 8500 4862 5474 4804 9675 3436 718 2595 9970 1958 1854 2974 1096 2833 9084 6959 4030 6436 7716 899 1535 1063 8082 6754 
67 4574 5125 241 9574 1212 1916 6116 6999 3941 6550 6600 1092 7846 1887 7172 9199 7939 9216 1574 71 3008 690 8845 6280 4972 8877 1093 6566 4021 3758 6831 3427 6360 6719 8774 7011 3341 5930 2597 7032 3753 665 9672 901 4010 7482 5717 1590 1440 8528 3633 1056 1096 3198 6845 6230 5161 2745 8518 6533 5847 6006 3360 266 1314 363 5952 4405 5121 5415 3186 5854 4752 4006 5417 6836 191 8934 9967 1735 1021 245 2451 4848 9280 8365 5572 8111 5812 8541 103 2223 7441 4660 4276 7677 9842 1460 7098 
4769 4631 550 5391 6701 1377 2511 8215 3600 7906 4872 5653 3669 735 2439 7674 6382 1669 666 3957 2751 8098 5404 739 9014 2047 7027 7179 4993 5236 9168 8375 7065 3200 4093 4535 4468 7102 1849 2917 2045 7281 3262 4302 4415 915 2874 3202 5050 8310 4124 7059 8142 2095 2405 682 3548 2667 2413 9196 5109 4643 8276 1608 8817 5830 2857 6084 5127 4147 8958 4682 3332 1167 4892 5297 3134 7595 1134 9169 7293 3970 261 5021 6352 377 5278 3186 2888 4583 5820 2375 2119 2938 2023 5727 9139 3536 3760 5306 
9599 4605 9530 9201 6138 8600 2431 4040 172 7665 6352 3758 376 6792 7457 9404 957 5369 4153 1483 3870 7556 7112 1503 8531 262 9729 3115 1909 1567 1773 303 8074 8217 7623 3494 2776 2348 9096 4179 1517 6683 6535 549 8594 987 125 5507 9866 4490 5758 1517 8209 7261 148 4778 4656 2092 8275 8792 1888 3130 2879 3887 2268 8933 5958 4437 195 3153 554 3611 7728 170 3049 7113 4697 4986 4870 664 835 5550 3478 332 2178 9082 1219 2514 8065 9468 1819 841 9795 6982 5456 3790 7095 2529 9979 6111 
9054 6037 2665 4624 974 9052 6245 8032 3727 9183 7406 8950 6412 7277 2070 8279 8176 7873 9155 5838 7328 9930 8668 149 66 6829 8552 4040 7577 8909 7139 1292 50 4742 7305 4590 768 3762 9778 4314 7330 5998 5939 4339 3586 6794 6986 8281 9197 2117 2295 6534 623 1517 6829 6571 8096 2706 3535 6824 6317 2451 8425 6671 1086 1610 4702 6251 3021 2225 9724 6812 6985 819 1387 7971 2819 8669 1775 7194 320 4867 1698 7191 2326 2297 3823 5461 7822 3112 1700 3627 7700 9436 5636 1435 3926 1348 7321 2543 
5373 1198 4160 3812 8898 3652 4413 5682 3499 3850 6416 7520 171 262 5898 7946 3685 9958 8224 5688 1306 5702 12 7099 9372 571 4497 5821 1503 3838 7919 5521 4009 4533 1132 5682 6783 4345 469 4304 8205 6157 1962 3907 2522 2439 1258 9210 6688 8960 5841 9746 8896 1493 297 9502 9216 277 3355 9073 2276 9478 4948 1911 9352 665 9761 6462 2644 1926 4588 2126 1758 9349 4360 8510 783 2982 1594 8494 4974 6256 5043 3153 1561 2273 3886 3743 3411 91 1417 273 770 9265 1963 6490 5166 3644 4753 7078 
2632 2078 3557 4955 3127 6999 1328 779 4935 3429 3247 1731 5371 6633 3889 3086 5183 4433 5468 6711 9603 3869 8002 5389 3806 1785 2357 4831 5512 4103 5912 3895 3581 405 8825 2694 8373 8252 1455 6286 2044 6629 637 2945 9544 6171 6562 4002 1214 360 9019 2118 3243 3546 92 58 5191 5552 2904 3619 398 6815 8242 8641 6886 7717 6157 6245 2981 7586 8365 853 3681 24 7927 7074 3060 6008 6294 8967 662 7498 7960 910 3117 3858 3771 6050 1416 7172 6857 4088 6556 5289 8730 5608 215 2974 4570 557 
4716 1985 2871 5895 9262 3127 4715 4218 6352 6556 6183 564 9745 9912 7722 5247 1420 5710 708 425 8145 4497 680 1740 2356 5397 7708 3877 3149 4146 2932 430 1781 6403 7587 6062 8919 5428 5631 5587 8978 6615 1429 9241 4567 2110 812 3890 5390 4923 8380 8286 5746 653 2959 9744 7667 5802 5885 7352 6980 5201 3310 4757 5989 7647 4563 7391 5280 8251 5042 7549 5692 3092 7339 6770 217 8719 2761 7152 2638 8684 7151 8967 7934 2662 9282 8820 2324 9869 9348 2160 3424 6439 3134 8403 3117 2637 6141 1106 
6456 1048 4578 5444 456 4795 7532 3734 276 2732 2017 3198 1016 2390 7814 4262 9370 6905 3102 6036 9298 3070 6075 6896 8396 8975 1503 6407 9496 6094 2828 8557 3254 1365 7343 3800 218 6025 7725 6242 847 4537 3999 5053 2061 7199 5116 1985 7836 6442 7686 5916 6699 6160 6040 4843 9076 8967 9076 2020 5860 7590 1870 2602 775 5832 8260 9971 5415 7521 8401 7766 3598 2654 8608 8228 9710 3639 301 6965 6976 7584 2724 9942 4642 703 5962 2149 8099 5428 3121 6877 9532 8738 2945 4807 6984 3336 4791 8638 
2583 919 8173 6125 1734 8308 4456 2533 2152 1033 340 616 6192 8666 1256 8192 8075 9001 5500 6276 371 1307 5261 2254 5243 8697 7314 7895 6860 2783 8368 5764 9168 4348 7740 4657 9541 7218 8761 704 2750 5123 3854 6618 382 8873 9581 77 7508 8513 3636 5525 8717 7358 635 553 9339 5040 7554 1402 7474 2212 6160 740 4194 5571 4223 4244 2393 9801 8188 5918 5815 6826 9849 5628 5225 4052 3542 6410 8134 9026 4643 4370 1381 2730 8598 9172 2360 8116 4968 6459 3401 8237 807 7465 5477 7540 1352 8682 
80 5183 6364 7973 3650 2114 6882 1273 7104 8374 8043 6902 62 2159 3993 1904 2696 3646 1992 3576 5691 750 2045 8184 4752 9098 6563 1253 1223 7499 1308 4472 2941 8838 9082 9175 2859 6891 5310 102 5215 9717 2324 5838 4781 1757 5385 4284 9534 9905 7451 9262 8351 3333 1838 6521 1791 8010 3101 1192 6184 5558 1031 1481 9842 8819 7367 5077 3094 173 5979 5664 1211 8960 9738 5738 5269 4382 6189 7878 3046 5016 417 499 3927 5506 6350 5989 4229 3234 7880 6584 6678 9504 8338 7307 168 3489 90 936 
2655 8435 6143 613 5860 1406 2920 1206 4095 4059 7939 3055 3705 8067 438 1556 9083 4870 6234 5802 3458 8098 9930 4559 272 5637 3292 7054 3606 4510 2100 6311 2107 7472 8685 1537 5050 8175 3388 4493 2909 4398 1033 6059 2388 9590 985 1128 2530 9379 1654 7629 5418 4569 2000 3237 1949 2158 3454 2838 8914 1232 7236 2011 5416 6977 3164 2777 6918 1130 4140 5313 8648 5531 4489 4219 6634 9129 7325 4817 1808 1060 6405 2633 4484 373 8117 6071 857 8866 2712 4531 7812 3909 8594 9863 5863 3525 1203 1464 
3175 7016 7447 6700 5183 9818 8450 1114 9022 7226 9374 533 7487 3832 2326 2821 8664 686 64 168 1587 9633 2851 9797 4026 5839 5616 9160 458 1112 4271 8770 5653 4846 7049 8534 9154 576 2215 188 2611 6261 8211 4477 7229 4509 1635 1687 8576 4635 1260 3424 8625 4497 5323 914 722 6297 3909 4100 3437 2558 3138 1413 597 8938 9173 6333 6988 417 1742 6240 3506 3423 3213 95 8024 1893 413 7151 5477 3474 6844 8176 7873 9155 6680 1722 6355 7836 592 1488 8825 7335 2472 5145 4967 4132 762 8239 
1907 6030 9043 6148 1010 8512 55 7153 6193 3021 2505 783 5 2982 1594 2023 4974 9698 312 9130 934 8821 5319 8355 6397 8756 5312 3913 9450 124 4947 9142 8691 3457 8658 2902 8794 2161 387 6046 2155 8210 4737 7831 7029 9544 6562 360 3337 6440 7280 6021 5408 1551 146 8399 5695 7911 7282 714 6936 113 4327 4848 8499 5365 5721 9061 6127 3063 5186 3856 3246 7786 3412 4446 1911 7845 4714 6124 6420 1681 7783 5346 6411 5308 1457 6967 779 3207 1208 9886 946 1368 2653 2716 3679 1083 2145 8384 
7731 7888 1007 4496 8545 1970 6157 8419 6792 677 9111 7098 2641 2782 7277 827 1172 208 7924 4601 9173 9514 2317 7363 9289 4753 2904 5340 3641 520 636 763 7770 2310 8286 7588 9672 5371 469 7955 1597 905 3885 3930 4031 9775 703 5196 4235 9884 3671 6899 5928 8188 3896 8097 9378 8481 7489 9037 6489 4394 897 9977 8441 7587 4773 2308 4390 7917 5051 8231 7846 8487 6090 8833 7278 9310 3571 4578 8252 1412 8517 3025 825 2812 1826 3097 1586 7313 7249 8028 2009 3245 6501 4875 4521 1419 777 1053 
6218 508 7263 9455 4449 9371 1981 2894 3947 3711 4385 9175 7770 142 6238 7425 6581 2235 7888 9825 5211 10 3733 9447 9245 8800 3251 8247 3373 3259 4209 4016 3052 3261 8413 5661 3831 9858 1001 6438 6879 7148 3772 4788 3541 4192 4439 6977 7662 6630 5956 7388 1140 5542 8868 2352 4424 2141 3647 2591 4656 9468 2881 465 3635 8435 4983 7404 8121 4493 4802 625 3951 4493 5728 6247 5095 2190 3390 6989 9146 3508 1563 395 1007 5141 7305 9831 1642 2449 5839 7897 5363 2163 8684 2539 9363 6055 9048 6284 
7614 3015 746 820 3360 803 7381 2248 839 7018 1317 7826 2715 550 6271 7217 6471 4428 4137 1263 6948 3952 6858 8744 440 7308 7461 716 8631 9921 6991 8250 2215 933 9230 4830 7895 1580 3109 2339 9294 2494 1611 2858 2320 6590 9422 6452 5762 1805 2222 7691 9541 1450 4033 725 9021 1459 1266 4169 8331 1284 5514 7072 6832 8720 3079 7585 4576 4963 3119 1343 6457 6822 3637 7774 8112 7989 3338 7851 6290 8063 3986 6611 3349 3872 8358 4950 1369 2688 5871 6213 4374 778 2080 4689 5531 1148 8082 4295 
4616 2308 7028 8027 3654 6846 8698 4768 4855 9689 2642 5669 6454 204 792 8035 6156 4652 6238 4381 4888 6705 8269 3667 3723 6393 8081 2486 9415 8727 5603 4567 1658 3800 7927 3591 8817 7340 1563 1007 5904 9189 7291 6822 3637 3804 9555 3656 1304 8668 5975 2620 442 7319 4980 7317 2069 955 6611 8722 4230 8932 1489 1549 2070 785 905 5906 5095 6587 9128 7706 2991 5989 7640 9617 7239 9030 1718 5003 3068 6607 5305 7613 8318 2767 4029 8429 6932 8054 3780 9630 4494 7341 4108 1803 6039 3710 198 5657 
7001 8779 4375 7788 8018 7289 1609 2384 8566 5327 1367 8453 3952 3971 4091 2858 4097 3755 4186 1286 5478 3356 7757 4755 1582 223 1055 7316 6338 4172 2013 8231 6570 1322 3767 9338 2196 5983 4496 7008 4953 1726 6563 3525 9790 3714 3325 3891 4859 9084 8512 2300 8781 3893 8510 785 2991 4131 6331 1766 4161 9376 8687 4551 3894 4636 8206 7782 9026 6642 6468 952 4976 7718 8621 8189 9686 3180 238 4425 219 9875 8930 145 7669 9618 5364 7910 3647 8656 6618 5548 8985 4350 4616 8579 4074 3179 4778 9824 
1940 9833 5914 3055 1606 6724 9595 6880 6286 7988 9156 4568 9213 3853 6908 1294 5826 3252 4905 4233 6623 5748 8147 9493 1122 9175 4872 5661 2205 84 9814 8519 5199 2731 4229 3255 4583 1944 5946 808 6162 3452 6954 997 1258 1617 5235 7999 4497 8150 8817 3098 320 9313 3630 7558 3828 1470 5337 5095 6962 8770 3201 1676 1450 9021 1266 6672 9461 5921 9044 7072 3851 4635 9 2598 4963 8319 1773 1343 1057 7083 339 4730 2331 3983 5720 4007 9417 2618 1324 4726 6798 9532 1076 7687 5517 2958 9518 7552 
5019 983 510 9683 3792 5108 7987 8331 4752 7592 3796 622 326 4798 2214 5491 1368 8519 5497 7427 1698 2194 1923 4395 2468 7473 286 1527 5663 5110 6814 2649 4729 1788 284 2157 4194 9214 7489 6807 5525 4471 5812 2190 3390 1534 6989 9146 7340 2906 9615 8089 2257 9342 2787 6324 3269 6630 625 3400 5661 2742 7521 1909 2596 8981 2643 8307 9728 7143 1031 3754 2965 9282 8524 505 7795 2843 9281 9658 7585 6683 4917 6514 4177 919 3390 9146 1007 8334 9082 5822 3989 4095 4485 6329 8543 3571 4879 5936 
6006 4349 6962 7398 1302 8698 1212 1108 4720 2789 9143 3761 6354 5750 7859 5319 8035 6156 4663 4341 2245 2666 6081 1314 1288 6475 1548 465 785 5964 8435 7404 1082 3822 1020 172 5468 5153 1690 7807 8514 8817 2336 8477 2346 1470 4708 6909 1207 5685 1083 5148 6995 2066 1382 9998 4959 1190 3365 5671 1424 2651 7456 6613 8551 8321 843 1362 1286 5478 6529 7153 6418 7757 6862 4755 330 9278 9146 7340 2906 395 9615 5285 5478 3552 4926 5839 8619 2218 7897 3002 2703 5609 9325 6684 5544 1827 6523 5200 
3799 4495 720 5357 1002 4482 354 5394 9208 3556 6808 6999 9598 3762 5979 9932 8506 6378 5085 2702 3064 4417 2932 2095 7329 9509 8110 5494 9082 2629 2052 7545 8519 130 1346 4689 9030 9870 3215 5741 6592 242 782 7028 2776 4002 7125 224 2317 3938 762 7896 9706 2086 8064 7316 3303 6591 558 3811 9821 2374 2933 504 6587 5073 2457 8016 3015 4468 3520 1570 1051 8477 1371 5963 4238 3649 9617 3741 7239 1148 9870 3215 626 4752 326 3583 3266 5491 1368 5497 1846 4395 1527 6814 4729 1788 6767 4194 
9788 7987 8052 8538 6265 6247 8897 9454 1534 9278 9146 4257 2906 1007 820 6651 4211 6284 3277 5370 300 3606 4385 5078 3011 7027 3997 4930 8262 9593 8417 1925 2615 1397 1670 8567 9486 6096 1185 3817 1970 7229 3493 4477 163 3543 1259 903 3384 7536 1923 3374 7724 9470 2553 5592 7779 9951 3166 5008 3660 5976 4251 6136 3471 5993 6625 5427 5108 5692 9660 8994 7652 2212 8677 6674 2851 8465 4801 4056 7526 4091 3899 6784 6312 7380 5228 7680 5197 6434 7350 8035 9766 1792 8221 8446 3314 4131 5485 2845 
3165 2949 583 5735 3219 129 5200 8873 594 1928 7158 3640 6931 2561 4903 8843 1910 1657 8165 9624 6761 4268 9607 6264 914 135 6392 4402 5087 578 7253 7302 9747 708 7899 7615 7109 31 4910 1739 7163 2201 6904 2994 4856 3676 1138 8564 4391 4096 2070 1276 9820 5911 4345 4357 6462 2884 7380 5239 183 5352 5765 4269 6020 5921 449 3216 4420 6011 807 8945 9465 7149 4054 9853 4941 8871 7416 9389 5828 8158 9624 6081 5830 1419 1202 73 792 8807 7406 2459 1881 4746 2815 8005 958 9688 9571 3545 
1392 1283 1333 6072 8530 6709 3351 6524 1231 2240 2111 4812 6220 6220 3899 4279 4035 8918 1699 1402 925 8759 3209 7702 1571 6113 2277 4168 5934 1896 502 5736 8946 7925 6552 1024 9507 1307 6181 8971 8654 4818 9220 8175 6698 3777 5575 6469 1434 6098 8195 3783 8921 7260 1426 8440 4232 6333 4822 1379 6781 5770 8786 6887 7157 8266 5837 7927 8412 2400 6992 764 9661 6792 4993 6549 1035 56 4325 7734 1472 3547 934 4492 1107 7705 9486 2368 1162 7014 5789 2429 7853 7291 4908 8345 3952 7545 9578 6970 
3659 8597 5537 7028 2171 4059 3333 4867 7008 6071 7395 9715 580 8301 1566 2847 1466 5675 8166 6692 7450 9968 2323 487 7160 7197 6472 4209 6786 3284 6841 570 4933 3105 535 5746 3100 3059 365 5972 4965 6126 4320 2678 5039 9940 1864 2237 5619 3928 962 8094 2166 7423 5781 5038 8887 3378 9423 60 5250 585 647 1424 9133 2908 4848 5688 7429 2493 1139 9826 4681 6713 6541 3521 5465 6665 7377 4377 5242 6679 7989 3346 2592 897 4498 3885 6868 1599 5717 3762 8260 5465 2610 5262 7835 3045 853 4495 
4129 1912 5520 3265 8910 867 8189 5394 8429 2251 5652 9597 6923 4112 7941 584 9215 2780 1792 3903 5619 2645 8414 321 2113 5897 1013 2984 3540 9191 5007 5007 3894 2982 4202 4106 1548 7252 4735 602 355 8418 785 417 6291 6034 4489 7733 3106 9154 7987 1889 7877 6532 621 9758 8218 7096 9669 4351 371 8117 5750 5319 8035 4663 4777 9241 6081 4381 1288 6475 3391 7267 207 1092 8269 758 4703 1882 2221 1758 5337 4988 3687 4181 5141 9268 2547 408 2035 7819 2340 1578 7400 2089 4197 9674 1192 142 
9320 7066 6951 766 1418 3812 8160 8689 8487 3504 6761 1053 1816 4738 5797 4285 3928 962 7724 9148 6576 7071 3378 3919 60 7214 7069 6565 1224 252 12 1135 1870 588 5647 9778 6765 5495 9478 3864 231 9567 5962 2750 5272 2142 6291 3244 84 170 445 435 7466 2775 9030 3778 399 3623 8505 6860 3235 9997 1460 8577 9398 635 8101 3484 823 5498 2322 7356 259 4436 3449 8759 5535 4031 9212 7274 885 9495 618 4691 6022 8839 3697 3828 5171 1130 3466 5652 5350 3859 6784 584 9464 8055 3418 79 
2537 2889 5478 7153 6418 3356 7261 3556 2660 617 4755 3353 7118 3786 9651 6805 8898 9397 9891 1055 7316 8898 1323 8981 5516 138 8507 7382 9728 7143 3754 2965 6478 6562 7671 6312 7594 505 4963 4514 3526 2008 1478 4318 5633 6846 1899 3380 1263 1213 6465 8657 9930 1763 5721 6795 274 443 4431 3168 8870 5982 6239 2868 9060 6798 8947 4903 1217 5821 7114 4224 2723 5077 9918 5013 1384 2581 1967 9732 5021 6881 1921 4112 7504 3968 4534 1487 1967 5917 4919 719 5358 3646 7810 9203 7714 9290 4494 995 
4583 8486 1607 2871 991 795 7053 129 5025 9794 2742 3928 891 287 4361 5596 7612 8480 1173 5645 4901 2736 5689 7525 4568 165 7131 612 4565 6075 2077 164 1505 9912 2225 4652 6123 5611 5350 4463 9441 1297 3777 1302 7818 2311 1378 5921 7 3750 3110 6830 9506 1419 9948 673 8591 2286 3185 4481 1652 3997 1386 7841 3515 2279 110 8155 4176 4205 9309 3176 8424 7248 8549 24 7227 6856 6905 6185 704 7428 9272 8033 4501 5794 9009 1458 4994 5585 1478 1583 3994 2092 2689 6014 1067 9284 2675 4556 
8908 6372 361 8557 1332 4108 2487 8231 6570 1322 3767 9973 212 2031 3699 7413 6897 2262 260 6082 6995 1967 9400 2528 2176 4250 4854 1468 2290 5307 8789 3180 9416 6446 1394 9112 1402 869 6374 8821 9571 751 7634 6260 3104 8577 2947 160 5936 4472 4571 5793 3681 2477 1610 2441 7576 7496 4227 8416 4756 479 9903 5757 6692 3577 5297 1987 2749 5835 9313 1456 159 3021 5130 9958 7799 9219 3025 6618 5775 5304 4051 956 6355 3524 6541 4689 3100 3551 7406 6576 8864 9754 4007 8058 4254 4106 4153 8693 
2451 4431 270 1668 1108 4217 9408 5029 7461 526 6976 8728 1505 542 2528 7 6199 7229 8151 339 252 7320 88 4106 3868 3358 3299 9193 5101 7928 8369 8598 3615 426 3425 4964 2947 3170 1662 9321 268 1824 6597 1445 5238 2623 271 1114 1802 665 430 9043 5754 897 6685 1570 8728 3511 5146 2783 9893 6184 8026 4211 8243 4913 9873 5806 5300 9392 691 4792 115 4493 9016 4961 3611 2683 8525 3368 9830 1670 2046 8279 5593 8019 8362 6049 289 2489 7458 3676 3510 8535 7825 5289 9139 9321 5725 5128 
5682 6523 5221 1901 270 4480 5304 1811 8540 7039 8298 7724 2852 4059 7398 9957 3884 7180 7491 2125 8819 5694 3951 8851 2866 3830 7334 7719 6863 663 8744 1459 5518 8250 6981 2215 4143 4830 7215 6436 667 7487 9541 1676 9528 5425 8872 4684 2887 2591 7334 1990 8187 3927 9406 6885 9403 2699 528 2637 4474 7140 2730 6651 5852 3980 660 2694 5459 1714 3228 5545 2837 1368 3247 71 7686 69 1843 1816 7933 1684 159 6068 5942 1152 2834 7163 7391 460 1062 554 6060 2764 9108 7478 1348 5667 7211 8304 
6391 9145 2093 7190 852 6382 3057 9600 88 8294 9816 3377 6660 9523 102 2505 3351 2571 5019 3612 1582 3688 2437 963 748 9217 142 270 7887 2391 7852 3398 7326 2089 2775 7172 7331 638 7220 6323 1179 6167 7495 3130 420 3117 8528 995 8770 4459 4561 641 7590 7205 5095 20 4834 4026 2533 6791 4298 9990 9025 3880 1951 2625 8914 7838 3870 5763 3196 8417 6612 4650 8854 5856 188 9518 127 3631 5534 7228 1428 6724 9311 5607 6734 561 1317 2347 9528 4368 4771 8872 5655 9837 4302 6301 2982 2998 
9630 502 9627 6396 7352 427 9004 4795 6031 2709 4962 9992 790 1769 8060 1404 1232 8055 2457 7939 8954 3762 239 3676 5785 8756 7819 628 4954 850 9391 12 7367 9393 5845 466 791 4666 1047 559 9578 951 1927 7288 7198 6591 8788 1024 9052 4487 3704 4431 1668 4257 8511 5472 7772 8988 8397 6790 649 5839 5800 6410 2591 3026 5134 2715 9809 1961 9414 1991 9316 6863 5768 3559 9720 7070 906 1235 5967 3406 6008 19 8293 5741 8345 2272 5186 8427 8719 6115 1649 3028 1038 1718 5068 5719 162 615 
4580 1347 2837 945 3999 4163 7135 7270 3987 6101 8015 3083 4129 3631 542 9565 8033 9003 1639 6538 6300 8881 537 3822 2414 8088 4338 8815 5223 6049 5563 8502 4998 4661 934 8292 6483 6960 5740 6048 391 8831 262 7834 6800 486 6066 660 8130 4998 3648 9705 7399 6086 5268 2891 266 6915 6684 1559 6660 9996 2709 388 1540 9582 4040 5726 415 7192 6482 882 3224 4963 8223 4963 8718 1974 1049 338 4228 292 6957 5167 6260 8227 9821 5837 4503 5533 2199 5273 9391 6240 2785 2782 9970 283 7274 9530 
6340 1240 9576 1592 3853 8273 8193 734 7311 4519 3767 8411 6990 5183 2582 5700 3110 6467 7167 5842 4370 1403 4075 8838 2476 9364 3322 7425 9630 6243 53 1977 9656 3757 8842 4312 2655 2942 6730 9679 2155 2956 5887 1281 5309 8706 7855 4688 170 2184 4317 514 8075 884 6915 1950 2580 1309 80 3543 8424 1999 7304 50 8531 2105 9804 9191 970 2178 8850 3069 2532 2348 5092 9088 312 2442 8979 241 2773 7343 2128 6314 6866 8339 3853 2239 9190 8263 2129 1109 4517 9459 7969 7911 5353 8752 7959 8297 
4633 2911 8882 7693 3576 9201 8488 7793 3047 2290 2218 2619 3757 3138 5691 2890 1503 7153 7321 1506 8024 2351 6892 2793 7946 3360 8313 8359 9542 444 8448 3088 488 6297 8996 4543 4282 8074 2275 2825 1145 712 7191 4617 5583 9362 4552 9071 8138 7673 9651 3083 229 5969 8077 56 6360 3062 2978 3231 191 8885 5553 1850 4203 564 1573 1694 7818 4546 1280 1217 5117 8296 3140 8584 9237 2874 3407 8152 902 7620 806 2024 8627 1516 2239 2584 1369 6233 9235 9269 6875 6521 8888 3417 857 8675 1024 749 
9341 1925 2891 4019 478 3300 6099 5453 5257 1744 6771 7742 6512 9352 5360 5231 9096 3350 5156 1155 1652 1578 1783 4547 4702 8776 4818 2759 7713 6305 8836 8620 3647 9230 8096 1989 6023 9120 4735 4127 5649 9525 8633 2775 1118 4600 7620 9603 1732 5937 6154 6663 4217 6577 4238 9429 8283 8549 2038 5210 8760 4871 1432 4207 8255 6185 6754 8500 3565 2395 7605 2700 3388 3598 1024 9642 9244 3634 9974 3072 6178 9590 4138 3940 8280 8947 7699 8030 5014 9290 8006 9573 9519 9879 9967 3640 8064 7284 4178 6662 
3279 5117 5762 5771 3918 5729 9720 4435 3356 8846 8723 1906 3995 9724 2615 4159 3566 6863 9752 1648 371 4679 8658 1558 5026 5261 737 4303 2396 5314 6497 987 423 3495 5664 3693 5612 6064 4816 3564 3023 2764 3291 4485 1261 9845 602 1556 5122 3232 9018 4094 7131 6234 8132 8970 6583 4138 7254 9713 3233 6836 6328 1836 1970 7516 6300 7497 6362 1698 9305 5660 8474 6666 2800 4067 9621 3497 1596 4380 2663 8201 421 8221 7101 9180 8564 6191 3298 4799 9231 3822 8602 5126 7315 7789 8475 3994 7994 1672 
3969 8155 2734 7768 8310 1711 5313 4062 929 8294 7968 5467 3470 6911 130 1544 6670 613 4758 1196 9518 8573 8741 331 6852 9670 1717 1325 6475 7902 9563 9081 6037 923 8183 7853 5266 4281 6866 8678 7372 6273 4590 5278 6506 2032 5368 7920 8709 3968 8763 9374 2622 541 9675 5876 5277 4041 6168 5543 3266 8979 718 1534 8809 9835 5708 3207 387 4154 610 9920 9390 6850 5320 8911 689 5923 6260 3499 5278 36 9929 2983 4511 9258 6865 7048 5593 8597 9290 3467 7196 2443 6354 1772 9297 8126 7478 6482 
9188 2517 5928 8427 2000 7048 9556 1315 4169 754 7654 7418 1317 3425 550 4191 1263 4056 663 5353 2074 5916 6329 7651 1899 3730 781 2702 5437 6413 331 3209 2946 9314 1213 3349 5649 5404 6945 7083 8039 9136 5658 1737 3525 1057 1059 1112 6304 5465 2869 1350 4354 4432 9827 8264 3411 8301 3035 2483 6163 6847 8150 5559 3198 6343 1849 6142 6878 8374 1385 791 6728 8432 9207 6215 5782 1009 2392 8921 3648 2647 9790 3362 890 2047 7861 6589 9270 272 2711 5545 7601 6600 6791 3648 9403 7638 4795 9616 
4418 5681 7558 3828 287 9752 3957 6401 3577 2054 679 1449 8885 1087 5148 6995 1902 8125 2066 1382 9998 1190 1475 9050 1551 6185 3044 4201 5337 6713 8030 1395 6798 4701 9532 7022 472 5517 5380 6504 9958 980 6133 222 2681 8778 4158 3395 3496 4995 5557 4787 8397 7995 4851 4642 6868 3930 7297 1805 622 9281 7087 1434 5753 700 4666 281 8163 2218 5942 1575 2868 5015 9792 58 9009 2209 4402 1671 3916 5240 2818 9843 9480 3795 1909 1569 8034 5862 5006 8183 4253 884 929 698 648 8346 8917 1734 
9049 285 1909 431 2736 2849 651 807 1578 6277 87 3921 7580 2367 2634 410 6805 9169 9976 4237 5692 1202 9972 7938 7967 2212 7743 6674 3555 3884 8975 8301 7476 6448 8660 5577 8933 2726 4307 4617 6495 1423 6658 9279 4340 754 2683 9997 1142 9910 9254 8914 6449 1671 813 3293 9209 4824 7480 9411 3850 4220 9578 5447 5493 115 5135 950 8094 7339 1309 4451 4461 6414 1907 3398 8419 6966 1148 6570 9231 3047 2422 4123 8486 2948 3220 2529 9486 4179 707 3983 4007 9417 6025 9280 1124 9421 656 5152 
188 2681 4492 3714 3395 3496 7806 6023 3930 622 7730 1279 4422 571 6289 5753 4097 4666 982 6154 5253 1323 2868 3738 58 9087 9009 2699 4763 4402 1671 4248 7172 6543 5240 4479 8118 3133 8786 9901 1374 4122 5193 7301 6864 5112 9133 9486 2280 7490 2483 9624 632 873 3913 8959 4268 652 5247 2649 3517 7623 7120 7524 1808 1210 5562 7896 5544 26 9763 4568 686 7360 8718 7701 1827 5606 9021 539 7188 5906 6705 1980 6343 4852 6571 1390 4735 1779 3283 4986 6713 4370 913 793 3266 3714 8651 3414 
286 5537 6376 977 116 7479 9473 4913 7082 5023 6945 6065 1549 7968 7173 318 8034 8023 2407 9597 5268 3931 8708 8517 6911 6671 2913 9677 8112 5784 6841 3240 7674 9070 8405 7238 2793 1444 9118 8398 3922 8798 4985 9627 7581 3034 4932 2006 7746 6 4304 3022 2160 6471 7036 2822 3478 5472 7101 7758 7809 5566 3724 7005 9451 5531 392 6284 268 5292 8470 6304 6155 101 1981 505 4514 4803 284 7551 336 1981 4789 900 8297 7031 9554 8397 6972 925 7507 6130 6451 6123 1978 6516 5869 4954 2702 5592 
9391 12 5361 5893 602 2444 8374 5972 3303 6215 1024 3811 9821 4487 4826 2933 2231 5899 7875 7977 3015 391 212 7299 3944 6757 9694 9640 4359 3211 1304 1188 6962 764 5953 564 7434 1857 1358 9147 7904 8131 546 4852 2819 6117 1604 4108 8923 8170 7890 2723 6371 9284 3630 3933 1041 1080 7859 6983 4208 3316 803 5525 6270 8514 2336 4059 3098 9141 3228 4134 75 6817 9917 3358 3207 2433 3295 3728 6965 5976 9327 7181 6230 4926 5813 1883 6436 8426 8496 9628 3705 8549 4209 7432 9034 6847 4993 9967 
9808 1845 9581 6664 1791 2458 2015 8334 1907 138 7854 4570 7611 7897 5727 3614 7652 1511 120 5119 7993 9552 6688 1304 3348 9060 3875 5343 6750 1645 2087 7843 9639 792 7395 3774 4253 4083 4548 5387 6481 2743 5958 8648 7509 4910 6898 3931 5144 256 8335 614 2445 3594 392 2336 7432 9965 1456 6076 1653 8904 2289 3986 5314 1321 4417 5053 1701 7777 9952 6058 8265 1666 1219 8911 2370 7206 1950 334 3832 2057 8553 4012 8189 775 1670 7099 4718 2737 1459 2729 4621 3109 3041 6480 4477 3520 4840 4623 
8042 8583 2548 768 4758 802 4322 8646 453 4461 2585 9601 7804 5733 9269 8726 3175 2978 3851 178 2276 380 7314 1125 906 5680 990 569 517 287 4038 490 7876 1147 2326 39 3033 5300 9779 1268 4566 3036 6117 85 8037 2562 9216 9691 9902 8690 5109 861 9703 9599 9959 1069 3565 2158 4606 5919 536 5657 1020 7937 2134 18 5675 9284 2384 7561 1851 6667 8374 1131 3204 3265 3393 1908 8808 220 6588 4189 3391 5153 5201 846 2246 3746 7230 5591 4041 4582 7973 275 7473 5562 2931 8245 6118 6660 
1094 1429 6739 3231 321 3735 6373 3383 9255 8723 1090 5576 2493 7237 5590 89 5826 4471 3783 6807 8673 1832 8888 697 3251 1197 9448 4788 4769 6657 9271 8299 8735 3893 1867 7799 3013 6114 5172 5418 8032 7154 6055 2777 6314 6434 6455 4380 6543 605 309 5163 4860 7668 6305 6751 1216 4090 7745 657 8337 1410 7285 9273 3893 7994 702 6386 6962 3720 659 3977 9751 1796 7167 8830 8865 5380 733 9186 1731 8222 84 4441 1541 9371 5344 4076 4072 5493 9764 7913 8891 1141 5782 5767 2536 2507 638 230 
2568 819 1312 3996 3270 6196 7668 850 3436 6697 7724 8073 5974 7094 6862 4229 8958 5284 2428 8973 4925 7519 1804 6590 3937 4973 3585 6476 4367 6892 3587 7274 4274 9157 5916 5186 6623 4066 5553 4734 70 8527 5736 9479 2860 3620 8570 1570 838 9093 5716 953 2928 6838 1161 1430 3232 3259 2506 527 1480 7266 9254 6918 7513 9175 4301 9689 7714 4937 4687 112 3848 9061 7338 2685 4437 3479 2078 9590 3956 2896 5484 3048 522 3271 7292 8745 1703 7001 2397 2389 8545 7287 934 3216 4387 756 3533 319 
256 5733 7410 5224 1185 8343 9246 4544 6810 7191 3884 3209 9330 5653 6891 245 1526 375 2416 5126 69 8857 571 5744 9564 7633 4559 1761 4622 5314 7335 1321 5053 9384 5869 4973 5541 92 970 2577 439 7119 1231 1190 5407 9985 7090 6873 5595 7622 2217 5926 8629 3379 4121 3805 5259 8827 1490 9920 4691 1475 8980 6390 7876 7586 4899 5489 6803 1475 4203 6575 1488 7878 2856 8344 362 6919 7280 5642 1640 832 9655 5482 8948 6910 5820 2799 9735 6150 5566 9739 7381 2940 1946 7767 4950 8225 1099 2012 
3628 7796 4972 5866 539 4403 8136 2662 1856 7437 6117 5079 9228 1348 2167 1068 2922 9805 3323 8487 6036 9424 2968 6307 1821 4703 6616 9153 3380 4717 5997 4111 1630 9837 6872 5770 4372 5080 3194 3658 5481 3552 5781 5762 6730 9624 1770 5553 5374 9057 4439 516 1074 3036 7616 9318 6677 2 8975 3695 1472 8479 8961 8940 1620 7786 3128 2674 5004 8700 7035 3479 6108 1644 5055 4640 6663 4442 5247 3157 3601 6572 7900 6206 3353 5818 9873 5312 2594 376 2104 3319 1422 6931 1650 9471 6161 6160 3965 9367 
6413 418 7697 9449 6592 749 4714 4905 2827 9240 265 5290 2446 6372 2439 4475 8650 3884 7658 3959 8724 7109 9936 2430 1835 3385 3425 5567 751 1018 3377 6242 2255 5168 2798 3085 2069 6276 8008 2282 2353 3374 7788 8716 3688 5563 9057 937 156 2205 2268 8849 6081 4518 7648 9828 5458 2828 1324 5335 4855 5993 8663 5043 2946 9432 1777 2118 3184 5135 9438 4560 8294 7724 8499 5470 4708 1734 3317 2834 6754 15 1425 5895 9995 2948 6423 5931 4087 2946 1090 531 9853 7044 9349 8742 6791 9771 4334 6666 
2955 3240 7573 2885 9593 9521 670 1505 5642 5202 9533 7691 8336 4365 3835 9658 1304 6962 8357 7511 3423 8994 8263 453 7611 5311 2212 3035 1468 9752 2652 3883 5621 7601 3085 3020 2891 5655 3306 6900 9175 5628 1259 5246 8582 8734 8985 1677 7291 3091 2743 2051 1938 5078 6060 8088 446 716 5916 3285 8946 8277 1135 1175 9450 8507 1742 7281 2164 4779 7105 6051 8096 4270 1330 4519 2798 4995 3616 5932 8959 6915 7636 9660 8765 7294 4108 916 7435 5186 667 346 2262 4346 539 2618 757 8967 5859 1124 
4480 1407 8151 8240 2554 4129 9690 9548 402 7712 736 259 5255 9070 1446 994 1166 3514 653 4051 1119 9657 3306 2630 7678 6726 5426 3752 6004 3367 8061 8669 2721 5312 4224 7073 825 6287 7623 834 8895 5133 7159 8258 7432 1893 5918 8954 6494 1156 148 5655 1018 5406 4898 4491 317 5451 1189 1866 9011 4477 8936 9902 7369 3491 8859 1272 2299 573 8057 9804 8331 4745 2740 6922 4211 2895 8675 5084 3394 4383 7547 7438 3125 9619 566 8874 1721 9254 8018 1185 427 765 7310 950 4452 6907 9860 1892 
5976 7957 5243 2860 2433 1846 791 4251 7703 6604 425 5987 4370 5628 5129 6711 2119 9538 2679 5177 4504 4971 618 8696 1735 4718 6918 1401 7268 1898 808 2606 712 5796 9158 3830 3083 2288 2305 5908 4402 7414 2363 7561 8258 4896 2718 8556 9006 9879 7007 2994 3857 2587 7770 3890 9558 7175 4806 9114 1590 4529 6090 4538 8459 3674 8175 8123 3007 9956 8092 3760 1186 2291 9373 8956 6153 4322 4679 6889 358 3037 8861 8939 3853 3758 9518 6816 4446 9917 6249 8753 2312 7131 4388 270 4495 8893 6795 7084 
3790 1790 8631 5733 2237 2178 6673 1675 3840 5275 5776 9174 8770 6678 1682 6820 1071 6935 2027 7760 8490 3367 5163 1394 4554 1587 4991 8967 3364 1795 8818 9493 653 8100 370 109 1326 918 8006 9838 4398 1982 6195 8328 2818 3617 6120 4829 3247 8715 6976 3785 3201 2695 4476 2870 5636 3558 2222 6112 6434 6695 5636 2882 9009 4522 3541 2495 5808 6864 1788 5255 4956 8043 2397 9832 8475 3926 1833 7977 1432 6694 1972 6708 2163 7122 9764 4040 8080 9777 4299 8440 9958 7724 3986 5497 6985 5471 4375 8847 
5445 3891 4732 8123 413 327 9503 4569 1320 8518 9495 9223 2975 3761 1616 9216 2751 4730 4443 9661 5569 5935 1407 9733 9087 5474 8867 6092 7298 8885 8577 8175 7145 3613 4864 321 9732 9733 4876 1103 5483 2411 6065 4579 5101 7233 8649 9347 798 2522 8630 8921 9255 8932 2809 4669 3533 542 3775 8972 7278 8168 2827 1721 2742 4031 252 7501 9519 680 8036 3743 6684 4088 9162 4676 5168 7146 9519 6301 9970 1217 1998 3154 3044 2316 5999 6878 8310 6297 3122 4006 3635 5595 9307 1130 3936 7988 9503 7775 
8683 4698 8521 714 3680 7952 9352 283 5972 3717 1690 6409 1778 5996 3398 1017 882 7892 9676 8765 4566 5592 6273 6308 8687 2390 9140 6993 4886 844 9041 3298 5958 7297 2087 7552 1702 9110 6612 1968 1540 5415 5625 2600 3648 5581 5639 1187 4034 3262 492 4169 1485 646 6178 1747 1828 986 6408 5666 7021 4019 6566 8878 1004 9625 4088 7887 2300 4993 1482 7404 3344 7378 5777 6571 4622 158 9877 8665 1535 9237 5000 4029 6103 6002 3606 4083 1768 1776 9380 8321 3912 6015 3726 1250 7027 8265 7824 2823 
8548 2673 4884 7466 4558 9284 4092 2251 9605 120 1126 5481 4989 311 8905 4320 9078 8648 4493 8141 8208 9177 7008 8262 8295 7753 2414 8727 9505 4318 639 5128 7133 9956 8158 9334 2150 3652 2413 8256 6383 7987 7615 4350 5864 8511 4436 3929 343 2345 6026 8805 5537 166 9023 7620 2516 5048 9186 3692 4673 2243 3802 4527 1428 1601 9022 9290 937 3755 5980 9002 6369 6406 5593 9058 9492 2459 8384 745 1143 1642 6749 1301 1408 8860 9458 4525 2125 1765 2891 714 3032 437 6135 6599 8376 8360 6158 2045 