5721 9381 3831 2198 2940 4368 3366 7163 4349 4228 7339 5866 5602 7366 3280 8508 2573 8691 9412 7826 7853 9028 1100 3365 7056 5216 5744 5273 7314 8400 7812 5665 7256 8557 1045 9564 9657 6338 4029 9276 6570 4055 5064 5983 4496 7008 4953 3984 9955 2537 8785 5265 8964 9539 5424 5077 3279 5603 5875 2713 155 9708 8383 2162 1108 7402 6901 1502 3176 2379 9359 5391 6391 8140 5076 3250 4326 8291 2160 8223 4539 5037 6679 9210 5675 5601 4590 3250 3541 8184 9270 344 6809 1236 7329 1486 5663 8165 7231 3727 
5681 8862 5775 1232 9880 7949 5916 2830 4066 4734 9930 1965 3798 2799 7668 5597 1570 4056 6021 1958 6726 5989 8829 9600 1430 7061 2506 527 595 574 7513 7714 6572 4687 8094 5097 3848 8925 9061 4667 4437 3479 2078 7004 759 9900 490 5796 5691 4320 2169 4175 6119 2885 8929 4010 6379 7541 6630 6581 2235 4582 773 5126 8521 920 7958 7465 7012 9245 1765 5684 7979 818 7450 4762 4209 9769 3052 3261 6248 3831 1001 8008 6879 7148 4192 2852 8514 7662 891 1161 2280 6719 1158 363 8877 2529 6090 8846 
1154 7394 3843 1624 3772 5361 6816 9745 5874 9209 1924 2227 3501 5353 8638 3212 498 5895 6823 391 137 8172 528 601 8854 5268 3918 6809 7308 4987 5143 266 2023 4384 9980 9224 3939 1276 7947 7027 937 4622 2105 3566 8930 9641 1777 3660 4179 7541 4645 4290 3409 9480 1675 776 389 8519 721 376 7917 6513 3770 9616 6717 5673 664 9698 4014 5573 4323 9006 1402 7939 6727 2436 4644 280 8753 5926 9303 5970 9623 2824 5392 8506 940 8533 7576 4912 7250 1208 7100 6154 9266 2341 3529 6920 9149 5618 
2962 6491 1544 7207 3944 8634 7761 2842 21 6294 7227 8771 3242 4954 1233 8255 303 6697 9656 9407 3290 6035 9710 9665 7541 8187 7818 2533 8452 513 3789 5302 9153 8463 6332 9729 3380 8160 3676 1400 293 7873 9808 5997 9837 6525 8577 1849 9952 8911 7206 1950 334 1965 2057 581 8189 274 2970 8414 9901 4518 728 1459 2729 3409 2914 543 9108 8155 6361 8069 4207 6896 9382 6071 6144 6802 1795 129 6003 8060 9411 6320 5375 1662 8980 6390 4227 976 7698 5476 2485 6133 2815 7732 4273 9859 9509 4562 
1740 3084 8689 4342 2160 3310 8200 7185 5025 1320 7776 1118 5077 2190 8953 5252 9484 6212 9944 1406 7569 7589 376 5292 5670 7042 623 6258 8921 2436 1949 7700 9911 51 433 6585 3881 1499 548 9642 8817 7291 4767 3201 2985 8433 7699 4059 4468 9665 6495 9277 7507 634 4365 1804 911 3408 26 2614 4636 6637 4758 2915 6339 22 2832 2780 4209 730 9948 3298 7388 4620 8782 9994 6167 3083 7361 3029 8862 8270 2525 9130 4269 50 6473 4155 3492 3826 1236 1188 4265 919 6181 4491 7933 7766 2006 7746 
257 7489 8352 9653 9218 1230 9548 7266 2956 7933 9557 2474 2961 6680 6017 6292 2231 5010 5705 2313 1833 5949 5969 7055 323 6021 9444 5861 9695 6310 6339 9408 7795 7403 5895 1748 6604 8723 6630 3192 5553 4594 9731 5331 5864 9792 6228 5118 356 484 4379 9199 5473 7913 6308 8800 7916 106 3817 6007 8188 3547 3780 9709 7759 6857 5662 1883 1080 1762 2882 9446 5791 175 9425 6523 5538 4741 2101 1272 5856 3831 3614 3083 8359 29 5629 9963 9437 3091 1117 8526 8246 7569 3565 6249 2564 3793 6727 5636 
5427 3137 4347 4869 6002 6914 6653 2463 2770 2186 575 2349 306 8625 979 5133 4880 5803 5494 1585 8521 6781 3485 4248 7110 148 2890 2740 6746 2186 1043 2927 9483 937 6602 9930 6843 2989 4721 5080 5653 972 116 2619 9319 1549 7968 4719 4486 9762 5657 4502 9597 2381 7842 7237 1201 5645 9699 5966 6842 4265 6704 9245 7905 1680 6689 4789 7455 4626 9162 86 5129 7932 8867 8496 6086 4320 2297 3894 9400 9964 7788 4789 8911 3422 3247 5329 9016 6108 2044 6958 4960 9092 2265 3309 4294 7483 8043 7082 
6793 8474 3074 2202 636 5433 165 2093 1147 9939 861 6038 3437 6796 1888 466 2733 4921 733 4276 9093 5587 7636 4281 4253 3046 3226 7795 9563 5319 711 7648 6266 8154 2633 9427 9719 4770 3703 8812 5886 5643 168 7368 702 7989 100 1215 3876 2886 6726 4496 5907 4336 4311 3297 2458 1828 8347 8157 4867 1606 8135 4071 5483 4150 8753 877 7805 2279 6784 9949 5310 613 1261 8341 2599 6926 5060 3314 5106 9759 1471 6087 4626 3348 7770 3834 2257 7905 6408 1214 3637 9019 4174 5320 789 2083 5933 6777 
8228 2173 5066 3151 6985 7047 3455 7827 3866 6072 2301 1628 9099 7403 432 7396 1581 8651 3380 7526 1949 2139 5140 5075 9201 8379 2940 3394 2189 8988 6917 3054 7958 5455 6872 5264 4297 1445 129 757 4320 6335 6093 6598 6634 8212 2001 3446 4098 5044 5162 7852 5290 2278 7459 2001 7370 1159 891 7890 4506 5924 5920 638 6825 1050 6997 545 6649 1011 4852 1761 6552 1558 7478 5771 3627 9694 2505 8412 8812 543 1425 5655 4954 5490 3933 3868 9608 8674 8641 8179 3795 4353 8120 8981 764 6021 2348 2321 
9706 8795 9830 40 9010 8584 9562 9484 8426 3474 1869 5300 2111 1915 7382 7976 2613 4622 1167 449 4279 6305 4287 8909 2113 1840 608 1485 8857 6185 8302 7861 4121 8695 5310 8207 6399 7992 3990 3320 5855 8847 5492 7081 9290 1049 8940 5636 9627 6605 6760 9638 6829 9383 5660 3337 1761 1129 8410 3322 7156 2993 1475 9755 6922 476 6837 1908 7649 830 9146 4534 849 1052 9172 3287 6105 8122 545 3584 9507 6941 1506 5669 7829 353 1752 6089 4966 7939 945 3779 7302 6222 5815 42 158 5098 7018 9973 
1120 3007 925 4070 7028 3428 7823 8840 1512 1827 2378 6838 4118 8694 9714 373 6476 4087 2708 7424 6827 3426 8059 4997 8694 1314 7142 7786 1190 9083 8595 2655 542 4036 5236 3505 3022 5518 6709 7812 4717 1548 8428 5621 9173 5060 8547 5239 3639 649 2500 6903 7825 4731 9373 567 7906 7310 171 3991 5561 5624 9111 1397 5655 1653 8439 1379 9215 7432 866 8640 6329 5317 7726 4776 1806 9123 580 8638 1694 5856 6264 3762 9461 3254 6080 3114 5893 882 4291 7701 7073 1150 3455 5518 4153 41 4220 4019 
8310 1543 2693 3875 3099 3054 2217 9686 5585 3840 8097 4664 3909 9610 3913 1422 4477 7189 6827 1824 3416 760 6380 5997 5481 4619 3116 7557 4423 829 8145 611 5720 273 8524 1461 2281 873 8647 9476 8699 5819 2964 2211 6457 7447 3082 984 5972 2149 1053 2199 7580 1675 6279 554 576 5853 8076 355 2035 5456 5117 3034 5020 3439 1773 7183 4967 9922 278 6582 6263 9002 6228 106 804 285 8246 1074 4603 3341 7932 2236 982 9216 4221 8818 8703 3934 5921 5233 231 7975 7974 790 9905 9535 2213 9435 
4715 872 1116 3573 4364 2895 2735 7575 394 3408 4326 6216 2773 7531 5692 3348 8329 3449 7987 6339 841 3199 698 4141 5880 1106 6465 7629 2687 3307 5998 4940 8140 9881 5746 4547 3136 2711 8725 7068 7751 7103 6107 1533 3133 7849 5779 8941 3094 8781 6150 7773 5107 6774 3877 4927 7768 1620 5375 3168 5712 2328 9250 182 6988 1509 193 6567 2952 4223 7489 4631 9107 664 3044 5963 8815 8567 1274 3396 7770 6470 1929 2070 573 8130 3723 2746 9084 9073 3270 5769 1322 6413 148 655 665 6556 108 2300 
8551 5575 6629 7752 6777 7921 970 5930 6339 2701 4899 1455 2522 7984 9273 3133 5532 1094 4552 8765 2759 9532 4331 4874 5923 7880 3192 7848 5092 3442 9997 3825 6993 7612 7603 2116 6287 3799 6859 5200 9415 5510 6058 427 6581 3899 3631 3696 8124 714 3123 1363 8591 8206 5007 7705 7483 7609 3792 5108 1944 326 3863 3583 3933 5077 1080 6317 4208 1182 1293 6526 2162 7402 8443 392 5876 24 3693 2489 7173 2872 5870 3437 7816 9786 6864 1908 396 4927 8364 3289 386 1003 6577 1026 1123 3056 2208 6605 
5719 1776 9131 3884 6597 400 6682 8199 3926 7755 1856 6117 9126 8827 5002 8324 8320 1747 685 1197 6409 9275 9416 8243 2886 9508 4274 6021 5138 5135 9347 2582 4522 5700 1694 8643 2522 9687 5252 8360 4405 3485 1472 6862 8873 4257 2573 7932 7792 8898 223 998 5170 9675 9728 1031 5399 9694 9974 109 3294 2010 326 6540 6765 4748 6139 3855 176 1966 7958 8353 9000 3806 376 4277 4081 1142 4437 4852 2149 9380 2261 5278 1402 9474 6559 3038 2953 9416 7260 9408 7551 4822 5504 7816 1236 1463 6226 2599 
6707 5971 7596 3010 2117 7052 4951 7831 694 2441 106 1065 8644 5365 3926 4877 7789 530 4734 4485 702 1857 2676 5760 6438 2449 5144 842 1664 9603 776 4578 299 8841 3581 2127 3228 6543 1732 3576 2735 5262 7377 1976 8679 1866 8895 5529 2621 3016 8015 5001 8415 7248 8876 3369 7618 4713 8146 4404 719 155 4888 7581 4464 7188 4795 8779 4368 1292 9231 7137 1058 7572 3372 2441 1690 106 8474 9947 5433 8644 3926 4877 224 530 5822 3528 9659 970 4031 885 9495 1638 6600 1960 8187 9882 3804 8807 
3898 4822 1881 4146 6315 5573 1684 8146 8474 5698 7068 7439 5392 5122 9896 1858 4453 7173 5870 2971 4209 9180 6651 6284 6877 7403 1753 253 4273 87 5352 3301 8650 3736 5879 6597 1494 3285 1057 9169 436 6794 5472 3352 1659 1070 8956 455 6993 6431 3688 281 4748 182 4565 3855 2943 1860 4611 6597 7264 1821 2647 488 9684 4307 2651 2178 4080 4477 8525 7583 4091 8419 6452 4119 7281 5483 1698 7602 5379 4620 6256 784 7615 9407 5299 9987 7139 4346 2353 5447 7230 6662 4442 2500 2750 3611 3975 3578 
8265 1429 738 364 8196 9968 9856 9172 765 6426 7363 514 8900 9361 515 7666 4864 4435 9476 9060 3287 4560 3884 5155 564 4723 6437 3132 8148 29 938 4400 1569 8162 6225 5477 3085 3207 3125 4245 6162 770 9443 176 7102 5686 6931 2507 3401 9958 6482 457 197 406 9781 6304 3323 2432 9666 3437 2637 6655 3444 6576 8931 7238 4938 7252 3625 8712 8176 5192 8108 5246 6119 8804 3836 1173 4502 4547 1671 9958 8279 6606 8165 1397 4767 2264 2390 6809 7629 8009 8189 8212 9645 6918 8466 3604 7532 3026 
4897 1456 1824 4947 3904 3437 6964 9024 4020 7382 9321 8475 683 7238 4337 1643 16 6980 6395 3504 6767 5659 5694 9470 5927 264 7293 7933 8142 1289 8270 135 5636 1978 4742 7313 692 5311 3516 5539 9665 5921 851 8843 6674 5651 5148 5651 6242 603 7647 9990 8488 5899 764 7108 2045 4932 2689 8033 2650 9737 115 9495 3180 9638 3019 1979 4710 388 151 3933 3341 8364 6120 3716 9605 7161 8759 3942 75 7963 6158 1577 6131 9403 25 6201 4795 6821 3931 4641 6764 1232 3801 4110 4119 7730 2994 2815 
3278 9416 8453 1158 3044 6234 9047 8031 6479 3847 5858 4918 8685 4662 7034 4617 3144 8634 2261 3720 9261 221 9665 8723 1081 5979 7120 7873 6274 5843 7503 8578 1972 7952 7634 579 333 9277 2134 4907 7943 6453 2033 5567 3827 2130 5983 6207 9715 9460 5068 582 7684 1958 3264 8931 4583 9395 2512 740 1622 5267 3980 6849 9505 8103 691 8422 9655 4496 5930 6339 2701 4899 1048 1923 7915 4823 7984 7624 4 7291 5532 1365 4552 8765 1288 1688 2324 5837 2165 1513 4776 7184 5202 9533 8336 695 9989 3211 
1188 5095 8770 7300 5712 7820 8429 8054 7239 1803 6039 7090 536 2610 475 7182 7703 7835 853 3104 4495 720 862 1002 3265 867 354 6997 6394 7757 493 6909 8650 8115 3361 8843 8358 3475 2568 6550 1271 7634 3272 3855 3522 8332 3170 6547 620 748 1335 3357 2227 8972 7170 841 197 9012 9718 3330 4314 5501 6323 284 3580 5723 3701 4367 3842 1094 8650 2017 1437 8874 5888 2326 7504 3988 9354 6194 8779 7433 2068 7218 4594 397 5113 795 469 2033 2664 7006 1343 5426 2430 5162 6822 9653 5559 7229 
7024 3645 1377 7820 586 104 4641 4155 2037 6594 6188 9476 1909 5819 3388 5818 3873 5733 7110 453 5603 9940 9416 1557 4742 5532 8346 2370 6741 7801 8510 275 2425 5205 7007 7420 69 8415 2978 4857 5104 6600 8557 9532 5077 4369 3798 7778 5800 7257 3583 7797 2732 9820 5133 4315 1663 5747 6538 5622 2306 4510 6146 2512 7809 9584 6998 6291 3524 6607 2280 2665 3296 3251 906 3765 4711 9355 8052 9219 7471 185 5371 2837 7241 7522 7135 7270 5549 1096 7079 6430 1639 6300 3026 6731 5558 996 5490 6632 
8841 6389 7268 5207 7655 5490 552 8640 5339 4106 9047 3854 7138 7278 2363 402 6338 4647 8691 5799 6020 5613 6798 1028 1240 5588 523 5876 550 2096 5404 4197 5881 4455 7811 7764 4589 2953 6656 102 2876 8395 3063 3313 149 5052 6026 3494 2724 5457 4842 809 4755 9217 2272 8013 9237 155 1316 6159 9837 5589 9525 5954 5220 6144 4619 1833 5722 1881 1727 3616 8282 4160 5817 747 1360 249 5607 724 915 7204 3519 8131 6413 9743 2370 1183 7775 9209 7515 9296 1943 1941 1975 3891 4532 2801 2016 6018 
3026 8372 6216 249 5235 1933 7581 2867 3326 3575 9554 539 1438 5802 1719 5508 5514 2402 9818 5680 5462 2204 5168 9688 2680 5467 3743 7011 3029 2237 4785 4952 5459 1808 6499 6237 296 3140 2800 5903 4100 4950 6533 5034 9415 6280 923 8764 1375 4059 9765 595 4094 2242 5303 1896 9965 5793 6076 6587 9128 284 2157 9788 7987 8538 6991 6147 7802 4763 5075 2211 6223 3376 9357 6788 4729 7673 2694 4693 8181 5536 9914 9470 9877 6679 7287 7433 5761 3984 1045 3832 5518 7640 447 6086 6023 2642 7671 6928 
1580 2201 6122 63 2339 8474 9672 4043 8344 5147 4083 713 8522 1927 2290 7911 5757 9637 9819 4028 4495 1112 1038 8986 1831 2544 2158 9543 3401 5488 5307 6183 247 2377 7697 7567 1668 8016 2572 1715 7925 5871 9603 6602 623 3755 6327 9250 8704 668 2492 5818 2253 5720 7735 2127 1670 7001 7249 4821 6896 9971 1353 4548 8630 2873 5000 4925 5837 2334 3784 8931 170 229 6167 3117 7042 8014 7887 7879 879 2908 5507 5248 8663 3624 9920 49 7151 4672 1647 3467 4118 9338 29 2521 7376 7290 7707 7126 
1960 5661 6781 2834 9244 1441 2026 3413 8975 3329 4731 8720 9408 2850 5201 553 7096 5925 5884 7826 9652 6951 2999 7080 8566 5448 8580 4014 1840 3725 5626 1951 9359 3181 1910 9520 2348 7654 4655 9991 6070 7424 8932 5720 5789 5709 7710 2273 1307 9857 6536 7042 4874 1619 7106 4446 4434 9189 5978 3290 7031 461 1044 3761 4274 4265 7714 1256 7693 1121 6289 4529 2118 6323 9907 4603 8746 4807 8315 4548 8983 8635 3830 345 909 1173 4121 5491 8977 7292 8226 2675 9136 9081 6190 4537 5513 7356 35 1459 
6037 8967 8103 210 213 4313 2384 8001 9866 8855 7223 7098 2369 9244 6175 6304 2666 6839 3307 8198 775 9576 6478 6394 3294 2281 3675 3935 296 3852 7470 9468 3002 9408 1797 6155 1678 2802 2223 3908 9034 919 8320 2142 6248 7162 3760 5597 1571 1495 4863 2918 8161 8876 2847 8128 7680 1743 2280 127 6981 4389 4008 799 9286 8034 4641 8729 3318 452 1644 6867 117 8 3391 435 5809 4605 4127 2707 5548 8992 6863 1865 4697 8036 3697 7383 2427 9203 9897 9786 2497 9151 9214 762 6754 5613 443 6093 
5879 8168 3859 5077 6357 5786 1833 8848 7926 1898 1735 1465 2127 7006 7066 182 3490 5692 5701 4713 6054 3906 6680 9706 5094 2362 584 5002 3875 8126 433 7023 9035 3247 4339 9011 9778 677 2866 686 6886 7003 983 971 3271 9405 5527 8173 9468 9967 3277 6646 7903 3316 8956 3336 7727 4859 5102 659 6592 8360 8536 7167 6017 2025 5994 6026 6697 4810 6670 2859 430 9573 3716 6720 7173 4263 7738 1574 3114 4032 7240 2255 8103 79 8173 273 4842 7399 9351 529 2689 1151 9808 517 5042 561 868 6856 
4622 7861 5630 5906 3307 8453 9461 5322 5913 6043 3134 5473 4374 5646 5804 4735 1520 6325 9364 6728 577 6233 7318 1479 3395 5538 7932 9019 3530 6571 3156 1104 8597 4903 9496 7122 7279 8860 5849 2322 9486 921 1538 6286 5912 8643 6287 2249 4450 2752 9219 1880 4383 9900 670 9406 2934 3160 4941 6077 4678 3810 4102 3608 8797 56 7078 9604 2892 1937 3037 262 3905 7227 7478 5539 6815 6219 6220 4745 5624 2189 8255 6052 2006 8594 6516 6543 6075 5608 3158 4396 5343 5446 4808 3708 3984 5729 1474 7649 
6522 4315 8863 8389 4747 3712 8634 7776 6111 6305 464 872 3023 6429 7151 685 244 4591 532 446 9593 5504 7179 3751 1762 26 430 3985 3353 4358 6226 1092 2854 7319 6828 197 8955 7711 6378 4944 1869 1292 420 7126 8751 5798 246 4312 4238 7690 5171 3034 3878 7356 9492 4199 2496 3011 7382 9316 1042 2276 7963 7961 9315 757 2439 9635 2015 6598 7776 8414 2551 109 5017 4562 6622 7002 2609 8603 5508 7212 3378 5613 6002 9789 9378 8752 4411 2947 4805 8173 8762 1941 7502 3072 4832 334 6036 3991 
1747 2844 2238 9444 7713 3005 9172 7831 824 7562 3136 117 3320 1257 5181 8150 833 3416 3485 7218 5671 4181 6338 8049 3941 5730 3798 7680 2412 6041 2358 9707 9878 8058 4885 2254 8002 9653 4125 3687 4783 9176 8595 7615 5034 1136 6738 2478 3587 7137 6329 1017 5007 2923 7340 8429 9056 955 8799 138 3132 6245 6317 2623 4038 9545 5426 8257 9683 5279 8354 5812 6880 9755 3552 2404 4785 1682 7608 7716 4457 6220 2987 7648 4052 8658 544 4392 8932 3612 9375 9876 9537 1321 348 8070 3904 2018 7681 5531 
3713 6391 892 941 6589 9874 9354 4362 6948 2776 7167 2823 4186 3225 928 9248 4854 5965 677 7708 3421 5549 6996 7542 4578 7540 5994 3843 9458 1230 7636 99 1448 1107 5670 2662 9951 4171 7489 6696 745 8389 9323 1498 5283 400 4989 5469 8566 4265 7461 2527 8022 2934 9490 1950 5576 5618 1444 9405 5769 9321 2991 474 411 4700 7921 2642 9662 4467 3147 2206 2680 6391 2287 2185 6446 1435 9727 1723 1014 9545 2288 2967 9655 9153 9433 9757 1625 4574 1676 7133 8208 3565 1047 21 1882 5548 3434 8069 
7730 4855 7765 8685 5906 4600 7490 2323 1362 1452 1341 1550 7417 8800 7841 3324 2941 9654 4847 1614 7170 7188 4702 5914 5807 3252 2447 2364 416 3283 785 4730 6882 4449 7807 7856 6101 5698 9403 297 5794 9643 5533 8495 9351 7298 9230 5472 2813 1684 5722 7888 7011 9284 20 7973 1775 8954 9129 2509 1506 5596 6789 4181 3504 1317 7081 9319 5172 7550 5880 3002 83 3914 4153 5167 5088 9806 1671 7289 1063 9920 751 1857 8465 5057 7505 9149 6249 3853 4882 3171 510 4467 1322 2270 8475 4229 4727 862 
9799 7248 5323 4644 7661 2488 8645 2741 7194 4793 1607 4482 3953 5905 9750 6863 8250 2198 8734 1608 3521 4099 3501 364 6944 2225 1020 2104 5001 5153 6267 8411 4946 7273 6345 8177 9055 4550 3970 2775 9847 1973 5184 6025 5315 5680 2464 8114 982 1547 4468 1058 5254 5098 5377 9811 3907 2364 9632 1530 1135 5440 2739 1835 9341 3166 494 2024 6562 5289 3080 2904 2483 3605 2571 9067 8317 1262 9229 2654 8282 183 7098 2339 5129 7487 3125 9165 2930 4303 5072 8403 4919 6971 192 1633 1419 6387 3208 1562 