5138 6506 9246 3037 8382 4674 4005 3152 8785 1570 472 1366 9774 6889 2432 4686 6512 2197 2318 6289 6557 4279 5297 7432 434 4256 4636 1345 1883 3853 7203 5588 5216 5267 9468 1117 4295 7903 102 2201 9578 6003 6209 5939 6792 7458 4154 4598 6122 9856 4152 5790 4734 3672 3817 2127 5885 8947 6476 7640 2876 3826 8395 8911 2132 3313 1133 5052 9850 1877 824 665 1728 6506 3227 6727 4372 8424 9855 1448 4326 3647 6192 4981 1582 4663 3770 8151 2296 6540 3869 6766 8319 9652 616 9116 5887 7032 4893 1355 
7884 855 7990 543 988 9664 6015 1587 4611 0 6638 7670 8555 4340 1547 1711 8243 1913 7800 3670 3560 1425 5788 5187 8420 1663 877 3325 591 1728 8411 1530 9728 8233 1940 6923 8183 4253 411 8493 5730 7751 8107 9619 6381 7840 9553 1904 3062 6667 9107 7066 4299 9907 9633 4619 1987 551 3350 5465 6071 9529 868 6800 7589 971 8537 3431 5846 5744 8376 2838 8424 2582 3157 573 6586 568 2683 7184 9254 7127 9796 1671 1720 336 2073 4572 1371 2807 3287 3543 2801 1149 984 1354 6080 2159 3232 796 
9203 3536 4197 7302 7810 5250 8414 2678 4383 2855 5512 3620 9767 3718 3561 2940 6902 7144 7553 4391 453 9685 6537 3453 7428 8020 2136 288 7618 1888 6276 7687 4855 6158 1727 6567 4914 4458 5229 6502 4133 8210 3500 7383 2534 7576 1924 4748 2341 5693 7864 503 7374 4400 9318 4526 2544 4025 1590 2199 5713 2830 9896 8618 8292 8995 6665 1100 359 3676 8562 8589 5933 1906 3169 3373 3210 449 275 6885 3376 4004 4420 5475 4782 4065 7259 1957 9367 6148 3728 7709 965 7247 1289 1753 4407 3360 5582 4620 
9650 4362 1765 1027 7671 1178 5561 542 2320 9043 9307 9400 8056 8471 9417 3226 2518 3915 2976 5844 2011 3842 3973 6287 3280 9813 94 9214 1948 8151 7827 8883 3653 2888 8580 1836 8373 5113 8195 2570 9377 3003 5235 3280 8888 1559 6169 3277 5312 7529 9681 4993 887 7080 5566 3770 5096 7072 8577 5558 9074 5541 8872 3997 3161 783 5785 6959 2055 4838 3277 4299 355 6321 8750 5790 6124 4426 5645 4545 8704 1343 1690 8712 3496 6746 3424 2285 5060 9791 1495 726 2415 9410 9169 8081 6639 2495 6777 9383 
9850 4195 544 3312 7210 8672 2838 40 9010 8584 4692 1869 4554 9280 5666 4895 8219 1158 6775 5662 8909 7916 8735 5515 5178 4152 8791 6185 9024 8660 7337 6398 3291 2941 2907 1958 8422 9894 8559 9450 2717 5628 1298 5984 4462 3063 1485 9723 9191 1641 7323 5016 2731 7395 3036 1052 1426 8398 7866 7716 6583 4837 2327 3781 7554 5128 1087 1769 280 8753 5926 6764 5970 5392 8506 1269 3371 7576 5968 91 8831 1924 3754 5693 8369 5229 6445 245 6352 3478 5406 3153 9797 194 5900 9872 6652 743 6306 1580 
4031 5821 3374 1986 5598 7598 8179 9906 4412 7556 2578 434 1108 7320 4395 7075 7029 4987 4720 7623 3706 9322 8834 295 6722 8375 2783 5723 4558 4996 356 104 3130 9199 7913 8986 190 9837 1784 878 7678 1990 9412 8294 3744 9179 5656 7574 2163 9041 3043 7101 8647 600 2192 3567 6204 258 7729 9945 3487 8068 2326 2502 5098 4562 3675 5899 6007 1358 4659 3949 7674 2853 2689 6700 7629 9871 6065 7762 9351 6402 1600 1580 7522 1427 3501 7229 4576 2752 6598 256 9109 6423 2825 4102 4789 7788 7658 4256 
4641 7919 503 3386 2946 1993 4641 841 667 1914 1523 3398 4557 7290 4580 3083 7769 6636 1143 3657 8582 2193 4660 7826 4093 9857 7514 1943 8685 2786 807 6203 8502 2958 7322 3903 1215 2808 8082 6561 8434 3152 5285 4554 5714 3714 9640 2782 7722 6277 2711 5863 2467 9470 8448 7738 392 9430 3470 8946 120 3421 3241 8409 3071 1094 6524 4263 1003 5155 3626 2851 578 2388 3827 3309 5405 8203 3728 6497 8475 1865 2246 986 2320 4078 5951 2684 8864 6365 4442 6900 1177 5078 6237 585 7547 9824 2230 8607 
936 6191 3246 8360 8809 7391 8231 8577 276 2235 2976 1541 8285 7299 7549 6437 1658 8780 8988 4645 4341 2175 218 1549 2455 5437 8260 8988 7575 4362 4568 4217 377 7368 4082 216 5238 2954 8114 6619 7916 3916 3900 7682 2625 9354 5515 9630 1548 2215 2646 7356 835 7721 273 867 5940 1781 3744 9555 7148 8790 9528 5986 5167 752 3935 9216 1367 7428 4405 3201 7300 1597 6649 2990 9058 5686 6450 9750 7299 318 1205 3365 176 4942 7314 4743 5228 2457 4468 212 7299 3944 7862 4252 5963 4238 8462 3232 
1210 176 1680 3250 4536 2248 6650 4582 9542 5714 4198 9205 6504 9989 9640 1664 8039 2868 2323 5124 9439 3637 4269 4258 334 4369 9438 9549 5340 3406 3170 8285 7344 3451 8499 5470 6957 9476 6917 1558 1564 430 1333 2994 6081 1379 1324 3111 1108 4720 4244 8125 3761 431 2642 662 5669 6454 6354 5742 5750 792 5319 8035 175 6156 8982 3559 7452 8065 4586 3579 1835 1387 8616 5417 2163 9480 9033 8519 993 5518 6717 664 9698 4014 8481 1402 6920 2436 4918 8890 4269 8630 6176 4474 7143 9216 6885 6765 
8994 8104 7348 64 6119 6112 2486 946 2112 3801 9375 3123 6026 6308 4412 3137 9766 9508 3069 8414 8157 9674 9864 121 6828 421 9878 3838 6411 1729 2002 8344 1055 1863 4808 1459 9483 3358 2822 9754 2926 729 8065 8440 4014 6655 7889 1562 5072 2620 2115 4358 9746 6792 9965 5973 6936 2325 2582 1125 9880 8868 6962 510 8262 5281 4684 6673 2990 6236 1574 1622 2372 1077 9750 318 3365 2202 9532 2908 1665 3547 2680 8962 3271 1542 4409 7339 1452 6659 7057 4037 9148 7153 141 2189 616 4883 7748 4722 
7214 9098 8936 9339 6668 1333 912 5210 9076 5583 6307 8101 4844 4404 6881 8595 3858 4626 4856 3055 3660 2357 2515 8675 1658 418 8660 2551 2744 9582 3126 9056 889 5532 3413 4917 1584 2624 4284 9323 1725 106 6566 5452 42 925 7489 5602 7720 7104 5177 6499 8164 4033 6632 345 1639 6816 6004 3693 1895 5483 4088 5600 2786 1242 4286 2154 7212 8030 8858 8508 7022 472 5517 9311 474 7609 510 6395 3792 7987 945 7704 6422 4288 2214 7059 5663 250 1846 2468 7473 286 5663 5110 2649 4493 5728 284 
4194 8052 5812 1929 7461 2190 330 26 9278 7340 3508 1563 395 5478 7829 1642 2449 733 8619 7897 1478 8822 7641 5544 788 8170 2358 9363 2066 6055 7975 6384 6932 7649 7614 3015 746 4796 820 3105 8796 3360 6065 4511 6994 4406 6957 1499 8817 2784 9624 773 5921 432 803 3375 7418 6554 7826 550 6903 8051 681 663 440 716 4606 8250 6981 933 9230 4830 5180 6028 5389 8474 7670 4630 1494 9747 9888 9355 1722 2742 91 4636 2828 9128 6636 3564 1856 7104 8795 7243 4341 5822 8651 4156 5052 8649 
1988 1757 9004 1639 9474 4976 1369 1537 2629 860 8970 812 9361 6680 2769 5158 4138 8499 4801 885 5837 439 1159 3260 424 6966 7228 7830 6819 3228 7629 8524 2674 1554 9081 9425 1956 5643 6389 8593 6532 2570 920 6040 5565 3063 4220 5071 6614 7049 7322 9868 6872 2992 2354 8223 5337 4981 3672 5431 746 3105 3360 6994 4406 6957 1499 548 9642 8817 6609 4299 5921 432 3316 754 7418 6554 7826 6271 1272 1075 990 6991 4606 7569 5352 2215 9230 6023 2642 2488 7895 9616 2838 4372 9383 4330 6652 3654 
4432 1805 7907 7730 1279 9902 9209 4651 1434 339 1215 5720 9417 6025 8668 9280 1064 1123 6673 656 682 8577 888 5380 2170 3329 3363 6133 5829 5897 222 2108 504 2681 9790 4492 1509 4158 7014 6102 9465 7176 6023 6868 1991 5615 622 7730 7087 6286 5271 7280 7418 1313 5328 6859 9568 1239 447 4069 1633 121 4238 9407 3413 8260 9174 554 1431 1054 3524 4155 73 3072 7862 6795 6751 8278 6338 2638 3507 5895 5476 3071 7285 6534 3219 4593 3768 6388 9273 8006 9471 8657 6678 7355 3736 3986 9674 5654 
8361 7315 2029 765 6639 6611 7118 785 905 5095 7387 3359 2991 4265 7760 9460 4488 6300 3349 1299 4503 3872 724 2253 7706 3358 5059 5159 1070 217 8889 2122 9533 788 2841 5150 5566 7343 4446 4080 6585 4176 3922 6547 560 4933 6453 3972 5391 1194 5572 5343 7372 9396 2797 6048 9660 9857 8028 2989 7313 4862 5097 5653 9480 1909 1569 6945 2476 2232 6799 12 917 7633 1736 9817 4989 6255 35 4799 6609 104 8682 217 5120 2778 6960 1492 996 4186 4558 2183 7561 8506 4963 5497 1330 7854 8850 7104 
5809 3071 9923 7343 2065 489 4248 8051 7582 4397 6247 1018 5224 3550 7287 1567 434 3109 8973 2307 6450 4058 6529 5954 3615 4281 1868 2067 2735 5675 4192 6499 9301 1427 2458 2162 1421 5801 4663 5473 3471 7075 9613 7403 432 1838 2839 2517 8747 5822 5715 5364 4195 6183 7764 3559 336 6051 4316 8905 2325 1230 8567 1866 3133 3408 1655 3040 227 67 3325 8966 437 232 4909 3985 7469 1586 9804 8559 8119 5764 475 2582 9251 8973 571 3058 8267 7677 583 1777 8930 2298 9224 738 6341 9027 2688 5175 
4990 948 1374 3067 1887 4818 7019 4934 3449 6830 8686 9324 5170 6512 4201 821 4468 724 4598 165 2243 9221 7728 8308 2182 6283 4737 146 1309 5038 2843 7391 5297 6769 6992 8786 9591 5199 3588 4206 5046 3508 4727 4271 1487 6457 7178 6285 540 856 6242 786 564 8012 8897 2328 3319 9134 3295 4850 5209 619 2605 7181 6230 7407 2455 796 5373 6436 6516 9628 3705 676 7896 9499 5027 5276 4833 9925 6632 6568 3714 2128 5455 5799 9505 2823 1037 6264 4480 1669 4780 3538 9869 494 2656 4100 8880 9485 