7313 121 3647 8706 1254 7933 3951 1531 8851 7334 8978 7382 5998 7421 8434 3502 8474 8755 6943 2347 89 7929 2219 1638 4664 567 4667 5897 3391 8734 7270 4661 5412 2006 3358 6939 4121 6416 9747 2681 5689 2158 6994 3328 3670 8816 6546 2758 9838 8966 635 3787 5630 4111 2682 6086 8555 9108 822 5897 9056 4155 2402 2841 3066 6642 9540 9378 3834 4906 6365 7622 537 9486 5288 5900 92 7243 1704 712 1510 8674 9078 913 627 5672 8458 6777 6490 3746 7235 1044 9216 7100 8416 9220 3479 7177 1977 3398 
8468 7781 7144 7355 731 8197 8714 1649 8064 8393 4458 667 8452 5771 6353 3676 7531 3803 6886 5606 4457 6546 6386 4133 3406 8210 3325 6180 4665 4773 8193 9947 369 5614 6423 5264 2067 1573 3954 6091 858 30 348 1685 7697 1651 2465 3521 9548 6248 5504 7235 1802 6423 343 8642 854 4074 7119 5654 4986 878 451 6101 4520 6306 9137 1587 318 2661 1662 2043 9982 9192 1898 5217 7878 8872 1450 4033 5129 9021 1459 6072 2178 5533 2965 6236 9408 5020 2447 6428 742 7697 3855 8040 3816 7309 2340 5893 
9553 8333 5630 5993 346 4961 9338 4795 5556 9062 175 4240 3105 4106 1548 2402 3244 1437 6383 7863 7155 7123 5329 417 6291 9638 6152 9732 1889 6532 1384 621 8508 3122 1310 724 1395 499 9481 4328 5054 6881 3635 9012 149 4952 8146 8825 4993 3575 940 6769 420 8401 3822 2174 1706 8548 6886 478 4069 2789 3828 2488 3540 9531 5652 7358 4497 3573 6634 7832 1063 1064 4964 7785 8405 2908 3022 4064 7304 9643 8398 2260 666 795 7893 9627 1850 8543 8846 718 630 5346 6451 929 2390 8758 923 4586 
4951 4866 1786 3485 168 1170 6760 8005 338 2869 7820 3121 8135 3377 2703 8822 9590 2066 7676 7975 6384 8417 655 8796 6957 9642 7291 2784 5045 4502 432 3914 4169 2903 7381 1317 6271 4137 4191 4056 1075 6858 5029 5518 9921 8250 9230 3275 1354 8119 7541 1514 21 9771 2001 6259 4379 3253 7983 6270 7224 6476 9614 2876 3463 2747 3687 5641 9156 5631 5547 3244 5277 5036 4962 8355 7319 6282 7621 3971 3155 607 1366 8891 4686 2197 2318 1887 3253 5840 5348 4256 4282 1883 3853 4936 79 8394 5774 1864 
3731 8727 3970 2505 4647 6774 7399 9435 9121 6171 6305 9101 3425 2112 1249 3910 6464 6509 8409 6385 3939 9160 7947 557 2105 6407 3660 2163 3409 9033 6542 9555 5439 7398 6664 1576 3722 9470 9915 5727 5747 4492 635 3245 4743 6330 9982 9192 1898 6436 667 3122 9541 4493 7885 4627 439 9307 7572 7154 4323 9276 2773 5570 5108 6378 6995 5060 8977 2051 2946 59 9432 3090 4698 3198 2532 8115 531 9513 478 2835 8265 4298 4760 9025 1028 2176 9506 1035 8149 4958 8735 3007 468 3674 3070 6406 8347 6991 
8323 6271 4944 7561 8312 2097 3673 8833 3727 6319 9588 5446 7538 8511 3208 1142 684 5706 2166 9306 8367 9602 5771 6159 9803 4430 8489 5010 7590 716 9756 2932 3593 2258 6141 2926 9329 6655 713 1287 1773 6621 8340 1466 6872 1030 3024 1859 8282 8120 4311 1407 2885 491 770 1782 5630 6856 4912 5148 1401 1640 739 4023 6912 6845 3146 4583 1493 6332 4761 6598 4154 9570 8993 2249 5395 3390 6074 1514 4354 4432 8763 1836 3155 9877 7028 9186 4034 9719 1313 8547 2332 6122 4796 3799 9244 1604 9098 4259 
8477 2535 5521 4511 8262 9436 1800 953 2693 9572 498 1512 8960 8144 4893 5196 6196 4832 7986 9166 4615 9105 3109 8872 8853 4559 2892 4531 1374 9086 8510 3095 821 4843 9451 9663 9657 3662 5682 524 6506 9674 6628 3206 8779 2112 7336 9782 4342 7433 2356 5163 4391 5855 9517 469 5601 5798 7287 9656 5797 8124 3600 3184 8383 6772 6131 6678 9414 8540 6605 2712 3431 7206 4887 1164 2399 6684 9110 9409 8079 3468 460 7466 2786 1873 2193 8103 5542 9083 1481 7076 5189 6369 208 4824 8695 5198 6702 3601 
6927 6572 4067 3876 4262 7821 16 2691 6690 4592 3353 5897 5818 3210 9873 3628 8118 376 7078 2 6931 6161 6160 3770 8562 1737 9226 7757 6837 9411 2361 3403 7050 7512 997 199 6521 4354 632 8457 5366 8277 2742 6849 1616 7148 7075 2590 3000 5522 6685 709 8058 2322 6279 8869 1906 1948 3575 6750 3182 5869 7822 1218 5945 162 8883 2184 9405 849 5908 2585 9209 8734 7046 725 2006 6664 3209 9747 7342 4087 8882 6012 9771 2231 7487 2735 7061 2119 3180 794 7035 86 8068 9847 1705 8873 8007 4959 
2683 4786 6110 1788 5627 4473 2944 4645 3212 5439 9280 9950 5075 1439 4146 6225 9903 7761 4025 1542 2451 1546 7891 6960 1384 5315 4104 5566 9754 7491 757 9933 1077 5769 6528 6689 8453 5070 3801 910 3603 5053 1581 2576 3329 8943 2744 1543 4565 7541 6837 5028 1527 4512 5664 9122 9324 4831 8360 5105 1324 5220 5983 6630 5503 2106 3567 5066 2220 248 5071 8952 4057 5670 5610 3346 3045 1548 5879 9507 8841 9073 3924 1542 4273 4661 769 1843 7758 2684 3790 8353 2238 8782 2274 9634 6935 498 8939 4372 
9110 3929 3126 4989 1206 1427 70 1956 6548 8852 1094 8597 9835 5885 5578 1534 5906 1342 1369 3120 4318 2386 5126 34 3454 3516 2219 2353 3077 630 8289 391 9525 2176 3205 3569 8845 468 2656 7366 4438 1858 7022 2034 9574 7468 5090 4098 5459 2605 2852 6073 4713 159 6196 581 7153 8863 1885 3141 6712 8535 7013 9520 9208 5844 3776 6731 3725 7456 7689 4678 374 3356 1945 7415 279 786 4764 4044 1971 684 8853 1315 2161 1185 7346 9436 3289 643 6145 9243 7518 3559 259 271 5858 8336 9658 8872 
3728 6722 9498 2100 9578 505 7866 6474 2919 4904 3095 821 4843 7100 7715 6850 1977 1935 4750 8197 3430 7205 6504 6245 6033 3585 7370 7144 9368 7329 4697 3360 6781 1786 116 5332 979 7209 3859 5487 9617 7677 2071 2826 8690 2858 4738 845 6427 8486 4489 4669 1239 1469 6168 8546 4926 6195 9810 3884 7013 6859 1661 1533 5556 4510 7809 202 798 8474 8104 1017 7283 890 9404 7505 3061 720 8883 8470 5598 2985 5276 8765 198 3412 1526 2036 8986 4601 4605 7886 9567 9097 8284 7322 1601 8966 8256 5874 
1213 3016 3237 6648 9778 7861 6326 695 3399 2481 5765 2482 3090 5817 8195 90 530 6768 4392 7082 3490 6611 6110 1724 9424 404 2769 9147 1981 9625 2148 9192 2296 4871 5617 9424 8150 4907 374 2767 6645 7066 7356 7398 2344 5280 1371 532 7896 9706 1277 2086 4085 7645 1999 8064 2006 840 3694 7168 6757 625 768 7016 784 269 6122 7147 1511 1407 2353 295 8265 8891 3018 1164 3163 1797 6689 1080 4890 7163 2250 7493 6904 3576 5324 8877 657 4804 3337 5004 5556 4158 678 1651 8547 8647 1541 1055 
3358 8636 6441 1534 3354 9652 8076 3424 6600 9054 1359 2926 6288 7188 3788 2533 6476 6787 6612 474 5551 2717 8945 2749 250 3059 3375 3800 1317 7826 4137 6616 6935 8369 6024 4056 4684 5518 9921 7640 2514 2976 5352 9230 3365 7671 6928 8218 6359 7636 4190 7856 3805 4983 4857 4392 1082 8727 5603 4567 2686 9503 172 1805 3807 655 2136 8796 6065 6994 2929 4406 6957 3342 5904 9642 6609 9624 773 5921 6919 3410 6970 8352 6476 6700 7008 6071 7395 698 1472 3839 2847 1466 3852 9967 9396 6742 8236 937 
9660 6843 2989 7313 4862 4328 4434 562 1141 5089 4370 7181 4410 2940 6423 7136 4087 9018 5256 7760 6507 2041 6721 5046 4804 327 927 8578 8293 7098 8712 2610 8611 5921 5001 9248 2024 593 8360 9428 3664 8031 7419 4730 7772 4534 932 6016 9827 1293 2804 3048 2736 3445 8583 6058 6819 9840 5856 1842 4744 802 3256 5402 3555 4478 2409 5183 8722 3816 367 9571 2940 8735 477 7631 5477 4991 8286 1281 167 8408 75 3571 7905 4529 9061 7879 3405 3481 1395 4919 9026 9941 9635 4451 7285 1821 6874 357 
2287 6483 8286 7607 518 2802 5166 9034 8293 9350 1151 662 7386 1737 562 2889 944 7181 4410 8663 3176 3281 462 76 2531 8915 6804 2960 4942 7101 6018 6210 6809 661 3576 4119 9628 7492 9129 4340 5108 900 7587 9000 9480 3203 721 5493 4626 7699 8708 364 499 623 9282 2681 3320 9994 7599 469 8235 4958 2279 7051 8142 9575 3725 5147 5178 5435 3457 8094 7622 4123 8783 4229 5653 7367 1662 6886 6646 3828 3540 9531 5652 5350 3859 4112 375 8972 8807 9910 6211 4088 3515 7292 4033 768 682 766 
1988 4551 9037 8904 4946 2378 9231 2053 6018 8531 3723 7625 8529 2872 7566 1847 2639 995 227 6578 5254 226 1258 3535 2018 482 5936 5927 493 9225 8593 7278 2607 2649 2569 7205 4993 9967 9808 3257 9065 1791 2458 61 8142 6401 9418 4570 9754 7885 5727 690 2810 2090 8070 186 7370 7866 7284 9862 446 2536 2562 4837 6606 8378 5947 5128 756 319 7410 9086 552 4269 1395 8858 4896 6713 5791 3994 250 5019 1923 2468 1375 5663 5110 2649 1788 6659 6767 8759 9214 7987 8538 4471 5998 1929 6247 5095 
330 7368 4257 1007 5478 1550 2690 9481 9651 5076 9268 1197 5837 5403 6589 6823 5265 6278 2377 4298 7254 5373 6801 7808 3287 5476 8417 4934 5549 9989 7835 1291 1457 4480 6951 6741 6587 4780 921 4067 2656 9737 1121 7734 9219 140 9272 6653 7044 8742 2683 9771 1245 7573 2885 9593 3820 9521 8519 690 8070 3660 4067 3670 7284 5686 4906 8664 824 2080 9030 4295 3654 1659 9486 213 6581 1908 2984 519 3631 6845 3696 8124 1304 7366 7699 1682 3709 2043 1751 9398 9941 37 2597 3419 359 7555 3607 7892 
3862 9501 6524 5793 3215 9248 4243 6375 8360 9428 696 5845 3637 9090 6440 7865 4109 2343 787 5142 2347 1616 2487 8612 142 1306 6543 8533 6271 27 8618 9548 5114 8995 3333 1933 5820 6665 1100 5642 7412 6363 359 3676 8562 777 7315 4008 5900 7542 4834 711 4160 4168 4427 3637 8336 3113 1112 7219 273 677 2722 9527 494 4446 8768 4337 3426 6451 6203 3097 6947 7042 8990 9094 8524 3984 1008 1643 1582 6246 9954 5103 1034 9485 4839 3329 4362 6696 9091 3018 2391 731 9293 8054 3885 9332 2086 207 
9725 8865 1615 7497 4611 4140 702 9596 9450 4570 6316 1312 3676 9474 6098 128 6885 2241 9512 1313 4825 8872 2527 4571 6310 1166 3211 4609 6400 3093 1978 8282 9306 1542 1480 3554 9481 4552 8020 9875 8205 3016 5076 556 1505 2646 8121 9146 1588 3542 3884 5964 8473 5025 1933 9791 7457 9331 3763 7327 2293 9791 2328 4708 921 5839 5302 1294 8555 5212 533 28 4840 4480 5038 827 1825 8385 3874 693 6122 9773 5728 4621 9323 5012 2320 8991 6887 3909 4860 8021 2874 7740 8923 5315 3572 5741 1382 2656 
7694 9820 288 5669 6372 1679 6496 8197 6416 371 5243 8890 6496 971 3512 2171 2335 2184 1162 5575 6093 2374 3596 5319 6467 2520 6391 4613 2307 8188 4328 912 9110 396 4721 5568 4051 6411 9296 3715 8614 1069 3561 5715 2770 3096 7950 9473 2301 2866 9677 2518 7112 7160 2292 4135 4374 8179 1832 2501 2215 7035 9347 9319 7246 837 6313 5776 7976 4721 5968 7777 7305 9152 6126 7255 1298 3967 2293 8126 8764 3052 555 7428 1382 603 9099 1540 528 5879 9730 8400 3677 6930 4932 1437 3876 7315 4859 5689 
9225 4586 968 4538 4726 6853 5594 3685 9095 9667 5765 9691 2240 478 8537 406 9239 3409 9093 8299 3346 2592 4498 8956 4070 8995 3246 612 7088 6751 4677 3494 4493 625 1531 3502 4238 9368 9415 6825 1293 131 963 6995 4857 1764 4392 1082 5226 4567 3800 9503 3807 6786 8121 1690 6270 3591 8817 2948 9141 2601 9313 8069 1207 463 6590 8940 5922 7649 7614 3015 746 8796 6065 5253 2929 6957 7487 1499 9642 2784 773 4502 3410 25 3611 6373 4904 8060 4296 4655 6100 9130 9778 8842 22 4706 4578 7324 
9977 7586 5246 850 1545 6620 921 1016 2740 3902 4311 3117 995 7161 3122 8124 1749 6894 9031 6984 6269 5183 7115 6719 6488 3072 9693 7114 8188 5742 8417 5015 8830 8865 5380 316 6165 5063 9597 6619 5340 5843 2344 7950 2266 4581 2002 9603 2993 2836 9149 3268 2461 3001 7582 3367 4503 7601 4859 7777 7022 9456 8872 4422 2770 9611 2434 5547 4669 2707 2331 6312 20 1919 2941 1066 9424 4085 9063 6434 3262 3313 5489 1197 1791 5011 9630 1048 9826 7249 8713 8456 1852 2725 8236 2408 3115 7586 2917 2068 
6671 1550 4154 7264 4549 1444 9025 4361 1663 7760 2043 8938 6709 6381 1464 3635 8539 4704 364 6781 5459 5152 6108 7008 9163 7486 703 6991 3821 1108 5421 5241 8333 3145 3536 2402 8168 713 5029 7461 9247 1250 5770 5326 8474 7645 1232 7949 5916 3462 2830 9032 4267 1965 9964 7171 1857 1358 9147 7938 3840 2676 9938 9240 2360 444 3354 5131 7270 9073 2638 1929 6170 5747 1050 4936 764 8641 4657 4600 7551 3742 556 4229 4727 111 7406 2552 9799 6828 1702 2488 8301 8374 7194 9862 5573 118 4478 3953 
414 2089 6901 9750 3345 8306 1490 3395 3809 2679 7634 634 2832 1020 2511 4840 5001 1879 1194 3327 2906 545 3866 8745 4592 9729 1746 9958 651 1985 5930 7721 2026 6935 1601 254 1342 5611 2956 2053 3991 8129 4529 2928 5205 2356 6643 2192 3944 6495 4014 2447 5995 4308 3617 2161 2209 3476 9608 4415 411 837 7051 3586 9557 957 7549 4826 3896 5505 7155 1532 7679 1547 1120 2049 2973 8100 5259 4701 2198 533 5833 6349 8262 5872 8313 3200 6265 5359 2244 1735 6980 9682 8307 5473 2568 1606 4909 7990 
7388 2144 2006 9971 3988 2382 3697 142 2231 2835 9021 5897 7903 6500 2464 9615 6018 7503 488 8476 7292 1686 2292 4969 82 6595 6515 2605 1915 9346 7710 300 1694 7527 1986 2963 8359 8302 6404 5373 8204 4313 1129 8463 8575 6708 1706 7556 7457 2658 9407 3116 1758 5554 6584 1868 498 7843 8278 1394 2490 5059 9494 5620 7251 2482 5005 1801 5723 5111 5241 8027 3922 1971 5968 7802 3957 8196 5781 883 8756 1471 3742 3409 7885 9573 7446 7553 9550 2524 8288 9653 7014 366 3151 5641 2899 7545 1366 1121 
3142 7297 7140 2926 5825 6191 6452 5111 1676 3295 1022 441 8277 9917 1184 8664 3568 8183 7232 994 3154 4275 3462 3877 4944 3440 7641 2085 691 9679 4768 331 7117 8984 6525 4118 678 7707 3656 6594 8904 5187 1182 1555 3287 285 5114 6288 183 1496 588 5613 9300 233 4596 3080 3483 3004 9920 9424 5934 5907 2273 1358 325 5762 7255 9997 2593 8034 7192 4801 8994 414 5973 5238 1992 4612 7827 8980 7535 8555 3322 863 7186 9678 32 2710 4906 3286 2426 5307 5431 8969 8929 9230 758 2699 4286 416 
5063 5245 7996 1200 6940 1855 9987 8178 8821 348 1409 7560 4506 7011 7066 2855 5671 6066 5765 127 7075 149 1520 6551 6224 2296 6071 7876 2698 4233 7418 7864 6534 8513 4908 240 8597 5915 677 2711 3588 232 3465 7947 7786 3371 9576 7984 6925 1917 2070 1493 9484 7568 5630 3782 5516 9468 4599 6589 2541 4657 9706 1372 6260 5545 803 4228 696 4062 7922 9153 262 8991 9651 4619 5955 2374 8162 1099 7476 3982 1928 8792 4967 5939 3650 8891 3405 3721 6249 7803 7398 1378 5029 4145 7551 7550 3986 2409 
730 76 7044 9970 201 874 6551 6208 9571 3706 4086 5472 3108 2851 7207 7318 2052 4273 4038 5022 5301 9683 8021 8063 9887 8230 6625 1648 9583 7054 5162 7529 7629 6427 2022 4024 4006 3586 3116 922 8127 3431 5157 5047 801 522 645 849 6015 8442 9313 8795 3809 6106 357 8111 7332 6270 4739 3557 2670 5928 5124 8699 7330 5708 1112 3777 5209 8386 8792 3843 1741 1399 851 6466 2074 473 9005 9253 9936 2337 7106 6593 7803 3777 4971 6775 9337 7781 6095 2585 7463 2195 5819 2158 9215 2719 693 1951 
2688 675 492 7348 1177 8058 5571 9161 4021 6972 1183 9171 295 9222 1627 267 1775 51 3361 3734 981 1284 102 7156 5747 6291 7126 4574 3134 4824 9014 1687 9136 4604 4799 4573 4669 8103 3274 5828 8084 7323 4944 150 1526 3455 8482 8232 8805 5860 586 222 2328 2978 7866 6128 5864 6629 2340 9678 6441 5284 4917 5576 594 8618 2186 5445 185 6888 374 2186 4755 7807 3606 87 9489 2729 7274 9848 7081 4668 841 7471 6856 2934 7001 9731 467 8861 716 314 6164 1969 7560 4720 7259 1677 9094 8477 
4327 2633 3205 4898 5417 3578 10 6589 1558 4296 6009 7141 8931 7698 8037 2694 5074 4374 3916 3217 5996 8187 4937 5207 678 9088 6372 1460 1460 6509 9827 2214 5319 5936 2908 836 4679 6651 8362 7690 6387 1317 5379 3892 543 7371 8228 424 6145 8994 2531 5880 4809 6254 6171 7264 8248 2230 4421 8302 664 7570 9521 1772 8301 8900 5069 1956 9052 7814 9506 2105 908 5084 1032 9520 1107 9703 8596 8988 5399 928 9531 5624 6573 959 93 822 3269 2932 9343 9493 177 8502 2185 7798 793 1412 5703 9415 
6350 4178 4114 6149 4617 7252 386 1818 3462 6867 1841 6458 6611 7029 8735 9507 1210 5465 5433 6073 9874 5526 6736 4404 9869 7097 4249 3946 2766 4809 4361 8657 799 1819 9066 3716 8003 4374 9848 4723 5870 2251 3631 9991 7029 7552 631 5354 752 810 2543 374 1819 1810 7750 2508 2749 9380 7455 235 3279 5539 6622 1278 4235 2496 6306 7035 6648 9866 4152 9691 7017 3654 8416 2623 2601 4155 2595 8814 7478 4495 6209 353 5122 2824 659 7741 2208 1022 534 3095 1393 5662 4675 7925 4330 8274 906 1440 
3799 198 1591 6835 1908 2292 6300 217 6727 2819 1232 8531 1082 4015 296 5152 9770 1913 5194 2904 3757 8300 5362 2340 7749 2280 768 304 6060 312 44 2271 3076 2476 9723 6380 3171 3021 7838 382 4869 2156 785 5005 4320 2255 6407 2745 4503 712 8905 2086 9231 1776 5429 2816 2920 6444 9235 6072 3941 6757 9269 6029 5479 2712 2397 5107 8661 1982 6941 6198 540 6560 2006 9640 4578 7929 528 3029 4148 5173 1783 2378 8909 5256 4451 1102 4725 5439 7983 2436 921 9009 8088 1397 8997 1695 2176 501 
8589 7301 877 2954 4898 2555 7998 1652 6160 7356 1288 3902 4484 2118 9194 7450 1429 9026 9555 6378 918 6741 2652 8055 1488 132 9820 5477 1825 1027 6172 2252 8159 5395 2197 3688 6908 6766 6196 7657 3061 4390 5298 3102 9753 9156 9374 928 8765 6768 6273 4366 106 24 7277 5642 9461 2744 226 9291 145 9 2564 5646 4308 3505 1608 1980 2091 6403 7332 7064 3896 106 3757 1572 3583 1178 4667 7608 5101 7325 9194 769 1866 1798 4219 8859 394 7750 7617 9743 988 6087 7159 462 3745 3140 149 2439 
1761 581 8717 4620 8593 9089 6657 4858 2271 9438 7076 864 8270 3698 5433 2353 2845 3036 9710 3978 9426 3226 6821 4390 1987 7241 5853 1426 4251 8120 2113 5129 7891 7020 2193 1594 4273 1849 395 3698 7225 2923 9666 8269 3901 5352 2925 5984 5942 3661 616 2686 8566 6473 7501 602 7657 9279 8493 3102 6312 1522 4566 3547 5592 2585 555 6557 2398 3526 5016 4721 2013 8163 9567 6982 2819 3694 3052 8174 7698 9605 2814 4795 3626 6714 2382 9573 986 4542 6339 9045 8829 5785 2238 7115 3005 264 8653 1511 