8682 5860 1909 8056 7590 4617 1870 8366 2602 1785 7050 3365 9252 6017 303 9427 5010 9946 4145 8925 4846 5270 6465 4646 6583 37 6414 3972 3706 7493 3791 461 5940 1345 4630 6680 373 431 7924 6979 8068 3792 7782 9068 4813 9587 8098 5068 5284 2613 4020 9737 3926 6781 6557 7509 6276 2592 9921 8886 8931 6935 9045 4845 6119 6525 928 6934 9698 2884 4164 9759 7737 8843 7215 2517 6679 7990 4596 9052 8851 4066 1584 8889 1230 1917 456 8143 619 4769 623 8685 3534 5358 4560 6283 4472 2166 8240 9203 
2737 8989 4429 2600 446 3918 2267 5164 2221 380 5936 7328 2504 7755 1330 4980 8206 2229 9012 2879 3220 7736 8206 5557 1505 3494 3492 1360 4179 9782 6366 2767 390 8847 125 2427 2786 6934 5892 8659 6577 6683 1655 2374 8594 9063 4832 5986 3752 7189 1480 6968 2254 8660 7301 7116 4579 3889 5209 9266 5330 9698 302 8962 312 6976 8448 3985 8419 1484 2123 2287 8955 8480 9543 8260 9971 2087 1460 6629 1839 410 6042 8041 5305 3598 2736 3199 4966 6772 9687 5160 5246 5600 265 3093 4675 4782 8013 5131 
263 4008 5062 1809 9251 9236 2465 419 6002 4750 4195 7413 3196 3783 3164 4816 9361 4947 247 8658 5509 1743 2970 6341 8649 8359 4855 767 5806 7203 1370 8754 9482 6533 5642 8396 7186 5575 3369 662 6078 2949 59 919 2975 7433 6166 8449 6490 9191 1019 4389 304 1847 5916 8489 6578 6039 74 5885 9759 8835 6170 4167 488 333 60 8938 7599 8881 5507 3175 3205 8014 9569 7344 1361 6050 5089 1347 9625 1293 1367 1877 9690 1719 3553 3751 9384 3674 4801 6278 8741 8652 6093 2583 3441 2354 718 9347 
4229 5345 1593 5810 9848 5554 7302 5275 4393 9966 7647 1246 9858 9858 4733 5246 4362 5225 4587 6208 7009 991 6249 7248 7514 1637 6146 5389 9366 3802 3477 1006 5964 3702 573 6587 8976 4690 6154 6451 2479 1314 3664 9693 8855 7514 4819 2350 9884 80 699 6169 8828 6046 6679 6891 8032 8373 7811 2045 8336 6781 3859 5292 5946 3343 7268 2418 6153 2900 3957 2474 2784 6335 3019 5796 947 4177 3182 5629 3852 550 9818 4751 6510 7862 3070 2007 637 1727 8748 5669 4269 897 6135 5067 4092 2335 3465 8197 
5447 5997 1104 1756 8966 1447 3454 8919 1533 7304 7797 8782 6422 3177 8069 3826 3987 5547 2416 9874 6256 1902 3321 2150 8474 9732 1195 6734 8618 2568 5973 9915 7057 6040 2020 5860 8056 4617 8366 7050 9252 1959 3786 8105 4145 9204 775 7466 7923 7617 3716 76 8525 8835 6465 4622 9647 5118 4779 1633 2414 1293 1799 8120 9653 4289 3497 8220 2884 1812 570 9829 4616 7918 55 735 6628 7617 4327 6401 5366 2962 5381 2840 233 8942 2658 7995 4525 6217 1833 6445 431 9173 4188 1907 6032 4789 8104 834 
1992 5106 6971 2657 736 6150 280 8965 9466 5837 3927 3626 5439 8421 7386 6167 2929 9802 9069 4304 827 609 2687 9928 4758 9589 1936 9377 70 4571 1800 4296 1475 9122 4606 8385 8038 5882 2067 3007 8528 6631 928 2563 4230 4493 4182 6638 9511 2531 9765 344 8058 4541 4902 4595 5302 506 6312 5097 3271 8913 5497 4855 6291 6186 4479 6619 4760 2119 6277 140 592 8128 7407 916 4997 325 2723 8717 1807 1885 3433 4995 3726 2965 8168 3099 2396 5799 8197 3324 2445 937 2234 5621 1984 1387 2104 9160 
4194 7102 9485 1292 5154 6416 1078 149 4043 4669 9593 924 4528 9216 4362 8892 2736 1651 1126 8357 3111 6096 5069 8623 6642 8109 9911 4342 5753 5066 7110 6831 1567 874 9550 9654 4078 4315 5223 4369 5029 7105 6680 1594 9645 1057 4263 4714 9680 817 7579 9895 2235 4689 6726 4646 3953 4197 8750 2771 3973 7801 4440 2454 833 6034 478 3443 8532 5192 3124 5789 4781 7265 2958 2360 3512 1545 3402 239 8048 8597 9000 9545 3225 1771 8574 5924 4311 7380 6758 345 1649 7236 6533 8675 3562 6882 1633 2275 
395 3179 2029 6986 4879 6429 7530 5674 5027 6530 5220 4604 4653 9530 578 6910 7336 6099 8560 4572 6240 1445 9705 120 3268 1754 3134 1285 3924 120 2516 353 8190 1732 532 9762 6336 4853 4254 2777 9452 353 7689 4024 5486 2450 5607 3350 5190 3713 5245 8324 4998 4797 5874 2056 5684 1819 295 7222 3024 6162 9338 7278 5291 3984 9166 8466 9248 5732 425 8950 7274 547 1950 6068 6747 5706 8295 1899 2254 3935 5934 2549 1157 8958 6847 6706 2924 9686 1155 6206 4505 6756 1282 5706 5564 1773 6254 7514 
3537 1475 6101 1743 1122 8668 4812 187 8282 384 2171 8516 2938 3268 9445 7100 2901 1178 9893 3261 2066 3583 4896 986 2790 8906 9477 2240 5973 6697 1800 89 1705 3012 8696 4963 1118 6466 981 1277 8066 7783 3741 3836 7511 5068 6624 2658 9488 7212 205 2691 5357 6475 8404 5899 6030 8634 8555 2530 2592 3025 3346 9731 7857 144 2038 510 8287 5116 4206 1164 38 4200 646 3249 3571 1063 8139 7573 6744 6754 9611 67 5377 5125 3665 9016 241 9574 7985 8684 7466 586 7057 8678 8359 6040 3705 4843 
7258 9076 2020 8682 8056 7590 4617 1870 8366 2602 1785 7050 6017 6355 7600 1253 8718 2707 8342 8439 6760 2468 3783 3530 9905 2661 7069 5287 5503 4405 2230 7036 397 7235 6967 9543 8583 7726 7950 3355 8231 1159 4540 9883 2392 5698 3649 2377 1528 8153 2039 5230 1581 7045 4731 8021 4699 3901 5884 3782 9195 3783 1591 478 4816 6500 5988 6130 6 6509 9989 7950 6782 4951 154 4126 4766 5682 2652 7170 7279 9323 8584 7674 1958 516 8267 9413 775 6190 7396 7118 287 1980 2766 5895 125 2930 9625 8250 
2957 9119 2656 6734 4294 9572 3581 9697 6511 2791 2872 540 8178 340 1730 1047 5011 818 3269 2824 5596 4362 19 819 2438 8652 9085 6738 6764 199 9853 5984 2750 7948 5189 1788 2938 3382 3332 3865 3036 5369 9817 3257 6789 3412 3776 9456 5659 739 8798 1906 9608 7265 8126 65 835 5977 8645 4053 1874 8768 9891 3730 7179 6787 4323 2724 8767 2434 1824 663 7862 1393 8180 8855 1286 6750 8645 6282 3025 9347 81 4651 4035 150 9026 8207 4575 7347 3463 3446 7522 7430 2389 2827 217 352 3309 296 
637 4280 509 347 8329 9642 5497 5331 4957 3591 6084 2621 9658 298 2862 496 1043 5648 1427 9710 1984 5914 7209 1379 3385 2315 2229 639 1137 6872 5864 6556 8613 3136 6939 148 6980 275 7389 936 3519 8532 8112 3284 8628 570 6406 5987 7674 1995 5515 2983 206 2773 8121 3021 7807 3704 5921 8746 2943 4768 6854 5003 708 3753 4493 7660 4469 4596 1791 2357 7239 547 9870 3215 5741 6592 3142 782 9706 4085 1999 8064 2006 840 7309 7168 6757 625 6092 6383 6915 9729 447 885 8853 3068 6607 3913 
268 708 628 323 8187 2582 6127 5794 4755 7118 4207 2479 6610 9397 8240 8898 3211 8494 7546 1569 9055 3716 4620 5760 3681 6109 7704 7339 1471 1590 9261 3433 2798 9688 1128 4255 7262 736 3311 3322 84 8285 3634 8395 2011 7412 4984 5241 2836 4926 9808 2206 9567 1837 2479 1319 2942 5974 9299 7628 6808 1331 8162 7557 1498 8885 1640 9655 7206 8539 6013 4780 8844 8635 694 1496 1762 8611 8256 6187 3474 5442 674 9639 1368 410 9094 7661 6431 5475 8551 3383 9427 9255 9856 3073 6905 9502 3449 2493 
4987 9475 6681 5097 2461 2942 6080 7029 7052 8843 6967 338 7349 632 9829 6332 1762 7565 8010 100 2090 3685 1081 2599 2564 6298 295 8370 6165 6894 4317 8480 9629 7043 8726 783 7366 5909 888 3288 2389 9552 427 2605 7763 1893 9259 1720 6889 9800 9346 7228 1268 7535 6280 3220 8479 3975 3234 5544 6268 7459 6068 4151 3157 8124 7731 9393 612 9618 6892 6982 7698 6322 6178 9555 9854 7353 9182 5544 9685 9394 1860 7319 1143 1411 7548 3455 6614 7612 6794 5297 2952 3395 5818 3839 1387 937 7957 3937 
5665 8865 8441 6978 8757 6415 8851 3141 2959 6574 7292 4012 8144 3905 297 741 163 6491 6979 9875 4970 5242 7656 4386 4355 3340 5000 2820 6478 3775 5539 2319 2906 1148 920 3725 7783 2910 1753 1756 9146 5235 5847 1664 4570 2295 9397 9271 3033 8623 124 2958 624 3275 9894 438 1888 1294 6332 8831 7821 7618 1734 5787 8228 2008 2565 6371 4060 78 2894 4048 2359 3036 1219 4962 7034 2239 7715 4588 550 3215 3789 7538 3284 3960 8436 9315 6727 1071 6650 1686 475 6903 4537 9474 2830 3972 9929 7888 
4809 308 5362 3834 4501 262 9038 3391 4253 1741 7707 2664 58 2998 5876 7012 1760 2144 7438 2260 8350 2155 5115 7590 9996 7205 5613 94 5515 2746 1198 9881 2431 5504 9801 8264 6197 7105 1156 5666 3329 5865 9502 6721 4002 7178 8618 7326 9804 9616 9364 7910 9251 7266 2211 6292 7586 627 5451 6046 759 257 8770 3086 9742 4159 8917 6295 2944 9280 8501 4906 3211 4409 2839 9055 6509 1614 529 3265 4968 2302 8240 3647 2757 4494 2969 93 6094 2815 3753 602 785 3617 6189 9025 9148 2865 9354 5553 
8798 531 8237 638 2940 2030 9139 4276 9054 5726 8694 4139 8568 3475 4046 3338 4299 1602 8038 5065 3452 6737 5294 9119 60 3233 1671 5445 3492 6368 1011 5979 7467 8314 1912 7743 6767 8759 8052 5525 6265 6247 24 7090 9756 1875 5954 4704 1210 1555 3250 2398 2004 4500 3048 8141 9205 7269 4136 877 9640 7997 1664 1596 9275 7372 9439 9755 7764 4258 5135 1441 7885 4131 2082 760 4691 2350 8785 5265 5619 4474 3795 7822 1803 8491 505 2819 7983 9820 5921 3361 3316 2903 754 7381 2248 397 937 850 
6293 6912 1416 6845 5351 4583 4572 921 2549 4154 4299 4480 8790 8034 149 1769 7842 280 8753 5926 6764 9541 2704 9623 5392 8506 940 1269 4057 2090 5217 8285 7308 5518 8631 7333 7640 7569 447 5352 8659 933 9230 5180 2488 3189 5560 8903 9616 2838 4372 7045 3109 5469 8474 4714 4432 2858 5390 5762 1805 2222 9533 695 9989 3211 5446 8868 3024 6798 9532 472 2958 7774 295 9311 474 1869 510 3823 5108 7987 8331 6726 3863 3583 2214 7059 5497 1698 1846 4697 4083 4729 4493 5728 6767 4194 8759 9788 
7305 7489 5812 6247 7613 4265 4469 6616 6994 7899 4519 9282 1332 4928 6797 2487 9276 1322 699 6234 3570 4624 2496 1345 4436 6962 1213 3349 3048 6187 8378 7451 5128 4200 5414 4524 2282 522 4730 8129 3576 9936 4834 9848 3869 9097 9054 5793 636 5028 7847 733 2723 5544 2671 3594 5603 5875 1293 8858 1076 472 2958 564 7299 3319 4231 1662 3754 7465 7215 5228 5231 7873 2545 1302 4768 2155 9143 9573 5669 6354 6341 2329 5863 5685 1449 2500 147 1006 8537 7398 9603 9245 7250 40 7032 2808 3228 7516 
4134 6543 119 3576 9351 127 7377 2697 2610 1976 1866 7811 5895 5529 3461 6158 3016 5232 1344 5943 5968 8136 5905 8073 3705 6000 8549 7413 5169 981 3896 3427 5751 2074 6133 6097 6998 6835 8028 8880 7199 3851 1867 7834 331 1755 4436 9314 6962 6797 2013 6861 9856 9338 2946 5437 5539 331 3236 3209 1284 7678 6962 3349 5649 9512 5404 5192 3628 6111 6300 2410 7667 9355 5852 2029 4444 3328 411 319 4569 4958 3495 7560 7118 2524 267 5095 7706 4280 7760 6616 6994 4570 5906 280 897 7652 3127 5425 
2253 5243 5059 4950 2894 6774 1854 3676 4391 6045 9808 7779 4111 5625 5357 1630 1137 9837 9865 5876 5770 6063 9516 418 9358 3113 7771 6620 5481 7027 3586 134 6904 6262 9371 2344 2872 4667 3145 6578 5329 6374 7728 4235 1520 1788 1521 5475 5048 2119 8413 1947 3898 2042 3206 4076 121 140 6144 7031 1732 8528 5412 2344 535 6408 4617 9279 7619 115 9428 7390 1133 1146 6823 2536 5523 3905 1 5172 9024 9258 2618 8640 320 3570 2273 9975 3682 7575 8276 5521 2148 8443 8763 9947 4374 1991 4061 669 
7413 1490 5169 4733 3896 9737 8880 9485 7876 7734 3328 9305 5119 9375 6202 8470 8196 5020 6595 8277 7218 4055 5113 881 632 1064 5221 1504 8376 7956 1212 2934 6535 6563 6743 8136 9016 9540 2533 1120 3039 9306 3615 6432 4236 3084 272 4101 3890 5153 5205 8244 3903 7105 1323 7972 2113 5897 2066 9352 7148 3160 347 5259 778 7658 9085 7484 1872 8214 5863 4114 7518 7726 4769 2998 4879 9213 7497 3323 1538 6503 441 4959 8134 8347 5926 5821 6156 98 1321 807 6365 1532 1441 6672 1284 5514 5055 9848 
7585 2714 6530 3596 2789 2332 8131 8843 6461 4288 2214 5791 5663 3994 250 4395 7473 4083 2649 4359 4493 5728 4309 9655 9534 3559 3169 9653 7792 5769 1935 7658 2689 6197 3835 6374 2170 7001 8962 5486 9718 3267 7658 4314 5501 5658 9697 1143 4543 6705 9155 4767 7374 432 6220 3931 3842 1879 254 878 9951 1268 1218 9812 6944 1422 3305 5121 6441 871 3157 5401 8309 7992 106 8120 7565 6176 4479 8980 2048 2517 3763 5406 3808 5669 6274 895 5709 7084 6285 2044 4784 4371 4437 3968 3920 9167 3367 4232 
9311 965 2382 1753 9834 4605 9554 6633 5004 3596 1778 983 4620 6421 1027 9957 594 9331 9043 2167 9398 1163 8834 1652 3565 2303 4729 9593 631 9794 3411 9615 3012 527 2519 4887 5863 5983 2846 4954 9715 9460 9075 8080 8607 7340 4350 8172 2412 7684 530 7098 6814 8713 1753 2426 8583 3748 1216 9470 1964 5435 2662 9174 7858 4238 5138 7157 5937 1459 772 1814 9330 8319 2897 3240 9004 9474 8505 1390 5052 9368 4263 1601 2144 274 4140 4907 9496 733 2801 6085 9554 6144 2342 2957 2130 4246 6526 6788 
1549 9612 5375 6146 3727 7854 9856 6875 3285 4970 6265 919 2559 9927 1144 7409 1340 7140 1632 89 2016 1276 9563 8690 4567 4657 4847 7994 9711 2538 846 4615 6086 6879 4135 4158 2332 194 2567 837 3724 5621 604 8865 8675 2435 1450 5683 9349 438 1639 5179 8496 8935 5015 1307 977 4958 6594 2382 6337 9688 9786 5340 5989 4934 9115 5506 7384 8500 514 5630 251 2702 6960 8316 7250 2497 6536 3930 4077 8347 9390 7011 7505 2341 4422 8873 9149 2958 7006 2165 8853 5864 3332 621 4562 8985 5905 5071 
9485 6088 8634 5398 5962 6278 2842 7852 21 4743 5069 4384 4144 6116 8593 5580 8060 7251 2012 663 2580 6618 5882 80 6498 3543 5630 3661 7816 1083 2105 2241 8555 1224 9486 1446 2067 3442 4193 6502 314 4296 8059 2581 3515 2210 4458 5647 516 7893 1944 9140 8221 7359 9180 1869 9231 3822 2783 5655 6173 5303 2537 6193 7474 2813 7309 3105 4249 7018 9409 8574 6224 4013 2664 5769 991 4270 3389 1242 4796 8260 9207 9452 157 7121 9433 9675 4347 6889 5397 5763 8445 6084 4937 6113 1693 6610 2465 7081 
9196 1582 7953 9455 725 8062 9346 4432 5992 6815 9337 5056 9049 1812 60 8599 5721 9804 9200 8286 9711 3118 2448 4794 7720 4505 7212 6022 7272 228 6384 2537 1806 9098 8060 1109 4124 4311 7242 730 914 6043 3866 5433 1628 3007 4242 6602 2767 9997 2786 5211 497 9305 9024 2724 7835 2412 1056 9659 8051 5149 795 7410 7422 9969 6306 1434 511 1004 4669 4147 6718 6438 675 5736 5859 2127 3636 1757 6995 6736 2622 3352 2692 9908 8406 9084 4253 2850 4247 3171 5277 3813 5817 6918 6168 555 5543 8890 
5888 718 2332 1534 8809 9835 4088 6081 3691 5792 1422 9833 2354 215 9926 9491 8905 209 7589 4856 8095 5318 3665 5889 1505 7233 5594 326 5202 4017 806 8253 7874 2298 6792 7393 9906 984 6884 8812 3058 3445 7914 8919 6713 8030 8034 6600 6346 2683 4405 7971 7432 7948 5922 1213 8428 2477 5675 2290 1346 4419 1634 3524 429 7425 5802 1513 2147 9320 883 9306 1821 463 9087 5434 9853 8515 194 2039 4072 4571 6207 1329 3584 8593 9824 3865 392 1268 7586 9440 5121 5513 4506 4827 8025 5023 1531 1220 
3857 3297 1456 2954 6577 6129 5680 2725 5586 8312 7475 9176 8925 1330 7721 4204 8236 6048 9660 3843 9930 7127 9749 7437 9 1732 5914 5781 7720 1379 9241 2342 5097 6865 8525 8469 6608 1423 332 7475 2572 9084 2552 6445 6037 2092 2142 8699 8955 267 3815 6447 716 6632 2087 2769 9189 59 2439 3978 2555 8046 5916 2869 7586 4899 2178 5865 3879 6919 7920 9575 1858 5885 885 1219 7273 349 1475 3983 5199 8703 1668 1932 819 6550 6557 2495 8692 4646 5323 4839 8413 8334 6212 8505 2351 7742 2944 5071 
663 2262 156 7703 1972 3610 2992 6895 5337 1498 6495 2045 1913 2917 620 2890 6277 8005 6104 3606 8943 4579 3162 5207 7738 1784 6767 9491 2927 6165 3173 3234 3169 6646 9463 901 4592 2073 1187 9605 5994 8254 9147 6777 6296 8720 7196 6833 4627 7839 9808 2265 5045 9065 4670 7178 7153 5107 2842 7088 8298 3613 2608 4758 4977 7388 5590 2777 544 4660 3209 5379 4847 4319 5759 3147 6069 4910 3917 8731 3675 2815 9891 6925 4083 9350 2811 7313 8551 5446 4893 9036 3016 1050 7130 4147 2583 3148 5625 1443 
6164 4476 2367 326 7728 5645 4581 2267 2684 1083 8116 4258 86 5439 2305 7586 4189 8340 3871 6476 2769 6473 7920 1918 8567 121 5053 7480 1923 8556 3058 3744 3371 4830 8859 6780 4602 5900 9897 8294 3033 4823 9062 2806 5342 4074 8963 9980 9757 4542 2733 5766 4820 3978 7371 248 9211 1982 8175 4282 2219 9482 691 5586 2773 2038 7611 6745 5414 4779 5662 1155 9236 9462 7193 7927 5034 6204 1115 9873 8390 6094 4113 1671 4452 554 6564 6728 8358 8510 8736 4408 5818 8291 2978 193 6723 6393 6149 5974 
8211 7099 6788 5134 7881 6275 7726 9869 3420 8590 5438 7342 5553 2729 2746 8006 6707 2879 1467 1800 5290 5052 4039 4945 8646 5733 4582 5098 4799 9388 2789 2423 853 531 6119 5036 7145 1718 8542 4930 5929 260 7686 7860 3433 2896 4629 8661 3291 4814 2333 6406 5072 8776 7440 4555 8088 693 5192 4700 8147 7904 8584 5615 4518 3730 6768 5057 9642 9889 6597 4394 3965 4473 2112 5413 3684 4554 3250 757 7441 5962 3461 2621 3016 8015 9970 6548 4205 9309 3176 1269 5704 3931 4641 8248 3783 469 7630 4632 
4987 2894 7971 1280 9729 1437 5838 8978 2185 1400 4391 3191 9808 4717 5625 5357 7547 9865 5876 3629 4372 418 3194 3658 7771 5481 7027 6065 5229 1940 6933 1951 3704 1326 6440 4440 9053 1814 2364 7490 7560 6387 573 8830 5936 9622 2076 471 8610 6083 1587 7024 3401 4557 1559 6922 5433 3204 7040 5247 5611 9092 4607 6256 9952 1311 8995 8237 4178 4173 3800 8323 4644 2410 4406 520 3997 7783 3751 2340 6173 1607 9006 3206 8907 4618 3514 7226 8603 1177 6222 7733 9414 3980 552 8231 3312 3850 2704 662 
4929 3296 1681 5080 6883 2233 1467 3149 2922 1213 6698 2640 980 4883 3051 8733 6982 954 9820 8787 4200 7494 1214 8775 2314 6054 456 7394 2937 9041 756 8155 6319 2621 2187 3065 372 3005 5213 4940 6441 2431 3267 8048 2632 8868 9598 5536 8710 964 6298 7888 8733 8332 9594 3913 6433 4631 9927 9223 3629 8768 676 952 9062 8599 8885 7641 8106 3503 3947 5003 2210 6354 3371 9626 3577 9885 9708 810 4934 6456 5950 4991 67 7175 3149 5398 5741 4057 5707 5210 7578 51 8600 2394 4312 1951 1845 5734 
558 7200 2246 7511 2857 5024 3343 9281 9138 5463 8431 7281 8989 9595 2363 1824 3996 9720 7975 2446 6459 5235 802 2487 2643 797 2952 1829 3486 1010 4606 9127 3865 6107 8460 8027 7797 1562 9044 7890 3617 3030 9771 4386 5035 3307 9492 7418 5343 800 9837 1955 1304 8845 4445 64 1690 7668 9026 6972 2001 3857 9074 8505 6518 1801 7084 5571 8634 7663 4711 9617 2591 8701 2565 9996 8630 4320 3854 7309 8560 3 1372 8042 451 2882 7408 7182 4098 1130 3334 8794 962 326 6181 1738 9665 3870 1166 1992 
786 4844 97 6523 9311 3529 5995 4382 4102 3864 7748 8132 7658 5897 6101 2709 8309 657 9951 1320 2741 6789 1631 866 9906 125 3036 7145 5067 5103 2047 1713 2446 3496 5780 9525 3573 1924 3637 8393 7266 8207 5932 3987 4181 908 7240 8531 9638 1704 6183 4907 2300 185 1948 561 2712 8163 8397 5144 806 3638 969 7234 8507 5490 8636 4590 173 6201 5681 6598 3004 7920 8459 9151 3787 313 6514 4110 7324 7217 7384 1446 6258 8777 1326 7143 7078 7901 84 8667 9668 8081 3101 5358 1724 2814 4910 3076 
7757 3552 5781 4746 9826 6262 5728 598 7378 5538 526 1064 6024 193 9584 9759 9445 8012 2477 3347 6206 2370 4003 3465 8641 6325 3471 7213 2768 8261 7174 6873 4272 8629 8821 9016 3258 3533 789 6385 711 4160 7074 2444 8270 898 8096 2773 8284 487 9516 2043 8638 3413 1823 2518 2395 6432 5070 1435 8044 3166 806 5087 7050 1449 2101 9202 7377 4277 434 2680 4103 6224 1399 4566 3922 2978 1958 7986 3540 8900 554 830 8332 1448 3147 5371 4982 7329 8432 8721 227 8999 3723 3829 3779 557 6123 9177 
4665 9407 7862 2385 266 1380 1432 164 1066 7718 8504 2759 6525 5381 7918 4780 8712 8862 4450 4616 3419 64 5783 8017 4391 314 9288 3637 2994 2044 4969 9713 3561 6675 5407 7068 641 6110 575 485 2287 6921 7025 9029 6767 3614 4453 2412 5579 4774 7061 1765 7035 1705 8007 319 2683 6110 4693 5627 7121 5846 699 5744 5126 8424 7958 9447 9529 3145 2961 9245 8800 896 3373 7473 1567 452 9496 3259 4220 2489 7458 6084 1510 9790 3335 7857 5824 3419 7574 7506 6956 7795 1453 9610 5911 9236 8855 620 
4547 7751 7905 1496 2327 4760 4309 2836 498 756 874 8706 4719 1379 7058 115 7390 465 3958 5908 1654 8134 2812 6585 1079 9836 6840 6936 8018 7268 2815 6170 7261 8148 8384 5285 2295 4719 7294 8866 9581 56 3174 294 7792 4394 6405 6795 625 8781 2650 7933 1531 3830 8978 7382 9573 5998 3502 8474 3393 8755 6943 4863 3349 6877 2486 9415 6561 4684 2420 5349 1413 5801 1766 7385 5661 2203 82 5749 1033 1121 8404 9532 2499 151 7403 9416 9049 9691 4171 3280 7157 2067 9471 8887 5696 7650 4019 4827 
9051 7087 4282 6714 385 4383 4414 3620 9767 3561 6113 6136 6902 7553 7952 3972 9685 1311 5913 5851 8611 4112 9691 6841 3331 4999 8384 2346 4505 1343 8020 3765 6525 76 7355 4831 5233 4845 7050 2315 7412 2508 7581 1696 2955 861 4975 2681 1752 2007 1270 9068 1195 8419 7634 6480 4904 3359 4151 1433 3954 11 2442 9618 9923 7740 2565 149 447 957 9890 4315 1599 3355 9630 9886 8546 2492 1460 1046 8908 3223 4446 2015 430 3663 706 7820 6568 4529 2013 5191 451 2962 27 7559 5460 8736 7840 521 
6890 4343 5529 3174 6682 149 4341 5153 9143 6668 5210 2460 4844 4404 9854 3709 8576 9829 5848 7109 1723 5060 6691 6256 1298 7456 2569 179 5563 491 7456 4676 8924 4307 3161 705 2807 3005 5131 4700 910 5508 3591 4731 7029 6189 5162 8553 7105 6080 5595 2625 2132 5166 8206 9437 2436 4828 8279 1737 6104 8726 7910 2709 3208 1646 4937 5097 8716 8925 4565 2717 7759 8991 9761 54 3572 5920 9322 1277 8688 7844 147 8537 1264 2150 9998 3365 8236 6038 1543 854 4201 8919 5337 6713 207 1395 8858 3705 
7433 1316 7687 7684 295 3904 4525 1869 7552 5019 6395 3823 4295 7987 626 8331 8910 1841 7940 8724 1622 7358 3750 7047 1205 2661 467 9532 4942 9907 3754 4743 2043 8941 544 4608 8313 8183 7380 7707 6234 1868 4874 9721 1860 8549 7776 9225 5984 3555 3357 5650 231 7131 1967 7930 9791 9590 621 9824 1427 4774 99 7188 3737 388 5192 9045 1428 240 7866 331 3435 7423 1650 8444 2030 8018 5327 1363 6026 6089 3971 5252 6184 2507 4758 6170 4138 5747 1050 4936 6378 8146 2651 4172 8049 6613 8551 3755 
2889 1362 3379 5478 5865 1920 2907 9805 5983 9125 9210 4395 5848 326 3863 4288 8331 4752 6807 6265 7461 26 6793 3508 7847 5285 1550 5839 7897 5363 4693 8495 6348 8258 9427 9255 9856 3140 9215 5247 9935 1583 4987 9475 8370 448 9621 9046 5951 2915 2130 4189 8818 6693 3853 5939 4989 41 104 8682 217 2778 6077 1492 8797 996 7461 8494 2914 8427 6403 9273 5412 7570 2139 9191 9468 7890 485 4600 9911 2440 3362 1737 6837 9411 1494 6688 8695 2937 329 7611 6118 4326 6219 6430 1259 1304 3779 5002 
6515 4099 4504 1765 9372 7028 6243 8591 2748 9913 57 5223 1656 3537 431 6649 3274 6938 1629 4489 4164 754 2339 8601 8615 1506 2727 6250 1226 1834 8484 27 3692 613 8669 2896 1368 2783 5584 5828 8850 4935 5194 6227 3768 1603 7312 3898 9719 4833 7865 1204 9796 9274 167 2037 1424 3921 7188 7730 7579 5239 69 102 1818 7887 2012 7612 6619 3293 2342 3349 7896 9253 4909 7066 9573 1404 2810 5060 5705 9913 6386 4073 8530 9791 731 6279 5903 8353 3714 4393 423 9716 9804 1780 3518 5143 7658 778 
6780 3850 1489 1063 7108 6086 8471 2774 8235 1365 1635 5898 7551 1990 4682 9625 6733 9171 2710 8167 2455 5556 9460 7802 7208 336 3764 355 1240 1355 5775 7045 4065 3140 7630 7746 7971 1280 6774 6095 1854 8978 9351 2546 4391 3191 9212 8940 7779 4111 3841 5357 1137 6063 5080 5794 3643 4932 5798 928 7908 8566 2913 4061 630 6950 6700 2332 1945 4457 8227 1663 5456 6448 7510 8981 1360 6301 4678 3452 5103 5201 5913 4140 8504 3670 5895 1618 6416 4448 643 1607 1712 6406 8452 5515 2983 206 2773 5799 
3022 2223 2139 2793 4898 9643 1324 8398 9774 1249 4686 1507 5763 2318 2373 6289 6557 3253 4279 5348 434 4636 4282 9167 6588 7203 5216 5267 4529 9468 4295 5846 7903 6847 5309 3432 6132 4349 276 5520 5487 50 5950 2928 1236 5348 4785 1698 7960 7680 9135 6005 5442 3904 1141 5454 6590 6741 2746 6224 6799 4697 5110 4493 5728 7743 2157 4194 7305 6807 7645 8064 840 3694 4049 7098 4718 9694 6915 9729 5789 2429 7291 3952 8764 9578 6970 3659 5537 1375 9397 3333 4867 5789 9715 4036 6421 9610 1781 1466 
6296 7708 5103 6692 7694 4627 7839 4800 8193 655 4796 3360 9402 5904 548 8817 4299 5045 5921 2431 1289 8477 9472 1207 4418 7558 1470 1063 3957 1207 679 7844 147 8537 1264 7816 4456 2650 9847 4235 688 1788 1521 9336 274 4368 7704 443 2534 2496 4431 3761 1468 8494 298 8427 6403 3146 5412 7570 2139 5135 2859 9468 7846 5836 3946 8204 9659 4659 5331 3766 996 5405 586 9441 3997 9155 4686 1388 986 272 6651 3723 3178 6211 9072 463 4518 8515 61 1284 3198 6077 9524 7058 1512 6623 3226 1273 
8172 4440 1803 7683 5230 6235 7839 8354 3518 9421 9402 2517 4310 3404 859 5616 6634 1668 9729 5495 1657 2203 7464 877 3981 517 6914 1279 3220 4540 9705 6825 6872 8175 9940 3814 4808 6110 5573 3785 6829 6868 5944 1407 5240 6698 1414 9203 902 283 8529 2239 3672 1504 4377 6501 3984 2225 3631 5545 4825 3593 7127 7389 4681 1881 6255 1082 65 381 8526 8532 4382 9388 8540 157 399 6465 8657 7720 2309 3173 6739 3359 1310 2162 9381 3831 4368 3366 1175 1057 826 6413 148 3817 655 6700 4959 2969 
665 3142 6556 5122 6664 6963 3723 1907 9237 9418 7854 5039 4463 9754 7885 2216 3150 690 2810 2090 7432 880 186 3660 9604 2410 3332 8071 2252 9862 8964 6397 618 9932 4837 8378 1087 5484 4730 8129 7315 765 6611 8722 2458 4569 3495 7118 785 5109 4264 3023 7724 8499 2907 4708 8071 5587 3454 7156 1558 430 7470 2545 5902 1379 7398 9396 8698 8125 9689 1336 2367 537 5793 2677 3755 1404 2034 4302 5428 2155 573 9255 4655 5128 67 9004 3529 9896 4219 5213 3653 6829 4305 7188 9907 9748 3416 7103 
748 6405 4323 1538 1608 3922 4111 7488 7144 2323 7084 4213 2974 7826 6456 7729 9825 7248 6715 8353 1173 5027 9848 9553 955 5897 3093 6625 3081 9121 1812 2906 5371 2837 4630 815 101 525 8466 3587 6127 6784 6975 1705 5061 923 3172 5507 1001 7722 5971 2966 1470 9297 8827 8533 6092 8476 6844 3033 6670 9346 1977 8624 7509 1187 174 6561 2259 4236 7821 8079 4775 8455 3058 787 2779 5611 9148 4458 5150 7786 8460 2031 2101 2510 1133 2424 7092 6028 4327 9312 3016 1792 5096 53 1940 3743 4642 9632 
8957 460 4193 4177 8739 6902 474 2672 2171 4273 3823 5425 3245 2031 5789 2708 256 1883 1105 6351 9090 580 7986 2881 4812 1878 7367 5603 6278 8127 1320 4173 1630 399 7262 7416 3328 8401 1074 4273 9308 256 4044 6485 5149 3168 2068 7880 7890 8522 4247 8950 9266 1482 1208 1667 930 7257 6512 4641 2610 4820 8956 1080 9317 4222 7858 7154 2907 3901 2325 748 3364 4657 6471 2257 6411 9251 3755 470 9357 8908 9438 9785 2245 4260 7501 6479 5407 1358 1828 4302 813 2807 8944 9932 8273 8169 6659 1493 