9342 3528 3202 6646 5743 4852 2535 8881 2714 6449 9613 8240 658 6215 7824 6494 6365 9084 6248 2742 9573 2073 9827 3505 2325 3631 3718 8961 8141 9512 8982 6181 5210 1128 4747 140 3206 8540 7492 8634 6651 3288 2694 4396 9412 981 5713 8262 1588 5214 3099 2131 5782 1541 8254 8279 2629 8590 5078 5659 7405 7535 7727 6173 40 4655 1276 9001 867 8625 2091 1511 334 6589 8073 598 8796 72 2915 8446 2893 5361 5572 8983 4679 9474 160 5308 8996 8411 8867 5756 7380 2845 151 183 5352 5765 4269 6020 
4002 5921 449 3500 5469 6011 807 1578 87 9853 2385 6805 9923 9389 4237 9882 5830 1419 3804 1181 2482 8381 5248 3835 6218 6374 9688 5635 7001 981 5234 8962 5486 2070 8468 5663 912 5954 798 7041 6433 9324 306 6027 9005 58 4281 2812 566 2744 6705 6848 9878 2360 8559 9240 2994 8899 8126 3133 8085 7028 6728 7665 6889 8108 3232 4158 1695 4474 4423 6174 782 2977 6303 5041 3626 9647 5749 7864 6584 8225 1737 8365 4414 5832 3094 244 181 8875 9260 3304 761 1569 2821 8851 4858 7389 3722 2509 
3729 3829 4147 470 5583 8346 7183 5845 5282 7316 4462 1760 6069 7463 4545 4353 2779 623 8902 7700 3907 1152 8609 1754 8259 92 4146 6373 7468 8752 566 6757 856 8197 4382 1162 9677 446 5031 2490 806 9906 8676 8701 438 2782 3204 7908 7284 2501 8064 6362 8458 2923 414 5191 7812 8376 3022 2665 4048 1664 2295 9564 653 6963 5172 3526 5680 1353 9826 6612 3559 6516 1922 5448 2901 3324 1415 5226 4300 7263 3336 1934 7259 5989 5720 1229 9481 8012 7982 5530 8961 2480 9273 7570 2139 9530 881 8591 
4172 1159 2243 9131 1477 2864 5382 1283 6668 6122 9038 910 8819 5217 4731 9626 6782 7029 46 6189 9214 3620 1688 5522 3644 2683 5306 6463 1272 9400 3448 6760 1826 4296 9417 8687 4358 294 9498 8773 1144 7616 5117 8158 455 1205 5923 2810 9857 969 5613 5487 480 6789 2530 2794 2943 9230 4642 8035 557 2169 1702 6057 4198 3167 3939 8431 9576 7535 3674 1354 5268 3949 1097 4041 3873 8092 1046 8373 4211 5469 5411 9512 9431 3026 9812 3248 1366 2402 2246 7958 7350 926 5950 4683 4034 7398 257 1183 
5029 8417 2145 3008 8904 2036 1618 9696 6232 6816 1041 6079 7443 9003 8801 2174 3935 5518 3958 4319 3096 9379 896 760 9252 5443 5753 9725 5451 5924 4021 7758 3745 9767 9286 3364 8490 2379 39 6890 748 428 4974 852 7530 5057 9895 8185 5776 1825 9364 2393 3929 1020 3785 6689 1939 303 1609 8482 9592 7282 8392 9449 8734 3659 7937 5219 144 5070 2391 6753 4961 4595 3820 6526 6921 3329 3486 7110 5449 2452 7722 1460 4765 5811 9085 2555 4872 4061 5451 3437 2838 1750 1122 6850 8093 2806 4167 6061 
4670 8684 8951 9330 9468 638 9809 7380 4562 6128 5825 5965 8547 6997 364 6327 3825 3486 6711 7682 1438 5109 5170 3532 9786 9054 6335 7381 5650 2644 6204 2155 148 9154 2568 6944 6909 3107 8467 441 3832 4605 5472 4472 1593 1058 649 9481 8834 5813 7705 7576 4916 9296 2192 1212 8877 9890 6254 2223 9709 222 390 1473 9482 5862 5229 2816 6295 587 5030 229 816 7464 285 6638 9753 6063 9309 2013 9330 4223 7227 7015 1964 1971 1308 980 2272 9934 4764 7858 4238 1601 6451 4753 1197 3999 277 3852 
1814 5520 7128 5134 212 8447 3613 4760 1004 6050 8755 9096 6324 1796 3610 738 8902 4174 1205 6997 3340 8788 8455 1687 7878 4775 9280 9025 2272 2317 6447 5730 9186 9857 2486 757 1399 1057 9277 6858 435 2129 9013 6060 6936 9444 8930 921 5893 959 1656 2076 2805 8152 8913 1611 7500 4750 5500 1384 6764 4104 9140 1433 3100 5161 875 2334 9683 1656 7805 4899 9801 1208 8831 284 1055 24 6584 4814 5996 9384 1473 4251 120 4590 7277 4987 4527 1984 717 5682 1362 4518 8428 4555 9217 4235 1579 4354 
9535 1890 2665 2344 8981 7106 134 1739 4928 1331 7050 1891 5223 7328 9456 6049 3481 1566 9193 9007 2154 7907 5211 219 4925 1634 5532 6560 3202 5538 7430 3005 1256 1111 2135 2815 9160 246 9487 4436 9314 9619 5533 954 8351 5404 5192 6945 6904 3628 320 1248 8884 6563 9843 6593 4301 6542 9674 3235 9606 2193 5088 4357 7720 9490 7493 8777 9653 8712 760 1375 1262 9318 1523 3708 3848 8933 9053 916 1613 5049 751 7634 3104 8577 2237 3455 1778 7179 8793 1035 7662 4649 3182 6635 116 1322 6649 5996 
6519 2037 7988 799 7979 6234 2200 8991 8783 3508 811 4864 6371 8721 2894 2359 9096 9990 4854 4643 3452 3233 275 6630 498 84 7117 966 435 7798 1154 7365 7394 5933 1364 1624 7061 1987 5361 5089 5383 7017 2650 7392 9281 3398 1659 6856 7523 3575 1019 4189 8680 7703 7948 3073 6980 4388 9915 6630 4729 685 2332 9275 9416 8790 9508 4274 4180 6021 512 7704 81 6998 9455 5344 5356 8091 1827 6508 7697 1651 5742 3521 3676 676 7817 4058 8052 6313 1432 6724 2850 9333 9754 2573 7339 5657 7001 4375 
7788 7921 7289 2384 5327 6026 8453 4150 7802 4031 6170 4138 9707 2858 1050 8049 585 3803 9939 6769 2889 1362 1286 5478 5865 7153 6418 3356 7261 3556 493 4755 3353 1582 7118 2425 3711 5975 8856 6805 8898 4055 7316 8898 1323 1386 1945 4026 6019 9675 6317 9205 138 3050 8507 7382 1366 2570 4092 5297 2578 6312 2392 1089 7795 4514 3526 426 6221 7034 336 355 3752 4065 7630 4987 819 1014 7819 8416 7159 6692 9379 5297 897 6772 6212 6990 4149 7799 4306 5775 5304 5641 956 7168 7495 3100 2245 8703 
6539 3088 4254 4266 7564 6658 1713 2129 2451 4431 9846 8511 7772 9527 8008 4182 6476 5279 6790 2959 6636 893 5857 6063 6219 2576 1572 4072 5343 6573 5775 2454 7168 1262 7406 6576 8864 6422 8495 6713 7360 5108 8336 93 950 6977 1200 9230 7087 3377 6183 7646 1440 2366 8527 2381 3458 6522 4453 3699 1833 681 8700 9967 8586 8 5169 5914 1394 3776 7457 233 9804 131 2177 9367 4074 4491 7651 2359 6191 4600 7472 8852 687 9943 4243 6693 2940 4368 3366 2027 4228 7339 4757 3280 9528 8419 618 5145 
1100 3365 4205 5216 5744 5273 8400 7256 7268 8181 8471 8934 4573 2482 214 6714 3437 2533 8664 3547 4662 7729 5316 7509 5498 538 2123 3357 131 1591 243 5730 9907 7413 7618 4417 3025 5342 2976 9082 7135 9004 193 8350 6754 6722 8870 2750 4262 3516 9847 1075 8015 841 861 3780 6711 3734 8402 5963 2328 4139 3753 4970 1354 6165 2191 9064 7900 6123 8010 2566 8171 5192 488 3571 9938 3623 5204 3236 3691 7855 2781 450 5798 778 1425 1529 639 5692 9577 8119 7037 4539 7064 6199 7249 5840 4586 720 
3572 2900 3579 1308 3389 5941 5852 7533 186 9799 2420 8905 1130 5937 4307 1468 3037 1533 3202 6747 4393 5970 7070 6578 6913 5095 4750 3612 2415 8566 369 8453 4150 190 6637 1912 8961 5101 852 7051 6183 8141 6472 5199 8141 7269 9640 7164 1596 2868 7372 9755 8961 4269 8056 9514 7790 3860 325 4498 5827 3750 8414 8733 3576 3109 7933 8851 5998 7537 5417 3490 7313 2420 121 8474 8216 3349 8587 7565 3490 9858 4800 6825 6988 4656 963 6995 4983 2981 7404 4978 1763 4354 5226 8727 5603 5371 1658 3800 
5468 5153 8594 6833 3109 4537 1927 6386 252 3482 7930 6705 2130 2177 4837 1739 2477 2684 2061 5782 2828 1596 8479 4137 6206 109 62 2190 4998 8154 3400 9194 9900 5036 5569 9116 5675 8366 2078 6443 8382 1974 8905 4076 2186 7864 9774 830 2386 5974 1174 7445 8036 8783 7827 9263 4112 5236 1633 6768 2562 4849 2455 5097 4835 8344 1015 6855 1364 1750 6174 3089 3841 7441 3962 3018 4846 2765 6978 2616 260 9619 1473 5104 6846 1865 4775 8278 8762 7730 8231 2276 2455 4387 7903 3353 8458 9405 3521 2690 
9194 1453 8629 7689 7805 8285 1620 4611 6267 9789 8831 2249 5525 7974 3757 7939 1505 9790 2906 9059 5686 7860 7895 7102 7395 6917 430 8143 2545 8015 7398 8698 6909 1207 284 3525 1083 8537 1264 6707 2150 7816 1902 8125 5327 3365 8909 2162 3044 4201 8919 5337 6713 2664 8030 4269 8034 3705 4701 4109 1316 7687 295 432 119 5262 2697 1857 4738 5204 1866 2452 4796 4924 970 203 9651 3625 2733 5649 9556 5371 1032 9396 9250 1229 9198 7458 3311 206 1983 9564 7285 4762 4177 7996 8440 8470 935 4516 
8613 5073 3230 4038 2343 3276 2661 2019 1500 2237 5715 1662 6798 1128 4862 5965 4525 75 800 7271 2229 8426 153 4082 7272 2230 5620 7802 2502 7353 7836 7713 7261 8815 4393 3543 9773 1060 9721 5577 916 5315 3540 8476 6366 7274 7263 6469 3065 1373 2018 6119 5435 9177 3389 9445 1496 9921 3073 3520 7705 628 7016 813 3309 9714 4090 1723 2954 8752 1891 4979 4911 2972 5687 2112 7799 4487 1157 7724 5673 4777 2156 5655 324 1946 5910 1592 8958 4363 2316 3528 566 3686 5352 3818 9737 633 5391 6712 
5483 7086 2654 9526 1720 25 4878 1152 968 3165 3405 4423 3960 2895 1488 50 1173 4630 6798 2636 3312 3465 9295 1685 6821 5792 9139 3647 4823 7923 6866 9257 4158 9259 1946 6241 3914 5006 3368 5484 9532 4396 4457 6711 5900 5014 6682 4450 4679 9807 870 2562 4931 4221 5796 5498 3667 6303 5720 375 6281 8639 7718 4142 7161 1486 5279 2118 8081 4015 2608 2545 1331 8683 8061 2773 3063 6517 4477 2553 7207 2579 7407 2959 6972 409 6761 6695 1580 2162 9621 165 8954 1170 6802 3291 8623 3946 7113 3599 