3839 1779 2945 1888 2193 3705 6303 19 6742 8604 7254 536 5752 1571 6726 7109 4664 8223 7696 5195 1967 8693 8460 8963 8109 1836 6598 8363 3969 7740 5507 9190 7214 911 4334 4926 289 2021 8934 4312 1582 9298 8002 208 5104 7536 3431 8531 5719 2767 1046 9698 444 2123 3824 6039 7571 261 4377 3523 2091 5642 3631 1622 8880 9776 4413 1051 3804 9272 3140 9157 2800 2291 4100 4463 3981 7712 4817 9766 9271 8963 4844 6104 628 4355 6194 9836 3995 11 2379 8570 3638 9081 4704 3471 7246 3994 1106 8317 
2733 4475 9194 4501 5942 859 8252 1070 1061 6530 3794 1005 1559 3034 9418 2833 7515 4191 1750 8131 4060 3285 7530 5701 7646 4804 9344 7341 9900 7430 7129 2450 6724 4806 7845 3485 1010 5319 4492 5416 8693 2780 2666 554 4355 8684 1120 4153 6596 3917 4487 8667 4709 3669 9241 2922 5045 7078 7456 4054 2513 1452 989 8097 7109 3208 1646 130 1800 6978 2908 5460 3171 2590 1447 5201 1383 1067 4529 419 5378 5191 6622 1454 8758 7379 9599 7532 3423 7952 5434 2190 2872 1457 4415 8080 5996 8087 3008 4479 
4651 2037 8134 251 5667 3674 7979 5473 2076 1747 7980 2408 1971 3411 360 3798 4049 484 7723 7832 2054 6871 4452 56 8576 4551 7689 9781 2480 9150 7880 3482 2636 1403 8223 2021 6361 6867 2422 9926 3703 6497 4110 4987 2431 1008 5049 8151 7146 2986 5839 7561 4358 5934 2430 1225 8708 4854 2818 6268 9758 151 1936 2414 4741 1374 8682 3490 3883 7597 2585 4502 3022 3110 4610 2416 6754 5159 836 6012 5028 5609 7623 2034 5702 3859 8922 3456 6385 2795 8459 5045 2685 1184 9852 157 3478 9513 6717 8386 
375 4725 2327 7888 8191 6558 2563 124 7776 2967 5005 1960 9746 6243 2570 1530 2125 8336 9665 7468 6142 160 270 730 9307 7182 8776 7156 6057 6399 2830 2675 3187 611 5123 6770 9056 8700 6277 839 4398 4908 6428 2201 6241 3474 2315 2686 5473 3687 9743 9310 2350 5423 2213 9325 1112 4864 5229 7432 2082 6116 9519 9693 8364 7743 9090 7811 9097 788 5326 4593 5265 2530 2201 831 5941 6849 1197 4481 4825 6676 7461 3967 4111 5991 6459 2170 3280 2057 2372 9833 514 9786 2157 1554 36 6105 1109 2759 
5077 8366 5808 8574 6823 805 8558 7342 256 6531 6085 4079 5413 8286 5422 7545 7056 5588 4574 4999 8290 6241 6657 4739 8402 7915 9207 141 9159 5851 1936 3494 3108 8133 5067 2030 6411 3845 7837 8419 3086 2837 6710 7782 5430 9719 3832 1302 6789 3040 2300 2293 8068 8078 9231 1187 6047 2422 4352 8078 8833 250 8652 6695 8091 7276 9757 5873 2707 9476 1099 6539 778 4240 5931 8574 6541 8225 5869 4609 1453 8875 3842 4386 4923 6264 9353 949 1768 4173 6751 8662 9478 9405 7460 4514 2305 9410 9033 7982 
1740 4853 2510 1333 6085 6989 8181 8375 903 1905 3271 5119 173 1955 4592 5129 3100 4986 6778 8176 8637 792 304 6950 8355 8954 6843 8190 7196 4222 5080 434 5925 5030 2279 1263 4325 9201 3592 9706 4316 5699 6350 6383 6431 8151 1231 6965 8090 3781 1076 4669 2231 7977 4569 5667 294 8182 6545 1247 8775 7126 2488 7091 8829 9655 1060 8543 5225 3561 524 4758 245 5451 646 6071 924 2461 9529 4424 5765 74 5996 9145 3726 7748 3411 7961 1081 8640 8486 3673 6534 9688 8315 2976 6287 6983 9179 4625 
4004 8602 1418 4772 8576 5126 3826 9672 3410 8041 3358 6654 155 8054 1389 7947 8413 7387 7028 1275 3559 4549 4761 9307 8821 5211 9933 416 8884 6257 9366 4662 2224 8154 9733 9974 7817 9641 9083 687 9281 3925 5052 4661 5394 5117 2288 8228 1402 2136 2933 400 6387 274 823 6685 5326 2117 8744 9330 2148 9871 6747 3489 5244 7214 4300 4830 5958 7860 9587 9995 8249 7687 7329 7333 3485 5268 3105 5866 9086 1830 3476 8446 5022 4031 6550 450 2342 6529 8863 8421 1600 3484 1290 9404 6426 2992 1291 2758 
3134 3373 309 9082 450 5989 1053 3367 1135 9471 5927 9611 9556 4103 7057 2402 125 1661 1746 1824 5607 3650 7031 2811 3639 3793 3911 6100 6413 2344 5876 2992 4570 8971 3177 301 9072 7769 6466 7184 532 7550 5762 7491 4026 8735 7521 4839 2400 132 4734 4348 5163 6262 1117 7732 9519 9962 5342 9448 5642 1839 5214 9084 830 3657 8735 4684 5029 7333 7640 2514 2976 5352 2215 6086 9230 4143 4830 6023 2642 2488 3189 5560 8903 2201 9862 9616 2838 4372 7045 5469 6652 3654 4432 3317 1611 5774 5858 2320 
6590 6452 2331 5827 2253 3750 6154 5793 8414 4098 907 2875 4767 6102 2985 7699 2421 9886 2140 4906 8943 6623 84 8978 2352 3716 9513 6605 1327 5705 7206 8386 6670 2399 5076 3405 9409 2436 8950 7428 4918 6629 9843 7260 4189 9410 6866 802 3061 22 7459 233 4471 9577 2032 8524 6577 1643 1401 9954 6582 804 4799 4286 6684 6749 3207 7833 4902 3795 4946 2239 6020 8011 2065 2508 9895 7728 8860 7896 6784 613 3910 1471 9169 1739 1994 2266 332 1307 2052 8744 1926 9926 3151 2420 1482 739 2731 3146 
8793 7858 9272 5161 7607 3171 4580 2253 1334 4609 4233 637 568 6693 7228 2827 1863 9344 8455 634 4365 1609 629 2723 3856 6630 6581 4602 2235 9825 5211 7839 4997 4238 7416 6804 2272 6800 7589 7074 1448 6996 10 5046 3733 2362 5155 6689 1556 7129 9831 6195 9853 9513 3169 4862 7800 8228 7705 3532 1783 3044 15 4150 4765 1735 844 7976 4657 2744 6005 7034 5086 3533 1240 1355 4355 1534 8076 3424 2834 6861 7827 6368 1991 9758 773 504 1659 9486 6749 6581 1676 2743 5852 1841 492 2692 7483 6331 
808 7853 2234 8764 8652 3659 869 2171 6476 621 6071 2092 1472 3839 5625 6844 6296 7708 9642 564 3230 1141 1992 7023 5712 9656 3600 1945 7369 744 6678 955 6071 7015 2222 5002 4576 5395 231 5889 8457 7972 305 7641 1400 200 3899 6226 949 3943 799 7120 2193 5088 5960 7720 1976 1165 4056 785 5329 417 1965 6152 3106 1384 9841 4370 4351 371 9948 1195 4620 1003 7278 5296 1265 7282 9100 2052 2713 6588 2680 5556 4151 8508 7570 8791 154 6142 8758 6726 9669 608 4946 5048 8364 2762 9880 9594 
2976 49 4282 3247 8085 3494 2518 5573 9905 3853 2193 2831 8137 5748 3049 7349 3390 5473 1550 2964 108 8652 4991 6636 5398 1023 4057 6167 9684 9283 5398 5409 5508 5892 5057 859 4012 1383 8232 469 6052 374 2807 4190 4185 8769 44 5440 5182 5343 4806 8405 4563 4730 2940 6338 1490 1852 4033 9021 458 9461 6480 6791 8306 1669 3390 4407 7880 3697 8116 1259 3469 4485 4771 7810 2849 3433 199 139 9574 964 1400 2255 2475 1879 9576 9390 7100 7011 713 9266 820 7171 8873 8659 2775 1772 8554 4989 
5664 7450 4447 9993 252 4246 4141 159 389 5100 2405 2551 7485 1054 7804 737 1361 6921 3168 5572 4017 1959 682 9385 6019 8042 8382 5254 7818 3057 2623 9947 564 9461 248 118 5448 5243 7706 8358 1369 6213 9894 7239 1718 6592 8082 242 4616 8597 2382 3316 774 8259 5978 8038 2444 7198 4602 2231 3638 926 5073 6805 391 212 7299 3944 3232 2131 3999 9153 5685 6707 2150 8055 2066 1382 955 9415 2948 2337 4571 1683 8630 6351 3800 9568 2031 1880 7485 7833 414 4057 2441 9763 9693 1926 2794 6991 
4944 7561 4165 8833 3727 6319 7538 2682 1573 3311 2865 95 3043 7888 2165 6815 2529 9876 1462 6785 4855 7114 5771 1433 4622 1657 7823 3791 524 5237 1536 4100 6861 5597 7314 9567 7966 1405 5335 8314 6290 2561 1019 7688 356 8534 8540 2782 6661 9740 7884 1906 342 1685 2362 4258 9986 8992 9604 9506 2749 1146 8190 4774 9731 8883 3685 4846 6780 712 2470 6139 6327 4239 5253 7827 6656 9609 1417 8336 8140 2556 2217 6549 9248 1389 567 1383 5599 2226 1418 1835 9078 6911 8695 1990 7094 3418 8372 2519 
2090 7120 3409 1647 2601 1369 8895 8299 7989 6455 6991 4246 8956 4070 1615 6868 8951 6089 259 9782 8398 4436 1405 3811 1207 3710 3612 7921 2384 1367 4150 4758 7339 2030 5845 7921 2384 5327 3971 2507 6065 2858 8146 7456 9601 585 3803 1362 1286 5478 6529 6418 2815 6610 9064 2416 4972 4869 2156 4053 3693 664 4320 6869 9946 5027 2802 6008 3714 3336 5536 2756 34 3964 3556 26 2299 4042 3383 8647 7597 8997 896 6041 6435 3462 211 6622 3774 7337 7338 6396 1983 2979 7163 1638 4936 922 4759 6587 
7080 5743 2490 1956 1682 5478 4338 5600 4323 1733 2404 5429 8975 7304 9103 6725 9785 9524 3366 7120 8050 3484 4405 6227 9075 3110 1185 9087 6186 7512 1029 2042 6642 2986 4339 6200 1565 1057 3236 3120 7538 3054 6040 8995 8527 8988 3474 1392 4261 4112 1913 4845 8756 5542 4479 4102 6470 1829 6938 6448 9533 2839 1358 3677 7063 1552 2454 693 9426 1019 658 584 7593 2880 3866 9864 4413 5516 5982 8263 5180 5945 5263 6264 3614 8124 8985 2585 2314 3320 7529 8040 7281 390 9494 5032 982 4277 7772 1332 
6845 6425 2654 8588 1953 8056 7485 589 9075 4516 9494 2200 8603 5448 5178 5200 502 8737 3487 2181 4381 4887 3685 2339 8911 1320 7860 4491 4161 8674 7388 1863 1611 8423 2178 7647 2876 8788 7297 3401 7401 5168 5959 3956 6081 7571 9655 9064 89 9219 3871 233 6070 5617 6936 4314 8803 4340 544 8941 2217 9611 6708 6203 1644 2540 952 6611 2625 1664 8307 7090 3566 951 3492 498 5505 2852 1057 6968 9063 6769 2095 3596 8327 5250 8731 579 1488 6879 3175 2030 7056 7575 6850 3570 9346 7688 1309 2021 