4618 1306 6174 1370 6682 318 6994 8072 7571 8858 9749 1112 1633 8961 6548 2988 5265 9324 511 6698 9744 5193 353 8490 9195 7829 394 6875 2120 3725 4146 1871 6663 4599 1210 1391 6653 2861 2658 1323 104 5635 6431 5416 8126 77 8833 8950 3524 3996 7447 9836 6608 1610 5404 7929 2986 4813 4189 109 9032 2425 8408 4262 2421 408 4741 1002 2365 9823 1932 3247 2273 6688 3821 8335 424 8542 8340 393 9295 5454 1073 7625 5733 4868 7263 7954 7526 1165 4584 7220 136 9981 2184 8764 7751 1947 3352 7290 
8334 3877 5889 8113 1295 765 933 6451 6932 3895 8491 810 1150 732 5616 2050 7631 5403 3302 1474 3952 6071 2889 7516 8447 2721 5602 6597 1481 8340 101 5833 7229 8324 1482 1619 4455 8198 3141 5465 3213 8558 7488 5168 3356 9344 3360 2935 4280 9493 7556 9175 3110 6433 7660 8136 2731 9619 9954 5823 4263 4301 4429 5042 2649 2357 2259 5570 1644 1415 2538 826 5632 7766 5569 3635 713 1925 3925 8068 7598 11 1922 4129 7845 7096 471 2916 5200 2017 1142 2086 4772 1132 9613 37 3298 116 6443 6972 
5342 6014 4920 3029 5615 1669 3581 9445 6533 5798 1738 4104 3033 1234 4221 257 843 950 5347 2404 5702 4354 6977 9001 4885 5001 3492 2465 2026 8394 2883 5646 1200 9892 8604 4259 8354 7370 4049 6611 2427 1357 4241 113 9755 8925 8908 4713 8494 1902 4529 3029 2013 8654 4141 407 3318 1139 2992 4362 5125 2805 4154 7300 7737 6531 2343 9442 5507 7928 3725 3904 969 3881 7919 6485 8280 3050 1312 1476 3795 8067 6017 5722 3605 8531 2624 4985 9948 769 5845 5202 4542 1151 8625 4387 9035 4980 2315 3616 
437 4468 1950 1826 6312 7780 5166 4719 6309 7924 1380 3348 3575 8329 4396 877 7274 698 5864 5880 1106 718 7430 3307 6349 9183 6852 3923 8725 764 1177 7908 9338 3353 8300 5771 6069 1768 2050 9071 7341 5557 3033 4787 2597 4630 685 19 1410 2934 5629 2719 810 9512 7893 6206 1675 1469 3548 7039 2559 7766 6013 4194 25 5276 420 6530 7165 1020 1309 1414 6945 7752 9229 4874 2272 6600 1687 6358 6845 3279 2360 6190 3727 7974 9171 3523 1499 7391 2338 9093 8792 6788 5500 5764 6335 3867 8772 1626 
5104 7855 121 8893 1650 451 9336 7315 9393 7634 1418 9027 2713 6460 6884 7069 4236 7225 7326 4211 5700 3718 3200 2861 1851 7626 3821 4159 9178 21 8429 6932 4494 7341 9305 5506 4666 1047 101 9578 951 7316 3303 1024 407 6425 5136 972 3795 116 1569 7852 2232 7968 7173 373 9762 8023 7852 1425 4714 7147 6895 8292 9498 692 2738 5786 397 7225 4863 7948 1371 4991 167 8492 2308 9744 327 6060 2207 6872 7710 2678 3519 6258 6325 8464 2831 9684 8128 5040 4080 1516 3084 3767 7969 5064 566 1349 
7755 430 3109 3283 6041 3765 1696 3266 5023 3179 4099 4529 5183 8292 6582 6184 3330 6546 9154 8311 5253 8409 9760 5595 8333 3668 9629 4914 4624 314 2855 9735 3747 1920 8398 8795 2201 1759 4599 8929 5753 7959 6413 7620 9713 1131 7426 8603 9800 2490 9636 3878 735 3037 520 7482 1091 8948 34 2338 9985 9555 8635 1579 4144 6382 2454 6512 8566 3409 5912 6795 3109 625 8781 1531 7334 8510 7421 3502 8474 3393 8755 8216 2766 2592 955 2486 6316 7565 3149 911 4800 4684 7776 449 8897 1412 9436 3142 
177 447 3186 7225 5032 9608 3765 963 5328 208 4894 6909 5780 8210 7909 8212 1375 8707 9238 4306 4193 2147 2405 8431 7608 8547 8239 6746 1041 7725 9430 6967 8801 3035 172 3353 6129 953 8053 6688 3835 3375 8973 182 4668 42 2315 1819 8230 1348 2679 5760 8654 9867 4396 4457 5541 2765 655 7487 9189 1272 3361 2903 754 3059 2248 839 3800 1317 6271 6616 1263 6948 7933 182 3952 4684 990 7461 5518 5441 4656 2834 9626 3900 4572 1456 4396 6402 7239 4948 8255 5928 3935 62 6340 7794 1240 1321 
6162 669 588 8389 5304 3941 5067 407 4976 8233 647 2655 5469 6052 4861 4160 3376 7249 7565 251 2746 8548 3595 6840 3650 2339 7866 1364 1801 9600 3109 6462 1161 9262 8210 9892 1035 815 7663 7646 2854 4452 9143 5983 6338 1691 1578 847 2728 3997 5211 6405 6438 2504 1647 1356 7631 7695 9273 4286 1682 2043 8847 3156 7555 7574 6058 5933 2053 7524 2035 2730 6284 325 2974 8671 9787 4566 5500 2641 4834 890 9605 8541 5122 7189 6338 5004 5502 8292 4200 7358 5814 4015 2043 2043 5563 3362 7861 503 
3648 8306 8604 3173 3775 4977 1390 5227 6693 4368 967 7488 1057 9302 9412 7260 1680 6424 2892 7314 4945 8557 9657 3640 4041 2230 8256 5241 2569 741 3019 6125 7126 7699 8723 2748 1233 5067 4742 1873 5848 9038 6740 647 5446 7941 1863 2784 1345 3853 4313 4493 5823 1376 7933 7334 7382 8510 5998 7421 3502 8474 3393 8755 6943 4863 3349 5417 6877 2486 9415 3149 5072 911 542 1618 6375 2025 7408 593 3089 8745 8586 593 9633 8204 6124 7369 1355 2718 9728 9355 9763 2303 7032 8736 2345 521 2123 4343 
6773 6670 452 9496 3259 4209 616 4016 4483 9849 8413 133 6879 4457 3541 6977 2852 2829 2411 7300 7388 6719 9144 7304 8895 6095 2318 922 3024 6444 1242 4686 4675 9762 7553 6078 3465 9193 4992 637 4525 5155 2118 7912 1062 1847 2605 1943 5579 105 676 1078 9529 8245 6966 1049 6034 3192 9169 1497 9628 7258 5851 8642 1191 6530 5267 391 7138 583 5448 1292 4200 3650 5827 767 7336 875 9022 3405 8404 9234 8340 2444 2177 9692 2494 6470 7345 9706 3125 7099 9803 9489 5023 5625 6131 102 58 5311 
4120 6475 4888 207 1092 1687 1386 9556 3667 1333 6339 3980 7243 6393 8403 5692 759 7147 9692 120 7993 7108 1304 3037 9060 6289 4097 8279 8163 5942 1575 1226 5015 58 9009 6367 4402 9033 1671 6543 4479 3699 1374 8910 4122 7519 8724 9133 9642 2942 5740 5494 1058 2499 929 806 8917 7477 1164 15 3612 724 1395 499 8522 5208 3557 8683 332 8014 2572 6966 4617 8195 547 5377 3474 2935 8240 1870 1192 9 995 5405 2167 6052 8005 8678 1886 2941 9414 6614 2478 4416 9197 8843 8358 3475 6475 5692 
334 6293 1241 1816 9501 627 5883 7540 3338 7337 7667 6509 3965 4488 5743 4961 3611 358 3368 9830 1050 8279 5593 3082 7875 9662 6049 3579 46 2708 9837 3488 6084 1510 7135 9790 7461 2770 7404 7474 3523 2772 7506 932 3421 9827 9610 5911 2804 8946 3445 8583 6058 5933 6532 2053 9840 7751 5856 7654 3487 8793 3401 930 4744 7995 5402 8286 6208 7659 6687 8722 1714 6170 5658 2940 5728 1371 7631 2431 998 5993 5170 1945 4425 9675 8981 5516 1265 3050 367 1366 3293 4092 5920 2965 921 5297 1180 6312 
505 3345 7386 8772 9590 8684 3999 6608 5541 9153 9048 7649 3015 820 6065 7197 6895 3181 1690 7807 3704 2336 1289 5340 2601 8069 1207 4418 3828 6315 4708 3257 2054 8885 7816 4456 1190 2431 2866 1567 3739 6003 9234 1665 9000 7031 7367 7506 3892 4534 5263 7921 9840 9502 6024 7728 9696 182 1143 1324 8021 1810 6946 2351 4803 1347 6072 8308 7863 7334 6650 8327 1837 4189 699 230 2654 3209 8517 9303 7493 8611 7411 6785 3581 2172 1842 1752 4711 3244 3051 1267 8996 7967 5196 527 216 4683 5536 6599 
3778 4447 5114 5724 8768 3662 3901 2135 6928 8561 5163 9387 8802 5131 6653 3929 6750 20 8355 1769 7177 3666 3647 4909 8243 4187 4468 4947 9865 2651 5552 773 3531 8307 3771 8209 8528 5304 1020 4532 2344 5195 7330 3840 3828 8790 2683 9355 3923 4744 9964 5701 9937 7099 8050 3625 951 6652 8380 1394 4101 1689 1921 5398 2641 7044 5459 8595 1096 3855 301 4985 2592 6996 197 1342 5517 1080 2429 6070 3647 9347 7189 7551 8779 4677 5590 4653 3421 9641 5958 19 3147 1061 9257 3917 5096 1717 6898 5144 
256 8335 614 2445 3594 392 1499 2336 1896 8895 4921 1456 1039 2633 6000 6439 3345 7386 5166 6821 5035 1026 5477 8006 7625 1363 6641 8029 9672 3582 7144 3586 4222 8761 5410 4922 8473 4518 8456 3479 5006 1847 9593 2743 5242 3890 2306 7388 7938 3689 5325 9798 4128 3561 5688 2335 4053 2868 8071 3126 9979 9092 4477 8296 2615 2011 4459 8097 4680 9114 1592 3633 551 9104 4204 8197 5927 8197 2697 2706 8253 9769 7190 5742 2392 6941 9663 99 7515 2601 1534 6646 3062 8849 5551 868 7702 4035 6324 9506 
3496 5645 7386 8015 6432 4299 3921 5078 630 2563 255 5707 8438 3654 5673 3427 8286 7101 3228 513 7411 9566 4831 5536 8393 1620 6816 2563 9065 5342 1603 5873 2318 1378 4805 7788 396 4101 7205 6029 9924 2465 8913 6918 1597 480 8097 9642 8931 3633 3370 4204 8197 1883 8344 1478 6945 9509 6781 7459 4286 4029 9351 724 2083 7201 8910 4470 8126 8134 3331 9071 7030 1100 1920 4652 6891 7497 7120 3725 3128 7627 1146 5908 6015 9314 1757 7844 2551 5009 5315 5941 6600 2783 6086 7843 3670 1243 7627 374 
2261 8889 287 37 7168 2380 57 9244 438 5170 7745 429 532 3911 3522 3485 2150 3043 3459 6586 111 8808 1843 2547 4480 2578 3138 8225 5546 5906 9794 4483 7523 6766 4423 8321 9772 7279 3931 601 6021 7312 252 792 7236 8148 8196 6022 7856 3825 1639 1646 1420 4988 6269 9783 3813 6158 4150 2755 1961 6794 6285 9102 7370 2402 3230 5061 125 1638 6568 5135 9792 5558 4628 6625 6931 7039 8671 6756 2776 7497 4214 9103 8622 275 3858 6146 9389 7586 4411 6137 8317 8863 1356 1297 9065 5669 4291 4567 