7167 3679 2350 8761 8090 7519 4364 6681 6246 22 1198 2851 4578 5636 7298 110 5521 904 4637 5932 1791 9129 6294 5609 4387 8846 9570 8708 7369 6402 6805 2018 2269 1797 631 7853 7025 7074 8601 329 7242 8887 8432 2314 9045 8647 4487 2266 6705 9729 3241 1353 6883 3968 2573 7126 4362 2119 5924 8138 861 1672 3234 2092 6060 1639 719 7750 1800 8361 8275 7589 8084 9575 3869 5046 1506 9841 9299 7781 9277 2065 1293 8547 9417 2274 923 7489 1050 9059 4553 7123 647 8118 9654 8603 2132 1872 6629 5195 
6130 1256 8342 6493 7526 4639 6067 6351 3960 6044 4415 4577 2644 9043 5522 3774 2938 3554 5642 7924 3630 1640 9492 532 6399 588 8511 2705 2098 3583 7286 6343 9776 1699 5662 2087 9618 2725 6814 2139 4374 7371 6439 4865 4165 761 8904 586 4247 469 9157 8235 3750 1538 2279 7869 3132 5126 9219 626 3761 9241 7128 2910 603 1775 1871 2629 943 1317 3645 734 9198 4928 257 4110 1667 5997 4730 2045 1649 337 2225 6554 4418 4876 9365 8636 8670 454 2687 8964 3450 9073 273 2230 8403 2181 3890 8532 
9272 412 6746 6950 7722 790 1032 5083 9275 4547 8382 6753 735 6331 2288 9376 8687 4661 4764 5591 5494 62 499 7082 256 8750 9187 6743 6126 6210 9465 5579 3722 319 9079 4349 2382 1034 8651 1715 687 6965 7497 524 9090 6828 1185 3611 2936 5578 477 167 7799 9127 6752 2574 9439 8762 9945 9424 404 8988 8688 4699 9625 1596 523 2544 3870 4579 9350 9107 8020 5982 724 7408 2577 6490 8254 1665 2097 563 5879 687 2774 8464 4331 4657 5064 6677 1349 9053 2663 1973 2048 9045 4749 4305 2925 8169 
9717 9963 3555 3026 3061 3877 9891 2356 9676 1442 9988 780 7468 1319 9888 1857 6986 7538 6533 7470 3181 9116 9721 3459 620 575 2421 2332 3775 3496 7624 4436 4870 4247 8553 5525 3526 6269 21 6346 4083 9009 207 7823 3358 7881 5419 8490 2828 5657 8125 9981 7159 6915 9839 835 6492 7423 8143 1390 7350 9001 2940 2312 360 1216 5651 4404 8068 5515 1246 2610 3808 1647 2355 683 1886 3577 8644 5050 5213 8728 8326 1257 5931 4638 8140 4993 3231 2629 3337 2357 6319 8298 3547 1100 4576 2168 1190 2060 
6673 1305 9345 7016 5088 4338 4987 3021 467 1395 8869 7245 5001 2341 4628 6718 7185 4933 2618 169 102 9117 7729 238 2563 761 64 190 428 2834 823 1806 3470 9886 5287 2136 3004 9546 9236 5260 2263 6975 2812 4588 2075 349 3335 9240 6810 3667 6814 4995 9384 8216 4580 9677 3933 8062 1302 4708 2993 6348 378 8633 1012 3981 8749 2862 9281 8952 7675 3344 7326 5524 9055 4931 235 4089 1364 8637 5099 8143 8533 4546 6640 3748 5056 4359 8522 2248 9026 378 7747 1333 9474 1210 6159 6826 489 2834 
8231 5755 4000 4119 1682 6381 6051 9008 6270 4827 542 4841 6886 1037 9826 5220 157 1041 3727 4412 2430 7470 583 1268 7607 4691 6449 8118 7071 5431 36 7838 5458 9580 3776 6315 2785 552 76 9145 6678 7389 5382 2420 8468 3863 979 2141 3998 849 1985 6997 9514 4480 2331 3750 5642 6233 3928 2335 3359 4265 3478 1038 6828 8115 3856 280 3349 5282 3816 9350 3807 2979 8237 4298 2788 2193 7288 8804 9511 8019 8207 6997 9159 2062 520 2038 9320 5837 3342 2883 3745 4122 4366 7544 4036 7527 9110 4106 
7541 2753 3383 1096 4756 301 5830 4985 2592 2544 8051 4053 197 2845 527 1444 1080 5973 6796 1055 1548 8050 3358 3372 3763 8532 8741 611 6584 7046 3785 4016 6110 6445 4265 3352 9923 2885 831 3571 4433 578 7907 9569 6300 6951 3535 444 8927 4981 9140 2673 9063 8652 9879 3388 2796 7061 1090 2104 2106 8049 4885 9956 2026 2981 3688 2731 3696 9892 4259 4317 1005 8155 620 4239 9014 7089 3379 5829 8545 7566 1669 5732 4458 2972 7083 3290 9028 5031 1113 4678 636 5895 2875 9788 2134 8850 2045 3937 
9489 9281 1348 313 7345 7908 8235 675 4919 2920 1343 520 6292 5436 8687 9561 1247 8867 7727 2563 124 7776 5221 5611 8634 1530 4440 7003 7468 4067 6030 3630 1447 4374 2305 6405 5999 8578 538 8884 2313 7839 1469 7641 254 7879 1287 7587 4688 2237 164 264 7841 7625 1245 6553 2432 6818 4828 3146 409 7654 5495 1838 9632 7210 3924 8215 9815 2488 6504 9840 5798 9721 3265 4972 9620 5684 8808 4352 2971 87 7829 106 7660 8812 1721 5169 3032 5039 7442 9980 549 6198 9405 5350 6986 6136 7377 2896 
8144 6918 4830 297 8390 6491 6979 9875 4970 373 3323 4386 5800 9071 6258 6999 9525 7669 7313 4969 8780 9006 7841 8641 6971 2768 5407 780 9985 4272 4948 9487 1063 2555 2829 3640 9750 4837 6330 1395 4106 3451 5615 7538 2567 6072 3837 9953 79 7747 3031 1870 8498 7343 3134 2004 9054 9414 6020 93 4142 2541 7012 9606 9586 8461 5618 779 3846 6161 1555 8288 2617 9123 8210 4697 8681 7885 1576 4488 1001 6300 3209 3421 7033 9641 5759 1061 6069 5725 2088 6270 990 4038 5796 5691 8942 3377 2022 7543 
543 9555 6138 6442 4747 4735 4223 7442 9382 2446 4538 5240 5635 7639 238 4826 3221 6254 980 8619 2070 5155 2553 7456 8146 5885 9095 740 2222 7531 9520 2691 5303 5521 302 4373 7938 6023 663 7308 8088 7083 8560 6134 6025 1324 8560 1215 4007 9417 1848 6025 8668 9701 1123 4066 2374 4927 1789 7977 4569 4468 5055 6457 3744 3804 6726 482 4860 80 5696 5881 4246 2803 1770 9246 175 9927 4544 7458 6358 8591 7531 5653 6891 3271 245 4380 375 4181 626 8106 7343 2731 6606 6690 6192 7278 3759 8445 
6199 8337 5707 1957 8005 3237 7680 7392 6385 3565 9537 241 8970 1659 4650 651 3299 9071 6553 417 1706 4063 4227 7834 9582 6607 3184 3357 8540 8196 2759 2712 9389 1530 1970 2146 3356 9470 656 7779 9951 2337 4544 5976 8953 1958 3858 8995 5439 755 8279 9522 9661 7358 6938 7084 6848 726 7489 1498 7995 6372 9913 1623 2924 7335 2252 3480 645 635 2615 6891 6032 6057 6883 6073 2661 3708 2675 9469 4247 686 9232 3030 6877 5236 5441 8962 3777 4656 9832 2834 3151 9901 5822 5109 4863 8347 3723 6655 
8382 1080 7406 2807 8894 2509 1644 3543 6523 984 6134 6190 9913 6998 2299 5868 8965 902 1293 9915 2463 9640 4951 9924 7603 1225 4886 9032 6446 4934 9042 671 6898 6722 4315 5023 2069 5079 7541 6264 9643 4483 7629 692 5547 2707 4518 9471 4176 9595 9193 6314 2245 9354 1220 3443 4472 6407 3433 7824 6883 7580 7264 3611 8674 7050 3927 2010 5395 9403 4259 3216 319 5224 7338 1108 2382 1849 6532 6898 2491 5978 2811 9419 4643 8616 7735 6737 9897 1384 8787 6594 8943 4461 275 4169 147 1011 5017 8416 
2762 7225 4726 8589 397 2091 4429 1759 7674 1407 3192 7706 1145 471 2839 7618 3306 6173 3840 5670 5960 8970 8682 6456 9071 3824 417 6377 1926 5935 6918 1316 8173 3939 2548 535 4965 381 1014 831 7685 5499 2606 7951 1008 9999 2221 9296 4647 4428 8824 5529 4711 3461 6158 1344 4176 5001 963 1318 4857 5226 8858 4567 2686 1020 172 5468 3894 5686 1587 8012 2328 3365 2661 1884 1662 4488 9539 5081 908 6411 6141 546 605 2576 2913 4570 8923 9424 9675 138 7546 2570 3754 2965 5473 8321 1362 4144 
6529 7153 2907 6418 3356 3556 6862 493 2815 6909 7877 9692 3591 8817 2336 1205 5671 1551 6185 1075 4201 1658 3109 1878 7010 6914 7386 564 5984 4265 6367 428 9245 9742 361 5458 4789 9162 4325 7000 8867 8496 1643 7376 4179 2930 4611 7702 4914 43 8574 9508 8138 2928 179 3657 7245 1224 8136 8759 7713 4936 8999 6404 5556 9135 5912 9509 442 1205 712 9928 2472 589 5047 7643 695 4195 3215 3021 1383 9457 6262 5496 7533 8645 286 2905 2479 60 6336 84 8729 7723 5848 6550 2911 9817 3936 2717 
9878 3674 8815 8573 4812 679 8877 7735 8881 38 9837 8230 5933 9607 1849 3695 8939 2719 3325 894 2901 4261 9332 4877 948 4224 8636 9476 9806 7255 1307 2415 5327 8453 6089 4150 4031 4384 7262 1924 9425 9384 5278 6121 1651 2162 1541 9855 5084 3477 3358 3549 8000 8425 8363 9054 2059 2926 772 8187 927 6893 1479 1279 5851 3136 8712 2610 9710 5539 5921 1950 8972 8461 9700 4027 6845 7033 8460 3853 2473 4293 961 3552 8185 6088 2154 2427 9900 4030 2578 7311 8669 7583 8331 771 117 4714 6682 762 
8103 6340 2686 1397 1821 2560 8116 6747 4212 5251 6005 1175 129 9702 7681 7783 1498 67 4364 7936 4898 8402 8031 8198 6496 6713 9650 9760 4908 8030 9076 2649 6463 5319 526 8859 4750 3590 7073 8715 2302 912 4472 3606 5361 3411 5893 5506 4666 1047 101 2503 2363 3303 7198 6215 6591 6592 8788 1024 9821 4487 459 1789 1711 6587 7875 5073 4569 3520 4252 3232 4712 1680 3484 1645 4253 4548 8515 8779 6841 6795 7485 7572 9184 3654 8150 8339 1834 140 4396 3457 9612 2858 3127 3627 5353 2468 2507 2726 
878 1800 9694 9589 8250 9038 7898 479 7303 1786 4384 7319 9694 1413 8707 8149 3904 4201 9731 2355 6245 8390 5002 606 6515 5289 1571 768 7469 442 2193 5146 4224 4498 25 6484 5079 5678 3737 7621 8930 9781 6192 4828 7536 4020 802 9982 6224 8697 1580 3480 7639 2136 7330 4110 3373 3228 9734 4178 9566 4523 2068 5536 4888 6801 7585 3015 6348 5275 7161 1428 5911 2535 2446 8490 3007 9132 8054 1133 8812 9961 4495 7562 8151 5816 9354 8088 6836 2492 9048 882 1122 3081 4284 2274 8920 7656 9985 8964 