5635 5018 1411 3788 7548 3907 7612 1239 2831 8256 2952 8068 2594 6216 4814 9887 5166 5002 2623 6243 9913 210 57 7442 5223 6720 9003 5331 9830 7002 6427 7064 6388 2508 2539 4706 4698 7731 838 7036 22 4370 3360 3947 6949 6016 3024 2992 8847 1794 8034 1433 5337 4065 8690 8110 3678 1419 8591 4481 3496 3343 2279 8254 4611 3127 3281 5510 58 6029 4915 854 4074 5159 1051 4001 8099 943 9961 7582 8069 4968 9000 1095 9001 5876 8015 4240 1710 3979 1517 9374 1418 4541 1529 3929 1619 6641 8821 2863 
6673 6915 4382 4270 6005 4803 3797 5690 5703 5613 5487 3511 7333 2586 9761 5267 1600 1360 7784 8035 4927 2586 1491 5906 6097 1101 5620 6920 2453 970 1534 5580 2234 1399 6650 9330 2270 8570 8880 1756 9074 3004 7662 4772 3843 691 8201 5289 416 5281 9678 7228 3867 4283 9135 4183 7422 2078 9774 9330 1700 761 8140 1882 3024 7202 6109 8102 3471 6638 6750 4701 8832 6369 5746 821 2678 6236 2389 1847 2415 9129 5023 5377 8311 8842 1003 5162 3472 3973 2315 2535 5656 6999 583 7678 8491 3137 9436 7994 
245 249 6759 2553 2815 4578 8123 7071 6505 7350 768 5106 6638 5134 8560 221 5966 6849 8893 5012 9050 8708 121 1517 5412 4746 2870 6406 1603 2097 8706 6319 9588 9938 2732 7844 5405 2909 4376 1861 1967 9712 5384 9342 7355 4641 704 8957 3715 6991 2900 9962 8162 3085 4245 770 1522 7606 3136 5526 4993 967 9750 4044 3521 5045 5136 1165 5478 3190 1820 8638 1502 8690 1111 5072 567 7604 8709 6608 9156 717 277 8705 824 8965 4089 7906 6092 217 2170 9641 359 6456 8601 7268 5959 2517 9350 1854 
4252 9942 5098 3033 5001 2234 1993 8689 5081 2790 4056 4406 8144 4912 885 5006 5653 9198 7781 1841 4853 3239 4695 8546 573 5463 9540 24 1650 2239 1129 1496 1640 7623 4858 9 7078 8835 4745 157 6934 1215 8061 287 2565 6212 6454 9589 6814 501 5799 7683 7358 2302 1095 8227 4084 6969 6115 4606 9390 7481 5732 2132 9357 3056 2135 8705 4753 3484 4657 5681 336 1669 730 7540 2244 1652 6424 5202 1439 748 8615 533 4966 722 4342 7955 8485 3315 6411 3712 1429 2178 3793 1767 5171 7894 4622 6884 
3387 5530 1777 3299 495 878 2667 9054 753 8944 7792 895 5426 6772 2535 8647 3684 4603 2433 6122 1477 9025 8029 957 8014 5817 612 5728 1714 3896 5728 3359 7383 2717 2094 5803 3629 5052 3365 7238 2892 8030 8034 6798 4701 4109 1316 9373 840 3904 1869 9720 9683 6395 3823 4295 626 6903 326 4798 7059 5663 4697 1375 1527 4083 6814 4729 4493 284 7743 6389 5328 9880 5897 2831 4245 9214 35 9086 5274 5154 8274 515 2764 8109 1194 9233 4544 7683 6525 7233 8566 9344 5444 7065 1945 1105 1186 6581 
773 5211 3052 3133 3482 7416 6804 2272 2749 4665 6434 2932 6463 334 7937 9479 9194 7037 8717 9909 1004 9009 9756 4260 4914 1273 5615 7669 7721 7851 2833 2384 468 9114 608 2928 1360 179 4660 3595 1960 6021 8211 2355 9239 2971 399 9836 8676 2155 7161 6593 9672 9996 1013 9602 1018 84 8809 6129 14 5210 8411 8758 8621 693 8064 2026 6386 6297 5388 400 3118 2719 3938 3478 3984 8884 7193 4871 3767 7008 8187 1726 8954 9351 2697 8679 4711 2621 89 7066 741 3369 7613 9916 3552 1322 6251 6413 
655 4959 2969 665 3142 7024 5122 1615 1430 8551 8156 1648 7921 5429 6339 4899 1048 1923 4823 3374 4 244 8166 7291 5532 7171 1288 2324 5837 4690 1938 6055 9227 9534 1216 583 3798 3571 2798 2741 5597 7118 1689 6103 6106 8920 3638 7436 9095 157 5765 9226 3161 1499 2240 8490 5744 2128 7580 7633 4559 1761 9186 924 3104 1199 5314 9342 5927 9786 5026 6545 4068 1701 2709 467 1452 9003 7289 3257 7805 3036 2283 1454 9259 9572 3796 6422 4798 7545 1368 1698 1923 2468 7473 5110 4493 8090 8759 7305 
8052 4288 2214 5491 7059 5791 5497 7427 1698 2194 4395 7664 286 5663 5110 4729 5728 6659 6767 8759 9214 7987 8052 8538 4471 1929 7461 8897 3390 330 26 4257 9615 5285 1550 3832 2798 9093 5696 6977 1461 8951 2177 7979 3369 6258 4652 8556 8615 8183 2232 9555 4279 1765 474 2809 4565 5551 8945 2308 54 3859 1682 6693 2802 302 4162 6793 1136 6666 8030 191 6046 3277 7594 8628 4807 7835 3701 8292 5054 9487 4292 1668 5715 9981 5472 7772 7984 2004 1669 4362 9087 9626 6013 5066 2535 4854 4987 4934 
4022 8355 7831 9498 1658 2699 7225 4734 6295 3699 2217 8538 4227 2256 567 7947 6978 8413 6240 7387 732 8260 6291 8658 2565 5821 5952 3535 7023 2774 8932 8612 3266 9505 381 4106 3232 7945 4784 8269 474 527 4845 8188 2850 3679 999 7749 6480 3257 1935 2480 2511 5726 3849 1681 3616 6673 5090 2662 6278 1012 3831 2706 7578 5594 9650 6929 58 5488 3805 2228 4907 5584 8168 9948 5661 9466 4620 4187 1003 4105 6638 4623 6441 7565 5296 5026 2062 4970 3900 4934 6690 6588 8500 251 4151 5211 5631 1048 
8227 3764 3041 574 1594 7911 4837 8906 9746 817 5552 4531 1121 9582 6763 8023 7577 7306 9690 9893 3286 1638 2376 3714 1295 3324 790 5464 8423 5587 5683 5749 4758 338 3300 303 546 4220 2484 894 7401 4305 620 3478 4962 575 4522 2421 3613 4436 5686 3526 6269 4083 7221 9407 3216 1133 9889 8868 256 5224 3821 1108 3316 9016 431 2811 1800 397 5294 7186 5445 4461 6949 9560 9824 3304 7715 4836 4483 3699 2234 1225 8245 5242 6228 6579 2134 6103 9245 8026 4193 5711 2834 4585 9035 5184 5761 8831 
4908 1706 8836 7108 2507 7444 3165 4609 7151 6677 1978 1463 949 1480 6090 5061 4835 9875 8205 3016 5076 4161 9146 5014 6201 3884 8528 8473 8673 9791 9331 2539 5541 9153 1733 2765 4026 6932 9628 655 4796 3360 6994 9402 6957 7487 5904 548 8817 4299 5045 4502 8157 432 3410 3914 3316 2903 3661 3059 7654 3375 7826 2715 454 5536 7119 2374 8240 8612 5653 6300 4782 8923 3558 6283 4139 914 9472 3191 4855 7787 725 3041 7976 5576 8005 7411 9655 9128 3359 7760 4469 395 7829 1642 3832 2218 5363 1478 
9325 8438 7641 2163 1151 1684 4747 7889 114 8540 7492 2348 3653 8634 1329 8431 3686 9530 4298 6334 6635 5883 689 1525 2374 5362 6324 5435 7788 8240 4123 9573 323 3743 5098 9361 785 238 9134 7468 9955 4241 9400 9140 7381 4067 1035 5649 5192 8039 3115 284 5343 9784 6965 5976 4796 6065 6994 4406 7487 5904 3720 2249 9022 6295 5615 4369 2110 5335 3357 4057 2035 973 5397 138 3360 6526 5214 6376 7535 3482 9538 8110 7696 4929 319 8228 7601 4282 3232 2055 7363 426 4908 2604 2752 3367 9193 8099 
3602 965 9130 4605 6633 5004 3596 7349 3360 4620 8911 5361 3688 6752 182 1593 7984 8971 9530 2326 8072 5094 2463 2927 5150 9786 6656 6405 3213 5001 2024 593 9103 2077 9173 9047 4747 3998 2317 6056 3196 9857 9837 6919 4126 442 7818 8767 4594 8999 8050 8294 4867 877 6087 9860 6079 7701 4557 6297 4210 5175 3014 882 4294 8297 3626 1486 7329 2117 3282 4990 5976 1919 6752 284 106 5121 3749 1156 479 8748 1441 2266 2301 5817 8236 3004 1225 3739 4851 4773 499 6044 5697 172 2387 3190 8885 3420 
918 5767 9782 4799 3950 7835 2881 7332 2858 6293 9882 4559 7160 2560 7209 6062 3537 6118 2762 9910 8843 7554 3275 7587 8071 6629 831 4368 5645 6490 8957 2232 1652 9795 8867 5166 8880 1101 6033 5594 9067 7465 1247 1878 1219 4293 1637 2487 6666 8030 2020 7561 7414 6719 6226 5101 1584 6684 7004 5549 6155 4186 9632 5659 9458 7334 855 429 332 5628 4596 3884 5479 9190 8549 3432 5496 8764 6739 7029 9856 260 5391 2405 7366 7261 4367 6023 8813 9973 8350 8206 9437 3050 6577 5974 9340 7207 573 7952 
6269 8629 9073 8157 2903 754 3059 8390 3828 1470 1063 2352 764 6040 8262 1597 5281 6649 6673 8519 9001 1574 4598 3750 8897 3319 4231 1884 1662 2041 2991 9907 4743 2043 7215 9982 9192 7873 5217 667 3122 5825 5770 5465 4168 8443 4262 2889 5478 2907 6943 6862 4755 2425 3711 5975 2479 6610 5841 5580 8240 998 8875 3059 1323 2842 8981 3393 6943 2766 2592 5417 6713 3064 4269 4802 7933 1203 3730 9745 699 8887 5744 4539 598 3029 614 5153 276 1420 9679 4449 9135 6342 2626 6490 6349 8887 7235 1044 
4019 9216 7780 7094 1735 640 6490 1977 3398 7355 4750 5014 8064 5716 5577 8452 6502 5824 9520 4133 8926 8210 3500 4665 2810 3631 9004 3718 1856 1879 3956 593 2319 3472 8631 736 7699 2118 4760 7103 2717 2686 7314 5018 1717 4795 8178 2698 4524 5884 9419 827 9747 3612 9629 242 1247 2508 5090 6848 9459 1183 1724 739 7654 7774 5686 4119 4317 7046 1825 6788 8161 4323 3516 4053 3756 9540 6432 3737 3256 9106 5088 4357 9125 8712 760 5168 481 1630 5675 3708 7553 6705 3848 341 5493 3724 8048 3077 
2584 3176 9011 5705 6277 7966 9615 8858 5495 1858 1227 1065 2680 6578 5994 7449 8281 1921 6492 2290 271 2274 4828 6892 9617 6477 9697 6547 5511 5123 2931 7804 3682 3907 9499 160 7482 7196 587 5516 4941 5598 4411 5901 542 1580 4164 8316 3028 4828 4047 3414 3703 9902 4485 2849 7737 2586 2290 1533 4824 5563 1400 6344 8761 116 4940 6856 6111 2157 764 6185 5059 4596 1369 1272 6586 797 885 4136 877 9640 9627 9808 7779 4111 3841 6525 2050 3629 3016 8368 8424 7132 9486 8080 5854 9805 3676 6452 