6380 2532 9861 8841 6602 5267 3444 6960 4977 7470 911 8475 7814 6504 1644 7712 1505 3683 8458 3641 2935 4838 1819 2743 3220 4363 3016 121 5145 7384 4307 9198 5859 9133 8716 1194 4877 1415 7812 8743 8020 2862 2083 2751 8560 4661 8573 7818 1384 4403 1914 9472 1279 5059 399 544 4258 96 3769 5004 1529 7179 452 9179 6377 1858 1002 3855 6495 4845 6182 8214 7260 5960 1292 2478 7477 1016 1678 431 9512 2921 6650 5695 8114 1239 8355 4374 4852 2147 1118 468 5193 1145 1069 9026 2981 7143 3396 1279 
1081 250 6324 1460 4005 8719 3944 738 1849 3114 1692 1741 5821 3146 4701 8484 1326 7472 7961 799 1461 1971 4049 2480 7880 1806 1055 930 1008 749 3986 9668 7075 9788 501 7439 9183 2943 9014 6228 5829 2777 5909 4818 6741 5201 9481 122 285 7937 178 1765 435 8649 2850 3790 4276 8363 128 4596 2101 2689 7643 1450 1757 1889 4726 8029 2708 3099 9136 6014 2737 6204 7191 2863 315 1999 3183 5480 9780 3905 9919 7140 4350 104 4796 2747 6162 4311 3542 5575 6738 5672 7479 1076 6928 9506 3000 6228 
1025 9153 5649 534 7576 649 8356 2187 9115 4848 4515 4470 3991 4603 8679 6255 2958 4446 7731 3080 7550 2596 6350 3071 5572 6811 243 6799 5825 4710 2672 6677 4306 1472 2935 3567 8809 8253 7854 883 376 7318 8790 1726 2068 5551 1388 4514 3745 8430 9042 608 2647 1837 6492 1120 9788 8815 7637 3709 7429 8306 6957 7438 7350 4648 2476 2374 2778 8262 5508 9414 3415 2071 1480 3881 3735 444 2141 509 5228 7503 2246 6779 4025 4238 8317 2733 506 5942 1070 8051 199 5107 9418 5593 9996 3023 8131 3662 
2443 907 5701 3232 1735 7572 4882 6846 8622 6243 1144 2590 3747 1606 4311 5851 5435 4985 6933 3589 2097 4882 475 1068 8873 3858 1981 5001 181 8630 3960 8278 9169 7173 7048 7348 470 6714 8622 7051 5365 316 2962 7857 2681 5683 8750 2827 8267 2894 4545 8704 1343 9035 6927 1753 4563 545 7714 4467 3978 9964 4141 8691 1494 7770 8092 8573 2316 8510 6654 3842 5772 1804 4873 1431 514 9015 6700 7076 424 6125 735 3628 7373 5631 7757 6754 2046 5072 4735 2616 6886 4405 5743 44 3076 7654 6254 1262 
4562 7045 6499 280 6707 5740 8601 1095 8222 940 3421 1390 9991 4163 478 5794 9738 2996 9425 5975 1361 9003 6265 1455 3642 9541 6335 5839 1624 3080 4332 3500 8062 5945 9070 9776 6134 5076 9359 8667 8373 1848 3571 2825 574 2275 8615 9157 8640 9147 2732 2957 812 5910 8476 6800 26 2768 9932 4399 1598 5063 1863 5787 9054 1634 1031 9371 7910 6435 2537 8844 6817 731 5126 5568 4899 7302 4315 5326 9990 6931 8468 8080 8915 3835 8819 5669 6354 7859 8035 6156 4652 2245 9241 1314 7267 1687 1333 7243 
3930 6393 7016 9790 4616 5692 6122 5711 7147 8850 7915 7684 5337 470 5364 2569 2562 8313 1454 2955 8130 8190 9391 730 9237 155 8896 3781 8839 9438 8919 5300 3253 1270 5004 1045 797 4225 7624 1874 1278 4433 9975 1044 8690 5109 5947 7872 6559 9557 6533 3791 9671 9832 6118 1843 4326 1418 4571 3984 1717 478 1600 649 7076 5107 5806 1750 3721 7956 907 7646 9397 9248 9344 5166 3275 9605 9531 438 9483 1294 2450 1835 9177 4806 7960 7745 1527 5319 4492 5592 2780 9729 8656 3122 3948 9042 6023 8124 
4294 895 7877 7399 9031 6873 5378 4983 7256 5947 9679 1648 2708 7357 8821 5923 594 5774 8063 8674 2389 8049 857 826 3578 6202 4267 3871 4269 8034 8858 6798 3705 4896 4701 9532 8508 4109 7022 472 5517 7684 7774 295 840 6092 9311 3904 9518 4525 9735 7609 510 9683 6925 5108 7987 8331 4752 3796 6726 326 3863 3797 4798 7545 1368 130 250 4395 4697 7664 286 5663 6814 2763 6852 7517 6258 6152 1917 3747 9964 9364 4535 687 4331 2257 9774 2178 4169 7969 1563 2835 3508 518 6682 9663 3405 8094 
3959 3640 8452 5657 3958 991 5378 7201 6427 7064 8240 5706 9121 1175 6104 4446 6866 8604 5604 1390 7073 5562 4782 6718 2214 6108 4319 427 4294 9190 7483 115 6834 3074 5697 459 4927 7875 4569 1570 5883 1525 4758 7388 4653 4660 229 5123 7033 5379 4847 4319 3583 5525 1061 5298 3804 69 9296 4353 6131 2369 8335 815 3095 6128 8144 383 4443 8185 3164 1341 4190 4084 6647 5476 68 8547 558 4612 2612 1680 7908 4679 498 5927 761 6910 7261 9429 4735 7565 2944 5720 3029 1473 1166 3363 7225 6015 
9339 5280 9201 6898 5401 2376 7976 679 510 8934 9985 4562 9372 1038 74 6282 243 1403 579 2114 5034 3512 171 4563 1731 6210 7203 8356 1820 5421 648 7536 7400 1491 227 8030 131 5862 7366 1813 2768 2394 9957 80 5881 4246 9399 1056 4135 3243 7191 7491 2836 4181 5126 6389 770 5022 8092 4444 7827 3847 785 4975 1393 1728 3765 9352 5296 9208 2922 740 9018 1940 410 6923 8828 4253 884 7751 6381 5457 7319 4925 2177 8753 9635 7984 1006 6864 2807 1382 1093 5370 2919 2832 7822 546 4852 2843 
4460 2576 2913 4570 8923 5221 5783 1632 5793 636 5028 5728 9371 7386 6129 5432 1349 7622 6817 5528 4002 224 6395 4295 820 5253 4108 1632 8170 5193 4578 3933 5077 1182 6985 9708 8383 2162 1108 1394 6901 392 8725 24 7831 4814 9333 5393 9425 9384 4982 4888 9790 150 6379 9760 4126 8096 8160 2551 9058 6149 7157 2690 6422 522 2384 550 2193 550 2823 5585 5534 6212 2730 3258 9980 4949 7804 1804 7072 5477 2614 7647 3534 3402 9382 5270 2344 8323 4307 4617 6495 1423 6795 562 6516 6971 7044 2968 
4649 9814 7522 110 1452 2739 6092 6195 3440 3104 969 6422 3737 7345 2739 2991 1459 550 5309 7549 8721 2458 5969 977 3591 9338 2621 3893 6502 6010 1611 6952 8841 9546 4962 5275 5523 5470 4359 5902 8663 8968 8382 472 9774 1249 4686 2197 5014 7789 4562 3409 6656 7371 1316 7664 7591 167 9603 8605 4078 5936 6067 6793 8338 9455 8608 5343 1550 236 7408 5082 6357 3002 5668 6428 6269 1951 3368 3928 7220 31 8675 6405 8233 9758 1631 9614 3061 5990 8033 663 6966 9176 1759 7415 4207 8730 2370 8301 
3879 319 888 1276 7692 1780 2172 1156 5867 252 6096 6932 9975 3603 9430 85 3632 4124 9776 163 3677 4428 4995 5962 3461 2621 3016 1344 9970 6548 4205 9309 4263 1269 5184 7066 8876 7849 7618 8146 7613 2380 3981 7581 4834 3869 9407 4387 3553 8023 9907 8866 5326 5783 2887 6047 8216 6534 4197 802 1874 1458 2770 2134 7376 9710 7305 8388 7765 9868 4302 5583 5820 9027 365 1337 8998 1887 521 3664 7019 4934 3449 7798 6636 8686 5170 9689 3458 6989 821 3635 9885 8038 3549 6921 5271 7277 8408 9117 
939 622 6098 112 8967 695 8670 1104 4583 6375 2987 3926 6266 1945 9106 542 7740 5463 9661 7552 1455 7294 7076 8854 8376 8835 2582 1212 5898 3167 6563 8136 6897 7396 1660 8573 6319 2356 4081 6392 2548 3781 6507 6804 8775 5413 4819 9378 4077 7780 7768 2114 9321 1879 1250 6430 2278 4983 5437 68 5367 2159 8440 9190 896 8038 1043 3533 6870 2978 8171 7117 445 4963 6145 2775 9030 6155 399 8546 6860 7938 6202 762 7896 1500 1277 1999 8064 840 7309 3280 4049 7098 1832 4963 2336 3804 6476 1713 
779 1304 5975 8158 1981 7317 2069 7989 2117 190 8618 699 5353 3427 5751 5424 7859 6985 2145 6425 1502 5876 7831 6341 8811 7262 1924 472 7922 4031 2105 179 5976 8018 8114 6036 7130 3483 9076 5481 6352 9514 9700 2570 2315 7679 5940 1862 4821 7339 720 1583 8004 3007 9490 540 7175 8386 5135 2294 910 2503 6317 859 7267 462 2439 1084 5987 5968 9019 8624 9292 4962 1923 2820 2766 7848 9911 5991 366 2405 58 3463 1121 3142 7297 4760 3082 3648 6191 4176 8701 4948 1248 22 692 7809 5020 6141 
3304 9135 4007 9412 9557 5340 4263 5613 5661 407 5884 4410 8608 502 7580 1430 321 342 1958 3494 1541 7891 2947 9712 4126 5994 1320 9728 2473 1089 5502 884 7700 6953 1026 1420 6428 5919 2270 9529 7060 5716 9956 2000 5265 3427 2049 9091 3699 513 6169 7411 9566 2068 3396 9629 5478 2548 3800 1451 9532 6644 9057 2507 1074 7773 8481 7214 3362 447 5244 9636 4576 3340 1208 3455 8805 4319 9527 5112 8177 5683 2058 435 8844 9261 1752 9847 7916 9952 3467 2548 2091 3447 8759 7427 1952 958 5135 1759 
2407 5223 4585 4966 6243 8114 9444 982 7356 4468 2079 3014 6001 9494 9325 4893 5350 9862 7340 5098 4935 4176 4724 171 551 3779 3437 2986 6513 4139 2588 7523 5556 8052 4919 4894 975 8043 5896 8985 1452 7960 2879 6944 6491 5128 3202 9114 1500 4817 9817 94 9080 9326 8363 66 3368 2154 3525 3443 6677 6746 2690 2278 1061 6442 2260 4701 5069 1815 5604 8284 6914 5202 5885 1814 6820 8078 7474 7295 1647 5001 676 4825 101 3629 5587 4129 8622 3112 2011 6707 2277 9679 471 9780 773 2514 5398 296 
9237 9643 7833 2528 2080 4176 8109 2590 637 9444 1048 2998 2565 4995 5744 719 77 5340 4689 3595 4104 8508 7946 9370 1444 1358 8686 5043 6085 1319 9090 2877 3333 2510 243 9194 6202 279 207 2932 2535 1130 9002 2652 7633 9812 1109 722 7510 415 3496 237 2073 3590 9613 3475 3316 4349 2795 2509 6833 3413 6791 1696 3499 1065 3371 1186 5413 7364 9952 8842 2550 7542 7970 6570 9878 3937 3330 2291 7101 6184 5415 8649 3195 4213 5949 3036 2105 4433 6753 6083 5004 5227 7641 8465 5503 4845 7887 6288 