8117 7973 275 5511 5562 7804 3682 2271 3776 2530 9051 4774 6601 8969 8457 7791 9314 467 4929 4144 4706 7324 9977 2958 1306 9659 9852 888 5564 3274 7593 2324 6713 8240 7537 9121 3620 5590 5504 1877 1581 3794 2119 8501 4995 7854 625 6174 8629 116 348 2673 6381 3126 9009 9503 4335 2299 8149 5802 1722 401 659 1034 8741 8023 1711 8780 1328 4933 4911 6008 8666 3481 4130 4598 3716 4037 5411 6192 580 9840 9006 2120 1507 3969 5811 9618 3603 1551 6338 5690 9513 4133 1489 6162 7169 9491 9972 1987 
1681 4675 9300 5163 7047 7663 5515 621 7614 3728 4783 4940 4800 8328 5650 2332 4931 2099 2179 7350 3836 3261 2530 5676 3496 5855 5325 8600 5190 6950 9530 9626 1123 7863 7650 6287 3190 3722 6862 1837 7513 2647 5344 2654 3433 2576 8863 8517 9241 8495 1682 3378 3289 7705 2914 5100 2481 2530 8505 2513 354 7 3812 5189 8016 5117 2154 7377 2610 4196 8760 7707 2630 4300 3288 2121 4053 8248 5898 5153 4362 3813 6023 766 8160 7026 6909 3165 5430 7957 5852 8042 9536 4630 6943 7489 678 2874 8250 1469 
3042 2829 810 2167 6448 6015 6918 7173 2144 8294 1338 6162 4629 1683 3912 3877 2239 1813 364 2696 1247 405 9525 1306 4269 7492 1683 3375 4514 9141 9601 5460 5443 378 7131 4119 4981 4732 4589 4271 6499 9615 2694 8875 3298 3869 2608 1966 1321 5436 9599 9669 7723 9980 1985 8027 7366 5145 5132 6179 6136 8427 4840 5760 9871 5894 3742 4556 9496 3946 3989 73 4886 9312 3632 3178 7136 8377 4068 3573 9998 3065 3444 8199 2741 3115 3236 9064 176 3207 6175 1835 2026 977 237 9562 8853 2758 7589 8676 
7709 9800 5745 1060 9781 5858 1059 3412 9116 4535 5493 8766 5839 6094 6379 8183 8924 5904 9689 4509 4593 3910 545 6310 5830 288 127 7408 2741 199 2933 4142 7197 7261 3701 8832 7800 5888 4029 6898 7074 5576 523 5660 6018 8982 7057 2172 9979 5556 4373 6386 9478 6438 5140 917 2707 2453 4594 8968 3459 1048 2809 8029 4974 3738 7020 3793 8463 5225 6326 493 1084 421 6085 8838 6142 1532 89 8383 1359 9183 4335 8294 4937 8375 3532 1735 2908 2626 9349 4331 588 358 3652 8531 7004 6435 2187 6882 
7252 688 3599 6873 7497 461 2220 2457 4468 3520 212 4629 6792 7205 9967 1213 954 482 8351 5879 1043 9254 2400 5097 8925 7338 3479 4132 7048 363 4112 4763 913 3938 7032 3427 444 742 9377 2759 9389 3058 4602 3195 953 4823 2806 2066 8963 6066 1116 6088 2410 4685 2999 8157 3620 7036 4771 2822 5220 8928 5566 4967 4908 5625 3764 2385 2992 6779 9410 9649 8240 6423 5774 3156 1333 6598 2890 5700 5873 2012 803 5871 2035 3948 8044 2544 4748 7901 9520 1817 3784 4084 9903 6835 7851 5493 2606 5038 
6315 6579 7213 5486 8522 9649 6486 6325 2601 9680 6674 4107 611 5707 1837 3920 5050 8781 7611 8881 5922 7686 5390 1805 5689 4803 9860 8485 9553 7664 7892 9562 1659 9486 6581 1676 3899 3585 3696 8124 7869 5909 6553 6613 7585 4562 1159 6466 8553 9337 1258 9899 2848 978 4806 281 6708 6752 4748 1233 5871 277 9000 4007 4173 376 2097 2877 3562 9434 5513 1231 5936 564 4571 5793 3681 2187 4656 7534 1329 3344 836 3446 4803 1188 9747 2341 8240 3415 1462 8224 9501 2775 5539 7510 5977 6587 7706 4280 
9460 4570 4493 3109 625 8781 2650 3951 8851 7334 4238 2766 955 9368 5728 6316 7565 6795 4493 5721 2201 6549 7493 8599 1697 47 1514 6954 4248 6994 1945 9017 4057 5004 5533 8319 147 4912 9412 8171 9898 5157 8533 5738 5078 6891 5953 4686 2282 70 8149 7350 8648 435 116 8436 6585 1318 6478 5542 9498 4498 3862 2051 7342 200 9045 437 2328 2810 8369 2067 3799 3623 3954 30 5773 9634 6743 8689 5974 8425 6563 5238 9967 7531 4761 5365 7643 3148 4647 14 4195 2620 3183 25 9855 4503 9164 1784 
9445 5020 7676 3548 1500 4441 4542 7427 429 6515 4109 27 563 1612 655 9872 9963 1959 4437 903 5852 4046 4507 4306 6584 5304 8869 3147 9843 6355 3345 3880 3100 3551 2245 3170 8703 7670 4007 6539 3088 4044 7790 4106 7855 8008 5279 5756 8683 6063 2576 4917 6514 1041 8797 6544 8659 4143 5180 3365 7179 7895 8903 6122 4372 9383 4186 7153 6943 617 3796 6726 4288 1368 7427 2468 7664 4083 4729 1788 7743 6767 8090 8759 4035 8341 9439 4269 4258 1441 3941 9647 6291 9122 3293 1967 7113 1664 2580 6793 
6978 2421 2280 7612 9511 6098 7861 9725 6464 6447 3363 8741 4387 9888 7030 7220 5362 324 9187 5306 3789 1195 2721 3119 1383 8889 5348 7798 7340 4341 58 788 3421 8823 1528 5064 8558 6447 5234 1987 9024 3939 1216 8062 7022 583 7388 9162 3798 4358 6302 9533 2798 2741 5597 1376 7975 3461 3351 2517 1449 7409 9017 6103 8337 9898 8920 7279 6441 3906 3439 6926 157 4389 5754 5765 3994 9691 9226 3698 3161 8095 1499 571 6007 2240 5206 2113 8490 478 5744 8537 7580 7633 6923 7372 4559 7080 1761 578 
9186 7526 8877 3104 4622 8391 2473 5314 7335 9342 1321 5927 9786 4417 5026 5531 6545 5053 4068 2461 8985 1701 9384 3410 4394 7466 2341 8797 3213 8715 2413 5352 2487 1136 8030 4010 7414 5695 5812 9348 6525 4175 1215 8966 1342 4922 1335 4580 7984 2633 949 6489 7099 2798 8368 7002 4998 355 2473 6974 2082 9593 5372 5621 5860 7765 6175 1905 2783 5612 7373 5344 2739 7808 2783 6491 3792 5572 8868 5898 8267 423 167 5508 9981 5126 7050 2499 8397 1353 9122 3721 585 3217 7776 3291 4445 6822 4386 8304 
4198 4499 7361 7853 794 5004 3502 2070 7440 6672 7512 6793 4154 3181 6821 657 7176 7806 7995 4851 6023 6868 1991 622 3724 9902 571 5271 3157 8279 5253 6533 3110 9616 2838 4372 5469 8474 9294 3317 5774 2320 6590 9640 6452 5762 1805 6536 4622 5314 4417 2113 1210 1555 176 6920 3250 3937 1304 1841 492 4802 3109 625 8781 7933 1531 3830 7382 5998 6795 4802 3109 625 8781 7933 1531 2866 7334 3893 9573 4147 6719 207 1395 6798 2901 8720 7196 2451 2744 8706 7160 7197 6472 4209 8565 941 3845 4372 
9597 1920 21 8637 8993 1754 3673 3004 8843 1579 2218 8113 9047 2539 8474 467 9526 677 1596 2728 1304 5975 4980 7413 7989 7454 4896 9532 4109 472 2958 9311 7552 5019 9720 510 9683 6925 3823 5108 8331 7704 3796 622 8843 6461 3797 2591 5153 8817 5340 2948 4486 2272 2783 6607 6075 2112 7753 3643 7278 4777 7331 2130 6590 6475 9909 7761 1451 8548 9957 7723 2508 9151 1971 6870 5467 6942 4611 2494 4711 5314 7107 4379 4138 6428 2019 9900 3959 5287 1392 5485 4197 7519 5658 8345 1504 3618 5471 613 
5147 6234 6217 2227 8407 9855 437 8619 8444 4930 6426 6780 7874 4355 6925 1297 683 8544 1012 5068 4069 2678 6697 7948 2978 2644 3066 2750 8378 4808 7606 6279 2697 655 3800 7826 63 3109 6652 9294 3317 5858 9422 9639 8736 8515 8812 6604 3735 4464 6356 3257 3023 4602 190 6795 7485 306 7016 9184 8311 8167 106 3926 4877 7789 9082 394 1857 1358 8406 7126 7411 6438 939 6101 6549 6754 4226 48 3612 1721 1960 379 3020 3861 4599 2479 5727 8699 7029 634 7721 376 4599 6935 6948 6024 980 3787 
2446 1434 4185 7207 6460 7169 1590 1711 6227 5383 5531 3451 1776 5243 8797 5615 8398 9444 7427 3405 5863 8613 979 1341 7245 263 7019 6367 8047 4178 3959 3230 3072 3646 6467 1453 963 6816 2444 5962 7444 2162 4262 431 4046 6136 3166 8895 7577 9179 5417 364 1236 9290 9789 8826 4301 2626 8620 246 9587 1626 9921 4214 1160 2232 3324 2582 2068 4247 9266 1482 1208 1667 4363 4641 664 8956 9085 6662 9839 2665 1916 8788 764 9901 2581 3014 7175 2281 5862 4625 3182 5373 8587 7068 3272 9870 2845 1292 
9891 6334 9396 9939 672 5650 2719 2970 5286 4726 4657 7062 7843 8191 422 7538 4837 8844 7457 2726 2167 109 5151 495 5153 7370 472 2743 4568 7651 1821 1796 2602 2177 9818 6297 827 3536 3631 7735 3699 3043 6470 2381 6397 8130 6696 5567 6836 7608 182 5311 5066 4466 9563 2312 8556 3379 4491 5747 3947 594 3569 5169 3135 5868 8520 6860 8965 2207 1480 8137 1166 5590 4168 36 2363 5620 2491 9569 3655 2415 7579 9235 2755 6072 8158 6404 5213 9034 5143 3814 388 8827 1147 5401 3497 4805 9364 6060 
9174 3092 5216 9814 5048 5795 3188 972 1295 1798 3237 9154 9870 4299 7161 9051 3493 190 6387 1317 108 5379 4561 1914 543 3953 3935 5640 9308 5920 8397 5651 2592 691 990 9281 8092 8203 5936 2873 9916 5019 4764 7895 7290 3444 4218 5686 149 2731 2506 5025 7122 6491 5455 7316 2389 4301 8733 1722 9308 9554 1920 237 5932 9085 6884 1386 5380 4129 5755 7988 704 1492 3166 5593 1796 5124 1303 665 9445 9975 1771 3244 9118 8923 4453 2574 7473 7756 4146 9043 6679 7066 1321 6199 8259 1088 3176 5788 
4714 3734 5666 8956 7090 6759 1128 6254 6139 7380 5451 8304 9099 2 4477 4782 3709 6820 3843 3708 1007 7142 4080 7094 5269 8816 4858 8909 9447 3460 3315 9688 720 6458 4632 4444 3121 1346 3831 7775 9415 2756 8501 6990 9303 5706 5740 3309 6201 2525 3395 1974 3678 2862 2488 9035 8919 5068 4344 7994 721 7508 5857 5384 6435 4113 472 167 5448 9795 6868 7855 3008 1906 4499 5814 1499 8170 925 9678 7875 6495 4575 3027 5266 971 3513 6640 31 5155 7470 699 7932 9164 7833 6402 6433 5567 726 683 