1397 4654 5008 9847 8585 6875 4135 3285 1579 6265 7956 5575 3393 1202 3183 5192 1382 4913 839 1456 6859 1144 6957 4396 6402 7239 198 5661 4276 1632 89 7111 8255 1849 7903 9911 2917 3243 3752 493 9408 8218 7999 308 8334 3619 2707 6784 7552 6605 8749 6480 1900 4904 2953 2868 7585 2786 5112 16 3241 8336 8386 1420 9054 8213 2734 2703 9095 9914 90 7900 8579 6495 6119 5300 8668 1981 472 6067 7631 5714 3305 1326 5525 4150 7805 1261 3910 3314 3637 8402 3151 6985 7047 5283 6072 5433 9078 3007 
2767 8020 5918 1139 3835 9675 4838 7749 3922 9284 6053 285 2168 544 9463 5420 2436 6434 7515 3800 7979 6234 7941 5002 1702 3502 2319 229 9399 3404 9176 3469 1815 4498 2355 6333 4591 7191 354 2671 2082 2798 3905 6436 2382 6303 9285 1567 7427 2198 482 5192 6692 4627 2744 2323 7197 533 6895 2370 1920 4372 9597 21 6991 1151 3202 1754 856 8863 8591 3209 7491 5653 6891 2836 1526 586 6083 738 7508 2376 2703 4425 2013 4688 6168 3385 1666 4101 1578 2080 2613 2379 6896 2076 6566 8459 7199 9342 
1191 3452 5425 6630 9786 507 8500 9046 625 2771 3400 9150 7403 1909 2596 9456 4485 7935 9842 362 115 9209 9495 3180 1032 2453 6125 151 8874 8869 8364 8870 9605 6099 3286 3942 9802 1548 1577 4336 8380 6201 9616 4673 9124 2311 2125 4551 6070 6103 2838 4238 5944 494 6936 211 7536 8613 4884 3849 4335 5493 1955 1235 3964 5151 2456 614 5321 2417 8742 6444 7891 5457 2843 7608 282 9195 6184 7816 4132 8084 9170 5457 6201 3258 8161 4831 802 8930 1463 368 1612 2496 6847 4506 3352 5827 3020 6358 
6427 9181 7797 1381 8334 9042 3877 5889 1295 7122 7772 6355 2782 933 9449 810 5616 6289 954 3120 8902 5994 585 3160 1219 4114 2997 1301 6845 456 7491 9408 9974 3697 7105 6854 8652 8125 4766 3270 6303 1011 199 4357 2292 6322 7028 4990 1374 6619 3796 5932 1858 6563 4829 9940 9832 6994 5756 3625 1774 6452 917 8864 5048 2043 3312 8260 7210 2838 2894 4692 3671 7248 4554 3934 4668 6928 4895 1952 9619 4181 9781 2895 1171 5776 4771 4563 1555 2478 8799 7163 850 8267 3145 1742 8781 6110 1261 7987 
8120 7872 5673 6678 3362 1404 6893 2505 3913 4456 1887 1099 8578 1513 2958 2062 2571 331 8373 2908 4896 3248 7808 193 3675 6588 7586 6239 275 6287 8973 2245 2878 8598 8281 3243 876 1151 6156 6502 8961 3092 9809 5221 2750 3855 4757 7345 6921 9348 4116 4085 8202 1365 1638 3348 7421 8928 3018 6864 4622 9839 301 9928 8942 696 5330 2005 1204 9980 3541 209 5831 7626 1788 7057 9004 8236 755 5781 4622 6163 8478 232 8252 7930 8593 3772 2501 855 9436 4134 2912 4651 7684 8608 1024 7630 5852 9721 
4818 3248 901 3683 2975 9820 7243 6223 6280 1975 3937 6254 4657 8301 6764 9399 5459 3473 4103 6308 5887 3104 9143 6913 2588 9683 5975 8158 3338 961 8618 1912 6388 5101 7051 7851 7831 8187 5780 8954 2588 5393 2218 43 180 890 9934 9179 524 7243 9311 5743 9163 4816 4390 9310 2 8891 4003 5649 3666 4640 8965 1657 4774 682 766 2078 240 680 2053 89 4329 9217 7026 2131 9266 3268 2879 8575 6843 4929 7599 7183 9607 4557 1253 8594 9524 1716 3832 3107 6212 842 4492 2388 9521 6525 3160 347 
1201 9699 7255 5984 9460 6944 9742 1680 6689 4789 86 7932 194 7378 4933 1648 6274 4614 1328 1828 1482 1558 1138 8342 8737 6859 1221 9771 733 365 4798 9465 8197 7688 4861 8935 5424 875 2815 1148 1984 9361 5424 111 6962 3720 9702 6964 9977 7645 6462 1232 8760 6404 6476 5490 4784 8101 4081 9156 4746 667 8028 1537 3921 7426 4985 7213 6064 5265 2956 9567 7476 3343 8240 6520 3758 3943 7704 9036 513 2845 321 8324 5418 6564 7401 8652 5158 2459 4730 3116 1848 7556 2618 6673 4670 8577 6610 3028 
3233 1925 9912 5482 6024 740 2322 5249 7464 3989 7792 1717 2675 3298 7406 4556 3548 6372 2301 4962 3151 3824 6499 7418 4825 9700 6011 298 4761 9808 4440 5441 8213 2513 8543 7131 8518 2316 2614 2483 415 8280 8142 9293 42 5419 1604 3424 2259 5922 554 8971 2165 494 4371 5931 909 8058 3292 470 9010 1385 6217 1955 1683 9809 3964 5825 1136 5748 7593 162 3206 5099 679 1758 6744 7479 6941 4793 3875 7446 8474 4432 3317 5858 2320 6590 5390 6486 7691 695 3211 5337 5966 9616 4673 763 548 6331 
4932 7418 5798 928 6070 8566 5137 7612 6234 8685 3078 960 4621 9532 3043 2374 4316 3815 4926 1289 3928 3659 3184 5294 5227 6747 2764 8240 1194 9694 1962 7744 3131 1328 4394 6805 4670 5346 6925 4075 178 2561 6874 3425 1429 652 5642 6413 5577 535 4617 8971 3177 7732 7234 4562 1740 8689 7526 4405 1242 9897 2990 7661 6988 1970 3244 348 1795 2778 2183 4171 6488 8037 6211 8336 3577 8722 1420 1191 7573 9661 6112 8258 7681 981 5483 9430 5116 8182 8801 172 6814 9912 3835 5057 1981 3658 5381 4434 
4668 3745 42 866 2893 2679 321 4398 3859 4762 6270 4284 7183 5845 9520 4462 7245 4545 622 3724 6329 8921 4890 2043 3069 3362 890 8815 9270 2711 7601 578 6159 3959 5059 4384 9568 3242 7355 1882 303 4176 5626 6370 5408 7307 6307 8101 1667 7147 9420 213 1835 3410 3902 4992 7905 3476 6171 4566 6080 2159 3277 8270 1934 2658 4589 4424 9145 7787 8776 1998 3865 149 3541 5470 9273 17 3789 747 1638 8543 8941 2542 7073 9286 181 7227 9689 1629 9774 732 2332 8131 9413 9318 9608 3874 2544 7642 
2399 4025 3717 3641 6668 3423 6073 2199 927 3308 2372 3673 4264 5263 2217 2614 9457 73 5200 8265 482 4860 7045 4330 2339 7922 8540 7808 3975 9379 9614 3359 5549 8445 4263 7835 379 3381 3020 8496 4858 4599 193 6567 6813 5192 8084 5727 2143 7489 4631 7840 664 7029 3044 2002 9240 8567 9986 2988 3929 8006 2638 1929 9172 8606 2348 1003 8431 9530 4298 790 575 6193 4033 3433 788 449 2128 7071 8240 4123 8783 7519 8859 3590 1222 3352 2788 1250 5770 9564 4168 7497 2247 6608 780 9411 8968 4094 
5484 820 6920 8873 2775 2165 8853 5618 5864 621 4361 5071 3944 5398 8321 21 6294 8421 3524 2081 9896 7523 1580 7050 1349 2071 9712 2452 3507 1871 1780 2943 1907 2544 1632 1821 148 319 8687 3232 2055 6924 6843 7841 5450 8514 3602 6821 4241 4605 6633 4284 9545 7303 4606 8250 8659 933 9230 4143 6023 5180 3365 6928 2044 7019 8933 7433 953 1666 9012 338 292 1143 2702 2 7731 7820 2247 1949 2989 7153 7715 8533 2081 9130 6358 3470 3005 5222 4252 343 2381 5388 4546 3557 3776 7132 2955 1633 
5197 9928 9094 7551 2523 9897 7029 330 3323 9071 9328 3859 1873 1857 906 2495 7922 2111 6455 1466 1784 9445 420 7866 9663 1637 286 6095 8985 3939 4899 5860 9222 1066 750 2218 9936 5475 4114 1286 9851 9030 14 5943 174 640 4906 9600 2863 6187 1224 7363 1751 8320 8335 6288 1198 2518 8905 1345 7220 8741 4817 2674 6049 5063 8890 8691 5500 1234 7993 6796 3082 3009 4773 612 3980 2319 3642 4394 1247 5209 6604 8305 3118 8580 5800 7732 3801 3603 1429 4639 5026 665 252 5316 4980 7823 958 4121 
6433 8217 9151 3127 1569 7383 6583 792 5372 58 4281 643 6024 1075 8744 990 716 7683 8248 469 9541 768 2824 8506 8789 6427 5968 1654 1924 7607 4580 3839 9390 0 549 5750 7218 6140 42 4067 2022 8345 7398 4692 5432 1349 5322 1462 7856 3083 4205 6227 330 1310 6854 1103 6812 4919 5286 9532 721 4844 7727 5637 3147 285 2057 1150 2346 2400 4960 3242 3422 4438 8516 7308 4885 4378 9921 2776 1415 5408 122 9888 8600 886 2701 7182 3739 4495 9212 4338 5631 1725 3244 6409 5277 3133 5002 8571 
1546 8355 9271 6470 5475 2070 2746 9084 9916 2072 9858 6988 337 6795 4802 3109 625 8781 1376 1254 7933 1531 3830 8978 8510 8755 2766 2486 6316 9147 611 6405 3564 26 1478 4483 2902 6777 2772 5189 129 9702 3562 1354 2572 2070 2652 5531 4414 2890 9471 381 2200 4352 3595 2115 7357 6101 9136 1256 9037 9810 702 5249 5269 379 8638 9350 5359 4992 712 3688 201 3605 8155 6611 9985 2144 8458 2783 1116 7600 7607 3634 4067 5331 6482 3765 1195 2223 9122 1662 9406 7149 9967 8586 9940 7575 1595 3615 
4747 612 1697 8472 741 3332 9622 5121 5121 8418 4378 9943 9388 4762 9091 8901 8763 3646 6783 8045 5867 1238 7925 7652 4256 2821 4374 2888 9177 2641 2263 3981 3617 2898 2043 4124 1007 1550 4926 733 8619 7897 2703 6684 2163 1727 9590 1781 6608 2066 7676 3425 3015 746 820 6065 4406 8734 5904 9189 3184 7291 6609 4299 5045 8157 3316 3661 6554 6471 4137 8051 8360 6935 8522 182 3952 1459 5518 716 7640 2514 8659 933 2642 2488 3189 5560 1580 2201 6122 9383 4330 2339 6652 9294 2494 5774 6452 2710 
7987 4355 3383 258 8593 5739 9428 3662 8831 2279 7707 890 3900 5264 9463 2743 6308 9303 7923 9023 4155 4718 6864 6346 7406 7059 3049 275 1255 3434 2824 8897 230 743 3267 6060 361 7255 3853 9920 4276 2441 7658 1134 654 8388 6527 5922 3727 2719 750 5804 3290 8654 5420 4865 2161 1950 8895 7760 6158 9180 5528 6404 6631 1220 3572 8815 6002 9503 1915 5948 3121 8566 322 2061 5208 831 1225 233 3801 4104 4042 6437 5867 3821 8245 4046 1945 7033 1408 7423 6446 4461 7329 4746 2911 6383 3487 9261 