3257 8618 7805 4749 9183 6632 5933 588 8395 4131 7718 3106 5303 4080 9259 9436 2693 9572 1512 6034 7938 6023 5744 4910 3939 2920 5674 6200 2271 2257 9298 4619 1693 1680 4091 1276 5715 4331 4467 5438 6069 7330 1023 6038 1122 8933 7730 5731 8825 741 5171 9011 2474 7941 7504 6247 8643 1769 270 9684 2567 897 6859 7444 2460 8079 8243 1316 4029 3969 2881 1800 6024 1427 2697 7902 9434 2218 7818 513 6649 5767 8451 7249 6482 8283 5199 3102 4205 7166 5736 2385 4504 9277 5275 5271 7264 8863 4549 9672 
1444 9025 3053 4361 4893 1663 9185 7760 1935 576 5493 5402 7247 9766 8984 5466 8938 534 741 9444 2364 25 6381 1464 3635 7826 489 3040 1734 4704 4076 9494 4067 1716 9561 3183 5316 7956 9301 4300 3422 515 4036 2348 2880 745 2374 3478 190 2485 1304 5525 6196 5117 6624 963 692 8744 9438 8280 8209 1631 8525 6592 5969 5961 2116 7842 636 3265 737 8838 152 7103 2686 7651 5232 5968 1071 5112 8312 3055 673 4555 1623 8629 5852 9789 8210 7759 227 4768 1530 2172 2292 4536 7649 8652 8433 5354 
9938 3650 2872 240 571 2764 8658 2365 8416 2994 411 2667 1724 6794 750 562 4554 5874 5248 5287 180 6850 3072 9610 8402 6929 8553 4263 3805 2770 8055 9509 4780 663 9659 7865 8236 2294 6137 5202 3373 9424 7973 2753 4249 6560 4330 8553 5395 5343 8716 9792 6690 3378 8187 6127 5794 3479 3408 1662 4494 6511 5242 7763 5738 3654 3507 2086 3694 7168 6757 7098 2943 266 9603 2527 7827 921 7962 9869 3990 8415 3150 8184 6809 7231 4272 2279 1736 6224 3725 8172 6401 5350 5266 9857 8326 8923 8709 8501 
3842 9269 200 3224 8215 9706 7864 912 6776 6723 752 3370 2398 7757 4965 4432 7363 6732 3109 3665 3578 7993 9499 2880 6057 2610 9890 5184 8751 6946 7746 5513 5867 1796 1654 3307 1685 9490 3214 960 2495 6248 443 9006 7207 1343 5030 9807 6467 1237 1409 2609 4229 705 9461 4354 8931 476 567 5704 8366 6031 5013 9795 1440 6136 8800 7726 4794 8953 1313 7481 6491 713 1367 5514 4941 4243 5799 745 3407 4599 925 7836 9127 6984 9734 7959 4394 7700 5308 5569 4435 5734 2509 8891 9621 4786 2019 4813 
3369 3529 6287 4986 1132 7376 2212 7692 5880 4868 8637 6592 8617 1927 918 9864 1989 252 9089 7930 2518 1572 2266 6705 4355 871 3610 2958 5940 983 4123 1946 8863 8331 2405 7796 348 6150 8198 8670 3273 2919 4639 1338 203 4871 9067 5607 561 3377 8919 6023 3108 4771 8046 8183 9842 8403 9028 8067 2484 3399 1190 2257 7372 2375 8771 1283 7634 1906 30 8083 8461 9588 1878 8194 5674 9257 9363 3774 2220 7648 3588 9444 5429 5046 3508 9117 5522 6973 6273 8178 7820 5317 2331 4648 5804 6528 3280 5155 
3571 2997 9197 8807 755 4463 4116 8636 3103 5696 5451 1786 6696 2150 7590 5031 7212 8760 867 2931 8090 9134 6359 3314 6353 472 8518 8078 6839 875 5088 7706 3029 4371 3306 2461 542 8772 4808 60 7470 6269 9368 9813 2046 8726 5031 5980 2429 3504 3789 3797 7716 9762 1781 8763 1244 6238 7213 1237 3720 8698 2461 7865 8304 2901 1393 8354 3799 5529 9220 9971 7690 7702 2004 5238 8877 1417 1593 7246 5052 8403 3517 8388 8432 4299 4363 7994 2191 572 1037 7657 409 3429 6589 2474 961 693 9734 9084 
5479 3940 4900 7287 441 4106 552 382 4617 5299 4843 3944 7415 4565 5914 8792 3772 955 9152 8103 7688 9825 3053 7442 2557 5033 5067 7899 6993 524 2700 9914 5183 9868 9706 7466 751 4027 2435 2272 3807 7394 2295 7100 3239 8655 9660 8447 7149 7437 3361 1873 7974 8299 5403 4483 883 8024 977 4679 7307 7261 2769 6473 2197 7920 2897 6490 9425 7141 8364 8724 5795 432 6151 7426 9572 2833 9466 3425 5567 8588 9947 1018 5380 8894 562 2095 3575 8537 7144 2050 7897 2447 6000 4720 9506 6113 9526 861 
8882 4462 3886 6973 3053 2967 3865 749 8875 3400 9330 7618 1928 9251 7309 6428 6023 2569 9695 350 9038 3146 7729 9841 1096 66 1124 6338 421 7481 3202 8776 6305 1271 2535 8612 3915 4013 3825 220 3469 4778 4707 2619 4469 5336 5308 2049 6322 7340 7120 2569 4273 1821 5457 3055 9146 3159 1999 1398 866 5504 5666 7416 8678 5728 6739 8279 1221 4315 5224 2037 4578 3406 6787 4 3758 9031 4316 5742 6758 7282 3137 7909 1945 8494 8981 5516 1898 3842 8166 5545 8363 8193 7292 1080 595 7188 6161 388 
2078 9045 1428 240 7370 1795 1619 2477 855 9285 569 8529 5089 9888 3020 2976 6567 2296 4925 3118 2775 1983 5994 8042 6821 6492 2290 5068 2689 5000 9911 756 4663 5170 757 1888 1212 9485 9813 6032 8664 4923 9695 6933 7394 4469 1857 3730 4493 5484 1680 62 2190 2679 1997 8644 4668 9056 7002 8363 9813 1320 8952 6430 548 1555 9858 8445 7070 4831 604 7034 5371 2948 2461 5980 3832 1281 847 9987 2843 5477 1421 6353 8006 8457 1363 8221 4750 3879 4800 6641 9672 3582 8071 6958 3131 4338 1059 3038 
6264 5006 7244 7730 3269 6716 5677 2815 9764 1179 7697 1716 100 5406 5915 2554 6909 3093 2535 9936 3620 1788 7166 4539 2391 2176 9179 1949 3531 1403 1815 747 2715 2992 8896 8621 4642 7671 7183 5325 6592 4372 5673 1989 3482 2518 1572 6705 4965 2177 1214 5940 7734 252 8159 2453 1870 4837 4147 2233 3107 5845 6691 2629 6048 6885 6898 8934 7475 2469 505 9717 8292 7534 8295 2315 5296 8581 5610 9173 2185 784 3690 7304 3230 3667 2549 4511 6110 7692 500 6593 6599 2560 5702 4260 4788 9589 9842 1758 
1441 5337 6418 4181 2669 597 2035 1625 3385 7706 1666 4101 3784 1578 886 5282 488 4291 9212 9835 3691 6172 1275 1654 6670 8607 5379 2064 17 8587 8243 9873 7524 1840 257 9392 7489 5176 115 3072 2683 2443 8398 9830 3154 2046 6350 5593 3082 5298 4155 7831 289 2489 7458 3488 7135 9790 3335 7404 7474 8552 3523 2772 7506 932 7795 6016 3421 1453 9827 9610 1293 5911 2804 8946 9236 6407 1858 7201 620 6532 7751 6200 7654 5299 7947 8793 4455 3697 1842 3401 9285 9809 2788 7995 3256 7803 8115 5841 
9397 3438 8240 4055 998 3059 1386 1945 4026 6019 8981 5516 1265 138 7546 367 3293 2570 6706 8326 1292 190 7137 306 4770 2441 1690 1065 8644 3926 6734 9082 5550 1653 5822 9964 3528 9659 7171 702 1857 1358 7714 7938 3840 2676 6474 939 6101 2509 3295 8984 6233 7598 3928 3090 216 2527 9245 7250 8841 9277 4048 9351 5011 2697 4738 5204 3677 1866 7811 4428 9291 4995 5529 5962 973 6158 5232 1344 5001 8415 8368 89 1269 7248 7066 3028 8876 741 7849 3081 4713 8146 4404 2380 155 7777 9313 150 
3782 4126 9481 9008 1159 1719 1441 8553 9303 7814 6140 1932 8129 8679 5432 6817 1641 7892 8622 6174 1370 7339 7673 4691 2855 6588 5967 3856 4388 7612 1962 3432 3971 7079 5576 9254 1690 8828 6162 6072 3396 2891 5012 2301 9765 2369 1616 7713 4830 8335 815 4028 7379 4411 2126 9019 2142 8691 4443 8185 1341 6719 272 118 7657 702 2327 9385 1355 6232 6979 9333 6019 8042 488 9825 4467 2770 3136 6244 8523 3165 3074 8763 8084 7621 248 7926 5969 1251 8555 2818 7974 7268 3031 7816 959 7925 2821 3561 
5376 5669 9530 5358 7984 8978 5201 1344 8070 9029 2488 6030 2103 5203 9329 3277 6742 3735 8530 1674 5855 7327 3077 8640 9913 9543 6013 4215 5957 2279 3334 6031 8106 3465 1876 9795 222 2308 2902 6482 5612 6777 8818 3111 5062 6355 9202 6385 2162 4341 4325 3991 850 9483 2084 7295 4144 6436 7381 9445 8928 3657 3131 8831 8713 4852 3308 1925 1605 2122 2094 5943 8960 2580 1166 1184 3804 9654 4550 7663 5515 2844 7406 7530 4063 7372 6975 3728 9555 4940 3936 9844 8328 6850 1848 1446 7264 8791 8266 3634 
7817 8855 4474 9136 3276 8541 4204 353 8980 7649 9151 9582 5426 4538 9042 6023 8124 1749 8961 6894 895 7399 6873 9370 3113 1214 6912 1581 5179 2053 2874 2892 8512 891 1965 3512 1430 7146 8650 2314 1495 2142 3304 3343 6612 4113 4036 2962 8416 2806 2003 2462 7294 9996 786 1251 9548 7250 6708 9875 2727 2331 5780 373 8197 9060 6708 6806 5075 4991 8413 2859 2772 1669 6443 1477 387 7793 4027 7816 2808 7153 5945 8717 4837 1618 8500 459 8086 8730 1027 4447 203 1266 9260 6224 5668 4217 6036 9311 
7130 5700 5743 9163 9076 5481 816 8265 8891 3018 9737 4021 9573 3042 1035 5669 2394 3421 5569 4628 7519 9000 275 7050 730 9422 5243 4477 1582 1272 3828 9929 2983 8566 2587 2392 2505 5941 7299 5551 9886 7376 2951 5136 4900 9669 1762 3347 7736 8682 7698 2856 2100 3597 5267 8878 8155 4003 9498 6780 1419 7 6280 2730 560 40 7087 7188 4543 5305 5312 9331 6106 9036 3788 9901 9002 5610 8458 9359 256 8959 8258 885 437 6800 3257 7748 5895 3553 2806 6423 6228 7136 4087 5351 5596 531 1927 6488 
6499 4812 6405 1159 741 7164 6090 999 5087 972 8079 9318 1523 5888 5702 530 9496 6331 9260 8933 9053 9540 916 1613 8789 9566 4611 1632 7696 148 7560 3700 7432 7719 7268 235 971 5919 961 536 1326 7165 814 6729 9402 1842 3247 2126 9014 6576 8795 6164 6731 439 6223 5434 716 9514 6782 1930 1237 8772 1022 8701 2318 7360 3702 5967 6156 879 6174 4925 7053 7539 8240 2754 1738 402 5706 3351 1344 2336 6582 9132 8867 435 7072 6817 3773 4789 3344 2607 3511 2823 4576 7788 6254 9040 3757 3882 