2650 8851 3830 7334 3893 8510 5998 3502 6795 3109 1254 3830 8434 4493 1416 2091 688 6589 3528 8073 598 1844 8796 1646 72 2915 3193 173 3432 5496 5943 1891 6032 9828 1717 3708 3439 322 8971 2301 1433 2279 6499 6429 3922 8369 1067 3703 3608 7740 8913 2087 6764 6963 5410 7519 3572 74 9149 5210 8977 5517 2480 9814 4332 5815 9595 3178 7363 1407 7186 6782 6708 5742 6037 7555 5622 9258 813 7999 2828 7857 4920 1816 3244 1569 4866 9124 5983 8263 4266 1188 5447 3029 4300 8452 1929 242 2227 5516 
338 9115 5054 5660 5404 3578 5831 4585 6298 2502 6465 5982 5949 6575 4045 7687 1868 4078 6122 7124 5961 7374 9060 7051 4570 9369 3044 8183 7728 7648 9828 8981 8783 2767 157 1992 7675 9997 126 1404 5752 6576 5863 8537 1087 5148 6995 1902 8125 4456 9998 1205 3365 1475 9050 6038 6185 1075 2162 3044 4294 524 2777 2489 1683 3209 6041 2276 3335 1932 5096 1490 4825 9924 256 595 8862 4094 3594 2242 3821 5303 5416 9965 1456 2633 2948 1653 4774 9987 5477 487 721 8006 7625 8457 8221 8029 9672 5092 
3189 3374 4222 3670 2248 210 5152 6280 6817 9917 9518 3207 1063 9784 6965 4850 5209 4249 1078 3608 6240 2455 796 2810 9856 1883 6436 8426 6516 8844 4726 1610 9911 4116 7243 7206 3161 4056 357 9303 7082 3150 2178 6808 4433 5548 6869 2059 9436 5141 4432 4681 3940 439 7247 9229 1237 4777 596 27 1056 3411 7221 8060 7251 3218 6282 9881 3526 513 4655 7461 1430 2712 125 3784 7380 5224 6673 7419 9778 6966 6856 5565 3426 4595 8419 5901 8316 8916 3414 5668 2753 9777 9647 5092 3638 7117 6347 7528 
7923 445 9434 5688 9464 908 2385 2761 3263 8647 6436 9915 719 7629 8009 8454 9482 7647 9169 8438 7952 3050 5716 9176 1141 9689 2505 8011 1865 4280 538 2797 8341 9926 8424 9519 1221 5996 2730 7536 7603 3039 9929 8010 2703 6081 4252 6601 5957 1839 6462 4866 2141 3146 4706 9165 7860 3052 7988 6482 799 5240 6401 1014 6645 157 2571 6497 705 5293 8983 3625 5815 4095 4583 9962 3063 1577 6870 537 7747 5761 1527 6628 765 5884 1059 2846 7694 4532 2228 4938 6273 6624 7501 8680 9737 796 1720 7529 
4041 8573 4335 8741 6859 4507 1481 3583 3488 2813 3696 1791 6084 6197 483 4591 4008 5184 3308 2395 4773 4217 1528 6198 1608 9211 3006 5401 7160 5463 7495 2736 1719 356 7984 1766 1065 3195 8548 7991 197 9695 6758 4441 1735 2370 9963 551 3943 4010 1818 5563 2674 5275 9863 2803 7764 9885 3075 6602 3040 7436 4273 7708 4142 4052 1331 2594 8654 6917 2885 7579 315 3811 444 573 9005 6456 2285 7234 5925 8736 6604 6817 4464 7188 5032 8779 9840 4388 849 6456 6795 7485 1690 1065 4877 7789 224 5550 
4734 3528 4095 6283 394 8068 702 1358 5846 3073 8839 7358 1450 9919 8520 9817 731 813 7704 3059 974 365 759 5972 4965 4493 6126 5856 1766 1014 8839 9777 2606 7951 8077 9051 2221 595 1610 8850 8014 9293 7420 7435 7098 7311 5329 8741 4742 8586 9203 7279 3642 4822 8525 5899 6003 4208 9072 2683 7425 499 7720 4310 3279 5799 9054 2734 1526 5394 1233 953 6070 1945 3903 9839 3205 6198 517 8839 2694 8289 4559 7480 2132 5017 6019 3605 5408 5059 9062 2258 4473 2967 6386 1884 5935 3854 2777 4070 
478 8890 3154 9703 6734 5116 428 5762 230 9098 2472 5976 9083 7928 5450 7295 3657 2708 1648 8143 5916 6279 5900 3359 3344 2933 1834 6204 5299 2863 7694 9066 4209 9919 8146 2392 4563 3970 3978 9643 6356 4795 8779 9840 4602 9690 7137 2785 6419 4570 5480 8229 4179 9672 2861 4241 3297 2954 6129 4884 3799 3894 4962 2982 5556 448 5765 8205 4240 369 4735 1420 4881 355 8291 8418 7123 5329 9569 6291 6152 3106 2203 1384 621 8508 58 5070 9758 9841 3805 1094 5898 8194 7031 4191 1197 4000 9109 1195 
6872 7885 4643 7022 4644 2706 3532 9755 9551 1744 8909 1016 1223 7090 9898 3430 7059 6418 7987 1137 3541 4880 2988 2763 2465 7725 6646 9463 7434 7913 901 2218 2073 5372 8541 9806 8254 9915 9866 6835 8022 1492 1534 6261 7481 6826 3324 8942 36 5248 9821 9105 6784 3316 9219 8983 3143 101 6729 941 9193 7329 4441 9277 1111 973 3670 2613 1130 5879 3450 8860 5524 1726 1906 162 611 4447 1647 2601 9093 1542 2777 7822 6455 897 3885 4857 3403 8995 1599 277 2188 2383 4857 9661 1122 5465 1081 3655 
5081 7829 3269 6896 1764 3728 9193 4251 5333 1748 3285 9772 1003 6933 1410 384 1990 5960 329 9081 9679 4449 9135 2626 6349 8887 7235 1044 9216 9423 7100 1735 7715 7498 7177 6490 5090 1977 3398 8468 7144 7415 7503 3278 8714 1649 8064 3430 4937 667 8452 8033 5771 6353 3676 3756 8822 5824 9520 8152 2887 3697 3406 3325 4665 7383 9947 5614 1337 1567 5264 1573 3475 7216 7163 4453 5921 1827 22 2465 3521 8925 8531 3129 3369 2364 2731 6203 9725 5365 6267 4608 8556 8313 279 2232 9644 2725 4820 249 
4230 2679 2946 6404 2446 2712 3431 2885 1530 4887 1164 2399 9459 8112 6472 5378 5185 1559 2564 8223 1974 4228 6957 4117 2 6727 2247 876 6889 9977 3619 2924 9961 972 5055 3584 9292 4808 2360 5602 2345 488 470 5419 5489 2406 128 722 3971 440 4482 8599 8686 8483 2036 3827 5671 3494 2644 9932 7477 7014 387 1560 4358 9533 4597 7975 9017 8337 8920 3638 4689 1148 9870 5741 242 782 585 6368 3654 2776 2854 3507 7125 341 1268 1382 1205 9050 1543 7212 7764 4369 7885 4131 5340 3406 3170 8285 
7344 7713 591 2412 8611 2907 5470 4708 9667 8071 5587 3454 7395 8069 1558 1564 430 8706 7470 2545 5902 1379 1324 597 3002 294 8670 2793 7864 8585 1180 2415 223 243 7172 3638 3821 222 9286 3501 9445 9689 503 4141 272 7016 1917 2906 5205 8244 5851 9855 7105 2645 7173 6467 8414 6223 7780 5897 4349 2066 1013 4905 2984 4170 1263 2180 8382 326 2496 9913 2253 4308 2690 994 7207 3898 691 9329 3783 8274 2577 5006 9318 6878 11 4619 1685 897 737 5410 6802 3221 1508 8938 1084 4780 4407 8166 
8622 4448 5364 5901 5048 786 112 6904 1521 6658 60 301 7769 7184 7550 9254 7127 2257 8914 3315 9796 1411 7635 5258 2605 5571 5305 8904 7260 6990 4021 9804 5830 1078 3775 3213 3962 8393 83 5926 1400 4435 2449 7875 2509 6561 7545 1482 195 9043 7993 7150 149 5333 1357 3268 7291 7422 619 671 3068 6897 9725 945 4604 4204 474 8310 1500 6925 2811 3947 8161 8818 5446 4893 5503 8137 5591 7237 1104 315 8162 6174 9600 5299 3568 6212 8547 9209 7233 4824 437 5601 5493 9778 2317 5495 231 8214 
6555 7260 5960 4334 450 2030 8161 8131 9557 946 2112 2192 675 5974 2614 4800 6322 278 2954 7250 5149 3444 4070 7908 4978 6064 2272 8181 8726 6365 9289 9084 1956 2742 1945 3946 8139 797 3720 7702 8039 6056 654 938 5592 744 3479 8322 1117 6949 7495 1180 5617 3130 5837 6506 8574 2396 8681 869 9521 5240 5611 2096 4636 6249 4299 3793 6727 829 2885 425 3137 4347 3898 1605 1140 6002 6771 6653 781 4158 5650 5594 1869 9292 6779 9741 6470 569 4587 6303 1490 8363 1394 9558 9182 1054 2435 780 
8255 690 2630 7299 1051 8477 7862 9756 1371 5963 4238 3232 2131 4712 6920 3771 8413 9333 1811 4941 5139 3745 6772 5197 792 8995 934 2509 5144 7081 7591 3090 9603 776 7250 299 3228 310 4134 4802 8190 3171 5762 9129 8035 8031 8006 5576 1147 463 6560 8814 590 7122 4104 9159 3393 694 3610 9744 9044 4036 5709 7928 1056 179 1105 2894 537 1343 7320 5380 7607 3456 1759 9966 8592 3578 7326 1219 9702 1752 4113 3749 7375 638 6799 1981 9429 1181 1161 3003 8861 4617 3587 2180 7108 3962 9640 3368 
167 3928 638 7462 209 6323 1179 4601 3298 1590 6126 3043 9532 7101 2992 8072 6169 7115 8732 1776 6580 5684 641 699 4054 5442 1770 5544 999 1375 109 131 3377 5951 9476 3445 9814 8710 2802 3302 7598 970 2324 4833 9411 5880 5349 5003 2601 6899 8084 7621 5303 3353 4639 5312 9717 3319 1650 275 7562 4403 9367 9449 6345 5814 9847 2446 563 4123 2636 9466 7353 5549 8588 562 6672 9301 2134 1721 7815 1499 7401 3085 2069 8368 3614 8756 3675 7760 355 1576 8763 5608 5271 4644 6974 4293 4320 9212 
7922 3394 4391 5621 3807 8594 9692 3704 1289 2948 2601 8477 9472 1207 7558 9245 7032 3941 7516 9277 4134 6543 1732 4048 3576 9351 5262 9390 7417 1857 4738 9809 5204 1866 8409 5895 9457 73 507 5053 5021 4246 4847 1770 9399 9593 9927 6599 8829 9655 9553 9895 1337 9949 9082 2629 1058 2499 8299 4995 6332 698 7661 8346 193 4351 8350 1220 2108 1980 6904 4492 1509 1936 3714 7014 3325 3496 4995 5557 7806 7995 4851 6868 1991 5615 1805 3724 9902 4651 1509 6286 5753 4666 8279 4311 2218 5942 7307 8578 
6440 7503 2211 600 3018 9281 6701 5865 6576 1223 1209 3336 2693 7182 1551 8507 5488 9366 1774 7457 6279 4788 3057 5924 7014 7874 4557 5636 6815 9644 816 6928 5502 8957 8241 9094 9795 1939 8005 4374 6344 5143 443 2945 7475 6176 1111 6169 528 5766 8830 1024 1887 2544 9825 6706 3959 4826 2202 2049 9655 3722 4447 8799 3050 7000 3177 2363 4402 5326 6715 9645 8201 9941 278 6236 9474 5193 5732 3959 3455 0 4676 5339 6676 7949 9790 2232 5036 9817 3216 5369 7893 169 8550 119 5155 109 6133 4076 