6645 431 4173 5618 639 8441 8247 3617 8253 9494 2183 6593 1366 2524 3239 357 1911 576 2336 940 5307 7725 4816 8434 2888 9850 9474 7061 4150 9336 6442 6855 2223 3108 657 2209 5134 6208 2830 2167 4228 8884 7291 1896 9518 6080 8580 543 215 8537 9217 8775 5377 6195 9704 3097 5529 209 7570 269 7755 7106 3839 265 1035 5763 263 4501 7345 9672 901 5717 4279 7738 337 7292 4487 7901 2199 9048 4473 9187 8724 7660 231 7648 2734 2734 9941 7538 2125 1888 4315 4847 2529 7488 5543 3016 6371 5178 
1807 3353 9326 1819 3295 841 9795 9232 7465 2529 9979 6111 9054 3754 3081 1517 3857 9930 1457 2272 6474 4161 5570 2207 5970 1934 5969 5884 8477 8728 8599 3641 572 2230 8202 8148 2690 6500 7071 2351 7963 7656 44 3284 4034 449 1276 9582 8788 9640 5010 4033 3005 9453 8148 6184 5625 2145 2196 2514 9213 2762 7370 9084 9699 2721 4822 6200 5070 2280 9230 2880 7457 9961 2353 1899 9989 8699 6870 4811 3674 8975 6465 1410 1984 5507 1726 3472 7079 2753 1776 6121 5857 251 8609 9741 9565 1565 5144 3699 
6747 7952 9733 7697 1347 7529 2762 1709 1211 2763 7426 393 5144 2049 6341 5831 6422 8520 3228 7923 1124 7854 7884 2464 5469 8922 7199 7160 5938 6134 9929 9654 908 5066 9115 1289 3405 7389 6459 7912 4858 1689 7138 5477 7540 7545 6559 2580 9471 4233 4003 6828 2134 7282 1934 4267 9394 6858 1514 1524 9930 8205 3879 9699 7388 3095 6268 4084 1188 7724 8278 7531 6716 5615 7069 8560 2840 233 4821 2075 3252 4362 3255 6217 4216 1282 4247 4092 4447 6210 6490 8022 795 5032 7626 9507 3808 5542 9450 8070 
9064 6119 6577 8383 2094 9404 3065 5408 3211 1062 7655 3105 8761 5890 5031 2641 2507 5572 1779 362 7865 5875 7993 7112 8718 5395 4031 3112 7976 9910 8365 7580 9284 7187 6122 6365 707 4663 6079 3271 9663 1524 9738 3796 5129 3810 1092 1999 5399 412 6339 3748 7402 1854 2569 865 1210 1326 4304 3801 1887 3134 2868 4050 4755 5570 896 3028 8066 342 2662 1783 2298 3710 1203 6648 7857 9820 2918 6334 2954 5914 2811 4280 8460 4826 348 6533 8511 2299 3388 2031 30 6039 6961 3036 9315 6030 952 9004 
247 7271 1883 3303 5096 1450 8384 8053 5486 2935 3434 8392 4427 3702 3973 3077 890 905 5826 763 1899 6814 2847 9512 8517 5368 8245 5207 7892 9037 3540 2759 4090 3787 8016 1978 7777 2978 2526 2289 534 3814 3706 6608 9706 148 4670 3449 1620 4520 8489 6554 9679 7855 6199 1682 7240 4946 8248 7706 611 9272 1186 1724 7083 9348 396 5459 1200 9799 5231 6676 1360 8018 2154 8960 2707 3459 6670 4357 2183 5469 4610 551 9538 5092 5350 842 7865 9629 8767 4505 6555 1298 8251 1776 1129 7714 4041 9758 
8934 5303 9437 4802 9041 206 416 8567 2397 5591 2203 7602 7733 1826 167 2570 8872 3084 6839 9706 3662 1562 1415 7471 8568 6293 2899 2251 6865 766 1006 8762 7747 7482 6959 5588 6477 3103 6737 7638 739 3839 1906 8987 5977 4053 1874 8768 1904 281 2701 8275 3952 5635 4838 4587 8097 117 5496 5707 4458 8592 5403 3274 7223 3687 9339 1379 9398 4658 9607 2214 7525 800 5920 7053 7147 7511 1647 7410 5534 8162 4773 2690 3816 2023 6181 6104 8119 8453 251 3613 3306 8555 45 8005 3838 8415 6952 9130 
7341 2673 9450 5832 2604 7191 8357 7649 377 2743 1863 3866 1190 1174 2671 3963 1395 2641 7799 2331 5640 4885 1577 9109 7636 9254 8837 9973 6672 8845 6474 1096 7398 4771 8648 8250 7066 387 7615 6210 7932 3790 1939 9262 5009 6059 6646 8823 1060 59 1458 5957 8202 1536 1681 3100 6007 9247 2940 3426 7018 9192 9298 1713 4447 9416 4660 1613 3314 6763 4518 5856 9589 9996 2999 7015 3693 6940 4191 3913 7696 5165 8536 5267 1815 1692 3816 7310 5955 4888 6206 930 2447 3469 5080 4336 4611 6113 6232 8037 
6571 8773 6627 3139 9878 1268 9914 4128 578 7466 5878 980 4304 7963 1198 2465 6211 5627 4423 9253 2923 2942 3756 6211 9162 3792 8558 5572 8111 9347 2580 6701 4655 9945 1297 5433 294 3396 8148 1352 2351 9748 759 1800 4174 6328 8510 6074 7571 5043 3581 1561 4730 466 3886 6608 3186 985 8394 6153 6437 2900 738 7249 4253 4614 399 3980 6297 4265 5039 7735 1079 5251 8316 6422 672 5549 8068 2643 9450 6461 548 6267 1089 5358 8943 2051 4177 5629 550 4751 7862 3070 2007 6784 2914 2316 7383 3827 
2970 6341 8426 8359 767 2702 2542 7090 2421 9556 6507 5570 5718 6129 5547 7000 1849 3854 9710 5670 9285 2116 1002 5080 6417 533 949 5924 3427 161 6557 6408 5949 8777 2039 4422 7781 9784 7608 5243 2722 9166 4686 885 3835 4093 3334 1730 3383 8582 4990 7948 8486 7549 7260 8024 251 8075 7522 3346 8567 8413 6974 856 1161 3690 7589 1086 6353 3008 823 2259 6682 2538 9330 7331 680 5201 2802 9718 9420 1679 323 8369 6462 5564 7276 5441 6527 3883 5096 7202 582 3901 5741 9143 7821 9437 7830 4072 
9928 8454 9567 4868 4892 7463 8213 6846 67 1134 5269 2047 8785 4024 8255 8700 959 3517 8953 3052 6431 8096 9036 2138 2269 6320 1148 4986 6040 8135 3200 2887 9619 9787 4879 4739 2409 9954 5874 205 9789 3830 8413 3440 1937 5771 398 662 2652 4293 1494 7013 377 2651 5121 5287 4651 6409 3868 5882 792 8291 7186 7788 7303 6975 1741 6080 3678 830 9834 7123 8539 6847 7542 1969 8515 2829 2402 3166 9238 2622 6382 44 1121 7832 7135 9451 8039 6189 862 471 6219 8044 3264 6777 8155 4725 6982 3046 
8526 5448 5016 4116 8071 417 499 2005 461 331 8293 7467 3927 5506 6468 4958 5977 5631 8761 459 8310 5743 6156 7708 7593 1034 3932 9379 2001 5937 9840 2333 1768 4485 9800 8582 1658 2163 3987 1203 5971 9859 2831 318 7493 6827 2826 5202 4421 4711 3383 5363 8643 7364 8954 6049 9052 9791 4747 3859 3263 4199 4466 170 4326 9400 1254 996 6894 4433 175 8854 387 8589 2102 8154 1351 5819 6657 1868 4491 4070 7929 2501 8480 3320 2361 8650 3998 1762 6256 4994 690 1521 7104 1909 4486 4769 2189 207 
8847 8051 4698 1648 2121 2822 6402 2790 4967 4883 6110 7328 9885 108 2494 1455 3184 2976 1237 6270 4812 4135 1850 11 2186 6548 659 4481 7062 5980 9448 8297 3129 4534 4903 7028 2710 1726 6564 1984 8349 9628 2506 4619 4148 5998 9442 255 8899 7453 914 1935 864 4118 2140 6892 6828 9809 8866 5850 8158 4708 9129 6075 8857 4913 1207 707 4399 6458 8161 1665 4899 96 2346 9319 4183 1323 8534 5048 1187 2652 3540 4432 5832 7406 4241 9608 9545 4317 1973 9526 2793 6117 9853 6868 9896 4795 4462 8645 
8555 9001 45 8005 3585 3838 7343 8415 8537 6952 7166 7621 6407 544 8876 6936 397 5744 4763 7979 5577 1509 8446 575 6416 7447 620 6159 5452 6685 7901 5101 1205 8619 4966 5178 6370 6915 1966 3664 5150 8428 2976 3130 838 1576 4580 7254 5375 1553 7179 2111 7904 3353 2875 8319 5452 9246 6045 6161 6177 4993 4605 4322 3432 4963 1512 1360 5895 5118 7448 4884 267 5911 9441 8628 5591 2794 8466 1114 4354 4064 7159 6577 2755 1151 6643 7360 6427 8675 9689 4571 4808 3579 6044 198 4283 3731 9639 2911 
5674 2434 1813 492 3411 60 1134 9569 3889 7072 7602 2175 6277 8587 7200 9747 9220 2143 93 5874 7900 8518 931 8393 3450 9302 8181 9862 7750 2615 678 2010 4632 4185 6852 4760 3099 6903 9544 9889 9130 2655 7030 499 9938 1775 5269 1077 3451 9603 7866 2218 2376 580 9528 2449 6789 7462 7970 7603 1069 7637 5477 6965 7526 959 2594 4342 6471 6117 8362 6212 8165 1413 9367 4385 6309 1743 5837 545 6083 8007 6582 2933 7827 8410 4793 1746 7387 64 6832 1103 1546 3667 6080 9712 2186 7493 3802 3526 
4240 9639 4071 6676 4970 7082 1363 4909 5771 6126 3869 8200 3441 8501 8264 6625 5956 7149 4524 5975 3230 8161 6019 4526 5897 5324 517 6321 2000 4751 9082 7039 2467 9163 6398 9384 3145 6192 7885 7761 9169 4910 3693 6168 4281 5216 300 1765 9742 2550 6611 8871 5442 2099 877 5490 2441 1221 1005 3971 390 6883 163 4627 996 9333 5907 3026 7341 3660 8023 5615 312 9788 2862 3230 8321 8085 8673 8060 5902 8614 6853 7123 592 7446 6362 7610 7341 4824 3295 8514 2673 7482 6333 9450 6646 6371 1159 5860 
5954 5832 3946 979 2604 2006 6881 1219 5211 356 7191 7802 9631 1764 3598 807 5059 2113 8897 26 7847 1007 5478 1550 733 2218 7897 3002 2703 9325 8438 9931 6344 6654 3739 8684 3999 3893 5998 1220 2108 1980 8778 1936 3395 6102 657 7806 8397 5010 505 482 3420 1991 5156 3930 2057 5615 7297 622 7907 7730 1279 3724 2726 4422 9902 4651 266 6286 7280 3157 4311 5015 58 3419 7156 4287 4479 2942 9019 7681 6275 6548 9402 8460 5342 115 6176 11 329 4813 1633 121 9407 6573 8035 1246 9443 5089 
1431 2815 8884 4473 4876 1010 46 2708 7458 6084 1510 9790 7857 5824 7474 4534 6956 7795 3421 1453 5248 2463 4858 7719 2887 1286 5948 7134 7499 9125 7001 9531 378 4368 8813 9311 3824 1612 3104 7526 8977 5192 5875 9432 850 6829 572 3879 5339 399 5401 1445 4678 9426 7735 1652 3405 5089 5495 1227 1065 8800 2295 1983 6099 5068 0 4220 9163 6046 9306 5383 660 7059 8671 6479 7492 4139 4647 6576 5955 612 389 3346 9345 9508 785 9035 2413 1261 890 5989 6330 1395 9944 7515 9804 6212 8103 7209 
4941 8467 8419 2643 3973 4109 542 2410 9223 5617 3479 9685 4828 4047 8916 6795 3650 4410 6840 819 8929 8591 6943 4836 6108 8252 9163 4095 703 6991 3560 9135 50 4091 9577 5249 725 8930 1246 4561 8857 8346 828 808 6715 3497 7200 554 9212 4325 7164 9183 6150 6168 1362 7787 6177 366 1298 784 6080 5966 4942 8893 8416 5649 3615 4659 9319 8766 1847 5938 4378 7197 6352 5183 8557 968 9374 5500 7079 6924 9638 9756 9077 4260 2916 4583 5615 9624 9406 9047 165 6326 1977 7011 5770 2642 4041 6176 
5530 8860 2163 9484 6799 303 3118 2082 3750 6416 3904 7379 8468 9570 3222 7827 8354 340 1714 3526 7826 2727 2721 7833 8592 398 972 4673 263 7458 7336 2660 7865 9796 9562 9274 167 2037 5750 6476 3447 5635 3970 5772 839 3739 7453 3972 8262 8780 4293 7433 2594 1482 5581 889 4473 2916 9977 6827 1478 4626 8023 7878 2332 3681 477 142 8054 4494 845 5489 5721 8538 3543 7905 6932 9626 4641 331 7477 4689 9282 5237 4394 1077 9066 4249 4214 7295 5975 7799 5436 4502 5399 2047 9104 7456 1372 2946 
4802 3349 7656 2091 5262 7280 845 6099 3134 7929 2115 5087 3367 1135 1786 2718 6909 6607 307 3753 1887 2355 1676 3899 2743 4374 3937 3696 8796 2317 5893 5006 4431 1847 8800 1763 1082 8727 5603 4567 3800 9503 1805 3807 8594 8121 1690 9692 6270 3591 8514 2336 1289 2948 320 2601 8477 9472 4418 463 2346 7558 7879 2549 1063 287 7713 5470 7470 8015 6962 7398 4855 9143 3761 431 4068 2642 3415 5075 8678 605 8097 4433 2539 2387 414 6489 3176 2930 352 6181 8181 9715 4563 3924 2973 69 2630 5685 
6964 3579 2595 2560 5702 3235 727 9842 6563 1356 1059 9355 1112 7083 5465 9740 4730 3983 5144 8984 2398 2043 1976 3677 1866 7811 4428 8895 9291 3915 5529 5962 3461 3016 6548 4263 1269 5184 2569 8876 7849 3369 7618 9403 7613 719 3981 7581 9790 5378 1920 21 3442 1398 3723 3778 8142 6401 138 4463 9754 3461 7232 7751 3176 5457 7651 5728 7743 9452 667 6732 7066 792 8527 5631 5716 2028 6726 8042 1430 5636 6563 9175 9301 5097 4437 7048 8338 2269 1003 4763 6591 5021 2211 6223 3376 3938 3427 9287 
7673 1213 8111 6704 8657 111 2734 3173 3894 6739 1763 5721 6693 2940 856 8441 7488 4228 7339 698 4757 7366 8419 5514 7826 5145 2308 1680 4106 5216 5744 7846 9712 2110 5665 8557 9564 775 1332 4928 2013 8231 6570 4055 9134 5064 9973 970 1613 4899 1923 5697 7624 2810 3501 8050 7819 9177 1978 6516 2673 9140 5592 850 1976 8679 1866 4308 8409 5895 9291 4942 4167 6449 3261 8648 3541 7976 3308 344 3845 8852 4867 7008 6071 7395 2092 1002 580 8290 1472 4905 3839 3450 1781 1466 6844 6296 7708 9642 
384 6833 1475 2451 391 7862 9756 1987 1875 8462 4704 7161 176 6599 1680 3484 3771 3547 6777 4500 8966 4838 4504 5714 7269 877 7164 6278 8341 2868 5262 6825 6988 4656 9468 8964 6371 1318 1680 4983 2981 4392 5226 8727 1658 1805 3021 6270 3591 1289 5340 2948 9141 2601 8506 8390 3884 287 6315 3811 6401 3577 2500 8885 1087 6707 2150 8055 1205 9050 8508 2573 5514 7853 9788 7489 4471 7319 9756 7413 2225 3783 176 7411 2509 3374 2665 8714 1891 2641 8473 75 9592 4824 6214 9518 9134 2721 2433 1063 
9784 6965 5209 9327 4249 3608 7407 3676 2810 8641 9628 8844 3705 4209 7817 9046 5969 6513 8121 5525 6270 3591 8514 2431 4421 2948 3098 320 9313 8069 3630 4418 7558 7879 2549 3884 287 9752 3957 6401 6909 3577 2054 7267 1092 8269 2703 1076 8797 8285 1333 6339 768 2482 3723 862 428 6393 7016 9790 784 731 4616 6390 2945 5637 7915 7684 1407 5337 9390 2043 1976 5204 4308 5895 4828 4995 8885 7816 7879 9752 3811 3257 1207 1449 8537 1087 5148 7816 4456 5327 1190 3365 8236 6038 9196 8909 1075 1543 
3818 222 9286 4958 181 3950 2107 3937 3935 4266 1977 1800 4158 732 2332 8131 8537 4559 3348 2214 5514 4078 6139 9705 7339 8437 4778 4985 9791 7893 5398 3929 2569 2160 9824 3865 5477 1352 224 1411 7635 4354 8077 6325 1640 5483 9090 2405 6712 3 7558 2358 8712 7759 8210 2267 7235 8724 7109 7658 9547 7140 2430 2595 2636 6932 9572 7153 4325 5475 5593 8762 61 2399 3719 8256 2769 3003 574 5992 8709 8269 5812 590 4960 3404 6316 3386 7029 1617 8822 2356 6684 2163 5544 7236 1727 7986 8170 6608 
2066 6055 1733 998 8875 3211 6019 4474 6776 5081 3795 4576 5866 7822 8491 505 4852 1604 4460 3999 775 4346 9355 8923 5783 3687 9788 636 5028 7890 485 1099 6726 5920 2545 818 2467 5380 2720 1772 1510 5533 931 8965 692 1657 7249 9163 7228 7555 5221 665 6506 3224 2577 7841 5403 892 8591 7100 79 8827 7249 6526 5840 4586 720 5317 127 1230 3396 1835 1387 5941 186 6712 5417 8905 3 7558 1130 5937 20 221 677 8210 1468 9767 333 3682 8355 1594 8206 6706 2348 9853 655 1204 8553 7439 
3976 2633 3889 3406 9866 2283 2777 4305 5779 6335 2500 3774 3307 4054 1967 4732 3197 9954 6613 9094 6566 3074 5159 5167 7548 3940 5089 1425 5837 3752 9495 4503 9251 9934 9340 6240 2785 3968 3199 1856 4137 2696 3691 1939 6863 7835 6013 9039 6333 4215 4242 2765 8366 3465 1876 9795 222 3098 6482 6495 5378 5612 3794 2479 525 7699 4273 4899 1381 1167 3715 7633 3250 1195 6005 2530 9502 2119 5230 5189 7783 9810 3900 3422 8873 594 1928 8503 8686 3640 9747 1198 2813 9964 7243 4903 8634 5332 8843 7349 
873 4508 9397 652 6264 970 4596 6339 1048 7915 4823 7984 6140 9273 3133 8166 9192 7686 3804 9555 1263 4348 8111 6704 4530 6465 537 426 5461 3894 3775 4977 3359 3384 1310 2171 2162 9381 3831 7488 4228 4476 5557 698 3280 8419 8691 5514 7853 7260 1100 3365 1098 3288 5991 1714 5083 4580 7651 5078 5869 7288 8095 3997 4930 7402 7873 7282 7222 4281 5203 3674 1881 1253 4355 7598 6301 3637 6440 88 787 4963 240 6741 5039 1802 9213 8264 9687 4893 4390 5777 1867 7084 5696 447 2178 9984 7585 6997 
2110 7970 8210 6150 216 7801 275 7007 71 9056 9796 8706 8536 5104 6600 8557 1472 4935 4369 8961 9031 1620 5089 5374 101 9057 6944 4439 516 2112 6688 1074 2872 3031 1908 2288 2156 8364 6736 4601 3289 7946 2664 1026 3056 3800 5046 4074 5502 4193 4667 2639 5523 9511 6374 3535 482 5927 8436 6409 5897 6478 3828 3582 5532 4498 2629 3862 8790 4536 8906 2051 2683 4355 280 9045 4587 7892 4936 4648 4749 8573 3656 3982 4086 2372 2356 9145 6896 5604 6392 2548 2101 4852 8835 2149 7357 6820 8626 6507 
2591 4548 426 9024 9056 1216 2968 583 4820 3798 9533 2798 5597 8379 2749 7324 8514 6660 7208 9999 5956 4732 3167 6577 8443 5680 1824 7926 8917 2367 7157 4368 9092 175 6294 4653 2468 1048 2400 7016 2114 9720 2707 433 8064 1513 9062 1829 1062 8367 9239 3749 5102 7164 3558 5506 6031 555 6649 671 7651 9853 228 4298 494 901 4592 1187 5372 9605 8103 5122 7189 888 1382 5004 9564 4226 1387 8871 508 9313 3630 4418 5681 8506 8390 3884 3811 6909 3577 284 5625 6881 3088 6029 9012 6411 925 4952 
9936 8389 8062 4708 2659 4375 3815 5271 3357 1301 2067 5674 6200 2271 9298 4619 206 1267 1693 1604 5495 5715 4331 4467 5438 6742 6771 6069 7330 1023 9723 6842 742 9815 302 1922 5917 5187 4590 7946 5354 3098 1999 4330 6572 5570 9797 7134 3357 3135 3561 5451 4412 9871 1449 4479 3694 8746 6092 4718 9694 6915 4768 885 127 3068 3913 307 302 1333 8628 8471 323 9398 3743 5100 5106 2317 4779 2582 5086 6260 4221 6062 1110 5438 9070 1654 5683 7694 1867 6753 6679 7168 8609 6728 1783 7665 4614 6889 
8108 8847 5245 7423 943 5859 8607 2062 312 161 5749 2341 5963 7825 8308 700 1358 613 7990 8357 2992 8743 3711 4362 9905 5729 2004 1220 1689 2679 8277 238 6861 2167 7315 684 6508 6639 7402 392 8725 6584 4814 8195 1638 6598 1867 2809 1422 6123 4515 4547 8329 6503 1443 7189 2180 8951 9980 875 5237 6128 9611 1816 9758 9841 3805 1094 4907 4351 3416 371 9964 992 3298 2577 2955 7062 9725 9898 7565 1090 9593 6258 6203 4652 6267 9696 2445 2146 7317 2387 9677 4802 5369 3425 1170 3440 6597 8119 
1514 7591 8203 21 6800 5985 40 8726 7188 5725 6883 5770 4831 9933 5698 7224 8658 9614 6787 6612 2876 800 3193 4565 6092 2749 8991 9155 3859 8806 3572 685 5134 843 5409 6568 9685 2816 9322 8213 83 8960 3849 721 8065 8575 4316 337 845 9543 9903 5477 2721 4137 8691 5888 6020 274 1028 8248 5945 1060 6623 84 9796 9861 3122 1450 3366 2308 5216 9708 2110 9657 7690 8318 2925 2889 944 4862 7181 6414 6102 3480 6291 3176 7762 666 76 2531 2741 8140 8223 5037 7101 6679 9210 4590 3744 4752 
234 9071 8073 5440 6011 4934 7187 5463 8598 3170 4273 301 2227 7294 2797 2822 5030 2582 953 9020 6535 7921 571 1242 4605 1098 739 7559 8420 4021 1471 6112 1593 9120 6235 4355 418 3532 6927 8708 7933 3745 865 6920 2571 5503 5591 9049 5289 6997 3583 8036 9282 2170 648 8272 2794 5849 578 3456 9416 4401 7730 7899 7615 7441 31 8863 1931 5662 2965 8800 9462 7193 5034 5073 6204 8065 6094 5875 3840 3121 6320 1612 1039 7690 4609 3093 6677 8725 3641 9830 6306 1418 6330 6463 1124 4554 4403 9732 
6657 8408 4703 8027 1049 4445 7704 8388 2923 7456 8510 2443 5433 9613 5688 8867 1139 1091 8848 9433 9880 4938 3521 8245 87 7715 5415 6679 8993 1744 3858 7440 6579 3522 5441 7930 2450 618 1825 3069 5505 9381 9291 2862 6169 9334 8456 131 8544 4176 8307 2278 2879 4881 2170 7227 6355 8160 9202 9920 1647 4609 7633 7738 6059 7180 1638 9864 4316 4000 7863 8285 4868 7967 8783 7997 1423 35 4702 5927 6479 2062 8582 191 8736 3558 5337 8158 3616 199 4373 7968 9078 4219 8528 8336 3326 9998 3086 4685 
2122 1267 7884 9975 5813 4366 3607 4970 6215 2005 8887 8140 4974 3212 1829 7409 1266 6587 3566 4171 1604 3736 5315 8942 1335 1724 3808 7233 1433 421 4360 3963 7294 4094 8179 7719 3025 3737 4100 6861 6736 9994 3625 206 9253 1743 9343 7066 7419 5711 3573 7759 1824 1153 1043 8220 7563 9791 5704 7917 9398 47 3963 1329 6983 6471 3324 6461 5074 65 9253 2924 334 3669 8252 7009 3987 7915 2711 5094 2408 3405 4965 7665 829 173 9161 8224 3318 1013 4447 1912 9698 8870 486 699 6521 6286 547 5138 
4802 3109 625 5823 8781 1376 1254 7933 3951 8851 3830 8978 7382 7421 1960 2141 2766 2592 6877 2486 8587 4906 7939 564 4855 9796 1746 9861 1405 9471 3966 8657 6200 4927 3736 8613 3986 9674 6861 7315 9134 8827 811 8897 8399 2975 4756 5912 9379 5086 7172 897 1456 6990 4149 842 6573 3025 6618 5304 4051 9843 6355 6541 4689 1262 2245 8703 6539 4254 1713 5194 8693 7855 5371 8603 8406 1161 9262 9731 97 2911 8960 6340 9928 1360 1228 2233 9618 7740 2565 7594 2719 149 447 957 8525 6314 5730 1599 
7569 9630 5169 8741 2492 1541 1460 4778 4206 1609 3871 1046 3178 8821 3223 4446 800 2015 430 3663 706 8756 2247 2599 1553 8144 4210 9792 1751 2556 4621 1022 2586 7957 2574 576 6793 6529 1480 9684 6777 6949 2846 2115 8497 2808 4058 1329 931 2924 8221 1303 2439 310 8233 1162 1572 3430 9889 3463 4554 2447 9591 7197 6366 6716 6884 1981 8048 1834 2802 8 1809 8401 4952 6724 7683 820 1537 5361 8334 8285 8596 5534 6353 9869 1641 5054 4364 9753 2872 1760 7590 5084 6409 7755 4417 5338 957 218 
9161 9239 5538 4940 3704 1567 4593 6612 6048 9017 7388 6126 7980 1373 6723 1600 3944 5701 8120 3404 978 8522 6393 7370 677 9424 3173 7061 5269 5594 1127 6596 3023 90 7663 9640 819 6154 1381 7240 1496 5567 218 3670 9661 473 7741 1125 2116 9012 3034 5685 4940 4114 3862 5940 8680 4262 7275 3677 9717 5674 8713 3497 7837 8665 8015 458 4472 3472 5918 7278 7211 2691 2143 1760 7474 8328 846 1502 3480 5975 4951 8777 6556 6851 1675 5588 8354 7890 6181 7379 1104 1294 5852 7500 9992 6865 778 5395 
4372 3109 9294 8308 2912 4343 602 5022 2444 4666 5972 9578 951 7316 6082 6954 3134 761 6727 3559 3580 6099 6210 2142 1345 610 4506 1461 6870 1933 6324 3177 403 6016 5201 5913 6696 8504 5895 3553 2948 7136 5351 2946 6488 1582 2582 1831 6319 6138 6712 3013 4735 846 7203 4860 1148 6896 7986 274 7750 31 4538 3967 899 9988 7754 4211 7639 583 1917 9417 8566 8081 4464 9003 980 6560 8851 2070 3610 7255 4338 1700 5155 9497 510 6264 8099 8879 6056 2941 1075 2598 5575 4225 8719 6556 330 6588 
8050 3625 7002 6410 1217 8445 767 3518 8743 2036 5648 4424 7171 5906 6597 1285 447 6556 5794 9091 700 7316 2437 7965 6461 2292 69 7016 221 4440 2635 9053 2364 1004 9814 2219 7560 5031 2958 3504 2112 2806 7432 4615 2249 8802 1325 4145 836 5269 4245 6609 5453 7487 1252 9746 2625 1925 2341 53 2796 9129 9942 6173 881 4797 4286 4224 8777 9272 1616 2808 7041 1838 7890 6950 4708 790 6889 2655 5083 1927 3740 1930 8604 3141 9534 3169 6099 6210 5769 6253 7189 9980 5229 3745 9750 6969 7551 4253 
7529 9806 1072 5354 5272 9923 7384 9171 1058 3787 1897 7711 1552 5525 4881 6760 7147 7425 1820 499 4130 3279 2536 1622 4794 9393 7019 5204 9277 1387 8123 1271 8172 8821 378 7683 6263 9350 7839 6362 3945 6485 4575 6957 2465 7312 6230 2730 1893 8712 6702 6927 6206 16 3353 3210 376 7078 9031 1422 9471 6161 2671 4403 7151 5739 9367 8314 8026 418 3768 6183 4172 6290 1839 8063 2029 5199 2404 6997 457 7790 8218 2253 6486 1328 8414 6416 1622 2875 6102 2985 2421 1155 2457 8943 8954 1405 3966 6678 
3986 2029 4444 6508 765 6639 6611 319 2458 3495 7118 785 905 4330 3596 6259 4379 3253 9912 3974 7983 5698 4072 331 6476 5210 2809 5551 8714 2749 9155 3193 843 1300 7853 5920 7164 9317 9223 6749 2001 5817 4940 8600 6952 1873 8754 7515 7726 3130 6979 645 865 4772 2066 2518 6993 5154 3362 8650 3923 3523 4647 343 3571 1260 6483 5987 5575 9676 3599 8595 447 7099 9819 2232 1007 6143 5623 8706 546 1870 8732 941 1780 2579 9512 43 9489 4798 8200 4288 9640 2749 8075 6270 6911 8950 816 1484 
6231 8342 8165 7920 9659 995 6624 6039 3578 4639 9856 7551 6351 3960 3870 9581 3062 5454 5366 6450 5802 3130 6280 3002 7843 6044 2644 8924 7729 3509 1862 4995 1107 9599 2842 6100 7555 3247 7411 3471 6808 1228 4065 1079 9285 4559 8322 4108 6936 6781 5152 416 7374 834 6108 459 7008 9163 4095 7486 703 6991 3643 3560 8142 3679 3912 1326 6480 147 2447 1191 2480 5266 8813 1854 416 8157 7110 6410 6525 7594 1537 3716 1094 8860 5524 2649 2893 725 2990 1587 8012 9532 7800 890 8815 9270 2217 1268 
7896 9706 3314 664 7029 7557 5963 8815 8567 444 3396 5131 595 7270 6470 1929 6950 6700 9261 760 9716 1360 3617 3283 986 403 7905 5103 4313 1425 6696 870 4572 5094 9995 6423 4964 2983 5351 6727 531 741 9683 999 972 3919 4526 1162 1665 3547 2680 5019 4395 7473 1375 5110 2649 1788 7743 9214 8052 6265 5998 6616 6935 8522 7933 3332 5709 1887 2728 7469 2328 4139 3753 15 3272 7900 3251 4164 7090 2566 5102 4881 8171 9997 5192 4980 488 8227 3571 4241 4291 9938 9212 3623 1292 2484 9835 5204 
4087 3236 1328 3691 8539 7855 2781 6773 1275 450 5798 3198 1425 2069 741 1931 1832 2249 6759 7064 6342 1730 6781 1968 1577 890 5453 9009 7744 8842 7568 7393 9911 8284 6274 2563 39 8035 4176 4751 6118 5443 7884 3555 6370 4301 3528 7261 5634 2622 3378 4176 6542 7123 4087 2712 7110 5338 9674 7148 1284 2877 7676 6035 9472 3920 973 3235 2818 9606 7120 4408 3219 9106 2193 5088 4357 1467 7979 8777 9653 1165 9125 5085 8712 4255 8318 481 83 1531 5888 3708 530 7553 4864 341 5493 3724 1613 9036 
3419 9571 2808 751 411 2845 4070 1778 7179 6795 9838 6841 215 2765 9565 2368 2433 6354 1035 9199 2311 352 3260 5281 7662 1117 2380 8677 3442 6635 9777 3656 116 4891 8730 4281 8982 7967 5820 2673 8699 8923 764 6881 4903 5467 9269 6977 3224 4218 5686 961 9351 4195 4036 3659 5133 8232 2633 7829 6669 6316 3330 1459 6144 8612 4517 8286 6115 7716 8191 3166 7321 8400 7102 7073 1529 3620 6388 2971 8490 5824 5785 7829 7988 8238 6999 3411 3172 5702 7662 752 8448 7877 1826 3643 2667 4964 4706 6553 
6561 9704 706 3061 1674 5566 4799 5479 9001 4918 8678 7837 8680 5131 9113 7574 4289 2081 3665 8111 2838 4063 5775 9789 9732 7945 6548 6797 4638 8722 1637 8646 9898 9835 7387 9056 4266 5771 495 8291 9701 6542 1999 1280 6848 1024 3483 3071 3024 4825 5907 1183 6297 1523 380 4384 2582 6443 8357 8932 4794 3496 7876 972 7045 405 4790 8669 66 609 2388 5464 6268 48 3270 112 9327 7674 6056 4210 7109 5702 3081 6975 9730 282 5345 1173 8221 8509 3091 6516 5592 253 2912 5893 5022 8374 5972 951 
5624 7198 1548 6371 5964 6995 1764 1763 8727 2686 1020 172 5153 6833 7927 3021 7807 3591 3704 8817 4421 5340 3098 320 2601 8477 7558 7879 1680 3420 2878 6019 6914 3253 1444 5668 1440 3598 6567 4851 6693 5378 8920 131 127 2396 1982 7254 7385 1336 1024 5365 9516 3281 3790 7482 7433 3505 5864 2413 2337 8490 65 4839 2337 7519 1541 2897 394 7515 7326 5051 8211 9024 4822 5331 5152 1477 4542 1068 9594 6625 992 5669 9887 8378 5255 4343 6237 7410 6352 2901 3461 5141 1379 2726 6998 6166 122 5902 
7911 9782 863 5650 1499 28 239 6842 7096 9585 2379 6222 3268 8945 5115 6865 7498 9102 7275 2320 4700 7791 3726 2206 5091 7372 3109 6346 8973 5840 9812 6795 3109 625 2650 7933 8851 3830 7382 7421 3502 8474 3393 8755 6943 4863 2592 955 9368 5728 6316 7565 3149 5072 911 4800 7313 8783 6988 2887 2591 1293 377 1548 6448 2881 465 5964 1318 1680 2981 4392 4218 1658 3800 9503 172 1805 8285 3980 428 1521 784 4616 5692 1540 5637 5001 7248 2569 7066 7280 3251 7618 7697 824 2215 6213 4374 9894 
9328 1346 3741 2357 7239 547 3215 5741 8082 782 585 6368 3654 4695 2854 3507 7822 4330 3596 6587 7387 7613 1038 9460 1576 6828 5906 8115 8912 6300 3349 1299 8657 118 3872 724 5243 3358 4413 1369 1791 8664 8721 2215 9617 4689 78 9416 927 8082 4295 7028 3654 2776 4477 226 4002 224 341 2317 399 532 1277 7645 9242 2006 840 4049 6092 4718 9103 2842 7495 1829 3411 4110 6249 259 3301 7009 3952 4583 6299 8818 5176 7084 1323 6711 5003 2034 9007 845 7796 6250 4749 9424 1378 5215 5811 3872 