4863 3349 6877 5728 9415 6561 3490 9147 9858 4800 7313 121 7404 9895 5938 1972 212 414 2198 9460 3699 5453 6650 2365 4357 1751 1334 5969 115 8515 4545 6534 4890 9716 6868 1159 3551 1791 9513 5025 5661 6579 5900 7779 1742 7117 798 9819 1578 4198 2947 910 5217 6682 7193 762 3800 7558 8103 2235 5353 6340 442 600 9489 8933 8782 8100 6276 9023 7038 2870 6142 5294 8754 5094 7515 1884 238 1422 6508 702 2606 4017 9496 3061 7021 6376 3671 4794 5468 332 6059 1757 7538 1987 8818 3181 9799 7887 
6352 8470 5598 5276 198 5709 3609 388 5400 8437 6636 7623 880 6455 8164 6167 8832 9743 3548 9466 1351 3521 4273 5457 3055 9146 440 1999 4531 7847 5210 3997 6936 7640 8957 9614 8758 693 8539 7398 5762 3835 9050 1739 8017 3929 7998 2414 4440 5504 1627 4090 2872 1923 9398 3912 4924 8584 7553 8768 7964 8417 8830 5601 2969 5063 4584 9186 6323 9102 9641 1731 5069 8222 5283 9224 5757 2426 5604 1541 759 5411 6349 6702 4671 7904 585 9290 6933 6605 6829 5660 418 6107 7701 2883 1696 8127 9576 1877 
9991 9814 3270 230 1449 9796 8354 7135 7474 7440 240 470 8079 4991 2792 6148 3283 533 7501 2986 3820 3281 2996 2531 2741 5100 6278 5185 808 216 5981 1528 9601 3401 1030 6306 7432 6158 1963 7229 339 2412 6349 3299 2931 3690 2094 2249 7809 9561 962 7982 8555 5623 3438 2450 4510 7386 1934 2263 502 9175 8119 7157 2065 9578 5909 2905 6106 715 5435 9567 2472 5239 1118 5272 6983 5121 6291 7878 2611 1301 8771 1127 6926 8000 3189 8380 8597 8336 3577 8615 10 1003 5483 3463 4874 458 3383 7019 
2729 4466 2893 6280 2996 9995 9957 2221 5205 6169 6371 2282 1459 7042 2322 4925 5688 550 2334 7561 4567 2222 9124 1424 9584 5264 4482 7304 8697 5418 3036 2529 1708 9781 6465 2240 1107 2774 6025 9757 1117 9533 2956 1548 35 618 297 5141 6357 2488 386 5221 4843 7213 9738 5692 1337 41 3139 7373 9508 2407 6806 1980 1295 5647 9589 3881 3006 7137 301 5330 1027 9633 1609 4598 1932 7498 1946 3287 2693 4756 9049 75 7628 7608 3945 8395 3148 6117 6920 8373 7033 5167 6062 8371 5661 2670 5242 7187 
962 7366 2036 7807 7928 4645 6305 1340 7549 9313 8531 6237 6175 1563 712 7124 3440 5937 9854 5372 1206 8983 3836 4594 1822 4717 3404 9213 7693 4896 5274 6996 7663 8968 3685 9965 5248 9722 5645 9691 2206 4965 9849 9690 3706 4919 9016 3378 6670 2945 8998 852 1579 1787 198 2505 5769 149 4041 7801 866 6505 3013 1792 4579 1712 9535 2128 8740 3489 2031 857 2453 54 7797 7401 9420 5193 750 2684 7460 980 9338 6814 8687 1200 2290 7204 1897 1733 3452 8746 2988 5531 1105 5481 2839 6397 6459 3730 
9543 2008 729 868 4811 614 8471 6257 2252 1662 5115 2722 9974 218 1106 6238 706 785 7287 5874 1252 6759 6671 670 8147 5033 9947 118 1328 2551 6345 8506 2483 535 4357 6292 5688 849 8750 2276 4732 1788 1908 3576 211 2464 1455 7747 9482 9971 9601 2967 9296 1204 2384 3341 3218 3107 3266 6562 2849 6126 394 2806 1530 7662 3831 7313 2887 9468 963 9361 465 4750 4899 1048 1923 840 3280 4049 8746 6092 1832 9729 7358 885 8853 3068 6607 3913 7437 1333 8628 1363 9904 9563 3610 7861 9454 9187 
6971 4405 1383 5348 7340 58 3421 9227 5064 5234 1216 2968 3794 4820 7923 3798 2741 3551 6576 9754 5451 8570 4160 1360 1482 6577 482 483 465 6693 4947 6051 4166 5415 8255 9555 6867 4968 7435 3366 5248 9924 915 5515 3160 1529 9785 6195 9427 2880 9253 946 6360 3581 9883 3385 6460 6172 9316 8725 4320 8259 4271 2408 6406 8460 8347 1792 7561 8312 3673 8833 9078 9938 7844 5405 6046 1589 403 2909 3059 7705 2739 7355 2564 3035 7757 5589 4234 661 2997 3431 279 2579 329 170 6566 7814 1155 3782 
1945 4500 4557 5526 3808 2124 4924 5069 330 2062 7863 6807 1474 3952 3793 1147 329 6071 1141 9441 4598 983 9292 2355 7516 8302 3997 9054 2059 3752 2926 6768 6288 5291 8452 7997 7217 973 3670 2613 610 1663 5879 8941 3831 7163 7339 8508 7826 7853 7260 1100 4205 6424 4848 7314 7890 2723 470 4578 3594 9938 7517 6611 7415 9778 1 2609 9632 4112 6755 4343 1474 7456 5015 1672 2556 5835 4764 2901 7951 5477 946 7855 5799 5020 542 1028 4656 5876 2065 4711 3839 1240 3368 2248 7142 869 4259 8477 
505 7756 2523 202 1124 9523 3601 4870 143 1646 3408 4146 6090 5810 1685 4702 4200 3688 7231 4093 3016 6091 1147 1414 3293 3592 2580 2421 7861 6464 3363 4387 9888 7030 5362 9187 2721 116 8889 9380 3593 788 8823 7719 6948 4056 1075 7308 2252 2562 9932 7489 8335 8898 2336 8895 7426 7227 3714 9445 3935 4266 1629 344 7329 4430 7714 6572 6478 8874 5329 8600 5311 5539 1950 8843 5468 4372 5651 603 4678 4027 6845 8795 7639 3257 4313 9487 6441 7951 2473 3552 8522 4410 5208 6382 2780 6314 7909 5662 
8187 5531 7891 5754 9187 7575 7593 8234 1644 297 7566 2795 1482 7204 2964 6521 1954 573 5270 5457 519 1548 1807 7769 2194 2559 2131 1655 1381 5305 1407 5146 9623 762 8662 9678 7492 9179 4432 9917 9325 9011 5882 4762 9437 9144 5804 3171 5631 1843 4460 7739 2218 9233 8553 2143 9452 7355 1532 8985 5776 9311 165 5961 9128 8103 9067 5092 8540 7121 4347 77 2503 7398 4135 9027 4487 826 8616 7287 934 3216 756 256 7621 1207 3316 7008 7271 9016 5978 8038 397 2437 7186 6594 8943 3380 8314 6012 
6678 170 445 6145 8950 1860 549 9366 3214 9700 3219 7040 3625 2111 3118 3566 3935 5960 1663 7590 2916 6760 7235 6854 6993 3026 7183 1658 1784 5174 3968 8324 8321 9300 6288 5699 9762 5231 4885 9136 3105 9810 3815 3753 7789 2297 379 8638 1109 4480 1166 8644 6951 2406 4847 8142 8249 8636 9140 7962 9869 7191 56 2900 4990 7734 6371 9272 1892 7982 3511 2955 2885 3820 1927 8914 941 3411 5610 5476 3757 6297 9916 4185 5736 1212 8531 7790 6897 8535 4609 8748 3985 4522 112 6318 4573 8068 8140 3394 
3093 4231 2601 5270 3259 5498 2128 6089 5799 3755 2351 1893 1116 5119 1831 4278 6881 5491 4069 5665 775 7690 6338 6797 1569 6312 7594 505 9055 3716 4620 2126 5760 6260 9261 1926 5425 5422 5633 4310 4177 6386 7779 7183 3380 6932 6090 1849 7008 7271 2491 3893 4486 4929 9001 3286 8855 2431 9515 1308 8325 266 8025 2169 7823 5472 8168 6463 5029 7461 6976 4750 7073 1649 2788 1250 9002 6228 9191 7666 5352 8025 4627 2591 7992 8986 5879 6597 6552 4953 1057 4542 1659 7434 2906 8530 1889 2497 8936 723 
3902 5940 3851 6390 2037 4824 2549 3061 4422 6532 9412 1071 8908 4254 834 5735 2811 1926 1194 7856 7793 1070 9609 483 1117 2212 6032 7433 7716 8911 9899 9115 455 1369 4806 281 6202 6752 6139 277 2597 6983 5683 4007 4173 9050 996 8791 7028 2877 2515 9434 4248 160 9120 1620 5793 3681 6207 9215 4915 7831 3985 9519 5873 3929 7358 9638 3671 3105 8934 5458 8417 9896 216 3941 5545 1368 3247 9433 9056 1843 6165 8536 2905 2499 9360 4394 2203 9967 264 8033 1192 3840 9463 4988 9196 98 9372 3384 
1662 9830 3801 5186 2125 8968 1736 9817 3240 4415 3913 590 1861 171 8443 616 6960 4186 4558 2183 8506 4963 5497 1330 7854 6488 7104 5809 4248 8051 9957 6446 8240 8868 1567 8422 6227 3639 3541 1309 4200 8487 7840 3389 6922 3682 7384 2020 3760 6294 6449 88 9713 9234 270 5147 2531 257 8698 1356 3018 7123 647 2086 979 2721 8200 2123 8316 8573 4456 1760 2312 9059 4991 451 2187 4570 6903 4765 903 92 4384 3202 3306 656 3370 6538 9018 1546 4431 1161 4056 7234 8752 6467 8036 8330 2103 6053 
2805 9372 3486 8577 5558 9074 2130 8445 3618 3203 7978 8293 7392 2365 3551 1428 6751 1273 598 8853 2973 8809 4758 3908 1147 7402 1439 6960 7751 9166 1963 5303 4285 3193 8356 3518 9693 8297 6295 5797 8395 9551 9254 1530 157 9703 8103 2285 4672 5001 9842 4080 4923 7810 3258 5543 4581 4764 7535 5221 1532 2993 2836 3609 2461 7759 37 2912 7582 8386 3367 7137 900 5557 816 8354 7168 5773 4712 1723 2407 8711 9641 4291 2080 1713 384 2265 5602 7476 5894 8086 5972 3595 6069 7476 1 5681 8724 2630 
5685 6964 8938 6656 1494 3812 3937 5017 7253 2707 3821 4887 8000 9326 9390 6949 6064 1018 9834 3885 9332 207 5410 3529 2871 7716 1784 8191 6111 8400 478 3828 568 3540 9011 9531 2251 6923 3573 3859 2474 7941 3066 2177 9954 6247 1597 8643 3777 2967 908 4200 5414 4524 7261 4792 610 1663 5879 3450 404 8860 5524 1726 7554 1906 162 611 185 406 9239 2777 6455 897 4498 8956 1615 1599 3762 7586 1761 5107 1853 2842 7088 3858 9913 2608 3380 4758 6950 2775 9928 1778 9269 3856 7121 7062 5137 8263 
1119 6266 8436 2697 8266 1348 515 9796 7518 4218 991 1848 4544 7683 4706 1040 366 1345 7233 1142 8155 568 2896 8566 1643 8282 7828 2848 3907 5081 778 6683 3655 3401 1267 4581 9680 6895 6003 1408 3687 9832 6086 8063 9305 6210 5337 3308 3708 1964 7776 4692 3499 2799 4667 8941 7206 6414 6436 2327 1206 9206 694 3275 6522 3830 2778 3406 1167 6963 5610 8962 2194 3364 2384 1494 1076 4089 5311 5505 2957 6585 8239 1829 1059 2337 4244 8034 7452 6761 1053 4410 3296 2110 1816 961 5211 3928 962 8094 