1100 3365 1680 4205 4106 2026 9857 5744 4848 8895 5273 9708 7846 4284 7812 7256 8557 1045 9564 7690 4928 6797 2487 4029 6861 9856 4055 3767 9338 3761 9573 431 8819 4068 2642 8015 4205 3176 4263 1269 7248 8549 7066 7280 8876 4001 3369 4713 7613 4404 2351 2380 719 4982 7777 9313 150 9814 7885 674 5582 1159 8258 6785 4376 4847 7333 742 920 5476 8653 5311 4309 8836 9093 9550 9563 1887 9544 3529 1331 980 5155 3038 6597 4659 8381 9624 601 4921 7164 772 193 1636 4753 9759 2853 1285 2370 7441 
3465 9975 7453 3471 7213 5407 780 9985 1270 747 5258 4601 5571 3121 9090 2405 974 2133 521 6704 6177 4170 5477 8918 9170 4107 8549 1854 5608 9274 9518 2353 7324 4644 6974 4293 2082 4320 3432 5840 2807 1516 7922 6242 5372 6398 6758 8539 5829 4117 5950 7488 5860 8574 2050 5613 7765 7911 7657 2048 9707 6970 9066 465 5862 8019 9498 6565 4352 248 6031 186 6071 3058 7145 4709 5777 9201 1067 391 846 523 497 1564 6026 8441 6700 387 3628 5180 2683 1998 2463 7777 3928 4217 209 31 4766 3298 
4393 7761 8510 3879 4088 9091 8245 3862 2738 2072 1049 1641 9117 1423 233 4924 5296 2978 6770 9762 8553 9753 2266 1464 2585 5933 6528 2019 3234 5038 2318 7884 7385 9084 4468 4902 5736 6759 5439 9974 1550 4902 9329 1702 6932 1401 6542 8750 9805 5936 9929 6684 1724 8938 4444 7783 1364 3194 8179 4609 640 7790 691 3666 7 8491 4463 1090 9022 8837 6876 5467 6547 3953 407 8852 9927 1330 248 9085 4473 5629 8959 1858 3900 4838 2352 9289 4074 5626 4797 7146 4560 3150 8808 5907 3725 8518 1211 3189 
1105 4737 5271 2670 3194 3974 8470 6976 2013 7630 7916 6747 3449 8359 2613 3180 8898 4147 9461 4729 9978 6595 449 7162 4066 6194 4663 6680 5236 9690 4618 3353 971 6776 6991 7210 7474 9213 635 1582 699 5365 2577 3359 7707 1763 5227 3831 1306 7647 1645 9639 3774 4083 4548 6481 8736 8515 8812 6604 8254 3735 7188 4795 2896 9754 4941 363 5230 4263 8309 5514 9267 4168 6566 9288 8459 4081 3148 7019 6945 2935 1849 8522 5247 2186 1225 8089 2775 6379 9342 852 9704 9124 5620 3794 5807 7507 4690 7024 
2384 4822 5444 3618 1107 4774 5036 2465 8832 6551 1906 361 9583 2112 2344 737 896 8038 3533 571 2018 9869 9701 9120 1737 5583 2276 9199 1702 739 1881 1751 1596 265 4805 1248 6376 9877 586 788 3243 3832 8664 8672 4690 4861 6965 6542 4160 4653 3590 5408 9402 4498 2750 4811 7637 922 9869 9564 7193 5235 6335 8422 9834 929 9242 6411 2577 5367 5467 548 515 9078 1787 6379 5839 3075 7178 9060 5314 2544 5236 2103 129 2830 1818 3997 9937 2482 4387 7498 2660 8879 526 5992 2281 9939 436 5503 
9584 4693 7682 7976 5180 2100 2626 6019 6067 3147 873 8344 463 1691 240 8574 2599 6827 6443 5998 5859 6338 2204 3107 7415 123 6911 9498 546 6096 6810 4159 8584 8411 2894 6157 9516 7849 5645 6040 5592 6675 3596 7835 8327 426 7867 8628 8600 6375 9329 2311 5839 7103 3391 8773 727 897 3661 8220 9104 6551 6314 4558 8360 1404 9775 3041 5953 6767 4440 2637 2174 8931 7209 7238 4947 1450 2221 8124 5460 9967 1645 7192 2311 7069 3813 3104 2313 6864 4790 8571 7325 1830 9281 8953 7503 3025 8333 9478 
6053 2641 5211 9866 8507 3523 3593 1611 3135 2258 2518 0 6141 3660 5438 4712 2926 9115 5096 4757 9112 729 4585 8065 9906 8440 9329 2932 4848 8762 901 3973 5162 713 5473 6899 2634 6261 1059 9090 275 1921 5975 3219 8002 5437 5718 614 2147 4205 761 7388 7044 186 8882 1723 7145 6599 6716 8797 9274 9932 5217 3717 9870 8082 3881 3317 5518 2086 3530 8156 3906 598 2253 6700 9356 9914 5648 6504 1369 3296 2990 4511 5537 2216 4971 9096 4143 1756 9738 6545 2032 6323 1179 9144 7562 1466 552 6044 
536 5507 5790 3490 2419 3399 4002 1025 6312 898 5541 4426 8474 5131 7365 8678 3674 3135 4603 2840 4211 2588 553 5727 3821 9037 6134 8693 8448 3723 619 7298 2914 7747 7920 1266 2804 3327 1924 5721 4323 6124 8118 6953 8751 4800 3175 9219 9566 4529 9203 5127 5243 7921 651 3542 4653 7691 1000 1981 2972 3564 8027 3986 2347 1249 1735 1502 518 9280 2703 5235 2911 6637 3992 316 4408 633 5968 7861 1426 1398 6949 6105 7375 3083 1779 919 7561 7987 9247 1420 3570 220 536 6850 4505 2144 9456 5393 
6399 893 1074 6735 7809 478 6802 7705 7909 3221 3859 7468 3529 762 2590 9864 8166 6121 4448 9567 2190 5996 8049 7869 7638 3533 1659 5232 3851 9847 3526 1162 8065 2680 8962 5157 592 8747 5039 9481 4574 8977 4982 6313 9566 1534 1714 4334 6130 7237 3583 4838 6329 8272 8272 5241 2794 7106 8747 3275 6859 3526 7904 3361 4155 9071 8749 1638 3925 6168 7231 3509 7029 8265 2 5500 7079 6924 1302 2963 9077 4 4634 7532 2916 8079 2277 2169 976 4407 6548 7359 9163 7166 8124 6268 7541 6171 8138 5169 
984 9191 4048 1708 282 6898 1688 6828 9066 6610 8431 5478 1257 6363 7068 1926 6319 4568 1438 6293 7147 9193 9255 3976 4472 4642 6370 5971 7223 6908 7829 6985 4132 3423 99 9553 581 4532 8930 1947 1422 5189 6402 6999 8955 3626 1612 2569 4998 5827 3020 7222 4057 1304 1776 3552 6751 7797 4420 9277 8077 1021 3844 3467 7240 8706 6804 4066 9511 9666 9205 2796 9661 9597 3441 3751 2236 503 7137 8321 4553 9588 9185 3508 9615 1642 2449 514 7503 5363 8822 2163 6344 7986 2358 2066 6055 4026 9048 5633 
4378 6386 3763 2241 7826 8662 4087 4926 6036 1263 2415 8604 6247 8657 111 2734 5461 3894 4977 7707 6693 2198 4368 3366 967 1175 7488 1057 5866 5602 612 3280 8419 618 2308 9729 1680 7056 355 1311 2247 6608 9411 9781 7783 536 5149 5910 8075 5212 7703 7835 3045 921 7962 8986 2656 3150 4990 140 9272 6653 7044 7538 8358 1892 7982 3511 1245 3968 58 9687 4726 6721 2092 1546 5770 9933 1527 5544 788 9590 3739 8684 3999 6608 5541 2066 7676 7975 1733 2765 4026 6932 8919 8034 4896 3610 4109 9368 
3149 5072 9147 9858 4684 8783 9617 4493 625 1376 7933 8851 8978 8510 7421 3502 8474 1884 2202 3245 5854 3676 5785 2810 7507 8756 8050 7819 1431 4709 8551 5869 4954 2702 12 8308 5361 5222 5893 602 5506 791 4666 1419 1047 559 9578 951 7316 5624 3303 6215 6592 8788 4487 6389 2231 504 3638 7875 5073 8016 3015 6968 212 7299 3944 7862 9756 4252 679 7706 2340 3424 7792 1578 7400 2613 2232 4267 7864 5230 517 8048 2076 512 9267 4168 6566 9288 768 5175 4700 7364 8601 5247 4053 6010 2862 5587 
496 5353 1427 1732 820 3483 7209 7720 5846 1798 746 8759 6614 5962 4830 6563 3557 963 361 5340 1979 2052 2713 9476 7384 514 3945 5630 5211 6738 86 5396 9810 509 2862 835 1630 8351 2073 6268 3821 4251 6948 7744 1627 137 4144 9778 8394 6076 7144 7844 9572 4515 9619 7763 9626 6960 1275 2385 4270 4796 9207 9452 157 1163 9675 9931 9176 9340 7915 2887 7744 6302 9691 291 7903 8658 3440 3620 5787 2960 4661 7548 6854 3068 7437 6183 4630 3743 9393 5022 2444 8374 1419 5972 1927 7198 6591 558 
1024 9052 7973 9269 6908 8998 3681 9143 7265 1490 847 2728 3997 5879 5211 6438 9709 2504 1812 1647 8369 3149 9802 4874 8854 8961 4702 2174 1914 2720 1772 7147 3154 4640 931 6895 8292 9498 692 1657 2738 5786 9163 7256 5669 6735 7555 6787 321 6743 4122 4815 1761 2303 6901 3732 4797 527 9361 9926 2519 4887 5863 5983 9450 8348 459 846 1781 4891 804 8380 8753 502 7031 4784 5981 7984 1006 6864 454 9734 1911 1093 1601 9635 9854 7857 7690 2201 357 6483 4781 518 2802 1322 8395 5269 5002 1812 
8258 638 3209 4881 2591 6866 2291 8725 621 6952 2080 9382 2996 215 519 4175 1953 328 8850 9279 1985 4133 531 7117 5685 1083 1264 5148 7816 2066 1382 9998 1190 3365 8236 5671 9196 8909 1075 854 4201 4269 8858 3705 4701 3610 8508 472 7684 7774 840 9311 8816 2077 5601 8292 6805 789 9472 1192 4584 5542 6052 2344 6544 2478 6093 3788 5545 2809 5112 2728 650 3843 3519 710 2389 8055 4249 9885 5714 8578 925 1575 3600 1770 6991 1853 2877 1140 5675 9284 6826 3492 2384 1646 7561 8254 732 6667 
1131 3265 9484 4683 2901 1725 7646 1570 5521 1267 3151 625 4776 1359 7406 9077 3260 1642 9729 9335 6313 3848 8355 9972 4425 966 4156 1448 360 81 716 7640 7569 5352 8659 933 9230 4830 5180 3365 7671 6928 7895 5560 1580 7102 9616 4542 3109 2339 2494 1611 5858 7196 7450 8873 4524 3271 5099 8745 8623 4834 8531 934 4259 3216 8807 4387 8519 1698 2194 4395 4697 6795 7933 7334 9573 5998 8434 8474 3393 4238 8216 2766 2592 955 9415 3490 9147 4684 2420 121 337 9468 1548 2881 1390 3745 7707 1763 
8512 5785 2810 8295 3501 8050 4527 6792 9326 55 9581 3257 6664 5045 7987 8253 6876 2458 2069 8334 8142 5980 6401 138 4463 9754 7885 7897 5727 3150 8956 690 3976 2810 7432 186 7866 7490 5101 8071 3296 6945 3851 9 2598 6822 3744 576 4128 7353 8668 2620 7319 3251 1981 9756 7454 232 2564 5610 6388 852 4172 7831 6472 5199 4842 3799 1650 8854 4480 4498 7636 9964 6486 4954 266 6792 3205 2797 1845 6062 8549 5291 1791 5253 3723 1907 9418 2520 4916 4945 8015 5001 3215 4243 593 3734 1781 8435 