6188 3244 9497 9647 7890 6230 902 951 2452 3559 852 7867 8215 3152 2284 4223 8144 3434 267 1319 132 3720 6162 8154 7419 921 4224 6558 3698 4035 3567 4241 6946 326 5593 9870 6818 8061 1886 9236 8175 790 6637 8642 7664 4474 2514 3142 7648 4288 8226 3429 6809 1667 4147 9644 4960 5880 3885 7953 6540 3946 1358 9194 9598 2963 315 9190 7756 4645 2094 792 6402 5869 1853 7908 8795 9001 3859 879 4940 8576 4722 2308 7992 4898 9268 2252 3693 6111 2937 5317 8672 4750 7396 586 2342 9900 3622 6017 
8387 6018 3064 5796 5848 3220 7373 3681 5858 3499 854 3818 2811 7718 8918 7955 2483 2351 190 6793 7523 4347 7600 7760 2707 8439 5980 4344 3783 3530 8586 9825 9301 2251 1310 6317 4525 8785 6179 7125 7592 5437 4680 8006 1734 9010 6296 2079 9726 124 2613 9770 6860 9769 5499 9222 2712 8836 6189 9271 3440 2669 9857 2317 8414 9425 9386 2617 3362 4456 2583 3970 2866 9952 4848 8077 2632 4202 1045 5705 7105 3108 2467 6055 5380 8436 9387 7773 9431 9534 7674 8315 7611 947 734 494 8666 3820 641 6021 
4638 3181 9153 4662 9500 6650 7853 3791 6502 7254 9237 6246 2589 2467 2825 2700 3682 4900 1640 6338 4409 508 2756 2754 6326 9571 5696 6340 3044 200 3974 20 2393 2666 7039 755 807 7129 3125 980 3740 2424 7857 9480 1078 1161 6803 377 1056 1635 4026 8273 8134 2711 7610 6761 4346 9187 4652 8874 5697 8175 7648 4186 3932 1342 3791 9430 5792 9501 9289 8266 371 6316 4559 1211 5143 5573 9532 9675 2071 4215 6540 5830 448 819 5343 9151 4260 1351 3276 3462 770 5337 8717 8006 5955 5703 451 2630 
8041 7261 824 4908 4461 5999 7790 3085 731 5274 4113 4926 4007 3109 4781 4219 3597 5870 3974 4443 8725 526 5889 8873 7393 8381 9966 1490 6691 6767 2729 3230 7835 8246 8498 2930 3014 8420 6262 8493 7252 6681 4289 5669 4377 651 6278 5863 1332 8499 5721 1409 4292 8644 6127 8829 7138 5186 3856 1911 7206 8067 1184 2349 9026 7840 1016 1464 9784 2206 7985 763 8967 6040 2049 5860 7590 1785 7985 8684 7466 8967 6355 3483 3705 2049 7258 3644 8682 1909 7985 763 7057 6160 9204 7258 8682 7985 7057 6040 
3644 8682 7590 1870 6355 6040 2049 4843 9076 3644 2020 5860 7590 9915 763 6355 6699 6040 2049 3644 8682 1909 1870 2602 7050 9252 303 9427 8967 586 6355 3483 8678 8359 2020 8682 7057 1785 586 7057 6699 6160 6040 9204 7258 2020 5860 7590 8366 1785 9252 7985 775 7985 951 373 1275 2452 431 3559 663 7924 852 6979 7867 8215 3152 5912 2284 7782 2101 5316 9068 5345 4813 9587 8098 6841 4953 509 6229 2962 9788 6501 6957 7101 8668 1400 4387 2620 1228 1626 3832 5096 3673 6526 4335 2831 6645 9387 
4173 2314 9097 2151 5618 639 7066 8247 1441 9494 91 3999 6216 8335 3239 1911 576 2336 4306 7725 6242 7042 9498 939 4537 840 5289 5311 4113 2383 9515 5116 8905 5636 2209 1425 6208 5636 2830 866 7798 2167 9601 7313 4228 2429 8884 4387 8689 829 7012 1896 3097 5587 9908 4700 2469 9289 1384 5594 3973 3077 2573 6567 905 8201 9753 6632 6296 6936 7965 9666 9750 2068 4739 7206 1983 9090 2199 2417 8958 2583 3191 1184 9210 3064 4862 5474 4804 4663 105 7054 3010 2256 9080 9006 8800 8280 585 3638 
7995 316 9941 5141 9910 7479 3625 466 7211 3930 7890 9352 3862 5841 8565 6737 9932 9230 7396 2497 1612 2214 1037 5638 5995 9647 8892 3674 7104 8615 440 2595 1096 4984 1601 499 4030 924 629 7650 9329 2038 935 533 1822 8287 4206 6428 80 3249 7573 6754 7689 8486 5513 3319 4758 8022 7223 7452 7951 913 1409 6087 6403 6590 24 1309 6912 7343 8254 6815 385 4799 3307 6891 8442 8032 5623 4434 7811 4127 3775 4942 9087 2857 447 4675 3657 21 8109 3718 1643 1093 46 3419 5032 6831 7441 2257 
7 4331 7455 7025 7362 280 2483 8155 9646 1049 9480 5066 3205 7477 7907 8741 8730 4941 472 9125 8660 9111 8833 7885 2762 1249 1931 5273 4338 7283 4279 3129 4823 6209 8433 1056 5838 2709 4080 6845 4637 2597 1696 4051 193 6391 4752 3980 5120 5304 3343 3456 7268 2418 661 3957 3271 2127 9395 5660 6544 3019 17 1391 9641 6452 1183 4058 390 1151 9316 8061 8902 4736 8859 3272 799 1027 8387 790 3752 6426 593 1974 3353 5172 3544 217 7510 168 6989 1587 9111 2851 2934 2133 8770 7168 1232 6112 
7240 3490 8971 2887 7615 2781 7455 7441 3073 4755 1186 1231 6585 1205 8119 1518 3893 2468 6295 6439 6332 5247 5059 8623 9282 8716 4023 1712 5233 6698 2345 1382 1145 7763 7866 2046 7359 5122 5631 4297 1470 3123 2840 1202 9425 9486 7884 4608 7182 4934 743 3934 4231 178 2439 5824 3183 3264 3547 1212 7557 5118 8846 494 7454 9134 3287 1088 4219 9506 5652 1177 9787 7674 3590 3355 2644 7148 2372 8467 9743 5844 2047 7811 7806 434 1232 3247 243 941 3731 9178 3452 3200 4535 2045 4219 2101 727 1298 
4634 2180 4388 4640 1802 5392 2066 8316 3493 3910 2442 6957 4099 8275 5996 7849 2494 4822 3630 6200 6790 2209 2880 5387 6856 634 4996 9386 8386 4792 1499 9143 2588 6997 9816 6403 1358 5587 8978 8592 5696 2800 4936 8841 4318 9761 3156 1801 9665 9172 2270 4819 4051 6502 7205 9589 4565 4862 8063 735 33 5585 6568 7652 807 9398 6341 3177 730 2290 3238 8911 6568 4528 4105 8800 9258 1508 8411 8238 3921 4141 177 5766 7421 9342 9307 441 5594 8550 3993 2483 3749 4076 8731 372 1996 3439 5222 4409 
1209 5208 325 9976 9071 7057 9377 4133 7074 2862 8849 469 6095 4904 9832 512 6290 5873 1588 9173 8097 918 7663 1 5351 8044 8709 5485 7416 40 3927 4874 1505 7267 2730 3171 8356 1067 9770 9394 1829 442 3847 3517 6416 7747 2919 5626 8683 6387 8563 605 8138 5780 4643 6019 1687 5582 5861 5554 898 513 6989 7722 2234 2349 7645 4073 4050 1825 9681 9533 3629 175 4225 3348 5161 5884 5176 8532 4064 2606 9887 6298 1308 4893 3944 5381 3734 9940 340 7338 6946 564 1555 8795 5635 1529 7804 7510 
5308 8384 2202 8692 339 4343 2216 8305 8962 9604 9544 1406 3043 4492 7392 8255 2250 2413 9211 1847 3456 9929 8844 1590 9520 282 271 215 4928 1460 885 2825 9543 5625 8427 9087 6965 9833 8482 3577 60 5503 5819 9200 790 2364 6146 4288 1382 7031 3465 925 9008 1892 12 8495 1654 1584 3844 5626 7087 9467 7797 6046 5019 8812 1086 784 613 875 6082 8425 8581 915 2469 1102 8142 2279 2834 9026 6449 5991 3218 9204 8881 380 5800 6228 9362 2886 3101 5720 4470 4 687 4612 1886 7023 5780 9429 
2729 5144 6869 4382 6198 1347 9688 9272 5280 814 3206 8516 1990 8921 1258 2826 9993 7326 2772 645 6554 4941 9797 2108 2916 526 8901 6842 4007 6738 5416 5413 1576 6344 8981 2976 3343 2036 2770 9417 9246 7017 2696 5650 1064 4501 1295 845 4505 5202 6179 669 5258 5293 4103 2765 9883 6900 5949 6119 6626 7292 8037 250 252 7765 710 2601 6836 217 2519 2933 3199 2679 5972 2823 6565 5409 7350 2245 5603 9032 8916 1862 6175 9239 5541 769 8792 1525 6412 5061 931 7278 7235 1415 4582 5526 3376 5191 
6581 6818 2857 7709 4480 7160 7283 1908 3438 3302 9649 657 5348 8627 7961 6099 5709 3496 6420 8616 9891 6634 6195 9191 9049 5394 3255 7951 1962 3441 1668 2251 1527 8497 718 7629 4016 6623 350 6446 3293 8163 9986 8132 6325 4088 5618 1066 4290 8207 8999 9449 2788 7355 7903 8375 5489 6185 7848 8077 4834 9822 6166 7840 2353 6980 6580 9944 7847 2775 8822 6332 4036 2490 7072 8998 2166 7350 4189 9383 4702 9099 2015 7096 3518 3536 2521 2340 3496 2479 9631 2342 291 5742 1351 5226 5789 7679 407 7699 
629 9056 3086 7266 5535 9564 5117 3080 7364 6940 8692 7820 7669 624 2277 2148 1927 4812 7164 999 2727 630 9710 9665 1950 8843 5468 6674 5148 699 7384 4356 1053 9299 9101 9824 8277 6396 1432 4129 5403 8895 8753 5171 6536 3930 4077 8347 262 6154 4025 2341 4422 8700 4950 8873 9149 2958 7006 6007 9531 1772 621 4361 8985 5905 7207 3944 3600 9646 8504 5302 153 8461 4644 4219 8021 7221 9909 6837 5285 1716 177 1173 6930 5393 341 4955 4758 7773 22 2780 4209 2789 2566 730 6389 2130 3734 9840 
4766 2069 28 3742 6308 1465 3595 2680 1944 3572 425 6669 7149 3789 9070 4395 8243 2048 543 9771 4813 5658 2327 3970 5571 5713 5811 8262 1588 3099 2629 5659 7405 6956 7995 7630 6150 5931 1912 5101 852 9273 7851 5305 7831 6472 8063 2029 5199 2404 4842 3799 9514 457 7790 325 2331 7636 4190 2253 5642 5072 337 963 3822 7927 5525 3021 7807 3704 8817 2336 5340 3098 320 9313 9472 1207 463 2346 7558 7879 3850 6230 4910 7950 190 6452 5397 5020 4503 4637 4355 1251 9886 2387 59 5372 393 3999 
6867 9418 7190 6462 290 8074 801 2074 6148 8596 8670 654 9469 455 8869 8523 6684 6749 924 7454 4939 7911 3976 3748 4676 799 7582 8012 7995 946 7124 5655 871 7657 7425 6921 219 6406 7525 592 9234 4389 5309 8088 4010 956 7699 32 287 1523 9292 9555 3118 2776 7346 3938 1046 9706 8064 7309 4049 6915 2215 6086 4143 5180 7671 5560 8903 9616 2838 63 4542 9383 4330 6652 3654 1611 5858 2320 9422 6452 5762 1805 9645 8336 3051 9989 9658 5446 8868 3024 5095 1087 2352 764 7300 5712 8262 1597 
318 1205 3365 1884 1662 4942 7314 5593 7465 6330 5228 1898 5217 3122 1676 1431 9417 4954 3606 850 8308 7220 3411 9393 4915 4606 1728 3765 5371 1658 3800 6786 7927 9692 7807 3704 4421 4059 2948 9141 9313 2346 2549 3884 6315 4708 3957 759 9207 5814 4015 6329 7707 5227 967 1175 8897 3791 3600 5964 3558 2322 6553 4805 9241 2541 1393 6513 5742 5296 9208 3175 2922 3716 3474 8668 3251 4475 7317 2225 3783 3338 3830 3896 6637 4593 5610 1912 8961 5101 852 7987 622 4288 7545 7059 5791 5663 5497 1698 
4929 5241 2921 4316 2431 8333 1421 3536 6279 8025 1369 1070 2688 7711 5989 3649 9617 9328 778 2357 5531 1148 1718 9416 4295 7028 6368 5157 2776 2854 224 399 532 1500 4085 9242 6480 6701 3280 131 3635 4218 5603 3800 9503 6786 8594 8121 9692 4421 4059 9313 8069 9472 3630 4418 5681 7558 1063 3257 5542 9814 8597 2171 3333 7008 6071 7395 5103 384 7450 1475 9777 8873 8706 1534 487 7160 8383 2162 1108 4200 9439 5814 3835 1009 2043 7088 9891 2043 1385 8858 1658 172 6786 6833 1690 1289 3098 2601 
8069 3630 1207 463 2346 8390 3828 1470 1063 3957 4726 3286 6673 4670 7565 682 9160 9039 7939 5406 316 4348 2934 3464 4788 6504 6354 3363 6092 1645 1220 2108 6904 4492 1936 4158 458 2267 3496 3142 7176 7806 5010 7995 5156 2057 1805 622 7730 3724 7826 7260 2308 9729 1680 4106 6183 1363 4630 4215 5100 5106 2317 4779 6127 6430 3479 4108 1662 9402 4399 6062 4494 7515 6511 463 5242 5738 3890 8826 3207 9820 4566 7197 346 3332 5498 7826 8595 7441 7688 8189 2832 9112 5305 4409 2220 3897 7820 21 
8429 6932 9630 4494 9799 7090 7339 8187 7818 2533 8452 7997 6709 820 245 1111 5470 6149 3904 1816 9718 9476 6354 430 8143 7470 2545 4767 7699 2421 1155 4906 8943 1060 7939 564 4855 8978 8954 8529 3369 1213 8858 3800 5157 7237 2776 4477 226 3507 4002 1578 2317 762 7896 7645 7168 6757 625 2943 6383 741 7358 6854 8853 3913 268 3545 302 8628 323 4630 6252 8187 2582 5086 840 9518 9735 6395 3823 5108 4752 7592 326 3863 4798 5491 5791 5497 7427 1923 7473 1527 4083 6814 4493 477 37 936 
9297 1691 5725 360 7391 4796 3799 6007 7903 1028 6079 1067 5394 5001 3215 7057 8360 4112 9556 4103 8031 5720 8057 8652 4694 7772 2043 3668 5938 1579 4862 9847 3897 7432 3113 2374 1857 9478 4147 8814 6129 1455 9552 3604 539 6788 614 8008 7835 4215 4242 4695 1478 8366 45 5974 789 6482 2187 6777 8754 3111 4899 8160 1647 8337 3776 2530 9502 2319 5189 8479 7681 9810 3562 3422 3067 2914 45 9747 1503 6399 8507 2813 5484 7052 3362 8497 7493 2797 1685 2311 8912 2528 3852 5134 7576 1417 606 7901 
4819 2305 7011 8161 7002 6794 1451 3200 667 6903 7509 2806 7741 8845 9339 8774 9760 9802 6478 5471 8608 6597 458 8007 7033 2320 5778 5553 9191 6023 5270 6997 3270 6297 8346 2558 4177 7760 576 392 4574 6398 8680 6686 410 145 6566 8200 9228 7185 5025 1320 4384 5504 5077 9540 2120 5076 141 1435 641 6368 4302 4056 8618 2518 2266 2955 3789 4570 5845 8943 8978 8529 1405 9471 3966 3197 1689 513 820 7451 245 7369 9012 3091 973 7261 9988 4792 610 1663 1094 3450 8860 1805 2222 7691 3835 5446 
8868 3024 5966 3201 764 7300 6945 5953 5956 4684 2990 6236 317 1622 564 4157 1077 1587 7299 7047 8897 1205 3319 1884 2202 2041 176 9103 8245 6856 5968 317 7090 1508 1550 5444 3599 3613 5995 629 8929 8758 8067 2445 5089 1431 7246 2059 6986 203 5451 4488 7285 6845 3735 8245 4812 9847 9693 9667 9249 5048 2119 1690 7156 5780 4475 8576 8424 5464 1661 8126 3372 4651 8650 6462 5077 7278 7711 8836 6546 595 6470 1929 2070 9099 8130 7952 6269 2290 2072 8822 3552 7792 1726 148 3817 8300 4959 2969 
7024 6556 1383 9620 4198 4643 5451 9447 2244 7954 5013 9881 6306 5721 7319 9604 1676 2749 8081 1453 162 1016 5072 8214 5293 9094 9895 9932 3717 3685 8732 3507 4846 9590 1662 2869 1001 6893 2638 4899 9726 4131 2987 4457 2178 8781 4117 2 378 7731 7820 5013 6524 8499 8496 7220 3209 5205 4289 3119 9770 7268 2400 9279 8094 8668 2645 6497 8414 321 2113 6280 150 4170 9191 5007 5007 7593 5154 8382 7949 2731 5843 3208 6690 4906 3759 8445 8040 2690 8467 3952 3028 2787 7280 7195 888 1900 4235 1332 
8650 9361 3292 2512 8560 3503 2992 969 4642 7671 7554 2500 827 5202 9163 6046 7247 596 262 9623 7221 8060 7251 9219 4539 9914 1420 9885 2359 217 6129 9290 8069 4214 3269 4218 8520 36 983 8760 2545 800 7721 3413 3645 6264 9600 1430 7061 3640 5636 1480 7266 6563 7268 9689 7714 6572 2645 2980 6651 2262 8660 7865 3192 9473 6190 906 4273 377 8147 5777 5126 8773 9560 8340 9443 7715 3073 3968 2211 2948 7184 8322 9204 8764 5798 622 278 1710 9482 2477 4455 7760 2101 963 9925 6575 8931 9533 
7995 1127 8273 7102 4692 6307 5145 5319 8035 7176 6320 4777 2245 3596 9241 6081 9904 1314 1750 4934 1288 677 3391 7267 207 9060 3875 5516 1306 5481 5173 6372 2087 9639 7395 4253 4993 6481 4091 4148 2390 681 4263 3735 4464 6356 3257 5032 5587 9840 2863 4388 849 9690 6841 306 7016 9184 9695 106 1065 5433 9964 6474 5760 6101 2509 3286 3212 6233 3928 9603 776 2466 4578 7032 8841 3581 3461 3016 8015 9970 4205 8415 9309 89 5184 7066 7280 8876 7849 3369 7618 9403 4404 2351 2380 66 719 7777 
7581 9790 150 6379 5759 875 2325 4194 8160 6097 9058 6998 8238 8028 8880 647 5588 4400 780 8940 9481 9651 2980 1240 2316 9268 1197 2589 5403 6589 8816 7392 4307 8295 4158 4083 2811 8161 8818 4688 658 700 6732 5018 5802 5845 9878 1202 3441 1962 1684 8559 5477 5698 5141 1112 1399 5243 2994 1858 4453 2675 963 2872 6292 5533 1820 7865 9339 4254 2669 591 396 2288 4927 4397 2484 7767 3729 8014 7752 8195 547 9633 3190 3474 6805 2935 9472 4925 1192 2400 8057 7772 4147 4994 4612 5407 4964 1634 
8289 1639 9485 9567 7388 8496 1544 76 9972 7938 4981 7967 4958 57 2382 2898 6337 5354 8157 1003 8991 7206 9367 617 2627 6180 7835 2495 6489 6542 8315 3349 8151 2663 6042 4347 6983 6143 5853 3346 4625 8492 6626 4004 8306 8650 4099 7520 6951 8602 1418 8340 1825 1495 5957 1275 1976 1973 6957 1375 6010 7428 1241 8071 1513 5753 9896 6554 3600 1800 6978 657 3075 9729 2633 2908 5827 4881 1660 8612 3553 6755 2897 994 5892 4692 6525 6910 2048 9599 9796 4742 8933 324 9833 9107 4866 4508 6330 4445 
1356 8371 3940 6463 5319 526 445 4472 5825 5326 784 4168 7313 9665 4372 3772 9908 7647 9990 8488 5899 4027 5564 7639 7484 6202 4438 3945 3396 1043 2473 7652 8185 9900 7215 4055 5064 8862 4496 3673 835 9125 9507 1726 8954 2588 4644 2669 1625 4919 7308 1863 2881 8021 6964 6197 8952 8189 2970 8414 9901 9509 2737 3429 7934 4621 1726 4971 5719 2484 1837 948 3605 9858 4376 9522 4157 7256 6735 6110 1258 8302 7712 8327 7909 9338 6798 3529 9962 2254 470 2222 4898 1781 6548 6607 7228 6772 6131 6678 
1766 8540 8196 9377 2759 1327 2580 4657 3431 9389 7206 8386 5712 6699 5356 6684 9409 6592 1087 3235 8079 7973 8733 6102 8433 1191 2140 2457 8943 8978 8954 8529 3369 981 4927 1689 2679 5654 8361 5569 2167 2029 4444 3010 6508 3328 765 411 7684 5337 7993 9552 7108 295 1304 8551 6224 3725 5350 5266 5169 8326 8709 3842 6672 200 3224 3008 641 2982 7156 9735 2772 4521 7339 7161 5589 6555 9503 3130 5903 6279 27 2563 5355 4244 2504 9762 3199 6915 7857 3192 9067 7547 1331 3816 3875 9011 696 8296 
7848 854 7253 4862 734 8580 6482 5811 6564 4063 3834 882 1852 5910 3660 7145 5730 1075 666 2598 6273 5922 9857 5994 6388 547 1737 9286 2144 8071 3494 1065 2730 368 4547 1697 6742 1167 2772 8337 1195 2443 673 7158 2861 3558 9282 3984 1643 6246 9219 4885 2400 3029 9772 1003 9340 432 3227 7500 9081 1420 3011 9135 4257 3508 2906 1563 7847 9615 4863 9607 1007 2157 7059 9891 704 4932 783 4501 5794 5219 5294 5189 6567 9001 8576 743 1529 1749 8663 1202 1075 7762 2379 666 9359 5391 9801 3739 
5100 3250 2960 1766 7149 2509 1346 1634 8596 4746 4686 6227 3004 7404 6802 8433 3783 4602 252 145 8531 3687 8363 5735 9470 3271 3558 8798 5461 59 7287 9186 9150 536 2425 1666 5761 6112 3984 477 9719 6683 936 7964 3832 3018 9907 360 7391 6122 7728 7175 3996 4203 5865 7878 2650 3229 785 5016 9233 671 1346 2468 1048 6006 6485 4665 4207 9887 1759 776 8539 2571 2144 8055 8458 3528 8395 7466 1710 1436 8884 2089 8048 8452 1202 6659 319 5693 9937 1135 7182 5556 7982 1502 1499 1118 5154 7233 
8062 2400 8319 8370 2547 1101 8032 2086 8357 8292 1660 9276 6472 2589 3102 4816 3996 118 1219 4836 7608 564 6879 4708 7012 1760 540 9076 9458 9792 9307 813 9705 1683 2724 8696 5590 4710 2559 3787 5936 1615 2094 2932 968 839 8677 9924 9323 778 6314 7031 2792 377 4097 2248 8558 4599 8564 814 7561 8186 898 5118 9866 5905 6264 9359 8908 9095 4027 2270 9969 1439 6225 9903 386 5099 8529 8430 4608 1887 4346 8923 5221 5028 485 7442 5544 2671 9348 4390 5253 3161 8781 7933 8851 8978 1376 8266 
4544 2773 6865 1040 8491 6525 366 1345 1142 8155 3903 1640 9085 4940 6021 6798 6405 4922 5427 1833 7095 1743 5630 7323 6837 225 7236 7381 4225 6745 466 8574 6493 1933 9297 7631 6363 2823 7915 3779 146 1316 2576 5416 552 4286 6434 2392 791 8019 5564 1600 9153 8685 6349 8205 6682 1770 9108 2111 549 3919 6543 3435 7821 7123 4024 7066 3637 6744 7074 8876 3837 416 4926 7612 8729 3205 3430 5436 8909 6989 3417 9287 3688 994 8134 2249 4063 5213 1394 9191 8497 3922 9314 634 5347 4776 1353 1486 
4627 3778 8905 5862 1719 3886 8920 2742 2365 3024 5108 1459 9531 9919 6978 8952 6990 1456 5432 5521 9740 9435 9994 346 3193 8943 9776 4520 213 7173 9963 3341 2754 5545 5380 3379 7068 8949 392 1652 3476 6560 7381 7184 3945 965 5042 3231 4883 665 8722 2064 5986 6344 9194 6113 6047 4278 7237 9369 5849 9636 2493 8448 1180 9728 1492 1640 9409 6154 377 2143 2681 3138 6672 7731 824 351 6264 2790 1593 552 8606 5777 2721 2687 9708 6108 8920 2811 8719 7372 5923 7106 492 9144 3162 9497 9409 3254 
8174 2095 1859 4256 7842 6695 4879 9217 2608 8130 3623 2003 1867 9998 8472 230 1735 8713 8990 1834 1187 5046 1378 6931 4942 6885 9940 368 480 5275 1551 8695 7933 7235 4496 988 7263 6550 6993 3026 1784 917 4387 7974 7805 4072 7677 8038 9804 7497 9197 571 4137 9651 7479 9030 7376 1023 9870 2997 8621 9568 5440 5005 3353 5416 6487 4380 1651 3763 1905 647 788 3243 8664 1357 4690 6743 7013 9475 2254 2463 5510 4377 4566 84 9568 9144 7188 3660 3967 6090 9653 1741 3962 4443 4942 6369 8893 8416 
879 441 3044 5481 8299 722 1036 8612 6273 2579 1426 6882 5122 2808 9575 5848 6790 7692 1270 2875 7615 2063 6571 3879 3974 1789 485 6193 2150 1614 6704 6285 4635 2416 7719 7058 926 6814 5355 2359 5232 8906 534 2692 6684 4999 1364 5676 8035 4180 2685 5545 9850 3814 44 1942 6155 8844 373 7212 7285 4655 4654 2197 4990 303 2879 7813 3592 3307 9444 8221 6420 2840 5029 5423 9569 8281 9202 1308 2939 4695 8713 4982 9995 8236 1195 4600 2529 2221 720 1204 3300 8470 7822 9828 9204 272 9916 5945 
8814 4174 8348 5908 4913 2585 4324 7965 7637 4040 5623 1585 5966 7255 6842 1237 6367 428 2638 9099 9858 7313 6825 8783 6988 4656 5173 2087 7395 4083 4548 6481 8736 8515 6604 3735 4464 6356 7842 724 61 1907 9237 3272 8033 9019 148 5407 9021 880 9106 3917 1976 7208 2555 9880 8318 481 83 1531 1630 5675 530 9496 6331 4864 8891 3859 6251 9000 1359 1217 9954 6613 2948 3074 5159 1602 8227 9821 5837 3752 4503 2199 3655 6470 2680 1041 2797 5676 8225 2279 7732 713 7235 6415 8804 8708 5200 899 
2956 6730 6843 4795 5837 7996 1583 3595 1210 9968 6420 4315 7896 8061 8884 5749 9366 8154 1396 5478 1642 3832 7503 3002 2703 5609 6684 2163 7236 1727 7986 3739 9363 2066 7975 2765 4026 6932 6284 3425 3015 746 820 8796 4511 2929 432 1879 1094 5935 5140 8650 7322 4009 6410 1108 9464 6069 3549 1007 575 4579 5309 7009 1927 8470 2782 3781 5115 7354 7113 6406 7459 4862 2992 6477 5608 1618 7971 6348 9733 5300 5309 5004 797 4225 7624 9412 1544 5814 2936 7730 8016 1162 8560 3489 384 207 3654 3227 
7500 1333 6962 9396 1212 2155 9573 8117 3415 5669 3869 3563 8393 7793 2714 525 4963 1343 6457 2378 3637 2336 3956 1199 4128 542 779 9501 442 1981 7317 7413 5963 5954 2113 4704 1210 1555 1680 3484 3771 3547 2398 6650 6375 3048 9542 3056 9205 9989 7392 4035 9627 7997 1664 1596 9275 4906 7939 84 8027 3507 3938 2907 6943 3556 2815 3353 1582 7118 13 9651 2479 8898 1070 5871 824 2215 6213 8013 5719 9328 1346 2080 4689 78 9030 9870 9416 6592 379 8515 3643 3861 7220 3209 6567 2479 7192 8084 
1981 5604 2526 7363 867 5797 1904 2683 4987 207 6796 2874 4511 8734 3342 5904 9189 1264 6995 7986 9590 3739 8684 2539 9363 8415 4263 7248 24 3028 3251 4713 7613 2351 1076 9373 3904 6283 8161 9573 4476 7156 6917 6354 430 2353 3481 689 3457 8036 7413 4619 3546 1987 2077 7618 9949 3806 2976 9384 7245 8067 6747 219 9051 2683 284 4543 6363 2776 6043 3701 4367 432 254 9951 3822 2017 1437 9068 9946 6410 6735 1298 6802 2588 7468 7028 2723 9823 5936 3681 1312 3825 3985 6435 2160 3126 2919 7586 
9812 6944 4790 6414 295 1527 2718 3345 1889 3524 3464 73 5248 7862 8278 5023 1542 9034 9706 9771 5325 734 5218 9442 2978 2075 4458 7451 5002 8155 4776 7406 9077 3147 108 9335 6313 6460 5904 8399 8785 4670 9404 8077 8533 6024 3091 6572 2283 4305 3855 8686 7749 2500 2421 2524 273 3197 7610 7015 5975 4046 9094 7085 6380 2413 1345 8519 6291 5516 9833 2909 9889 1798 504 942 5829 141 4062 4236 3022 2578 6399 4845 2928 1765 4535 7993 81 9182 828 2139 2742 2923 3687 1607 6030 7372 9102 3456 
3608 9264 554 6065 4921 1262 5320 7691 9772 3647 3100 2462 5618 5224 3508 5413 3053 4483 7271 2692 6684 9760 5676 4781 4180 4045 8849 9484 4518 7648 3549 6336 9016 2828 649 9260 1992 7576 9997 7679 8418 126 5043 5752 6576 8092 4141 5770 1998 8717 1534 243 6175 246 2026 904 8791 884 8734 522 530 1013 3545 3583 4105 394 6890 7775 8403 7153 996 6512 1280 1740 3354 250 624 1122 2774 5985 6599 2202 1800 2693 9572 6034 5196 6196 8094 8783 4229 5653 7573 8897 9347 3791 3600 2628 5964 5895 
4139 3630 3191 8440 5141 8922 3128 7094 4348 8987 5380 6504 1808 6354 980 6133 5897 222 1980 2681 4158 458 3395 3325 3496 9465 7176 7995 6023 3420 2057 622 571 266 4097 6154 281 4311 2218 9530 6516 9592 9627 1300 6290 8839 658 5675 7439 8751 2375 4589 1992 6843 6704 883 9306 1821 463 5434 8004 2039 623 6628 3708 2096 1978 8277 7613 9562 8650 1460 7860 1029 8544 8596 8142 4746 7022 1288 1799 7203 7064 4877 7634 4055 7404 5239 9654 4597 252 4998 5536 4808 2318 9914 1836 267 3155 3558 
8798 5461 2685 59 536 953 5761 3984 4215 37 6266 7964 8547 1983 3018 3055 5725 2332 7728 3799 483 321 397 3266 6047 3044 9233 3060 3002 394 4474 855 3313 9805 63 5500 6110 470 492 496 8727 8457 7719 7951 1008 9999 4647 2285 2218 9384 3330 6080 9483 6694 5339 72 8531 3224 7625 9539 8195 2486 1830 8716 1206 3547 1705 69 6636 1580 8002 6910 2700 405 8144 7188 2848 102 5449 653 7612 2342 886 4075 5750 3654 8509 1145 8414 9439 2057 2715 9755 752 146 2248 7799 4922 9838 4377 
4906 2487 9511 2673 1547 1970 7048 2938 7860 6038 4050 1354 8983 4758 9438 3702 853 1593 4005 3944 1849 9802 1967 937 3613 1034 8224 6665 1741 7142 9618 953 1906 7178 6902 182 6199 8573 4324 5169 1985 827 5499 7442 3310 549 8766 9060 4889 4273 3997 3849 4396 5350 8609 8589 8774 349 3298 9456 2896 7292 2697 6061 6979 9875 7168 5800 3340 3665 7512 9525 8042 1507 9904 1288 1687 4589 7480 9556 5852 3667 35 3980 6674 6652 1367 9311 5700 973 5232 8015 9970 6548 4205 3176 4263 1269 7248 2569 
7280 3028 4001 7849 3369 7618 9403 4404 719 155 3981 7581 9790 6379 5042 9760 8096 6242 5664 8238 647 1522 4832 3801 4745 7915 5010 993 1683 3350 7237 2258 1960 9530 9296 5770 1208 6176 2938 8587 7655 9185 8130 1111 2418 8594 6369 2477 2320 6737 7627 4479 5997 3687 2313 5117 1847 7386 7890 1885 7283 9998 4253 5723 6417 1663 7196 6910 9679 3724 6662 9748 6689 968 6626 6301 5934 6238 4671 5848 8003 5931 851 5831 928 8654 1519 2695 9051 8647 4632 9262 9698 9276 9321 9478 8553 1504 3935 7326 
9982 2456 3121 4976 8951 9108 7516 1966 6231 4603 7667 9835 4750 1868 4989 3788 6002 5460 9933 7556 439 6186 2270 5623 5032 7409 7060 8454 9956 8092 5803 9551 9537 3427 2049 8286 3699 8042 362 4324 123 1311 9280 6910 7066 8252 7491 1654 6183 7258 9772 6317 7362 3326 7931 663 8572 7688 3648 1141 5956 4124 3685 8800 9203 3651 5599 2408 6053 3595 6071 4026 4992 8054 6707 3895 4051 8009 3943 1989 7641 5539 9351 8349 5724 6378 6615 7586 9984 789 4950 8599 8030 9606 6316 6137 4006 2037 5886 3934 
3250 4382 1214 7581 250 4106 9980 9997 9693 1212 9175 9940 2817 3090 4715 322 3263 2014 4626 198 8570 6387 8458 3994 3934 4546 7900 1963 4670 3761 6346 3037 7406 3093 3600 275 4864 8130 4297 2504 2781 93 4592 5592 3521 3021 6363 2656 5161 9417 4239 805 4627 5775 6366 2296 3454 6398 9043 433 956 9256 3828 8328 3337 3190 6803 6987 729 8080 7128 7402 1451 6305 9188 4541 1680 4835 2418 6627 8016 4204 6000 2790 9930 7963 2798 7437 8858 2033 1163 3470 3326 9004 2169 1652 4916 2456 7657 8194 
6598 4528 9593 8930 6859 4800 1947 9733 2044 3794 676 3558 6454 1436 3399 3637 8919 1559 9955 102 1074 2510 4477 6388 8688 6554 3008 7235 8513 3171 3717 1352 6733 1667 1465 5789 6464 8263 7132 1546 7879 3956 3669 1290 2585 3950 4822 7717 2879 2699 985 4559 8090 4607 7443 7835 4689 5597 2267 8347 168 3787 6036 9628 2661 669 7752 5809 4682 2623 6052 5513 7558 1631 7640 8972 6457 8347 6147 7741 9835 7822 8477 6146 7928 9205 8511 9878 5274 1183 7523 2173 772 2843 3216 9180 1282 701 219 9544 