6529 7153 6418 6943 3556 2660 617 2815 6909 7877 1582 8650 2425 5975 9651 3724 9902 7087 571 1509 9087 2699 4763 4402 7156 4287 3916 6543 8118 3133 9843 4147 4094 8267 5193 6817 8146 5557 155 3981 7581 6379 5042 9760 4126 1728 6242 8160 4945 540 5664 6430 6149 513 647 5588 4832 7157 8940 9481 9651 8816 4000 660 3421 6801 7685 4501 3317 1593 2994 1783 8031 6950 1497 844 2579 2095 794 6562 8684 7721 426 4918 7961 6221 4657 9052 4662 2744 6002 6005 4242 7034 1404 5086 6047 8030 9233 8172 
3002 8845 2842 5430 63 3072 470 1702 496 8979 8228 3329 4991 8027 5847 6804 7557 7618 1095 9904 5187 7090 6476 4752 4698 4140 8645 262 182 2562 5584 2389 8398 705 4956 3380 4206 7780 1555 4707 9730 7976 3314 5185 6117 2422 2928 9613 1038 3065 6536 5687 9675 8820 1596 2290 6483 8738 2954 1826 843 7994 441 3492 2445 9817 6926 8871 360 5030 1211 5817 5462 8445 6677 4682 5540 5093 2230 2048 7269 6700 6059 1082 8088 7333 4606 9230 2642 7895 7102 9862 2838 7045 5469 8474 2320 1805 9645 7691 
5966 9058 1077 8012 1205 4231 1884 1662 4942 3754 9982 9192 1898 667 1852 3059 9424 3211 4026 8981 5516 1898 7546 8307 5617 3293 2818 253 7220 3060 6099 9653 7792 2142 9162 5769 6253 743 610 6526 3743 1461 5667 3208 6761 2742 3853 7551 3421 2649 6481 5818 6135 448 3894 7432 4527 9034 9326 6847 3205 55 9967 2797 6700 4494 6664 2265 8549 5045 9530 7987 1791 8253 7842 1398 2458 3723 2069 3778 8334 61 2928 8142 5980 6401 9754 7885 5727 3614 8956 476 411 6492 2572 3963 7751 8107 9619 6381 
7840 9553 1728 8964 4898 9537 7465 6628 2136 4703 4634 1758 4377 2872 5870 9645 3437 3031 7865 5328 7816 4254 9786 2669 6864 591 3009 5891 1908 396 2288 5281 2156 8581 4397 7747 2569 293 1026 6598 6105 9514 2444 1803 7282 4456 5417 1681 7254 4949 286 7107 3110 6994 3870 8640 3708 3228 5004 5696 4577 937 9547 147 4912 9412 7710 2702 457 37 8316 9665 1187 5171 6536 1727 6144 6550 6943 2726 4453 31 2291 4566 429 4547 9840 5758 6120 7067 9366 8257 5392 5859 2514 2980 8839 3904 892 9333 
832 7044 3139 2285 1061 2032 5804 8108 192 7656 8631 5044 9859 8782 8787 6692 117 5418 2107 2464 4232 6602 7569 6556 6103 3835 5768 5955 8106 6566 6187 5287 3474 420 55 5442 4499 674 8414 4807 1495 9094 7661 7848 8551 3804 83 3807 4129 4862 3118 5749 1944 5531 3513 6873 4156 6023 4574 7584 6226 4549 8439 2796 9978 6338 1878 8196 8179 8713 4151 8990 3426 8 9754 4794 1942 3321 8732 8740 4257 1990 9148 4176 9831 7211 894 4251 4154 1884 4831 7110 7034 4181 6525 9407 851 1356 1219 423 
2389 416 7319 5234 3583 221 5810 7385 5003 4844 8084 8970 4544 4166 6507 4341 3320 2489 7558 3578 7710 3869 577 251 8637 5934 4225 478 2378 4079 3230 347 1890 9702 6746 2943 8203 6130 2903 7374 9603 6438 1953 2854 1761 3778 3371 6326 2431 4274 9391 7501 2215 7035 8508 1511 8107 3965 1130 176 5891 5673 2123 2678 4154 8478 7308 3134 6315 535 5675 4182 5767 1198 3926 5481 3429 9141 7576 5310 3045 2172 2392 4562 8998 660 8873 3835 8320 9602 6712 3782 743 4673 4359 1971 560 322 3530 4581 
6491 7193 4800 6650 9864 91 967 5514 7726 8215 2148 786 7732 2449 3748 9106 9514 6763 8066 449 2725 7858 7310 9684 7434 8390 1292 1423 8360 3305 9651 8972 3811 483 4081 4820 6320 5096 8622 685 1964 2072 4318 1345 2382 8440 3532 5289 5460 2245 8380 4905 514 8860 9227 9263 7986 6676 1052 3500 5312 3591 3692 8696 8284 9038 6318 9911 6408 1024 7902 1918 5155 8520 726 2283 9770 71 208 3771 7760 9196 886 2967 9925 7601 5481 6816 2023 163 8223 1552 1113 5051 9466 7707 8391 9527 4595 9829 
7377 5559 9822 515 3627 1281 9498 5380 5467 5961 8470 8653 8476 4651 7578 3343 4624 3537 2169 3621 8274 3313 3369 9375 5591 3510 4449 3529 4485 3275 4008 9172 7629 4510 1646 72 7534 4915 1753 3825 3344 9519 5873 7358 9638 5129 9785 6347 3671 5109 4576 5458 2919 3792 227 5113 1218 155 5284 1422 6446 7893 4506 4241 3782 439 9461 7226 8757 7346 3325 9407 7552 351 5430 6305 2625 92 5168 551 7303 8133 3813 7626 283 8452 7029 7579 7169 9067 5544 648 9763 4568 2672 8657 7360 305 3675 1194 
6614 1982 8982 5868 4265 8708 2243 4149 9394 8877 121 9822 6036 8706 1310 5446 9907 2732 2238 6075 1573 8706 1382 9492 1158 1183 5588 2839 4376 1861 7937 1798 1243 504 8376 6627 9556 284 2805 6413 8723 4538 9227 9964 7174 8101 1479 8350 3208 7371 2779 6903 9083 6922 2573 8069 4572 5613 9337 2810 633 3014 7597 8662 5056 3348 9407 7756 3395 3309 3805 590 8492 3252 6425 8553 1449 3429 4070 759 459 8867 4747 3769 7862 3771 4136 7319 6535 9678 639 1701 1168 6595 1159 4118 3055 1606 6724 1653 
8962 6286 9156 9213 3853 6908 1294 5826 2831 4905 4233 6623 7333 7113 9950 6059 4402 612 1425 784 9259 1173 5380 5408 8329 1746 5402 1197 2790 8333 2583 6126 1231 7858 3043 1785 2752 4916 3950 6207 6216 8347 4642 7322 641 4650 3994 3213 6968 371 1808 9227 2921 6871 9101 1707 4384 1718 824 6100 2456 5565 7272 3485 1064 7822 328 6808 4158 4065 3996 2144 8885 637 4108 2395 834 459 4095 2882 678 3992 1361 8142 3306 3282 4963 3062 5522 4992 3420 2938 3676 6452 8148 4509 8295 1431 4709 9417 
2673 9408 9354 2039 7626 5118 2525 7809 1298 1258 4104 8327 2588 7909 9992 302 6457 5917 932 5187 7946 8815 6293 9914 5570 5872 7623 7646 4599 7134 3519 2349 7026 6476 5612 4899 4427 6736 5231 1433 8567 5875 5894 5915 5750 3597 8523 2496 5198 65 3359 5151 811 6705 6966 516 8474 6098 1919 8619 2308 210 2004 3860 3031 9867 1376 1847 9593 463 3890 3207 9820 1765 358 5391 7251 1475 486 4854 5212 2420 9176 7812 2370 3721 704 2451 3298 3745 8537 9837 4566 2609 949 6489 2624 5045 3689 8806 
891 4038 2715 620 9251 354 5502 5926 2310 9266 3220 4027 3097 6442 7809 4838 8624 8378 2051 6778 2103 1620 5001 6988 3244 692 6820 7945 2155 2052 1175 5407 3677 1132 329 6246 1375 6219 6998 210 75 9592 4824 6214 9518 9134 7333 1384 4729 444 2694 8181 5793 8934 4573 1773 3494 7519 3224 214 4912 7907 2683 7502 7613 8200 4029 8429 6932 7341 1803 6233 5657 7921 2415 5327 1367 6026 6089 5529 4200 731 1003 8634 2353 8431 7728 575 4033 1920 2374 5362 449 5435 7788 8132 5350 1242 7573 6300 
1662 5086 1882 8256 2221 1928 5967 5057 9749 5953 3086 8263 1119 2644 2514 1962 3971 9029 5130 7842 7079 2979 2328 3447 5774 2626 8689 808 3172 416 4314 6162 857 6072 9842 2965 6236 9408 6795 3109 8781 2650 3951 8851 3830 3893 2539 9358 8961 943 8770 9273 1499 3184 6609 773 5921 3361 3316 319 803 754 7381 2248 1317 550 7217 6903 8051 6935 8369 6863 8744 1459 7308 5518 8631 7640 4606 8250 2215 4143 6023 6928 5560 1580 9862 2838 4372 7045 5469 6652 3654 4432 3317 4190 5162 2160 13 4860 
2822 5220 2147 4053 9153 6263 9003 2832 3351 6569 541 7251 3858 9644 2111 8648 3904 6267 658 922 9084 7291 8269 1833 2420 3355 5268 1591 7905 137 4526 8910 4171 4044 175 6303 1379 4310 8863 7191 8591 8131 7531 9698 9472 4300 6477 4374 2212 2953 7660 92 6520 8063 5235 3277 2835 7382 3346 1922 6020 1261 4837 5989 7153 8219 4106 6625 9509 7002 8363 7459 9813 1378 1320 3753 3656 950 5075 5719 2344 5090 8706 6792 416 1884 4831 6988 7469 4181 7852 1488 2778 8766 9484 8867 3581 8689 3654 3810 
1279 2614 702 7093 2584 2579 292 1426 6882 1967 2642 6790 7074 9247 7523 9500 1805 3212 2946 4540 7361 7121 4051 5155 6778 5239 2777 6757 4518 1130 2957 6912 395 1487 9951 6729 376 8526 8197 4899 3716 8173 8558 6398 5578 3454 5817 7436 7581 5462 534 6677 3911 6368 2607 2717 9045 2147 7794 2752 3387 7321 2324 6784 2833 5497 6350 4276 3235 2033 4492 1132 1888 1047 4800 6630 6301 9686 8906 4532 5471 1180 3303 5066 9868 7275 5261 622 2776 684 4031 9795 4939 4686 5687 1376 2609 7766 3965 556 
5673 6491 8393 1582 2589 2280 6766 1243 2329 9491 1393 6083 5723 270 5938 1972 212 2198 879 3699 370 814 9381 2230 9012 6677 3112 9957 6290 5216 2866 6650 475 4628 5319 2228 9929 7888 5014 4490 2713 7619 8649 8160 9082 2710 611 9744 9229 2348 3927 1074 2377 7915 160 5044 6105 4773 1260 3731 6469 4172 9750 8028 8889 8589 5444 666 7682 2287 2189 3268 228 3626 8435 4993 1553 6890 7822 9470 5859 9747 3368 1776 2047 1552 2435 9554 9253 9462 6192 7651 9698 9910 6809 5108 6998 4662 5098 2058 
9686 6268 4590 7411 8523 5198 65 876 9627 3768 3485 4272 5252 8921 3555 5820 3702 2942 8058 5691 1949 7189 2427 1927 7435 6867 1214 7025 7610 7429 9640 4279 9891 6407 8294 3648 8306 3704 2336 4059 3098 2601 8069 4418 2346 7558 7879 2549 3884 287 9752 5476 344 1272 4504 6586 3232 797 885 4136 877 9640 7164 6278 8039 2323 5124 9439 9036 6384 3015 8796 7487 2784 1272 3316 2248 6554 4137 7719 663 8088 620 6981 9230 3365 6928 3110 7102 63 3109 5469 8474 4714 9294 7686 9771 2885 8258 8506 