8245 3637 4477 7409 3611 9344 4356 3188 6826 4199 1114 3435 6761 4129 777 7559 8753 9933 7253 8620 3821 6320 7894 6949 4538 3158 2329 3637 134 1231 5814 8016 8560 9390 993 8886 8298 410 691 4682 9171 9655 4489 240 1502 408 1802 1307 5952 6793 2743 3387 408 8537 6704 2796 3464 4893 5161 6695 985 1867 8199 7432 4495 5182 9864 7240 7845 7585 9512 907 3232 124 5166 9473 9885 9753 7008 5970 7643 4535 5924 2929 250 2622 3879 8901 6324 413 4154 2476 8259 2626 7995 5147 3359 5343 3231 9942 
6474 3864 4517 9127 3856 6630 4582 3052 3133 4073 4342 2492 7074 1448 6996 49 2362 2275 737 2736 293 8554 3311 4989 3043 9116 5664 5108 3949 158 1098 3276 7304 6883 5481 2404 2138 6405 903 9162 1807 2798 6068 422 9036 1067 8730 3608 7740 6764 6963 9649 1326 2663 5778 8977 3040 9301 4591 2374 2485 6581 8525 228 4441 7048 3093 9996 6940 3259 9873 6648 5422 448 5022 7058 3777 1323 1277 2776 4423 4871 5515 295 8370 3481 4395 778 3668 9209 8468 6302 2942 2594 5076 5532 2445 6500 7084 1385 
5128 5682 1901 5505 9738 6071 1811 4079 3817 6208 2765 5504 206 74 4086 3408 3065 9729 1214 4158 3210 7021 3726 8908 2453 7437 8309 1919 6632 1739 6454 724 791 7661 3893 9797 1296 3664 5318 4934 1657 3861 3458 4201 5987 604 8038 1678 4643 6925 9709 2968 4343 3568 429 4742 7502 6286 4397 5354 7849 6633 6048 5348 7428 9645 5030 8679 675 1680 3966 8484 2550 3304 4768 2081 702 5982 5277 6783 3985 9592 4372 8280 2125 3017 6656 3667 9542 4300 9093 7152 2650 7933 3281 4281 3886 6444 3786 4465 
4073 7482 582 4911 7337 2986 1751 27 6794 1006 6024 2191 9580 3495 6237 7442 6369 8514 4809 9620 4781 134 920 4930 1943 8054 3462 9840 2915 3022 9227 7728 8809 1834 7194 9343 3329 4890 6195 7953 3595 5670 9227 9771 1540 9129 62 6209 7430 3445 5063 4506 287 8768 9238 3182 6088 1743 4235 1875 5649 7102 5383 394 3431 4106 2372 485 7453 1239 9002 9766 8999 2044 2446 2143 7901 6093 6422 3984 8379 9335 477 7788 6586 5580 8477 7034 7564 9109 7353 3569 9360 914 2089 7870 7791 9415 9986 5830 
7853 5602 8819 6058 3850 7292 9317 4059 3153 7359 8206 4294 6284 1376 4615 3991 9105 2432 7827 1764 6647 7661 2684 9957 6781 2444 5590 4352 2593 8051 3912 8863 9917 7872 8491 5877 6211 659 2268 7173 3312 291 8062 1691 198 5527 7582 2085 4497 3831 6458 6082 4973 5363 2395 4845 4613 726 6477 2559 3025 3358 4784 3835 5032 5562 3235 8019 4456 26 7888 4836 8055 686 2683 6923 5793 5867 844 2394 5092 497 8441 3688 9493 2735 5574 7335 8867 1246 576 4447 3827 6986 3061 5887 7814 9903 1420 5392 
9291 7453 9039 4406 3756 2375 6911 8294 2425 6602 211 4795 1606 7612 3242 9528 2401 7001 8305 1337 1625 9002 2862 2206 9106 8789 7385 5138 9069 8172 5454 1201 180 255 7098 4483 7271 8512 4781 5991 7061 2533 7930 266 6212 733 4177 6943 940 2396 3241 5080 9637 3751 7536 5697 6854 8284 7166 2176 7976 3673 6973 1403 4336 8490 2715 1899 7800 5598 4411 8419 2643 3973 4109 4677 2672 4125 5838 6343 500 3925 3442 7642 8556 5373 7231 3509 2959 1814 408 9295 2327 1106 1791 5241 8219 1003 7153 4997 
7419 943 2143 991 3957 446 744 5485 5487 9085 1146 6850 7422 2198 8107 1286 7651 30 1685 9295 8087 8993 2750 3806 7284 4995 9171 3200 5044 8787 9848 9372 4830 8967 9337 7574 8464 1177 3640 2574 4545 6884 964 2147 8763 3413 9331 3090 8153 1549 4515 547 6584 3752 9481 1640 6330 4016 8102 2169 4249 1905 5171 1269 3254 8311 3148 7458 5536 6498 8964 9600 3093 9182 7487 7441 5299 835 5931 5451 5736 2915 6008 8581 3113 9557 4709 8650 6627 6411 1642 9009 2105 1145 8513 9777 1691 9686 7848 2704 
2378 8023 1683 2123 9412 5118 3357 1597 4633 1480 4923 9444 4904 562 1230 6971 6415 3816 5658 9652 5732 1371 4627 116 4594 7400 4 7900 4262 16 3647 3210 869 376 7078 9031 1650 9318 8506 6160 7151 5739 6413 9845 6380 769 5265 75 6790 3214 9240 265 5290 5280 5546 3581 3959 7140 2005 6025 6393 4670 682 7939 2206 1672 5822 9964 3528 3989 9659 5218 4095 4485 394 8068 702 2799 1857 980 1358 9147 3840 2676 7654 839 7418 3800 1317 7826 7217 4137 6616 7719 7933 6024 4056 3952 663 8744 
4684 6962 6932 5922 6284 7614 3015 746 6065 2929 9402 8734 7487 3342 5904 8817 6609 773 4502 8157 6919 3410 4169 2903 3661 3059 7381 839 7018 1317 7826 6471 6616 1263 6948 7933 6024 4056 3952 663 990 5518 7299 1371 1875 3538 6599 4536 6650 3048 3056 4035 8039 9229 9755 7764 4369 9549 2826 7713 2412 6957 1816 7156 9476 6917 8706 5902 1302 3048 9542 4198 3232 9205 9417 9384 1473 776 179 8930 7341 4942 7542 4805 582 2218 8504 506 890 524 5384 9382 6241 5816 3023 2041 8311 7689 2634 8334 
6734 1653 9964 9309 1269 5184 7066 8876 2351 155 4888 875 2891 9481 8160 4945 6097 4194 4640 7157 1930 3001 9815 1942 9815 6823 2377 660 5373 8743 4501 3889 8187 9560 6361 9142 1001 6438 9373 4238 9754 3588 8583 3748 2977 8901 740 7735 7206 5267 3649 4203 3879 1699 7920 2650 6469 2846 6585 6362 2517 4310 6957 6011 3766 1650 9293 7654 9217 9714 9558 6231 2549 5492 9472 9455 7952 5521 8681 6318 6268 6068 3157 6725 8091 5773 3118 6982 563 6620 2582 9182 8701 1860 1110 5635 3788 408 6037 5297 
5149 5085 2895 53 7232 1071 7333 3631 7058 8019 2546 7035 5637 2562 7917 6555 3200 3692 8587 276 7103 2567 3837 79 7299 5886 3325 3785 8193 6094 2945 302 2449 7010 3109 1081 8177 5002 9000 1366 8002 5642 8875 3470 7156 1376 8677 6933 240 4831 3704 1401 7016 5742 221 9010 8607 2635 4007 9053 7048 6360 7756 104 101 5003 1087 6344 9077 3355 6354 3329 2582 5464 5309 583 8749 451 6646 9053 5983 5686 9794 9492 5418 2292 7098 708 3699 4116 1849 3981 4889 508 2558 8 5710 9442 2326 7075 
6990 8363 9208 6916 9115 9283 3478 4256 1359 6951 8171 4871 3765 468 6670 8354 2440 6850 4554 5287 4186 1690 3072 1965 6928 4174 4945 540 9506 4479 9898 2525 7025 8498 4540 2140 5124 8000 2890 7418 9699 8987 2205 1808 980 6133 5897 188 1980 4935 5120 9235 4058 8582 2551 3310 7079 2161 7948 88 9103 1213 2477 8736 9199 2290 2375 3524 4589 1992 6843 6704 883 9306 1821 5296 6234 6748 2968 1772 9814 110 2739 7845 8935 5794 969 3737 9416 2739 2991 1459 8600 2797 5309 6537 5889 2458 7972 2072 
9756 9338 2995 1341 4657 2749 3893 8045 5371 4691 6795 4493 8216 9514 697 7959 4660 3509 7439 3956 2941 1435 4795 4882 6435 844 1794 507 8592 4189 9202 9416 8023 9438 7312 1444 387 6937 2705 3644 3704 4077 3803 8781 3697 5180 6909 8153 7221 311 1421 2954 630 2358 8511 9074 4424 9162 3018 4569 1867 2921 5938 13 6785 4554 6886 6996 8510 6630 9843 6593 6304 339 4730 1792 3116 7076 6828 2618 7463 4726 9471 8657 3311 223 3438 4409 5993 4802 3109 625 2650 8851 3830 8978 7382 7421 8474 8755 
4863 9368 2486 5728 8587 6316 7565 6561 3149 3490 5072 9147 911 9858 4684 7313 8193 2420 6988 2887 4656 9468 1548 6448 9361 6371 5964 6995 1764 1763 1082 5226 3822 5371 1658 9379 5549 8445 8187 1839 229 1995 133 3602 1680 3278 1330 5909 3831 5424 5654 610 8957 6461 7504 7458 3715 1650 8939 3230 9247 9187 9541 9861 7631 7346 4227 123 6396 5335 9603 3805 9330 8716 6177 1935 9182 6589 1952 4991 2194 5757 6990 6261 3480 8354 176 1430 8198 6206 5386 6719 6165 8048 2296 148 3692 6530 5330 519 
8527 5631 5716 3866 7599 6257 3445 812 1522 2696 8254 6944 1820 2537 587 6997 3100 8118 5625 2309 254 4690 7166 9333 6768 743 4326 3469 6186 2270 4614 6384 587 8670 5834 1089 5993 4134 2824 364 2580 9698 2561 9666 5930 9241 3032 534 5814 1639 6335 4918 9725 5487 9766 3965 1803 5562 6202 2932 9050 2228 7643 273 3415 5305 8900 4199 9092 3025 1826 6419 4370 9119 5629 1328 914 1734 6965 5390 4355 4539 3861 9315 1954 5641 5299 3841 1210 1114 9963 9107 5086 6918 1922 8825 5589 3518 7755 9450 
7294 8939 6517 2354 6719 2742 1684 2279 3368 5774 2528 3404 1198 7253 2760 5359 2969 7972 7 906 3937 4510 8138 3581 8886 854 331 7270 3213 4021 8727 2794 8794 9935 5726 2643 7785 1683 1842 9108 6209 1149 1378 5215 3872 4221 8209 1758 8946 8061 8060 8390 4374 3704 7227 9108 5810 2447 2516 6320 4710 997 7350 4716 3866 3384 6672 2482 2854 5173 5269 5078 6260 9289 5156 5344 9969 7601 1918 2092 9846 1690 4457 3199 441 874 6404 6982 4335 6543 5728 3474 9904 9118 3024 4639 6563 8760 3236 5247 
6606 8494 3330 8198 2889 6246 2821 3812 4332 3621 7449 5943 874 6645 9284 9630 2902 1726 4401 119 2945 1596 5372 130 6833 2607 2350 5039 7419 6196 5009 7359 8567 9583 3739 9464 7068 8189 6312 357 3163 1288 6087 715 7149 8085 9941 1158 1275 6294 3312 9291 298 4551 1394 9079 4134 7139 9845 5042 2322 3653 7206 3205 8663 3869 3421 5495 7227 8292 3298 6850 8576 228 5839 9673 3054 4514 1024 7540 7375 1615 7521 4102 3634 9660 5494 9942 1759 6477 7984 4205 9647 66 4287 1879 7228 5656 3890 4602 