8415 4726 5373 5594 9059 4742 6628 7060 2803 7570 8453 9620 1640 8222 3161 6158 5165 7 3502 9887 6349 1514 4260 7406 410 2382 9976 5273 5913 9389 4237 5830 1202 1181 6961 8807 7406 1881 7732 4146 3835 7943 5635 2170 7001 7864 5066 9381 5486 5801 2070 6496 8468 4808 4996 8387 9098 3791 9475 306 6027 1922 177 5354 3098 1999 9914 7623 9850 8331 7759 7307 5253 7026 7261 569 9342 1459 1256 5231 3579 1387 7533 3101 3900 3723 1453 3595 4044 6628 5315 8788 8535 7596 2678 8802 5637 4571 7671 9420 
3920 7265 5250 4239 5962 6527 6674 4879 6329 6677 2312 2239 2998 30 7317 3025 5664 5420 3463 4506 2981 8145 3391 3445 9989 4286 776 1489 8373 6188 1604 1851 4276 7141 7713 7288 653 9424 7860 9100 3614 4182 4268 3310 9080 2827 5968 5989 7597 5387 842 6029 315 950 1490 5705 7712 4168 2173 7012 6882 9281 6258 4115 4278 9766 9020 8841 2713 2389 6316 704 484 9229 1429 8115 5944 3268 4266 8610 1137 5785 5294 8037 8419 705 2702 2374 3839 5592 3062 1703 4375 1633 5366 8778 6570 5337 6115 6650 
520 9367 6280 5274 58 2275 142 6154 3644 6169 9171 6925 4577 7988 9043 3262 7729 731 3509 8614 4999 1862 3555 4086 9599 4854 2842 2456 5565 6402 7272 3485 1064 7822 6036 5400 3471 9772 2084 8318 8996 5715 1344 1217 3631 7166 5682 4177 9551 5471 5032 4666 8099 4536 8126 7100 5191 9609 3467 5590 2236 415 121 9671 1258 4447 3178 9043 4816 2913 8936 5321 2887 5199 7458 922 9508 4814 2873 9345 5015 9775 3863 9902 8493 6352 514 4864 4435 9476 9501 3556 7510 5977 7059 8012 9922 3445 7093 8397 
1778 3741 193 6973 7737 868 8547 8371 1569 3987 7421 8411 9437 3257 2429 2784 1421 4392 5172 4018 877 991 4354 1063 6398 6077 8042 1859 4874 9570 9035 8402 4467 1598 7987 8743 490 3229 5432 766 8562 3189 2038 6312 2270 1635 174 4344 4458 5938 1539 4974 1482 3958 3087 9451 9607 5816 8356 4848 9077 1595 9279 2882 2779 4560 3466 1539 8595 6490 4961 8921 981 724 3676 7256 9094 1648 4643 5640 7728 7844 5154 589 4613 5854 6556 72 3246 6907 7319 5853 8491 5926 1444 7272 2170 1136 9276 4999 
6317 9447 891 8729 2337 9285 7301 2709 5408 7180 2781 5517 4848 5706 9198 2971 1019 9247 6438 7799 7225 7718 324 4585 8754 7055 4979 10 4269 4680 9770 3921 6853 2048 1450 3250 7808 5314 4958 1981 2380 1259 7863 4851 288 3539 9030 9422 3803 1900 4532 6176 654 683 4666 8328 5564 2158 6193 4551 9613 4890 5111 4609 4173 3510 8893 448 3442 9564 3109 5780 14 9876 2315 778 2535 1323 1059 5454 4064 3748 9491 3551 3093 8288 9347 8252 3824 2531 2252 4628 472 6265 7929 2372 8603 6947 7400 8078 
6988 5459 8896 3436 1496 5241 543 9268 6988 3989 9336 689 102 4738 4062 5794 5785 6858 8760 4137 8522 681 1075 8744 990 8088 8631 7333 804 3956 3804 6476 4128 9555 3656 7353 5975 9583 4800 6204 3582 3189 3374 4222 3670 2248 4922 6923 3859 2474 6784 1584 7263 1413 6833 6974 9857 4186 6836 5037 2521 7842 5709 3803 8397 8667 2959 649 893 5756 8683 8210 5051 3582 2267 9374 4458 988 1066 1055 1227 2031 1424 5556 2714 4848 5688 8867 2493 1091 4681 8848 3712 7965 4938 2751 7595 8867 6007 720 
4693 7310 6491 972 7554 1379 9856 3073 3140 1090 2422 2493 4628 5246 448 2563 6437 6293 1369 5951 2130 8818 6693 7371 6168 2968 3808 5231 250 3642 9386 269 4639 9656 1905 5909 2617 3254 4135 3148 5702 1505 3168 3625 2342 2169 6055 5782 5855 5325 6130 2351 6834 9530 6072 8308 7863 5438 6005 9166 7946 4199 5488 3405 332 2677 635 4214 2047 8087 8329 2987 9974 5101 5668 5820 3833 5383 7621 2010 5574 6978 8463 5229 6690 6449 8286 245 1591 3735 781 4739 6321 9363 3478 7132 9228 5406 8988 7825 
1617 2079 9474 2138 9797 9627 3792 9975 7732 7206 4925 3361 1580 4031 3374 1270 7598 4297 3878 9906 6212 7552 4412 7265 150 9814 5759 875 2891 2325 7254 9379 4934 664 7557 9240 3354 7270 8006 6470 6830 1107 2368 1162 808 7793 2429 8345 3952 8652 3659 8597 8352 1375 4059 6700 3190 7395 698 6025 2445 7971 1684 7799 5279 7358 9439 7244 6666 2955 3240 2885 3820 1927 4714 7879 8914 2396 6058 2049 7885 9647 6291 9122 1664 6793 6978 7612 9511 191 2742 8741 324 5306 3789 6971 4405 3119 1751 1263 
7340 58 3421 1528 8558 426 1987 5029 8631 6991 4798 1368 8519 130 250 5019 7473 1375 5663 4493 5728 6767 8090 8759 9214 7489 5812 5998 6247 8897 9454 330 26 5762 9093 8560 2331 6134 1792 5720 2005 1848 6025 2590 1755 9314 9619 1213 3349 482 9107 6629 315 5930 4750 1613 6749 1587 1908 2984 3631 4710 1363 2479 2847 8206 7705 7466 7079 5789 2429 7291 8345 3872 5345 4534 1981 2304 1855 1765 4742 6628 7060 2803 7570 8453 179 3686 3352 5981 1905 2806 2792 7234 9933 4621 9532 3043 7210 1910 
6726 4926 4085 5024 3584 2144 1513 9851 3789 6155 1608 4514 4803 284 7551 823 2741 1981 5770 1124 3408 9554 8397 6972 3231 2220 2337 5155 3038 6264 7244 4659 6645 4651 6635 5357 2790 7776 5192 1346 1048 2114 6485 4665 2707 3393 4896 1080 1371 2115 6136 9641 3566 6537 9297 8251 857 7543 7505 724 5335 4661 117 7046 4432 4121 7687 5689 6546 8966 4111 9108 5476 8917 5096 2180 9283 9098 7743 8871 4348 4660 508 5960 9133 6505 3866 3723 9135 2524 4168 4689 8273 5802 50 5872 8353 5757 9577 1055 
8443 4814 6901 5996 7876 4384 5393 9417 9425 9384 1473 2348 118 4993 5976 9728 506 890 2849 851 2162 4904 1631 6985 1159 5615 4656 8040 7606 3189 8027 2427 3425 9813 9163 3688 4923 9695 6933 5010 5202 2528 228 8014 6410 7306 3216 2312 1079 7541 228 2515 6373 3207 3126 889 6720 5544 6577 4587 6268 6165 9372 8850 2519 9052 936 1531 2419 387 1585 6493 8737 9740 4007 9417 1848 9701 3454 9621 1413 6259 4379 3253 5089 7239 9912 4831 9933 5404 1527 5698 814 5678 4035 4072 9729 4703 474 800 
5551 1884 2749 2354 8951 2221 3026 7655 3594 6840 9411 9414 1991 9316 9899 7762 9720 1674 7327 3259 28 1742 4918 7261 9739 5100 3035 5957 3123 6561 7529 632 8371 1570 7591 5956 5704 8277 185 5497 2864 2590 4160 975 1578 1268 399 7645 2469 6608 8644 4718 4847 2386 2241 8249 921 3538 7381 1035 8415 2900 4325 9737 9485 7734 5980 1472 3678 6653 9853 8742 6791 2683 9476 5254 8143 2994 6081 1324 9396 1108 4855 9573 8819 6841 1058 7016 9184 8311 6678 1689 9674 2029 2713 155 2145 1394 6901 5876 
6587 4780 8142 8249 8724 9133 655 665 3142 5846 108 8551 7921 4750 2701 1048 1923 7915 4823 7624 8166 7291 9653 8765 1688 4251 8236 9660 9120 2965 9308 4862 7312 9480 972 3795 116 2476 8426 1693 1604 5495 1276 4331 3066 9266 1518 9676 1508 4197 5881 164 5578 2151 7811 9661 7956 183 953 9020 5898 448 9016 6897 7396 3039 9306 6672 150 3084 272 8058 897 9313 1456 159 7791 3021 4149 9958 5858 109 3159 4635 214 2363 5365 8601 5394 558 9823 579 9822 4050 4384 4511 2723 9814 8801 8717 
2119 883 7438 1532 3261 924 3648 7835 8189 3738 9052 734 4519 9383 5017 7294 5636 5644 5021 2958 56 3425 2724 6176 110 4892 4125 9659 9747 6894 4317 8480 9629 8726 1017 3288 3968 3274 3156 7681 832 9655 5482 1705 4076 5278 4310 9474 1331 6559 5423 5511 2931 1635 5011 1145 9810 2072 8713 8456 1852 4982 6758 9278 6223 5420 2917 8471 2068 4175 4364 4275 8863 1438 1663 3639 5289 4895 2481 3136 468 9889 857 7983 5247 5725 255 1725 7552 554 731 103 3599 5623 403 5891 7421 9523 3194 4631 
8032 5258 8141 8880 1708 6679 8387 7715 8846 9202 4359 2375 1084 2765 609 970 3545 4351 3772 9691 3509 7958 3275 6466 442 6494 1005 8134 6354 5457 4511 355 4127 6554 8066 31 6025 2711 4992 5435 4985 9130 6933 2676 3589 9644 9099 2005 3210 324 7690 8219 190 7397 6962 3637 8421 7263 6043 6426 9139 4674 7016 781 6806 6848 4418 8204 6703 1210 8304 9933 2217 8383 2841 4711 8136 4895 5266 6134 1007 655 7225 3744 5624 6871 876 526 306 5475 3599 1353 8692 4241 43 2168 2888 8854 7605 3887 
6687 5625 2850 1664 4307 9181 3681 4527 2835 7756 6247 9303 2177 9692 3450 8543 8860 3837 426 1813 6869 4375 4064 5980 9874 8837 1133 9209 1533 187 179 4274 8365 7019 9495 618 545 2537 8785 5265 5619 9958 1220 1980 368 8778 1936 4158 1525 5178 5362 6324 2128 4527 6847 9808 6700 5045 5291 6963 7842 6876 724 2015 3778 61 8142 5980 9237 9418 5039 3272 9754 7897 5727 8956 690 6974 7785 4690 6491 855 1582 2722 3060 5424 2329 3608 7362 640 5091 5273 5913 9389 4237 5692 1419 792 7406 1881 
487 4657 8381 8005 4799 6218 1518 8491 9688 6750 3041 981 5234 5066 9381 7338 4799 637 9350 1987 3610 5874 1072 9085 8253 2747 2782 498 6823 391 5946 1318 528 7823 825 6809 7930 9791 6212 3098 4330 9914 6889 274 7754 8655 2534 9092 1468 298 2480 4568 3146 1981 6537 9658 351 1858 1227 6143 2680 2775 1983 5994 7449 6821 8281 4872 9781 2290 3941 119 4048 3576 9351 127 4080 3941 2082 7724 716 2514 8250 4830 2642 3365 3189 9862 63 8474 4432 6452 610 7371 8941 162 4447 3631 7132 6378 
8707 3634 7029 4149 1233 8255 303 6697 360 3290 4393 1396 5709 7743 7084 2044 7941 4911 4371 7400 4957 4528 4193 8988 4115 8997 2749 8081 1146 8190 4774 9731 1016 5072 5293 9802 9094 3052 9895 7789 1904 7858 3717 8732 2636 4846 2214 4662 712 5514 5947 4145 9705 7339 8437 8296 4239 6428 5253 7827 6752 1852 573 8272 1136 4812 5994 2709 4040 415 6482 882 9012 8718 1049 4228 4117 9990 378 7820 876 6889 9977 2924 972 5055 3584 8966 4262 6690 4639 3628 9031 8506 2671 4403 7151 5739 9685 5358 
4187 5470 7393 9867 680 5170 6406 6155 583 768 7741 7043 4920 344 4817 6404 4538 7250 5854 6198 3900 6601 8546 650 9066 4480 6129 9511 7114 6318 5709 1335 7106 3203 4145 2729 3638 9228 7685 5725 9183 1256 6512 1691 9576 3323 1633 5784 1175 1361 6048 5976 5374 5276 7058 842 4284 8333 9966 580 4263 8549 2370 5378 3181 3442 6991 1754 1367 4217 6036 9382 6241 4816 3023 4390 7224 8857 9310 9213 5968 2566 243 6008 6313 5010 4737 6491 855 2589 2722 5063 1617 2519 3608 7362 640 6083 8458 5205 
414 794 8229 4479 9672 7912 880 3841 8179 4046 9858 6565 5880 2528 7630 8997 7576 7745 606 7901 1340 8843 2305 7011 8161 9531 6060 7851 667 8551 8244 9443 7741 8845 8774 3278 4803 5471 3073 6549 7599 8719 4318 6740 1253 3198 3832 1307 6212 1512 6783 6318 8859 4175 1945 3330 5906 7494 5443 8007 5906 4558 9623 9962 8162 4377 3769 8195 6644 1504 7275 9183 7626 7953 1108 1212 5098 6008 7882 6539 8924 3073 7576 5968 91 8831 1153 7629 4748 2341 1049 8585 5092 3189 7855 2665 3670 8030 8034 6798 
2901 7433 9532 8508 1316 5517 9373 840 9311 5019 8417 4295 626 7704 1944 6903 8843 4288 3583 7545 1368 5791 8519 130 7427 4395 4697 1527 4083 6814 4729 284 6767 2157 4670 2549 287 7315 5402 765 6611 8722 1489 3495 7560 7118 5109 5906 4330 5095 6587 9128 6423 4280 7949 9498 1038 6616 4570 1576 5906 1001 9891 183 358 4174 1743 1787 9825 2338 4349 6059 9473 9929 4138 5519 774 8414 9558 8257 955 769 9150 6156 8220 1316 6321 8509 6714 3920 7883 2875 737 7817 8789 8553 2073 7583 3789 3694 
9394 6608 8094 7193 8726 5255 4566 3238 6347 2053 8279 1528 3569 5175 4421 6792 6195 1492 5272 1953 7972 9785 1548 8540 2064 9027 3203 3594 8658 5447 6622 5649 6894 2137 1486 9953 7886 2697 746 4010 141 5588 8856 5420 3915 192 1069 4293 9258 9767 9276 489 9071 135 9670 9281 5812 3572 5725 4867 8351 689 5875 8582 4334 4154 9908 6272 8548 7005 7961 9218 3672 2133 9937 1336 4653 7198 8973 5172 6745 7799 8634 1970 8132 2257 3121 703 2392 3386 6 1347 3317 7473 1965 9271 9814 5743 774 1494 
3950 6576 5552 7836 3898 6670 3755 7960 4673 840 1899 2032 1150 872 4269 7761 6449 2991 342 8066 5152 9437 6360 4929 942 6804 9520 223 5826 8016 9161 1494 8463 4783 6253 4860 5655 131 92 4900 8510 3699 4862 3395 5479 7585 3327 7608 8 8484 4928 5822 4114 5328 2871 1222 9015 7976 2294 6068 6058 1857 4808 3071 4328 9558 4220 1358 6488 2458 3426 90 6525 8569 7407 3612 7743 5904 2705 5789 9717 5286 5352 1212 5427 8487 5364 931 786 8877 4756 5482 8777 9850 1356 7118 6076 2880 5341 3613 
528 5460 1776 4680 8073 4930 390 3068 4113 6588 4198 3287 5830 4731 1155 2093 3028 6801 1577 6410 3615 7632 5546 4641 3281 6256 6011 9234 4146 8411 7781 2240 394 1101 7346 6772 6857 3892 6114 7025 3104 9242 1050 5177 7044 7788 9950 2047 429 6942 4927 4695 9083 5266 3154 370 7538 4201 6324 464 5730 6336 5339 7013 8375 5733 3923 5374 7003 7414 4183 6983 5895 6277 8190 9732 3840 413 1914 9230 3639 6240 1564 2931 5826 9574 4156 6550 71 8343 1048 5885 4972 7539 6280 9162 1244 3793 9325 4005 
5811 5936 2279 908 8448 7337 6311 4328 1238 8358 7327 5024 9152 4755 1990 205 8852 8620 1916 7526 5128 7005 1440 7546 4105 3426 7369 7038 3504 7421 2957 1166 232 6331 5691 1877 3639 1396 6909 9896 8969 8713 5470 2181 9014 9762 7012 5995 1044 3612 9600 1154 4340 5479 700 4191 7035 7038 3756 8421 5251 8476 946 3079 5446 8587 5546 2584 8825 2756 7738 5037 6419 5624 9205 2983 3817 2591 8905 6554 1591 5745 5698 5856 358 9693 6005 747 7700 7128 34 663 7978 8194 5589 4035 6939 3660 8966 9391 
4055 2230 9552 1183 1218 3150 3526 239 5880 7689 4075 8141 734 6999 9918 5313 3857 7720 207 5677 6349 7602 9666 6446 5568 1724 1435 8624 5404 1671 1014 2288 2967 9655 4827 4576 7180 9249 7687 8585 6459 7799 9773 3848 4832 6889 796 2265 8282 1747 2918 7070 661 362 7475 2322 8300 7062 1784 6062 9016 1383 3158 8127 9965 4624 4811 3415 6700 2911 6198 242 3730 5610 563 900 9117 9540 5936 8787 8482 9505 2094 8383 2616 4629 279 2034 8839 90 7058 4872 1315 3112 2257 3682 5109 5817 2171 7507 
4373 1607 9222 9791 1015 6188 3134 7821 2956 5064 2623 1115 3685 274 9873 8232 4964 9883 6294 2448 9771 4478 2925 1328 3534 5735 943 870 6571 2031 569 3814 4317 7334 5886 5815 6097 296 2299 999 7246 2005 4272 2158 9539 8634 8885 4908 5379 5746 3593 3675 8229 4717 5643 1572 990 3777 3855 9016 5398 1109 1545 7539 9565 6264 4960 952 2912 8671 6828 3420 9339 1755 497 4880 2678 4294 388 6435 9828 4365 6324 3112 7745 1506 135 5373 1740 7195 8648 4994 2808 4934 6075 820 7848 6391 6530 8934 
6330 3915 7796 8747 5300 4148 9566 9506 7386 236 3945 9867 4299 3921 3743 255 5707 8854 1934 8944 5693 1339 5917 4541 6893 4776 1452 8582 8168 6368 4251 6775 8449 8016 3521 1020 5605 8874 1486 2436 7315 4870 3362 2117 8703 2165 1590 2994 9381 5960 1338 6511 2636 7450 2516 2358 7040 678 5621 493 7544 8637 3637 7512 4249 743 8076 2645 2691 4079 685 5948 2190 6799 7796 8310 7851 6241 4661 5072 1733 8559 2826 1783 2846 6085 7055 127 9198 3809 3467 3259 2263 6966 3805 517 7129 8330 1891 8064 
8665 6842 5478 7684 3913 2189 1972 2017 4089 3276 9977 8886 1554 5221 9184 5791 9045 7994 3048 2723 674 9034 5438 6734 5251 3702 9785 6322 1510 1518 3600 7996 9743 4597 3959 9888 6026 7047 8294 2941 8935 3205 3613 7499 7246 3487 7107 9249 5723 9572 8786 7601 811 4746 28 9332 9316 3852 6480 9131 1889 198 7139 6021 7109 4075 2221 7550 5713 6694 9959 869 210 6817 529 190 4770 483 5256 8137 7154 4622 5093 1264 4164 515 6879 923 9997 6310 474 3509 7882 6249 3548 5429 561 8771 6718 3544 
4736 2835 2432 6358 3212 1719 9340 2335 493 8944 5854 6593 8769 4630 793 3128 4140 1651 7897 805 614 5926 4840 7929 3003 8710 9072 9160 8743 2944 7637 7746 6708 9614 1050 7691 1483 5331 852 2561 9847 2011 1398 108 5533 7591 3433 9361 9238 8828 9104 393 6017 1538 2613 5714 2515 622 6082 321 9425 8842 8764 8724 4315 5088 4643 6250 7333 8164 1870 7339 5365 7545 6132 908 8563 9040 135 5277 6133 3668 2194 9739 530 4501 912 3761 8194 3769 4115 8488 2308 7633 9081 9467 173 7320 1200 1667 
1866 8081 5023 3601 2103 9152 3330 7542 1366 9952 6907 631 3585 5770 5731 8507 2148 2881 5919 4432 1312 8121 6243 1702 5260 1119 5618 1737 870 6916 7483 3240 9743 1310 3860 6021 8458 1090 8280 3239 2795 1838 7924 1995 1016 6314 4423 168 7192 7027 7345 2566 5714 4644 7543 8319 8340 8808 1073 5192 5784 5121 1401 3452 3046 6152 7450 6739 7771 2018 743 1646 3888 7866 8272 749 7318 5881 7478 5719 8774 5189 9558 3548 6282 7564 4882 1358 1828 6798 813 3210 8728 975 7218 3004 1493 9857 6697 6154 
9471 6138 1394 2081 5667 1732 5756 411 8043 102 4683 2634 1404 2240 9752 2400 2570 5469 5880 1408 4408 2807 4850 1036 5905 1818 4452 7298 6716 7800 3721 942 402 1282 1779 1216 7421 4572 7076 4608 6624 2167 1761 1263 5693 4002 1249 7116 7364 7315 3675 622 5850 8194 449 9521 5174 9786 7978 1646 7318 1473 504 8322 6516 4888 8256 1351 3494 652 4850 5068 7272 5432 9756 5321 8952 1018 3874 8730 9801 2385 5530 6749 7770 5071 5881 173 2953 4776 1099 4541 4767 5004 9800 1010 6423 8431 7381 9289 
5156 500 3116 5344 2523 2004 3985 5896 3011 9273 115 6816 8278 3790 5140 6986 9606 244 188 408 3008 474 9589 5972 6725 1010 372 8357 8574 9436 664 213 2607 5391 8391 8003 3328 9479 1277 1197 6592 8766 3586 2410 713 3943 8267 2675 8771 9172 1996 7549 1778 4188 2163 1616 502 60 7490 1430 5557 321 5417 9567 7735 1074 6406 124 19 2077 3636 8658 8951 7735 5199 464 5469 1308 7226 9056 5980 1390 1878 681 6537 9773 4611 3996 8005 4737 9626 279 5347 4968 207 1297 8923 7890 3176 3725 
7883 6802 7746 2252 9267 4225 8020 1894 2690 9791 5007 800 3368 1800 6607 448 7151 8324 7510 2001 2499 8803 9564 1609 5779 1273 363 5646 4080 1614 4688 224 9695 7376 4779 7738 1241 8751 4837 431 9807 4549 4982 2150 8197 9329 7006 6418 9764 8045 3633 5301 3821 8565 3547 1350 392 7031 4855 451 7999 8571 1464 8281 7580 2829 8130 2662 2146 9049 9850 711 5746 4259 4006 5716 1708 6108 6728 5314 7007 2189 6453 8259 2219 839 1397 2559 8932 2263 8425 7795 7449 4234 5693 2911 3441 5677 6111 4624 