5714 5258 8578 501 5257 3600 1853 5638 8340 8543 7711 2613 1641 7464 8238 9600 4812 5851 2862 4065 5867 9442 4261 1265 3308 2790 6516 1201 5645 5966 926 6636 8192 1987 1138 6114 1941 4087 7518 5809 3053 3157 7118 8828 3049 7341 6376 116 7735 9685 4805 1626 3808 6923 853 3683 135 9646 2890 1717 5176 5005 2698 2789 6092 5739 1081 2083 4703 3826 597 521 6998 1054 439 1231 279 8289 1639 5259 5179 2501 2987 5015 1307 977 4958 735 4698 2898 5354 3867 8103 2190 5177 4754 870 4182 2162 5246 
6296 7803 6985 2312 1159 7204 2001 3342 1624 7325 5086 6590 5957 1146 5956 6393 7606 1761 9186 1153 9322 1402 6060 7046 2943 4193 4420 8158 5513 2587 2632 9083 2811 7019 2526 3332 2370 6263 6527 5639 4929 501 6549 9607 788 61 7327 6077 6050 1307 6212 1512 9081 2173 1945 3662 5906 5443 8337 2119 8479 1498 3900 7151 3422 4488 3445 2339 4459 8481 4765 8079 4918 7270 5335 5942 574 5412 797 5410 2681 3596 8816 3314 3787 4111 2682 6086 9108 3066 6830 9540 4168 4906 537 8085 2514 1090 548 7170 
7509 4805 9213 7687 262 5223 4564 7567 3930 1282 7537 1979 4435 6677 4114 6348 267 314 6716 3637 2994 2044 4904 8250 6655 3809 2203 2517 6757 6480 8839 4869 6771 6653 7059 9577 2770 3900 2186 575 6544 1807 306 1284 7633 2193 8876 5494 5867 8763 9500 9934 2230 2125 7110 148 2740 7752 4580 1361 9628 1897 6382 7453 3724 4923 794 3153 2092 9984 7099 4937 8661 5483 576 4571 5626 2705 282 3150 8808 4654 1236 1164 9622 9489 3261 8090 5605 6270 4162 2994 1449 6527 7987 2688 3624 1757 2997 7152 
8358 6298 5514 1940 5178 1421 8662 3463 5167 7543 2311 3453 2004 1352 6684 2610 9617 8322 8766 5903 4543 6636 546 1507 3109 5487 4052 982 9745 3904 2386 8785 4785 1453 75 6744 4866 2707 790 1417 3529 8766 1347 3467 355 3451 9970 1188 2736 6018 4140 5582 2289 5740 5397 9522 3569 5283 389 6368 8504 376 6829 6709 1215 3656 954 7930 9884 6288 7625 1927 1450 5245 14 7065 6147 9753 8238 4526 8903 3168 6136 6092 8136 7067 1915 8448 1642 5976 9135 8424 2066 6988 4106 536 345 6014 3233 6288 
9842 3521 4390 92 8549 2369 9146 1563 395 1550 9831 3552 4926 5839 2218 7897 2273 4767 254 9451 9657 5682 5921 4290 6244 1827 6508 1651 5742 8925 206 7206 1802 2964 2733 9061 9459 7954 2558 3871 7041 6835 6253 4334 1894 6997 3566 6058 4164 4395 4274 6155 9251 7952 922 3848 8299 9489 6250 9782 4885 2930 7 4020 1688 1419 5115 4314 673 2286 9523 1612 4758 2530 2634 7841 4213 573 2279 990 5006 1206 7246 8916 5682 847 5568 104 2893 1783 899 8457 9120 2385 1114 6623 9617 1601 7702 6521 
1359 2343 8008 5057 7752 8961 6894 3159 4739 2600 6984 382 3882 9370 3846 6912 7558 5179 4086 436 2874 8512 9626 891 1965 9195 1364 2645 410 7969 8405 2225 6287 3926 666 1893 6308 8897 7635 9792 5658 6563 8028 7597 5388 8683 3898 2882 3625 1774 1461 210 6171 917 6590 8864 7231 2064 3995 1499 9271 3312 8672 1314 2894 9484 4692 8426 8276 2088 1869 923 5065 1952 9619 8203 8207 5776 5678 8498 9564 3781 7163 1344 9322 850 8374 7178 874 8823 6159 8431 4105 599 5827 8312 1404 6893 1400 7922 
5303 7785 4642 86 3570 3545 7048 8941 3588 420 4577 9555 7410 9973 2753 1133 6426 6912 8042 1857 3596 720 1858 5814 5421 3081 9360 9441 3136 1302 436 4454 408 1378 5921 6436 2047 7411 8227 2527 7631 8728 567 7527 2199 3842 4860 9799 8715 6693 9976 5352 6069 2487 6793 6179 6737 9061 7859 545 8571 4807 3348 1334 4609 8440 6310 3720 1511 2790 4197 5881 8841 597 2151 6443 736 4443 7645 813 7125 5448 6231 2291 8487 8765 8016 4562 4058 9948 3136 4756 1710 5983 3636 3848 1452 1947 9086 9010 
5010 8646 7400 2304 4168 4906 537 5288 1374 4764 8919 6515 5613 2620 2624 7013 5275 227 2037 635 1635 4057 6826 2125 4225 187 5680 6151 5006 3190 1761 5178 5130 7255 6618 3967 3048 2293 9472 3730 979 2102 6768 5257 4821 5013 4689 2581 253 5185 1331 1800 2702 355 5324 2057 7859 1588 4086 691 4263 4468 9230 5180 7671 3189 3110 2838 5469 6652 4714 9294 9422 6452 5202 9999 8965 4273 6646 822 6249 6965 3617 8025 8571 6650 9423 9198 2737 7892 2807 1183 3898 2836 6909 5430 3893 6324 9411 70 
6868 3354 2107 9471 42 158 3623 1888 4765 4323 3363 6805 5921 1899 8662 4050 601 1263 8111 6704 8657 3894 3775 5425 507 9150 285 855 7679 1187 9434 7935 391 4026 362 8115 5636 1404 9844 1032 4710 67 3192 9659 3341 8296 621 6120 8870 9605 3293 921 4071 7594 9055 3716 4620 2126 6260 6683 4782 3600 1841 8247 6283 1247 5141 4197 725 6599 7091 8800 2766 7197 5396 5325 8595 6600 2661 9562 3713 773 2156 919 1841 492 8591 2847 5625 8206 8685 7034 3576 2311 7814 6307 4021 7630 6616 6332 
1437 5838 8978 3241 4391 3191 9212 8940 7779 6625 1630 9837 5770 2066 8754 1788 4152 4069 5110 2068 1183 9120 9897 380 3249 483 9528 1758 7815 7359 5815 507 2701 759 5691 4320 9322 7353 958 5390 5418 6739 4946 8643 1719 9015 8809 349 9940 4696 5190 1218 7659 5256 4741 7922 394 3260 9729 2032 232 3848 9913 915 3978 5375 7507 5679 4774 4472 8497 5046 4158 3395 3496 9465 5557 7995 6023 7297 9281 4651 571 1509 6286 6289 3157 4097 6154 5253 6533 5877 4534 4156 2383 4574 7584 2573 9661 1122 
1077 1081 7407 4179 185 8347 7235 1495 4872 622 1648 4520 9488 8290 9509 4026 1912 9497 4654 7960 9170 9364 9128 8014 6214 7029 5562 9067 5544 4456 5439 9763 4836 2683 844 5092 1982 3112 9008 5477 3738 6027 5950 5640 9005 2219 8437 4933 7303 2602 341 6008 6964 4799 2699 8666 5359 2091 5497 1505 2742 248 3543 6434 7747 7762 6058 3323 5929 6884 3251 9675 5558 709 3452 5028 1572 954 5806 7755 6464 9656 5851 2141 3858 362 9825 15 5723 8472 4996 6667 777 4003 9854 3130 6066 9658 8618 8169 
7141 8339 2239 1599 7787 6540 8063 8993 4555 6884 8802 4094 8814 6992 2125 4007 2507 8082 6781 4049 4162 4016 560 1583 2877 3298 8959 1889 438 2648 9759 2111 5021 4246 7930 8343 4135 6246 7458 3243 6358 3884 8131 7491 9551 7343 5126 6389 2042 4258 8222 1030 994 7432 5891 1410 9542 2943 5792 7229 8435 8222 5389 2426 1400 8412 143 5493 107 9781 1372 6579 2418 2406 1064 5166 5387 3778 8507 9127 8112 9376 8771 1456 8353 9388 9727 8258 5212 2069 5692 3661 7023 9582 5712 9344 8179 6282 828 8640 
6298 475 7296 5320 8144 5487 7400 4081 1127 4944 2580 7753 1561 8607 950 9495 783 8196 3163 7563 8537 8571 4212 8965 6992 3526 2906 805 5401 1010 3477 5375 8515 8018 5679 8585 5743 9373 5123 7963 1323 921 2120 4469 1041 9460 2484 8073 667 792 8236 6185 1075 854 664 7212 5337 8030 4269 8034 9134 5064 9973 5983 4496 7008 8450 2588 7590 2288 5943 949 921 2120 8747 5905 1041 2767 8073 5594 4234 2198 1968 9287 1490 699 6234 981 3570 5751 8369 2804 5580 8074 6329 7651 2931 8571 8558 5437 
4783 9487 8816 1284 6950 5533 482 8351 490 6904 3628 1248 6563 5410 1539 9093 2331 6134 3983 4130 3116 4007 9417 1848 6025 4726 3286 6673 4670 7565 4348 8987 2205 3329 9958 980 5147 6092 1645 188 1980 6904 9790 4492 1509 4158 3395 3325 3496 3142 7176 7806 5010 505 1991 622 4651 1434 266 5271 7280 3157 4097 982 2218 6533 1323 1575 2868 5877 2699 6875 1366 9033 1671 7172 8118 3133 5935 9901 4147 386 1797 1427 1135 6373 4687 6901 7681 7011 2612 2398 6171 4684 2147 9411 324 5321 6226 6717 
2969 2312 1018 6332 3874 8730 9801 5530 2681 9432 5747 2953 9297 1099 4767 3741 8431 8212 2200 9247 7987 7070 917 8206 623 5187 8912 312 9160 5410 6765 1965 9181 8049 371 6957 3206 3428 226 3153 603 8340 2378 8001 3914 2696 4188 8571 1224 3267 5832 4801 8058 489 5236 7942 2416 9631 5513 2290 52 714 5849 1516 7724 9208 8096 8908 8850 6057 5200 4614 4901 5865 3150 2945 6198 6865 186 4643 5851 1822 9685 6191 3818 2460 7 9548 2347 3002 1383 5329 5301 554 5949 7507 5736 3733 5131 1230 
6836 1582 1233 8405 8990 147 5434 3825 9113 983 2426 1416 6363 6150 3502 2179 2989 1215 2658 5266 2445 258 6034 5541 219 6469 6531 9111 4123 4747 6927 6302 1305 4346 5351 806 7226 9131 7418 4713 8140 8155 6318 3730 2356 2481 6216 2444 8709 59 7082 8968 629 8942 3582 3472 6842 9651 5299 2173 2121 8084 3948 7953 2400 7033 7418 9664 8660 7108 751 2644 6842 2145 3594 9658 7586 9233 765 1124 4002 2053 8149 7058 7435 2075 8483 7681 2437 918 6165 9575 3174 4497 1013 1582 9408 9783 1059 2939 
5940 3187 6929 4133 3575 8961 3926 5682 3924 8427 2620 919 3636 8497 6452 2398 9701 5052 5453 7042 7645 4611 9689 4703 4564 7353 2307 8934 4731 5665 9073 1405 9684 9558 7661 6410 8695 2155 9303 9288 784 8550 1875 9845 4917 8658 1002 9778 4614 9651 1157 5188 5307 2224 4072 6642 6205 4038 23 5426 8257 9254 2507 2370 5984 9945 6397 5053 5200 293 9120 7466 4131 2749 1726 6362 8553 5537 3245 3755 9031 8052 2317 9961 3396 110 868 9565 8918 8611 8186 4923 647 1067 2000 2263 7692 7062 7163 9474 