9072 7836 667 8951 5478 8649 3659 9035 5412 9957 7447 94 3976 2862 6190 4443 9928 3117 9975 4580 4109 1958 7879 4465 7122 9462 8440 6994 5527 5170 5981 2937 6241 3150 6869 6944 7069 9381 4790 1830 56 9580 8030 839 2093 5895 5820 3735 1229 2669 5067 6944 9486 7964 4859 8512 2300 1564 4509 8295 8756 8050 7819 6130 1431 6451 4709 6123 9177 8551 1978 6516 4954 9140 3606 850 9391 3508 12 7367 5361 3411 466 9333 9076 4390 1442 8265 1698 4348 8891 4003 9184 1164 3163 8497 4890 552 2201 6549 
2512 8393 3337 3762 5004 6540 6121 678 1651 2162 1026 6865 1055 1712 6870 8636 1933 6324 9652 2834 8193 1534 8764 3752 3955 6288 7188 726 8397 7217 9012 4792 3450 8860 7554 1906 185 9239 6722 2601 1369 3346 8181 897 4246 8956 4070 8995 5717 3762 1483 7586 9530 1159 7067 1365 8699 3513 4941 6423 9209 841 1490 8101 5459 3029 4865 4987 6834 4725 5709 9627 2728 8402 2328 4970 1354 9213 4915 6129 5303 7459 1990 1034 3408 1978 6233 7656 4198 9552 1648 8137 2588 8582 2308 2198 3654 5632 5820 2149 
2700 1188 4458 7514 2647 945 3253 8944 3640 5812 8013 9191 7582 6237 6265 340 2534 6946 1824 3015 556 330 8144 9824 7179 5759 1725 9894 8316 6145 7388 5079 1599 3710 9810 4704 6379 8100 7994 8664 8820 3333 7214 4531 3359 6158 5156 7791 3216 3991 7743 3321 6768 8049 3391 1404 7418 5628 6721 3298 9438 9947 1101 5251 6023 8146 3367 1369 4307 2222 4028 8712 3809 7831 3752 1573 2942 9408 8973 8412 4137 2966 1634 6949 7371 4737 339 6757 2924 901 4038 7881 3266 132 3348 9672 8178 3395 5697 6551 
433 8748 5879 8492 1841 6015 6425 203 3984 6193 8143 979 4835 9992 462 3448 4924 3350 6864 7597 8235 7579 8279 6515 180 9523 1397 5929 9184 5987 7717 7048 2205 3835 7189 9458 8688 1101 4380 957 9961 1212 8871 8777 7307 9216 5661 7701 6783 7995 1066 1821 9945 3973 5509 5045 7081 1288 695 8397 9171 2985 2503 7947 7070 2116 5663 4378 9411 8718 9395 1224 2382 3262 6161 3058 7577 5996 63 3255 7206 7633 6408 7834 4620 874 6486 7842 4549 9748 2711 4275 5960 3272 2104 16 3930 6373 70 3375 
7118 7098 1713 6046 9121 8986 4565 6964 6917 9023 4912 1169 2433 740 9336 794 3906 4271 2143 665 5560 9806 3526 120 9238 7379 4715 2818 2133 2224 2630 3917 3903 3400 7936 73 2491 3402 1792 4423 8442 598 4942 3019 158 8742 9721 6950 3054 8280 6763 1920 6883 6600 8650 8936 4322 1811 6817 7201 2884 5799 3159 7394 6679 5096 7337 8195 3562 365 9847 5890 8810 3296 3879 1970 1586 3113 3117 1684 5406 3696 9674 4186 9068 5888 7802 2039 7626 2311 2490 6270 4402 8372 4814 6564 8110 2594 6750 4664 
9072 8831 2032 8367 4011 9387 6418 6598 6909 1009 5749 7993 1243 8647 2259 9999 8079 69 1792 55 6598 1642 224 3961 5577 6727 686 9315 2880 5813 8365 3311 2342 9762 8454 8081 2143 738 5174 2778 5964 1913 332 6494 6158 4449 4803 2528 6649 2911 7809 1489 2833 5879 6699 7004 9681 2592 6165 579 5702 730 3456 6270 8346 7023 8416 4284 115 391 7154 523 9334 38 629 2683 1062 8710 8982 9196 8016 768 8494 291 890 6902 7559 4854 9113 8875 5004 2131 8857 6244 4585 4964 857 5034 3408 1655 
4356 437 232 7741 2884 7469 8905 8559 8119 7580 7807 2082 1318 6944 8638 1111 1231 567 7614 1060 8978 8529 3369 981 4606 9855 4355 3477 6903 4420 8595 5829 9625 6346 2832 3750 2661 4409 3781 4524 522 8623 8616 2397 9848 5178 3705 9627 2210 9046 5969 3308 6378 6293 4023 2878 1416 4583 1493 921 2549 7631 8993 1211 2249 5395 6330 9022 6295 5615 7439 3590 7073 9247 912 4472 5825 8260 5770 5465 784 7497 3018 3707 696 4182 5947 2630 9852 8938 4208 3579 2595 5642 6696 3551 1238 7192 1359 3289 
9839 5025 9570 4758 3413 3129 1528 4109 5900 9636 9746 1428 7636 7838 8663 5242 4119 9762 2994 1251 9416 8453 3044 4856 4150 9368 4765 8031 9625 4680 844 2579 3878 7721 7961 2742 8685 2744 6005 7034 8027 3764 8800 355 5569 2968 3752 5713 6307 2157 4632 7503 5363 1617 1658 5468 8594 7927 5525 3591 8817 1289 5340 9141 9313 4070 8995 277 3762 1761 5575 9882 4485 8028 9308 6709 7312 1822 2685 9186 953 6112 477 9719 6683 37 936 8547 1983 8445 8579 3047 7622 4613 3724 9475 5372 7210 5441 9891 
7973 7873 5239 4324 3983 3151 1214 8998 4492 7052 5983 1578 9468 6613 2504 8042 744 1265 7251 6835 3274 4378 1682 2770 8959 4867 37 8937 7555 3733 1099 1370 7673 3648 2539 1108 7688 3862 1119 7707 5800 4697 4577 8924 4302 405 6920 3292 2194 3700 5618 3497 7855 4222 7351 2248 210 4824 6214 2721 1063 9784 6965 7407 796 9856 8844 8678 6839 5496 2785 1378 9989 5220 1401 4560 5880 3071 8361 921 2514 1495 1100 7412 4852 1155 6422 1987 909 8184 382 2544 9962 4984 1428 5359 4273 1777 6657 4671 
3762 9046 4830 8329 2442 8318 906 6137 9856 7247 6035 2051 4694 9163 2752 8721 375 7194 1680 614 5259 3134 8365 9900 7613 3469 4617 6694 6565 7294 7070 8675 8866 9581 2414 294 9683 4394 1252 1603 4944 7561 8312 2097 3673 3727 9907 2682 8706 9355 2306 4566 346 3332 7810 6903 4420 1703 2710 9112 5305 3897 8318 2767 4029 3814 6932 8054 3780 7612 9578 1335 8182 5319 7256 2770 8033 7701 2522 3857 717 5682 6138 4172 2243 1985 2864 8616 522 2826 8631 7885 167 3516 2967 5085 6508 452 2835 8505 
8492 3930 7388 4616 7028 8027 9913 4067 7237 4695 8885 1087 6995 1902 8125 5327 4959 1205 1475 9050 6038 8831 8993 6330 9328 5047 9901 2601 1564 8143 7470 6962 4859 8512 7507 6123 4954 7220 5022 4666 5322 7288 7198 6215 6591 8788 3811 9821 459 6389 1711 504 3638 7875 9890 8016 3520 8477 1371 1875 2113 3232 1210 2131 1680 3547 6777 6650 344 6375 4838 4504 5714 9205 4136 9627 9229 8180 3637 8961 4269 334 5135 9438 2082 8499 6957 3904 5254 8143 2994 7652 6994 6713 755 6252 2544 4524 9128 9339 
2671 8096 4770 666 9661 4411 3720 6603 1789 8377 1450 6938 7533 9712 7809 6848 841 1498 9999 2374 1916 2979 1171 5672 4654 5181 1333 6380 4659 6702 9951 993 3103 5893 2514 586 9441 7306 9155 167 1388 2885 6651 7705 6271 9129 1827 1951 3197 8390 6524 4812 4751 4279 8349 8208 7802 6081 9223 7991 7263 6583 4276 9363 6168 4498 8446 4131 606 5735 3219 2226 2145 3884 9271 4400 7302 9747 7195 5414 6002 7441 31 8020 8863 1931 1615 7560 7260 5085 4054 5764 7342 9590 8556 108 1817 8371 7128 2993 
5449 4653 2677 9227 3821 7281 6871 2945 1888 7932 7026 7052 2709 3775 2988 9172 4072 106 624 5649 8297 2313 1043 6298 7525 5751 939 8188 6375 6115 2291 3789 2394 9789 7233 2107 9472 4758 5223 8337 3967 1063 575 7618 5451 2782 4204 1438 1558 7328 7966 4507 309 2483 5626 6924 8146 239 7274 4962 4990 3690 5668 9602 7738 6129 3997 6936 8957 6773 8064 5002 8539 6386 9050 9244 7094 9982 757 7441 7525 8850 7308 1265 9580 7904 4460 5711 583 6338 9475 3120 3102 6981 6809 8007 6556 9327 8461 9588 
617 9118 8194 840 9518 919 7349 1826 5222 4778 2752 7648 6310 7531 9698 2836 9798 4380 586 4129 69 1667 997 5022 9826 785 4915 6513 3348 8743 4167 5425 5842 4253 3963 9619 7651 8964 1648 5429 1613 5557 7995 3342 3762 6868 1805 622 1279 2726 182 6858 8088 2215 9230 7179 1580 2339 3654 6590 5762 2194 4395 4697 7664 286 5663 2649 5728 2157 8090 8759 3209 9550 3814 6567 6813 5192 7489 4631 50 7840 664 3044 2002 9240 1274 3354 3929 9073 5475 6830 573 1989 1101 3149 2420 4656 2866 3830 
3893 7382 9573 8510 3502 7537 1960 2141 4238 8216 3349 337 1673 4398 5644 499 9577 8990 2766 1401 9954 4317 7043 8726 783 7366 6680 1860 6558 9552 5564 2713 419 1397 8008 41 6936 8930 1656 6685 2050 9508 5530 6764 1268 2068 9933 2772 7691 1091 3672 5437 2490 7153 6697 5673 8714 6965 340 1923 9920 5023 676 6744 8584 7553 7799 1025 8117 8864 9172 8763 2598 3246 3758 4157 3348 4177 1579 9059 9297 7241 2619 9948 4677 4493 7933 3951 1531 2866 7334 5998 3393 8755 4238 6943 955 7565 3149 9858 
4800 2420 3647 2887 1548 3635 4983 4857 5226 4567 9503 5153 6786 6833 7927 3021 6270 7807 3591 3704 8817 4421 320 9313 9472 2346 3884 287 3957 3577 2500 1087 6995 4456 4959 3365 6038 1075 854 1742 2708 5959 3645 6784 3510 3016 2289 9185 898 4062 5529 8946 3529 9720 1247 8540 2765 4024 5652 1724 4546 2796 2453 6420 521 145 7469 9557 8474 1371 7036 7934 9890 3332 8964 3524 7433 72 623 7565 3261 2821 9520 4431 8494 9564 3319 8725 3247 4260 7725 906 2705 6906 7763 685 2840 5015 6379 8335 
351 603 1034 4870 130 9461 53 7962 6611 6138 8142 6083 6544 2742 4815 8010 7883 7940 2537 6060 7057 373 4929 327 9069 336 8120 9224 7004 9480 9824 8348 8378 1565 2806 5152 6266 3561 8048 6952 4501 1126 3882 2691 4292 8938 1087 6532 3914 1861 8759 859 8317 6859 5303 9360 5114 3450 501 2624 3725 3678 4001 2751 3364 7063 6613 8010 2019 9634 6554 9240 2453 7335 9563 2927 1038 3563 2961 2135 2009 6602 1535 3516 3298 7273 501 107 8581 716 7319 9527 1588 2514 1647 1175 9055 8091 7126 9261 