5704 3567 1268 7535 7682 1208 7596 6050 4652 3933 4250 8789 2892 1313 9696 3107 8460 7524 9216 6503 9927 80 6885 2113 3845 6765 3813 2963 4346 8994 8963 64 9400 5571 6544 3096 3801 2192 4532 8663 6026 6725 3137 8357 6466 1610 3576 6322 9541 2460 2394 2655 1999 9251 6352 3301 7677 7301 9597 1337 2929 3861 821 3481 7119 1525 6324 7622 1809 5653 7860 3376 3369 3308 3845 7329 7231 5681 1232 4408 6134 9032 3952 4734 8527 2799 7668 1606 3620 5631 2377 5716 2028 9073 6726 5989 8829 9600 2421 3820 
1720 5466 5129 1465 3768 7231 8485 8603 546 6091 6291 3293 3592 1664 6858 7612 6098 2742 4387 7220 7752 2077 8853 4834 7032 6068 5390 3232 6890 4715 6485 2063 8378 2234 1980 5153 9143 8777 2986 2552 7320 2142 117 9918 3815 1645 8030 1411 3777 6033 3471 90 5614 5639 5638 6443 1654 9835 2709 4649 4952 132 2134 6357 1880 4873 8047 2394 9659 9951 4062 3997 2964 1388 2444 2651 9844 1140 9380 6013 9474 5511 5011 7249 9995 2258 1890 3136 149 4760 4145 9273 1006 4184 8543 2542 420 4577 5223 2753 
3619 2255 8502 5175 6885 8195 1329 9940 8406 3981 7500 232 1736 2955 4415 3480 217 171 8443 616 8797 5789 7561 6815 6028 5794 7551 6724 9536 355 4510 9939 1388 2032 5560 1859 1265 3800 5383 7621 2010 5574 6177 8271 5814 8120 9434 6690 9841 1576 8286 296 1591 3735 781 6659 2473 2175 1609 9363 9204 7132 2681 8988 7825 1313 6080 4376 1617 9474 4394 1526 6801 6325 77 5035 7896 9975 581 7537 9149 2395 3141 3879 3361 9907 7480 2296 7823 9247 9490 5530 6006 2668 9642 9801 3940 5447 4552 2590 
7793 2851 950 6341 8953 5797 2642 4569 7364 5271 1366 7840 6296 8418 8947 1501 9746 8741 5433 3682 3952 9450 4851 9751 7795 8375 4599 8976 8298 7655 9500 6420 3843 3601 7641 5497 9458 1847 1606 8360 1733 5744 9922 659 5705 8922 6308 8434 1207 9450 2245 5192 8998 5113 4962 7520 8395 3958 3446 4127 6628 6509 196 1510 2678 7425 7293 2137 970 1015 2797 657 5457 4348 8429 3924 2714 6330 1483 9733 3222 2346 9116 7633 3090 5658 6492 4464 8279 7977 7206 4195 8614 7674 6670 22 973 2278 4715 7777 
5186 2023 944 1531 7233 5721 8507 2000 2500 7598 3295 245 683 2566 1749 3661 590 8392 3222 6290 9321 8994 5345 8016 2069 7984 2463 2892 6094 1603 3736 4604 4405 7719 3485 8816 1913 3113 6005 5100 7775 6025 4257 5776 2573 8244 4650 1908 609 4354 3035 5957 6870 7110 7034 9764 9756 9869 9701 6856 4631 1623 9433 5129 2276 1946 9689 3175 2757 5543 4316 265 1248 2986 1960 1393 2669 7845 5495 1577 6581 7834 3977 7785 8501 9831 5898 156 5671 7525 5501 6663 9629 7854 1185 4973 5771 5328 7764 7544 
4976 8875 9853 200 5625 6291 458 5787 9050 2546 9672 9744 7635 4896 7242 8089 1886 9120 8882 1985 8027 228 5145 4551 6179 2924 4921 9389 4840 6084 9896 9871 3087 5894 389 2783 7606 9777 8239 3946 482 7357 4980 8281 971 7109 790 9768 4842 2086 6366 2475 7016 4379 826 5963 5240 6555 4201 5611 5059 166 18 4525 6020 51 5279 46 9237 773 2156 504 590 537 2777 213 2963 9632 5100 4973 5541 970 4685 6727 7020 2467 1639 9485 9577 2501 8935 977 4958 57 6594 2382 8157 3867 8282 9739 
5253 3541 2913 4182 2162 9249 1631 6985 1159 5615 7985 68 5292 5552 5256 310 1890 1348 6641 6238 2053 1872 6649 243 2877 5833 2079 6231 2673 2698 4718 3888 8952 5458 3069 890 7601 1669 5592 3469 9565 6497 9857 3344 8550 8828 476 3963 9619 9553 8964 9249 3062 8792 9107 667 4641 8163 9633 1441 764 7447 9509 2614 7904 9004 4432 6574 3658 6204 8065 6650 3129 9545 4113 1671 7086 9907 2410 1039 7690 8909 9537 8473 6146 7854 6449 1605 3499 5137 3489 745 8415 3176 3554 2569 4001 4404 2380 719 
4982 4888 7581 9313 150 9814 5759 875 4126 6133 2551 6097 6149 4194 4640 4400 2000 6448 8885 7334 9733 2629 7630 6150 5160 4558 7371 8671 7641 9956 9700 5224 1760 166 5828 3752 7828 9165 4157 1063 2555 9764 9441 1179 1612 1716 8441 7928 3093 6999 1788 9810 9079 2725 4733 671 2453 5460 9560 235 481 920 378 8401 6287 7481 5045 8477 8856 5996 901 5026 8457 2019 7943 5852 3390 1704 1015 435 5050 921 2549 6719 2514 3924 2249 1075 990 7333 7640 4606 7569 6981 2215 5180 2642 7671 6928 5560 
8903 9862 2838 9383 6652 3654 5774 2858 7686 9422 6452 1805 9533 7691 8336 4359 695 4365 3835 9658 8868 3024 1087 2741 6913 3312 4599 7827 9553 7664 46 9237 1591 3591 3001 4119 1251 1783 8820 3044 8260 1915 9625 6950 4680 2095 7721 4918 7459 6446 8610 8 571 5477 3950 5461 8641 4639 9626 7244 6785 8905 6092 6195 8935 6315 9117 1459 6745 5889 2072 977 2995 4657 9658 2449 910 982 7102 492 8078 8784 3562 927 8376 8686 1198 6878 3934 4585 1933 4458 6220 4585 881 7893 1673 4435 4398 7845 
2399 9447 7356 3501 3714 3937 9689 4457 503 4141 9774 4158 7150 2789 9413 2835 8529 6216 9080 1249 3597 8505 272 2351 2456 1572 7742 8937 7027 1049 8158 937 4622 1246 9719 764 4913 501 6232 2597 7558 7541 804 5367 2159 5585 6428 2726 2581 8176 2733 8926 9061 917 4387 9666 5294 4139 7341 6253 1894 3712 6997 3566 4164 6975 3624 5769 3108 1090 8432 7406 1065 8983 6362 3272 4421 8606 741 3740 1907 6524 6519 9584 9816 5562 1780 5296 4669 5400 1610 5112 4186 6021 9235 4729 5293 2965 5159 6382 
7036 9697 8268 3320 6300 9566 2931 1018 44 4599 5167 6912 8087 6125 3350 149 3367 3315 6878 5335 8245 9777 8482 543 3733 6119 5883 3933 8219 3496 7436 1086 9568 780 4513 9169 6712 5940 511 5537 454 412 5432 7635 7251 7068 5521 827 4896 7193 1503 7877 6185 6583 9760 5550 4481 8862 8190 6859 6561 6039 6759 4588 349 9874 6906 7229 1830 546 235 6546 9645 1448 7362 7236 7775 1011 8647 7956 1519 5513 9324 9003 3536 1543 4232 7279 3301 4826 3409 6792 6690 9805 3474 6771 244 1276 9422 934 
2177 4788 6389 6441 3853 689 2290 9372 5917 5565 1331 5731 7618 4176 6811 6168 2368 3575 5010 2971 420 8103 2174 8548 2789 3799 5171 3850 1130 3466 3522 778 7358 4497 3809 5828 4112 375 584 9464 7396 3418 79 781 2537 5903 4834 325 4320 2978 8041 5260 5646 4550 2923 872 1526 1551 7253 3303 2425 9594 4789 9686 3591 1573 8797 3213 9799 7052 8715 1838 6693 6179 8030 5215 7561 7414 1049 2107 2092 4319 2007 950 3751 1128 2669 125 2134 549 2781 284 4735 7464 8454 8453 6068 6353 7360 3873 
4252 1305 8827 3559 8595 656 6526 9265 2881 6371 5964 1318 1680 2981 4857 1764 8727 1658 3800 9503 1805 3807 5153 8594 8121 9692 7786 1011 8106 8314 4726 84 3709 7117 4066 6145 2775 9030 2737 4446 2130 9912 6519 4435 3317 2644 1895 8101 7921 4750 1613 9481 9725 1455 7915 4823 7624 6910 8393 9653 1094 1365 7171 2359 1288 1688 2324 5837 4776 5852 3024 9913 2335 5642 3682 7575 3355 3876 469 5801 4859 8878 8763 4803 9947 4538 4374 6368 9553 51 267 5279 3713 504 1887 6749 1908 9340 6845 1304 
6795 4802 3109 625 1896 6529 2636 6856 9434 4294 4023 8918 7959 9414 2127 3427 9394 1607 3715 1295 1688 2438 8865 5783 9830 3686 2254 975 5712 2443 5330 296 1591 8613 5591 7155 4418 1103 7853 5558 8276 1210 7621 4691 4637 93 325 7260 276 8112 1239 2048 4995 6096 5563 8524 3561 6675 5407 8330 5372 917 575 823 5808 6190 1358 3420 8352 9029 3614 1619 2412 2987 2231 9718 501 4091 298 7867 6456 9678 995 7269 960 8502 3945 6703 2718 493 5818 4033 3433 5362 2128 7071 7788 4123 4229 1809 
1294 9347 4782 3600 2628 8247 3558 5469 6421 8922 4197 6593 5576 7411 6954 9553 8275 2443 6099 1528 5234 9172 3691 107 7066 8463 1215 4122 4922 8602 8372 6585 6692 7924 5541 6015 1493 8931 6532 5856 8793 3697 930 2788 6208 6687 6415 1714 3816 367 5038 9863 4553 7911 6038 4565 7337 4962 3574 3096 1539 5892 8282 5570 7839 1358 3819 6716 2048 5808 1413 2694 9796 4742 7447 8401 9833 7543 150 5569 5267 5749 7116 7762 9120 7092 397 4218 5220 8333 5641 272 9474 1637 1434 7094 22 2045 8563 556 
1973 8150 9686 5850 9267 3209 2704 4552 2359 1688 5837 6089 3971 7325 2507 4091 2858 4172 9601 3755 9939 6769 8945 1362 5478 1920 7261 3556 2660 617 4755 3353 1582 7118 13 3711 5975 9651 2479 8115 5841 9397 8240 4055 8875 3059 1323 2842 1945 9214 8494 6317 9205 1265 7508 7546 8307 1366 7143 1031 4092 8119 1940 3429 1180 5473 6312 7594 505 4963 7795 4514 3526 2008 8049 2126 6260 6109 1478 5425 5422 5633 4310 4177 919 6386 6846 2241 7779 9157 5581 5840 7183 1454 1883 3380 4087 6036 2415 4348 
6704 8604 537 7720 2309 9843 3173 6739 9930 1390 3384 7163 698 612 3280 9528 8419 8691 5514 7826 7853 7260 2308 4848 7314 9712 4945 775 4108 4172 6861 6591 1803 4142 8996 2015 9417 8863 6562 9202 2518 4162 7182 4125 5734 8089 4819 3278 7803 7440 601 9876 1858 1117 7978 5781 9851 1096 2433 8617 5023 3055 8470 1434 2020 9999 9627 5455 8096 5786 9964 2853 1230 2876 5102 4997 1180 6960 313 6250 8175 8190 8965 7418 6054 7700 4959 940 4988 7191 5408 4315 544 4642 8151 9305 5992 4919 9046 2716 