6553 4858 7984 9352 4536 1717 1597 1069 5511 5707 4949 5627 6269 8662 4587 145 6860 3658 3 4964 4891 599 8542 845 8 5534 1153 6462 2945 2740 4008 5507 7928 1114 7136 8061 4247 5576 2206 3787 8233 4943 7985 9900 5722 3605 5476 5156 6848 9496 2968 4351 7793 7142 4067 9800 1811 3192 3985 1195 1129 5706 4764 4575 1949 2213 1112 5584 4973 2082 2128 9097 5919 3908 7336 7910 1088 7845 9891 9619 6615 6140 7621 5085 3218 2649 9628 7502 5307 3809 8038 1800 5065 8616 2437 5294 9897 1384 3233 1671 
984 6343 1849 759 1146 8374 1385 6728 2616 5814 6329 7088 2043 6288 7800 3079 2754 8228 272 2711 7601 6391 8911 5438 9651 4232 1915 7418 4084 5196 2460 7313 2216 8038 3659 7674 7970 8232 8651 7716 1568 3986 1459 4606 4457 2661 1654 9969 8828 6362 4314 6072 2178 5533 9408 7951 975 9350 3896 133 7106 1905 8200 5427 7710 2792 3078 9933 9236 6017 4316 1289 8147 893 5227 6747 2764 3521 1194 1157 7824 1003 4475 1150 9569 1654 403 4824 503 7206 5033 8210 6082 9779 4773 6180 912 4590 7319 1833 
8315 535 2563 5355 4244 3921 1379 6548 9762 3199 3006 9067 7902 2999 1753 3039 7796 2655 8296 7848 6701 8005 158 7705 3525 9650 6564 9686 1927 6207 882 7010 6406 5910 3522 3660 2611 4736 1665 8738 6151 3913 1985 4457 9724 7987 5762 9300 4610 6830 1818 9940 522 5314 7015 2481 7368 3030 3078 2583 126 6765 3460 4888 5523 1335 8508 3166 1670 127 2730 4811 3277 4547 5388 6742 5104 4875 8194 2093 4373 4219 8528 8336 3326 1244 5008 9847 4758 6302 1143 4297 314 2900 1085 4396 9389 8059 7351 512 
8473 3894 7853 7122 6436 6061 2119 1106 913 8160 9357 3954 7160 3641 9830 4750 6333 8252 7054 2256 3725 5924 3688 6564 3564 1083 4366 8353 5530 7682 8030 8008 5280 1310 1831 7281 2285 6993 3320 5215 2936 3905 385 8276 9414 7740 5416 9530 3065 3435 305 5556 5603 3050 741 2411 8016 1187 2018 6402 828 8428 1673 5482 8246 2634 8252 8348 9605 2843 7949 1165 1447 961 7609 8222 3571 1837 8176 9431 7820 6271 1514 2289 6413 9992 6724 1697 7943 769 7300 5379 6504 7143 1948 6709 1246 3187 1165 7485 
2738 3046 9133 9902 5521 8238 1859 8052 9376 9225 7377 4227 1263 3307 9561 5356 3986 3291 7116 9805 4257 2431 3533 7455 9531 3480 8460 20 9735 8637 8674 4356 4979 4498 4307 5167 8701 1535 7808 9544 4831 7261 4732 3851 1733 1958 6718 239 5806 1559 3136 9295 3971 1406 1112 1433 3963 2175 7510 973 6284 6774 8311 2786 2668 5889 8908 1119 2137 2315 9992 4150 6639 7321 8071 9507 7595 1193 2908 9854 6830 1077 1556 2565 1550 5175 9785 4148 5430 3016 3250 1009 6173 5822 2203 5627 7898 9587 3811 3123 
6724 6091 3555 6650 3469 8299 1591 6121 3825 2817 9883 4838 4930 6621 4564 1853 9347 6075 8712 3891 1698 7998 3716 6385 785 5369 8912 518 2453 6022 1962 4845 6237 3523 7412 2802 349 5303 1346 1894 1497 1772 8138 7540 2385 4975 4266 113 6779 8810 9930 2953 7585 2786 4151 8560 7014 133 1433 9324 3729 3169 8725 9339 5822 7160 8573 5226 2946 6306 1384 6580 6330 4750 6463 2581 1124 4554 2165 1217 6741 4396 7342 1914 3647 7770 4101 8434 7367 6881 2895 7044 8120 432 8027 1672 9522 2970 6536 5811 
3267 7513 2993 4506 9026 7359 6517 9854 7857 3009 357 8286 5909 5658 5492 6743 3072 5299 8773 2848 7493 5247 3366 1243 3085 1698 3233 1246 443 1107 1415 6867 3377 9042 6214 8623 1960 3580 1536 5057 656 994 629 6154 5741 2444 1517 5816 8552 1233 3996 764 511 609 1887 9779 5227 5253 2709 9715 7102 4747 7894 7588 140 5093 114 8540 1460 9302 7917 2346 2477 6195 5670 5221 4650 4246 8682 9255 6456 1485 4273 3824 417 3812 1926 3279 6070 1611 749 3617 7107 2457 5230 1719 1561 1883 1355 9250 
4965 1309 5515 2370 8942 5081 752 5709 5774 206 3334 7804 8069 7060 4726 2130 4189 5773 6693 8527 2968 7981 6077 5700 3155 5909 2119 1106 9304 5889 8485 4447 8160 9357 7238 2090 5971 8090 5571 8589 4294 2768 6303 6679 2032 8601 1296 2085 6308 9076 4497 800 9788 8033 6427 1654 1924 1611 2107 3935 4457 7150 2107 6458 1653 4374 7495 6009 4039 2498 4314 2371 2522 9598 7087 9674 348 967 6526 9523 127 1230 3396 1835 5941 3013 186 2420 485 7558 1130 7083 1294 6162 8367 2267 7620 1533 3202 2622 
2770 1137 5970 3671 8958 906 6578 6913 5967 3406 9889 9686 1695 1525 979 553 6992 9661 6847 121 7537 724 7251 9459 8171 5503 5587 7446 6597 1626 8099 7287 6360 9151 3898 6661 1506 2109 8328 8803 4992 9848 4368 7872 9981 9416 4097 7159 4425 3022 4562 4543 8195 5723 3701 4367 254 4170 1162 7447 7823 1845 4621 8166 5178 1437 8874 2836 5888 9946 90 1184 1152 2217 8168 9379 3988 3626 2126 60 7695 6341 3413 7596 8479 1511 7783 2419 1210 3360 7656 7268 324 6400 5762 6536 2222 9533 8336 695 
3835 9658 1304 1188 5966 1087 3201 8262 1597 5953 6649 6236 1574 7869 1622 3069 2372 5686 7358 4428 9791 6397 618 4837 6606 3131 7451 1087 4200 5603 4567 1020 5153 8594 7807 8514 2431 4421 5340 2948 9141 9313 8069 463 3828 3884 287 9752 4708 3811 6909 3577 5685 1449 3525 1083 8885 1087 5148 6995 1902 8055 2066 4456 4959 3365 8236 1551 8909 279 4147 2162 4201 5337 6719 3064 4269 8858 2901 3610 8508 1316 7687 9373 9311 9518 8815 2988 3929 8006 6470 2070 9099 1101 9073 8822 5769 1726 3244 5421 
1390 5241 3286 8855 8855 1308 8325 3536 6279 2402 279 2162 3044 1450 2589 1441 458 6067 9461 5514 5055 9848 8720 3079 7585 2714 525 3119 1343 2280 8068 5760 3212 842 9124 4800 6416 4566 3414 9860 2777 2079 9486 6063 3113 6620 2937 6730 8497 1692 7386 2402 8260 6956 5417 8358 8895 1365 8319 4301 396 3541 37 526 5221 3517 4223 6267 5030 1212 3315 8136 9540 2533 7740 3615 3441 1917 9522 5851 1608 5625 7526 5570 6378 8977 5875 9432 4698 6080 6829 2455 572 3879 5339 72 9901 1445 4391 7481 
8531 3176 7587 7912 4736 4081 8374 2545 728 8063 6848 987 5964 6067 3765 8860 92 2247 2479 5260 7388 6892 1808 1270 9394 3985 1143 7548 6614 7612 8347 6794 4505 8924 1383 1528 4198 4643 5451 4258 8222 1030 5721 3484 7319 1410 7 2943 5953 805 7229 8151 339 2412 3868 1514 7140 9797 1596 9913 1634 5648 9633 2884 5298 2353 4508 4893 8100 3203 2923 801 8241 1701 4445 4469 5758 3665 5797 9780 8286 7763 9093 2190 224 3313 6687 5257 5941 862 5483 8517 3174 9008 1654 9345 8760 7010 2558 2914 
8434 7592 3347 4061 8875 6239 1562 5192 2972 4830 5520 8688 7860 9028 4101 770 8758 6937 7687 8014 5189 7333 8858 9862 7872 8312 3362 1400 4144 303 7785 86 2763 2778 542 8042 2123 897 4649 9636 565 5029 4857 459 7574 8032 9530 9193 6209 7844 1288 8582 6830 8768 6765 8894 3333 1109 9425 8423 6128 2547 7869 6358 2554 5663 1168 6477 3711 8534 1940 6641 9631 983 8500 5661 7521 1909 8234 9456 7326 5063 9737 9495 1404 7494 1032 2453 388 67 151 3192 8874 3375 5329 6120 8870 8715 6099 5540 
2281 3942 75 9802 9784 6750 1645 7843 792 4083 6481 8736 4148 2390 8254 9606 6356 3728 619 2277 6847 5559 3198 8874 1676 759 1450 6728 8432 9207 7358 9439 5814 7088 5670 9148 4964 9557 124 4313 8857 5529 6495 5039 9434 8413 2849 1100 6267 6215 2125 9235 8582 4805 5688 6720 2883 2477 3615 8117 9086 9051 1645 2706 2610 1304 7850 8932 6243 4130 6381 621 3990 7630 9093 5458 4477 1302 6131 3831 4623 2066 8583 8754 535 5953 9936 1247 9974 523 9198 1471 2102 9341 7350 6750 435 4539 5050 8436 
7517 2195 7624 3319 1874 1544 9121 6305 275 1689 9101 7605 7469 2191 3928 2733 5889 7234 6954 1413 5740 1869 5019 983 6395 3823 1944 622 2214 5491 6807 5812 6247 3152 4098 1622 6102 8433 1191 5945 84 9471 6200 7355 8277 8361 2167 4316 3595 7028 4067 4477 226 4002 7125 224 7346 1268 399 532 1046 7896 1500 2086 7645 1999 9242 8064 2006 4001 3369 8146 2380 5557 4982 4888 9313 6379 3782 9481 8096 6242 6133 2551 6097 6998 6835 6149 8880 647 4640 4400 2000 780 7635 3921 1930 4713 2589 6823 
2896 2377 4298 7254 5373 8540 2090 8743 7685 8417 3317 5594 9989 7175 1839 8515 3643 9573 6677 7281 4552 1002 9469 8698 7947 9730 9422 4892 6993 6302 502 2918 7303 2941 5170 7098 6443 504 1581 784 4626 1209 6504 4440 3948 5426 242 7752 8961 3159 6873 1214 9669 5179 2892 9195 7146 2314 2201 6040 3343 5463 4113 9939 2462 637 1224 5323 1471 786 7128 9548 9936 6334 8061 644 5255 3984 8515 9606 6356 5587 4368 849 9690 9231 6324 9617 3279 6600 3542 8193 1534 8764 4640 3752 8402 4768 7541 7818 
2533 8452 8438 8397 4805 9241 785 4905 4975 3772 4606 2391 3765 9352 3348 2922 8034 740 4167 5862 285 400 3333 6923 5842 3384 1054 6472 5848 9759 2853 1285 3656 3465 8641 4770 7213 2768 780 9985 7090 6873 3828 7622 2217 7210 3379 8821 4778 490 3258 3533 3519 5859 2514 2980 4686 1388 2885 1979 7705 4000 6211 9072 463 9796 6271 2610 1827 7951 5176 8968 3861 1435 239 7614 1928 2439 1926 2139 5355 8374 9987 98 7522 5295 6035 1662 3801 1626 169 4817 7464 1101 6396 8176 876 9638 6796 1777 