2328 921 5966 2024 5953 6404 2249 442 5631 6306 740 1679 1511 448 1892 3310 1665 2672 7276 2707 1586 571 4921 3892 7371 4534 395 5263 5710 7921 6042 2515 2014 5391 9840 743 7775 6113 1439 9502 499 1070 8282 8441 5188 452 3946 5766 6905 2152 1901 6028 7468 4319 7691 182 8474 1723 4569 4630 4618 9888 5948 3033 9355 8795 3866 2225 8873 9771 6813 9947 9745 7799 1453 9426 2749 3893 8045 5371 4691 3515 5587 2916 6604 609 9710 1984 1379 790 2076 8227 2484 6193 6979 4580 6420 1091 6424 5901 
2077 3439 6882 6097 2127 5320 9019 4021 6275 480 5622 2978 715 6492 1286 756 2841 6328 9176 2715 2268 8709 9813 8722 59 8664 810 2697 9025 9862 8482 9695 5010 1151 1361 8523 8014 2706 3334 7098 3873 3781 3749 4560 6406 3826 3680 2117 7831 2136 5663 9547 8868 3464 3268 1102 8308 681 7603 5249 3598 4370 3044 7516 493 4190 8218 888 1318 155 3098 2939 5493 5312 3135 2447 3353 3572 3950 4668 6338 5041 9509 3775 9368 4832 9927 2529 2928 9385 3504 4149 9487 6664 4950 3650 6005 4146 9628 4351 
5931 4505 2204 6761 6838 9802 283 4346 3315 9832 9081 8724 9428 8052 4726 8163 4768 2508 3315 190 9189 9522 1441 4297 4004 107 7278 7220 9315 7930 2080 459 4747 7849 8886 8404 5478 1837 6184 9350 8989 6304 4760 6291 1472 873 1069 199 6939 2887 9267 1774 4753 1735 6684 7868 7595 9780 3765 3954 5762 4927 3327 5536 1469 906 2893 9985 6818 9166 6795 1137 9636 7070 1751 5598 936 2396 9176 3195 3158 9046 3765 7892 3486 192 1504 2118 6726 4250 3289 4327 8350 3983 2597 8422 5761 2024 1134 7803 
1903 6334 3379 3356 3716 7052 6728 753 6018 6747 2143 2980 9407 3441 4882 6006 9841 8212 9573 9458 2065 1247 833 4879 9369 6278 2953 3158 1532 8074 205 1874 4763 148 1038 1714 1088 5256 6359 7177 4324 5243 6615 2519 3490 780 5519 8881 5040 4502 3869 7516 1271 356 7243 9688 9522 181 7236 9166 2948 4472 5257 4483 3138 9482 8464 9948 6284 2199 900 9154 8065 4234 2198 5193 6234 4733 5353 6395 1335 5319 25 5980 2521 2353 2190 3551 2107 4292 5041 8586 13 7893 1390 9704 9124 2953 1877 3189 
379 9204 395 588 1699 8091 7747 977 9206 200 984 3926 4690 7024 394 2685 4820 413 7089 4177 8184 4858 248 4852 4724 1062 1483 825 5390 334 8904 5336 4845 1765 4535 9413 1325 1005 9478 1916 1219 7091 3463 4691 897 225 2736 769 9820 148 2086 6697 4480 8253 8569 2761 999 8510 6664 5784 3948 1394 9959 285 5376 33 958 8699 6278 7937 5989 5194 4722 7655 518 9467 5362 7071 8240 5350 8036 4229 1809 7573 1294 8897 8182 8923 5964 3558 4139 8775 6421 8440 5141 8932 500 725 3041 6599 
4309 5576 8005 7411 6954 3134 2992 7295 5608 1618 491 1707 6348 6847 3432 4349 8092 5884 7624 9412 5760 7664 5814 7466 1358 3538 5808 7329 8164 2307 150 5267 6279 7116 1356 4861 9144 8973 7371 765 1887 5884 8034 436 9672 1390 2087 8945 1446 3158 5629 4014 8086 7411 3411 7802 7682 2031 5736 7790 9469 8878 5314 5308 538 889 2123 3357 4633 1480 9637 9561 1821 5730 8687 8677 9282 3894 426 4908 6218 2752 6693 8337 567 3063 225 3009 2077 9198 9240 1688 2992 670 8532 6548 7104 8234 572 2924 
1279 8452 8212 248 4405 2380 7034 6843 3851 4207 7371 7472 8207 587 4790 7906 110 3226 7483 9717 6719 8445 8573 1878 6665 1021 9985 7234 3852 8079 8950 9262 866 7006 5332 5567 6774 4865 3591 6400 2828 6769 4058 6485 9757 4186 6547 2682 2100 8870 2750 4678 7866 834 3716 4754 8972 861 3780 7967 2221 6214 3551 108 4187 8247 1 3842 3692 9810 6379 6429 8359 7994 6630 6597 1870 1512 7373 8205 8741 1372 8586 8298 3287 3642 4862 8283 3200 6003 330 6858 7308 8088 5518 9921 620 447 6981 3464 
4788 2642 662 5669 6454 6354 5750 792 5560 4652 6320 3596 6238 9904 6475 2458 8334 2928 1907 4075 9237 9418 5039 7885 5006 1662 1847 8800 5053 9593 463 7763 6680 679 2500 1083 8885 6707 7816 8055 2066 1382 9998 1190 1551 6185 1075 2162 2257 4701 3610 8508 1076 472 5517 2958 7774 6092 1288 9673 6300 5573 7667 9355 5577 5361 3024 9913 2335 5642 3682 7575 8276 5521 5801 2148 4859 8878 4803 7827 4538 4374 7664 267 737 46 4802 1376 7933 1531 7334 7382 8510 7421 8474 6943 4863 2592 955 9368 
6316 7565 3490 911 4800 6825 8783 6988 2887 1293 131 8964 963 2881 785 1764 1763 5226 8858 4567 3800 9503 5468 3807 6833 5525 3021 7807 3704 2431 4421 4059 2948 2601 463 7168 7798 3623 2082 1460 7359 7153 2389 9118 9477 5270 3752 3958 1687 9138 1603 424 2626 3908 5862 8120 5903 881 6380 7942 3741 3574 9443 3587 7274 9495 2350 2537 2385 6776 4576 1803 8131 7839 7853 6563 9689 7714 6147 7268 1773 1996 7098 1878 2938 1469 2945 8579 3295 197 2917 4862 2790 8364 5986 1550 8841 6866 2872 6971 
780 8261 7174 5595 7622 5926 8629 4955 3519 9016 8970 4038 3519 6385 9042 1910 6252 1641 8649 9968 2168 2268 8852 1012 9733 1518 941 5749 5531 4156 2383 6067 9217 4235 8124 874 3271 5759 8278 7153 7715 4654 8376 3713 100 2381 2967 2919 9094 2523 6080 4820 7934 2791 6852 1868 5364 7887 9687 5577 5365 6952 333 795 6417 6502 2608 3593 1478 3421 45 4483 3098 641 4099 2402 8210 3902 1999 7515 2241 8555 3754 1224 3019 8129 353 1766 8038 8178 1001 4289 3478 2874 9627 7276 6392 2168 2170 879 
5105 6758 8245 2280 9664 6487 7154 8121 9576 2332 5065 4584 3943 9643 4203 1244 7300 907 8168 970 8725 4731 1799 9291 3187 506 6275 3295 3726 1696 7726 3536 4066 6463 2146 6920 3501 8512 253 4331 7507 8493 7812 8652 2548 6065 1201 3463 4470 9117 2442 4002 3814 2943 3753 3373 7884 4523 1685 1638 2362 4805 4615 369 1740 7673 826 4580 5541 3725 4735 6738 6140 2841 6809 3187 4498 7140 5827 4560 8285 7344 2412 5470 6957 8071 1816 7395 6917 1564 4390 1333 6081 6962 2155 3761 431 4068 6454 8035 
2245 8303 9802 8099 1487 1548 5465 8380 1670 4870 3931 548 4354 509 836 6253 9608 6577 4537 5196 7349 9486 2828 6950 8466 6579 406 1466 5554 3440 3464 3104 6933 6460 8525 1853 6675 724 9988 1409 1194 6055 7134 8566 8081 4464 6874 5150 4436 6560 9813 6257 5658 6264 5006 2215 3517 9624 601 4921 4132 6659 788 4008 4384 234 3764 9721 9937 1491 5591 5289 8036 1800 9471 3898 7540 899 3065 6794 8406 2194 6191 1163 6826 9954 6971 7838 3853 9063 5939 9817 3240 41 4415 6609 217 5120 6013 8417 
1799 8024 4990 1532 4536 7020 7100 9609 9011 8154 121 1009 9135 2587 9398 5236 3950 600 1449 5289 1566 138 5729 553 275 6771 7713 7254 6653 8841 3368 2631 6241 6390 5816 1501 9076 348 8685 4348 4003 2887 4656 1293 377 963 465 785 3635 1318 4983 1764 7153 9149 3958 3775 148 655 9415 3490 9147 4800 6988 2887 2591 9468 131 8964 3635 8435 5314 1183 8478 8142 4728 6564 1167 8449 9642 5773 3015 9208 895 8544 4629 9616 1641 8528 7327 6075 8959 1774 5484 8517 7662 2547 1221 2578 3138 442 
6560 5077 9017 1859 8995 6177 7806 2871 9856 8394 5365 7411 2346 9221 9069 5058 3302 6382 2697 5180 2459 1271 4745 190 8346 8770 1842 8555 8776 7837 3262 8679 7993 2393 2120 4107 9219 9175 2477 5508 7153 6452 7275 7772 4155 7380 2449 9363 4413 3204 5015 4212 4870 2949 6244 5413 6492 3128 2533 8031 5231 17 2966 2372 1763 9935 9952 5403 3628 6451 9781 2597 2837 3746 9111 2519 6147 4346 3326 3278 4574 6593 557 8768 8483 2659 3643 5178 3915 3578 4982 1757 3976 7262 3762 7846 2624 9506 1198 4794 
8709 7439 1415 6317 9151 8573 2746 153 2849 2134 9455 4570 3054 1418 2018 7671 8117 9420 5521 4854 7930 5093 6834 4625 2253 5426 5894 6968 8248 447 2024 4576 3340 6599 8706 9270 5543 1756 1563 5143 3457 9652 5595 2191 7820 3924 3790 9063 7977 6020 2152 1773 4533 999 9347 6956 5700 728 29 2015 8146 881 3100 7939 6394 6567 9875 6599 7806 7370 5660 3733 3375 1051 3369 6004 5698 1460 7633 3766 2740 5097 2672 6442 7130 5441 9821 2468 7332 9730 6172 2018 6742 6242 9725 5693 2484 1339 6863 6368 
4251 6775 3521 1075 6115 7133 3710 7221 47 437 6940 9352 5720 184 3785 1303 726 6288 8583 6959 6730 4709 5855 7014 5726 6339 2362 4833 7695 6295 5748 659 1347 6448 7582 2774 8813 6318 9579 8548 2221 8595 1677 8367 8725 8248 8865 8589 8353 9226 1673 3442 7454 2910 10 1173 9526 7290 6967 275 8300 9778 2144 8790 5444 7613 3459 573 1682 7278 5972 2866 8752 4883 5075 1355 8200 682 403 2403 8698 4035 1686 2175 6425 2100 5831 5204 5184 7363 1403 1977 4522 5120 8523 7877 6522 2203 1488 3417 
5071 5356 1047 6424 1486 2974 2333 8895 6987 5431 756 5142 1747 265 8708 7482 9623 8284 5353 4428 1493 2992 156 7911 7757 2092 713 7862 8044 8885 8257 1296 3582 1347 499 8987 9815 3449 3416 9093 893 7773 8704 8519 3934 453 4250 6670 9986 5904 9446 8885 2505 1192 1125 4460 5131 3444 4297 1250 1021 5938 7261 6114 8358 15 7443 3266 7836 8194 3925 3301 281 8762 5673 2573 8976 8740 9191 7007 9114 6453 5241 2557 4223 6107 4949 9754 2957 5918 527 8345 2744 2447 7893 7811 2260 4294 7538 6916 