8079 6597 472 7427 2707 4100 8929 1485 9188 3824 3390 2736 3812 3279 5142 1611 749 2596 934 2530 6281 8825 1561 1883 1355 635 4392 5141 8513 180 5399 1560 5821 2969 2679 9701 8073 9824 4774 99 3737 2078 4551 1795 4946 2004 7733 4943 7132 4858 5336 5189 4902 3425 9031 5089 7786 7035 3479 6108 1644 5055 117 9434 1721 9274 6974 4293 9593 2807 6474 9144 6237 4199 3419 867 1457 5547 4532 9679 2528 4503 3943 7832 3942 8141 23 4414 5876 3622 590 9170 3414 4189 6129 1145 1260 7196 7114 6318 
5709 361 8907 14 7559 407 4145 5134 3638 7699 9228 8241 5725 9183 5466 91 2657 5837 3650 6607 4201 1685 1811 3392 122 1004 3076 7795 7937 6858 1655 483 7741 2884 3943 5528 513 7146 1307 6564 8652 5757 4910 5493 5578 9781 1372 6315 2121 8522 5408 8112 368 7757 6923 159 7640 705 4798 2788 5037 6174 5403 1060 4722 9598 1255 4301 4822 9764 7945 2437 8882 5943 8949 2744 5412 4420 5571 6960 8885 5490 5111 2504 67 8045 353 6698 9257 8680 2856 2212 8550 1565 9644 8500 1266 9053 9798 2203 
9201 4647 637 2895 5301 4871 4186 5730 4665 8424 1552 2136 7553 69 9867 9895 9821 6632 4389 3927 5923 5119 5252 2422 2524 8425 1428 1010 8000 7637 844 8992 4932 8532 7260 8651 733 6399 816 9660 2674 1157 4474 1954 7145 9996 5270 3655 5458 4127 6801 9202 107 8655 5947 1634 927 4532 4649 6334 2797 5425 6913 9254 5763 5851 5192 6864 9803 2505 1763 5972 5367 9692 8109 3873 1409 8288 9488 5220 2220 992 5590 3013 9057 4355 1370 4945 1216 603 7679 5685 6821 1637 1813 1181 81 7207 5805 109 
806 9304 4639 9685 8672 7312 486 8320 297 836 2597 4825 3287 3745 9042 9654 4991 7472 6779 4090 6847 6225 4696 3310 6823 8072 8163 2772 8997 3156 1167 4381 7557 7768 4645 8087 3616 1640 5851 2167 762 4460 4241 18 4641 7906 1565 2920 4628 907 9850 6770 1749 695 3389 4806 646 6781 3831 3376 8026 6938 1366 4287 3916 6543 3133 1685 1841 7132 8724 7894 2942 905 2227 6374 5854 4488 8912 9891 183 3542 4174 1299 8657 5043 4503 5425 5448 5243 3358 4413 4658 4293 8854 8318 1637 6453 9726 3753 
8323 8669 9036 4242 771 8061 6840 9161 7873 7593 3681 4624 8589 1906 3373 2527 3870 750 6661 2700 1188 7514 2647 5594 5803 8001 8944 8660 7033 6726 8013 4733 5553 9191 3992 6237 6441 2176 2332 9149 332 138 2581 9550 8446 9195 3165 4306 5523 2280 1407 8374 990 5787 3954 1630 6483 5115 5910 4559 1626 8968 6837 8367 779 7464 1101 7463 4318 3383 7598 9584 9919 7047 3001 1667 1906 4175 8276 2774 6348 735 9997 835 641 623 1852 2154 3955 9537 9737 2136 7394 4512 4733 3206 6121 491 7296 3806 
5160 3961 9793 1354 2631 5995 9924 2746 8959 3505 3879 2614 2705 6886 346 9824 3251 5270 6555 3363 8380 1331 9264 6065 5982 1262 3335 836 9878 8986 679 1828 3400 1361 1742 2964 9862 2902 4197 7094 3729 2970 2572 8195 9633 3474 8141 9472 4925 2400 3327 5405 2304 2711 8005 8678 6544 9414 4339 6093 3657 7849 8260 7715 6913 7647 2135 6475 2568 5013 2043 2107 2392 627 6458 1653 7337 2984 9351 3859 6550 747 233 1592 1983 722 4481 1514 1113 1054 3037 3331 9258 2210 8640 5880 7952 1348 8431 8114 
8939 230 7630 8492 7388 5607 6590 4151 8990 2454 7949 7678 8 9209 9754 6555 4794 5076 8954 4671 6368 7206 4302 9463 9303 3932 5648 5349 1718 9388 854 6488 4936 4132 8928 1214 4347 9779 2378 3790 3246 506 1720 1775 2141 3699 4122 7940 4662 5943 7894 8080 2280 4692 6736 5728 6598 3800 4753 4207 6698 4801 2207 7071 9941 5848 4397 5958 4294 6588 1778 9501 6498 1949 2597 7707 5800 455 7576 9823 7102 2328 3188 7507 9254 2626 6058 3232 9676 3934 9055 8911 3063 4275 149 5052 9850 2087 824 7255 
8389 3441 8663 124 8092 8521 8173 1858 8523 9890 1023 8338 5417 6650 9864 4813 8431 2510 6601 7867 9384 3342 7747 3489 6436 2376 9613 3167 546 552 7034 890 8134 9111 4121 5952 2021 4010 4312 9386 8546 6153 7014 291 9681 1306 2340 274 375 4998 5552 2473 3133 3069 1118 6949 2425 8085 1005 7769 9069 2431 6825 1975 5905 2945 7028 2868 714 2999 1257 8002 2167 8821 7603 5028 4543 1548 4126 442 2645 1277 609 8767 4594 9776 1927 3925 9653 6533 6981 6976 3221 1040 4362 2110 1551 5124 1178 8921 
573 2630 3044 1669 734 7073 158 5841 5834 3525 6564 4063 7010 3660 8094 6929 1651 9944 3445 9687 8537 3464 6695 5777 1867 8199 4495 447 8048 7585 4197 9079 5638 6186 9916 7831 9035 8887 3550 849 2632 4921 6524 1788 1591 3751 8925 634 4936 7070 9396 4251 6742 9483 6602 6151 9930 6843 647 7313 4862 5080 1822 8052 6265 7461 2190 330 1534 26 9278 7368 4257 2906 7847 9615 5478 7829 3832 5839 2218 5609 2356 7236 1727 7986 9590 3739 9153 7676 3425 820 4511 3342 5904 3184 9624 1272 773 4502 
6919 3914 803 3059 7654 2248 9667 614 8898 2242 3224 1909 855 8234 1503 1187 9434 1345 7935 4026 362 2613 9442 5636 2324 4425 4069 6630 4602 5417 2235 4582 773 3120 4997 4238 741 2154 2097 6376 3562 7443 4072 1841 5936 4472 8279 6169 1312 9129 1329 1753 3825 3344 3584 6435 8560 2569 2160 9824 6347 3126 5109 4576 3792 2658 7586 1103 9812 5284 9440 3292 5093 2783 6099 4827 1085 5056 3167 1456 6577 5738 8443 5680 7042 9261 1824 8917 3679 1957 7483 4069 6987 1978 4455 9447 8282 4580 6420 7752 
1661 5901 2341 7804 3439 418 6097 2127 5320 6549 8719 4318 6157 8243 9508 4274 5783 6896 5791 6603 2599 5631 2385 9352 1071 9637 7148 3160 5759 7120 8086 5826 609 9201 37 3537 2258 8102 9788 9333 3435 7195 284 1286 6721 9365 1731 1620 5527 4356 5251 8146 3367 5885 1369 2222 4028 5907 3809 4266 1629 1800 3596 7374 7949 4778 7872 1932 339 5428 7981 9342 3242 3085 1078 3841 4713 305 1400 9947 342 1428 3030 4310 3024 8073 9018 2906 8605 2102 673 8019 1366 2236 8531 8881 9950 4927 3620 2092 
9623 166 6524 2826 226 5188 9309 5224 3047 2422 5759 4123 3005 1695 755 4489 2529 5967 1936 1983 2225 4207 2155 9681 9976 5976 9728 7579 8899 8735 7790 9510 8314 7645 9282 4093 264 7791 7048 639 2251 7582 5337 5025 7649 6271 8918 117 6178 6248 4726 3418 2581 9013 8484 7319 8765 5871 8538 6932 4787 5955 8138 8213 3577 6646 6175 8830 5477 831 1834 8653 7216 153 4964 6850 1633 5784 6048 5976 7433 4284 8443 7331 7208 4571 2274 6409 5580 7924 509 1366 8262 7693 4291 4942 880 5696 3930 3875 
5120 1642 2780 501 5728 628 3213 2194 7664 5110 2649 4359 5728 6767 8090 8759 4471 5998 8972 8488 4027 7033 1437 7639 7484 6202 4438 7702 8460 3273 7951 2473 1340 1362 5468 8299 6980 8318 2154 1641 6453 2264 4030 7311 8331 2560 117 6840 5708 7873 4324 9269 6908 7646 734 250 3681 1954 8118 5983 1691 1578 3997 4922 4878 6985 6062 1509 8860 5746 1148 5439 4031 1999 5765 9371 7646 4599 7134 3519 2349 7261 2769 9342 4427 2197 5231 1433 250 5875 169 1093 3058 7677 8859 7669 3195 1773 7377 7941 
7881 4068 6524 8963 6066 6632 7889 3548 233 3196 8439 7938 2676 6474 3286 1813 7081 6233 3928 2466 3008 8434 1960 4863 2766 6877 9415 3149 4432 1611 5858 7869 9058 2372 4157 1077 6450 3750 8897 5689 968 3737 7664 9237 911 7313 6825 8783 3647 337 9468 377 1548 6448 963 2881 9361 465 785 6995 1318 1680 4983 4857 4218 8727 9472 2346 2549 6315 3811 5863 2054 679 6119 4091 1050 4936 8146 4097 7456 6613 8551 3755 5823 2650 1254 7933 3951 1531 8851 3830 8978 3893 7382 9573 8510 3951 3311 5664 
2963 4141 9968 9632 5100 2551 7485 8955 7846 9920 970 485 9485 2501 1544 1307 4981 6594 8157 8103 8282 4182 117 267 6496 99 2061 9172 5298 6520 7769 2088 6131 4195 8335 5169 4411 3095 7761 2142 4443 5407 7782 272 9037 118 9449 5510 163 1259 5213 3374 5144 7779 3444 2762 1958 9063 4350 9693 1520 8324 9667 9249 5048 2119 8413 1690 1947 1183 7156 3898 5780 4475 8576 3374 8017 8424 4076 2252 121 125 140 8262 6144 6776 1746 1824 1082 5607 3569 9496 3650 1868 7031 7158 2811 4955 8758 3531 
3365 3128 8307 3793 1732 266 8528 1924 6100 5412 3481 3534 1020 3402 1022 5270 4532 5577 2344 8933 4617 6495 1423 4958 60 301 1186 1271 9997 9910 7550 4839 9254 5762 2257 9796 4565 1411 7635 4354 4601 5571 6051 5305 2087 1522 4073 4996 1827 2705 5606 9906 3891 715 3775 9727 2336 721 4766 7531 8300 7498 7361 5155 6778 2777 706 2879 1467 1800 3460 1507 3374 4945 7253 3769 8646 3960 4293 8895 7253 7874 629 6484 3308 5970 7952 7051 1813 6104 4158 1394 2655 9775 7160 286 6991 3176 1206 1114 
985 7946 4032 5093 2310 8436 3242 5526 3491 8159 537 6264 388 7988 6482 5504 573 4615 133 4680 7732 6401 5651 2392 4634 7468 7736 6048 9592 8595 2642 8838 3612 1863 6543 8090 627 4934 3678 5484 7830 4917 3515 3667 9375 1658 3188 5024 4449 9791 6212 2730 4348 4949 8690 7072 7331 26 1697 5336 6954 5574 9133 2832 730 2427 1725 9085 1628 2765 8307 4733 4167 5962 8727 1778 237 1759 2977 7556 26 604 7721 9490 685 1589 2591 3716 112 9229 4805 5378 5413 1274 6899 2848 7719 8405 7485 670 