726 9308 7313 4721 5080 5653 9480 116 1569 2476 9865 4372 418 9797 3658 3851 1670 3552 2937 3586 7667 3882 9557 124 1933 4313 2994 8857 3283 5039 529 5160 9434 2849 4166 5120 9111 9235 7788 2916 2551 3310 2161 3261 7948 88 6303 4567 4688 8839 8736 3634 5675 2290 7439 700 4419 1634 3524 4589 1513 2147 4953 2344 6550 7225 9598 1411 3564 7376 233 4440 5864 3332 7390 621 4562 7828 1863 3907 9344 6683 3570 8455 634 8761 3599 7553 2885 7065 1761 4010 1186 7530 9300 6194 8808 3957 5590 61 
6388 7717 353 7220 5824 9195 5785 106 6605 5404 3077 3042 1469 9467 3411 7060 9800 1537 4050 860 3172 5702 7662 6049 2508 8448 6156 496 4005 6115 4061 6826 7791 4225 187 9045 5228 6765 5495 953 6262 5685 9079 8948 6582 6116 6402 6350 562 194 4237 1045 8459 3527 3156 8865 7852 8441 6978 1624 9439 5945 3094 430 8840 6526 3002 7565 3020 8857 1255 8389 6715 2008 1725 1095 5294 9212 731 4741 555 4854 5623 8054 403 7234 6739 1779 3293 6467 7937 6053 5096 3486 7069 5913 3681 9653 8872 3161 
783 6358 4838 7988 5542 1101 4042 4352 248 8928 6063 6071 391 786 8255 9334 2297 2128 881 7839 50 1738 8488 2124 8872 5455 7457 8737 247 2376 8712 8698 8748 5757 392 8880 1004 8859 8236 6362 1086 6052 211 9641 9194 7553 227 8956 3178 534 1185 4006 4758 9976 7497 2805 1120 7187 472 5581 4943 2346 1311 593 369 9270 5354 8004 4981 5316 1141 8246 4433 2076 2628 778 9756 2531 9875 8685 8776 9185 3024 1943 8284 5920 8745 3990 6425 1553 4319 2499 6843 4274 2518 5293 9589 4958 7824 907 
2761 6029 6172 9644 9562 3184 9171 7047 4501 3401 5457 2943 4308 4447 7249 9571 6389 7844 333 3349 396 469 3485 2632 9666 265 2171 4154 6060 7751 5093 8246 443 9251 2279 4617 6560 2976 6708 2151 1251 4703 2444 1387 3171 3660 9633 4097 5376 9886 3821 1469 2279 5933 910 2770 9664 2845 5683 6777 2174 9837 5405 5984 9405 3483 7144 8440 3456 168 7277 1026 9698 5098 9658 1984 568 9809 9766 3141 6586 1940 6423 2446 3882 7851 9640 7686 6784 7044 2759 2927 9283 4129 306 5333 6316 7317 6884 7917 
2119 4942 189 4895 7388 3743 5129 1591 4769 7906 358 4172 9638 9807 6296 5141 2883 2612 5848 9938 4141 8851 7856 145 3886 5477 7773 3759 1107 5373 3781 8541 8073 8349 6963 4369 9842 6199 3333 5004 1159 4943 5300 4385 9151 4265 4530 3548 1773 8416 8041 763 3894 5814 874 7539 5975 7432 1145 4048 8109 4770 8327 660 8103 3332 8171 3637 8022 7321 7567 3851 6758 3752 6527 7904 5012 3340 3378 1196 3368 7651 1019 7742 7781 6647 300 9769 504 3161 9598 7651 2477 7823 1804 188 7079 830 6809 7113 
177 7857 5638 9593 919 3449 3268 9921 9129 5453 3000 6375 651 6385 6343 5886 3525 2695 3731 9604 9225 441 3497 3578 35 768 9655 2009 5928 7490 8165 2705 6132 7517 9081 1045 4520 7934 3782 3327 4277 6708 7802 4613 9473 9403 7991 2816 1846 3920 6658 233 9992 621 9999 4775 964 2660 7737 4802 6038 7888 530 7784 9652 5864 4055 2875 8452 2070 3062 738 9287 4244 1581 8147 4606 5182 9237 3753 628 1363 7416 5100 2317 700 5942 1575 5015 6449 3738 9087 2699 8860 6875 1366 9033 1671 4248 4447 
3409 1647 1369 8299 2592 897 4246 4857 3403 6868 1599 277 3246 2339 1761 1853 5548 6800 4416 3943 196 7478 253 5114 7653 1429 3111 6814 6893 2718 29 6979 6019 2673 8426 999 7570 6528 874 9825 4467 2770 3302 4280 5776 2572 4647 6774 7399 4756 9435 9121 6171 9777 275 2780 2373 3024 3089 5114 6228 7469 1852 8802 3928 1424 7234 6954 9348 3633 3601 5306 2986 2552 3959 7807 6822 5359 3715 909 3327 7169 9255 5155 564 4424 6310 6437 8148 1195 3243 1196 4062 3544 7886 4384 6821 6748 496 5008 
4203 3829 7052 4420 1833 957 9018 903 6346 5823 3678 8686 7999 1266 768 1725 1704 8037 8837 4684 9842 6400 5793 7991 5638 2387 6318 839 3345 7313 9101 3669 2204 9084 7823 8335 3113 5224 8841 9573 2900 5581 3646 3693 6406 3458 7342 2342 6108 5856 2167 2344 1987 9745 5874 9209 9085 3501 1971 1267 2747 2782 8834 622 5983 5268 137 8172 2087 1728 959 5259 3385 3654 3416 4496 7942 3943 3557 6328 1933 7963 5416 3557 2967 1711 6590 6323 501 3910 6508 1618 2128 2702 8982 4814 9131 6564 8068 8110 
8388 9457 4664 6228 2160 285 4792 7580 2984 1005 8241 9818 9019 5377 6995 3071 7750 1818 3714 5558 929 2295 7185 8948 5473 3098 9472 1207 5681 2346 3828 1470 1063 6315 3957 6401 2054 7844 2500 1006 1083 83 1153 1394 3170 1662 5456 7764 1728 3276 9842 268 1824 6155 2353 1430 9546 4735 6401 8454 1235 5875 2912 4803 9497 4375 2396 7360 2751 5334 9449 4260 7768 4936 2852 4841 7153 4654 8465 6358 8376 3470 8678 7111 6328 4252 4731 343 3848 6955 5400 3776 3755 2501 121 7455 5044 6481 7553 2374 
3483 1501 1649 6604 9359 4363 1152 3886 6624 3948 8313 5869 6406 4642 26 2551 7301 3174 7792 8092 7946 3621 7043 7394 7069 3857 9971 3241 8806 5560 6156 4663 2245 6238 1750 3391 207 6734 4319 9262 4075 2586 6874 640 318 9810 7874 4045 3732 9342 8872 4513 6182 1352 1878 5610 4257 3600 9646 8504 1400 4644 8772 8524 2385 2025 4096 1303 7254 9211 8722 8513 4278 5990 8156 1827 8201 5012 883 5830 9705 8249 7514 8979 7422 1809 4288 3099 5995 5612 9641 4767 5903 2537 8028 3588 2499 623 9865 9506 
3847 8906 958 4447 9834 4987 9332 9380 3321 3136 4008 7513 1277 4787 3789 820 1380 6258 3716 5180 2741 4596 9541 9012 149 4952 9936 8389 8062 2253 5850 9911 3815 6703 2656 4990 9485 6672 7392 4000 2377 4298 4122 6864 8119 5943 9642 8618 9486 2280 6374 8148 3501 6130 6451 6123 5869 4954 12 8308 7220 9393 4343 602 8374 9578 927 3822 1706 6886 6646 6155 8296 7510 8758 1472 6692 8783 7718 7261 1454 9259 9436 6763 8960 8144 6622 3288 8219 6060 9093 6131 3831 980 9813 9058 6257 1700 510 6597 
8099 5794 4659 9510 5553 9191 3992 6441 2176 6265 6992 2332 6901 138 3216 6946 2389 1464 7070 5714 8578 4876 3744 9607 4984 6740 61 1253 3006 6107 9524 3107 6212 842 1512 8713 9500 8067 4175 1945 5906 7494 5443 7200 9290 5543 9962 8162 3993 3769 7616 3638 1646 4934 6558 7468 4495 4476 3131 4006 7919 5173 1527 7600 1391 1565 4146 4974 1642 2315 2527 5966 3674 2913 9018 451 2035 1880 8782 9994 6983 4254 7361 3029 2657 7074 2444 898 9490 2304 8516 8196 3312 5020 7806 1588 4752 2846 8277 6182 
121 2553 2968 5077 2942 5336 6234 6080 4820 5451 1175 8511 4690 6486 1239 3915 5208 1721 3188 5028 5929 5102 9569 1285 6788 5804 3227 9890 4562 6426 6160 5729 3366 3657 1459 1038 4799 3276 5591 1208 7013 5278 541 4895 8132 8959 9809 2431 401 5922 4912 9733 736 8868 2786 5106 4364 9111 5033 1781 8274 3765 1195 2745 6964 4107 6795 2558 1941 5347 8260 7854 3194 2558 3663 4859 4975 512 5601 1655 2936 4841 6900 1686 9224 4140 6860 3491 8951 7208 8931 817 5506 5835 3341 4032 2395 6276 2988 6360 
4599 6015 8396 4787 2565 814 7561 446 6656 2321 3881 8730 5118 7044 3301 4653 4644 7345 1505 6264 805 8908 4027 2270 1439 4146 909 4025 1542 1232 90 1546 1562 750 2966 2970 7322 7025 7934 980 1354 6656 5351 3437 4570 9594 8912 4404 392 2403 9369 1321 8989 3044 9471 8183 69 749 4355 2244 4633 5720 9590 3027 5296 3369 3566 2281 9525 6685 2351 1928 2407 5451 1872 6596 592 6227 7157 3062 9072 2540 3637 3266 8567 3016 4915 1936 2665 8542 7255 4119 3621 5113 138 3222 4387 3600 3439 2007 
7813 9541 1653 1122 9882 9447 2823 3466 6365 4503 8865 5664 7433 5874 2043 8113 4348 3156 3465 333 5018 2869 4444 7023 7112 120 1689 8827 4297 5661 7133 107 7592 9966 714 9315 8127 5262 5031 2080 8551 3713 1118 4532 5204 6181 2065 8883 9736 8470 2385 2819 879 4328 2042 2107 6955 409 1921 339 9058 5008 1857 142 8878 5720 8727 4538 4211 583 1194 5700 6055 9849 7134 8200 8081 8784 6623 1310 2253 4800 111 7198 2662 4284 9934 2189 7858 7245 3067 1601 9121 4260 8791 9396 9012 1572 8939 4086 
5244 6915 983 9831 3505 5951 5276 5983 8772 8346 9780 5360 8524 2478 9111 3336 7944 6225 2025 7832 4788 4015 7601 7375 5506 6860 4820 7061 1216 2357 1485 2108 9796 4662 7874 158 5653 2140 1778 7182 8015 7085 7585 8733 3977 1800 6828 8187 6587 4780 8142 8249 1746 921 3538 7381 4067 8986 494 2656 4325 9737 8476 7734 140 3547 934 2334 7538 8358 1892 7982 6458 3511 7244 1245 3968 3240 7573 7427 9593 823 1927 9521 4714 8914 3248 2115 2049 6018 1550 5610 871 8208 9255 7802 78 9802 4792 7682 
6297 8370 949 5045 1890 7677 2160 7787 8545 6515 1349 872 1526 7253 4518 3303 231 3980 5991 5996 755 9172 2646 3411 9002 4057 7961 556 9304 5979 177 4513 1956 6280 3540 1263 6330 8382 5843 3108 5384 4906 3759 8445 6367 2690 994 481 4895 1051 9141 4402 1887 2549 950 3574 1127 3006 4911 4444 3404 549 8227 2781 9700 8257 7037 1263 232 3219 1153 9538 9546 2187 3118 9088 6401 9615 5875 2396 7314 8014 8804 4876 4268 1126 6049 3141 9983 1786 7196 5563 3777 1640 9241 683 1133 705 6895 8091 