1531 8851 2866 3830 8978 3893 7382 9573 7421 3502 1960 3393 8755 6943 8216 4863 2766 2592 6877 8587 7565 3149 5072 911 6825 8783 3647 337 1293 1548 963 9361 465 6371 7083 5465 9740 5897 1980 504 4492 1936 6516 4493 625 5823 1376 1254 1531 8851 7436 7104 9467 475 154 4916 8145 2064 5235 4468 999 8485 9845 4317 1810 369 3125 6276 3157 5392 2651 8609 4033 626 7309 1153 9418 545 9343 4452 169 3970 6660 9476 1421 6800 9180 7580 1189 9319 6785 1257 5002 4706 4705 4046 2756 2411 5354 9892 
3369 6885 4965 1753 7633 8682 826 3512 8837 6720 7220 1375 6995 258 7319 2034 6193 1280 7995 3911 2853 8674 8310 7601 9413 7474 9022 912 1855 5223 3606 4053 5670 8515 2058 928 5170 459 5257 1745 3650 1703 991 599 1784 5387 1310 8820 1662 3392 2459 160 4156 5364 4712 8327 7053 5627 5766 6265 7298 5118 6674 5076 797 906 5504 3319 6903 993 6974 6463 49 8710 9771 7744 3918 376 9739 1596 98 5686 6948 2430 3504 419 609 6608 4841 6354 8730 3098 7296 4982 5040 6672 1733 8566 8987 1150 
855 8939 55 4611 4074 7021 2914 1773 8490 1234 4162 7530 1664 1860 2648 813 8873 9836 3963 2171 5436 123 4305 5481 9543 7995 6868 7730 9902 4651 1509 6289 4666 2245 5942 2868 9009 2209 4402 7156 4137 6179 3380 7780 1165 4146 5373 5594 7976 7179 2928 7060 9748 8225 7570 4804 2797 179 216 3096 5981 1126 2560 1383 1528 5451 9447 7727 4258 7954 1640 8222 3161 5721 1693 1963 3589 3502 7976 5953 6199 805 7178 8151 339 7320 88 3868 1514 758 5101 7406 4788 5086 5038 3378 2126 647 3978 6872 
2206 7785 3716 4940 517 6928 8904 4735 3919 5063 8287 7260 741 1078 4928 3045 8393 4416 8818 9751 8446 6141 1126 3875 3024 4189 2727 126 9786 5999 3460 673 7382 3790 3885 860 8459 1725 4668 9004 1405 6445 9099 5243 7423 722 5383 1087 5942 8524 7357 1458 7639 9653 2081 1800 7743 7216 3715 1855 3626 7157 3117 8513 654 4805 1317 9665 4937 3827 576 2331 1688 6380 2669 7475 1308 1833 1644 2696 1927 6739 1741 4830 6630 6330 154 5869 850 8308 5222 5893 5845 5022 8374 5972 2503 2363 1927 5624 
3303 699 6591 3811 9821 4602 7426 2374 459 4927 2231 504 3638 9890 8016 6805 391 3520 1570 3944 7862 9555 4726 5175 8571 2708 3025 2447 901 4720 7314 2511 2725 2067 9433 3569 7066 1124 3776 8882 325 2842 3991 3773 7188 8727 9583 1919 8776 6382 9444 7787 1886 7940 7429 9640 6129 2216 6407 9768 7968 3470 6911 130 7183 6841 555 3886 6973 3053 2967 3865 6195 4172 90 1184 4865 9385 7345 5349 1351 5243 8624 8957 9534 5329 6606 3781 7554 5596 1087 4662 5205 522 1170 3271 7292 5099 2949 8545 
4387 8868 6962 1853 7088 9882 9913 3494 3449 3299 9193 2136 7406 5086 9589 1928 9930 3690 5337 4988 4181 679 2669 5646 1349 5846 3303 8503 3283 6197 4789 3591 7638 9060 6412 302 6493 2020 7561 7414 5695 5812 2505 2134 6103 8959 3960 4614 8902 5556 4174 5529 8577 3340 3483 1681 4762 2314 4099 9716 4160 5098 8243 8360 838 7050 2967 3280 8591 7442 6539 3537 431 3440 7566 4600 5898 3181 4164 2339 1424 4033 6173 6481 9521 917 8358 6858 4719 7672 4419 3921 56 9213 6405 6154 9800 7627 3879 776 
4004 669 8406 4821 6474 6101 2509 6233 9274 2556 9971 6548 3164 4300 1529 1925 7606 1397 2096 6129 8567 9449 1068 3085 1038 1718 2825 5556 367 1205 5088 8577 1315 3047 5381 7177 8455 1687 7878 3469 235 9270 2317 8879 6056 2941 1075 666 6273 2017 8195 9265 8548 1830 5315 4321 1206 8224 7893 8976 5790 1108 6407 5967 7299 7068 9855 1580 8471 7669 6910 712 6507 8172 7967 4522 3135 8559 5141 8198 2320 6452 9645 4365 5446 8770 7300 4684 9001 9058 6450 7299 2328 2661 3245 2043 9192 1676 725 1266 
6067 1284 7860 1294 8897 1662 4759 4782 2628 5964 5469 1247 6421 8440 5141 5966 8922 2532 3128 7094 3041 4309 8829 8275 9653 9162 6253 2742 7551 2649 2656 3894 6499 4527 871 8974 6589 3359 6758 2243 3424 2930 3826 521 7582 8618 3944 6886 3660 8287 9023 5211 2187 4656 7534 2908 5631 6001 7050 8429 4494 4108 1070 7711 2215 2991 3754 7465 6330 5228 5231 7873 5217 667 9541 9528 1852 367 8779 725 9021 1459 1266 6672 8331 1284 5514 7072 7199 7585 9 2378 2336 1199 576 9555 1713 542 779 7353 
8668 2620 8158 4475 7413 7989 3338 232 961 9831 2980 3997 3305 3963 925 3185 6991 1853 1402 7205 1168 7845 3104 8451 5060 5192 59 3090 1045 6491 1846 5506 631 8080 4431 8706 6535 5307 5229 2275 5986 1872 4284 243 5833 5607 9601 843 5477 487 721 8006 7625 3096 5022 3202 3984 1313 9838 1983 360 6122 4796 6599 3799 483 8950 70 6047 8030 3420 4474 8273 2842 9182 855 5430 63 3072 470 492 1702 8535 8144 7929 8389 3112 3377 1448 257 4862 7717 1663 5712 4627 4061 8555 5808 8382 7386 
9551 3651 8743 1418 3394 6721 7758 6528 5551 1985 7442 5461 5039 9165 9041 599 6151 125 4134 7551 3746 8842 2022 7476 6806 5972 5509 884 8121 4403 8831 5056 9279 7111 7027 4056 1742 6134 6822 1924 6454 1951 8453 9758 5526 3685 5056 2612 235 9367 2354 6749 8086 4939 7911 9825 8531 4676 1964 6136 3727 4264 8012 2706 7995 4255 4519 7124 5655 871 7657 4503 7826 8892 6033 8444 4179 6640 7347 7672 5247 5393 4242 2964 5764 9554 5587 2229 3475 5926 1147 8631 7640 7569 5352 9230 6023 2642 2488 6928 
8398 3380 7780 1165 8415 1641 4493 8781 7933 7382 8510 3393 6943 3490 9147 9858 4684 6825 8783 2887 377 7220 2444 4666 5972 559 9578 1927 3303 6591 6920 9917 9059 2721 1063 9784 6965 5976 9964 4249 1078 3608 8109 6240 4926 796 9856 1883 6436 6516 9628 3705 8171 8549 937 4058 6513 5997 7328 7043 4796 8950 3652 3420 4078 2566 6774 4515 7308 3497 6199 1612 7490 8643 439 6061 9307 6119 2773 988 8952 6760 2531 2168 9094 174 6429 25 563 5887 3542 6555 4054 45 2815 7425 5656 2797 6458 4759 
2909 9379 5086 1116 2087 5427 2733 5766 4558 3978 7371 8046 248 5916 9211 1843 2195 8175 7702 9482 2303 4413 744 9483 9564 7611 8668 428 9270 1684 6068 5711 1152 8360 7163 482 580 4585 1062 6060 9035 6605 5184 4590 7478 7805 2518 8831 7492 6766 2353 8431 6635 6193 1920 449 5435 2578 1612 6030 7690 1348 2432 3794 8329 5477 2450 9537 5954 8473 1934 6146 8380 3727 7854 3536 6137 8753 9856 9504 3780 7723 1289 9071 3721 7217 9217 2051 6126 4694 845 8195 3988 3658 2927 1184 9900 946 3129 7787 
866 5190 1819 6721 2893 9857 8829 8754 519 979 8307 8879 5992 4604 7976 5180 6679 3501 3886 2967 8899 6655 6279 7145 4793 3125 6512 863 7066 8488 600 8879 5053 5268 5355 7763 5678 9093 2987 2190 5806 719 2872 5162 2650 2089 1032 7490 8782 8090 6970 4723 78 3164 3646 8925 8800 4424 5173 5625 6955 316 7578 766 795 2277 4547 2708 9484 9428 2246 6098 6902 8429 3326 2322 5688 6644 550 2334 7561 4567 4998 9124 9933 2827 1424 9584 5264 4970 5600 8697 3161 5418 8456 3040 2293 6733 8863 3319 
9334 1440 1476 2538 1929 1780 8513 3728 1630 4246 7475 1891 4058 7917 2261 5909 1349 3963 5674 4104 1533 5828 1777 9481 7352 8577 4052 8915 4823 5652 4487 7953 9891 3839 8943 6006 396 6732 6181 752 7049 5475 4902 7042 5180 1914 847 9930 2874 6135 6265 3393 4753 6565 1144 6841 198 4948 5115 6916 2456 7386 1861 9175 7157 2519 2065 6720 6510 8592 7732 3730 713 6415 8480 5200 899 2956 6730 715 7996 5962 1118 2750 5272 5121 6291 4588 5190 430 4149 2756 3181 6823 8380 16 5085 7841 6827 8386 
8125 2155 9143 4711 3461 2777 7370 4246 3403 1599 2565 612 7319 1945 2842 8549 9460 9882 3494 1913 2777 9149 544 2489 5123 3421 5379 4969 7149 5961 5618 967 3937 1342 6129 5679 2061 8085 4862 4230 6880 5653 5920 4006 2849 6935 149 1312 6576 479 6198 1702 1119 561 1737 870 6916 5325 7483 5147 7713 8193 9917 5780 7000 3353 9766 6700 3007 2950 5554 2873 1626 3912 5091 2311 355 3474 3201 478 3485 2787 8337 7587 1210 5565 9017 7723 9159 6584 7681 6709 9785 5643 2824 263 958 100 6624 2055 
9240 6197 2355 8625 7663 2988 5928 4910 200 2651 6784 9360 2094 9537 4226 5846 5990 7202 7902 9751 6609 9159 2903 4298 6039 7286 4697 398 5959 1493 8377 4144 4828 305 4745 9843 7500 591 4845 7415 1454 5533 4076 8834 8280 6066 2321 701 8808 263 5615 9150 7175 4856 5125 774 5151 6170 3189 7152 4681 2576 6730 9051 7428 4639 8142 7226 3396 4465 8514 90 2017 4880 7548 527 9084 7765 1018 9707 9513 9355 3615 5139 1358 9537 9945 8957 6461 3829 7458 4316 7657 9861 6618 8674 4533 371 4227 1685 
8236 1466 9603 5965 3805 2300 5301 7725 1935 6825 329 4166 8597 4968 59 5319 7254 1681 4725 3135 8548 7129 2530 5572 891 6774 9013 7250 4074 663 9139 6828 9063 1121 3920 4346 6487 3278 4574 5147 3352 9092 6445 3153 3677 9527 2870 8192 6534 3446 7699 538 8726 8702 9927 8078 2952 9897 7101 3381 7528 9514 7824 9700 845 9925 2315 7679 5940 1862 6700 3886 3509 7054 1583 626 2180 2707 9904 5675 6721 4495 7423 9401 1478 3794 39 331 6944 6905 7392 4954 9774 4270 8225 4350 9703 8500 9594 4456 