6506 3608 8467 4310 3871 6415 1816 966 593 7543 9814 543 6319 4747 8069 846 7203 1334 8186 6896 3893 9382 1415 8364 8830 6789 1372 4940 9888 8600 2701 4697 7182 232 6728 3739 4495 488 9156 9212 8841 4338 5631 5547 1725 487 3244 9546 5439 5277 3953 3133 5036 4962 8571 5275 1546 8355 1637 9271 9202 2126 4779 8414 7319 5470 5343 5584 9694 7712 432 4167 5702 1055 3545 5755 1780 1271 2581 6669 2891 4703 1053 1502 1934 3986 776 6041 2900 2216 1568 8342 5964 5702 6756 8225 9919 7926 7047 3967 
3709 2744 2260 5424 2546 3388 9024 3019 2724 7835 493 2412 1056 2358 9659 8444 7591 9969 3650 511 2477 8916 1004 3613 7680 706 4147 9125 6718 3176 6438 675 9119 5859 8756 4304 4486 2272 4164 9035 2783 2993 4303 3787 1984 1928 7628 9042 6075 6753 2112 9251 4903 3929 7309 3339 9665 6428 5550 5696 1537 1 8295 1079 9038 3146 7729 6124 9841 2757 5106 4436 1124 6338 8032 3173 9342 5054 2485 4858 3704 2565 3202 6646 5743 4852 1411 4724 2535 1062 2150 8909 6449 3973 2089 639 1670 2251 7582 636 
1622 3853 5423 7094 5118 9301 8137 4642 1591 2803 8630 4838 9379 1287 245 3265 2700 9830 1768 1976 2162 5574 389 5110 2392 7964 9440 7424 4841 1964 3631 5742 9959 218 8966 5381 4474 358 856 8637 8683 3780 2052 2753 956 2906 2582 600 8973 3058 2123 3319 7677 4422 1698 9224 2798 886 2241 1142 7483 5184 3891 9600 1237 4545 7929 1558 9719 571 6061 2922 5468 2033 5291 3936 6014 4081 5646 563 1071 7776 15 2381 1621 477 6665 9827 4729 3357 314 312 9618 2689 2198 4916 68 6439 9126 6421 
6170 4177 7506 5679 8085 8318 3887 5586 8000 919 3466 4595 3446 8764 1070 5938 2046 2461 8489 3836 8037 1074 9563 7300 4503 4983 9227 4063 4034 2665 1020 4818 4447 1226 1987 8371 2171 3152 1634 3105 2448 6187 1176 1983 1932 9234 826 2113 2703 8056 370 9107 432 6909 5043 9373 1716 6359 1562 8287 599 3777 3948 6394 75 8006 7379 3019 9970 1881 6621 2531 2165 1335 2286 6540 1143 2747 7107 1886 324 9042 5474 3475 7367 7167 9545 7577 3923 2074 2931 8571 3389 8558 1867 5437 3236 2946 7678 9314 
9619 5533 3349 5649 9512 2758 5192 6904 3628 3115 1248 2451 9968 487 8565 5636 9306 463 6628 8783 1978 9440 7613 9562 6026 5712 9657 4997 4073 8379 4342 7589 1982 10 5111 5046 2362 8464 737 3889 2452 7909 9243 8950 8505 1860 9561 9374 1821 4929 319 5730 4282 3232 1023 6225 4096 4631 7058 7242 8652 2226 1199 1037 4386 9204 909 6408 4555 562 3089 8124 7893 8363 8111 874 8382 9844 3271 3232 8991 8465 3660 3470 3943 3713 5222 7111 3190 3848 8050 9509 442 8170 2575 5065 3495 886 1028 4604 
8449 3929 2851 5395 1864 1063 9234 1892 2064 6805 4093 9000 4185 3402 2772 1585 6493 6690 4738 3977 6101 6032 1129 808 2703 5052 1015 9465 8792 3083 6077 2027 4626 9878 7987 1370 2938 4966 3949 7062 14 1407 7929 4603 6755 1190 2631 1214 6980 1367 9412 8490 2502 3802 9817 1235 3588 3891 2338 9904 3256 1683 6740 6298 2586 1556 4615 3406 7065 9108 6685 4583 7840 1669 5168 1908 438 4579 5655 7739 7275 4260 3121 5813 7671 4442 1845 3349 1055 3458 1132 4866 5095 2494 4659 5684 784 6693 4944 8337 
9480 6495 7347 6587 6465 8197 835 8943 4579 8252 2186 6390 2702 8564 6702 74 5323 9367 4562 1411 8624 7826 9850 3114 6458 2072 8484 8007 1997 3238 6708 123 1061 3025 4025 7029 5562 175 3235 8019 6798 8508 8830 7921 9809 4428 5962 3461 973 6158 5232 4176 5001 8415 8424 5184 8549 7066 8876 3251 3081 9403 7613 2380 1625 3424 7440 4335 2325 7728 468 9055 7813 6123 1860 1849 4901 1878 8265 1219 2370 7206 2948 334 1965 6765 8925 1503 6901 7931 3194 6390 208 4824 8695 4422 2968 9412 7992 1401 
2811 1194 7856 556 4562 343 1117 7015 1508 9115 6993 6431 6914 5243 6708 8415 1233 780 6139 5871 7130 176 6983 4007 8791 7443 2916 1620 3968 8181 8279 8546 2656 7932 5979 9200 1729 8702 7740 9773 5949 3667 2073 2349 2501 502 8357 5586 3031 3313 7763 6960 9261 3559 2896 8821 7178 3230 3061 1690 5649 7313 3922 8766 1567 4378 5308 7388 6457 6683 4031 7220 1931 4368 8564 2373 8423 5028 8768 7568 9995 8992 5725 3562 721 8065 5143 812 34 5477 4647 3416 3936 8691 9550 1405 6798 3136 1240 5588 
523 2065 6082 3839 7780 3368 9244 3953 3615 6145 3200 7665 5079 7352 8610 3710 5625 9937 7183 3764 7233 6477 4107 564 6438 4239 1015 1263 6269 5067 348 9410 4360 5129 9938 4526 9593 8819 2731 544 4652 6267 8556 5486 279 498 2146 529 9011 3275 1957 1765 6264 4820 358 3179 249 2415 2945 1475 9259 2534 7469 39 2809 8312 7475 5212 6055 2420 9176 7812 2370 270 8098 8184 6146 1330 235 5554 376 3866 5815 2797 8659 9660 3843 9857 8028 7304 2989 8035 9241 4934 162 8259 431 1800 8616 467 
176 3245 7314 4743 2043 7215 2145 9192 7873 2893 1906 185 9239 2601 1369 2777 3885 4857 6029 6972 3231 9305 3208 8969 272 4708 5850 3815 3319 2675 5476 5467 2106 8949 788 1970 9048 4287 5510 163 903 3356 7536 8633 5144 656 6370 4826 8562 9967 2782 2427 3045 8194 1222 984 3453 6673 2990 6236 317 7869 4598 2372 5686 7358 1587 3750 3994 7427 250 5019 1923 4697 7664 286 1527 5663 4083 4493 284 7743 3811 524 7214 8204 4679 160 3849 9458 420 8693 2541 5756 1786 7805 5531 5249 8107 6121 
6841 5987 6546 5328 1567 8452 206 2773 2908 7238 9083 3022 2793 9643 6831 9118 394 393 2260 666 795 9791 2946 5749 3302 4280 5776 5640 2324 698 1807 7870 9411 1146 8928 5880 4678 5349 9947 5003 7297 564 7887 211 9461 1802 5303 6011 5424 1851 3552 8548 7508 8454 7427 5511 7252 7397 1710 4125 7114 9130 8300 8779 6206 8232 5236 8800 1983 5994 8042 7449 2592 8281 4872 2290 6133 5000 1286 6328 9176 2715 8087 1212 6969 9933 6032 686 7312 59 810 2697 9163 1450 3688 4923 3611 9695 6933 5010 
7394 1837 2514 6608 1313 6432 9930 7531 7626 7880 276 7242 6490 1044 7780 1735 6850 7498 640 773 88 4463 7203 1297 3777 436 7344 8382 4172 6436 6648 2047 7411 3110 4034 2351 5615 9451 2315 8773 6988 4139 2547 3589 3770 2169 2163 9867 7159 7095 8767 4443 3580 218 7867 75 4159 309 6827 5146 7334 1160 2047 6234 8102 1859 9565 6096 2740 8344 735 1968 4604 9850 2298 5565 4741 2008 9796 1482 2533 772 6291 5015 4242 9384 8283 4475 2809 3139 4893 6061 2958 4599 9338 5902 4526 6455 8851 3174 
4314 543 35 9993 7585 8536 6433 110 6366 7166 3231 8669 653 9116 537 7161 3866 6957 7641 1727 9590 3999 5541 7975 6384 9048 5922 3015 3018 2332 483 8950 3044 3652 8079 3420 1560 63 470 7785 630 2156 273 1828 2591 2068 2585 9221 287 5796 8942 2169 5300 629 8038 1945 2723 4140 3856 1512 4602 2235 5211 7839 3482 3442 6118 1225 4960 8231 7308 3064 6749 6813 4338 9312 9132 9273 7072 3714 8690 5701 7646 124 5166 9885 2048 438 8878 1124 9312 5862 4689 205 2732 1825 6122 9773 4621 5012 
5741 2656 6496 6416 371 971 2171 2184 5575 2374 6467 634 4613 2307 7937 7897 1933 5194 3961 9274 4058 943 8328 9386 3618 4602 9262 4019 3391 4755 2917 9248 5504 7577 2336 4223 654 5625 6022 2448 2192 8392 5031 9824 8748 1295 4785 13 7019 21 4903 6299 3815 2616 1355 7106 4984 4883 73 9223 1061 4239 5479 857 5183 1484 1391 3910 3939 2628 3855 2430 8339 5769 9026 994 708 4058 8332 6485 3979 3170 3935 6616 8508 2222 4898 1781 2534 1957 2957 2973 7889 3374 9444 412 3693 3578 3051 5805 
2952 5828 7266 154 9061 9628 7492 9129 4340 5460 900 3395 543 6503 5756 3889 3406 3091 6572 7739 7622 4691 376 3272 5670 456 9591 1185 9626 9913 7603 4758 243 2877 5459 4470 5607 4238 3538 176 6920 6472 3771 2248 2004 344 4582 3048 5714 3056 8141 6504 4136 4035 9627 7164 8341 9275 5262 9755 3637 7764 8961 786 4269 9846 8056 4258 334 5448 5135 4369 4762 9438 9549 3406 2082 8294 2826 2412 8945 6957 8071 1816 9718 7395 6354 4390 8143 5902 7398 8698 4768 9143 3761 431 2642 5075 8678 2631 
5750 792 5560 175 7176 4663 4777 1124 2666 4120 677 3391 6705 9179 1687 7480 1076 8797 6385 7513 3697 6210 6935 9068 3123 2949 8058 2603 9076 489 5236 694 2416 7021 2290 2535 5178 1501 9007 4604 3468 3837 4 9844 1770 3217 1310 4518 2410 3509 9133 2339 7860 4473 1764 2288 5973 1458 5169 6753 8303 6392 8947 4905 6094 3836 765 554 9317 1002 1050 3390 1006 7618 2009 6120 6114 6105 2280 165 4351 4317 807 2718 7457 7179 5734 3589 4747 867 5326 2742 7903 6111 3443 2142 9046 3257 1160 1582 
7116 8078 4267 1493 5869 7492 8720 7767 9429 323 9038 9443 9672 4493 7508 9777 9551 3427 2049 3699 7101 8691 1362 9734 4178 2530 4831 5536 4924 4524 1111 8541 2344 8343 2822 3150 7460 2945 6198 9038 197 1258 2028 5851 2410 8594 811 4167 6511 719 17 2610 5593 7820 24 2900 2434 7511 9178 8994 8263 453 7611 5311 7628 8291 1468 5043 8954 5664 5868 4451 163 9279 3659 1500 3884 5117 3584 4860 7822 1872 1801 6049 9753 4621 1031 7179 7536 3019 8948 8511 3338 421 5496 9718 8504 7635 6748 7295 