9540 2533 7740 3942 3084 272 5507 5153 1792 5892 4137 1730 9508 4662 3621 1332 9009 8842 9911 6274 3151 5258 4176 6118 7884 3763 2546 4301 2622 6542 4087 7110 7108 9674 4204 9566 3407 5806 257 9392 5317 691 4792 976 9016 3072 2683 8525 3922 1098 712 8860 8913 2087 5714 7503 3572 2394 7476 1085 6297 5210 3051 477 4332 5815 9595 8348 1407 5405 5796 5363 5466 8032 9120 4897 8883 9181 5822 4413 6775 5411 1398 4030 580 754 9192 9848 2997 7255 9945 259 4065 7637 5281 8768 9950 9367 9844 7691 
620 8436 1978 9315 6727 1071 1686 475 998 8340 3129 1998 9474 2830 4809 7888 3509 6930 3834 1145 7707 7564 2579 95 3958 7233 4595 8370 4604 2322 7480 7388 9510 6868 1350 6275 1484 7648 5415 2220 1375 4354 1634 6881 7326 9431 8960 9122 314 8553 1952 2069 180 6850 3072 8235 9067 2765 3805 9659 4246 8236 2294 5877 5245 757 5878 5399 8476 8574 1522 7854 8671 9269 7907 7072 2855 2682 8520 5434 126 3645 9432 5219 7179 7094 9194 5008 5711 7998 9947 2483 6464 2522 3120 3102 4673 4161 8665 256 
8007 6315 6556 1324 8331 8893 3387 1825 3243 8125 608 9327 1849 1967 8446 6094 1622 4759 617 840 9171 514 1826 9887 5573 2752 5199 4206 4727 4271 2344 6097 1487 4883 3412 7186 7587 3407 3347 8952 3507 856 6242 2107 7066 8152 6149 651 6011 8715 1624 4797 7555 5824 102 6733 3806 7434 6658 345 9357 6522 8801 748 8473 5128 934 3614 7087 2963 4775 6200 8272 3640 2745 5513 2494 5196 4969 1181 7191 9911 6936 7862 7102 5158 8300 7404 3899 8805 6759 9670 6337 6682 7653 5164 9995 6501 9366 269 
1386 8628 2693 1903 6986 9656 5207 1683 1661 9276 8531 87 5732 7978 5219 5098 7393 7427 7947 6099 8563 3298 8777 2967 8136 9387 7022 7687 7609 510 9683 6925 3823 5108 1944 2622 1528 9024 9056 3939 1674 8062 7022 583 7388 6302 2798 5597 7584 3351 2517 1689 9084 6106 3638 6441 9095 4389 5765 3698 8095 571 6868 2240 8490 9564 7580 6923 7080 4622 2473 7335 1321 9786 5531 5053 2461 1701 2709 5760 7466 7730 4132 6659 8855 5320 8374 1952 728 8219 6555 7591 9953 3503 3171 5947 7779 8196 8636 3365 
9563 5973 7779 2742 9584 9461 5467 8900 1970 3534 5608 4435 9476 2775 2544 5539 243 129 3798 7289 194 2939 4702 6049 8589 7111 4891 7027 3786 4056 7043 8634 9404 7543 9522 5038 6951 5496 8392 7983 5526 2348 3685 308 3325 9177 8283 1153 9949 9506 5656 9367 9092 3956 6290 932 2238 3690 9773 696 8329 4032 5672 2310 3242 675 6109 9398 6638 4701 8832 5746 8024 4159 3557 1709 4885 5037 6419 5252 5734 1614 3252 2526 7745 5736 4440 6299 1597 6634 3621 1963 6989 3198 862 3855 3118 3576 5262 1321 
4227 5903 6969 3268 805 7600 5864 3332 5874 2241 8968 2470 6139 9705 7339 6327 4239 5253 7827 6070 3134 4519 8 8665 6968 8148 8060 3475 3249 6346 2582 1639 3157 573 6586 7473 9400 982 331 7150 7154 3557 4582 2760 351 8721 5476 2384 1016 8334 4612 8497 665 1680 7908 2087 9339 5280 9201 2376 7256 5115 5488 7688 1421 6139 8362 1469 794 2023 6072 8869 7207 4999 9774 7829 7462 8868 5935 6406 1453 2126 2763 2009 2977 8402 9018 5171 6158 5845 8637 9277 3184 2577 9890 6750 6775 2697 6155 4012 
8128 1634 4932 3441 2786 3913 163 8166 2545 7168 2483 3963 6749 7265 4601 1430 1456 4651 7121 7094 1822 6704 1210 5811 4077 3743 8669 2025 5690 4133 4059 8982 7169 1051 2771 5201 5913 1425 6696 2033 4572 5094 9995 2057 5705 7760 6507 5619 2041 5446 5671 958 9132 6893 8293 1124 9865 8712 3516 9665 1469 9726 5468 6674 5651 5148 5651 8461 4678 9990 8488 9700 6845 8795 3112 3257 6202 9487 8460 3945 3396 7951 2473 961 3552 1362 8854 2154 1900 2427 6453 9900 2264 4030 2578 4600 2440 5373 9900 5950 
619 615 833 9964 5701 6061 8719 9783 9351 9594 9937 6597 945 6588 1778 8050 7374 4948 6310 5742 2124 9548 1050 9161 9831 7206 7263 1802 6550 9212 601 331 2831 7887 8883 6247 7678 1363 3359 9027 6411 8131 4852 4942 250 6679 9210 5675 1808 6018 2863 8648 3541 7976 9270 7329 1486 8165 2245 5681 510 4659 4883 696 793 9759 2477 3347 2370 7441 3465 5186 4770 6971 9954 5407 9985 7090 4272 9599 9750 8465 3487 7526 1416 1548 8866 4258 7553 1740 5228 7297 7417 5204 8266 7453 4931 7418 3347 2492 
7883 8096 7774 5074 6091 7163 6124 5575 7088 6751 1512 8398 4956 4206 7780 1682 1751 8847 8937 359 7555 7892 6174 6698 7339 4691 4294 1778 9269 5967 6498 3856 1949 1119 1382 1475 6038 6185 8909 1284 3215 5741 6672 5498 3771 8595 5829 1574 564 6450 9750 7299 8897 2328 3319 4231 2202 176 7314 7465 9192 1898 667 9528 1852 367 725 2768 1266 5204 4653 6041 3421 3335 9641 8759 6329 4890 1385 9790 3016 3362 3079 187 2754 7861 8815 8228 9270 2217 5545 733 6740 2376 2870 6182 4425 4156 121 81 
6165 7667 3882 9557 4313 7017 3283 5160 9434 2849 1100 6215 7123 463 1632 2161 9517 469 9369 8860 6942 4155 3514 9244 3873 5733 7110 453 960 9940 4946 9057 1557 1145 8824 8068 1917 1052 1541 7144 6106 5358 7992 5360 1566 2459 5481 2416 196 4674 7653 2728 3844 1914 5059 4503 3902 1261 4992 6195 161 381 3363 7587 7927 8269 3716 8570 8188 6376 4893 9364 1230 9866 9658 5858 2 7470 8015 7398 8698 4768 4855 2789 2155 9689 9573 8819 8117 9754 7149 5197 9692 1162 3266 489 8539 9494 5316 9301 
4834 4036 745 2498 190 1304 4912 5477 598 5092 4457 3270 4284 2067 758 6568 312 5960 6240 9268 2773 2398 8790 2136 9702 5501 7865 1392 8502 7617 1329 368 8934 6263 8259 6003 7245 2086 7915 6040 1960 9600 3060 1152 7401 828 8964 805 7791 9768 5983 163 1489 9302 7408 9386 2155 6944 3664 1520 4591 3118 1967 7833 3160 3384 4092 2581 3113 7448 2991 1390 5867 9828 4012 7423 5662 3398 722 8151 4439 3783 6023 5383 3253 9049 7350 1087 5498 510 823 5942 4204 8524 7357 7867 1458 3734 7639 7510 
2510 5474 375 6 1946 4878 4445 2081 901 9950 3530 2774 1800 393 3597 7743 4597 2619 8266 7216 486 6076 2316 3715 8083 3368 9909 95 6648 1855 4973 7446 3937 2226 5624 2176 7157 8398 329 7550 8499 8206 3117 7529 2909 1871 2537 2629 8799 2725 5162 654 4050 2608 943 6277 6567 9743 5134 9665 8496 1613 5998 4937 68 4664 3827 2697 3178 2626 1774 4692 3652 8454 3495 9611 2334 4746 2331 830 656 828 5053 7258 2441 1052 3248 7493 5382 9668 2158 9209 2366 1688 8187 492 6380 7820 2669 6384 
7475 8243 1308 9408 3640 238 8841 4468 1644 6099 3261 2696 6544 2862 189 8699 1136 1248 5676 1741 3496 762 8244 4830 5325 2490 8600 3510 2351 6834 4803 6564 9426 9626 7115 9557 7863 2791 7334 8412 883 6650 4372 8327 2322 1837 9345 7513 4189 2647 699 5344 230 6691 2654 3777 5559 1640 2576 3209 5327 8863 7973 8517 9746 9241 9820 9303 2455 3191 2343 9719 6695 5701 9197 8421 5545 9054 9852 8822 5272 5425 3626 8962 2771 2742 308 2596 7679 1503 1187 9434 1345 6323 2562 157 3994 9226 3161 6868 
2240 2113 5744 3674 1500 9242 6480 7309 7168 8746 4718 6915 5003 4959 1475 9050 4896 9532 4109 7022 472 7684 295 9518 1869 5019 6154 5793 8232 8414 9712 6416 307 6000 3521 2313 9287 7413 1490 699 4733 5353 4624 8369 2804 6329 7651 781 9540 127 1365 2497 9390 7123 2180 1338 9449 5237 3777 6128 2959 6689 4375 7032 8304 5795 4873 9917 7998 6391 3232 7579 2123 4343 5529 2063 6438 2151 845 4341 9592 3935 1908 8346 7229 2684 572 5585 1331 1432 1583 8498 3470 2247 2092 2142 2689 6014 9694 1067 
3005 9171 6447 716 8819 4731 9626 6782 10 9856 260 8553 2915 8305 6080 5937 9252 8813 9983 8350 5068 2450 9003 6538 537 8502 9843 2220 6007 5237 4953 8728 8712 6702 8103 3876 16 5897 4546 7078 7711 7533 405 3519 3136 9652 3292 1299 6130 6564 7115 7650 883 8794 6195 7846 9754 5453 1947 8161 3177 1397 5274 2759 7046 7553 8175 3285 3579 7973 162 8960 5417 1289 7179 3944 6142 792 4392 9332 3141 4988 1009 1824 6568 9119 1287 9184 5330 1868 4662 4155 591 8581 2517 9084 6106 3196 9095 5765 
3161 4992 3453 4407 9864 8166 3356 1923 7724 656 7562 7971 5008 3329 6268 8874 3968 718 3271 6745 2296 4826 5427 2777 4514 3450 797 4069 6709 8946 6220 3899 7060 4279 4035 9946 1699 9593 925 6117 1929 813 9651 5140 1452 7053 433 6359 3734 8270 7967 440 6268 6204 5926 7215 4653 6156 5717 1119 8569 3768 6608 1365 772 1532 1770 8985 4019 1751 2162 4325 850 6447 1534 2053 4473 9854 7295 4144 6436 3798 8996 5715 9445 8928 6077 8831 8713 1073 2147 1605 2122 1118 468 4820 897 7156 7718 4249 
6174 887 782 2981 5517 8826 2306 9820 4566 5498 7826 5325 3414 8595 5829 7441 5425 7688 8189 4361 5305 5651 6253 6526 6761 7551 2649 6481 2656 3894 7432 7110 4993 1640 1845 6664 8549 9065 8253 5253 6876 2069 1907 9754 8956 3976 2090 3660 4067 3332 5101 7573 2252 2172 9093 6455 6991 7370 8956 4070 277 3762 2339 2565 6844 3852 8720 6692 384 6833 4627 9777 8873 4733 3896 2804 1175 1466 1111 652 2300 4320 629 3800 8582 9680 1230 3672 9937 341 7188 1132 3174 516 6673 7300 6864 4634 9088 1270 