4280 7949 7760 1038 3754 1576 1307 2415 5327 1363 2144 8532 4044 7564 6658 4106 5593 4304 2808 5621 9487 4292 1108 1504 9981 901 2959 1758 5756 8683 6063 3582 1690 5496 2132 7655 3494 6840 1895 6348 5309 8384 2896 8637 1349 1986 1437 8488 4241 9225 1753 9834 5004 983 9471 939 2247 2621 1847 9013 4458 7908 1535 4057 1381 5858 2141 4144 3988 9046 1470 6222 3168 3693 8052 9070 7280 5772 9760 1283 5947 3769 7097 1633 6120 1296 5705 3151 9935 6594 5225 3568 5618 6466 5671 8140 1698 628 4475 7205 
9979 9194 9810 9602 7337 4501 7927 7859 6170 295 6388 7276 3703 8252 1915 655 2921 4831 1061 3794 1608 1418 706 4956 3034 5806 9602 2888 1270 8171 1604 1605 3721 779 8690 7517 6515 6722 267 9635 6727 1058 6687 9634 3338 5334 9153 126 1035 4630 4519 3016 2740 8425 2829 2876 7080 3530 9094 257 4722 4093 215 4537 3061 8566 2710 3196 3088 6213 2936 5829 5806 4794 8540 4128 1540 8851 1985 9169 5418 5982 4532 5585 8846 8157 3338 1947 7852 4485 6402 3626 559 2859 6936 1612 2596 1059 610 5179 
158 1816 7564 7949 5718 5502 5828 7352 1575 427 9004 4962 8393 1819 2227 2699 3716 6166 958 3889 5926 8025 6952 8139 4693 5632 4131 4837 3813 1422 7908 5365 7603 7822 9134 4706 2250 9908 4652 9595 7440 8082 3115 9810 5957 6883 2558 1382 3714 8604 7378 1237 502 6010 2398 6492 1854 6149 3527 1757 7599 5207 4695 1284 6177 6907 9524 4965 193 8290 9718 3161 5455 9549 1303 9678 5982 7983 960 9824 1645 2593 4243 9511 89 5818 4905 5495 4515 6313 4207 4031 4314 7976 4721 7777 8270 7288 8208 2515 
8214 1301 4032 9152 1298 1845 6173 9367 5819 6946 9927 5365 2486 9174 3764 360 6712 8074 2747 4853 3873 1428 7841 952 9907 2896 5140 4326 7531 1296 7189 8107 8281 396 6374 5249 2734 975 5812 7110 3858 965 5776 3440 1790 8121 4381 8648 7487 5276 6362 7633 636 4429 9201 4458 5642 4912 7932 631 9657 3642 6197 9215 2956 1463 1171 4830 7151 7700 1104 3494 8288 6046 6001 4905 9844 8090 5309 483 3010 4114 8938 9106 676 5764 4054 6744 4866 7562 3186 3652 9454 9989 7880 9354 1470 853 9997 7046 
7378 398 296 2025 9061 2751 7535 327 6817 6370 8473 1747 2204 8811 3961 393 8419 1865 8783 7489 5078 8424 7248 8549 7066 7618 9403 8146 2380 7581 150 875 2891 9481 1728 9102 4908 2304 423 6002 8516 6738 7501 6642 5650 2239 3829 358 6750 7652 3277 374 4859 1575 929 3122 9344 1428 1795 1619 6683 2378 2477 9999 9087 9475 5171 5502 7566 1847 3145 227 371 5254 226 9453 5755 3489 6505 8860 4569 7332 5590 9953 2996 7922 9841 5091 1225 3771 3897 7927 190 8079 7634 8527 8050 6373 9804 5830 
1086 3841 3775 4713 6243 417 4114 2146 7286 3030 8493 648 1483 8018 37 6562 8197 6401 4814 7078 3799 6114 2697 491 5842 8752 2334 6855 6695 2022 9092 7611 1673 6190 8185 1272 6854 6747 4866 9753 1867 6371 4609 4443 2282 4002 2411 2527 863 3393 930 5068 3812 5075 6565 3610 1871 8921 2416 4943 7926 6844 722 6895 2836 5660 7684 19 9292 6222 7781 7726 2233 3975 1893 5650 7786 3952 5567 1786 4439 1033 5324 2910 9009 746 8433 733 9165 1757 5467 3598 64 382 741 6732 2565 4985 8485 9297 
7750 6483 2610 2530 5658 6453 9441 6827 1812 7461 6166 975 1347 7178 7581 3771 9028 7825 1416 5562 6654 1024 5653 7367 6300 1662 4759 3600 1841 5895 6283 1247 914 547 543 5601 5382 2935 1497 5863 1324 995 4584 5542 6052 1886 2941 2907 4100 3091 461 3788 678 9709 8235 8843 8358 1592 90 5918 6153 6293 8191 5883 3338 2182 9900 8394 809 1640 2036 1864 7867 3731 7049 446 3970 7226 8757 3838 3332 5430 9156 5194 2117 7052 7174 7831 6010 694 7232 6948 2136 1924 3125 7986 2959 3268 9995 4522 
1352 9685 6318 7695 5972 4573 1027 3394 7966 4231 3259 5958 6341 3072 6255 3734 1082 7448 65 7771 7996 9977 6881 2311 1194 1548 1930 6022 7173 4359 7488 1057 4228 5557 698 5602 612 3280 9528 8419 8691 5514 5145 2308 9729 9857 8895 9708 7846 5665 4949 981 7072 3780 1817 6423 9231 1202 2614 4636 6974 4955 4758 7773 6339 5568 1990 1978 188 6233 7656 9552 1648 2045 462 618 5513 3027 3364 5632 9564 6661 2149 6508 2700 700 2647 5594 6418 3253 2632 8660 4576 3695 2320 6478 3992 6441 6265 2332 
6901 5561 2534 138 3216 6946 8851 6433 1330 8610 1177 2349 7442 7423 6673 2065 1581 1135 6364 760 5855 2202 5156 4722 8091 977 3595 973 5660 7140 7286 984 8616 1157 8591 4690 7534 4820 6810 7089 8930 1152 7503 1070 805 9367 734 8315 8185 7402 1861 2409 8311 7988 637 4741 4108 1 3251 1307 5061 3785 8659 4852 4895 7556 1190 5110 1865 9906 4550 9297 6337 5262 5896 182 8754 4206 1599 4670 2565 7586 864 8602 1945 8549 2608 3380 4758 4977 5590 9149 6448 4660 5123 3419 3335 9554 8376 700 
8884 8174 811 8897 9920 5306 4691 1023 1391 1571 2411 8800 3118 9983 6821 4872 5068 8857 5000 9911 756 3532 4663 5170 2268 9485 9813 2103 7312 810 1566 1450 3688 9862 4923 15 5076 934 3482 2518 5043 656 593 4965 3065 871 1214 4158 3210 1381 7734 9471 7846 4108 9276 6591 5064 5983 3673 835 9125 5997 8187 8783 8450 2588 3739 2288 5968 921 8792 4469 3286 2484 1054 3705 3112 4061 2889 669 1490 699 6234 3570 6995 4983 7404 4978 4218 8727 5603 5371 1658 1020 172 3807 8594 1690 3021 7807 
3704 8817 2431 2336 1289 2948 2601 9313 8477 9472 5327 9050 2162 4201 8919 7337 6719 3064 1395 8858 7309 4049 8746 7098 2943 6383 1832 741 4768 7358 9729 9857 5273 8400 9712 9564 9282 4928 2487 4029 9276 9338 2946 8862 9323 7008 2162 2257 207 8034 6798 4896 2901 3610 1316 5517 2958 6092 3904 9735 983 9720 8417 6395 3792 3948 626 945 7774 1284 7678 1213 954 482 8701 2758 5192 3628 8039 3115 9136 8884 6563 3525 1059 8520 5465 9093 60 5871 525 6457 1199 1713 3656 7353 9501 5975 442 8158 
8112 7317 9756 2225 3783 2117 3338 6534 3830 232 190 784 8618 2564 610 5667 294 3853 5818 7404 3783 4602 2739 4998 1280 2318 5735 7522 1452 2070 5794 3104 969 6315 7345 9117 7034 2553 1459 2797 8085 6537 231 7549 5889 8457 2458 6852 2072 977 259 7015 559 9352 2017 2973 5416 112 5663 4493 284 4194 7987 6807 5812 2190 3390 2903 7305 3552 4926 3832 5839 2218 3002 2703 1478 1390 556 4107 2685 7776 3142 7942 5120 7340 8827 1218 2629 649 9355 4587 5959 624 5850 6319 2356 4247 5604 6392 
2101 2725 4852 8835 7868 7357 6651 4447 499 9268 3184 632 9279 5956 5704 7494 2742 8493 4235 7519 2143 9542 6540 6685 709 495 8058 4802 3308 8806 8022 1195 2110 5335 2197 9342 5126 9764 4945 3273 7037 6654 3565 8868 1359 1453 5506 3595 631 6403 4807 6535 9371 8490 5229 8065 2275 753 4348 2686 4530 1655 4361 8792 3851 6738 6798 5228 457 183 5679 1203 4976 586 647 7347 610 1009 6453 9187 8274 6475 8792 193 7150 5752 8570 986 9935 7596 5870 6739 2211 7397 4748 4526 6288 7965 4811 2017 
4460 7793 6687 4932 891 8404 6634 9873 692 6869 2657 4781 6079 6158 9835 6655 2071 716 682 2531 6513 9655 5628 2082 7318 6436 1700 5701 9082 6303 1982 4913 5159 3460 3566 9707 973 966 5771 5285 4776 4710 8932 3970 2952 1829 7541 401 7813 4606 3404 6215 3865 6107 7230 8460 6102 9213 110 2431 5011 8322 7564 7188 6428 1982 5233 409 3360 9063 8685 2505 8011 2304 5436 4280 9813 7041 1132 9926 9519 1221 5996 2432 2730 6850 7536 6155 7603 4811 3039 4397 8010 7194 2703 6081 9455 4252 6601 7640 
8694 5727 8969 7744 8330 6038 9196 279 4147 4201 5337 6713 2664 8030 1395 8858 4896 2901 3610 8508 5612 2936 6213 4649 6092 1803 7345 2553 550 8092 4920 2035 9333 6709 5969 4586 6463 2938 4496 6853 2211 6131 2679 2891 5012 2301 9382 5635 6194 1409 1917 9417 7835 4826 560 8241 5150 1371 3577 8754 897 9313 5792 159 7791 3973 9379 2024 9214 8151 2663 6983 6143 3346 4625 3150 2760 2477 2910 7939 3419 6084 2844 1495 3656 9899 4044 8961 3262 4753 7008 2092 8435 9843 1112 6304 9740 4730 8560 1215 
4130 4007 9417 1848 6828 7556 8668 9701 9280 1064 1123 3454 9421 656 5152 682 5633 4263 7835 1839 379 7545 2295 1083 6914 6783 3905 5411 8880 3340 3629 9943 431 2637 8500 2596 8405 867 7377 3349 7150 159 8959 6891 8066 535 5717 2027 8850 7664 4777 4562 6623 2011 5234 5323 5200 5997 4506 9726 6349 793 3761 6345 7897 1265 253 3823 7306 1662 1972 9533 6941 5566 3937 4856 7163 2152 341 4097 6806 1897 7619 9273 1918 4451 3054 1628 248 4171 1178 6793 4022 3178 2247 4068 3564 6005 6993 2624 
4946 2598 4958 8329 2987 9974 1096 474 5497 3629 7876 5503 3462 3565 3693 2144 9029 7777 7900 6999 8506 7182 5574 7334 6370 3446 2474 8991 5103 1655 7627 5150 6807 7622 8897 4865 4627 1202 7924 6003 6152 7978 9971 6202 6192 6945 8546 3879 3822 454 6598 9340 5675 4035 2825 5529 429 4256 7928 6719 2788 1742 2008 1482 2533 4338 1778 507 9318 5917 1061 3069 876 7523 6075 2595 7394 5761 7485 2398 9658 4299 9034 4277 2742 9532 2731 6192 4906 4473 6199 4308 2690 1774 4310 7566 3689 7248 7054 2045 
4369 1828 926 3327 2481 2275 1398 3901 6308 6088 9176 2260 6968 4744 4700 7655 3583 7190 8552 88 3086 4685 4654 1640 8609 5813 7030 9447 4135 3285 1579 4970 9482 6215 919 2005 2559 2778 3580 5719 8881 1801 44 28 9648 2112 4927 726 2092 9225 4734 9617 7677 2071 7734 8690 6966 3633 6570 1304 3047 845 3845 3622 4475 3590 5125 8327 8993 2857 3946 2735 6315 5863 2500 8885 5148 7816 8125 1382 3365 9050 6038 8909 279 2162 3044 8919 5337 6713 2664 8030 4269 8034 7588 140 1797 6636 1329 6071 
1949 1263 6863 1075 8744 5029 716 6981 9230 6023 2642 2488 8903 2201 6122 4372 7045 3654 4432 2494 1611 2858 7439 375 8615 7721 8988 763 7307 709 8776 3387 9570 762 7490 4945 3929 3405 3716 2953 5489 1250 1417 58 415 4516 6827 795 1585 5990 52 7320 1355 9875 6464 705 476 734 6860 6378 8339 7511 8268 8412 5945 3955 7748 7982 571 6185 316 8302 2976 9079 1544 8874 196 5556 9136 6042 2965 6353 9956 7699 9969 4224 7656 6695 6082 3387 4889 7726 2773 6469 9925 3523 4762 7059 7388 3511 
3510 6130 3640 6563 1546 9870 5395 8385 1166 3245 6287 8889 8635 3355 4757 6565 2467 9998 7395 8189 5191 8625 4657 7968 3158 4378 1968 5767 9998 4214 9027 4771 8294 7217 7069 8961 8584 3680 4355 149 1702 9727 838 8081 7455 8753 4850 162 8694 2840 5501 5139 3238 9500 4644 1707 7724 736 2719 2213 6553 6396 2291 1983 2608 2342 6700 7163 7773 8577 4582 9058 7948 5634 1638 468 922 9883 5949 4759 2650 1922 3162 6321 8502 8237 9058 9874 7690 5801 7897 201 3266 8628 5276 9262 719 8316 2119 5761 
8151 7989 1806 8697 5072 5489 2609 4374 9565 7745 6992 8806 9021 2338 8331 7749 6221 1780 9817 5889 6595 1313 9600 8833 491 4247 4227 8629 12 1357 922 5336 5541 7620 6996 7306 1712 435 7022 6169 3802 3070 7425 8296 2496 7903 7457 7164 2076 4517 3762 418 6840 7597 2524 6072 7866 2017 6297 5100 7976 3051 1387 7206 78 510 3947 1302 2228 4171 8637 346 260 5711 6798 6757 4455 9444 1181 1441 842 9555 2869 9114 5205 6469 6122 5731 651 1686 383 5358 1605 9440 1383 5417 4365 35 8359 2905 
1136 5984 7496 2675 6746 6257 3236 5758 6000 5155 3931 7413 3609 5278 4447 5304 1970 2661 7764 9252 7298 1565 4860 6352 4714 1777 9705 7431 7100 2215 3987 9297 9132 2571 6282 9085 6029 8820 9664 4325 8465 3487 3440 9023 3638 859 1226 6434 3303 4697 5549 5388 5651 3352 3012 8581 88 9213 7397 3922 7646 7296 7844 8456 320 1459 6312 8755 7348 5048 3249 2854 2866 7029 4753 1890 311 7757 8610 8492 4775 9714 6879 7453 347 9716 120 2908 5658 1183 366 6921 9781 165 3766 6955 2530 8808 8642 1340 
6308 141 1247 2354 6745 2135 4498 4480 1656 5609 3099 1674 6325 6668 3302 2824 9885 4965 8913 8585 7269 4462 4983 904 7316 2254 1915 1681 1504 5718 7716 6643 8922 3376 814 3121 5375 2039 710 306 8566 884 3370 7632 2061 6346 3674 3904 5721 831 727 6008 9574 7190 2376 5376 9146 7407 2308 2279 2297 3997 2156 2808 1753 4361 3089 1592 9823 7072 5959 3431 9010 3096 7547 9114 3472 8907 3447 3690 7888 9351 7298 9230 5472 2813 1684 4359 4488 5722 7011 5409 2167 7871 5261 5300 2482 5307 6827 3212 
7941 5016 760 3851 6103 3130 4372 4374 1206 4671 2529 462 4756 3775 5186 7742 1157 853 8660 1121 3746 2942 3343 312 3117 3117 8684 8906 1487 2032 3107 194 8615 2056 5198 5343 3248 145 6944 6491 7324 5128 3202 9114 1500 9932 94 9605 7189 5955 7768 8218 6994 9353 3042 1026 618 8209 8376 3137 2865 312 1046 1608 2882 9618 9012 6504 5306 2145 8038 2742 6541 2940 7899 702 7314 8360 3920 6710 5017 3249 5456 6929 6770 4587 291 2490 5854 7472 4676 7145 7490 6573 5896 7123 8777 4300 1733 5469 
1754 3101 1382 1551 4552 5635 4932 7956 1309 6704 1294 8222 5095 5585 8558 7641 29 2342 2478 5547 4182 5812 3643 5875 123 6117 7793 130 107 1162 9363 8627 2271 7587 3705 6892 8100 4388 177 1124 5316 2052 7821 6885 713 168 4393 4526 8938 877 413 6571 6914 5016 9659 648 6866 9590 6535 9296 2145 2722 6412 9743 9093 5071 738 6353 9740 1785 7049 2198 2755 8734 8030 7678 3773 4218 9218 1308 7699 4534 4693 2745 3283 4141 7480 3932 6800 2977 5963 7685 844 7220 1790 4021 2319 7839 5930 7848 
9872 8583 4540 3991 9427 5284 8766 7269 4015 6933 7695 2489 7056 185 440 2606 9215 2154 5098 4367 7971 7605 6326 9221 9712 3630 3713 9164 5377 1852 6560 8363 4004 531 6783 9098 2989 3454 923 9819 4657 3840 4493 8135 3098 7231 5990 1764 1432 378 5946 9840 2587 3830 335 7216 6305 9551 6797 8183 7041 9649 1889 1225 8333 1449 8826 8069 2564 4127 1360 5079 9998 477 5873 3529 387 4251 3401 821 3310 2315 2705 7174 5490 9172 3481 7212 5900 691 3487 2721 104 5163 3201 1187 3622 817 1231 7665 
7762 9599 8211 8928 7171 306 3928 13 1065 7705 327 3831 1947 7131 5536 7642 4149 4485 6873 2698 3064 8311 4752 8495 4209 8343 3425 3798 5054 728 5790 6201 6088 9952 850 8877 1838 1659 1039 8031 5440 7993 640 357 2642 4759 7317 1232 362 8513 8870 9918 8342 7865 4535 3369 4855 2753 5675 4486 8616 7445 8894 5634 7128 8443 6097 5087 5191 3770 1573 1381 5897 32 8723 7736 1536 8479 9232 7449 7267 7439 4575 9288 5864 1024 9247 6424 43 7426 6542 9355 9710 3731 3021 2381 9200 821 9356 4285 
5994 1154 7411 6200 1565 529 3236 3499 3120 3054 7784 4187 8995 8527 6620 4126 3474 1661 8273 4112 2667 7995 4442 9806 9023 980 7743 8089 1434 8836 9463 2198 6431 6924 8148 509 8942 315 5690 5253 46 9694 2493 4165 4465 9980 4874 1305 9019 2752 3519 3261 1971 7410 6872 1401 1918 7268 1898 7675 5437 3502 4625 4328 6790 5796 3830 3083 8463 836 2305 2754 1004 7409 7646 1690 8380 9577 7630 2885 3140 1606 7309 541 9804 1610 4655 1010 1210 8103 8463 1457 5629 3273 3592 6983 177 4059 2008 1430 
24 9888 3223 3060 6465 2321 4054 5795 4402 1521 836 8493 7260 1569 2663 7607 3461 4369 9462 9710 2770 8501 3043 9622 6565 9893 3737 3339 6869 5332 7178 5030 9218 5790 4795 8745 1889 3838 4661 7850 5818 534 12 9583 522 2219 958 8009 3293 3372 8557 6819 3841 1542 2117 7447 7077 2575 3866 5073 9551 851 2863 8843 4448 8013 106 3810 5330 9696 1111 3388 6111 3919 8639 2522 2769 8485 2860 6382 83 9917 1191 6594 8166 7128 7123 525 4790 1443 7397 8827 7467 9687 2473 9575 6044 2344 3624 4563 
7672 1747 7153 5999 9732 7090 872 5054 4844 7036 3481 7478 5443 1224 7669 4716 6243 4615 5907 8280 6375 4218 492 9694 9079 1497 105 7256 5976 4326 5244 8941 7202 4705 7313 620 1599 6762 451 1513 7235 455 5983 1108 3602 9671 7335 5324 4575 439 7654 9775 5957 8105 9909 1420 5007 6655 7909 517 918 7924 4214 6437 8937 339 8700 6474 512 9800 5368 1484 2877 5586 4564 8825 9976 465 4633 8951 5611 8969 2970 1590 2905 4975 5575 6395 2838 1137 9188 2396 5663 8937 8647 3612 9808 5214 6107 1552 
3813 8717 9649 3418 8214 4905 7048 8284 6147 6143 1956 8096 6172 8231 7924 6176 2902 5175 8533 1305 1072 883 7757 9033 4138 1200 1540 6385 5038 5022 8225 8758 4642 4638 9569 2726 9608 7160 8218 3370 6262 3980 9013 7000 4986 1416 9973 7245 5998 6537 1883 9287 7573 2925 8148 1805 3065 4935 8330 8901 380 9325 1501 5377 9611 4892 8571 7177 6173 1084 4470 5091 1724 124 1056 979 4886 4168 1053 2070 2695 2313 7384 2177 3752 1071 7411 4011 8365 5122 3987 2399 2707 9801 3017 8292 2392 9470 7715 5611 
6722 4145 1693 6098 1697 4394 8153 2449 8584 518 3647 7744 195 5761 5052 273 3180 6376 6312 9565 9846 1127 4962 5969 8922 1978 6262 5963 5098 1607 8689 9222 5583 6327 1868 7611 2067 7341 4352 5883 4046 9088 5174 6772 9434 6424 1506 9855 5462 8339 406 1111 4851 8505 3153 6349 1021 3034 6527 8689 7585 3501 5624 6634 5983 9134 1315 5392 7896 7011 8107 2008 5219 3496 3405 9078 9204 6588 5472 8305 4780 5107 2143 2374 5052 9909 8851 9155 2138 7687 9109 8969 2470 8512 4766 7484 9601 4309 4662 7958 
6549 9015 4944 1183 3462 5194 6815 3728 3913 9562 7457 9440 9423 3718 8643 9044 355 7171 7512 5570 3605 7034 8506 1136 6979 6686 4717 738 7794 2708 2012 3860 2716 2067 4387 5456 3394 5806 2095 7610 1913 9956 8300 4554 6629 96 7088 5606 9355 4604 6944 7734 162 2334 5025 2398 3606 2075 2146 6564 141 1257 5009 710 4354 5986 6161 2952 5163 3851 7024 4087 7732 9861 1942 4625 8706 9306 559 9987 4703 3419 4059 561 7616 7198 6819 9873 9715 7797 3847 4668 7338 1892 9359 7714 7742 1552 8658 8459 
3144 6499 2013 7302 8108 8951 8282 5919 4577 589 1875 6593 600 1270 6105 9473 8119 3127 540 7027 3498 8968 5179 5218 106 7082 1745 5879 5766 1026 870 9959 3268 7269 5231 884 9011 2244 4060 4160 403 4734 1729 7761 6765 2410 3409 5543 6266 5455 3871 4951 5398 5665 9299 9820 9704 8028 4886 7169 5442 1285 4480 6786 5395 4613 8328 3408 5214 5523 6994 1812 4422 1970 5117 9321 4089 2880 2933 8880 5266 120 5948 1194 6880 2965 6144 1987 5061 553 1596 1447 7709 875 7565 4234 497 2225 516 4577 