7913 614 1488 4015 6575 1372 3167 5855 9859 9873 9245 2304 8313 6651 3283 2677 4498 5443 6331 2844 1157 5381 7831 7225 4734 9407 6295 317 3604 2217 8054 9248 1975 1383 7947 8413 7387 8260 6798 9895 6624 7093 3614 3434 6979 8494 9489 5524 291 3794 890 2323 1849 2071 8792 5701 8168 7191 2913 3381 832 9655 6436 8254 3555 3989 4064 5837 8146 4968 9973 5184 2545 5402 778 7429 6780 8309 6700 8351 4065 5820 3478 4256 1359 6951 8884 4871 468 9583 6545 750 1832 7860 2440 6850 5710 1622 6310 4569 
5045 3444 7078 5813 2490 6708 6462 386 3171 283 2975 5099 4934 36 8132 6389 5203 5971 4922 5269 6741 1514 7299 2164 4638 1273 4402 1863 5405 534 1404 435 5567 2719 399 1634 8425 1487 3632 4211 834 3599 6751 9530 4911 2466 1076 5467 9096 2826 1840 5880 8608 7463 8063 3224 7907 1197 7101 3828 8916 5849 131 5494 7902 9793 5473 831 7147 7378 7845 97 5260 9189 1060 3460 7654 9134 5112 5932 5142 6821 8818 2569 8996 8097 3942 9124 5002 7321 8780 3092 9177 3062 1865 574 8144 6263 3954 648 
1249 5263 1684 2743 7090 6461 3789 6047 4296 3025 3699 7762 5778 350 2083 2126 1631 8794 8097 9189 2823 8218 1655 9097 778 8785 5388 1061 2271 178 365 1558 8434 6170 1061 4478 2104 5900 5427 6880 615 7235 9551 9909 1866 1811 4802 2385 7384 4264 7968 5589 5134 2244 7647 4184 2985 8816 4644 1000 3204 2349 4710 2986 5435 8240 5350 9573 1809 6775 5842 1294 4782 3600 8247 6283 4139 3630 3253 826 6421 4321 8968 6603 4094 134 1405 9295 2902 3479 7878 9186 4415 7371 1364 7061 2557 7216 9698 1072 
9085 5872 7623 9850 4599 5304 3402 1022 1175 3168 4054 6173 2990 9091 5034 9015 6563 3172 2238 9157 6714 1660 5830 7390 8210 8212 3354 4903 7304 1892 6155 7178 4566 1289 8888 9574 3678 9165 7809 5865 9884 800 3834 6789 1214 3637 6773 789 5933 6777 1002 2414 2173 667 4790 6072 7092 3866 6594 3007 9630 5679 5561 9239 9516 3095 3200 2175 2494 1766 8405 2256 2040 5860 1917 549 8732 9259 9855 8261 5557 6859 9549 8275 4849 9933 7192 6599 6796 9762 8069 2580 7213 3806 6704 9090 512 1240 3611 4048 
5578 9097 167 4327 7799 9127 6752 70 2721 1092 4619 5037 9046 4070 2437 2744 9801 6560 8885 8506 2702 6856 5220 5148 7697 4560 1640 3071 3146 4739 1493 142 9896 27 8618 9548 8292 8995 1933 6808 455 4915 1768 3562 7459 1455 6199 6233 7656 6870 1648 8137 2588 8582 8496 2308 3027 3654 3364 3861 5820 2149 2700 1188 7046 905 5803 8988 8944 3172 5812 8013 5553 9191 2176 6992 6901 5561 2534 250 1162 2119 5452 1739 6670 2800 2829 8833 8950 4674 8342 8165 789 7920 6624 5806 7787 9819 3076 3572 
5397 2998 9064 8565 2472 2867 5397 8445 6084 1483 5603 2913 2808 8715 8491 8159 1633 9436 725 8062 9346 1748 6815 9087 6950 9512 3115 1222 8303 595 388 2591 331 9809 6840 9411 5697 9316 8939 9899 4260 3713 3559 4343 4389 6946 9642 9873 8664 6597 4531 8992 1471 5712 7311 8576 7674 3752 2551 1723 8586 1491 8964 2072 6729 6031 4297 314 7316 7460 1681 56 8268 2738 3571 416 154 6575 6506 9796 4826 1394 6425 5542 7636 4110 798 5242 4119 9762 2994 9414 4416 678 3657 7849 8843 6369 2135 6475 
2568 5013 2043 8191 2392 9501 5883 7337 6021 7495 5255 4808 4314 6550 527 4901 7087 4456 1983 8599 5147 5417 1681 47 1514 6360 7107 6954 7147 955 3973 1303 7241 6125 4710 5144 6768 2418 2367 6007 972 8258 9427 9255 9215 5576 2493 1583 9475 5058 1423 8170 9621 3920 1369 5951 4726 2130 4189 8818 3805 9598 4379 5231 6684 3462 604 4831 2255 6445 8570 6692 9660 3144 1208 8607 5853 9495 783 4388 3163 6812 6613 8537 5175 5873 7897 161 901 1943 3569 861 9776 2426 9954 5354 8727 1868 9583 1919 
2433 2513 7912 6717 1796 3941 6991 7569 447 3660 2410 7490 173 8071 3296 2252 1284 6397 6958 2562 618 6187 698 5602 7366 2686 8508 8419 8691 5514 9412 7826 7853 9028 1680 7056 270 8184 6146 1330 7721 376 4251 6742 9483 937 9120 2965 9308 6709 9705 3774 4958 6594 6337 2174 9688 9786 2190 4226 457 8591 4970 6165 6402 8010 9997 8227 4291 9212 7248 6207 9460 5068 6616 182 6863 6858 4684 5029 7461 8631 7333 620 8250 6981 5337 4570 3985 7593 8234 9642 9873 7566 8525 7054 5001 6952 3164 5124 
3972 5819 7060 1772 5461 1645 1064 4369 3649 5157 3311 5738 2091 6891 5953 9936 8284 5701 70 8913 4839 1090 320 753 4538 1430 8637 3735 7709 3461 6842 2509 3927 2540 2922 3859 6850 6251 115 8963 4382 6825 779 7464 1266 7239 6587 1340 4948 1267 5115 7546 6916 8778 2016 1491 5928 8964 4302 7794 1240 7858 8868 1592 669 2061 2297 9346 8017 1239 3915 3188 746 7233 437 1229 3794 2418 2125 7391 6362 6472 6007 7310 8121 3714 5135 7909 38 7908 9138 6253 3698 7472 110 8207 1492 7444 2817 4941 
6621 7800 1095 8467 2729 5471 9175 8080 6638 362 6090 7065 5394 9554 1017 8026 5830 7381 5363 4779 8735 6443 6852 6463 3083 5499 893 448 7779 285 590 8753 3115 9371 7856 6422 4658 4034 9851 5823 5477 9635 880 6093 6220 3010 6939 9357 2053 5277 1047 9294 8918 9698 8791 5489 2381 2285 9703 3224 7286 2346 9255 7089 593 9271 8678 3867 7586 9807 8004 8757 2451 2969 1964 7587 3911 5151 8527 3330 3184 4717 9910 3521 9232 8117 8783 4664 3695 9815 7825 3528 1059 7941 5207 7996 7435 8798 7695 5105 
7631 2434 8825 5450 4249 3449 7279 5024 455 3465 5418 2950 933 2620 5428 8040 4224 346 4025 3251 8747 686 6768 2850 5505 6333 3774 1623 3743 5228 8187 2582 5086 5893 5794 6430 8428 8982 7227 8761 8612 4517 8191 6111 8400 6545 5847 8435 6804 1442 9328 9481 8416 9904 9563 4890 7058 5493 4797 5711 9621 798 1615 2914 7393 4234 4061 2889 7413 5193 6234 981 3570 1345 2804 2074 8074 173 7573 9534 1284 446 4236 8927 8156 2649 2893 8106 4447 2798 3409 6722 7132 1369 8299 3346 8181 3885 4857 3403 
6868 8995 5675 4590 6018 2863 6210 7569 3308 9270 6809 1486 2245 4272 5775 9025 1587 6134 5186 9032 3952 70 8527 2799 1606 6983 3620 5477 1570 838 9093 5716 953 2557 9600 9665 3026 5010 2658 8646 7748 2304 4762 307 4957 8992 4193 9604 351 1676 9506 2749 1453 9731 3054 8214 9094 9895 8883 5586 9932 5709 667 4831 4684 2636 4846 9590 8339 4609 7891 2601 2627 3218 5232 1530 4578 6660 1699 6972 6277 5268 8033 1188 5180 4987 8539 3857 717 8602 2726 556 239 4992 7698 5605 1406 1101 2815 5359 
9177 9417 628 4954 4606 4257 4927 4857 4392 5226 3822 8858 4567 2686 1020 172 5468 5153 8594 1690 8514 4421 4059 2948 9141 2601 8477 9472 5916 42 2931 6317 1899 3730 2702 5437 6413 2359 4197 7976 5576 6954 9534 3169 9653 2803 1461 58 7434 7938 3840 5760 939 2449 3212 8984 3928 9603 4493 3109 625 5823 8781 2650 1254 7933 3951 8851 3830 7334 8978 3893 8510 7421 3502 7537 8474 3393 2141 8755 4238 6943 8216 4863 2592 5417 955 6877 9368 2486 5728 8587 6316 7565 3149 5072 911 4800 4684 7313 
6825 2420 8783 121 3647 337 1293 377 8964 6448 963 9361 465 5964 6995 1318 8435 1680 2981 4857 1764 4978 4392 3582 5532 8634 3644 4355 9045 4587 7190 2723 2743 8537 3501 5666 3800 5601 9226 1038 8417 2853 5057 4742 7279 9149 4758 4822 7661 5525 3200 4881 330 4208 9072 3553 8344 9119 3096 5918 994 5892 4044 6131 5136 5906 2832 1165 7061 8749 6852 456 1055 4350 5034 5478 4563 1731 3190 5035 9625 204 9934 7481 7400 1491 6299 3921 2307 3175 162 7453 9672 8178 6421 6992 3309 7225 4471 3856 
6015 6425 3614 203 3984 6193 232 3418 389 3474 5265 7913 1890 8067 977 8851 2024 6708 727 130 1277 5662 6015 8023 5410 1687 3786 9628 1857 9359 1182 3239 3902 4561 2837 8493 1633 7345 2136 6184 6878 36 8185 4882 1413 9595 3046 4196 5080 3040 3775 1675 6225 7859 9760 150 2359 5649 4613 362 3402 718 9080 6678 8171 435 7798 8546 2737 2082 7938 3319 2130 6146 235 9396 3866 8236 9660 3843 9857 6843 2965 4721 6709 972 116 2619 9721 2197 9183 4486 318 8023 5945 149 9597 2381 7212 9005 
9967 6347 7871 4798 8194 2773 3453 2977 7803 5876 904 7625 1245 6553 6818 2233 8769 3146 7244 9534 1485 4594 8201 8937 1944 2786 9528 4694 9123 234 747 8650 8543 3303 3588 420 4577 9555 7410 5288 8885 3487 223 3465 456 2383 8316 4456 6040 325 3728 8354 3114 4403 1306 4664 1359 8764 3752 2926 8402 6288 9986 7541 2697 2533 7997 6761 2356 1463 7451 245 7369 6324 8094 4123 1242 9573 8612 7367 3791 281 467 6897 2263 7439 8645 1060 6316 7012 8825 6323 5665 2562 7033 6629 6310 3997 5643 1960 
1416 7142 4956 8186 5398 1207 388 4475 1478 9836 9906 3473 3655 194 190 3065 1257 2059 3065 7169 3827 9628 9638 5354 1613 8155 4511 7939 9663 2708 9391 1532 3472 2832 6442 4596 5474 1421 4960 436 8985 7410 9299 3784 9768 5127 4618 6115 2916 2724 2479 9109 3245 2464 545 4045 481 4334 7689 8103 9066 9211 6300 9726 9847 6857 7939 7386 4047 2954 9770 7014 5393 9130 3031 2921 1065 4912 3385 6980 8745 7485 8529 2979 381 4613 9863 885 2254 7031 5567 4757 8169 1423 1440 4639 140 4093 29 4538 