5303 9028 6250 9335 1652 9279 5539 7194 8302 6907 2264 9590 1185 3167 4386 9110 4631 1185 141 1198 3918 2244 815 8780 2124 3309 3402 387 2772 6493 3922 4154 9920 2807 3977 5320 6101 6032 490 8181 689 5923 9212 7248 794 7754 7756 3499 9929 2983 5790 8566 2587 6406 6745 9258 9604 3366 7979 3258 6561 7048 9017 8597 5003 7196 2074 9309 6354 9526 2582 5349 5627 3826 599 3322 8274 3511 8719 2130 1946 8897 2626 4865 4539 388 8663 1202 3549 2397 8211 9024 1723 1477 4542 1425 8940 8930 7669 9618 
3207 3615 8085 751 211 1697 878 5347 6145 135 8237 8467 8027 1952 4022 4809 5121 7351 2273 2124 6787 9338 8600 6901 9220 8796 1668 6213 6042 7282 6903 5842 639 3198 4518 4893 7406 1120 1702 9563 7092 7875 4987 611 369 3579 3954 4626 8408 4515 8096 7080 5369 4013 7324 3004 3319 2477 276 3989 316 1777 6332 5127 1423 2954 3480 8771 2806 9210 8285 6537 8689 1533 8795 9508 6848 2255 7284 2154 3725 1557 6736 70 857 8388 7233 8543 7396 1135 5901 8989 8701 783 3281 3352 5946 9746 9291 5875 
1072 6940 8244 692 1808 7729 5971 7008 7137 3502 4206 5924 3592 1619 6009 7874 7886 976 5186 5130 7491 7121 4995 9656 5873 2368 2892 111 4313 4678 2079 9761 8580 8848 2800 9921 9824 2062 5514 4830 2280 9841 5527 7785 2111 9711 6803 7004 4899 8592 6948 2670 3418 2116 7972 1614 1865 499 5865 6876 8080 8491 6372 8189 3660 8527 6481 6188 1031 1355 6763 1340 6853 3564 4176 6683 3336 2407 1648 9819 9543 6721 507 8217 502 2841 7457 7503 839 3336 7468 5959 3389 8458 4844 5207 881 9782 4436 3574 
1405 5535 6998 187 3587 9848 6471 7274 1131 885 7019 562 8319 6022 5961 9539 336 2713 4576 7822 4112 4472 3116 3664 4367 5720 8057 8652 4694 1639 8931 4612 4711 8014 4964 9577 1618 9067 4468 7084 8723 4448 643 1081 1712 345 8436 5843 8578 1972 3047 7706 6429 4782 7221 8384 634 3569 9148 3605 2212 6488 2229 5010 4362 6400 1583 7586 4045 3127 8144 8280 8835 2996 5088 9302 1274 4034 7881 9286 4546 304 560 7735 6052 4601 5945 638 3276 1804 3559 571 6918 5433 513 1650 2995 9157 4951 2800 
839 2291 6683 5875 8726 6533 5034 2379 923 9265 46 337 594 1711 7208 3743 4831 1657 7464 1057 9420 901 7142 6172 1071 9634 7383 4061 3019 1814 7172 8394 960 9099 3928 80 1532 2723 310 7007 7628 7138 6455 2813 646 4075 9876 9035 4970 8006 6785 7860 5984 360 7562 5051 9059 9631 7268 9517 1546 2155 8819 4068 1615 3762 2339 2565 864 7319 5575 7088 8298 9913 2608 3380 1354 5302 1281 8415 5048 1517 4728 2994 6904 7589 665 9684 5190 926 7399 2933 2885 1979 9072 4518 1820 2062 5176 356 
4514 3778 3450 1408 2624 6651 7679 9261 1933 4069 453 5400 4996 1231 2111 4812 5994 9493 8349 8918 1699 9593 925 8820 4041 3522 9651 9742 9993 5732 433 3734 8270 9264 1043 6132 2018 9120 1623 9689 1751 265 597 7448 8123 4603 2138 50 7840 5963 2360 1274 2988 5131 6470 5475 6830 2593 8130 3723 2072 8822 3552 1322 6251 6413 9721 8666 5599 8300 4959 2969 665 3142 7024 8196 4752 8277 6595 7508 6132 2376 2870 572 7514 9446 8772 121 2553 9148 2049 6974 2994 6495 1980 1100 149 9235 4058 8582 
4805 3310 2161 7948 4797 88 1064 9103 1213 3802 3634 5675 2290 803 3524 4589 5802 9320 4811 9306 4981 9087 9853 623 8277 6956 8076 5712 9657 7860 1029 6499 8544 8596 8142 4746 5792 4186 4686 2205 4055 8433 4998 3687 9914 267 3155 8798 59 536 5761 6112 477 1045 9838 6266 1983 3018 1691 5725 7728 3996 483 3266 4969 8030 9233 925 394 8273 9805 2468 496 8979 8228 3329 2903 7263 4276 9363 6207 6312 2691 7745 1742 4627 8609 5445 3394 656 7981 2362 8948 9629 654 2320 4081 9112 8178 1001 
4081 3146 6300 5878 7522 4203 8179 9804 2743 975 9538 9534 8149 2944 3724 4788 1089 3488 2681 395 994 3258 2937 9260 580 8069 6561 1005 5950 8790 2278 529 4617 9396 841 8213 8436 2955 9527 5106 8019 4417 8043 863 5834 608 6375 9682 1443 8789 6160 6367 7143 7524 6503 80 2113 3845 2387 3813 8994 8963 64 6119 9400 946 2112 9375 687 4470 8254 8663 6026 6308 628 7044 4231 5518 5080 4015 3903 5740 6665 2692 3758 6397 3014 9302 2178 6947 8910 362 6545 4557 7309 3105 4249 7649 7918 7018 
5544 9764 4146 2444 6224 4270 8540 8260 9452 9669 9433 4347 2503 7915 2887 7744 6374 8234 591 933 2327 2836 6767 5235 4764 9316 9909 6410 2804 9046 1638 5945 2370 1882 5821 142 3292 2243 7871 2774 4224 3380 7294 949 8492 4652 8719 161 462 5391 9801 2531 3739 5268 5076 6278 4326 1766 9387 2160 4539 6679 188 5601 94 6018 2863 6210 7569 8184 3308 6809 1486 7231 3727 5681 8862 9025 3462 9032 4267 4734 9930 1965 3798 1207 7879 6315 3811 8052 724 6793 6384 2136 4406 8734 6981 5560 2201 1611 
7542 6036 7130 7775 2631 6390 1501 3023 5481 4390 816 1442 8685 2 3484 6506 2928 6838 6726 2557 4003 8042 1662 3232 3259 3640 5636 3397 3128 345 4289 3119 6918 7513 9175 8760 2400 4937 1146 4687 759 112 8925 9061 7338 2685 4437 6550 3479 2078 4132 7190 9590 5222 3025 363 3338 7802 41 6591 5075 5021 8727 2822 3277 8048 3376 3938 3427 7230 1384 3427 444 742 1871 2694 9469 4693 4906 9098 7146 8181 6436 3815 8471 5793 1899 8934 6743 5016 4573 8598 5200 3494 2482 7519 3224 219 214 9045 
8144 4532 6714 5186 5441 8296 6072 8130 42 8288 6734 6861 3376 3291 58 4435 8971 8287 3097 6250 5778 499 2270 9131 3707 5422 1234 6859 2460 522 2438 9117 1316 4029 5585 3516 7902 1699 9716 9434 2218 513 1988 6947 9226 9411 1494 3190 6279 1302 7998 2578 7743 1883 4867 2658 1890 7787 744 3865 606 1404 149 6645 9615 4694 3347 1335 17 2780 8501 5123 7033 3843 6843 2965 726 9308 4898 9532 9576 3529 9630 3240 7559 6046 9422 5706 6432 1224 8044 5084 4531 1684 1605 3921 3126 4277 2680 4789 
5327 4566 3922 239 3450 1904 3681 5030 4080 6015 8110 7109 5505 1502 8438 4258 7329 173 4796 2162 8657 968 842 7126 677 4624 9037 6333 5624 6640 2398 5741 5834 4652 9269 3617 6160 9696 6367 8460 9216 9927 6885 5926 2301 2903 2963 4346 8994 3903 7348 6119 3096 9375 4470 6026 6308 3137 9766 5518 8414 4528 7816 5391 6665 3342 9584 3758 6896 9109 2178 6947 8910 3488 765 1406 2828 3098 3907 6379 5193 522 5766 4054 6526 5913 9820 7417 148 4506 61 6852 930 7178 6697 7761 8927 9289 9536 1890 
4778 8401 4031 693 6190 3146 487 5192 3356 1039 3607 2441 3998 4119 2687 488 4712 3178 2451 8747 2522 3964 513 8102 7738 8755 4210 5197 9958 9121 8648 6139 8570 4627 2682 6893 2694 4337 9783 2706 9348 8228 7481 7433 7009 3722 8386 1496 8336 5338 2743 2859 8074 718 8415 5573 95 2832 9091 3715 7868 6 6701 7703 1562 1698 7294 9494 6385 6452 6259 2304 5642 7541 681 69 8181 2556 5790 6449 58 9009 4763 8860 4402 1671 3916 6543 4147 4122 7301 7940 7132 2942 2280 7490 3676 6452 5406 8724 
9133 8618 9486 905 5739 2280 2227 4692 7490 8148 5785 2810 7507 3501 8050 9339 7819 6130 9821 4602 7426 2933 504 3638 926 5073 4569 4468 1596 8180 9846 7885 4131 3941 4560 2082 8294 7724 7713 591 8611 4708 8071 5587 9718 7156 9476 7859 2666 9904 4934 4888 9179 1333 3723 6834 6390 5692 7915 8725 4577 3875 7395 4993 6817 5587 9840 4368 849 9690 3675 6925 4083 2811 8551 2365 4893 4147 1751 9748 4804 9357 7396 3279 2001 5089 9912 5306 116 5348 7798 7340 58 1528 5064 1559 1597 325 8854 6251 
908 8041 2194 372 1897 5260 4780 5646 7823 4956 4448 4316 2093 4944 3919 7231 9320 7340 3342 5213 724 1325 5860 2074 9534 9105 2307 6726 5920 2545 1212 4311 8328 2676 4780 972 6858 2508 6169 1286 9981 8482 5837 8008 4182 6476 167 8397 6790 6636 893 5756 7580 5800 3582 6410 1403 973 2591 5496 2715 6840 3829 1895 9316 8384 4343 1183 4570 3576 3985 2328 9873 123 7417 481 6284 461 2641 7602 2241 1061 2923 588 9723 2830 7229 1259 1748 3285 5986 4917 1670 6950 9426 1123 9557 2791 8412 3722 
2322 9345 2647 5344 4989 6318 9650 5559 2576 5327 7973 9746 976 8495 1682 3059 3289 2295 7355 4065 9392 6413 7776 9854 6234 3432 2310 925 3441 1262 6500 2337 6142 8437 9038 6726 6670 9402 7860 8923 5710 3335 9541 4064 5287 1690 1965 6929 4263 7858 7584 6004 7425 7574 2983 2086 4070 2349 9693 2150 1606 9820 4808 5006 528 5410 9603 926 8002 5106 5117 9371 6417 7189 51 8951 2702 875 4821 3777 3487 4805 6545 2962 9582 7187 6241 6222 9024 3612 2122 3170 4618 7158 6407 6636 183 7299 3622 5539 
5414 738 2066 5526 2565 3722 6950 8726 8531 7850 6834 3945 8006 6311 3264 9800 8978 3872 2277 1357 4168 3902 5934 2978 5969 7812 9969 6919 3887 8422 6227 841 3639 6836 8487 2795 2955 8841 2020 3760 6294 6449 568 2877 3629 9234 3708 6677 3449 3599 8023 7403 815 4374 5663 5728 6659 7743 6767 2157 4194 9214 7987 8052 8538 6265 6247 9454 6611 4230 1489 357 905 5906 4330 7660 3596 4424 7329 4430 5663 8165 7231 4272 5681 5775 5192 9025 1587 3462 2830 9032 3952 8527 5736 7668 2860 6983 5477 1570 