7068 2174 9840 6695 1914 2720 1772 3651 1510 5533 931 6895 9767 8965 7931 671 8455 6681 6443 1169 7155 9690 8616 1854 9627 1381 6710 2189 5430 8952 166 7138 2226 9859 9553 4526 1257 6906 6140 1144 8960 9193 1924 6378 4183 6784 2541 1025 761 9763 6291 7394 1294 9670 5044 6471 6762 7723 4100 6075 419 4218 6699 5370 1521 219 6592 2466 4432 4540 5815 2517 9182 7005 5366 3745 982 1518 6748 1423 7644 2125 8714 6421 7108 7036 4738 639 4400 5108 4546 3447 4105 3885 9644 4241 1933 7035 675 8984 
2199 3464 943 2473 9966 9091 6533 2090 9407 773 3698 3076 1189 9340 3881 3429 3012 5113 4253 5094 9162 8199 5180 1205 6489 2054 1840 5067 284 4532 5175 9562 2788 9759 575 8771 1571 9338 4853 4415 4363 3556 2432 3993 3117 7970 1992 9722 2958 7651 9209 8678 6592 7001 5172 3659 1832 4221 2465 3948 7203 3504 8913 2572 4989 9663 8779 6441 389 3198 8453 9141 7051 3453 7656 2993 6400 9024 8224 7858 2465 5936 9361 7500 7980 50 3931 4031 8193 6094 6833 1337 1368 5824 8694 2122 3354 9271 8962 451 
9804 5708 5804 685 1032 8063 1232 3688 1002 7539 499 6286 2863 1688 5409 3899 7762 2072 1630 9797 7339 5602 4376 7092 6634 397 5155 4218 9184 265 6373 4707 272 9651 2881 3282 8690 4992 3420 2017 401 1097 593 1301 780 6429 549 9282 7399 5528 1957 1967 7734 226 8419 8110 3346 5173 5188 877 9285 5468 6053 9860 6841 6949 5825 3041 3928 7992 1125 1656 2844 4683 654 9770 9701 3958 4617 4420 9990 876 4836 1397 2657 5277 4678 3782 4214 1120 1804 1648 9050 7060 6419 9083 369 4980 4933 4433 
4604 7289 5172 1480 8583 4491 3229 6032 7486 3147 6523 8401 7175 608 4304 5313 7930 4137 4047 1987 7645 4512 5839 1060 4846 870 8966 7249 2725 4388 9068 304 6629 5463 9843 5220 1050 7598 7020 1455 9748 8592 582 1947 819 861 461 3635 9563 8630 7942 998 5993 2842 9065 514 5363 7259 1805 7243 428 6393 7016 8403 731 4616 6122 7147 3142 5575 5797 774 9566 4667 608 6550 1706 7747 8198 4770 2269 363 7431 6147 4112 7802 7017 5075 6223 8048 3938 7333 847 6147 7673 1871 4693 9098 5793 8934 
4076 1773 8765 5200 2482 7519 219 1642 5186 3437 2973 8720 1186 2589 1429 4968 7435 6373 3366 5248 2177 2143 9524 7243 5641 9507 376 6461 2963 3931 7769 7712 7124 3636 4001 2443 4690 8069 8955 7292 8930 3289 3149 4846 7013 5766 2953 1182 6566 8166 7920 2827 2248 1576 6105 3344 6632 7917 6770 3100 7064 9226 4981 4668 9349 325 5483 7251 8110 2522 4425 6657 2580 2575 1961 8829 2154 519 2698 4718 9590 4458 6613 720 8466 9225 38 3781 2932 6849 864 1972 1970 9406 7447 548 6776 5193 11 9607 
61 7988 2255 2134 8977 5982 3085 8368 8008 2107 1854 2473 5271 7324 4293 9212 3309 6242 6398 6758 3394 5621 9914 1836 9877 7028 2685 7287 9150 6112 936 9778 3832 1691 5725 6122 3799 483 4131 8950 4969 3002 394 5894 4474 3313 2336 4059 3098 9313 9472 5681 2549 3811 3577 8885 2066 5327 4959 6038 8909 1075 4201 8919 7337 8030 1395 8858 4896 2901 9675 9605 1490 5169 4733 981 4666 8163 4709 3176 7066 4524 6206 7001 9889 319 5733 2157 4703 6639 6546 2894 7971 1280 6774 9729 3380 1854 8564 812 
8825 3852 2368 940 6318 3660 5065 2866 4656 5876 4229 5788 2065 1587 7085 4711 3171 512 8561 7780 2445 2248 9244 7142 869 738 1944 6221 7110 7214 6993 5603 267 9171 1645 6496 8896 4988 5614 2061 2708 2134 4295 4828 6786 482 5842 4838 7121 5885 2707 4889 8027 6095 9172 5769 4272 5298 8724 5953 8950 7769 2088 2776 7653 9412 3639 3911 3534 2344 535 2992 4617 3177 1123 5185 5014 2345 3964 8873 3078 8194 5871 3842 8667 9451 250 8453 7425 7984 4268 2049 9557 2703 2466 8268 6726 7409 6585 2788 
6320 8487 3394 1123 7876 7586 2638 4131 6919 7920 2650 3229 6463 7273 349 1475 3694 8703 7127 4153 7551 6412 3420 2938 4393 7953 9834 5961 6712 482 4957 1143 4786 6582 3338 8400 1566 562 3679 9373 4331 4704 4823 9420 8765 1339 4262 955 3569 5838 6343 7642 6168 3509 5726 9295 2327 1791 5241 8017 8013 7524 1937 446 744 9823 7551 4324 4651 5085 7584 9685 3832 5269 5135 8101 6833 3571 7342 1941 9270 3947 5354 9819 1984 2348 1387 165 3927 2927 59 7691 28 4567 6897 4950 4389 6985 3648 8338 
4327 8331 3107 3185 6270 5442 9235 554 8053 4062 7608 5549 8456 5398 4772 8082 6549 4519 1597 1878 4586 5836 4710 3004 4128 5269 6537 3051 8434 9845 7341 2052 9004 698 648 2485 7085 3714 418 1240 3368 7142 9806 7756 7806 2163 2373 4493 7486 5389 1217 9340 4372 9724 3636 3565 5083 7211 1828 857 3144 1372 8478 8201 741 4271 3845 977 1448 9391 2583 6428 6500 6735 2982 8846 1127 768 2826 6018 1939 8135 1223 3147 146 7621 2158 4489 9822 4075 691 6721 401 5060 9528 5617 2773 1044 8068 9645 
4853 1880 6654 6076 6326 7443 1475 3828 5789 2704 7780 6490 594 9713 8617 4265 1653 8111 641 6110 7407 485 2287 7345 9638 4878 4724 5692 2181 9461 2631 1375 9220 6456 1850 9750 9394 6779 5346 9624 8758 717 1954 5014 4866 7776 3485 168 2752 794 9150 338 4925 7820 3121 7908 1953 8703 1816 966 593 7543 2582 7634 9555 9108 8155 6361 4735 4207 846 4289 4136 2967 5085 6508 3623 8635 7781 2854 9602 9754 6555 4794 9045 6245 3641 6359 1602 7376 2212 5325 5880 2392 3230 9319 7248 5836 3238 6477 
983 4636 4358 6866 9624 2742 1935 536 3943 5085 9809 6583 6041 7413 6119 8575 9458 3044 859 3545 708 6183 8471 323 4630 6385 3743 5098 951 6215 558 3546 9052 4826 3638 9890 2348 6636 2353 1749 9809 1202 6291 3965 3176 2379 462 3316 3511 6666 8139 2885 1505 6915 2115 6018 5610 3757 3929 7730 3532 3278 9416 8453 3044 7032 9047 9368 8260 1915 9625 4680 3847 2095 5858 6562 8684 7976 2742 8685 4662 7034 5086 336 8027 2546 4590 8800 355 1240 2968 1708 6106 1821 2157 2049 4632 7116 5724 6119 
3047 362 3398 9969 5138 4176 6029 6176 8676 4458 2484 6150 6265 3502 4493 4057 8047 2582 9252 9358 1331 7481 8269 8493 8123 8376 4370 2242 3108 9001 2472 2388 3945 7644 907 1603 9561 4437 2482 5281 8509 4361 8103 3318 7341 8547 6201 9801 4125 6429 8175 2850 1297 6948 4315 3802 6171 3991 9624 8992 9568 17 9541 7407 2283 4066 8058 8182 3087 9335 3158 8626 6459 6799 3017 3360 2597 1418 1604 2876 1449 1884 960 1341 3659 7099 9932 646 8838 6845 2797 7591 1514 6459 7541 3487 9468 3204 4878 3616 
8642 839 3062 1853 2255 1237 2219 1748 8932 6993 2548 3927 1118 2108 2191 3927 1382 1384 1422 1579 7183 7406 3873 8601 6865 712 7833 8188 512 5635 2156 5008 2456 1546 3578 5597 291 969 3751 3735 3351 2452 4570 5815 4213 3174 2068 1923 7162 4666 9595 3203 300 7462 4008 6605 6813 1022 1595 133 7470 9716 8291 714 2660 2939 8538 1415 1075 3935 226 6277 3768 6412 1253 4096 4605 8348 8071 9166 2299 7211 3842 7268 1898 9799 808 4328 6790 2448 6210 4613 4494 5116 1869 1304 8243 1232 9831 4600 
7551 6318 6892 1600 4277 6252 9116 7262 2920 4319 9506 2165 4794 1092 8709 1731 2229 3119 94 8913 4614 4901 6384 587 1802 4921 2824 8366 3893 285 3587 919 919 3834 3773 8286 7068 9870 9396 5448 2274 5392 474 3516 3477 7999 9949 8946 5787 8075 8136 7256 5039 572 4395 9357 7021 9728 300 4725 9450 1561 6804 9026 5017 5128 9054 3806 106 7665 251 1964 2126 1270 3904 5352 6934 5374 8645 4813 80 6452 1719 952 1701 6878 3813 2218 5317 6677 1731 7274 2439 2049 1642 9226 6736 9983 4434 7805 
3027 8309 8029 3268 2180 3872 5787 9844 3033 1765 279 341 7162 9242 5851 2150 1057 1380 9798 8441 4965 266 264 5892 3341 575 7482 1007 682 2422 6671 9922 621 6525 1482 205 5049 9321 7062 9555 8485 338 621 3570 7051 8541 9879 5557 1439 7595 5115 925 4424 629 286 7727 9472 1788 9055 3587 1894 4576 927 7935 7853 4511 633 2729 7558 3296 4838 9062 7041 6966 6478 6956 2467 8951 5137 5170 885 5434 572 7139 600 1055 6420 158 1785 9720 7097 239 8249 5185 1885 5475 6592 3207 1765 873 
5815 7742 2258 9617 8989 5884 1635 4796 6243 6447 8367 5606 342 7590 8179 5927 5519 3743 3221 4017 4646 6678 8044 8970 1089 6170 7636 8081 216 5414 8624 198 133 5309 5113 7021 8687 3186 7413 2525 342 8595 6234 4741 7685 1982 4961 5599 9721 2794 8921 1578 318 2376 8317 3383 7714 5380 1810 985 5981 1014 5058 3212 515 6395 1543 3030 9278 9447 4273 5606 6490 7215 6089 3226 6405 7128 5219 8906 5065 5213 1481 3585 8829 3883 6730 2917 9981 8568 2121 1126 2194 1125 5925 4609 2802 1517 8150 5609 
3973 8751 7190 3771 4109 9026 6563 7075 1368 8747 7306 1229 5338 3554 1716 8815 1458 3632 4248 8973 1634 3318 4864 6380 6598 7013 6833 9011 2478 8848 9647 4882 1608 2597 917 1988 1082 6574 1073 5975 4971 5635 6359 1549 6890 7899 8722 5478 4364 7784 838 6713 1509 7178 7328 7038 7166 7718 623 3572 2387 2665 1134 491 3175 9809 6863 1804 3581 9395 7298 3168 2825 9890 4088 4910 6335 7277 1426 3180 5193 5751 9656 5776 8069 9992 5874 4289 3724 9481 2729 7344 3424 9662 5537 2535 5696 545 6927 474 