7233 5603 9350 8566 414 2827 2848 1952 5081 778 1267 5444 6984 4365 9301 6119 1609 8837 9808 8929 1105 3934 6379 7541 4528 3885 6581 5417 9825 5014 1877 7736 1728 6506 3224 718 892 6892 3981 6712 485 2514 1130 7083 5937 20 7759 4307 8210 3037 6493 1623 333 3538 6221 4377 4514 6228 6108 8993 1744 3562 7440 3522 8405 3553 856 6103 618 8026 7933 1605 2154 6633 4614 9158 1480 1320 1934 2657 6873 7294 4133 4011 5775 3902 141 9153 3365 7587 4110 9838 3388 5915 9502 939 5198 3359 5151 6966 
2716 8527 6098 7050 4946 1723 5778 496 3855 2221 3976 1150 1099 9496 5739 3127 6727 3539 1496 8140 3219 8572 2480 7792 9615 9623 3873 6303 1961 8840 1976 4226 4784 6103 8695 7009 2521 2603 3321 2429 837 1415 4520 2585 7652 1647 7402 8361 8275 7705 380 6403 9749 157 3835 5482 5945 9699 8060 7740 3430 4944 5147 2797 4668 9752 7384 596 9597 4372 9328 7860 3927 4969 7889 7123 8079 9081 1943 7002 4758 3444 7816 2788 5007 2993 3914 2244 3873 5108 8788 4039 8842 7448 3721 151 6601 9018 206 6087 
61 8650 8712 1033 7895 8224 505 9594 7261 9394 4297 5473 4505 2206 9869 3300 7343 4316 453 6966 8086 1329 6140 6437 8366 5635 4030 2224 4096 8303 174 8368 7422 7563 5512 795 8538 3574 7666 8222 3555 1597 7727 8023 4049 6710 1372 8518 5372 319 8723 5789 9268 4398 7618 9010 3012 333 6501 3981 3857 191 8425 348 7599 7918 8878 371 2142 7559 1208 9124 3724 6355 5603 1160 3740 5612 7957 2996 664 311 6185 2871 6930 4910 1822 1162 1863 2527 5648 3454 2453 4775 7767 5928 9429 5144 3514 3853 
8050 4343 6565 5328 7134 4446 1273 7000 7469 6445 5897 3680 6739 8548 8000 4725 7686 2196 1501 3712 1864 3244 8628 429 8508 3460 657 693 6911 958 1098 7625 9238 4633 1909 2566 9163 303 8928 1394 664 6255 2105 6591 1102 5417 8170 3427 9274 7461 9988 8529 1676 3507 8140 1674 9796 9630 9260 162 6140 4117 6031 9719 3307 5048 8475 6117 8436 5763 2785 9454 9270 7277 7296 87 1328 6926 9347 3066 3465 2785 3532 8095 4388 7587 5017 3453 1605 7428 2136 4459 288 158 7618 6670 4765 7687 7507 2955 
2705 9504 1727 3555 6567 8738 4154 8896 2598 5542 2527 8803 3878 7052 1166 3211 330 860 4938 7857 5984 2912 6902 7030 4671 9414 213 1941 6150 6873 1221 3407 8273 925 7982 7836 1256 5194 1493 961 9658 3297 2912 8711 9259 7976 1809 9918 3173 7015 5032 4394 9631 9020 7700 6856 5308 5983 6473 9320 6459 9770 5569 4435 2449 9916 470 2367 9995 9259 8891 9762 6561 9208 2970 8954 7545 4626 1482 195 7206 3226 9043 7699 8515 7067 5337 1294 955 554 2427 3464 5797 6377 1357 5159 8246 6078 465 3268 
3623 1443 1102 1638 8308 6870 681 2654 921 4184 1169 7422 7603 2643 5249 8192 5803 619 3414 7952 9310 671 4389 1740 7489 1715 8932 5359 571 9772 8581 7604 5854 1788 3277 5743 2272 7351 3148 1988 1101 8131 6763 8872 7994 2881 6570 6927 4345 8281 3850 6862 1454 2896 2717 9595 9196 2346 2003 970 6331 9354 3192 9480 3676 6933 9663 4016 8535 4903 2010 7768 7825 5289 2114 9139 6232 9321 8390 189 4677 1879 1706 4563 2387 1250 4043 2415 6430 7328 6093 6294 4983 2808 9946 863 5267 5437 941 6031 
5279 9331 2572 9956 68 804 9341 8126 5367 9377 495 2159 3090 9125 4605 6818 1771 5585 8153 6428 4334 7313 2726 1549 2581 4515 4996 9874 547 6628 9471 6584 5625 275 2277 3752 5642 357 9481 1640 6330 4016 8183 9960 419 8416 4475 1767 1374 8395 846 1332 9473 7473 3609 9468 9058 7224 7524 4423 9648 8439 8308 4183 6961 9190 2796 9823 9978 7704 6338 6053 4022 3183 4265 1941 7646 2846 8695 3165 773 3981 1009 567 9569 5104 4899 7978 9018 708 9558 4967 2111 7334 2047 6234 1859 1244 2371 6521 
6752 3711 1810 257 3937 4084 6210 4489 1197 7097 1227 8849 5968 3799 258 8285 3198 6886 3562 2349 306 979 7983 2580 3332 7826 5325 3414 4235 2710 9625 2832 9112 5305 2683 4409 7502 3841 3897 7613 8318 2767 4029 5477 9243 3780 7239 7341 24 8518 7090 3710 198 5657 2030 8830 7788 8018 7289 2415 8566 6089 2507 6119 6170 4138 2858 1050 4936 7456 9601 4262 6769 8945 9875 3987 2983 2426 7215 7305 1190 6302 2443 484 8499 7303 7013 8168 8769 2337 6219 9090 7496 1560 4219 1395 9070 8440 9124 1802 
9473 377 6608 7286 2 5452 2644 9902 3068 2259 4174 7707 324 9000 1095 6245 7709 9004 717 4752 6446 8687 8330 7176 3342 3762 4642 2057 1805 622 2726 9902 7087 571 1509 6286 982 281 5253 1575 2868 5877 6449 58 9009 6367 6875 3210 4039 5475 7140 7259 2394 5707 5478 9367 6997 8210 6741 2486 4726 3247 7420 69 9796 6165 2978 6071 6600 2905 1327 2499 4388 9624 9363 9323 9992 4153 9172 4356 4262 9486 9290 5253 9898 4688 3430 3306 7987 6784 9831 1897 6885 1379 2904 3292 760 5588 3408 1286 
3325 6428 5696 1 2569 8295 4824 8177 5813 565 5774 563 4608 2167 7110 1256 9062 2700 2657 6702 5152 8890 8545 7903 6759 4406 3909 6389 9480 2544 3985 7346 1763 8260 6956 3475 5918 6153 8449 627 3338 2957 4374 6509 3937 8514 4222 4039 9351 3859 9712 2522 9888 7225 9592 2674 3479 3583 7797 4630 9887 82 5171 4315 2637 1663 5793 2828 8741 3743 8373 2051 9163 3988 375 7194 1184 8365 3149 9858 4800 7313 8193 2420 8783 121 337 9468 131 8964 9361 5964 6995 8435 4983 1764 4392 4218 8727 8858 
1658 5153 6786 6833 3021 1459 1441 6672 9044 7072 6832 9313 5542 2054 679 7844 2500 147 8885 6995 1902 8125 4456 1382 5327 4959 1205 3365 8236 5671 6038 1551 2162 664 2257 6623 2324 6604 6356 3257 5587 3023 2863 1292 190 9231 1058 4770 1690 1065 2634 9619 3944 3230 1371 1987 8068 4794 2070 1989 3723 8629 9073 8822 3775 9721 3817 4959 4057 1566 108 1615 1742 8156 1648 6777 315 7921 2376 6221 4596 4750 6339 2701 4899 1048 1923 2522 9890 5697 7984 7624 6140 4 9273 244 9588 1862 6910 739 
7291 9192 5532 9653 1094 4552 8765 2359 5446 1288 6626 9673 5837 2165 5573 1513 4776 9355 3570 9913 2335 9010 6840 2658 1854 670 7334 3673 8681 3519 5253 6476 569 6473 6736 1256 1433 250 6352 9483 9023 9890 9364 2625 8126 433 9220 6346 3372 7223 8473 4197 918 5482 6462 5077 7711 9892 8147 5537 3024 6841 8289 4488 7632 1687 6102 6497 8149 6912 1982 2599 7927 7807 8514 5477 6932 3780 9799 24 8518 6039 7090 3710 4750 8779 7921 5327 8453 4758 6065 6910 1669 9796 4742 5582 8401 855 6331 2307 
5922 5267 4915 4866 8070 6279 4508 6330 4304 7424 6380 289 4781 1145 4861 3978 9685 5482 5982 370 9042 2614 4765 6711 5151 8545 2180 7378 7778 1672 7419 3836 249 7189 5866 523 4848 3591 2549 310 1119 7131 3423 2068 7494 2517 3008 7055 4663 2213 9914 4901 4884 6257 3441 555 1033 3078 2923 215 3871 325 8159 7883 7365 43 8349 5687 2506 9441 6827 412 3555 6204 3631 7581 1036 8852 7825 1416 1829 3747 6654 2526 9909 388 1386 2345 1715 6965 3226 9090 6828 9003 9975 6941 167 7799 3242 70 
6110 2721 8762 8726 2769 8688 9147 4699 2148 304 9431 2395 5617 8150 4907 4028 6870 4093 5203 374 1544 2767 6645 7066 2853 3876 2263 2344 539 7234 960 9236 8517 6017 3928 5294 6865 6163 2764 1194 9694 3131 5203 4319 6874 168 1429 3440 652 5348 5608 9154 1685 4702 169 2875 6752 620 9578 6056 2219 748 3679 1910 792 3691 7245 4904 319 6216 2227 1497 3168 25 4466 2736 1823 6070 5142 1611 749 7752 2530 764 5230 1719 1561 1883 1355 635 9776 2246 5141 8513 180 6671 7436 490 3541 3734 
2679 8956 8807 1076 6211 4485 7292 4774 875 99 768 3737 6524 2520 1420 5371 7241 7181 4163 4129 5549 6300 2414 8088 4338 5223 5563 4661 5740 126 7834 6066 660 4998 6086 266 1559 2709 1540 7192 8223 8718 6957 9990 378 7731 7820 9809 5013 9561 2247 576 580 4036 4905 3839 3450 1781 5625 5675 9642 384 7450 4627 7839 9968 2323 487 7160 4004 6472 9845 533 8565 203 7000 9184 7539 3845 4372 4475 1920 3442 8327 1151 3202 1754 3673 8843 2735 2218 5425 8113 6590 9047 8940 8990 811 467 4847 
605 9104 9526 7596 7652 8714 2539 7409 2387 7645 414 1596 712 3176 5576 2930 4953 41 5873 352 4764 5576 6181 8181 9715 5210 4563 7367 3924 1128 2663 4747 7894 612 7588 8606 140 3164 7889 5093 3206 1797 8540 4878 7492 2348 454 3653 1003 6636 8919 6766 8634 1329 2353 1023 8431 3481 3686 9530 7728 7119 6334 790 6635 575 5883 6193 689 4033 1920 2374 5178 788 5362 449 6324 2128 7071 3457 7788 8094 8240 7622 4123 5350 8783 1242 8036 9573 4229 8612 1809 5653 7860 7573 6300 8434 1662 9347 
4759 3791 4782 8182 3600 8923 2628 1841 5964 8247 5895 3558 5469 4139 1247 3630 914 9472 8775 826 3191 6421 7126 8440 7798 3778 399 3623 8546 8505 6860 2082 3235 7938 3319 2130 9912 6519 4435 8577 3317 9398 635 1895 9431 8101 4670 3484 7178 7359 3883 7153 5906 2389 6242 823 9477 7057 5270 9149 3259 3752 5498 9523 2018 142 1687 9708 9138 1603 424 2626 8502 9804 5862 4143 3309 8120 6532 5903 3590 5380 8978 881 259 2730 6380 9782 7942 3741 4436 6437 3449 8759 1405 8495 5535 4031 9443 187 
760 5932 562 545 4691 8319 5392 227 2350 6022 2537 7954 5961 2385 1638 8785 5265 8964 9539 4474 336 6776 2713 3795 8895 4576 908 5866 6860 7822 6411 6141 1803 505 4852 2819 6117 1604 4460 6920 2576 3999 1394 2913 4108 4346 4570 9355 8923 1830 5221 9652 1632 3687 5793 9788 8170 636 5028 7890 485 733 5803 7442 5193 2723 5544 470 9284 2671 4578 3630 3933 8905 5424 5507 1041 5077 3491 1080 870 5603 7859 6317 6983 5875 4208 1182 2713 1293 6985 155 9708 6526 8383 6530 2162 1055 2145 1001 
1394 7402 6425 6901 8443 1502 392 5876 24 7831 6584 6341 4814 8811 6901 5996 7876 8195 9333 4384 4682 5393 7262 1924 9425 472 9384 7922 778 4251 4031 120 2105 2348 7182 179 118 4993 6747 7341 3158 4942 7542 5976 2067 4805 5393 3991 2218 9728 8504 506 180 4294 890 6652 2752 8018 9000 5170 53 1367 524 8114 4217 8493 9408 7243 6036 5384 9311 7130 7775 9382 5743 5816 1501 4816 3023 348 4390 816 1442 9310 8265 8685 1698 4348 3484 4003 3018 9737 5649 1279 1164 4021 5813 6980 3163 3666 
8592 6689 8497 4073 1080 9937 552 2201 2250 4556 6549 7493 8040 6904 511 2994 2512 4856 3676 8877 657 4804 8806 3337 7846 7303 3762 5278 5004 6540 5556 6121 4158 678 1642 5070 8547 2162 8647 1541 1026 9855 6865 1055 5084 4355 1712 5512 6870 3166 3358 4173 6929 8636 3549 1933 203 6441 6324 8000 3177 8076 3424 3279 8363 8193 1534 8764 2059 4640 3752 8402 6768 6631 6288 9986 772 4763 5291 8187 3510 7818 2697 3788 2533 8452 726 7997 6338 6761 8397 3487 7526 1416 1548 8931 6869 4258 1086 8853 
1740 5228 8388 3513 5118 8323 1737 9286 8442 7829 1514 1065 7899 5388 7976 6918 784 1651 2443 9974 3802 8957 831 3399 8201 4649 5387 8596 6055 8659 8451 3245 9544 4480 4193 4915 3921 8031 8499 2617 7086 9631 7759 6857 8449 4694 1762 2882 9446 1309 7053 6684 411 1724 6525 9159 9821 4589 6470 5598 2875 6559 2234 9943 6830 8930 655 3892 6964 4752 7635 3955 5127 8163 3188 4032 5521 7169 6259 5446 5216 1176 6966 3441 6568 931 8483 2036 9862 7427 9932 3755 387 1037 4480 9753 1166 3124 1028 6951 
2406 1669 4697 7664 5663 6814 4359 4194 9788 9214 7987 8052 5525 5812 5095 330 6989 2906 7847 9894 2988 778 3741 2357 7239 9192 5532 1094 7171 5446 6111 9673 4776 7184 5577 5852 2336 4059 8477 9472 1207 463 2346 7062 9608 4289 2479 5061 8105 8809 8669 75 9116 2340 7440 2646 5821 398 862 6812 3632 2985 6500 9903 2969 7059 4695 5315 8284 1546 6528 426 5542 4311 2277 7256 4265 5538 4569 2846 3867 174 9021 4605 2629 4435 3585 4772 7331 3037 1738 5485 9714 1546 573 6129 7253 6581 3100 4203 
3411 4750 4668 9326 4102 4891 3744 4603 7129 3077 3343 2140 6072 8315 4329 6403 4871 4018 3913 8531 2375 7064 1393 46 7059 6450 3225 2077 2590 341 9886 3278 2666 2718 6353 9956 4180 9635 6493 4653 932 2910 8090 273 2507 5310 6630 6752 8424 494 2024 8479 6810 8143 6172 6421 1944 548 5354 3294 703 7897 5008 3463 347 7251 948 8344 6444 7801 2556 3189 6018 1831 7320 5599 3356 2993 5307 2377 1549 879 1668 660 3205 3818 4091 8473 6483 2827 1275 4166 8599 8087 9473 7824 4294 3322 1478 9503 
8747 1306 2491 1972 3724 5456 3340 1244 6421 9879 8697 9167 7550 8286 4579 6592 4226 3828 4015 3712 5672 6343 6222 48 2610 7249 7830 975 3919 9201 4717 1866 4291 5223 7918 5015 4148 8662 891 9959 987 6160 6065 8531 3681 8226 2375 6378 46 4594 9270 739 8474 578 8673 2886 2155 159 5332 3233 446 2812 571 950 7006 1139 7821 1080 2731 8249 741 9939 4344 2824 8824 7902 7859 4270 8624 4619 4032 5833 5481 2825 5898 5436 4437 9478 7881 1422 587 4619 4445 8905 7462 9713 9409 2907 4316 4422 
7032 3866 2100 4600 595 6382 6210 1127 1977 4498 4945 5897 3909 5177 5237 7354 9380 5590 7765 5239 619 5049 7042 4166 7564 6372 6508 6597 4792 383 4500 9739 5899 1460 6710 4979 1213 7598 3061 2551 8722 5319 9540 1499 5936 8697 6034 836 2830 7921 6108 7740 6066 6790 8147 2559 2460 9062 1893 7329 8346 5860 3898 5961 3377 3568 3621 3558 1022 1012 8069 2844 4514 5276 733 9684 7914 5531 830 8910 9139 8939 4920 6442 555 3634 9749 60 6764 8312 4234 3768 3233 9546 7582 2683 7698 6283 9586 1063 
1925 998 2258 6325 4077 3490 1065 5918 9553 4991 2666 9619 8228 2980 6102 9253 3010 1951 5169 1663 1074 6339 7718 6443 8277 5391 5458 6807 5661 9222 6872 4849 1270 2621 8729 6734 5822 5847 9380 1393 434 2541 5731 2246 4172 3124 4590 6051 7100 9909 2975 6496 7412 7496 4485 8400 8160 3974 7753 3072 6963 9816 6637 8766 932 8041 9970 3999 6989 4007 7522 7062 6009 7621 4850 5509 7719 9577 7564 8821 1150 6538 3536 6201 4890 7347 8828 7798 6391 1524 6848 8475 623 9025 4222 3133 3217 530 5357 2425 
3708 7117 1567 7353 8501 1596 6303 4099 4082 3602 7346 9747 9829 5342 637 9638 3697 4762 2810 8015 3036 1563 4045 1971 4183 9052 4121 25 5987 8903 17 9059 648 4125 9741 8064 5091 1699 6376 1716 895 383 8431 5019 7859 2638 2410 3920 8837 3873 1797 7364 9110 9058 2587 8418 8289 6121 7390 7881 1375 6244 5198 6455 1917 2908 2768 8850 3804 1571 1472 8604 8394 3321 215 1113 5456 5961 9674 1109 5200 5985 44 1855 6102 426 6187 9585 7476 7256 4265 3997 1536 5290 1581 7145 5759 1307 275 583 
5453 5082 2559 6038 4761 2176 9354 9285 7988 5929 3280 3337 4049 4854 8500 4755 1675 2730 2045 3519 7229 9079 8048 1499 3936 5943 6592 3842 3007 6403 7850 1679 1318 1018 4579 6154 9471 2560 1394 2081 5552 6842 1314 6966 8645 6315 4573 1078 4042 5529 3866 8990 7387 5859 4079 203 7014 9827 1589 8427 6966 3918 2911 6341 8497 5124 395 9701 169 7042 8492 1368 4611 4466 8593 4794 7840 2690 9911 3659 4188 8002 4156 6550 8343 9134 8800 4972 1393 454 471 6529 2206 1244 208 3793 9698 7914 8475 3405 
2391 6314 1900 2061 9116 5209 3970 1045 7777 910 1443 2276 7005 9586 9313 495 8290 2005 1563 2181 5610 2123 198 2248 6978 9487 7324 9111 8094 3960 652 1177 3761 40 1211 372 4647 1680 845 1234 4420 1231 5191 4050 5801 7795 2520 4654 27 3767 949 6723 4461 8545 2500 9892 8077 1440 1496 8867 2497 8729 2123 1063 265 5141 8261 4746 8127 4488 212 7787 7410 1857 7390 422 6994 1436 8855 6445 8562 5972 7581 5002 5887 2588 308 3062 9788 2647 6786 1035 7701 2518 1050 1232 7096 8402 1130 8827 
7551 1503 4718 8862 4806 4947 9746 1771 4809 7080 5795 9138 2867 3516 1804 277 9464 257 218 4979 8086 3431 778 4148 2270 4793 7750 818 9476 7648 2273 3185 1461 2129 6490 1628 7178 3390 8952 9812 5040 1408 347 948 9059 9270 2469 2783 4618 2896 1936 3935 575 8446 3313 8599 6691 364 5068 7537 6299 7385 1180 7230 3678 4656 2075 6496 3262 4682 8571 417 1052 1022 1027 5683 488 9672 9236 8434 7611 4060 3951 6796 8495 7888 7234 7709 456 5594 6599 6137 9629 985 2911 3359 7166 9959 8338 1122 
3763 6495 7968 6132 6307 4378 5767 9998 8945 3260 7530 1316 6709 7926 8624 2607 6555 5944 816 5586 3601 1722 6378 9141 7089 8663 2573 6114 6409 5489 3503 8866 7902 8465 8680 6407 8316 347 2390 3191 4221 5020 2220 825 8200 1521 8518 8482 7181 3286 3940 9593 989 7103 6178 8850 936 4326 1781 6598 2286 1419 1901 9964 6418 6851 3764 5362 2171 5901 9686 5407 8545 7598 6530 722 419 4305 8001 4137 159 8516 8531 8327 4050 1857 1205 8572 5762 7925 604 452 2939 6211 1100 7354 1001 7501 255 8180 
7912 9002 4570 8478 8255 6751 4252 8560 3850 5706 4708 3004 1482 1569 7339 1779 2383 3242 2315 6030 4340 2815 8605 3098 4882 4626 5459 1846 3293 2800 1357 9365 1444 9051 6758 8969 3634 3204 9247 1693 7853 4227 2789 9121 6546 1191 7110 8658 2628 9647 4218 568 3637 8304 9931 5656 155 4377 8952 4964 7932 7385 2344 5645 375 631 1722 6626 2946 136 3751 3537 1020 394 8508 3652 7331 9683 4536 1699 936 1539 3944 873 1301 2600 7466 3997 2873 764 4824 200 1899 4878 1937 1002 791 4628 3660 498 
8175 2850 1297 9088 2261 8577 3212 1429 7235 9448 6681 504 5901 6500 4088 5377 9160 5167 9442 6146 5818 3561 3914 7372 7058 4401 3460 8708 7872 2971 6748 8705 8266 5178 2752 6943 6734 9853 1010 8964 3700 6288 8788 3002 3322 8247 8254 4761 4684 3545 9264 156 3880 4267 5869 7492 7091 77 3638 7561 7368 441 5333 4463 2971 8914 8895 7842 6485 2789 8290 4831 4228 9538 4208 2358 3697 7915 3521 2164 175 3526 2856 6969 6151 1835 8645 9623 7698 6118 6797 9063 1919 8888 3858 3931 5011 4557 9556 9815 
553 1492 8549 4352 2399 1032 2776 7921 9927 3246 4133 7193 8107 2690 8358 7099 2660 7231 9770 1407 7486 1124 1685 7569 4155 3756 1828 6742 1911 1103 6812 3611 1938 1398 7605 6739 6429 6985 2631 8992 3223 2566 5107 6204 8545 9896 2548 6730 846 6745 2169 6205 8862 7324 7633 9251 5098 1720 4141 5928 9130 2612 861 2506 1692 7607 7611 2370 3539 2404 9800 4141 8930 2971 9757 9129 8242 8861 825 126 5432 9583 4351 169 5631 6791 6236 1410 6063 4586 4349 3885 2926 5716 6216 2268 9435 666 9316 4814 