7840 8400 206 6332 4166 90 1693 4957 1795 8295 5310 9393 8107 4480 940 806 7709 6833 255 3442 8844 2270 6844 595 7287 1247 4215 8948 1593 2994 233 7966 4750 8903 1523 9113 2462 228 2510 8024 6141 6376 2002 9364 6834 1663 5314 5402 3782 7532 8958 1853 6108 9138 1880 3722 111 1778 4808 7180 654 7904 6358 7199 9889 6729 136 2771 7978 215 2391 768 2056 4879 7960 1145 6910 2864 7200 4 8340 3967 4588 4838 726 5461 1345 3861 246 1278 9262 7197 9711 1178 1022 2300 4437 8760 1712 5150 
151 2446 2612 5267 7436 8615 592 4715 8289 8907 8376 4392 4242 1185 9499 6936 4964 750 4816 8072 60 9557 8315 2697 7311 3996 4941 8583 6309 293 3623 9922 1798 4184 2936 916 9933 2122 6223 8898 2590 7384 782 4763 3580 8907 6155 2668 4203 43 3644 8669 2063 6468 8145 1471 6514 4292 1189 6693 9513 5366 5363 5609 9325 7641 2163 7236 7986 8170 8684 3999 5541 9153 7975 6384 4026 5922 7614 820 8734 8817 2784 9624 7403 5625 1630 2050 3455 1173 9209 3501 5353 6849 4836 8452 8172 528 7823 3918 
2740 1967 1412 2023 9841 6755 287 2712 7106 1854 3726 607 7995 1939 2438 9117 2446 8438 1800 6974 9716 7818 4422 7547 1091 5199 7332 7449 7166 4791 4417 4504 1730 3904 892 3727 601 4765 5694 3014 7551 6705 7487 9506 6571 6060 4858 5822 1877 3957 8912 7665 3226 5319 1610 2829 810 8154 9427 4770 8812 6448 702 6015 4496 2144 4336 4311 6679 2458 6162 4867 2856 8135 5483 1071 6467 8368 2307 4328 912 9110 7548 2537 3729 2571 2381 733 1129 1817 3034 7355 7413 4466 6530 3433 9441 6025 179 3329 
3671 2597 585 2566 7513 8628 513 5245 3604 2561 5581 4866 8021 9430 4679 3307 4905 968 9714 4566 5240 5389 8804 9265 4162 953 6096 9444 6998 4710 6677 8340 7140 757 2331 7788 5529 4789 3380 7160 6472 8565 7000 3737 941 7539 3845 3622 3181 21 8637 6991 1151 6836 1684 3004 8843 2735 5425 6590 2539 4847 9526 8097 8231 8403 7155 8364 5817 122 1372 6813 2701 5477 272 4495 9212 5029 5547 9546 432 3953 5036 4962 1546 8355 9271 4779 7319 5470 3444 5343 4359 5902 7621 8968 3037 3953 4005 3152 
472 1366 6889 2432 8891 2007 7713 5544 5361 3031 2396 3813 5459 4452 9575 4357 1679 5374 667 3878 8879 4029 1203 3955 3659 2203 2689 7937 7458 5851 9957 7447 2448 4065 1427 6037 4245 647 5867 94 152 9827 982 4456 9110 4261 9951 5303 4026 1898 6929 1933 6441 6324 8000 3177 8425 8166 9617 3279 8363 8193 1359 3752 8402 6631 4768 4763 8187 3510 7818 4389 9555 878 6598 1867 2809 1941 3679 8603 6091 3293 7113 1664 6858 2280 6098 9725 6447 4387 3944 3615 1744 903 3380 7982 6078 7407 4663 7017 
6878 1417 9048 962 7354 9481 5246 3343 2992 9575 5751 1788 3073 6905 9215 5576 2493 4628 1995 9046 7060 8372 8857 9880 7042 8207 6601 8563 556 1607 9070 505 1440 3893 268 3969 5962 5327 4383 2660 9430 459 5808 211 5670 6459 3018 1451 4391 2766 3414 8595 8862 9625 4361 8197 1443 9605 8322 5969 326 7728 5645 6534 2684 2184 9716 1035 6441 7116 1238 7192 1359 3289 9839 7567 8339 2329 6000 1528 5661 4109 6579 2669 123 7259 3232 5085 9746 6118 6670 4223 1428 3698 3781 3001 8663 8219 9819 5856 
930 802 5402 8286 4478 2409 6687 1714 367 2940 7631 7128 421 4596 867 2936 568 1071 4382 9637 7148 3160 5759 7120 7658 8086 7484 5826 2751 5863 4114 3175 7518 1059 9416 6592 7641 2163 6344 6654 1781 8684 2358 2539 9363 4577 6055 6384 4026 6932 6284 7649 7614 3015 2136 4796 9532 472 5517 7774 9373 840 9311 4525 3317 625 8781 8851 7334 5998 7537 4238 2486 8587 6316 7565 6561 3149 9147 4800 8783 377 6448 4392 4354 3822 1020 1805 3807 7927 9692 2336 4059 2948 2601 5681 7558 1470 3957 3257 
2054 679 1449 147 1087 2150 7816 8125 5327 4959 197 9012 4726 2291 9182 7853 7521 9300 5614 2243 6896 8276 3136 4162 9393 9762 3636 2401 4644 1947 1895 8882 9086 7679 5742 7330 2816 9665 8896 9059 5010 8646 7400 2304 4762 3757 307 5620 854 845 2239 4528 3740 4115 5776 6950 1146 8190 4774 9731 3054 3654 4695 2854 3507 224 7346 399 1500 8064 6701 6995 9998 1205 9050 4147 7212 2257 2664 9625 4361 2661 6015 2220 7909 6535 7909 7080 858 8505 3377 4611 9475 7696 5328 5730 5308 2518 8677 7363 
6218 2604 9123 9423 9193 7651 9311 8099 3815 5870 965 2382 7247 9225 9149 1289 1753 9130 9834 857 9554 3799 5004 4407 1778 5582 2403 5578 6421 1178 3434 2320 9043 2167 9127 3684 6362 9398 1163 4122 4815 4213 3565 2303 9593 1677 1805 3673 4264 5263 9032 2765 5145 9954 5074 225 5513 3994 3366 580 8421 3036 9613 1497 1372 2370 5495 940 2646 9659 8782 913 4229 4280 8014 3353 8173 9328 4438 1427 5802 3274 3463 4876 4721 1126 3141 3893 9820 3565 8673 2349 2401 990 9588 7942 6401 1756 9957 7381 
4687 6475 1052 2293 9867 1451 2553 2119 8395 7040 5028 5244 5896 1190 4781 7663 4460 481 6736 6923 5634 2275 4650 4658 5033 8854 509 4032 7052 2927 5541 8662 6854 8764 951 1825 3719 6810 5823 733 6084 8882 1685 7854 8671 9269 6730 6200 5888 8883 9017 9748 7756 1767 2955 7253 4715 206 8579 5146 6315 3903 8017 8088 3353 1027 316 5883 6159 4436 6386 6916 2944 7950 3549 3396 3101 9643 3711 8080 6168 5873 906 7823 6885 2429 5879 5825 2475 4478 3075 1859 5436 3409 2307 8039 2862 3528 7509 318 
9722 5655 7981 1946 383 144 3014 9237 8451 9843 5742 9198 6235 6694 9089 1388 8123 5675 8184 7329 6915 885 859 7437 8628 1363 4630 5098 5086 3408 1847 8800 5053 7282 7763 7983 2580 3771 8862 2031 5827 6670 3698 3781 7117 5242 9762 1783 8820 15 4150 1421 777 2969 7253 5483 8872 8853 1374 3095 9663 4715 3662 524 9674 8779 4577 1374 8189 2872 5163 4391 4055 64 9517 2375 469 1933 953 3910 1343 6942 6822 5559 5508 3645 104 4407 8205 4362 5578 6421 2167 3684 3030 1652 1761 7647 3331 975 
2374 631 1761 4900 380 3104 5570 886 2685 3633 9732 3109 4376 2999 7292 2986 5078 2171 4867 3190 5789 9715 714 580 4036 8301 4905 3839 3450 3852 5103 4627 7839 8873 2323 6472 8565 5636 6895 1920 5378 3622 9597 1920 5125 3442 8327 1754 5106 3004 6549 8813 1492 7609 6046 1783 9727 7639 7429 4609 2052 1908 53 1132 5815 5493 7149 1843 6430 9233 8044 2522 8926 2177 4875 8553 1814 2359 2143 1979 7643 3463 1023 615 3272 3021 1684 3502 6405 2216 836 2426 798 8505 7035 3188 9543 8818 8830 4520 
7216 1281 9334 5816 7085 6380 7303 9305 817 2984 6889 4769 3037 2396 8999 9258 3179 2510 2146 587 1939 7244 5386 8176 9453 5349 4357 9078 9938 9907 2238 4030 7678 8975 5405 1158 403 5588 3251 8930 5287 2777 1861 9670 7937 1243 3061 3196 5829 8540 9169 5705 5118 1833 3768 5161 1603 7312 4020 7118 7354 7739 5454 1937 7055 1959 5225 7450 1838 4184 6505 4244 1938 4988 8380 3605 7011 4504 7826 5681 4249 2462 4964 1032 5094 9826 5579 4774 1765 6471 5793 1705 4717 319 6771 4786 2455 4693 9467 6528 
2809 7584 3541 3461 6544 5730 6381 1286 5457 7840 9553 1904 1718 2220 6667 3555 4411 2256 2721 3857 9295 9633 3546 8993 2750 4417 344 4916 6524 8015 3036 7057 2768 8360 7822 8738 2955 3025 5114 3156 7099 1020 7469 8802 4910 4313 886 2685 1628 155 9732 3109 7078 3882 7110 7052 1865 6967 8165 8732 3802 357 9333 9328 8308 4836 7157 8050 2286 6832 9 6898 256 8335 814 6897 9725 1610 1505 474 7039 8310 1111 6200 9988 9795 2613 6873 1663 4236 3450 8927 8156 162 6929 1534 9652 8166 5545 6600 
3542 9054 1359 2059 1960 8402 6631 772 7541 8187 3510 2697 2533 9178 1018 8212 9834 3885 1316 5517 2958 9373 1929 26 7340 5285 7829 4926 8619 5363 8822 1727 7986 9590 3739 9363 9153 7676 2765 4026 6932 3425 2136 820 5253 2929 3342 9642 7291 6609 1272 1461 998 3899 4709 9485 364 6441 5066 5382 1784 3149 2867 8832 5534 3334 5525 4805 1796 6021 9057 3851 7033 6246 933 6241 4839 4370 4898 3118 900 9836 5595 3224 6743 4795 2058 8129 816 8642 4249 1273 3220 5943 8616 874 9889 4608 3648 4289 
276 480 7377 6916 8737 352 7336 5014 1591 5340 4263 4069 5264 3042 8240 9285 4024 2644 2906 7482 2678 2209 7782 7464 3727 2929 3794 4069 4380 1850 1731 8712 9510 6641 4015 2545 4013 8683 8002 3063 5840 6517 9102 4477 2553 7207 2579 7407 2300 409 6695 3342 8015 1048 9710 9200 5272 6246 1556 3190 1419 7019 5464 4006 3567 290 6901 7592 917 2184 6837 7246 8480 3823 9987 7137 3729 675 2425 8842 8726 8453 8611 177 8518 4488 6481 1561 3455 2828 8695 4922 9011 9947 7210 2233 9787 4187 2501 3120 
5990 2135 8661 4235 2504 374 7269 1456 2479 5160 8484 5004 5879 4246 6595 1209 2269 5084 4513 4113 4794 4512 8269 2726 6369 7699 4418 3210 8538 9190 7212 6330 3337 5997 8581 4524 2118 9767 9276 7574 9281 9921 4214 6542 3140 5513 623 2903 1617 1267 7804 4247 9266 1342 1392 738 2667 4442 9023 3210 4710 5988 9463 2198 6460 6924 8942 1990 2303 5253 2493 4404 9593 1305 2752 2462 1971 7410 7224 6918 7211 1918 8307 5867 5796 3083 836 2754 2665 6391 328 1788 8865 6756 2449 6296 3574 9737 8097 65 