6762 5945 8990 7882 2257 4821 459 1310 1063 9611 67 4574 309 9016 9574 1212 3295 7513 3965 1438 7846 8685 3833 9201 5513 2517 2037 912 6249 7185 923 9839 9960 1696 113 3984 2712 1738 8215 3438 2161 4042 8402 470 5346 2925 8971 5916 6879 1442 2133 5766 5009 501 1818 890 8111 3691 1906 6031 309 3474 834 8372 2639 9920 4279 4219 3929 6109 7799 8573 2180 591 8689 2740 5825 4231 1516 5282 6991 1145 6543 4959 6211 7591 3836 6436 6441 495 1807 4044 5340 5452 1784 5988 6049 3582 1985 8135 
8307 2889 1086 197 8781 5505 484 8173 9941 5594 9433 178 2280 9517 8482 5284 4068 3725 4382 435 675 5946 9604 5045 914 7560 2309 8695 355 9433 1023 9421 1001 3376 2726 4484 4984 2887 3353 142 5538 1283 5925 1098 8651 6406 6513 2282 7226 4657 9236 2589 3092 5447 5456 580 889 8339 7668 2092 8264 8714 45 818 4715 8443 4218 7842 6352 9610 6183 564 9745 9912 7722 6510 3094 7501 4877 1420 7581 3349 8145 4619 7240 2268 9471 8192 8024 4592 9469 7626 2635 3069 7978 6190 8671 7560 826 1627 
3551 4013 4746 2782 8590 7416 6936 374 2372 7841 7813 3042 4634 561 6850 1532 4838 9306 5973 1897 6826 9434 1813 7438 71 1330 7370 7676 5359 2139 8636 6732 2503 1607 5677 5046 9158 1352 370 7064 9669 5183 4154 3930 13 1226 4716 4661 5520 3757 60 3127 7970 6561 6537 6772 4258 4338 4033 6597 464 2766 9956 7104 810 6024 5144 2988 943 7707 2507 3139 3949 2645 4639 8219 8385 1258 1000 4133 163 2962 7167 5598 3258 5381 9680 7199 2809 1343 82 1246 992 1060 5939 9303 969 5110 7212 6112 
2776 6405 9350 962 7976 4900 99 3173 8253 5464 7556 6055 8520 359 5810 4977 9510 4813 2789 8560 4898 6363 6993 3461 3046 9812 4631 4525 61 775 9280 3247 3553 3090 4620 2425 2580 8658 2820 6321 4660 4276 7677 5541 4082 2799 7619 1429 9848 7083 8897 2909 6160 5459 4158 9301 5349 8754 3700 1974 5656 5311 5821 1929 680 8420 7136 4482 82 1242 3251 1111 4238 8692 2886 5879 671 7145 3524 971 9499 3761 234 2547 3546 5942 8155 6802 6125 1742 3390 6479 1570 5949 238 9658 5677 1506 9419 2301 
4591 2574 9573 716 9457 8811 9871 123 1752 7966 5446 7708 3277 9091 4187 7013 7419 7251 4599 8876 7322 1635 4974 4342 5487 2938 7765 1048 2986 3601 7098 8260 9235 3953 7772 6728 8603 1671 3831 83 5731 4168 6674 4107 4565 320 9646 927 9488 5521 3478 6716 9014 2525 7286 9522 4316 6411 2120 8455 726 4904 3133 5679 2726 135 1100 2153 5812 3565 3012 3468 6200 9713 6350 5767 4925 4719 1076 7437 2241 6791 7963 4595 6455 9959 942 5158 8816 9107 4483 4358 9687 4014 9643 2055 9289 9701 4945 6013 
2165 2245 7352 4621 8193 5264 5706 3113 4522 6520 8759 6639 1003 1655 997 7054 4809 7338 6710 9789 5888 770 7528 9026 2668 6548 4726 9474 5600 1311 3349 9589 661 5365 1260 3392 2134 8445 5414 1638 2446 7934 5688 5905 9954 3341 2737 9112 6122 1479 7971 27 1889 8651 5764 1565 7267 6411 6594 7896 5481 2769 1015 5921 2960 5929 3714 6607 8412 5379 3617 3407 5997 5212 2721 4168 9197 814 9509 9426 1739 4064 3246 4454 2167 8510 2564 5231 9652 9376 9322 4418 5044 7078 6248 9707 2637 389 153 2425 
6702 8346 9511 1 6243 2837 2592 6983 1146 9035 7551 8669 9053 5720 6668 5460 2562 1547 3097 2832 6230 6480 5141 7033 3933 8907 3780 8086 6193 4669 9211 670 7344 1801 9259 1052 4695 1163 1151 6845 2373 7315 4786 3656 4651 3279 5259 2519 2496 8534 319 2459 8514 3219 8848 2572 6737 4961 7652 6652 3731 6283 3946 3593 2385 9356 8908 1008 3659 8477 8480 3764 8658 4660 6585 8739 9842 5541 2563 2557 1831 6142 8403 2638 4517 8096 9063 1496 9463 1069 6943 3745 3036 835 8566 4520 2579 7763 3308 4053 
7020 6154 7176 9190 1205 4645 2868 7904 1688 9700 1203 1799 2481 912 2546 7548 5268 4993 3883 5338 6358 3630 6489 620 4936 2035 889 1641 5410 4812 7158 1918 3077 8766 7518 785 3504 6848 1265 5775 3981 2648 624 426 6926 5022 8077 3499 7255 1882 4374 5260 9879 8798 7901 1253 1191 7290 9285 8444 2981 2273 4758 9444 3673 8254 199 2500 5543 3016 6282 3102 5972 319 4375 3649 725 1423 1934 7111 2960 6006 2540 5296 9902 1361 4906 2445 2606 6265 6640 9114 321 8565 9860 7573 3524 3593 5816 5464 
4433 5468 2417 650 4238 9220 8735 8730 9817 2177 2307 8419 2546 6715 7695 6426 5125 983 5034 7211 872 2128 2654 1552 8602 9449 5302 2723 59 3259 1340 1628 3254 8408 2150 3476 2101 82 6434 3872 130 5127 9822 1112 4359 9656 2977 2404 8345 2019 3325 7979 354 6528 1397 1529 5727 1971 6903 9396 9042 6929 582 7977 3946 7921 2102 1820 1392 4825 1387 8055 1119 6396 2250 6598 8402 1531 7160 661 168 4183 5899 8435 2505 2455 8990 2698 3083 7056 827 4430 1881 9844 5818 5033 2685 7283 9887 6192 
4663 4642 7723 8176 1655 8344 5839 4039 6780 8194 2896 5587 3772 5338 2203 5509 3361 6329 577 3318 1256 815 6706 9808 2603 5764 182 3877 5626 2836 2067 3945 3420 9681 9836 4311 9646 9998 983 5047 3841 7697 5149 7993 1806 383 8 6477 746 4708 4850 5224 7080 8326 5508 5131 6283 7383 1344 5572 3058 9490 8397 5919 7576 8557 4066 8582 5553 1871 1211 5774 9818 4710 478 9158 3930 7016 8403 731 5692 759 5637 5969 7684 8725 5119 9552 6688 295 3037 9060 2456 5516 1306 7575 5521 5801 2148 4859 
9225 9860 8485 6368 3737 51 9758 7892 737 9562 3713 1279 9652 919 1659 1887 9486 2777 2355 1908 9340 3631 6845 4710 5852 1304 2479 2847 5625 8206 5007 1878 6962 5707 5224 1564 8314 7683 8171 445 4066 435 2775 9030 399 2737 9997 9912 6519 8577 2644 3333 3086 4253 8493 5730 7232 5893 7751 8107 3176 6581 9801 3739 6391 9381 7953 1610 8998 4204 7896 2669 9636 5085 8257 9746 5542 1742 798 5242 4119 9762 7705 2815 1251 3278 9047 9368 1915 2901 9630 5728 8769 5878 3047 7622 8349 1497 1051 7009 
7482 3419 3157 2278 8172 6401 564 9075 3115 8363 7578 1468 7039 764 6881 4903 6672 6581 6977 296 4218 4084 6542 961 2235 1666 4899 2216 8038 1041 5133 1538 8232 5905 7829 6942 7024 2037 6188 1909 2141 8175 4730 8931 8014 2303 3022 2174 2190 5253 2913 8310 9249 8304 8073 598 4334 1844 72 2915 1540 2048 8637 8983 4679 4791 4007 160 5230 635 2246 8513 5399 7436 6995 490 5821 737 9706 9701 1076 9590 8073 3515 7292 7933 5072 337 2591 4656 1293 9468 6448 2881 465 785 4418 8506 4295 4752 
4493 6659 2157 9788 7987 6807 5525 5812 4406 6957 7487 1499 548 9642 8817 6609 4299 1272 3189 3110 7102 6122 63 4542 8474 4432 3317 5774 7439 9640 5390 5642 6486 5202 8336 3051 9989 5101 6183 5305 1839 3786 2277 1837 1650 457 3860 8218 4498 7636 4190 7856 6486 3152 8414 907 2875 4409 5993 5170 9214 4026 9675 6317 9205 138 3050 8507 8307 7382 1366 3293 7143 2570 1031 6706 2977 5920 8119 3754 1940 3429 5297 6478 1180 6562 5473 7671 8524 9876 6312 7594 2392 505 1089 4963 1537 7795 4514 2008 
8049 9281 2126 3346 9658 6260 7585 6683 9261 1478 1926 4917 5422 6514 5633 4310 4130 42 4878 1899 3730 116 2702 9540 5437 5539 8816 4436 6962 1213 5649 9512 8701 2758 8039 1248 5658 4972 2537 1057 8520 3983 6102 8279 6533 2868 5877 9792 6449 58 9009 6367 2209 8860 9033 3916 6543 8118 5047 5935 9901 4147 4094 7513 1685 8119 5112 9642 2942 905 5739 3520 1051 9756 1210 3250 3547 2398 1272 4504 8141 797 9989 4136 9627 1664 1596 2323 9439 4269 5448 1441 9549 5340 1540 5823 7933 7334 9573 8434 
8755 8216 3349 2592 5417 955 6877 5728 7565 3490 9147 4800 7313 121 2887 337 2591 9468 131 2881 6371 5964 1318 1680 1763 8858 9503 5468 8594 1690 3704 2431 4421 9153 6932 9628 3425 655 3105 3360 4511 6994 6957 3342 548 9642 8817 6609 9624 1272 8445 5921 6919 3410 3361 319 803 3661 754 3059 7381 7654 2248 3375 7418 7018 3800 6554 1317 3425 7826 2715 6271 5469 9294 2494 7439 9422 5202 7691 4365 3211 5337 7989 2117 3338 3830 784 2564 5610 1912 943 6183 6416 9344 1155 357 4330 7387 4280 
7949 7760 1038 6616 6994 7899 1576 6828 4519 4488 1001 4702 183 358 280 7149 3127 7706 5059 4658 2688 2668 3649 4374 9894 2988 1346 4689 5531 3059 3211 1945 4425 8981 6317 9205 1265 3050 8507 3349 955 7905 7161 2401 4124 465 640 8986 3642 2719 2627 7677 3968 226 5524 173 1076 8820 4194 2099 6128 6303 9403 269 2079 2574 6517 1862 5788 805 7404 3911 1847 9327 9804 9778 3133 9163 3078 2374 191 6636 5467 2288 8480 5131 3942 3190 7835 455 1886 5489 7160 4633 5180 9664 18 3599 6020 7677 
3071 9250 5783 182 6711 2908 6988 9811 273 1742 5325 2440 8042 4080 4270 1293 6819 1047 6646 8611 7877 2425 4207 6805 223 1055 7316 1564 8106 498 6012 6678 8171 4963 966 435 9030 3778 7938 6202 2130 9997 1460 4435 3317 1895 8101 9373 6925 7987 3796 3863 4798 8519 250 2194 7664 1788 284 7743 9214 5525 5812 2190 330 4284 4945 1045 9282 6338 4108 4172 2013 6591 875 9338 2196 5983 8491 3999 4108 4570 8923 6290 2404 3799 4651 5271 7280 4666 281 4311 2218 6533 1323 1226 139 3344 4721 9841 
7108 704 2045 4932 2689 1475 3455 1007 1299 2010 9403 2699 4259 2525 6651 5852 3980 5991 2694 6056 983 8809 7685 6776 5858 9122 6572 1860 8577 5072 1849 895 7777 9952 8265 1219 2370 2948 3832 2057 4012 7341 4108 1803 6039 6233 7339 7882 4750 8779 5845 7289 2384 5327 1363 8453 2144 3971 7325 6065 4091 5747 1050 6378 2651 4172 6944 7992 1074 3036 6207 7616 9318 7658 4871 3112 4431 7845 4385 6944 3906 5380 9141 8477 9472 463 8390 3884 4708 5542 5863 2054 9498 1576 8187 8456 6127 3479 5265 1593 
7175 9560 8515 8496 193 434 8621 1683 2479 7192 5727 7198 7489 5451 664 7029 7557 9240 444 3396 7270 404 5524 7554 6997 3409 2601 1542 2777 7822 6455 6991 2592 7370 9788 7489 6807 4471 6265 5998 6247 8897 3390 26 6989 6793 7368 4257 2906 7847 1550 3832 8619 3771 1703 5829 6600 5425 739 1094 4552 8765 5446 6111 6300 5327 3541 7667 9809 1202 1075 2453 465 3176 2379 9359 5391 9801 3739 6391 8915 5100 3250 2960 8921 8291 4942 7149 4539 5037 7101 6449 9210 5601 94 6018 2863 8184 9270 6809 
1486 4430 7231 7419 1232 9880 679 147 1083 8885 1087 5148 1382 4959 1475 5671 1551 279 2162 3044 4201 8919 5337 207 6798 7022 7687 2958 6092 7552 6925 3948 4295 626 5848 3797 7545 1368 8519 130 3994 250 9639 4548 4148 6817 3735 4464 4795 2896 8779 9840 3806 962 9517 2499 6332 698 648 8346 8917 7477 106 15 4226 1508 662 1960 2117 7386 1737 9552 5136 9784 5173 792 3774 4993 5387 7585 4148 8254 6817 5260 3257 5587 3023 2863 4602 7083 9196 3116 2005 7585 3119 6457 3637 7774 576 3656 
1304 5975 7319 3251 4980 955 7989 7454 6534 784 8618 3768 8961 6448 4660 5123 5379 4319 8606 5759 1932 5525 7519 3781 5491 4908 4237 8158 9624 2250 8715 3804 2482 3898 4822 7732 4746 4657 8381 958 7943 5635 3041 981 5234 9381 6496 5663 4808 4996 5954 7041 802 3407 9297 6460 4922 4878 335 6062 7729 3858 8860 5746 2570 4356 8292 5945 4031 1592 7740 8279 2544 4524 9128 9339 2671 4770 666 3878 4411 7757 433 8377 1604 9915 6423 974 6848 841 1490 1498 8101 7388 6372 1782 4962 8344 9119 5918 
994 737 8637 1955 4987 6680 6238 8355 4536 7831 5658 7822 7225 6375 812 6295 317 8974 8140 2556 2217 4227 8054 6549 963 4950 4490 1070 2688 1642 5839 5363 3002 2703 1478 9325 8438 7641 6654 6134 4130 4007 8133 6635 4033 788 6324 7788 8132 5350 4229 6775 7860 7573 1294 8897 2945 3043 3815 1289 893 6865 7223 6714 2764 3521 1194 9974 9662 7744 259 2104 2010 4054 5121 9304 2797 5346 3626 542 3023 9243 9566 1907 2544 4611 6597 148 70 2518 1023 2055 7363 5206 2887 7268 9125 7001 9531 8862 
9684 2853 2567 1386 1067 7444 3247 1939 2032 8079 8243 5107 3969 5585 8438 6024 2697 7902 117 1699 3638 513 256 4422 7226 715 7552 1711 6590 6233 330 6164 3544 7193 9513 4922 1724 1068 8580 8373 2570 5145 5859 7129 1194 7014 1433 9324 3169 9339 3326 5226 7818 4750 2535 1543 5846 5575 7921 5429 4750 2701 4899 1923 9890 5697 6140 7171 1288 1688 5327 7184 5852 9913 2273 8775 5966 5341 7976 7091 7939 8865 8675 7138 2435 7523 3048 5683 1828 9349 6138 2737 6259 4713 4898 4299 9034 4277 6060 4178 
8244 9443 2806 7824 9074 9802 3980 4423 3907 2531 458 9550 5329 417 6291 6034 1102 2189 7733 3106 1170 7877 2203 6532 1384 588 7758 7896 5488 2401 3805 1094 8218 7096 4370 2712 2511 9990 7106 3726 7681 1445 6430 2827 1051 1802 9470 1937 897 9285 3362 5642 8232 9712 4767 3201 8433 9344 2140 5945 1060 84 3369 4257 3311 6200 4927 1689 8613 9674 8361 3714 9689 4457 1629 4141 4147 1443 9605 8839 3634 658 2509 2754 7439 8751 341 5802 1513 883 463 1266 5434 729 5434 5353 2782 498 6823 391 
1318 528 9613 9115 9476 6588 7384 8500 514 5630 9397 251 5556 6111 9190 5211 4531 6738 6318 7772 7262 4277 7115 1175 4010 3322 3933 8285 9716 5471 3634 7624 9412 5760 7664 8125 501 6659 8855 8886 9109 8298 410 691 9171 5936 4498 3590 8797 5039 1802 4530 3532 1158 4856 15 8260 6479 6950 1497 9047 2579 8684 1285 653 971 9760 3278 4803 3980 4423 2975 5511 2531 458 9550 8708 2094 6911 3283 8932 6473 5743 167 5818 7277 8377 2203 82 2485 1073 5749 8772 7269 3013 8404 9532 186 7558 1130 
7083 480 7759 6162 4307 2267 1468 7235 7813 6493 1623 3202 3682 730 2770 5052 5970 8958 906 1235 7953 1711 3809 6008 19 2642 1263 9501 6555 9951 7326 276 8216 8082 764 7646 6072 5862 2162 79 7747 1676 3031 1870 6790 2774 8882 3854 4446 4080 2592 4375 8772 316 7211 9487 3263 7767 221 4492 635 131 1533 147 3975 4668 574 3274 7086 1126 7583 8381 1334 1786 2887 215 922 3654 9508 7922 574 4814 135 7454 9916 9053 6560 3534 6781 2886 7982 696 5510 5803 3863 9609 8266 183 946 6737 
7382 5568 8702 9757 4091 6489 648 8952 7219 3473 6562 655 6310 1959 6488 2455 4578 903 7937 237 8191 6616 2785 5652 1688 9653 1365 2359 6111 7315 8443 9225 4803 7827 9860 2743 9597 5125 9757 5425 9526 677 7652 2387 41 7894 7889 114 8540 7574 2415 5939 9259 39 4854 1788 7812 4260 7406 9589 8256 9842 4634 1758 3690 5627 3061 9308 4988 3687 2669 2547 7251 5129 1666 4101 3784 5403 1578 7205 886 7400 2080 7304 7440 4335 2581 5282 9955 5128 363 2244 5230 6896 517 8048 9267 4168 6566 9288 
4081 4700 272 2253 2659 4375 3815 5271 1301 9263 2067 9698 6200 1152 8490 5465 4619 5051 7304 1680 4091 5204 7016 6398 142 4061 8999 6069 7330 9723 1416 9372 5565 1122 8933 7730 9520 3582 4176 6811 3852 940 6769 2971 2174 6145 1640 3867 1843 8282 5253 4754 3541 2849 870 851 4182 2162 8310 5246 9249 6296 3342 543 1624 2072 3550 7325 5086 6590 7505 5957 8040 2702 3189 6526 9186 2427 9322 4964 1402 8514 5071 8034 7028 1420 4122 9321 8862 1303 1741 6841 9047 7995 8369 9355 2303 995 4375 8304 
2650 1858 3229 4895 885 5016 1219 2694 1476 3983 9701 1668 7551 2070 5764 4856 513 2218 5661 5767 101 9406 9303 7552 3628 3687 7152 7848 9967 68 2884 3752 1887 6407 6834 2889 9806 5354 5272 9923 9936 1660 6901 2820 7384 7006 7012 1080 7211 9723 3840 1897 2376 185 3986 1552 9789 6743 1812 6889 3324 7157 7754 8421 1493 9856 1090 9215 1366 1671 4248 8118 3133 9843 8786 1374 4122 1841 7132 7313 9480 9542 3452 7429 6696 870 2033 5094 2806 5931 5351 9665 1456 5596 531 6499 4812 6405 3227 5087 
3919 646 4070 2070 6853 2349 7338 8849 1606 9820 9171 1294 1349 2198 967 4349 7339 698 4757 7366 9528 8419 8691 7826 7260 9729 7238 4106 4848 7846 4284 7256 9564 7690 6338 6797 9276 875 1247 826 5141 5966 8922 4197 6593 3041 2488 6599 4309 7939 8829 7411 6954 761 9534 4808 2443 3169 2142 6253 1461 294 3853 2649 6481 6307 2000 9847 5130 155 5284 3292 5121 9551 714 4506 3138 4241 1220 3167 3297 1456 8443 6810 2385 5815 5259 8827 1490 8897 2975 4691 5700 9657 6334 1719 1100 4227 8416 479 
7159 123 2343 7350 8035 3016 8221 26 606 3165 4471 9623 8849 8217 9881 3884 7198 3826 9469 6215 7087 9621 6877 5441 881 4656 2834 9901 6087 5822 223 5289 1453 3595 4265 9007 6403 4489 4431 4807 5557 9371 5307 2275 753 9171 1655 6087 4580 4337 6798 5228 2105 457 7139 5679 1203 4346 7457 4792 6662 4442 2500 1815 5868 2403 429 8742 9945 2862 3892 669 1111 9163 2073 6268 3245 6189 9594 7269 8899 6320 9986 3648 1070 7835 8895 6164 6345 455 6855 8883 7641 3653 8037 8367 9891 9188 1836 6450 
3287 8883 4662 5047 5874 712 2241 4758 1534 4078 2685 9705 7317 3026 6428 7827 3384 3134 4519 8665 5790 5234 7719 1988 4428 8290 9072 580 6226 9322 6542 5107 6979 9094 6675 4252 8720 9084 6040 5954 9165 7573 5940 5105 7842 3934 9995 4429 2983 242 6649 9481 5914 6825 1460 6142 2346 5461 5228 4639 4488 2099 5273 9340 9391 3788 1742 2782 9970 7747 7851 1856 4137 8158 2696 3691 1939 3564 6013 9039 4242 26 5255 1478 7877 8911 8366 6031 3465 45 1876 3609 4483 222 3522 2308 2902 5378 5612 5983 
1489 9302 7674 6138 6231 6820 3862 2614 8924 1668 8387 4648 6118 3575 7990 416 4183 7867 9225 1338 6061 1688 6828 508 5685 6831 4755 7559 4065 3468 6736 3546 8982 952 6806 8364 8382 6243 5467 9618 4776 3954 2612 5559 7213 1872 3295 1924 6947 8689 5094 3210 1183 7043 2758 7675 7398 8699 2932 9716 3518 5143 2247 4775 7103 7888 8591 8271 6780 1964 1967 610 9283 2857 7110 1359 9207 8884 8171 8804 5072 9740 7955 125 7013 3646 9033 5555 886 3511 9265 5855 5260 2812 9444 107 7502 8120 892 355 
7845 2057 6899 1167 9532 3387 4921 4279 6922 8438 8909 3303 3546 7426 2374 2933 4927 1789 504 6587 3250 7392 8505 4446 6202 9912 2644 1895 7359 2389 823 7057 9149 3752 9523 2018 9138 1603 424 8502 9804 4143 8120 5903 5380 259 7942 3741 1405 4031 9443 4796 4840 2763 2066 8754 5728 4758 8408 2692 4461 7804 5653 7375 7353 6125 2397 5390 6556 2696 1729 5536 3136 1424 6939 1717 3127 3079 7233 3719 896 5169 630 2033 1407 8280 7838 9403 2046 2996 6475 4041 7581 5357 7221 5285 9358 6796 3987 2799 
7376 695 7832 1064 7250 5153 8064 4186 6135 4949 5375 6507 4796 6279 8166 70 4589 692 564 5802 1643 8034 1662 5456 1303 6841 1824 9047 1601 8944 1910 8649 9010 670 9733 9637 978 6150 5931 733 3780 8358 6438 923 1518 378 941 5712 2089 4718 4197 1246 4850 10 1192 142 6580 3930 451 2550 9769 814 6052 6428 3942 958 2535 3835 1578 3689 5806 6792 3931 4225 3778 9851 822 8073 7401 4305 3478 4962 5551 4522 4939 7773 8388 6461 5686 6362 48 4955 9445 8531 8687 7376 3675 5658 8386 46 
4241 2808 2784 594 3779 6873 8721 78 4272 897 9378 3036 1112 9660 2887 4586 8417 4359 5227 2419 3207 6795 745 3289 1585 6690 8737 610 9390 6903 6850 8911 8322 558 2057 6534 1272 2722 8471 4540 1534 6876 3929 5756 7654 95 5296 599 6248 2953 8641 7840 5389 6371 3667 573 2 9307 239 4383 8780 4939 4202 2305 2735 4109 6443 4425 8167 9104 5735 4573 7512 2157 938 5592 744 7025 3479 4213 8212 8322 6167 2702 441 5680 8608 6949 3600 6478 4000 5373 1502 2767 4934 8800 3708 2072 6685 1804 
8813 6069 2326 2341 6308 1205 4183 5042 422 6804 5663 6342 6093 7796 8763 308 1482 4166 7800 5277 7918 2071 2493 8157 1110 6660 8082 2661 2922 9015 836 4036 8540 6839 5757 5381 7609 5166 1643 7508 5440 5225 1640 5850 6302 552 6821 8013 7650 5402 2906 3607 6131 4380 3657 9890 864 3493 9391 4738 3487 467 1906 8980 3463 9484 9676 3008 5634 4640 9374 4727 5646 6372 6597 5619 9969 2919 4708 9197 3673 1141 1838 6831 4741 929 9665 6897 2152 2998 5119 9359 877 4272 2926 8928 3895 2809 8352 9679 
3252 8594 4706 3409 8062 2151 2369 7056 2850 9395 5084 1580 8145 1086 9886 8831 77 9993 1223 7420 116 7067 3899 3145 9060 8865 8241 3564 2396 7800 8367 2964 7793 4933 1667 7432 2377 6021 2055 3945 5781 2659 737 8698 9907 7666 1655 9072 2448 4195 6146 91 3173 1543 6713 2664 1395 6798 4896 2901 3610 4109 7022 5517 2958 295 474 4525 7552 5019 3713 504 2777 1587 2984 9340 519 4374 6845 4710 7034 4590 8800 1240 5569 8348 2968 6106 6307 1821 4160 3570 3588 4333 3170 133 6438 3889 3841 4457 
4376 6977 2278 8514 6660 6630 5956 891 4732 1161 5489 1475 6155 9575 1858 5600 1236 7308 15 4431 2374 2979 351 4873 8047 7711 4990 303 8354 2394 4326 2955 8191 4659 5331 3103 5405 2246 5935 6739 5937 9243 5506 3595 9910 6403 5272 4431 5557 9371 6657 7292 4937 8829 7979 9938 1030 4458 6968 3226 3445 261 3510 9899 1826 2020 8573 1988 9678 8671 3852 6781 8079 1589 3879 4758 7880 9758 8098 5332 6400 4027 2828 249 4054 4920 6168 2089 4506 8262 583 7446 3707 7761 8927 6304 5027 4741 7522 7641 
4576 1227 3436 4007 4036 6437 4811 9025 9871 5688 9148 640 5553 4479 7017 7613 7949 9498 4469 3754 6828 4702 6300 3856 3542 8657 5043 118 6473 724 2253 5059 4413 4658 5159 4490 8721 5871 2215 7640 4374 8013 9617 2988 778 7239 7920 671 2468 2400 4601 13 1200 8064 1513 3190 1062 8367 9239 1639 1236 7308 15 4431 1280 6624 2979 4751 3310 4099 1022 234 6731 6685 5591 7237 6968 8557 3433 7552 2784 6127 9282 1800 9003 6597 4237 5241 2794 5174 6278 4942 5363 8724 3361 2742 8749 8937 1626 1868 
185 9407 6423 9949 1204 1420 3308 5754 5951 6404 3117 282 1201 6756 4373 6914 564 5984 9245 9742 1680 6689 4626 86 7932 1643 4933 6836 5584 8436 8986 7702 4914 3422 7514 7932 8313 3247 3778 9016 2044 6958 7951 3534 6121 4448 5364 5901 2699 6726 7488 6729 9842 1211 5897 1454 7324 1454 35 1877 2830 5813 9653 1348 941 8747 1589 4544 7683 7338 9997 6312 3735 6748 915 8575 9762 1529 8134 6173 2880 9253 946 7695 4962 8439 9168 6341 5642 1973 2344 8706 5640 3322 691 1832 9782 4718 9269 7806 
4450 6505 2137 1193 4785 7943 8872 1227 1897 207 9878 1044 6863 265 7258 4129 7912 5808 9588 7518 9641 9083 687 1701 2395 7205 762 442 8228 6701 5966 3652 2933 1338 7713 8384 7964 6169 1864 1277 702 6169 3181 9247 5825 9564 784 4168 2572 6608 4182 7783 536 3045 4495 1912 5357 1002 4482 8910 354 6997 6394 9208 9735 7685 5276 633 1470 7491 4833 4863 2044 8686 5080 931 9721 9932 7014 9505 387 1037 6264 1028 4241 6741 4313 2241 1746 8415 4325 9485 5980 9434 9853 2334 8358 2683 891 4026 
7244 2815 1869 9735 983 510 3792 9149 5212 142 9708 9138 1603 424 3908 5903 647 881 8398 6437 3574 1405 5535 6998 187 9848 5751 2737 5512 4953 1057 4542 2792 436 6794 6383 9332 6535 4399 7515 5242 6680 3207 4566 2580 5498 7810 7826 5325 4235 2710 7688 8189 2832 2661 5651 6015 7502 4405 7613 5591 7239 9799 24 8518 9305 7090 3710 7001 7788 7921 2415 2384 8566 1363 1367 8453 6089 6184 4758 4091 9707 2858 8443 1050 1424 6378 8049 585 3803 9939 2889 1286 4144 2907 7261 493 2815 4755 3353 
1582 7118 13 8856 6805 8898 1471 223 8240 9891 998 3059 1323 3211 5170 1945 9214 4026 6019 9675 6317 9205 1265 138 3050 1366 4092 9282 4071 9876 7212 4963 7795 4620 2008 9281 3681 5425 3311 1041 4177 919 6386 3763 2241 5581 1883 4087 4050 4926 6036 1263 2415 5641 1213 8379 4411 6704 4530 6465 7720 2734 3173 3775 3745 5227 6693 8441 4476 698 2686 8508 618 7853 3365 4205 7238 6424 5216 4284 7256 8557 9564 6338 2013 4029 9276 7261 4755 3353 6610 9397 1055 7316 8875 3059 9424 7667 4313 8857 
5039 1619 8413 2849 1100 5120 149 2125 4058 8582 4805 2551 3310 4929 2240 7948 1674 4797 1064 6303 4567 3802 2477 8736 3634 597 8348 6925 9921 8403 7155 1415 5408 2001 6789 1372 4940 1469 6813 4697 7182 232 6728 3748 488 4338 812 7003 3244 7473 9333 95 8960 2436 2682 8870 4262 748 7866 6474 1335 8182 1769 6743 3357 6216 467 1075 4754 8015 7170 9807 3780 7967 2221 6214 481 1 6378 3548 1500 4441 8096 5471 6267 1891 9777 116 8730 5820 8699 3468 3078 6731 7215 7598 9743 4827 4268 5192 
7865 4109 1430 1359 88 7815 23 2347 3687 8111 1867 8612 2830 1306 2081 6543 8533 27 8618 9548 8292 8995 1933 5820 6665 1100 5642 6363 2282 359 4796 3676 6986 4107 4488 7636 2859 342 4802 5113 754 5533 8536 349 102 8195 8894 9530 881 8284 1950 4086 8484 605 8597 2015 6356 9997 6657 2206 5845 1837 420 1413 9692 7628 7535 9372 7557 8556 8441 3824 7041 2766 4701 5401 85 8517 6057 1469 8816 5705 3038 6775 9004 9232 5219 158 5120 6682 2048 9318 7193 762 5244 3800 7558 2032 4195 2827 
1576 42 925 3783 3439 3964 7104 6499 426 3344 8767 9710 1141 8388 7765 9277 1382 9868 4728 9561 7939 5952 291 32 8996 5612 4686 3010 2263 4389 1054 3049 6292 9394 2215 1674 3011 7727 9132 124 5956 2967 9829 1617 8634 1960 1323 2570 3156 2125 270 1843 6030 424 2996 3630 9594 1719 5608 1447 6089 2353 9771 2824 9324 237 5971 459 6983 341 8107 9153 3139 7776 493 5762 4633 8112 9760 2935 115 8310 2240 8629 8631 4426 6092 9383 1733 443 3000 5054 9072 8312 1919 4698 6680 5765 2856 936 
3764 385 9874 291 4798 2407 3132 285 855 8600 4485 391 9842 362 2613 9209 5636 1244 7211 6125 9909 9659 621 3716 6599 3266 7179 7895 9890 2457 6775 2532 7094 2488 5576 8829 4038 8791 2183 8651 8264 6306 3947 2026 8150 2505 1268 1146 8374 7756 4245 1684 3643 6620 7027 3552 2937 3586 5762 1123 6904 9371 2344 101 530 201 6688 9572 6677 2 8609 4431 7753 793 1199 5223 3980 3907 6025 7846 7945 4770 3843 9954 2768 8211 8261 4007 8532 6961 6658 1713 2129 5194 8693 7855 4431 1668 1504 8482 
8988 8008 6476 167 8397 8667 8278 8056 6430 6538 8881 3822 8815 6049 6805 6418 6048 2842 833 3825 7426 2564 3224 9012 4963 1974 292 4117 2702 2 9839 6312 4359 7743 9788 7305 7987 1213 482 8351 5192 6904 3628 320 1248 1222 8884 8435 4972 3525 1356 5410 1057 1059 5762 6593 9740 60 2331 1215 1792 9560 1457 6913 3312 7220 407 5205 434 3814 6567 6813 2974 5192 6649 2138 1059 50 664 7029 5963 444 4253 5387 2390 681 4263 3735 3257 5032 5587 3023 2863 4388 1292 9231 7485 306 7016 9184 
8311 8167 1690 8474 5433 2634 8334 3926 4877 1672 5945 398 1493 5427 1239 7943 6192 6222 6252 2676 818 1835 5464 829 7051 4816 9247 8275 2498 3404 9593 9241 7112 871 4627 3660 530 278 6590 5505 9179 4663 5682 6878 6800 4807 2683 4609 7852 4233 7492 4617 3144 3690 2261 3720 1511 2096 1550 6866 7811 7764 8880 2961 9182 4635 4756 7339 5983 9762 3835 1452 1947 7679 9059 2658 7748 1092 2304 8396 3757 6709 9905 854 8988 2239 2292 9057 1040 415 2733 9194 8876 5942 7592 4282 4968 7307 1615 38 
3741 9264 40 7800 581 1483 3668 4660 7486 2723 3269 5492 4774 7499 8827 3677 9644 6884 6294 6491 974 1023 7232 4035 2134 8008 3677 3643 9419 8081 4153 9862 9602 1018 84 9874 6673 14 3246 7830 8957 4605 6979 693 8223 8064 5002 8539 394 6907 1501 7997 966 7379 1933 582 4666 860 5523 6516 23 5055 5277 8720 3079 4576 2598 8319 1773 804 3637 1199 1713 551 1304 5975 3251 4980 9756 7989 6534 190 5610 8961 6388 8006 4172 6290 2277 1837 8910 1650 8854 2331 5827 6154 8414 907 2875 8433 