80 2585 5623 2145 2967 891 8136 2431 7217 7597 7112 5138 2715 6588 6907 8056 5013 9928 8941 99 7059 9376 6346 9114 4127 3334 4671 4496 6359 3135 5686 5539 5181 1741 4219 3320 4235 305 9187 6510 7895 144 779 3744 8220 4113 4753 6152 911 1264 962 4196 9428 3249 4272 4763 7223 841 1116 4564 7867 4524 5957 5691 8551 8290 7438 6533 1568 7361 5672 3628 5229 661 164 8417 6408 8532 9815 6891 626 4253 8140 6841 2227 7140 4685 1849 7794 3959 416 9904 1878 1397 329 7467 6960 698 9357 8064 
7552 6084 7758 6378 7667 4053 1205 7010 5274 3880 550 1422 9813 8625 1046 9434 1336 4904 2410 9189 11 3641 9830 8094 7233 7094 22 2045 6601 5640 8563 811 3322 7433 9782 9070 505 3893 5151 7058 7770 2296 5480 4615 4135 9427 8009 1581 3798 4130 1449 4315 5288 9438 3702 1532 5384 2461 396 1913 4445 7191 8023 5519 9231 2461 1611 9529 3468 2474 6920 4221 1093 9117 9525 2247 7831 4551 3710 6846 5303 9673 4524 2432 1554 5926 7689 2636 9243 4073 2039 4844 3472 9466 8658 3568 2634 6573 5562 4215 
93 4142 8585 9781 8868 6681 8264 5618 779 1621 3563 1448 9964 7388 6868 4826 8701 8714 2473 5415 2220 5566 813 4482 2507 4316 7677 3598 6164 4749 2325 2803 6060 9660 2032 8457 8221 7166 6641 8029 872 2701 2865 3522 4736 9697 5396 1301 1566 7642 3301 1117 7903 6836 1462 6209 6792 5638 94 8151 419 2663 1829 2972 4928 7775 6114 1527 1433 7600 9844 5906 692 2913 8782 5900 6167 4834 711 8982 8270 9585 2314 8308 4458 2025 8166 6359 1602 8237 9636 3963 3454 4021 3338 3679 1104 7709 4331 4704 
939 3366 8233 6817 8765 3189 7102 5517 7774 9311 474 4525 1869 9735 9720 3792 4295 626 7704 3796 5848 326 7545 5663 9472 1305 8301 7948 9051 3084 2285 1487 2685 5515 265 8767 4445 1342 4870 4378 2160 4759 6263 1622 8431 3351 9804 541 3858 9644 2111 1627 4229 4030 658 5774 1463 6168 918 1023 2502 5268 9221 6901 4171 9857 4457 8596 1041 7078 4939 7302 2056 2377 1023 4646 7924 8677 9048 6933 5189 4831 1401 6486 1326 2073 5742 4290 8607 6625 2447 3266 3994 286 6659 7987 7461 6793 2906 1007 
5141 7305 9831 3552 2449 733 514 8531 5324 1623 5628 7081 6121 2863 2765 7061 3286 1216 780 1485 4733 7874 158 5653 8727 9487 8089 1778 8015 1675 9554 4803 5089 2563 2459 5460 8732 8982 3802 9463 3351 9303 7052 8715 3617 7885 4627 3736 5879 6597 6552 5862 1494 8552 3285 6657 5472 8530 1889 1853 8936 8573 2109 942 7757 7218 42 5768 7398 4692 1462 4799 9976 9718 9891 998 4409 8898 3059 1323 3211 4026 8981 5516 1265 138 3050 6932 6532 7271 9016 3893 5978 4643 397 3452 2437 5294 3878 7976 
6221 4657 4662 6005 5086 336 2546 4590 3363 9371 6417 3752 2180 6545 5722 6268 9147 8825 4176 3575 6769 7067 8537 8103 3991 2174 8548 6886 4069 2789 3828 5171 3850 1130 3466 778 7358 4497 3573 5828 3859 3995 2474 6784 375 7941 9464 7504 3066 8055 548 781 6247 400 8643 3777 2967 2978 8041 372 4780 7787 8545 6515 5444 5670 4635 2712 8007 2786 6528 525 322 8971 2279 9885 9986 3506 3687 2884 1887 2512 2820 598 1897 7711 6889 6655 115 9428 9320 4744 3680 5914 3724 8711 7121 7596 4167 3487 
7037 9703 4346 377 7668 5725 9430 4284 334 6587 5428 2125 7002 187 6151 3285 6754 9464 9712 4455 8182 2653 6704 3042 2539 3525 3028 9533 2468 3782 2544 1012 1302 3747 6758 6387 5701 8169 9951 7580 2073 3105 792 3942 7850 993 7070 4923 4715 5263 935 1753 9138 5055 8280 9700 467 3152 3037 238 7972 3850 7235 3782 2549 710 3869 6148 7950 7058 4861 428 6452 2834 6654 823 4503 4637 4355 1251 5065 6162 5287 2136 3237 7614 6648 9546 9778 6326 695 9236 6260 59 7464 3550 914 5372 5356 5552 
393 6063 5374 1645 7481 5260 2768 2647 261 9005 6391 6867 8973 8210 6359 9516 4621 175 9418 5536 1126 7190 6462 290 1023 8074 3448 6148 5429 62 1506 4683 2805 8373 1779 2287 9871 6341 4998 5739 962 1526 5158 9778 2636 8423 6752 5066 849 4827 992 3253 5668 5034 2082 4999 9717 4887 6332 2011 2555 9359 3362 8295 6674 4888 3453 9524 1018 2441 9441 215 4507 9469 1394 6814 4647 2395 307 9682 829 5751 5030 8436 5087 4446 6755 7472 7995 5443 6997 7885 460 153 2962 8422 6041 9140 8436 9447 
4753 1207 7686 6135 2773 3571 6284 2625 1044 8068 8041 9645 5953 4853 8100 2458 1880 7415 4785 3456 3925 6076 9725 1531 3862 830 2738 7900 8733 673 6495 2072 1641 9117 3057 1423 7239 7509 5471 4924 1370 2126 4733 5296 4554 2978 3974 6434 3856 2973 3928 2941 5213 3579 2595 373 5702 1649 9656 2849 132 2169 7996 5790 3699 5693 1149 7875 392 9726 5734 2722 8450 5424 2592 6985 7469 8103 1852 8802 2733 5889 7234 6954 5386 886 4843 155 600 3109 450 7104 7152 8795 894 7243 8863 9820 2455 1800 
6363 8014 1724 3729 1705 4025 2098 4678 4461 4038 1459 792 7858 675 3264 2637 9271 1295 227 9552 5575 6154 9842 5793 7991 2275 6091 2096 9333 503 4538 6077 3812 6254 783 9765 6639 4135 1912 6502 6961 6993 486 6286 5301 5829 1983 4074 2872 4667 9505 227 6578 8454 5254 7929 5329 9511 3489 3535 482 5936 5927 9072 1488 8067 8593 2024 7665 1329 2607 3596 1123 6660 8994 7100 730 4404 563 1442 9401 9304 2797 5346 6102 4784 3023 9578 2996 7408 5740 3165 3089 9828 5044 4054 2416 4441 2219 9164 
2449 3165 2190 8100 9596 6155 1679 3646 7809 232 6078 8208 401 2346 2665 9084 4769 4116 830 8299 8735 3893 106 4874 1867 7799 5887 4098 4767 8433 2421 1155 2457 2389 9118 5270 5498 142 9138 1603 424 7356 647 6380 9487 1755 2946 6950 6962 1213 3349 5649 9512 8351 2051 4453 3112 963 7551 9957 793 3906 6538 9107 7833 5247 8195 8737 7461 4381 100 1640 1673 8287 4369 1529 4377 9494 7727 9400 3913 9901 2399 8805 6598 4149 1988 5989 6031 5445 8541 7455 4807 5535 121 1343 726 19 8035 7650 
7360 3509 9836 6033 2997 9973 6222 689 5000 5185 9016 7659 4718 3865 6863 2187 1636 1159 2738 1316 4239 7566 9992 7024 6115 9757 2448 8212 5085 4527 9316 7045 9049 6938 648 4478 4725 3294 6690 3533 2667 2180 8675 1460 6854 3378 7860 556 7573 6518 1972 8548 562 52 7295 2529 7081 6979 2572 739 582 5250 3837 9170 6118 9249 6395 7719 1788 7025 2449 9832 843 3313 8097 1597 1669 7273 9240 2092 4128 6656 2834 6168 4063 2700 5640 6215 8049 3428 956 226 4644 8216 4165 2568 7434 1542 5216 47 
7473 236 6038 9814 1441 461 2700 1894 6768 211 1662 6137 3869 4546 7641 2481 2692 1891 957 455 219 9658 1545 9232 6242 8016 1846 8725 8343 8483 5308 7482 8028 4384 7502 1241 4324 4629 4484 1332 7910 3512 3309 3349 6136 3638 4314 322 6819 9175 9175 4506 3008 3008 3232 4883 4564 4265 4451 9744 8248 9194 9354 6292 2844 6024 117 5929 7108 7978 4019 480 994 5975 7586 9089 8263 8801 3478 1445 2196 3868 7587 5903 431 1504 5397 8272 904 8505 172 7740 2614 9216 8476 1001 8128 1072 9689 3178 
9002 4570 8478 5857 1832 4252 8560 2788 5673 2370 3850 9320 4708 5630 1569 7771 2815 3098 5459 632 4755 6982 9365 4492 446 7307 4703 839 8755 1078 5692 8008 8369 638 756 9064 3498 7415 9991 8039 8417 7671 9572 4589 3766 2463 7828 8787 5525 8039 7988 2661 6189 9659 8423 7961 368 1282 1665 284 4528 7267 1732 2387 2955 5447 6819 58 9430 1482 3552 104 142 2191 269 6092 7655 1799 5658 8946 3400 1766 2790 856 1371 7585 6136 5940 4350 6999 2155 358 7658 265 8320 5782 5292 2326 6336 919 
4123 3700 5718 3787 1183 8291 2039 2539 6104 8350 9733 741 398 2720 3107 5151 305 9001 938 7618 8322 104 6961 5644 8555 6130 2363 4717 5437 2810 7877 205 912 264 6019 2211 1785 8072 8907 2092 2040 3510 8464 8061 6099 1349 7056 3653 268 6979 7827 671 2154 5160 4367 6731 3913 9232 4659 9671 9588 4398 4460 5235 1100 6345 8663 3391 3597 9835 3917 6816 8316 4152 9262 1430 1275 4830 6176 2512 5309 2213 5296 9880 1246 4325 1737 2744 180 8806 958 549 6261 301 2121 9254 7906 1496 6165 703 
2173 7693 2834 4122 6592 4826 8298 5432 4686 743 7215 2029 5649 7132 7324 4964 3310 1748 7788 6420 9983 7950 9207 5931 3337 1556 9626 7997 172 7501 4539 4884 8979 1178 8668 3626 5927 2474 2028 4218 6163 4120 3625 8899 7568 1307 6216 3421 3783 1351 3630 7150 3799 9555 768 3819 2922 6844 8798 9240 5813 7021 2428 6817 7318 6385 6119 9345 9645 4964 8446 3417 4563 7622 2217 1040 147 9232 4707 3518 8752 3735 8326 8013 2575 7395 5774 9944 7611 5013 2512 4147 1081 3644 1686 1859 8136 7847 5091 4769 
7457 6370 7240 8475 5671 1351 1253 7519 6551 1457 1590 2613 8321 2998 1358 3677 3880 9419 2966 8475 7699 7796 8702 9927 6982 8078 1208 737 9128 1145 7285 4263 8771 2325 5539 6709 332 7283 5445 4752 4970 4890 9534 9864 2936 3367 7805 5046 8621 9839 3043 3640 3868 2581 5864 6158 7556 852 928 3888 700 8375 7030 9374 4925 9000 3232 6505 7673 3960 8286 429 9494 9616 3641 4261 3843 5754 9266 5693 6410 8135 7627 8907 6351 444 3769 9766 3244 4674 3923 1525 5064 8460 5886 7927 6156 3753 6751 4210 