7158 1218 5176 5864 4689 9559 1623 6840 4313 5457 2965 2930 3842 5014 5221 7996 3318 167 2947 6052 2240 5662 5285 462 8649 1929 6679 8819 7418 820 4632 6930 5386 9754 4940 4402 4202 114 8746 6242 800 4249 3135 9446 9236 9426 6698 1872 3662 4115 8394 3949 2412 8412 2081 8144 9711 7982 8555 9511 6252 1811 5495 4709 1124 1879 8024 6601 3803 131 9264 8273 9558 1158 1842 186 7584 7634 5849 3468 2006 9204 1768 8075 9608 6220 6424 683 771 476 5059 2636 8193 9760 288 453 3219 9874 5505 6203 
9419 9418 7940 5028 3209 3765 9352 3348 9208 2922 8233 9734 9160 5724 8107 9911 5432 8878 712 4654 9680 586 2238 6892 4834 8978 1727 6581 8227 6670 8900 5575 2848 8091 5773 6293 3780 9625 4205 1575 7673 1562 7074 118 913 7464 4447 8160 5714 6847 724 5713 9168 8171 4456 1230 3114 1613 3736 8080 4765 2673 903 3360 1764 3247 1164 8835 2166 552 4936 8078 4135 2772 3077 5731 5236 1883 8750 4407 343 6858 8642 3124 7388 854 4074 3430 8516 645 6751 6041 4034 2814 878 8575 8604 1390 9458 2087 
8315 8178 3707 3178 9627 2869 4156 1865 9976 1988 7036 1757 1639 2344 8268 3320 3824 404 3265 8970 2311 7898 6984 6055 5387 5075 2454 4876 2406 6115 4335 3174 437 5904 8621 7465 4217 4493 3935 7341 5660 4279 2463 79 3049 8726 7421 718 162 739 3295 5594 7175 4359 6659 8759 7489 6807 7532 4453 4507 8110 8791 9396 4735 8319 3784 9300 2650 6216 1390 5052 9368 4263 1601 274 4140 4907 7943 6453 2033 5567 3827 958 1864 2957 2130 4246 6636 2726 6838 3923 2308 7116 1863 9612 8200 1157 2759 8991 
4967 3736 9365 1731 2379 7841 3298 4356 6881 8312 6585 1064 2377 7927 8913 1525 2519 775 9578 6253 4966 5256 7732 7984 8188 3061 6458 2291 3829 2107 7398 9095 7283 8822 7236 8684 7975 8518 7090 2799 6734 8406 4821 9938 5760 6101 7485 8955 5541 92 7810 485 737 4685 1005 637 6442 9151 6924 9123 5450 3051 8785 3815 7013 7528 5919 4454 9277 2177 1723 7521 1025 7652 2807 1382 6115 4868 6757 1783 1675 7114 2322 8531 5834 5356 8808 3640 9768 4422 3973 1303 7241 9181 4710 5521 1410 6362 3360 6007 
3383 1846 9397 8723 9502 6305 7017 3417 8688 882 5295 4202 6798 2774 8185 8896 9583 6478 8191 3063 9049 60 2783 2443 8636 9969 7035 5075 1314 3111 4644 5555 1666 9363 7237 2854 7125 3938 1046 4085 840 3694 6757 7098 5141 7220 1342 688 4922 3725 6585 6692 3091 6018 6095 5913 7564 5543 9778 5454 193 7215 5867 5566 4228 3307 4719 960 2825 9122 2448 5505 6244 2862 1922 2523 4055 9064 7583 5013 9658 4028 8559 4338 1683 5374 8123 9240 2076 5595 4154 625 8250 1381 4730 3280 1511 4320 7279 905 
8772 5489 2408 2520 3433 9076 7848 1316 6993 6321 7603 728 7602 8917 8476 4410 7687 6092 474 7609 4295 8331 7592 6903 622 6461 2214 5491 130 250 1846 1923 4697 286 5663 5110 5840 9513 9839 6341 1809 7112 3558 8547 3166 6929 3549 203 6441 6324 1534 3354 8425 8166 8927 3751 8184 1330 7721 1410 5953 4831 5404 1527 5678 764 9614 474 4393 3730 3435 4385 8836 2558 8140 2057 775 1670 295 7650 4827 7737 1304 9782 7432 6243 2246 6671 737 8972 4088 8073 3515 4033 875 768 766 1428 8904 1457 
9231 2053 6018 9087 8531 9475 855 5171 8398 9830 3154 1050 6350 7671 3082 9054 5954 9670 1887 1677 4406 8270 1727 8570 3221 7807 5817 1839 249 5607 1542 3519 2964 2932 6521 2742 9985 8966 508 7775 9209 7277 2254 5682 7381 4518 4172 5053 9839 4125 2918 8499 8168 6510 6219 2314 4774 2465 8832 1906 4286 361 27 5404 5716 4450 6470 3384 3827 1227 1897 9878 1778 265 5651 5935 4678 1603 326 7371 231 9083 6922 4221 4572 7182 5923 9337 9918 5447 7302 5672 4592 5468 2778 3065 5774 5396 5588 4650 
5450 1889 5203 2354 6019 2061 4404 5215 3649 8382 4535 6753 1592 8673 6658 6409 1547 2935 3990 1332 6908 7139 6115 9228 2477 369 2254 5119 2793 5527 6768 4000 7474 2755 2094 11 8951 349 3862 8001 8991 9131 3579 9226 8249 722 303 8925 1325 5563 6265 597 7321 1321 216 3394 408 7706 2340 7092 2080 7304 2613 5282 7864 4263 9626 9267 4168 6566 1849 5175 4700 3360 7199 5247 4053 8581 4983 1079 5011 8489 4452 5762 7264 9967 4568 2290 4704 1540 3674 4663 6324 4954 1089 695 8948 6818 2823 6450 
4343 8017 3936 5322 1613 9193 4630 7169 2179 9255 3164 4544 3452 2744 9546 9747 303 4555 1883 8416 4359 1357 3620 8743 627 5903 3523 4025 2935 6943 401 4606 8795 9179 5436 7303 6446 2540 2566 3734 195 9462 4766 5824 2831 7584 6308 1465 7752 7453 2680 2104 1944 9307 4492 7121 8846 7149 47 8123 3134 7627 7456 4772 3161 3814 9273 6727 6869 5639 4929 1794 9275 4904 8487 3006 8594 6077 9524 6050 4003 6383 6287 3514 5400 6309 6846 9225 3761 6817 669 7087 6953 2899 1780 8841 1779 7470 911 7701 
4826 1644 7173 7712 5532 8458 2882 660 8791 3016 6723 850 9412 1782 5630 9439 4269 5448 1441 9549 3406 3170 8285 7713 2412 5470 9667 3904 9476 1558 1564 8706 1333 6081 1379 9396 4720 8819 2642 662 5669 6454 3363 5829 5897 188 504 2681 7864 2964 1828 3977 2308 4958 1121 2107 9069 2348 7537 4277 8734 1565 6335 9904 2835 3052 6627 7218 9923 8006 8954 8307 1184 7503 2357 5189 8698 8246 1317 6034 2243 3352 944 410 7748 7384 2311 2084 4559 1417 5067 3111 9102 1850 9226 1015 422 7059 3411 2668 
2682 41 738 4918 2003 2656 1882 3329 9909 80 9843 3662 7436 8447 6682 7863 3841 7021 3304 2952 3789 6005 2532 7149 7725 246 6355 475 6076 9449 4611 7229 6113 5032 7060 7840 4612 1712 3149 5079 4649 7990 2801 8350 9092 5270 5670 1957 3633 4822 7482 4604 3995 7323 6171 4080 1526 3506 5779 6593 3069 5957 7428 1992 9652 2292 5617 2340 2949 9583 7599 6247 3883 6457 8159 8841 90 3826 4611 2941 6233 3228 8645 1714 3825 2488 5288 715 6634 7280 1917 7027 7811 7996 5972 3415 7991 7492 9228 9574 
5546 2993 4798 8562 9830 6633 7380 6211 4411 1282 7929 9725 2748 9269 745 7400 7815 902 3306 1845 4972 2656 9218 6880 4720 4904 6682 8220 3410 1500 972 2759 8104 3674 8149 2893 5453 3539 1081 9439 3867 6515 3438 2003 5606 7963 9053 4627 1369 840 6113 9144 2628 8034 9191 4983 4223 5152 9910 105 2398 6767 4551 3605 7351 42 8282 747 5385 7387 5490 5859 7298 3537 6533 4079 6785 5293 1116 6501 7646 8534 8593 4688 5034 327 5688 2478 3587 7137 6329 9197 1506 6078 1767 8477 3399 5043 2647 579 
7104 4316 8016 9148 4583 1508 8833 4453 2314 4885 2338 8498 6853 2190 7521 2528 3652 1423 419 6255 9952 8331 8575 9236 497 4344 6738 9133 2547 2788 3327 6888 4663 6480 5156 5247 8528 5056 5376 4981 4761 8120 6089 5586 452 3220 6987 877 832 6081 9497 6324 7976 7685 7238 5326 3701 3090 2087 8296 1186 7949 6515 5110 6762 1646 6772 1764 1398 252 2078 8425 316 5827 3255 6129 5868 1985 2039 838 1653 9457 2237 3800 5004 541 2660 8241 3280 8882 3444 6799 3688 603 755 3244 6598 2872 7107 4723 
2787 6475 9227 1871 7438 5912 7610 6913 576 4035 9418 8943 1640 8082 136 9756 8540 6151 6974 611 6567 2036 2010 6792 8896 1673 9892 5162 8604 3508 335 9599 9981 7497 99 3015 7677 4613 2622 6101 2529 2806 2906 7096 6599 1380 644 3351 6028 7964 1327 5526 594 5563 3990 2561 182 9080 1404 4939 4494 9152 4339 5207 5326 238 9874 4574 8954 2331 5399 2320 7318 8903 5556 9816 6997 2786 8563 7726 6006 7263 3310 6660 6763 3945 8225 1540 2032 4409 7421 2421 4185 4748 7789 6696 8209 8915 7714 2557 
3526 6739 6795 6927 8026 1617 2435 4721 5568 9846 4876 7924 6845 9402 2493 5772 4009 2443 651 9189 3990 7175 9095 7440 224 2646 9769 398 1791 7205 4159 1817 5074 711 8614 4158 6018 3276 3018 6701 6576 8613 8473 5314 9606 6137 9692 5700 2542 2037 1161 5606 9321 4698 4693 4157 1353 8710 6473 7691 9536 8481 6989 2733 4758 3551 9358 1742 7281 5167 5672 5669 7047 9307 781 8617 8094 3422 7088 7952 5766 6399 9803 8154 8313 299 1447 4066 2756 7362 9391 9128 6984 3568 8348 7394 8300 3301 559 1785 
818 861 5593 2723 7014 7591 5098 6750 7377 9875 9745 9911 1482 3600 6637 1316 2607 9358 8278 6577 8283 3288 6691 9476 3044 2067 8385 6881 4856 5399 2360 7091 5576 9243 8723 9105 7316 1767 7022 6451 6531 5500 1821 1576 4366 817 3678 8816 9759 6750 4869 9408 1470 478 1509 4340 7332 1583 7697 6800 2729 7038 8421 1014 3073 7468 7368 2202 5908 9675 3432 6550 201 9134 9902 9873 9600 9525 8286 7419 565 6512 6084 4163 249 6621 2474 2693 6634 3995 6767 2551 12 5023 2461 9786 4025 5413 95 892 
406 5720 7912 8266 2839 8977 8003 2313 4778 242 124 3939 7243 9233 707 2428 7722 6250 3468 801 8356 448 6783 2124 4650 716 9683 6611 6905 4248 4333 5528 9169 9221 3232 5760 3704 8409 654 3929 4764 7296 8351 1570 3733 6522 4035 9867 3601 3334 2535 8655 3358 4929 224 6520 4921 9086 4766 7302 7462 8670 6370 5631 2863 1621 2375 8123 9811 7876 2317 2708 8074 7693 863 6143 674 9443 8618 1722 4380 1360 8231 1984 8283 2177 4077 6537 3733 2718 8729 9956 4653 3790 5696 2507 3138 8510 1807 6473 