1209 595 7742 5276 9569 2237 9837 1806 1608 1852 6667 6560 9417 4393 8202 1902 9567 5301 7485 693 446 2269 7821 5849 7607 4578 7852 7083 6754 3512 6885 2936 6372 7203 352 8261 5253 5554 966 2495 5592 9008 6027 1261 9206 8053 4149 2477 3327 1985 9337 1825 9963 791 2004 9797 5696 5382 4393 6802 9402 3195 5716 4621 6322 8556 3551 938 9941 4407 9472 4480 8416 9661 1630 6270 6223 446 130 172 6184 1578 6757 8445 1286 8263 2724 5707 948 2249 1394 8791 8904 5219 5358 8426 5793 8472 8632 4411 
3111 6909 2052 5395 7019 601 5426 9613 4024 3487 7270 731 484 3983 5314 5240 9264 5223 5432 6426 6912 426 4447 1857 8182 3596 578 983 9890 5417 1722 306 7791 6746 3017 9428 7951 5801 5676 8545 7967 7501 2276 2821 35 4702 9633 5536 1348 8582 191 7211 8736 8304 3558 5337 6391 2306 199 7968 9078 4219 9600 8528 8670 3326 8294 9816 5790 9975 5008 4296 5813 438 7030 4366 9447 4135 5532 9666 3768 3985 6817 8769 2337 4219 1802 5725 5682 2489 1571 5582 2468 6726 4599 5658 5028 6376 8136 9617 
4720 7256 7909 5949 3457 876 4977 2290 6331 4350 9070 3837 7993 1871 6769 2265 9069 2121 1873 4995 9531 9644 3236 3546 8967 8913 625 1405 3217 9272 6809 7076 9045 8169 9769 5078 137 2770 8430 7138 4781 5095 3454 5149 6510 2129 9027 4373 6127 631 7976 8853 5248 2231 303 2752 9569 8173 5992 8679 9639 6878 5043 2036 6371 3800 2793 1711 8935 4665 3484 6997 4574 8218 1153 2469 6802 3859 7468 5557 9621 4448 5364 6389 7488 8313 2831 3445 3850 4134 2955 1877 9653 3027 515 2764 8109 941 991 1848 
9233 4544 2773 7338 9997 1345 637 9998 8566 1952 5081 778 6683 8455 3599 7065 4010 2723 4140 3856 5124 6630 6581 2235 7888 9825 5014 4772 1495 7026 1976 9746 1973 7408 6010 1513 9896 657 5827 2315 9743 7336 9393 6371 4530 6854 3184 7641 8550 9700 5224 5012 334 1692 8575 166 1299 5828 8384 3510 7611 3614 3976 6805 9604 4067 8071 1284 9791 2172 2536 2562 6583 9932 4837 8378 5947 5128 5484 543 5524 5571 5713 3726 3099 2629 6956 40 7412 1353 334 5993 3528 4795 8796 8446 2690 3366 2407 6381 
5537 8596 7986 3268 9995 4522 3521 4292 2496 8363 7459 6870 75 950 5090 7070 7469 4317 4731 7852 1488 1356 1219 8388 3007 9764 9910 4855 3719 6645 581 2999 8064 1912 4654 6570 289 7908 4937 1859 347 3883 2178 2280 972 9917 1286 9333 7661 6150 2189 8101 2279 9293 5829 418 3882 2257 841 6887 3247 1542 7528 9185 5438 1599 6521 5270 9985 9584 6660 7775 2105 7065 7358 6407 501 8148 2474 2597 7558 7541 4645 7179 7952 8196 7521 7228 8586 9699 4462 5657 3071 6024 3617 9116 3467 18 1529 9401 
6584 2686 4624 2496 1345 2074 8074 4130 6329 7651 2931 1899 116 2702 9487 7678 9314 9619 5533 954 482 3337 8551 9036 547 9125 8783 949 2120 9460 5594 4051 9460 6751 2665 75 9784 4850 390 8431 9613 6595 6595 9972 2703 7514 9446 8772 360 8358 6792 3991 6974 1933 2994 4531 5039 529 1980 4480 4935 3123 5120 149 4058 4805 5688 7079 3261 5922 1064 6303 4567 4688 8839 8736 2509 6458 7416 4376 7987 4986 4874 4702 9881 5763 7911 1060 8919 3135 5650 524 245 6619 8576 9630 3350 646 5465 6071 
8689 6696 9046 5863 8346 7363 6732 3836 2182 5081 809 1640 2036 3334 3782 2505 6305 7447 9348 3633 2396 3109 7078 7110 2999 1092 6832 3578 2926 8078 3790 6235 8259 418 2438 9251 7766 9699 1789 8493 8751 6946 6477 1970 2992 2930 6779 1795 9649 3776 2617 2414 7 3285 5815 1843 4460 7739 2218 8845 8553 1979 2072 6265 7158 8953 8185 3402 9161 448 499 8981 2102 6090 309 9653 2190 4942 7203 8893 3600 8659 8205 1928 6317 5835 7644 617 2473 2261 1719 248 1116 7643 4429 6098 6902 8429 9360 3326 
2322 4925 6098 550 9217 7863 7561 4567 7793 4998 7356 2638 5785 1998 9611 6921 8879 4617 1084 1652 5209 9362 4270 8777 9133 2500 5411 6846 8504 1114 4922 8918 6229 9352 7403 8859 8720 1103 9055 1886 3896 2433 5014 4276 6648 4678 7824 4170 143 6809 8955 4808 369 2949 480 4591 2004 4729 7481 1658 5412 1336 8924 9388 9045 5419 5766 117 5302 2134 1761 2110 4447 8768 7613 9836 38 234 3936 4622 9184 1274 3431 8541 3561 7385 5027 5513 8564 2331 526 1261 4758 4935 1750 8186 4076 179 5905 1206 
4557 9095 9993 9969 750 6173 1305 6225 6005 9903 3127 1183 8480 7891 1531 7853 9139 627 4577 1798 603 7889 3975 9614 3359 5989 140 5093 8540 7492 2348 454 1003 5536 1329 3481 4299 1724 6437 9759 3390 6295 1514 5391 7251 3280 486 6394 3165 4854 6055 1788 1591 888 8098 6146 7721 9396 3866 4204 1410 5953 3868 3358 7133 3299 7140 8589 8369 8256 9842 1758 5627 3061 9308 5141 2547 9133 7706 1666 4101 7304 4335 4267 63 9626 512 4168 6566 9112 665 6725 1527 1530 4000 236 2968 3464 7304 2857 
9809 6338 2638 3507 5895 5476 6986 9926 9999 5451 8991 3578 6913 7993 9499 2929 5293 8136 4420 8595 8189 9112 8262 6673 9001 9058 2372 5686 1587 7299 1382 9845 6674 7217 3670 5879 8156 2407 7121 149 1769 280 5750 5926 751 9541 2704 3678 8670 643 2415 2593 5495 3977 5936 3818 3821 7217 1611 3501 1121 3950 2107 3937 9689 4457 503 4141 2801 4158 732 2789 4400 5834 1454 6646 1548 3799 5171 8591 1130 2251 9597 6784 584 3066 5903 6247 400 8643 2978 6135 9369 5463 4138 8706 8376 7956 311 2352 
5481 8811 6499 7961 2219 4563 4026 9218 9021 3020 608 1593 6988 491 7920 8924 4307 7957 6651 6975 3351 9901 694 2799 8834 3726 9739 3406 1946 7767 4950 6157 5358 7535 6731 6021 7161 6782 2459 7071 2318 6713 5967 3450 9692 4998 3352 6379 5590 6616 7775 9945 9634 1421 7308 4563 5963 5743 8943 9964 9493 5111 7223 1201 9405 5648 3543 6757 6799 7240 8437 8863 368 6923 8460 7640 7404 1167 3387 4279 7379 3692 7390 5389 4287 8909 4251 9990 2092 8740 7221 608 7550 9599 8619 612 2573 618 9412 5145 
1100 3365 7056 4106 9857 4848 5273 9712 4945 7256 9564 9282 1332 6338 4928 6797 2487 6861 9856 6591 1322 9134 5064 2946 9973 8862 4496 835 3984 9955 8187 4395 8954 2588 1569 6065 1549 2197 3270 7173 8540 454 4940 9607 6905 1007 2157 7059 6185 704 9272 9147 4800 2420 6988 2887 9468 1548 963 5964 2981 5603 5468 6270 1289 2601 3418 2872 2316 6473 5273 3079 1825 6763 2926 9400 6730 9136 2455 4537 7356 1459 1567 212 238 797 7474 8045 7777 301 9885 8707 5189 594 3131 3328 609 6530 392 970 
9092 5873 4520 8485 4459 4932 6135 5014 4202 2531 5520 1975 4925 3000 4347 4884 3433 7270 3410 6910 1419 8833 9301 3015 9590 3838 454 9315 685 4611 150 1313 7337 4314 9982 797 3136 3257 1730 5551 7005 7888 2409 2700 1998 7205 9243 7095 2417 1129 2636 5541 7649 137 3967 544 9859 6355 8467 5718 8600 4264 8063 783 343 2003 6692 8950 9136 5434 3025 9825 9732 1258 6589 4611 8594 3991 4979 5434 519 728 7814 2941 5451 5799 4836 3246 1494 1533 6419 1716 7373 6829 7557 899 9857 4324 123 6697 
915 1059 2409 356 1826 9446 8589 5418 9464 4245 801 7602 5960 9224 6990 386 5400 7006 1814 1197 3806 5804 6048 5970 5387 8990 968 7016 5474 9463 3006 7786 3504 6405 7715 9207 7208 7135 2950 935 7787 2676 8080 5439 5990 1679 8791 477 6877 705 476 734 7987 6262 7942 164 9132 7986 8651 3031 9409 9850 7748 2568 571 2231 1091 6576 5595 6010 9945 8609 8464 9079 6486 9867 1951 4329 2752 8246 4871 6772 246 1129 8606 1900 3096 9920 7729 2916 5300 5280 5488 1671 7023 3205 4554 4775 452 9992 
4550 6034 1613 4259 9283 5018 6682 1634 7253 3650 9685 583 1974 5901 2657 7006 6467 5782 2487 5248 1150 1136 2884 8003 7453 7561 5133 381 7883 5534 746 5844 1301 6898 9154 6270 1885 1381 6871 4718 7782 2277 2561 4632 3164 1269 1614 6836 9873 4979 1886 9269 3642 1876 1795 1668 4266 6046 3884 5245 4938 9848 4287 4924 945 5246 5717 4548 8704 8293 239 2550 9570 3456 5744 8052 1357 3631 3634 6439 9057 4807 1010 2832 9095 825 1985 7996 3899 5230 8649 9865 2839 6966 408 2760 342 2909 6647 8381 
1662 7987 9692 7377 278 9220 8932 1043 2624 5147 7615 2776 9199 60 2168 16 3875 281 4684 2400 1636 3279 9929 9747 7388 7252 814 1022 969 3221 2031 1853 6778 6207 132 8412 2550 7040 467 9843 7962 7644 135 2651 7339 1843 8570 4173 3356 8984 8810 7859 3011 4585 7154 2671 4458 5934 2864 1417 9432 7216 9170 8567 5814 8645 3856 9194 768 4249 2974 8883 3682 7471 7466 6708 7320 5867 7632 4752 3785 7566 7272 6526 9432 9089 6473 6355 9596 8287 1006 839 5642 2855 4238 4945 3661 7164 2084 8068 
6281 9674 5974 4072 6488 8193 5473 8695 7332 2365 6477 6195 9664 478 5920 965 9976 3319 4359 375 5488 3533 7416 4517 4336 2443 9037 7606 1485 8173 4661 2961 8784 9009 136 2338 6581 3575 6041 9187 3774 9107 9350 2948 1205 7778 730 5471 9832 8303 7827 2246 8258 5716 603 1141 6238 3757 2554 31 4624 4893 9880 4877 6038 6955 468 8328 99 7554 2963 8104 5912 305 494 7752 5841 6172 1112 6963 5653 6458 3924 9618 6826 1440 7450 3194 7294 9937 3562 2462 8274 5438 8400 5872 7843 1775 6611 9373 