4824 1834 2230 9742 8852 8092 3559 4312 3733 6868 1904 8073 6756 5154 9813 1628 6581 5459 9996 1349 1422 8268 9824 571 3281 2289 1328 8350 3225 5553 7731 1833 5050 3187 8907 5076 4776 8555 1711 9038 7279 9648 4713 231 2545 1896 6188 7284 3823 4207 9599 4576 1748 1598 5479 8038 1039 802 8333 1374 9203 4367 7599 7134 5309 3983 3294 1808 5493 8225 8084 3952 6042 6995 1599 9880 1485 3666 9747 2450 2596 6477 2413 105 5892 2810 1000 4668 5226 8373 4904 6471 2330 9656 5903 9776 585 5002 3355 7919 
2191 9947 1203 9617 2520 5927 5181 8751 2685 8588 5041 5823 7920 6855 4912 2983 1890 4191 9106 2590 5522 8646 8869 4826 1140 5780 9698 915 1010 1316 7612 6222 336 8110 9280 7333 7035 1994 6302 9315 3765 6525 4831 3049 2076 2228 1374 6742 5475 3500 9074 3840 7459 8693 2982 1438 6624 7024 6351 1701 2217 5366 3795 5056 8919 7786 7089 9182 8970 9217 7984 7117 4536 2537 7415 8492 7237 6507 4501 303 6208 8539 9225 8593 575 3496 4247 6346 3923 1862 4133 5132 4558 6205 6171 1537 9830 6348 6814 5574 
3723 9905 1674 971 6817 9163 5742 923 4946 4245 4150 1128 6925 6795 8760 8219 4920 6618 3492 2596 2823 1224 7854 6653 781 2770 5760 7585 6683 9261 1478 6761 1463 7451 1111 7261 9988 4792 1130 5056 8860 8156 7884 4023 3921 7050 9712 1871 1780 858 2943 9566 1907 2544 5433 5009 2518 9827 3487 8092 2897 2222 1548 4516 2124 9472 9113 7739 5791 6076 9438 5783 552 5186 1388 6910 4694 9145 8521 2058 4374 8033 1192 2102 3282 6753 3 9201 2832 8284 1978 1943 1975 9570 5286 6563 6109 9680 632 1667 
3026 985 9312 6655 2867 4575 3326 7440 3575 8489 1057 7786 1207 8810 9462 8963 531 4592 4871 721 5531 2532 761 4455 6796 5042 1927 1946 811 3652 6622 1176 888 8335 588 9913 5251 7575 8276 7422 2214 6072 4079 6576 4254 7790 8693 2451 4431 270 1728 7183 9069 4182 5279 951 2629 649 7580 9963 6063 5800 6219 6410 5621 4526 7948 3291 5498 1987 4462 2376 339 1437 5511 8958 1992 9534 8808 9796 5214 3689 2382 3241 511 1353 4095 3054 1732 3830 6883 5933 7105 1885 1269 8735 8930 1246 4199 7565 
5167 3391 9758 1012 7785 6715 2008 1725 79 4741 555 7277 9760 7010 8736 7421 3194 5796 5258 8880 3547 1907 4386 8883 9635 3578 3081 4978 9925 1743 9776 4413 5034 8907 7329 6322 3915 5529 2621 5232 4176 2531 6391 8915 6804 6278 8921 8291 7149 4167 188 94 3250 7569 3308 344 3845 5663 3727 4272 5579 1232 1587 5577 5876 8323 535 2726 4307 2992 9706 2705 5201 9472 289 869 1985 9122 7663 6937 5750 8087 9153 1215 3365 9053 795 864 9838 1965 52 6688 2361 8695 7173 2578 7364 2877 8455 5269 
1562 8109 6664 4797 3805 7208 3496 8666 6170 4091 1424 8049 9601 8945 843 3379 7153 6182 9446 2553 8369 9557 1933 2994 7017 3283 6495 1980 4935 4166 5120 7123 8582 2551 1632 3261 2883 3983 1064 1213 8428 3802 8736 8107 9199 2290 2375 1970 4589 5802 1513 883 9306 4981 463 9087 5434 8515 6628 4243 7613 1713 6213 4374 778 9030 3142 7028 6368 9913 7237 4477 4002 7066 741 3251 3081 4404 2380 719 7777 7581 9790 6379 875 9481 5736 8531 4678 548 8445 5921 3361 2903 754 7654 3375 3800 3425 2715 
1944 3796 5848 3863 4798 5491 1356 1057 1539 5762 1112 6304 339 9196 3983 1792 4130 4007 7076 8133 6828 2590 8668 9701 9280 4726 1124 3454 9421 7565 2729 9160 9039 7939 5406 8444 2934 3464 1811 4788 5380 2170 2551 1500 4158 9891 4083 6650 2811 4061 3983 3116 6828 9642 8512 4509 8295 7274 885 562 8319 227 8742 2537 2385 4488 336 6411 7380 4570 5879 6613 6405 9467 2504 8042 1265 4219 6835 3274 4378 2748 8847 8937 545 4618 1306 8622 2989 8944 6698 7339 7673 3648 4691 7108 2539 4785 1108 2855 
8622 7688 1778 9269 5967 6498 3856 7279 4388 5953 3086 7380 6234 1747 1962 1121 9823 7102 165 3447 6058 1690 3172 8828 6072 5566 2938 8380 8927 3524 721 2947 1394 9896 6271 8075 1495 6460 6808 7412 6902 6842 3169 7442 9047 1670 8546 9706 7567 2094 3886 2207 6277 8033 2810 5180 1362 2243 3394 1985 7046 9835 4952 1880 6622 1162 3673 8548 7446 1847 1659 8727 8554 5775 7358 124 435 9273 6434 577 4452 7788 6458 3156 5933 253 6467 8926 5700 2702 3370 7232 94 1588 7132 691 3070 1115 7802 1623 
9148 5054 957 642 6735 2255 3183 8091 1432 2390 7718 3473 4794 5808 9805 3591 8277 3784 321 773 6768 4392 3490 256 8750 4123 3612 594 1118 8063 8674 6880 3926 857 4223 9886 4267 6308 5676 7869 457 1314 4211 4836 9115 9582 6077 5474 5225 8908 9870 9608 2934 6019 6070 2963 7663 5636 9592 3073 9221 3583 1407 9475 18 849 2946 1996 5070 8238 8028 8880 647 5588 48 1721 3122 2117 9481 5054 6881 1950 9943 4649 458 657 3142 7176 5477 4283 3096 1571 9480 9865 6204 872 3582 2701 2865 4222 
8714 8761 5410 210 75 6280 5152 3016 8221 8446 26 1197 5403 8816 2564 6183 7851 6290 6472 3786 2277 1837 552 1650 457 7790 3860 325 2331 7636 5827 6486 1328 5793 9712 4098 907 2875 6102 2985 9344 7309 7792 3894 5291 6876 8142 7432 3332 6397 5205 2322 7356 8398 6998 4488 7904 546 5783 6686 6371 8995 1945 8549 8413 6418 2367 3085 8288 5938 5591 1978 8213 7903 4788 8472 5295 6389 9480 4992 415 239 3985 4986 1893 3328 222 3094 7519 4278 6881 6202 4069 6972 3816 6973 7309 3896 3807 8200 
5427 7710 3379 7234 9187 6971 4405 3119 8889 788 8823 5604 9516 1927 2883 3745 1392 1790 358 4271 4789 9780 7212 2500 200 3899 4468 6542 5101 6559 6407 5887 4565 5349 5549 4252 8720 6094 6974 9857 6836 1668 5037 591 5940 5105 9995 6249 3223 1657 9676 9874 5231 1571 3656 8220 2372 6319 7981 5172 9145 5604 1142 1150 4852 3781 3425 7868 8839 7986 7772 8205 1303 8076 177 3242 3649 3311 6929 1651 5238 1676 3662 135 7907 2276 9931 134 9155 5758 4462 2631 9947 5380 562 8017 7988 6672 8077 7815 
897 7401 5982 7894 6483 3265 2249 3138 7261 2113 5926 9746 3111 7933 5610 9173 539 2813 2021 5735 1198 3920 87 279 9664 7926 1040 2570 2976 2404 7663 7910 4115 5950 1286 4804 2558 3025 6155 47 7668 5432 7974 6976 5818 803 3525 2637 3605 6383 7410 8016 7716 64 543 2904 3971 5369 7096 675 7266 9694 4462 9831 5475 4903 6948 9075 6209 9913 9184 2377 7567 8432 7706 4280 7949 4488 9891 183 358 897 7652 7149 5448 8358 4950 1070 2688 2668 9617 4689 5531 5728 5072 911 4684 6825 121 2591 
9468 8964 2881 6371 1832 9594 7315 5184 4109 1213 7043 9048 2147 2152 2684 8945 7681 6892 2369 3582 5468 457 5609 1617 1220 6404 9224 647 2544 3059 6992 9047 6432 9883 2674 7553 2459 2390 8005 2002 468 8551 1437 3233 4112 4904 3770 6360 6686 9036 3116 6454 3621 9504 246 383 7734 8294 1540 8456 4141 6794 4543 4911 3902 6943 824 4663 152 2046 6621 542 6839 3439 8654 2016 3377 9240 8948 1851 7891 850 3927 7556 7556 3110 1185 9087 357 9162 5623 6626 5716 1242 5803 2000 9713 1178 4710 3926 
6787 8084 5929 8035 4005 1262 241 5498 7098 2461 2339 5129 7487 5511 3125 4680 9114 9285 4920 993 44 8676 594 7061 7476 6863 1536 2636 1008 593 8477 2274 2773 283 8257 547 5127 3177 5456 7630 590 3542 8779 9137 6090 4956 809 8567 8914 2549 120 53 9522 1910 9753 8840 9293 2333 505 8362 4445 2949 2849 1244 7274 165 1060 9437 2680 8147 9654 942 7812 3439 6769 8219 3043 179 3213 5488 5316 675 2252 1557 3428 6688 5350 9064 7979 1207 6306 4746 6130 2393 69 3035 4647 8430 8814 4956 
5983 8052 5505 8734 3642 2557 3803 1273 2087 7615 8332 8512 5644 5363 5610 9185 1895 2907 3147 4490 4142 2475 7011 5356 3334 5050 2492 309 4103 2856 8051 5618 7633 6111 5238 284 5297 6088 6462 6113 7638 3439 3148 7584 8719 6296 8877 3653 8837 1394 2636 275 3295 9226 8569 4165 5350 4635 6072 4438 3469 468 3052 7491 7191 9775 2660 4599 3456 807 5734 4747 5984 6978 9596 6987 7201 9705 1010 8585 8412 5363 6179 5174 1688 8923 4039 1853 5682 8266 2048 5101 5920 8137 3953 1135 3982 3478 4982 2479 
4013 5579 1153 4870 8611 9192 2610 8901 5323 6370 7 6700 769 629 6936 7415 6297 3498 6726 7908 9579 8375 1411 7344 3029 3217 1838 9772 8547 8726 2591 5808 6523 2569 2980 6580 2525 272 5727 8576 8078 7514 9159 6747 456 8865 7829 9513 1853 6113 9260 3976 5188 2863 429 6040 9963 8120 3725 1704 1670 9511 1463 8421 9310 4085 7274 3661 1065 6815 7557 9237 7784 4332 8926 3407 7778 1664 1727 182 6695 9191 7363 1779 9135 150 5067 4642 783 4789 1068 6450 6379 9345 3818 6105 9740 9483 1132 1799 
4069 5317 8363 5782 5515 2420 8123 9301 7459 1479 9999 5047 6621 1168 158 699 3317 2093 5904 4761 2199 4138 8333 3635 2977 7673 4136 9861 2900 4443 4981 9692 2309 7663 4908 9190 6209 1482 7853 1863 8301 7843 5146 3820 4107 1452 8679 4735 235 9388 453 8644 4934 5006 8394 1727 9014 3402 9666 826 8680 9532 6022 8366 5698 6584 6504 6695 314 7238 9587 2715 3198 4411 5461 9991 2682 1736 2540 4328 3337 9580 2077 7133 1472 3285 5247 5944 2370 9011 7094 9098 9275 6081 7860 1637 1874 4003 1628 4213 