2950 8088 3871 7597 1707 9355 8557 5017 8097 3577 4326 749 9039 1775 5052 2258 7135 2113 3418 7842 8311 3234 7794 3696 1552 7298 7985 4100 4721 4305 5688 7189 347 7766 3238 2785 6293 2284 4496 3063 1342 2447 9636 146 3649 5019 5273 8305 5092 7442 9794 2241 1142 2229 6385 1247 1707 3690 8782 9376 9372 6257 5877 7507 4716 6945 454 6203 9096 1643 1050 2765 2083 1444 6244 9114 1543 6274 7607 2527 6453 8883 1144 404 4457 6903 4167 9763 4282 5983 9731 4941 2621 8125 4904 2982 6893 3367 2604 7828 
4837 7345 4705 5108 805 4170 4464 7624 6270 9139 4461 1806 1404 5343 2285 3090 809 7257 262 6649 1983 332 9346 4444 9826 1240 8868 366 6720 6577 4587 1738 9052 2982 8825 9461 7995 455 5942 8211 2006 2485 5401 3559 7765 8990 581 1456 9476 3742 6602 7509 636 9458 2123 2425 5519 1848 2087 2814 5950 440 1897 6825 6194 3620 61 7898 6810 5245 7247 4577 9464 731 3509 8121 5085 3321 3577 8722 1420 8258 981 9806 8943 1006 3559 8283 5301 4348 9135 6620 8394 6076 7144 50 484 292 4895 9063 
4608 5194 2177 7275 7844 892 3939 1008 5203 1101 2090 2337 2432 2631 3301 3349 8402 5189 162 3503 2267 9719 6573 920 853 7797 1106 6280 8938 159 477 6015 8941 9698 919 6783 5150 2678 8850 9058 4578 5564 3781 1409 2955 8407 8006 8141 7831 8063 2277 1837 4169 8314 1912 6678 2978 7117 4066 6145 7798 3778 8546 2737 2082 3235 4446 1390 3384 1763 5721 5227 856 2027 4228 8143 8015 1324 5842 4759 8182 3600 2628 6545 5964 3630 3253 3191 8440 725 6599 8829 5395 4808 2443 122 3717 1091 1068 2199 
1805 4264 1840 9032 2217 2749 6096 2765 4248 2614 1469 3842 5270 5484 7120 7830 5402 4912 3479 7723 3515 9375 3188 4471 1929 7461 3390 6793 7340 3508 1563 395 1007 5141 7829 4406 7691 9989 8868 5095 2352 510 8262 5281 2990 9001 3069 2372 7358 9750 7299 8897 1205 552 9020 3860 325 6359 7149 6473 2253 8358 4950 4596 1369 8664 7697 7711 5989 7640 8013 9617 778 4689 78 1718 5741 5841 4055 998 4409 8898 3059 1323 2842 3211 1945 4026 8494 8981 5516 1265 3050 9728 1031 9282 1180 8524 5243 4963 
4514 4620 2843 8049 6260 3681 6109 1478 4917 6514 3311 1041 4378 8797 1717 5840 4567 8839 3634 1346 1634 1970 6732 6843 5296 9853 8004 3752 1978 7613 8650 8048 1029 6164 8142 7022 1799 7203 7064 3167 9016 6897 7396 7740 6672 4236 3256 5507 7016 1917 2906 8352 7518 7105 9124 8978 9509 8174 4287 9412 2527 5418 1880 4008 18 4427 8862 898 4269 50 6473 4155 2928 1188 1910 919 7971 6837 3293 1949 3295 8370 2558 8539 9514 6231 9244 1695 1952 554 9822 2089 4073 4970 9668 3703 1827 2705 5606 6707 
1613 4899 5697 3374 6140 244 669 5193 6234 981 3896 4624 8369 2804 42 116 2702 8055 7834 4783 8816 4436 9314 9619 3349 8701 2758 948 1493 1323 9508 201 4654 5746 8272 1875 7975 8396 8323 4525 3744 819 8678 234 8816 6670 63 6775 9004 1023 1362 2536 9371 526 1476 7019 4048 5204 6891 6991 2233 8123 1271 4644 6687 2220 7825 8068 6721 1731 2296 1101 7103 8591 5457 4784 2822 4085 6457 7474 2821 870 7703 4428 4862 5391 5576 1439 3802 499 5388 1070 8282 2437 6899 5766 6905 9988 7728 3842 
780 4582 9970 7691 182 6480 9754 8089 8191 8060 210 2851 4776 6413 8666 655 2969 665 6933 8551 6777 970 6221 5930 1613 9725 1455 9890 5697 3374 4 3133 1862 739 9192 8393 9653 1365 1488 7047 3755 4714 3508 3596 5972 6872 7592 7710 609 2857 5641 6220 5489 9493 8918 5627 261 567 7947 8413 6240 5321 8260 6566 5900 8572 92 9911 4116 9698 5976 43 4294 1367 9408 5046 5671 872 5780 2906 3296 1625 723 3902 3851 8945 1098 5750 7814 1932 8679 6750 5313 9595 5019 4395 286 4729 4493 5728 
8759 7489 8052 4471 5998 6247 8897 9278 9146 2768 6672 8331 6480 7072 8720 3079 4576 525 4963 3119 6457 6822 3637 3744 9555 542 1304 8158 4475 4934 9179 9556 1333 7370 428 890 7861 9270 9193 3648 8306 3959 5438 9651 8152 7962 7613 8516 3791 2086 7265 4285 2251 9148 2007 6909 5863 284 7844 3525 1083 8537 6707 8055 1205 1075 2309 3894 4977 1390 6385 5100 2582 4431 1847 6062 6680 6412 346 6903 1703 4361 5305 2661 4409 7502 4405 8318 21 5477 8054 4494 4108 8518 6039 6233 198 4750 2030 8830 
7788 8951 5327 1367 8453 8567 7942 4436 3574 2549 6598 1724 8056 5395 1176 6295 7439 4585 1497 7034 1736 7002 5266 5169 1468 6415 8501 6666 3923 3256 6128 5743 7615 3882 9830 841 6887 507 6888 1906 4618 8367 4398 2798 8995 2608 2529 9009 7359 7094 415 3060 8067 363 7594 9835 8307 5667 9870 8628 8769 1853 4807 7835 3008 6630 6123 7996 2552 5300 4471 967 4341 9345 5917 9510 948 6983 8485 8666 1493 5427 8123 598 1323 6540 9508 8957 201 4654 6925 3721 7997 8272 3290 3098 641 4757 3533 4525 
4265 3744 819 234 5904 9456 528 171 4429 7886 1419 8072 6268 4580 9147 3730 3435 471 4900 4385 8836 2193 5869 8790 3011 7027 4012 7402 9125 6058 2062 5840 5604 2038 7340 396 5213 724 4122 1392 6827 2074 2500 7943 2110 9534 2545 818 2467 5464 2280 6534 1059 6858 2508 9247 4756 1286 9093 7489 4128 9241 2917 5306 1501 3923 594 3256 351 6128 7270 2279 7103 1670 4290 9293 5829 4886 7285 2987 3882 1263 2257 841 7563 6887 2342 507 7162 9288 2301 5991 7903 9784 952 871 6888 5161 990 6758 
9015 2930 6663 1778 3437 7418 3410 4638 1313 7662 6547 3660 3966 7077 3839 6092 9023 278 8812 903 8925 2043 1710 1560 6832 8743 8988 775 8015 7982 9425 6078 6233 4663 3461 6878 6203 5621 8832 7624 9861 6747 1722 4045 7829 3855 2622 1674 219 8328 5156 1654 5952 8541 5573 1939 4149 6371 5341 4185 8241 1231 5072 5033 9001 319 3580 778 8632 8010 9945 3220 7673 2523 8765 3912 5213 6316 5755 4528 1467 4914 1207 1679 5266 2149 7269 7999 1273 5143 5210 7240 8911 9533 7656 4536 68 6909 6905 4903 
5143 8835 9032 5217 6294 9594 2503 4814 267 3383 8003 1065 8470 6707 8797 6187 5232 5076 619 367 393 3030 2118 4609 105 5099 492 496 8979 3329 9223 4421 5852 6859 660 5991 6056 983 1929 8809 4351 7685 9122 8524 1860 2558 2084 895 7777 5794 7771 5481 1670 3552 2937 3586 1123 4746 6730 9826 6262 1692 9542 2344 7386 2402 6167 6944 4439 201 3036 9572 1935 9318 2 6456 4018 963 7551 7753 793 4385 3906 9576 799 9409 8323 1147 7938 6537 8707 4009 2882 4488 7263 2378 7841 8547 6271 4515 
4885 5988 2555 5570 1060 909 6216 6063 9309 7168 8644 4900 7197 1523 4208 3781 9082 2332 2039 9470 7524 3697 9285 6284 6736 3555 2409 6415 6669 8885 9487 9333 3323 5503 307 2198 3521 5169 981 3570 4624 1345 5580 6329 4878 6317 3730 8055 7834 5539 4783 9487 8816 6962 2758 6904 320 5410 9439 929 9004 213 698 2485 8346 8917 1734 7477 9049 3317 106 6754 4226 48 3612 662 724 306 9481 4434 4240 562 1141 5520 8459 6945 3877 8822 2019 9384 8348 8618 9858 3238 742 6152 920 7987 3149 2502 
9802 5733 9269 9897 3249 483 3175 7976 1443 7713 1497 4941 8896 3947 3777 6033 5931 4988 3350 90 6355 5614 5639 5638 2708 6443 2134 4295 4828 6786 3408 5642 482 5842 4838 7121 3971 5885 6827 1527 4100 6095 8301 4272 67 5953 8950 4661 69 9296 9242 6584 7367 9728 6018 5012 9493 1616 7713 815 4028 7379 9019 383 3164 8884 3103 2514 4248 1933 2964 3762 6969 7864 912 2416 9894 6145 7665 3842 3692 4704 6379 8100 745 190 1304 5525 5117 6624 6624 8805 7567 4443 2169 2490 4101 6435 1024 4710 
745 7095 8131 4443 6208 8550 4552 1420 630 1150 6687 81 2168 2106 4405 9138 9791 717 4062 4375 9185 1831 2134 8241 4627 3595 8542 7668 1815 4706 4481 2757 93 9766 5847 1975 9229 9332 2258 6345 4713 1500 214 716 2948 451 3832 2843 6353 721 8006 8457 4752 1944 6903 622 8843 6461 4288 3583 1368 8519 3994 1698 2194 1923 2468 7664 286 493 3353 497 8538 1350 4137 6236 564 4157 7358 9750 7299 8897 2328 1662 2991 4942 9907 5593 6024 6858 1459 7461 5518 8631 3577 2865 6103 4763 7755 6273 
6369 4775 5340 6083 34 9784 2334 2006 3226 7050 4351 4628 2110 1347 3011 136 391 4541 7259 1780 2948 1749 7725 9363 9500 6243 1863 6260 8041 321 989 8610 1318 3737 9049 5341 4939 2580 4113 8643 5715 8174 4755 6403 2161 6381 3816 5686 6493 89 9523 5957 4978 2910 9433 5718 8604 246 4844 1129 6067 8703 2695 1024 6680 7732 3628 8606 1917 429 8187 7867 9000 924 6182 2940 1900 1544 7729 2916 5300 7236 211 5534 238 7836 5294 758 612 6023 7811 3477 8559 6780 6302 5726 6404 2626 8766 9756 
6758 8918 6963 8974 7537 6277 2530 1518 2744 7259 4463 7024 6249 7130 6326 4498 769 6056 2504 3009 3900 7556 8119 1974 3367 9706 544 2840 8844 6463 4292 6216 9299 7354 9949 8684 8906 7827 6661 2811 227 5716 5515 4634 9360 9360 3928 2454 5295 1716 4323 8638 531 517 1636 1351 7225 6183 8117 8634 5521 4854 9790 2170 1499 8478 7390 2049 6464 9836 5028 259 1450 2725 1492 2685 2294 4040 1394 1820 7394 6402 9127 6063 6076 608 18 8664 7030 4075 7047 4980 7408 8575 2109 6708 3610 7556 6407 4559 