2070 1556 1880 7712 3887 4260 7884 1035 1983 9090 3826 3592 2676 3209 7004 6794 4104 6849 4775 4013 2334 4855 5437 8113 5141 4195 1626 6100 1033 6137 9954 358 8636 6790 2881 1488 9532 6423 8895 6631 9597 8557 8239 8274 9049 3579 4323 1177 1658 1854 648 8661 6996 7106 3230 7357 9529 9994 388 6382 990 3988 1698 8572 8894 628 6516 6586 9218 8337 7150 8490 392 8586 3825 7639 8619 8025 461 2119 7049 150 815 5283 9197 2706 7716 3535 4983 1265 4713 3668 6967 7726 3355 2167 4349 6768 4997 7959 
2564 2599 7086 2708 1967 249 5455 9281 2466 3551 9462 2223 7132 1471 2233 6383 5922 3366 9998 3958 2137 7828 9588 947 1059 818 9497 4803 3285 9207 6404 9610 1744 4732 161 1090 4059 6022 8145 466 2567 8668 1961 8545 4279 794 985 1886 1363 5470 105 1439 1059 9995 626 3581 1741 2064 3021 1430 5372 8578 364 7395 4297 3105 7327 3530 8150 9876 5678 3770 1451 2908 3183 6190 8842 4061 7299 7632 3678 3390 9646 9687 6853 4468 7644 2514 1489 6958 8616 3219 6811 6749 4119 3943 6031 5759 4084 303 
8905 9185 1719 2232 9793 3646 7781 2490 8185 6653 528 8234 2863 2143 4839 3148 8102 1634 3071 8104 6433 7205 3390 5505 9057 3459 4375 106 3271 9541 533 1539 4858 2805 3427 4888 1622 6789 161 2999 2157 2772 1784 2166 5189 3095 4496 9655 4624 2931 3488 1688 8647 3052 3594 6944 8627 515 6050 4910 6448 9422 5417 7299 5674 8247 636 8591 5692 938 8050 4637 9494 8944 8179 6316 2773 7666 3401 4616 1904 4715 735 6628 2260 6148 3463 4327 1306 3159 6401 6479 5683 6882 6494 8080 4521 1724 1687 5582 
3884 6787 9766 3624 1586 1271 9038 2753 4109 7097 3700 2402 1645 5269 4178 4506 1187 1556 5635 2252 1266 2297 3500 551 3000 6720 5861 6403 7053 5263 9098 5725 2092 8783 2188 4485 7451 3195 5272 3285 7343 8890 46 2870 245 9817 4051 6710 9936 2614 7708 7885 7062 6216 8139 5724 5044 1960 2022 3612 6753 7038 5245 3968 2799 2484 7707 2412 4460 884 2134 1776 4297 4080 5397 5014 7796 8101 3503 3697 714 5906 3018 4120 9107 3177 3246 4611 7276 5650 7985 7057 6699 8678 8359 3705 2049 9076 8682 1909 
7590 1870 1785 3365 6017 1959 3786 8105 9721 4145 6194 6183 5270 4556 703 775 8268 9291 9166 2503 2207 1788 9999 1131 4371 8932 5835 5400 7522 3419 2260 6148 8638 1306 6650 8256 6154 5683 6882 6030 1471 7069 1692 2075 3877 3252 4362 3980 3255 3590 9808 9775 3478 6377 6481 5150 4700 245 7942 9772 7302 2009 4739 8926 9059 5955 713 6186 5703 133 1994 1177 1896 9940 2485 8334 7853 1514 9810 1045 9505 8131 1777 3291 8167 7832 7120 9483 4743 608 955 9877 6368 1533 2510 4907 7191 5912 3784 2909 
1776 4808 439 260 9473 6667 4779 3632 6889 3556 9158 1594 4835 3852 8146 4470 5886 8860 8576 7864 9661 8989 2185 6607 5399 5978 9911 9630 9517 2923 2139 9288 4753 4429 2318 7707 3163 8325 13 1730 1703 7532 7383 7366 6941 4037 1118 2037 2677 8790 2676 4467 3141 9903 2162 2981 4134 4687 6378 1308 9373 2969 4423 6805 5401 8170 6087 8261 1862 1615 8671 583 8209 5108 7707 591 216 1884 2883 2838 9776 5598 4575 2029 7052 7696 6680 2158 1292 9232 785 4845 9591 8379 3840 9424 2452 9211 8017 9941 
3161 1265 8714 9237 8865 9804 8706 1376 3933 2614 6220 7610 8866 2358 714 1820 3628 6896 7806 1962 1771 5085 5214 7793 4076 5048 3043 7621 653 1768 6331 3588 9411 1078 1210 11 389 3257 3108 9784 6159 6789 3412 7868 9079 2215 9559 3776 4854 1338 9456 5794 1469 5659 7476 3950 9216 7102 9047 3090 3771 7023 1740 8826 5887 1620 5513 2030 5428 1993 7221 745 6435 4970 135 5543 865 4731 4256 11 8997 1514 1312 887 9485 1427 1641 1271 7786 9915 7567 3668 5698 9029 5450 9543 6714 5490 3277 9610 
696 2469 7234 6091 1901 1977 3652 5007 8488 6636 5196 6943 4507 2826 4700 3932 2671 9858 32 5085 8381 1827 8795 1772 7171 8196 868 1936 7105 9758 8575 6956 6161 3509 9935 9703 1158 4901 937 7366 1970 7450 2541 6055 8754 4966 2754 4044 8337 4695 8192 8589 294 9108 612 3286 3659 1576 7901 1997 4780 1118 9626 5106 1730 4691 1107 6340 6255 3881 9210 6500 207 1732 9063 6429 5299 481 5890 4157 239 1696 9673 5426 5690 6720 3306 6716 9183 1369 2336 1417 6648 2351 2025 5409 454 8920 689 8815 
5323 3380 700 8183 9724 5287 9447 7540 5932 4597 1602 7913 2510 8003 2043 8566 7422 4059 5722 5418 4089 1770 1422 7398 3509 4664 367 6327 7577 2793 5520 8893 8430 1363 7329 6805 627 3868 2718 1868 6915 4711 4772 9247 5168 9608 1723 613 8908 9462 6457 5704 6481 6453 303 5781 7569 5299 8762 7845 3562 5941 9647 3176 6630 9697 7153 8450 3605 1302 6347 7243 9900 3119 2647 8227 4804 4582 3056 2315 336 158 7062 6061 5035 7454 8939 7505 8663 2240 8233 2293 7083 8207 4575 1070 3463 4233 5686 5689 
1931 6226 2734 9941 5287 1033 9954 358 8531 8910 1967 7206 3000 5476 9237 8434 3343 1994 789 2766 5243 5501 4403 9215 8196 5262 5739 8026 4145 6562 2390 1074 458 1606 1071 4807 7292 1880 7605 4519 7422 1548 6613 6084 1411 3158 4003 5592 2063 9893 3256 3576 6567 2710 1008 3957 2651 4752 4351 6563 1253 1223 1308 765 2445 3476 8831 3970 4203 1778 4616 9727 3203 8722 631 8094 9811 2173 3970 9441 8795 9895 9218 1138 7376 7653 5518 37 7684 6022 6806 5454 8354 4602 5807 9132 4504 937 8626 951 
9594 8834 3004 307 6646 6589 7022 2003 6246 4936 8264 8541 764 8189 5586 8153 5452 8255 5887 4863 9130 1268 9353 212 830 2161 2751 7560 3385 992 7078 7449 7590 8781 9940 9405 8598 4116 2935 5141 3726 2507 9433 7780 7883 4128 9626 5673 750 6935 3623 5748 3132 165 7241 2208 649 457 9587 8572 4509 448 8016 3711 1978 7777 3716 2526 2289 937 8525 4778 1533 8835 3706 6608 9706 6465 883 4622 4670 4716 4016 4779 3449 1633 2414 4611 1293 4687 1268 9499 1808 1375 8358 161 3788 1994 2936 4026 
2777 9789 6929 7628 5023 7445 6370 8144 6748 7726 3699 9526 6468 5292 5999 2769 8673 2080 662 6752 7175 6953 4229 6365 8392 5227 4759 313 8216 4572 3231 1704 5987 1076 8253 995 9012 3674 5337 7743 7624 3694 7708 9941 6305 3349 6757 9448 1966 2849 3752 5682 2721 1576 9943 9403 6316 5097 5143 9532 6490 5458 6540 4316 2609 448 6482 9143 6370 1572 4520 2840 4063 8821 9595 6524 9800 2697 7027 1480 7932 8077 6499 8881 1483 7596 361 428 9796 1350 4364 3318 298 2582 6864 6533 7716 7787 3975 8853 
2440 974 4868 8090 747 4877 3599 9764 7181 9183 8258 1179 5372 501 8864 9130 7103 5636 6682 6451 1896 3913 5321 6149 4067 6178 987 3106 9905 3534 2790 8571 5357 8037 1226 9007 9687 7440 5609 2174 6578 2421 5004 8282 3884 6787 9766 3624 2343 6195 1586 4517 1271 775 4109 7097 2958 1645 9666 2635 6424 4226 4480 4532 7389 1872 8880 2446 6466 5530 6234 6310 298 1301 7133 5329 1446 5915 4867 7179 5807 6157 2306 8743 6510 8897 3180 553 2820 855 7567 6359 5827 6486 8414 6416 2875 3201 1191 8248 
1155 2140 5945 3419 1366 9033 5678 1671 4248 6543 8118 9843 8786 2601 8910 7513 1685 1841 7301 6864 8119 5112 3891 8148 1564 8295 8050 7819 1431 4709 9177 1978 6516 4954 5592 9391 12 7367 5361 2912 4343 602 2444 4666 1047 559 2503 1927 6082 5624 3303 7198 699 6215 6591 6592 558 8788 3546 9052 9821 4602 7426 4487 2374 4826 2933 2231 504 3638 7875 9890 5073 7977 2457 8016 3015 4468 212 8462 7161 4712 6472 3250 4536 2248 2004 4500 8966 4582 4838 6586 3056 4198 9205 6504 7269 4136 877 9640 
7164 6278 1596 9275 5124 9439 2051 8975 963 407 7806 3368 1502 9972 7508 7339 1513 9320 9087 9788 9853 8004 2039 623 3708 8076 763 6331 4932 2463 4551 2541 6070 8566 237 5849 6308 5651 6242 9908 9990 9700 4027 5564 7033 1437 7639 7484 6202 7702 3945 1578 1145 4226 6893 6249 2296 7666 6400 7772 4627 2591 7992 3736 8571 5879 6552 9179 5512 4953 1057 4542 8429 6383 2 7434 3296 6377 1457 1067 8860 8898 9488 8360 4112 9903 3664 4367 6318 4147 4612 4897 5407 830 4964 1618 1634 9310 6416 8723 
4448 643 1712 7120 8436 7503 8578 7952 7634 9361 3957 3811 3257 5542 1083 2150 4959 9050 9196 8919 3064 4269 6798 3610 7774 9311 983 1499 2035 1666 7792 7400 2613 6672 5520 6707 8504 1849 8459 4081 3148 2935 7199 5247 4053 8822 8089 3320 2775 2257 6379 9342 7113 2019 5272 2287 6324 6823 9652 3269 6630 9786 507 8500 1385 9046 8962 7051 3400 9150 2742 6158 1548 7668 4336 5736 25 7638 6201 8653 1312 4795 5612 9616 4870 8429 4673 763 9124 2311 4244 4932 7418 687 4551 5798 2541 6070 7908 8566 
8624 4061 5849 5904 5283 630 9835 6308 7921 6950 5432 6700 9261 1945 2228 2629 110 5104 2739 6092 6195 2070 8935 3440 2783 5794 8382 1803 969 1172 6315 3737 1050 9416 522 7345 2384 9117 7034 2553 2991 3496 1459 795 550 2797 6537 231 7549 2035 8721 8457 8556 2458 7972 9333 6852 6709 2072 95 8960 3591 9338 6084 9426 2749 3893 8045 5371 4691 5724 5184 496 5353 5952 7127 9710 9 9777 1984 5914 410 6972 760 8215 1674 8328 8541 6801 6518 4149 6371 7125 4469 7973 4688 6800 4807 3348 1334 
597 6548 2504 9080 6915 9521 752 9067 7902 3405 9110 8499 9409 740 8496 9386 8722 8194 2653 384 6631 2553 9749 5809 3850 8949 749 9464 7960 6069 345 12 575 6643 4579 5309 7009 1119 7212 4826 9005 4130 6347 4798 4345 7909 583 6082 6050 6532 1252 4167 8823 1758 808 1594 7984 4566 3488 30 7051 7666 4513 7776 8585 5045 9973 242 3730 7268 235 7795 7264 2512 7629 3095 8301 440 2785 8599 7197 7475 8048 3800 9120 2180 9572 4054 1038 3073 3510 8862 1294 9684 2853 2567 897 1386 1067 1939 
522 2438 9117 3571 308 7666 9501 7109 8678 3857 3292 4072 8064 6267 8523 7097 6077 2449 8428 3728 8227 6848 4904 8860 92 7303 8133 7388 1507 8666 538 1955 8399 5781 3160 5759 7120 7242 9085 1872 702 7996 7726 1059 4769 2998 4879 3623 1512 6581 257 8390 3219 45 8290 7473 7487 9602 7628 9355 7568 1878 1923 4845 2332 8147 1547 5098 1046 5006 5119 5527 4212 329 4074 2906 4898 1398 3559 9698 1597 3978 4376 1645 2047 6426 5641 272 1637 3279 913 3342 4473 2606 6516 5341 1214 4288 2522 2749 
929 5860 3470 6911 2829 1076 4887 816 6231 4674 6493 8165 3824 1361 6624 3795 5806 9856 7551 33 5216 3870 9245 6236 9581 1701 2217 1633 5366 2921 7683 5695 9367 8114 58 3002 1490 3644 8216 102 3513 2088 2793 5845 7839 9409 5735 4949 7634 5627 2934 5579 4964 5061 5760 9985 7391 7933 9467 1547 5605 7066 514 574 4628 4954 6088 9703 8829 2472 3463 589 649 4502 3516 1949 7269 7262 7840 3259 5731 3914 7565 3958 3110 8114 7612 5625 6955 8936 9761 3020 3895 755 3434 5403 954 1778 3741 7763 
5994 837 1569 3987 4056 585 1404 2222 1779 3293 7383 6467 7937 8345 6053 2805 9372 7720 2782 7072 160 3444 2941 8679 783 6995 6959 2286 6358 3427 3588 6565 1101 9266 634 6031 4545 2254 2224 9108 2440 3596 3268 6700 7835 8283 6421 9853 738 5645 2314 9949 7213 6378 843 7512 1949 4352 4162 206 9183 6044 7962 6508 7419 2810 5060 7759 6409 836 2615 4073 8530 7563 9791 5045 3365 4062 9260 4375 1831 8241 4627 7680 5730 244 7954 9600 951 1880 8683 3898 5756 210 6502 6108 5048 2043 7078 1204 
734 3312 8260 8200 4774 4931 6962 861 6581 7841 4794 9649 9808 8028 5848 8040 6470 7200 8483 7106 8129 5970 1526 78 4459 5224 618 6467 7651 6424 4468 3970 6307 3674 141 1033 7674 1617 9802 8777 6506 7575 4960 6846 6262 4671 2713 4922 7800 4312 7366 8859 8720 3577 8146 3935 1886 7186 4986 7413 1397 2752 6809 8346 9684 7964 5340 320 2601 8069 3630 4418 2346 7558 7879 1470 1063 9752 5542 5863 284 679 1449 5576 9553 3580 9319 8660 2197 4112 373 318 9762 7072 7317 7413 2225 7454 3338 190 
3896 8618 7763 3890 6672 2306 9243 8054 5580 6329 7651 8571 116 9540 9788 6413 3236 8351 1664 776 2351 155 7777 6379 5042 9760 4194 2551 6835 6149 1945 8298 3449 5590 2276 4847 7181 2164 2199 1805 2372 1269 4606 3765 9352 5296 3348 8034 740 1940 410 530 5357 1137 9837 6525 2050 5291 9516 5607 5762 6904 1702 2344 101 6167 6944 4439 516 2112 3036 1935 9318 2 1190 1475 9050 1543 3044 7212 2257 7337 6719 8034 4896 7433 7022 1316 299 7516 486 2735 145 127 4080 2398 7417 2043 1857 9809 
7811 8409 4428 8895 9291 3915 4718 6915 6854 6917 5254 4390 8143 7470 2545 5902 4501 5794 5219 4290 9555 422 879 6897 9725 4604 4204 474 7896 9302 6745 4158 2815 9891 465 8782 2262 822 9824 2150 1555 3723 9084 3270 3556 5769 1322 8055 331 7678 9619 5649 2758 7083 9136 5658 4972 1356 9843 470 8168 5319 6976 445 3590 7073 9247 912 4472 5465 355 4168 7497 3018 780 484 9781 7748 3608 8075 5212 6523 5200 3799 4495 7996 720 1912 5357 506 7333 5092 9363 4026 6284 655 2136 4796 3105 2929 
3342 3720 3184 9624 773 432 3410 3361 803 754 7381 2248 7018 7826 550 7217 4428 8071 3454 7156 8069 430 7470 5902 9030 399 8546 7938 6202 9997 4435 2644 8101 3484 7359 7153 9477 5270 3259 5498 1687 3908 6092 6915 447 5003 859 268 3545 3753 304 6385 3743 5098 4518 8187 2582 5086 5893 5006 1847 7282 7763 6680 1727 8170 8684 3999 9363 4577 7676 6384 5922 8028 647 2000 8885 8940 3921 2980 4713 5076 1942 2589 6589 6823 5265 6278 4000 2377 660 7300 6801 3975 9379 9614 1593 3359 5549 9989 
4263 7835 4241 6741 6587 2386 9400 1746 921 7962 494 9737 8880 6795 7572 9184 1690 5064 9973 8862 2903 7418 3800 7826 6271 1727 9590 8684 5541 6055 6384 8417 6932 6284 7649 3425 655 2136 820 3360 4406 6957 3342 5904 3720 9189 7291 4299 9624 5045 8445 8157 3410 4169 319 803 754 7381 7654 2248 7018 6554 1317 7826 6271 4137 8051 8360 182 1459 7308 5657 2030 5845 8018 2415 8566 1363 6026 3952 3971 7325 4031 8381 9319 8660 6799 2197 4112 4719 8790 9762 8034 5817 1114 3791 9475 306 5372 9005 
9320 9516 1927 3342 396 6850 4122 2315 4271 4789 6827 7943 9534 9105 1099 2307 2676 818 4311 9100 4460 829 1059 7051 9917 4816 4756 9093 4334 8473 5008 4128 9241 1456 3978 3225 7057 3923 3256 6128 5560 5743 1670 4886 2987 7563 7162 2301 8430 7061 6888 2533 7419 4627 1343 2935 5253 2829 3817 6660 4036 705 1163 8931 567 8856 9827 9829 2191 2222 1548 8931 3552 4258 1086 1731 7553 8853 1740 1437 874 9106 2343 7417 6284 1252 3567 6703 5525 26 6935 7933 6863 6858 440 7764 8056 5135 1441 9708 
7256 1045 9657 1920 3622 3590 1920 21 8637 6836 3673 2857 1579 9047 605 9976 5273 9923 1376 7584 3351 2517 1689 6103 6106 456 7776 2818 6832 3380 8988 9179 7982 2439 5021 6203 5621 1467 2531 5065 4169 6555 1824 5143 5138 6747 7829 8920 8541 305 1939 9599 545 8571 4688 4677 2683 4609 4233 7492 7952 3765 6774 3332 5430 5876 1689 2780 3279 8675 2373 3089 4797 2886 2104 4848 4666 886 3623 543 4556 3651 4710 2469 7495 2653 5814 7881 4589 698 6052 55 412 2428 6347 5229 8030 3930 8957 7057 
7537 2343 2931 6677 4114 6348 9266 267 8551 6172 314 2921 5846 2341 4312 484 5826 8958 3303 2468 7473 5110 3098 9313 5491 130 2194 1923 2468 4697 7664 286 5663 5110 6814 4729 1788 284 7743 2157 4194 9788 7305 7987 8052 8538 4471 5998 6247 2190 1534 6989 4257 7847 9615 5285 5478 1550 7829 3552 2449 3832 733 514 2218 5363 7259 9325 8438 9931 5544 6344 788 6654 8170 1781 2358 2066 6055 7975 2765 9048 6284 7649 7614 820 8796 4511 7399 6201 5984 4117 1246 9443 4543 565 5383 8174 3933 7392 
9185 4317 8704 1790 7185 9950 2980 3575 2891 266 6420 8044 1442 941 4802 1376 3951 3830 8434 3393 6943 3349 2592 5417 6877 395 1550 733 2218 5649 5404 6904 8039 3115 8884 5658 9179 1063 6965 5976 9964 619 4249 1078 6240 3676 376 4882 7848 3209 5314 7848 7265 1434 3356 8282 5308 891 9979 889 1683 6502 637 5846 746 8759 6614 8469 5962 4830 3428 1423 4984 2970 8014 2572 6966 4617 8195 547 543 9633 5382 2935 1870 2400 3615 6052 2344 620 2213 6057 4554 773 1157 9047 9312 1418 6286 8431 
4841 6120 4904 9677 9500 5943 5609 431 542 4337 9072 1152 5899 6668 8694 1240 6833 8376 140 2050 8993 4555 5732 7693 713 9119 7313 5645 9694 547 8306 4787 6304 820 1981 4514 8379 7551 5180 2741 1981 4789 900 8297 7405 3420 9330 7197 5029 7003 487 9546 8616 8017 121 140 1746 7136 1824 1082 5607 9496 7031 5767 4955 8758 3365 1732 266 3911 1924 3481 3987 3631 8788 8455 1687 3469 4189 235 5744 2272 2317 1035 5122 7439 4145 3978 2562 2780 1012 8543 420 9555 8828 5223 5198 5364 2753 3290 
1532 8994 4336 1078 9650 3858 6782 7608 4098 1886 3989 4337 6708 1061 2033 983 3358 8721 7469 6673 544 9067 3235 26 5926 7194 3678 2824 4593 660 8789 1269 8101 5306 3923 3256 6128 5560 3049 4290 9293 5829 2257 2301 871 8745 3921 3199 7026 7366 7902 7547 1331 3039 4413 5792 696 8769 3044 8005 8580 158 5841 3525 1927 882 8704 6406 3522 3316 9855 3913 4457 7987 5762 9300 4610 6830 9940 259 6402 1301 4299 7642 3404 9352 2017 2534 2726 9389 3232 1509 6463 3374 9200 8545 3790 4389 6801 7280 
2991 4878 9190 1686 6006 1992 7834 9613 6548 207 6734 1687 8269 2703 2079 3186 3667 1333 3980 7370 1521 784 5711 7147 5637 8850 1407 5337 9060 3875 5516 1306 5481 7647 6750 1645 7843 792 4253 4993 6481 4091 8812 6604 8254 6817 9606 5260 3257 5032 5587 3023 2863 4368 8326 1292 6795 7485 306 7016 7401 9651 3530 378 2447 9048 5979 9647 1002 977 3114 2314 5163 4203 1669 3914 931 1673 2694 8875 515 5859 5351 1861 473 1903 6314 3107 5056 2990 1375 2424 2425 4438 2154 732 2593 4305 2032 8453 
9654 3086 1471 2806 4850 843 415 2732 1214 4271 9846 16 2412 8111 7113 2143 1632 3106 7184 5400 3180 5081 784 3690 4555 2688 6063 5365 2914 2695 8246 432 3077 2346 2756 2406 5724 5588 8522 8771 50 3900 6601 9300 5712 7386 6129 4228 1260 4137 439 3260 2212 4508 8524 9425 5645 1951 4973 8720 7152 2109 2190 9108 8803 4992 7361 5022 1047 101 2503 5322 8260 7083 7497 5097 774 9566 4667 608 6550 2078 7190 9590 8338 2269 363 3338 1003 6591 5075 6067 5880 4657 3909 8116 3802 7576 8392 2563 
7680 9424 7547 1753 3875 7796 2655 8296 9776 5796 6701 158 3525 9686 1927 6207 856 7010 6406 4736 3316 6151 1985 9300 4610 6830 9940 1792 259 5093 7015 4299 1566 559 6117 1394 775 4346 5221 5793 636 485 5193 5544 2671 3933 1041 1080 3279 7859 5875 4208 2713 7578 4441 388 882 4117 3641 7130 9839 7731 4808 9991 7809 2385 3268 362 8216 1640 9655 7381 1059 4244 6761 6633 2124 8941 4441 6989 1172 5246 4684 2142 7548 492 9683 6083 4352 8856 8818 8160 3715 7633 3250 5451 2119 2319 5230 5189 
1511 9757 3065 8751 5748 7840 3811 1198 2000 9347 2632 3704 7428 5751 592 6348 8919 5309 5004 4349 276 4225 2195 7624 3319 7664 7466 9128 4132 2434 8855 9109 4936 2566 7936 2699 3200 4498 6944 7016 5242 6594 4378 4533 6377 4656 9742 2025 4503 7609 8027 9540 9714 1482 8367 601 1899 4298 498 4628 3899 7740 8031 761 8533 8373 503 6910 2876 4464 7261 9043 9429 4735 7565 6218 3862 7665 3171 5761 3670 1733 2944 3921 9473 5720 3857 3029 3565 4618 1562 1473 1166 5938 4432 3363 7225 5280 9201 3198 
6139 470 8362 4053 1469 794 9746 402 3185 4571 9800 4783 8488 1802 9357 3928 7817 8197 6075 7688 4861 7007 2815 2896 5093 7123 494 5319 2964 3952 475 7000 1770 4621 5066 992 5668 2082 4887 6332 2011 9359 6674 4888 3453 1018 3463 215 1394 6727 3095 8121 3406 7923 6710 4399 9031 2461 8300 7562 2936 5064 1719 2805 2966 2357 4873 6589 5365 7834 9685 9939 3484 976 5269 5135 6253 7249 6833 753 1311 6676 6531 6885 3947 5354 4814 1187 3502 3425 2451 9005 3542 3911 5151 6074 3364 3313 325 6263 
7087 3173 3501 4800 9883 6548 1060 6263 1039 183 8518 6012 2987 7002 8845 23 399 8466 6979 4 3899 3440 3231 7482 7929 8999 6395 4980 4356 4361 8230 6545 9 7366 7834 8525 15 6850 1463 7628 2763 4641 808 5742 6954 6654 1258 2048 787 8838 5692 8090 2181 9461 475 2566 7254 9384 7613 5953 4863 2044 6632 8686 6568 8483 9366 1717 2994 1251 6946 1783 3044 9147 9272 1046 818 8565 189 2726 2961 5566 4992 5142 5605 5476 2485 7732 6973 809 206 7867 3782 3970 2532 3407 9407 5876 5853 4132 
752 4088 4797 5114 3191 2949 6228 7099 1941 7605 6873 7469 2410 4573 2029 1424 5386 1628 4728 8275 3601 2999 5078 4072 4872 3114 3034 5136 9832 6087 9566 6485 5590 1075 1207 9857 6217 8172 1216 5266 7835 7691 7757 2669 3545 4474 3615 8647 9521 9280 5836 6429 6597 7853 1870 1471 8532 6062 1723 1362 526 9393 9702 5868 6891 7554 3226 6687 9350 4621 9402 8712 8103 4639 1650 7151 8309 769 9105 1533 3581 3967 7658 7506 7140 7315 9572 1835 9466 491 5567 4998 6830 2157 3437 2509 5818 4306 6776 7232 
4823 3631 3168 1850 9910 4855 3719 1913 3795 4520 2999 7834 9509 4026 2804 4919 4564 8295 7960 8325 6173 2121 121 9364 7654 370 1135 7103 1797 2614 4722 546 9318 612 7376 5356 781 2301 2710 5361 8697 1988 6132 1163 7426 8081 9135 9156 8079 9845 9383 244 2285 8037 1528 521 8565 6860 7082 735 3006 3328 9229 6006 2215 5054 952 9363 7456 8258 8388 4436 5508 8170 2740 54 2617 8430 4608 975 6171 9563 9921 8820 515 6082 5731 8849 7379 8339 8489 9278 4239 8018 7777 5121 9456 4422 2770 1452 
7037 1878 1156 8312 2382 7629 147 692 4295 1125 8863 4669 5211 2264 9001 2331 2826 3238 1973 6462 8715 1856 9815 4855 8616 3379 4767 6740 6668 4918 7770 2730 4272 7752 6038 7475 3919 8762 9956 995 497 9973 857 4601 5942 4525 6422 8492 6233 8381 4050 3793 4595 2879 145 6582 8783 7127 1490 7420 2262 4901 748 3080 4809 641 6394 33 4377 7223 2776 3105 210 5220 8754 558 9861 8560 3297 6478 347 1419 8526 9269 9315 1488 1862 2075 9856 2927 633 8686 9901 1536 377 2399 3387 1336 8398 9561 
8282 3060 4538 8725 5138 9230 2455 6293 3340 4829 8250 4438 4773 6665 2139 6745 7844 7692 4403 1995 7322 6224 5345 7159 8347 3769 5103 8380 9747 469 9374 2557 5223 3001 771 7405 5470 3163 283 4658 7145 4809 398 4387 580 3591 714 449 4720 5700 5650 7971 2751 1165 5908 2904 7291 9702 5378 9307 6316 314 8853 709 5028 3000 5752 516 9533 7638 3608 7920 7367 82 8817 9141 2601 8477 9472 5681 8506 8390 3828 3884 6315 4708 3811 5542 7844 147 8885 2150 1902 1382 5327 1190 3365 9050 6038 9196 
8909 4147 2162 2166 1159 5026 6191 4796 1206 5374 7068 2174 5095 1914 8062 4954 1510 5533 4970 9767 70 564 7249 9163 2170 7228 2525 1298 1258 7712 4104 2588 1308 817 5852 7960 9799 7558 7083 20 7759 6162 4307 8210 9655 6718 9392 4051 9767 333 6598 3682 4393 7759 5970 906 5967 3406 9889 9686 1695 1263 8345 5186 8719 6115 1038 7280 1718 4643 2499 732 6904 7598 2959 4497 9706 7983 7420 4340 6776 4230 1950 4477 6078 4086 3785 605 8597 7280 4532 8281 7724 2470 8947 8575 4353 8452 5645 8216 
6333 5299 1757 8210 2793 7839 5735 6167 2934 5579 4587 1894 402 4964 4351 4817 5061 5998 5412 8279 901 7933 9467 3125 3738 4176 4847 3431 354 1558 1724 7519 4274 7467 2288 9376 9529 8804 398 4661 8086 656 3894 4636 1875 6369 3597 8395 7427 9335 8502 2244 2817 3486 2455 4387 784 9358 8961 5101 852 8770 9273 7851 4842 8910 457 7790 8218 4498 2253 6486 8414 8733 4767 2439 1222 6532 2977 7803 6082 8571 7515 2254 8539 7381 4686 4434 6138 5053 4524 1477 2864 5347 5045 6911 913 5672 9092 2706 
510 8372 2497 9540 1762 9215 6866 418 4880 7394 7157 4456 2312 9059 1301 7417 9526 2012 958 2826 1040 7768 2677 9068 1161 6841 819 6817 5260 3257 3778 3235 9997 6519 4435 3317 1895 7359 7057 9523 2018 142 9708 2351 155 3981 4888 9790 3782 875 9481 1728 2551 6097 8028 8880 647 1522 4832 2000 7157 780 2690 7635 3921 5076 464 8816 7392 3956 4307 8295 7922 660 7300 3421 4501 3317 5549 1884 8756 961 2328 1551 8332 3054 5248 7432 5206 7719 8680 9866 5948 7134 7795 5831 9638 4961 7264 5997 
7207 4926 9958 1245 8208 2355 1515 3494 670 3528 9702 8450 8011 324 8297 6505 8860 4569 5733 6628 8690 5930 9953 3937 2234 5091 3899 303 8585 1225 670 1576 3897 6779 2905 7927 190 9539 4063 8918 5406 5809 2404 7034 4778 1331 9299 8948 8113 3042 6700 7580 9124 4223 3472 9880 4897 1140 9509 703 4378 9188 3614 8811 2694 9395 4404 6915 1470 961 5858 109 4635 2363 9823 1730 4050 9705 9814 8801 8717 4758 1672 883 2075 607 3701 6429 9942 7455 9036 7542 8730 1587 712 8860 7740 368 9779 188 
6407 9649 1704 3572 8960 2663 5066 5778 5210 8977 3051 2480 7186 8344 7555 5074 225 5513 2587 9012 3547 3366 6988 7329 8464 580 2811 2406 2509 9847 9613 2526 6263 8385 8025 7392 6781 3173 9659 8606 3162 6294 7776 5192 3470 4519 7016 6485 2707 433 1062 1236 3415 2979 1755 7230 8354 1333 9659 3766 5859 5893 2980 986 3178 463 3815 2062 1951 8354 6585 3450 6651 797 6808 8390 453 3543 6709 3351 6524 5654 2520 5009 5641 6220 9493 8918 1699 5627 1402 9409 1929 8710 9651 5458 9993 6243 5732 1089 
2035 8338 740 4440 2827 1016 3150 1829 6672 3482 7832 2766 8940 2972 2760 6745 5568 9813 7657 2910 3613 9779 1952 2562 1268 7568 9764 7742 1345 7245 4566 8961 3917 3036 3340 6117 8037 2562 9216 1739 6116 7870 7485 8678 9138 1405 7656 1169 9001 1949 9671 3567 7262 9941 407 1308 5125 914 3956 2654 2132 1052 8188 8248 8922 2025 8060 1610 4037 1069 6550 3708 989 164 3649 8956 572 264 3449 8103 1658 5190 1966 4196 4098 2384 2 1977 4414 3588 6482 7625 5343 1245 7687 2432 6818 8769 9300 3146 
7244 3244 6764 4273 5495 7861 4288 1838 9632 1492 7210 3924 1589 5457 1138 3160 3763 4664 6080 3941 3180 5046 5217 5305 1407 5146 9623 1678 1793 9678 7492 9179 3964 706 8829 8939 177 765 6915 3274 1929 5068 1874 1607 5719 162 4580 1347 5983 8772 9780 8524 2478 9111 7944 150 3805 7832 4096 1303 4631 7375 2530 5506 9563 5990 3210 2765 8156 8307 1216 7470 1485 2108 9796 3537 394 7874 158 5653 8727 9487 8089 1778 7182 8015 7085 2695 4803 6103 5290 4823 6291 1370 8970 5596 1254 4612 2589 7817 
6801 134 583 6709 3538 8126 7397 7988 304 6954 6221 3518 8723 40 6490 5481 2416 1152 4674 8421 2292 5242 5112 2728 650 3843 8922 6832 3381 8055 4249 9885 5258 4876 5257 879 1770 692 1402 7205 1612 1168 7845 749 7211 9957 8154 8451 6378 5192 59 3090 1045 850 8895 9483 6829 6694 572 3879 8995 1507 3176 7427 769 3224 6277 7966 9615 3405 56 5089 1103 9888 3020 2976 1858 1227 5287 6567 2296 8800 3118 9983 3424 7097 7930 6821 1921 6492 6099 5068 4985 1357 5969 6919 3072 9127 2370 8523 
6552 1024 9507 4285 1374 7473 1190 4365 2585 5771 6353 1164 8822 5824 9520 8152 2887 6386 3697 2767 308 4266 2704 3265 31 1141 4324 700 2232 7229 7981 8851 5815 9138 3127 1793 7152 207 2317 2034 9146 3906 1262 497 9738 9501 4437 6889 2931 4080 4253 1241 1852 1586 7093 4621 4396 547 4189 2333 6395 3102 4915 6793 6529 1480 1796 6777 9004 9337 3117 1819 4535 9123 5104 9487 8491 5813 8030 5924 8764 2020 6015 5146 250 2732 9034 2622 1571 5955 512 5209 1713 3048 1230 5114 3118 4480 7837 6210 
2066 6092 7993 8561 6755 7313 225 1088 9891 3287 865 6185 7224 7250 358 9434 1586 3012 8933 8536 3228 5570 5541 8745 2038 4613 8020 9411 6810 5954 3591 6067 7355 6452 5968 921 46 5905 1041 9460 2484 5594 4234 3376 2920 2201 9103 5306 6697 349 8245 3637 4477 7409 9951 6856 5677 5968 9344 5803 1038 2839 9299 9101 587 6496 7012 6750 8001 4321 8968 4094 4218 6477 1061 2033 8721 7135 8014 3835 4383 6981 9393 7935 5367 6575 9943 3849 6938 7643 4963 7233 553 5390 6509 7785 8349 4080 7685 9263 
3742 4104 5885 582 970 6330 6137 510 3295 3726 7493 5699 1528 8830 175 6525 1167 6697 7724 8073 5974 652 7954 2265 607 7133 1693 7236 8843 2753 9427 862 7985 5939 4556 28 8986 3753 2793 7058 4823 8596 8875 6863 1187 6901 7089 4528 2392 8576 4092 642 2627 3164 1773 9525 5529 8938 2919 8669 3261 9698 3385 9015 6247 7544 7942 3998 6567 8863 6419 1344 878 919 1192 3491 2773 9516 6633 9158 1480 1210 7987 8772 3541 4843 6041 9219 6737 9990 3567 6729 941 9193 3958 172 2420 4813 7705 4032 
7185 8431 6168 1220 7673 631 2430 6601 7360 9384 3342 7853 7747 7122 3489 7025 6436 5909 1562 6061 2119 572 9330 2712 4198 2106 2362 6804 7253 3878 6805 1113 2787 1 1924 348 4913 5550 4241 4242 2692 3442 9109 9302 2178 6193 2813 6545 6439 906 8065 5544 7669 9764 3184 9501 9409 2444 3001 2316 1942 9815 2589 5045 6963 724 2015 8334 2928 4075 9237 7854 4463 4570 7611 7897 5727 1284 6795 3109 8781 7933 3830 7382 5998 3502 8474 3393 4238 4863 5417 1642 514 7503 7897 2703 5609 9325 6684 2163 
7236 1727 7986 6654 8170 2539 9363 2066 6055 7975 6384 2765 8417 9048 6284 3425 655 2136 3105 3360 2929 9402 8734 3342 5904 3720 548 3184 8817 7291 6609 2784 1272 5045 773 8445 4502 8157 4169 3661 3059 7654 2248 3375 3630 8506 8390 1063 9244 5119 5729 7391 7118 6873 6189 1456 6460 8807 4783 401 4399 9029 2037 1121 8501 3577 3388 1739 44 8237 2980 5293 9874 5461 7383 6238 8403 1920 3892 3743 2930 7636 3457 3247 3491 1313 2029 689 3458 7874 5665 2420 2536 45 7630 503 9149 9722 412 8577 
3933 660 733 7167 7666 707 3752 8955 9506 8625 2655 5043 8631 7750 7123 7166 2106 7964 6589 1553 3155 1796 3201 8202 5980 2407 4875 2158 9082 8662 8862 6540 7835 7154 7276 9905 3821 7554 9802 5354 6220 7172 7865 5436 1312 6576 6243 1702 5618 911 4181 5205 1669 4065 5803 2253 2154 8791 1948 5315 3695 412 8241 9588 6654 8169 6695 457 9359 3709 1203 868 6374 1134 1782 7788 6304 5326 916 7957 9277 6497 7672 8879 8443 8682 7883 7960 4673 6156 1600 1 9692 8845 7761 6449 5318 8066 3327 8728 
1430 9661 9163 5875 725 5876 309 7781 2194 5757 6001 176 8338 8198 4607 4401 489 8671 5092 9543 4301 7459 4614 6919 9296 1875 2904 2483 9435 2176 5240 8512 3644 689 56 8168 8019 3173 1985 7426 3625 127 4575 9181 6693 2268 9396 9916 2609 4288 4686 6878 166 5743 5934 5507 5848 9135 4581 6574 4639 4803 8569 269 9503 764 5598 97 3869 7536 4999 6819 6733 8479 2348 5172 7045 6783 3374 7411 9370 3271 3383 4849 2746 8613 2727 1044 4605 4044 4729 3473 6930 6171 3839 5778 9698 6007 8630 741 
6809 7744 4858 4488 3306 5437 7829 26 8385 2496 4640 2388 6977 2503 2138 9229 5184 1562 9947 7534 3119 5130 4798 1528 1575 3030 8634 2421 9269 1542 8305 1786 7461 1316 2000 2961 489 5922 3001 9942 6679 5196 9044 6772 4227 6546 1191 7110 8711 8610 2628 1094 6341 568 8304 7208 4964 2913 6875 9201 9477 6197 6533 839 2794 9080 1220 6798 6577 1309 737 3490 7641 8763 5771 3121 6271 618 3533 2433 2996 7731 5241 8994 4358 6977 7531 2646 2299 8570 9788 7361 61 4377 4748 2774 5805 2480 5597 2148 
6697 5337 4928 1401 8727 5911 9480 3641 1560 776 2363 8936 5738 2626 307 8687 9095 3945 6039 2293 2098 4279 4772 3177 8952 9134 4245 3518 124 1834 2073 4506 2318 4806 1332 3980 3468 4414 8665 4523 2433 5365 2816 9991 1277 5807 3278 9257 8030 5319 3320 7816 4025 6802 3521 4805 6325 9603 4381 9624 673 4777 1359 983 3973 1018 2895 6326 5691 7750 4888 8312 1561 1681 6586 8080 3654 8506 3270 1563 3550 1862 4130 9775 3380 9105 2546 4070 2007 6509 9914 4076 8607 614 653 9166 7221 2215 2815 8895 
354 5872 8197 4154 5479 6263 1205 7156 6440 8469 729 2411 2945 5975 3765 5359 1223 9474 2362 4396 2614 9256 6923 5963 1835 5990 1377 3753 9455 6175 3455 7050 9806 7882 4056 3022 3114 6845 2220 587 1192 6191 7197 4660 2186 7131 792 9367 2072 6545 1281 834 8780 9243 5467 8502 8301 5098 2533 3316 1351 6820 2202 1106 6898 8536 7074 8311 9414 6195 2993 5528 9910 7814 3697 6873 300 9092 3898 5164 1055 1474 3874 8334 3923 2837 5466 7883 9619 7973 2667 2464 3981 3110 1185 6186 9162 5032 6626 7396 
9956 1682 1205 7169 6924 8148 5164 1990 9694 279 4465 9019 3393 1735 5718 5434 7717 3286 391 6566 409 4616 5158 80 7678 5692 6622 9540 1483 1498 1615 7533 4501 9330 2461 3458 7205 6502 2465 8621 1054 8679 6238 945 1483 6440 5257 6047 3059 2112 1415 2379 1058 3658 16 5463 6291 1415 7910 7535 9145 4160 3542 5217 2485 6309 9269 7190 2330 1588 8015 2957 8030 6229 5374 9642 8917 710 9594 3585 1556 8019 8747 986 4814 2262 478 2807 5741 1492 9338 3090 859 8331 4497 5663 754 6463 1871 2592 
6994 6344 6302 5101 6339 476 3828 4833 8360 8515 4312 6076 7966 9128 9756 4117 1877 6067 2305 3596 6456 1429 8953 1194 8757 2922 5107 7932 1023 6931 5701 5649 837 9790 7621 2359 8019 8205 2816 3327 8484 1796 3213 7431 6864 2580 2513 7708 3634 6630 9057 8006 3951 4782 3142 2874 3796 9804 3110 9095 4175 9188 1065 6329 9580 2337 1532 1711 2030 816 9742 6558 1717 213 3116 6674 4326 7082 4328 1425 9805 3850 9732 7699 7355 5581 9688 9938 1573 1483 4687 8135 3440 8935 936 5228 7168 759 376 9141 
4877 105 4921 7867 744 8407 8283 3309 8292 4819 5202 5312 9353 4836 7985 8097 9511 8508 7370 9386 1983 7128 2469 7262 4426 4833 1402 628 1262 7020 5555 5953 7416 7933 1547 6329 2800 641 8547 5476 5721 2278 8140 3459 959 7605 7276 1176 1755 1479 164 2767 5233 1869 2596 3984 7124 367 839 9913 7846 3424 1785 954 7979 8373 1564 6558 2634 3767 7191 7968 5274 6161 3431 320 8372 1972 9930 8150 9967 1404 987 6187 2009 6554 7527 6628 7539 8357 7503 9120 3511 9154 5034 453 1454 3155 4711 4797 
9751 4961 625 1515 8009 2601 1221 447 2538 5520 4743 2758 2390 204 2049 7780 8859 6315 8449 6505 914 1734 859 75 155 536 4491 3577 844 6344 589 5101 1251 4555 4325 3182 2746 2204 7076 153 4684 2327 2118 9059 6399 1661 8273 4112 7995 4442 2396 3787 2446 4710 8836 8929 6431 7169 8148 8942 315 5690 5253 9462 8176 279 9223 2396 3210 3787 2446 1434 9463 2198 6431 5480 7169 8148 7050 8997 1478 8410 3605 8457 2180 1208 4417 9435 9049 7638 7266 2121 7749 2332 2969 8082 5421 9886 1039 1682 
1386 6660 405 8408 724 1574 4811 1717 9819 2523 9245 9064 5369 2479 4166 2880 2058 8597 4758 4559 5043 8725 349 2774 5815 5359 623 5817 9017 9466 6418 1851 8997 1129 8410 5773 1720 2007 1444 4417 9049 7638 4261 667 2683 9071 2368 2029 6236 2156 3593 5035 7427 7416 3679 9969 7424 4453 2920 3243 1238 901 3815 3031 9259 3927 3682 267 127 9843 7057 9553 7178 3131 7876 7753 1749 2938 9968 7191 236 6701 4752 5306 618 6491 5922 1291 380 6560 3751 3822 6804 5276 3128 9963 271 3973 464 9647 
7182 440 5606 3183 3250 9431 715 1647 2761 1740 2551 3439 7452 4907 8758 4343 2474 1759 3035 1315 5917 5296 1160 1198 1293 6306 339 2438 7506 5904 1821 4409 1721 7902 2369 3526 4087 6123 3623 7640 4291 3695 1586 2719 9839 4293 2013 9740 1454 7847 5320 5749 7690 5346 8244 5187 6034 4558 778 7324 5690 6988 7374 3036 5655 2556 8899 4942 5306 3451 9500 2293 8188 7782 6499 8219 8245 694 5259 2979 800 1519 6621 6732 4019 1064 2321 2953 4402 295 3144 4175 3217 2309 3790 6874 5468 6532 8423 8055 
4000 5486 6481 8530 5148 8691 4189 722 290 195 8850 1443 2190 3060 3567 5894 4424 8096 4160 1330 4519 2798 4995 3616 8291 296 1699 8851 2904 3052 4497 9995 4443 2973 7202 7896 4712 9842 9425 7013 6279 6071 75 8867 4973 9054 2084 7273 455 6677 1612 7929 7762 1740 2616 4785 2282 1153 1608 7445 1161 5351 390 5533 8300 154 6237 7068 2698 4464 9794 2079 1762 8252 7141 9896 6338 8820 5552 377 3440 3454 1405 3526 3303 3074 7423 9171 2082 1035 1206 6965 1624 9366 1302 4955 7121 402 4544 5625 
3786 7140 80 8610 225 4721 6203 8127 8955 275 1198 7856 4833 3601 8801 6190 132 5565 7405 685 852 4927 7166 9632 7563 4764 9764 9624 1163 4931 5405 5571 7868 4157 7303 5458 5986 3244 9360 6360 6586 1139 214 8642 8605 8536 7925 5381 9740 3712 7458 8263 177 7221 1986 2815 820 8408 9357 3173 4234 3975 5872 5479 7156 8469 6951 5359 9474 4396 9256 5990 7195 8223 1152 2375 3123 2425 5863 4875 4827 7847 7364 6916 9419 7964 9248 3670 6745 3939 9786 1921 697 9023 3223 2028 5544 8330 3573 9620 