6482 6239 5855 9653 8331 189 8647 294 9327 4895 2784 1187 1425 1007 1772 8443 653 1941 5771 6776 8905 5254 1106 7632 1406 4779 1492 1833 4627 5983 9294 7704 199 7221 1794 2611 541 3697 8951 84 3205 7553 8093 4696 277 4661 2827 4903 4279 1166 7543 6089 8381 6475 3329 1821 6078 515 439 9220 4544 1345 5956 5856 5450 14 8834 2439 172 3745 9784 7567 941 161 4956 785 9726 3772 2076 3086 8828 3212 4276 344 1276 1956 6561 8457 5956 7870 2471 2906 7856 254 6472 4297 7316 127 7377 2941 
2765 1301 1560 2044 1426 8440 4232 4346 6608 9430 6523 5221 2678 6071 4027 1312 271 8395 1812 4504 6183 6649 6938 2339 4549 1862 3775 6588 6192 1065 3758 5665 6582 7810 9203 7556 1471 3873 504 7712 9747 8315 4441 8603 366 7423 8894 8688 1416 6615 1339 9003 5102 208 2645 5804 7624 9878 1071 1749 5729 7362 5655 1038 5754 5529 3630 9361 8654 2789 6742 4809 456 1923 3771 7750 7284 7372 722 8875 5197 6933 1800 5610 8361 3327 7589 7705 6233 3442 2706 6365 1174 6162 8401 669 6243 8937 90 1710 
7138 8517 1936 2958 6739 4551 3552 9561 2701 524 5936 7323 3835 4425 4142 1504 9001 3970 4874 6222 2934 8172 1456 4498 2505 4473 2394 8698 6608 7676 8429 5095 4108 1803 7001 5845 7921 8951 6493 369 1367 8453 5100 8187 4318 1041 6901 4384 9417 2302 3799 3884 720 1972 862 4122 9598 5953 5337 6966 1173 6568 3714 2128 494 4100 8476 1121 5980 1472 3547 1638 7728 473 1033 9055 2809 1422 3679 6123 9757 4515 47 8725 2805 8234 5619 2539 1918 8047 5671 8578 4617 1878 8600 692 8712 5311 3516 6466 
851 8843 5468 6065 432 4169 803 7381 3425 550 4428 6903 8051 8360 1263 6948 6863 1075 8744 1459 7308 8088 7333 620 8250 6981 2215 8474 9294 2494 1611 7686 7439 6452 5642 6536 5202 9645 7691 695 9989 3211 5095 6962 3201 5712 6236 7869 4598 3069 2372 7358 1587 3750 8012 8897 1205 3319 4231 8327 1684 3673 2857 1579 6678 7117 6145 7466 399 2737 2082 4446 2130 9912 4435 3317 635 5906 823 5212 142 9708 4921 5862 881 9782 9656 6897 8728 1610 1505 474 7896 8731 2861 6925 6650 2811 2208 3150 
4753 6014 9139 2444 1441 7773 5750 4599 7757 3397 9232 1103 6509 3937 5255 2857 5589 4808 6266 2498 4987 2898 1887 7469 5963 310 8591 2191 6402 3251 5102 1317 4881 3358 9584 6660 7775 9209 8033 1188 2810 5180 8591 2522 3857 1188 7909 8492 1654 3016 1685 6550 289 8901 9940 3848 5190 4013 1343 4741 8791 1195 8487 972 4330 8505 9201 4193 1735 8713 6828 9600 7199 3215 2122 2524 4672 6848 5238 7687 7394 5229 7567 8030 3798 3930 1282 33 3046 9679 3196 4697 4114 267 850 5787 314 6992 339 1336 
9170 3755 4293 242 9796 5553 3241 1353 4552 1732 8762 4601 8924 6415 9462 8357 7200 7382 6793 2116 7395 1956 9299 8367 6285 8606 3257 7773 9889 5341 5568 4394 859 5818 612 7365 2528 6028 5794 8932 5785 8163 2666 3349 9130 3708 4434 971 8915 5207 4487 2214 6534 9698 7951 7749 6682 8328 7216 7193 5244 9253 2235 8665 1115 2686 600 8782 1220 8197 7190 5294 9016 4033 5536 2489 1422 7583 9394 6110 3018 1859 5106 4954 7905 1895 4174 2083 8402 9843 3929 8228 667 4790 6072 3455 7092 3866 6072 5433 
3542 3349 897 7652 7149 118 3286 1308 7347 6279 2402 4254 6285 8581 4114 7961 2569 3289 386 4547 3568 7946 1026 7774 8017 4335 6605 7552 9954 6486 9910 1581 6934 9752 9139 7770 2280 2665 63 906 7267 5891 7137 8833 7199 9219 4393 7052 3137 6488 4132 1900 2386 9882 2077 1465 6337 6708 2236 7690 2013 2932 7447 6804 7101 6581 784 943 2804 8074 840 9518 1869 9735 983 3792 626 4752 1944 5848 8843 3863 3797 4798 3266 5491 7059 5791 5663 3994 7427 1698 2194 963 6371 4983 7404 6684 5544 1727 
3739 8684 3999 5541 6055 2765 9628 655 2136 4796 3105 4406 9402 8734 3342 5904 548 9189 2784 9624 1272 5045 773 5921 432 7381 2248 3791 5193 1345 42 9788 4783 1213 5404 1222 8183 9932 3764 3718 5775 8311 7045 3752 5713 5851 9865 8712 2610 9710 5539 9665 5921 9726 5468 6674 5651 8972 6242 603 5899 7938 1646 8918 2948 9154 278 8449 2392 627 6458 3338 7337 9432 7808 5983 9696 7247 3636 3835 3848 1452 5511 1895 9086 3247 2816 8896 3026 892 6709 9905 854 845 1407 4115 2749 1713 3054 8214 
9094 9895 7789 1459 8319 6860 6586 568 9400 982 9245 2680 9070 9567 1450 6141 1168 6088 8281 6981 3659 4962 9078 4578 7262 1220 3933 5285 7497 1774 203 287 1109 7681 1363 9996 2623 9460 5754 3490 8728 6555 9372 9803 900 2064 1299 8026 4211 6658 5300 7489 6936 9998 4685 4151 8990 2454 7949 7678 2535 9209 8468 6302 2942 2594 6334 1942 3321 641 1385 8740 5452 4999 1862 5801 1107 3555 528 2456 7272 9208 5289 328 7951 2731 413 6793 4158 1079 9625 9285 4559 9836 637 6840 8018 7268 6376 5459 
8744 4278 9622 4197 6593 1155 2543 2272 5941 8744 2278 4745 9534 7376 9919 1725 8869 1598 7582 7455 2534 309 1306 5160 6605 3792 6281 5124 2206 9199 6279 6691 5265 2620 1918 6517 3943 6826 8791 5528 7198 2570 735 1697 9395 1766 2288 9376 9529 8687 16 1659 3894 4636 1339 3105 6939 9568 7702 9414 8621 8016 4167 4459 5798 663 2522 3313 6589 9614 9939 976 9989 753 5378 8351 1289 6545 608 6217 8652 1503 8660 9565 6958 543 2619 962 784 2247 6608 484 7748 2538 7182 853 3813 7996 3906 7963 
46 3679 7682 2484 5503 307 2198 3521 5193 5169 4733 5353 3427 5751 8369 2804 5580 4130 7651 2931 1899 3730 781 9540 7834 4783 9487 9692 2048 5572 8983 4679 9474 4007 5653 7350 9458 3674 3468 1253 698 2208 3078 5462 6301 3637 9090 6440 7865 4109 1539 2343 88 7815 23 4057 1616 5566 9783 3420 8380 8927 2830 721 1306 2947 1394 9896 7523 1892 1498 2766 8517 9510 1699 8324 7172 6682 7193 8103 2686 1645 6781 5294 9016 1422 702 3700 4943 7719 5831 3095 8301 8867 2264 9958 1245 8208 5895 8756 
4861 8345 5808 6395 7275 2518 7866 4579 2781 3677 7591 8211 6490 4562 4380 6924 8921 4600 6179 981 4057 724 1995 8382 5474 5040 8908 9870 6159 1552 1330 2934 5262 1159 6385 8337 6070 2292 9834 9995 2072 2693 2908 2069 2852 5604 8232 1180 9933 2346 3828 3884 9752 6401 519 6845 8124 714 1363 2847 1107 5007 7483 7466 6331 7079 7014 9098 2234 7545 2785 239 8506 3075 7697 4222 4688 9941 2583 3995 7290 8651 6114 5326 5000 5724 5478 2280 829 9342 4703 3366 3223 263 2648 4257 2292 3600 9646 7433 
4644 1795 9834 4605 6633 5004 5625 1737 6877 100 92 1262 3720 3392 4936 2576 691 4498 9598 3590 1502 6098 7285 9347 376 1799 9762 5631 1377 9097 1047 3352 871 6989 8012 442 7015 9859 1508 446 9676 163 846 1781 2223 2144 8380 2177 8753 502 7031 5981 7984 5454 2569 8778 1433 5802 6115 6650 8533 3572 58 3876 6678 7843 9759 4415 9464 4445 1107 3555 4086 8179 528 9571 8673 5565 6758 7272 3485 1064 2415 7411 5400 420 3471 328 9772 6279 8763 2731 1228 3524 4158 1079 9625 7447 2163 6388 
6183 7851 8141 6290 8063 5199 4842 9514 1650 457 8854 3860 325 8218 7856 6154 1622 7699 8248 7939 4855 1746 7826 4420 3596 4381 6475 9179 8269 3186 5852 5818 4629 2569 6499 7110 9034 3205 9967 1640 6700 9325 5544 7986 6654 8170 7380 2656 4100 4990 8476 1121 7734 5980 140 9272 9141 9472 4418 2346 7879 3811 3257 5542 3577 5863 2054 7844 147 4459 1471 913 7346 7587 7299 3526 2170 7292 3263 7296 5546 8639 5629 315 738 4255 3380 8872 9039 6714 1425 1308 8141 7173 6096 2103 3541 2770 3743 1351 
2955 8937 6022 9150 6978 8023 7858 8125 6216 3910 7464 4006 9877 6250 3620 8100 6416 2373 3290 8923 9053 3133 7179 7987 8699 6989 556 3275 756 8763 6770 2745 3469 3110 439 9408 2842 8276 7573 9955 1484 4801 1456 2921 1815 5819 9966 6028 6803 9851 3047 9941 9580 9043 4572 9321 778 9828 4482 7127 3795 4327 7489 2252 7366 6995 8660 3888 5034 2074 8847 2685 2981 7178 5169 8521 9625 7836 968 4547 799 1082 4613 6405 4789 703 9353 1544 8418 9583 3455 3928 6024 707 5285 2954 4526 8945 3437 7813 
4795 5072 8250 6027 3066 8570 3012 7270 4109 7013 9065 8202 8025 8086 133 3602 9886 4192 6314 4930 1035 7827 2171 9945 6461 4592 6273 8939 269 7657 9187 9541 9861 6618 6158 3001 7631 5530 1175 1685 9687 5335 9603 8366 8716 5301 7725 4408 4289 329 4166 2880 288 8440 6776 8597 4968 4758 3567 4559 900 6983 3469 6152 3732 9331 1968 2043 5714 7619 593 4698 9018 9552 1274 1343 8061 2545 8285 8171 5035 6856 6474 586 3856 5720 7339 7277 9653 3683 9578 7017 2986 7959 8942 8906 4723 1808 2084 1945 
4255 3754 4466 738 7968 4463 7625 9130 1651 3097 4218 9975 1429 9397 3121 3584 5235 3285 1166 6753 8088 872 9195 8275 9216 243 971 9879 1869 4761 5193 8996 3367 8075 6218 5405 5234 995 4462 6409 1364 9031 9941 3996 6070 9245 8639 973 9369 4874 269 6106 5475 3203 9589 7853 7537 2102 3624 3525 3801 2593 41 3715 1646 8815 1451 4688 7864 9305 7192 1118 2335 802 1202 715 6397 7379 6650 1072 9170 54 1144 3417 5734 6756 4921 1264 3608 9528 4949 6640 1488 9328 8145 6642 1095 6417 4107 3071 