1601 899 8755 4823 8106 6278 4213 3657 6246 3869 908 1804 1013 3449 1268 606 2052 243 3789 1811 3475 1992 3253 4789 1989 6896 1388 2741 9784 59 590 1683 2223 4327 4494 2444 3905 2556 2950 4516 8749 5310 6346 2237 7006 6142 3890 1000 9890 3575 6048 8048 9346 3242 2701 1848 3856 7677 4949 7720 8742 6798 7359 7586 869 1606 1969 5567 4774 9868 2229 2016 2738 8414 6471 5246 2241 7516 1300 3214 5214 1281 7359 5531 5169 4604 1644 5984 5382 5184 363 8200 4074 791 2714 7543 8111 8765 5441 2036 
9949 6828 4327 9250 5140 3280 934 8225 8013 1150 6329 5308 4717 8821 9269 5391 1382 3377 4195 8516 9570 1452 1127 2160 6891 7606 4518 1852 2631 662 4078 4591 8050 2804 3159 5893 9754 9621 1813 7641 637 8748 897 6084 3931 3597 8519 7393 8925 8684 3980 7151 8641 2616 8279 8917 7934 5537 2662 6654 9282 1776 7586 2324 2666 2637 6141 4910 1101 7892 6438 5554 3675 3388 5216 8803 3138 4239 2792 3528 7772 3098 9120 8100 3103 9678 161 5142 7205 5476 7134 1648 6838 2140 5170 5985 1390 2817 761 8716 
8389 3241 337 9407 8134 3942 921 660 9202 1146 5171 4426 8292 5448 1947 5743 9114 4668 8940 7356 2449 7410 4063 6498 8663 3609 4371 4892 655 8763 9291 1131 397 8582 4371 9471 4990 7948 2286 731 2473 8932 5361 5835 7549 9961 4690 8024 251 8784 6602 2153 5469 4150 4323 7802 9047 3173 9812 1800 7806 8283 5141 6556 6102 3095 3767 1159 6631 2513 7972 9262 9813 517 7295 3947 371 2482 9533 5648 7984 6574 6432 8658 7258 4617 3195 7282 8302 3075 6923 2924 631 1094 7730 7006 1879 5582 6369 7575 
2957 3758 8776 7569 7590 7681 7451 2045 8179 1301 8336 3287 8172 7032 3764 6632 328 7260 4815 3233 265 2224 6764 5763 665 7345 7856 199 4010 5717 3320 1440 9980 6595 8890 1096 4159 2580 6568 3650 9156 8088 9027 9726 2080 5308 1779 4070 6421 9423 9330 5036 8336 989 2632 1961 1384 5943 6562 204 5878 5519 8437 2506 1245 7547 4111 6806 5807 4727 9719 4149 2003 4936 8264 8153 5690 4166 5887 1323 6843 9130 2024 137 6113 9353 2126 830 653 3884 318 2342 3906 4019 3561 729 5036 3575 1065 413 
9806 8070 3542 994 1955 7855 1312 3577 388 8771 4549 6260 4300 1116 8561 9111 6757 4090 7466 1147 7542 8424 3798 1621 5157 6636 8048 4667 6804 6642 595 1437 4551 2443 2569 5789 6667 9285 9891 1115 1384 6157 3332 3893 9800 4330 3521 243 7776 7678 6804 7820 1018 5575 6207 6561 5984 7821 1413 2499 9349 2670 2277 7519 3957 5029 9740 7845 6209 5893 9203 7600 6112 3632 4367 936 6062 5573 1076 1187 3249 5629 2846 2620 8036 8513 507 7348 3749 6244 419 9477 1428 7640 8455 9665 173 2647 8216 9468 
4687 5525 4753 5081 8258 9997 6522 5707 2054 5970 5441 814 5176 9416 6546 1933 4278 2768 377 2676 3266 7543 6520 1295 5876 1506 7972 2251 6914 7209 3465 7550 247 8928 7675 6085 5260 5234 8560 4031 4192 9068 9654 8143 4049 7690 2860 9504 259 6890 6311 2260 9176 5254 8045 9619 5374 4710 4062 348 2833 4513 789 3685 2269 5148 2028 5353 2086 3149 981 5266 3031 1857 3314 419 9340 5078 4624 5331 3516 6312 8385 3 9501 8970 8315 7859 5667 4210 6170 2386 9309 9389 9672 7418 1644 7296 6435 9698 
1446 6725 614 5673 1322 7358 2053 7780 973 3599 7937 2628 6949 1573 5981 4861 9342 8653 4037 1121 4365 6346 1314 4174 4975 5170 9962 6032 4208 5603 5688 8308 1068 547 2709 8731 7027 595 2475 4944 7713 7416 2290 6940 9915 8359 8682 1834 4750 5933 2214 2514 9245 5570 2029 4545 2247 1821 8668 5945 502 8990 4923 6448 4821 7292 7901 488 7134 1939 7695 9452 6044 7483 5089 4625 4397 4218 9807 5565 3253 1989 1388 6516 4405 590 7116 9380 2856 925 1604 2347 8650 1631 8933 6745 4353 6303 537 5121 
704 1323 9225 3362 603 3447 1576 9731 3993 7234 6420 3309 8535 2747 925 2877 9029 1963 4117 4198 7564 1849 6490 7932 1401 483 1663 4435 4753 4493 4039 7333 9654 971 9065 8675 6827 1776 6121 6386 7222 9374 3906 4859 3675 4559 5216 8803 3138 8448 1699 7025 6702 2049 1789 2700 3682 5728 6422 1594 3803 8737 6142 660 9736 1664 3862 459 2353 5171 7491 7377 1947 5743 1896 8652 6606 9112 5337 5774 6537 6891 9362 8773 1059 265 8437 8334 5225 4587 8050 7009 4293 6405 991 509 2250 4755 833 398 
2420 3159 6311 5209 3863 5819 6316 3019 7150 7469 9926 9732 8698 1995 1276 4729 788 3148 4135 5812 5966 1021 6181 8168 5239 7398 2709 6723 2807 7685 7126 2251 8403 1704 5543 2903 6351 9460 8216 1779 2835 5589 7960 9279 3513 2595 912 2619 3987 1398 8328 7316 6931 9631 9021 264 5174 4912 4328 8365 6152 7552 4486 464 117 330 207 2941 1863 1581 3310 8375 7186 8186 5692 7818 4713 2992 2989 5646 870 19 5587 6214 2523 9492 7052 752 7170 9669 959 111 9174 5671 8844 8032 8981 3572 5218 3519 
9264 5687 7689 329 7034 2067 8438 9844 9555 7313 5688 6607 6652 6440 2674 240 9937 9277 5911 5134 7309 1244 8706 1116 4322 4566 8805 4651 5839 4321 3054 96 7662 1492 6292 5157 1980 1810 306 4484 4875 546 773 2810 5907 7813 4054 965 6692 1522 1258 9938 2246 6167 612 1652 4626 9497 8195 4654 3591 4723 2816 8363 3652 9590 1928 3742 1090 6685 1555 1496 8247 3019 9506 9229 8104 5866 9841 4834 4467 93 260 3737 3076 8400 5119 6729 3399 1733 4192 2337 1843 4240 5356 98 363 6556 3564 126 
639 9982 4996 4222 3859 4314 6550 6263 527 7087 7376 6002 4456 1983 6694 5417 9802 8608 6597 3755 458 9550 6946 4366 6911 3283 8932 6473 3736 6806 167 7277 8377 5661 8959 2922 2485 5749 8772 7269 6339 9085 5824 2831 7584 4595 2986 5727 7453 2167 9228 9307 4492 7121 8846 47 3177 2515 7915 8499 9985 567 594 386 6253 6678 7441 6041 770 8083 6541 280 5445 1270 6506 7286 3259 7302 6116 9567 9731 97 5943 8960 1166 8439 5942 9654 4545 4550 7663 376 1880 621 5077 7372 3728 9208 3936 4800 
8328 5650 1173 3733 7350 3244 9201 9722 5615 9038 1280 7024 3931 7638 4908 8060 7494 2417 7728 1527 5505 5175 5800 3014 7671 4037 4201 6618 1178 6047 6254 2290 1668 9669 9222 6893 5923 124 2268 6829 3792 907 9549 9744 5319 7819 4415 5771 9374 6183 6060 2156 5904 3724 6807 8661 9389 8189 5109 9515 6488 9768 1579 1865 6193 8966 1691 1082 7016 7511 5302 1886 2275 9844 4441 6598 4373 7546 6387 2359 6997 6344 7970 9624 4066 3739 3785 3391 7832 7465 317 4525 912 8657 9838 3987 5274 2759 7046 7553 
9504 3285 1904 2989 611 8307 1837 7104 1716 9677 9481 3517 9688 752 6988 4393 9716 5184 9804 125 2247 1474 778 3128 8591 4340 6700 1967 8445 5820 2857 6951 3464 5380 2170 1808 6354 6092 1645 222 2108 2681 4492 1509 3325 3496 4995 5557 4787 8397 3762 482 5156 7730 3724 9902 7087 7280 3157 4097 982 281 4311 5253 547 5741 242 4616 5902 7398 8315 9841 4519 5260 270 6905 7059 2045 514 3408 1662 8800 9593 6680 7983 6672 2306 2766 944 2580 9916 9708 6530 1055 2145 1394 7402 6901 1502 9798 
3715 7509 7265 7732 2378 6432 4326 5371 1658 3800 172 3807 6786 6833 7927 9692 6270 3591 2431 4421 9141 2601 9472 2346 3828 1470 287 6315 4708 3811 3577 284 7844 1006 8537 1264 2150 8055 2066 5327 4959 1385 9790 5563 7269 3362 9600 3232 3397 4338 3128 6563 6918 7513 9175 9689 7714 9279 8094 8716 4437 1706 4132 7190 9590 8338 9489 6160 6147 4112 426 2309 9843 3173 9930 1390 3745 6109 5422 5633 1041 4378 8797 3763 6544 9157 7826 8662 3152 8269 3186 3667 7243 6393 7016 5216 2351 799 7432 8237 
1349 9107 407 6051 7176 4663 4341 2666 6238 9904 4120 1288 6475 4888 6705 6734 1386 9556 1076 8797 8285 35 1805 768 2482 7370 428 1848 4726 3454 4670 9160 9039 7939 8444 3464 8987 7444 2205 3329 7691 3051 5337 8770 510 6945 5953 2990 6236 4598 3069 1294 6300 8434 3791 8923 2628 6545 5964 1247 914 3191 4855 8932 3128 3041 6599 7976 7091 7939 8829 9655 761 4808 9005 3060 6210 9162 743 4506 9648 3208 2649 558 9821 7426 3356 4755 1582 7118 497 5975 5841 5580 3438 4055 998 4409 8898 9424 
5170 4026 6019 8494 8981 5516 2643 7508 7546 8307 2522 9890 7984 7624 9273 3133 6910 9192 8393 9653 1365 7171 8765 5446 1688 2324 5837 2193 2410 1513 4776 7184 9355 5852 3024 9913 2335 5642 5251 2438 3355 3876 7931 7315 5689 968 4538 3225 3737 9615 5478 7829 733 3682 3876 469 8878 4586 968 9553 267 46 5011 4738 8895 3915 5529 8852 6457 2378 2336 3956 1199 576 8876 3656 551 9501 2620 8112 9756 7413 2225 3783 232 9373 6092 4525 9735 7609 9720 8417 6390 5711 2945 8850 1511 1407 120 5119 
2353 4135 6688 295 4862 5080 7312 5653 1822 972 1909 2 8975 963 7551 6204 3906 6538 8189 7099 9509 2737 7934 3409 1726 9221 5733 9897 3249 3175 2978 3851 7713 7314 5653 3092 5085 7375 5680 759 9900 490 5796 5691 9322 3033 9521 5300 7031 2775 5476 8949 5865 6537 8707 2882 4534 5962 286 7377 4514 6108 7398 1744 2842 3858 6579 7726 8405 2134 4132 7164 1825 4193 3721 1633 8169 4096 9693 6239 2554 1522 4893 6771 5960 4785 7695 5549 8674 2325 7082 9705 7178 5936 4819 4668 814 2390 4810 4499 
5575 8316 1890 6022 427 5674 5738 5406 4788 5380 1808 3363 5829 5897 222 6904 9790 8778 4158 7014 3325 3496 8397 6023 6868 5156 2057 7297 7882 622 7907 1279 4422 571 6286 6289 5753 4097 2245 7307 5015 9792 58 9071 4952 9369 4273 7552 6398 7904 7294 7076 8760 8854 6453 5567 3827 2342 4177 8403 4239 5578 7427 5511 959 7925 3263 4554 4125 7114 9130 277 7984 8978 1344 5236 2488 6030 6658 9329 1057 4065 3668 5938 7276 1365 4862 727 5442 3897 555 2374 1857 34 9213 4915 3366 9924 8575 9762 
8134 5692 1228 946 6360 9863 4553 8442 4897 300 6055 977 7337 4962 669 1367 3100 2022 161 2297 171 6412 4658 8115 9346 8511 6235 6608 4103 5521 7041 3266 5141 3552 4926 3369 6862 1582 7118 497 3786 5975 8856 6805 2313 5193 6234 5353 2804 42 2931 1899 8571 9540 5437 6413 4783 9487 8816 7158 5700 6260 439 7497 2691 6961 7439 702 8645 1060 3707 1312 7012 4980 206 5665 9805 6584 3997 8567 5337 1880 8398 6768 8415 1641 7976 8844 9109 749 8040 7960 8528 5412 3534 3402 5270 4532 85 9216 
1267 1718 1424 4373 4313 7447 9348 4843 9732 600 3109 7078 3882 8545 7785 7819 7792 1578 886 7440 2581 5282 9955 2232 2379 5492 2244 6672 8048 5514 512 4168 6707 6566 8504 6142 2477 5461 5374 682 1842 5511 7283 4366 7856 7220 3736 167 7277 8377 5661 2203 2922 2485 5749 8772 1598 6522 7536 9416 4810 808 3462 4171 7792 3947 2999 4482 745 4384 2723 6167 1561 4758 6197 7438 9553 761 9534 3559 2443 9653 7792 2803 3743 5667 9098 802 3791 9475 3830 9626 5722 5441 2812 566 9664 3542 6848 3993 
5845 2360 3499 3212 3547 4792 976 2274 5593 7875 4155 1010 3658 7135 7404 2941 8704 7495 9253 8103 2235 8665 1115 600 9489 8782 8197 2870 6142 8754 4033 1342 5536 238 6508 3305 2606 4017 513 7132 4858 7719 8680 5689 8102 9333 3435 691 8869 3567 989 5527 9947 496 6458 7818 9566 5278 9776 6029 1927 4935 3925 9653 1558 9403 4362 6605 2412 2911 1378 5991 1178 883 1589 70 581 2925 8693 2662 4226 5404 5065 5212 5082 2759 5142 8206 3211 7696 3813 7800 541 7525 3855 1304 301 1349 5830 8071 
8392 4717 6996 197 1236 5517 3174 5973 8155 6070 1219 1055 6831 1548 8050 3372 5204 1328 6172 1275 778 1425 1529 5692 6412 4717 4539 104 1730 6781 1968 1755 5453 7699 8919 8030 4269 7810 2710 8862 4361 3750 2683 4409 3841 7820 8200 21 5591 3780 7239 5095 24 6233 3710 198 5657 7001 7788 8018 7289 2415 8951 5327 1367 8453 7325 4031 8381 4091 4936 4097 7456 6613 585 4262 6769 8945 843 3817 9508 8901 7582 6998 3304 9455 7544 5344 9495 5356 8313 4883 6916 2543 4201 1073 2663 7978 4213 3825 
4757 4433 9975 3634 6907 1044 8690 4437 7653 1204 9703 9876 5746 4911 1352 2158 8301 4454 7809 7289 1371 9402 9319 124 1897 7901 340 2647 6164 7763 3695 6731 3452 7845 6887 4920 5889 8721 8457 2458 268 6630 2235 4582 5211 5014 7839 3133 3482 8379 2272 2749 7324 4665 7589 8638 5639 10 5111 5046 5871 4374 5719 1346 2080 4689 9870 9416 6592 782 2308 4477 4002 7346 3938 532 1046 1500 1277 4085 2388 7661 8473 2269 8101 7233 9998 8566 414 8282 7228 3907 3572 3655 3401 8761 9301 2885 9808 1761 
1105 1512 4602 2235 7888 4328 1119 7212 4826 1927 8470 2782 4130 4196 6347 8194 1222 3453 6871 9145 3624 9833 7820 4167 691 7615 2703 2669 68 3647 1746 7409 56 9455 872 8060 8705 1892 6320 5375 8044 2869 1001 7586 2638 1666 9726 4743 5489 4457 2178 6575 6919 7920 2650 4895 785 5016 1219 7273 1475 1909 2619 7852 7968 3270 5509 8023 2407 7121 9597 2480 5750 8429 2 3296 2476 1625 3022 2166 1159 1719 9292 1441 2700 942 4599 7621 4832 4229 3224 4648 7902 1753 4413 7123 1486 417 6034 9638 
789 8521 891 5640 5291 3939 3981 535 813 3059 365 5972 4965 5856 4441 2270 9131 8793 3401 930 2730 4744 4648 8573 624 7350 3016 2372 6319 7769 4277 5172 2548 4437 2725 446 2532 7226 7826 3407 3838 3325 9407 7017 6146 9555 6739 4968 8971 9453 554 9500 6469 5445 5575 4791 4843 574 9269 1596 1689 8232 6110 8873 9458 5740 1067 9101 4661 1397 7018 1821 1445 3219 6747 6190 1930 1085 3295 1095 5348 5705 562 4353 8739 2599 2564 3074 3520 693 9564 934 7556 4395 8748 2039 3532 3668 8617 660 
8733 1281 7840 535 5252 1724 1344 5160 7510 1214 3702 1007 9759 8538 6728 6215 4015 6329 8921 9790 3016 2815 3278 9416 1158 7032 4150 4765 6479 3556 1779 9620 5610 1062 9374 1371 8867 4412 9171 3300 1485 4751 2298 7012 8889 3370 8290 7637 5281 8768 9629 7080 8420 642 8666 4202 300 5165 7457 6123 1343 6501 4939 2268 5845 1168 9744 2859 9731 7707 4634 4285 3878 6868 1391 6526 9496 484 4578 8295 4843 8200 8296 905 2923 6194 8720 4825 88 5907 4767 6273 1390 3939 3023 9140 4542 8623 6360 3425 
3100 6304 5161 8563 6345 6506 8136 4895 6047 2883 9637 5761 3045 5809 5134 6749 2023 3618 8619 50 9262 6780 7874 4355 4755 2917 5504 2336 654 5068 3332 6697 8392 4046 4590 9993 946 9006 8901 898 4844 4234 6334 4521 5819 738 1964 9164 6198 2185 4987 783 4539 5403 2623 7331 407 5006 9314 2227 9805 8512 2300 8148 1564 4509 8295 6130 6123 6516 2673 39 8927 2420 1591 270 634 4936 7070 9967 235 5554 6795 200 6719 4468 7349 5101 9094 6675 9510 7263 1180 4252 3516 6155 8433 1668 7555 5954 
9165 5940 5105 7842 5709 3803 6249 619 3223 242 9874 4669 870 441 4800 4089 2961 748 1308 980 3584 7858 5937 22 7491 3439 322 6372 4027 7285 3659 4962 6176 6318 3110 7262 4277 1220 4010 3322 2757 5285 8395 5964 2011 7497 7412 1774 4984 5241 9841 4753 203 4427 688 6356 3413 5145 3726 4373 7681 1363 9996 5238 2623 271 8583 2853 1234 897 6475 6859 8079 7185 5581 4694 919 169 2102 3491 9394 2023 6834 3828 6951 8947 2043 4511 9185 5445 4024 153 5110 1865 9297 5455 7122 2354 5374 9462 
2960 9399 3140 3404 5726 1225 3469 3517 7461 9114 9760 9091 194 2055 5030 5151 377 1052 2060 5895 4127 8736 4795 5164 7555 7837 8225 7272 467 2158 8404 3512 9873 5897 7798 4405 9476 6869 2657 4537 3926 9548 8289 8024 9630 6727 604 5476 9613 2044 6581 507 1651 4861 9502 6912 5881 1863 9609 1086 8686 8818 4123 8747 8093 2484 5537 454 892 2235 3406 4583 7840 3979 969 2896 3117 3332 2619 8983 1987 5442 2171 2763 9082 1632 2035 1751 8263 4506 7235 2421 1269 7051 2135 9300 3266 3398 2726 5489 
2182 6385 9915 399 6393 7481 6573 9861 4719 2937 7605 4260 5272 5245 1187 6321 4734 5449 6611 4137 7036 4854 7478 2927 9873 1961 7001 4471 806 6260 2485 7615 7353 462 4170 6479 5357 9139 6750 6023 7438 3118 5730 2350 8829 2759 9652 71 9740 2997 7601 8085 9120 2301 2075 3889 8744 6322 7026 6637 6653 7687 81 2980 1685 8004 518 6023 4699 3140 1111 5742 3455 9416 3526 4387 2189 5537 9691 6531 1944 3223 4453 7272 4992 6265 5573 4576 6877 8217 4271 5329 2466 7259 3271 1316 884 7149 6127 2216 
7368 548 3467 3592 8545 5076 8052 5198 9943 495 5960 7639 8176 7656 1924 2423 1643 2348 4609 2939 7394 9032 9157 4252 5095 3602 184 5828 1391 1261 4326 2806 1488 7919 4061 4783 5577 6872 5939 8167 8118 7573 3777 6472 3352 9068 5813 252 5009 6628 1075 9835 7596 349 2295 8146 7214 3928 6459 7741 1680 4392 8727 1658 1805 8594 5525 3704 2336 4059 320 8069 3630 5681 8390 287 3542 8764 3752 2926 4763 8397 6709 5533 9547 4912 9412 981 8171 3541 6960 2497 4698 252 9608 9632 3203 2405 2551 7485 
8955 9920 1054 7810 8912 5089 7246 6913 7491 3439 322 6372 4636 5607 724 7528 9185 5438 1599 6521 9743 9761 2742 9985 9461 6972 9209 7515 4959 7701 253 5406 5260 7388 5791 1302 7364 6664 7208 8666 3682 8499 6411 223 5208 5089 4596 601 7991 7371 4131 9566 8408 4469 5758 1156 6731 7550 1681 7400 4305 6008 4779 6889 9100 2379 2233 6493 1645 3975 8314 2514 2374 5917 4208 1925 5339 4759 9456 3378 6925 4278 9715 9200 2231 1566 810 3834 1323 9880 8884 3117 1633 480 4494 8359 9608 6577 5109 7714 
2208 6488 9768 1579 5666 6304 8563 3330 3990 4360 7321 5079 1702 4358 2921 2603 1536 4100 6861 1146 3090 7846 1815 6346 4352 9281 7639 6055 4826 4464 9358 4599 6254 2877 9472 4952 4420 8509 3623 2019 3673 3451 3584 3339 5037 3866 5333 8554 4252 5646 9920 9944 3836 6716 5039 8066 450 4562 6904 2237 8730 4453 3673 6963 7537 7960 8499 6411 3541 8969 5289 8602 562 3634 8111 8382 6862 7715 8465 6358 3470 2839 5222 3190 3848 6955 5400 3662 2955 6681 6556 2461 9157 2523 8740 8048 7934 7411 1130 330 
1652 746 6852 5364 4738 3069 7345 2940 8166 2259 9561 4115 3351 2765 5219 9520 8305 7913 8008 3206 1669 6591 719 284 1392 8537 8996 9873 473 2636 6664 3971 499 9268 9760 3105 1271 6447 2844 6680 9828 7856 4536 4725 1875 6215 5658 7439 8060 8705 6582 9681 3736 6264 4560 5115 2053 6776 5162 6696 9875 9189 4289 167 2967 2135 5693 2015 366 7227 7275 1196 1546 3427 2869 4469 6418 5052 4907 1244 4235 3105 1961 1523 2358 4784 7009 6904 8414 1185 9904 837 6794 498 1579 7652 8374 7647 3169 8624 
2219 8733 3768 7747 1281 6258 534 6589 5160 2564 852 3975 5476 4501 9614 1593 4934 5989 8445 3889 8187 1517 379 7220 193 9550 6567 7192 2143 1059 4631 9107 6595 7391 3118 9569 1102 4489 1170 588 58 9758 2401 1094 7096 3181 1274 1820 2277 5934 7812 1896 5618 6238 2370 8946 9900 3129 3469 4044 2234 4519 358 280 7149 3127 4503 3872 724 3286 9421 5152 9039 5406 8987 5380 3329 9958 980 3363 3010 319 2458 8932 1489 4958 3495 7560 5109 7822 267 9128 7706 6423 4280 7760 1038 4469 9460 3754 
7899 6828 4519 8115 8912 9891 183 358 5015 4763 7156 3916 7172 5240 3699 5047 9901 4147 4094 8267 7301 7940 4662 7894 2942 8080 4692 5854 239 7964 4859 9084 2300 5785 4509 9339 9177 6516 628 2702 3606 3508 3411 5022 2444 1047 5221 8975 1558 973 880 4408 9106 2193 3917 4357 7720 9653 2555 8318 7889 1262 9318 1630 5888 5675 3708 530 9496 6331 1148 4295 2308 585 6368 4002 1578 341 2317 3938 762 1046 9706 4085 7645 9242 2006 840 3694 7168 8746 7098 2943 741 127 859 3545 323 5997 9226 
3233 3412 5482 2615 9334 7147 1670 6129 2322 5249 5971 1126 9584 5848 9445 8012 1774 2477 3347 7173 7945 1190 6325 9090 3471 6971 2768 8211 9985 7090 5595 7622 2396 8821 3519 9016 1991 9102 1141 789 1322 8944 9042 1910 8661 4746 9010 8450 8335 8852 223 1012 3749 9614 6376 7995 3035 1515 7735 568 450 8864 3548 461 4531 6412 4021 7602 2518 7553 3566 9685 3297 8637 6082 8724 6822 6055 3619 977 173 8612 3553 9951 8979 5918 994 5892 1901 5570 9705 2250 4469 1857 5052 8091 977 5660 7140 7286 
200 4253 984 8616 1157 4690 7024 394 4612 5832 2384 4822 3618 413 9577 3175 3214 8184 7783 788 7576 3072 581 7596 8125 7179 6796 8212 5930 7829 4132 2537 985 9170 5457 3258 8161 2010 9691 4477 9854 8626 43 1475 117 2173 5720 520 2 8717 4640 8783 7526 4398 3540 6960 9614 5539 2203 6840 8140 6511 9555 4291 4036 4125 6008 992 6143 917 2698 9185 4606 599 412 9166 9769 6404 8339 9315 9278 4239 989 4859 6166 5935 8691 8759 4727 5900 8312 2382 6563 7273 4295 1125 1037 971 7315 4805 
7779 1531 1516 1680 6424 2892 9708 4284 2110 5665 5922 4567 3802 658 2509 7439 8751 1634 6732 316 1811 4788 5380 2170 8831 8993 1211 2249 6295 1514 4585 2869 2492 1350 2183 8763 6179 8849 6306 2277 984 3198 1268 6142 1383 1146 4245 1684 9421 7799 9207 7527 2616 6215 5782 6329 6729 6765 3541 5452 1867 4063 4175 802 8646 453 2585 9897 3249 1253 3078 6731 7215 4827 7865 1539 1359 7815 5142 2347 1616 9783 3420 142 2947 1394 8533 6271 4761 9808 5441 8213 2471 8543 7131 2614 223 2338 2964 7529 
8190 6734 1604 3376 3424 3291 2259 4435 3756 5048 8287 8824 5858 6504 2270 5646 7907 9281 9209 4651 1434 266 6289 6154 4311 1575 5015 4763 4402 5935 5193 9133 8618 9486 6374 5854 7964 9084 6452 5785 2810 7507 8756 6130 4709 1847 4494 7515 2743 5180 5242 5738 3890 3286 266 7591 3090 9245 8471 4630 6385 4215 5101 8006 5922 7614 8796 4800 6383 3930 5192 3623 2484 9835 2781 450 5798 3198 7287 701 639 9053 9036 421 4070 6841 9565 1035 2311 3260 4649 6024 1804 6833 8876 2754 2032 1203 5898 7328 
7701 9566 4594 9776 3475 3745 4224 6976 5935 3164 9762 1968 8454 4808 437 5316 4041 8139 5120 5200 6722 3678 5580 343 1418 6743 7399 1054 6058 4566 1759 8283 2980 4756 9455 5916 7497 4789 1838 4894 8463 3002 9704 1863 7523 134 6839 4828 1559 1097 2483 2328 3913 3698 4087 9307 9748 5851 9788 1187 1230 6800 54 4629 3648 3948 8390 3792 926 5857 6372 5992 6633 4678 6814 9330 1640 8233 9090 8333 4190 7536 8208 7561 7232 6891 8684 7990 7273 1804 2707 2573 4127 1156 6441 3434 9050 26 736 5335 
9559 3982 4487 7575 4063 161 7322 4433 5335 4257 3222 4163 7289 5172 1895 6828 4064 4150 382 9870 6667 5019 8351 3041 9703 7379 9705 6263 4299 8690 3393 3228 6245 1698 3613 5379 8667 9451 4620 6256 7425 7151 7984 691 9557 8074 2669 9806 1780 2030 2665 88 2788 9843 1892 5375 1662 1123 1468 1001 4772 6893 7675 4899 9726 2987 4457 2178 8781 5865 6577 4270 2641 8193 2982 8825 8251 1602 5017 3767 6990 2180 4349 698 864 3858 4677 1207 7558 2549 6315 3957 7775 9163 7810 2241 139 9574 8550 1400 
7227 5260 9927 116 9197 6856 9607 6111 8077 764 704 9272 783 4290 3035 2927 3134 803 732 3640 8097 414 3176 4953 352 3808 8655 5265 7367 9045 4224 7532 823 4524 1361 8669 4824 7590 170 7542 6799 4591 5760 9354 457 7156 2410 2622 9573 2938 5653 1562 3430 2192 4546 6340 7348 769 2290 970 9223 1788 7589 7529 2150 6963 4037 3216 4446 821 4330 1301 8715 6855 5711 8875 313 1041 6449 870 2752 6524 5753 8799 185 1264 8471 8632 5051 8793 4333 678 2582 6800 1506 8203 4497 6976 2761 3068 
5915 4441 8206 421 3911 6076 3971 9009 7034 9193 1806 7399 9134 6358 378 5459 7154 2986 343 871 6836 1072 1675 4285 5580 3068 7265 7770 756 7039 3812 7041 4875 1096 4665 2557 3174 1315 198 3617 7010 1885 5801 2381 9200 3110 1677 5032 7409 9529 6643 8796 5181 8971 8865 6756 9737 7710 1848 2633 9317 6010 8889 6980 5539 4946 9563 2927 1038 3563 2961 2009 6602 8222 322 872 5690 6296 375 8615 2041 8988 763 8309 3387 9570 762 7490 637 2314 9255 6977 414 1701 7730 9502 9072 7520 7762 6048 
5841 1547 2999 3571 3967 4433 4374 8638 4649 3764 3662 2892 9509 1270 1737 6384 2491 4659 3192 3184 8653 8934 628 7547 8557 8680 8210 1403 3840 356 6574 9522 8306 5062 1228 4709 6787 676 7385 4489 776 1932 7291 3091 9029 7246 5078 7601 9240 6060 6836 8475 9471 8566 618 1860 2202 2566 9902 3527 7926 8199 5807 5271 4345 764 9209 7075 1894 511 4787 9301 1550 233 1061 9331 1381 478 4204 3697 2757 5297 5401 2572 6951 5537 3344 7309 6758 9977 2262 2787 1238 2082 8797 8874 3575 8897 8875 8320 
7567 341 5635 2988 6662 2761 7012 4608 5374 4031 6441 4282 8681 8669 987 7649 411 5909 8705 8630 9329 3757 8935 7263 7065 3029 1982 2760 3568 6334 5456 2137 5805 5331 3230 6546 5588 8980 7086 1281 1326 5827 8854 358 6252 871 1079 4674 9944 9486 8229 3426 6316 6117 2923 2277 3950 2317 3508 172 7465 7976 2198 2998 9322 7042 1141 604 8091 3081 6948 9004 4607 5202 2993 4424 2529 7218 1057 8386 7819 6451 7779 6794 4972 5207 9518 455 7661 6272 77 9151 2616 741 5805 1608 8662 8910 9765 542 
4727 7973 5083 1168 7555 6946 6352 5625 2832 9361 8325 8794 4943 3074 4227 6967 6574 5692 4440 2586 7790 3944 3860 157 346 3163 2108 3616 8486 6558 7040 5498 6326 3499 5282 3115 6816 31 3773 7354 4288 6550 3711 6685 6366 6642 7541 788 114 3374 8631 2115 2178 2781 5545 2340 3840 5776 2602 1682 5763 2861 1176 9960 8598 1717 3211 1527 1486 9659 908 9429 8021 6079 6136 9315 7714 1674 5717 4590 746 326 5218 3048 411 5979 9699 9704 4456 6571 8004 2371 3112 3841 7761 4008 7196 3635 7025 3468 
2100 801 4488 6163 9092 6263 7862 3819 3056 9487 1264 2570 1620 719 9077 3565 4642 8383 7769 7644 7131 6463 5116 8387 781 4013 527 4199 793 7433 6598 3353 2327 3552 2542 4162 1905 7760 5501 7649 2669 7856 5745 5450 5912 6634 6944 8799 9157 285 2742 2176 9022 5657 5405 1014 329 9399 8380 2336 7133 4536 2991 3248 1129 3456 2230 3933 1074 3101 1030 2817 7926 1017 4473 7972 7294 4754 4207 225 261 4995 6412 1749 1104 7480 7241 3996 5541 114 9499 2852 8702 9012 1307 8059 9797 2819 1616 5014 
1672 9538 1736 9523 7384 5709 1054 3430 4914 4042 8018 3564 7408 592 4971 770 2377 4530 1853 8112 7472 8541 529 6128 6808 8657 5056 8128 4375 3976 7364 6316 3696 1022 1016 7062 4408 2604 9731 6825 5061 8440 8404 3472 59 1292 7254 1681 2010 2695 3135 9139 8963 1013 3540 3823 891 9368 3873 9412 6774 2108 1443 986 8964 2178 7512 9621 1029 6633 6750 2042 6642 3967 2986 9356 2121 4285 5994 7411 6200 5262 1057 529 3499 3120 3817 410 3761 6513 6545 3524 8757 1441 9522 3466 6018 2022 671 4050 
99 262 860 6999 6559 1534 561 6864 5166 3060 7197 9035 7621 6246 1337 6733 1405 1115 6029 7879 3885 2057 4605 7353 3102 545 6559 5119 2876 4645 8163 8192 275 7014 1230 437 2260 1128 5858 6136 7320 7201 9233 862 140 8961 1172 7145 8448 3759 6421 2586 2361 1951 8039 9718 575 6408 5726 3991 5692 60 4406 2709 7935 457 8594 7267 2821 6786 4244 3029 9483 8899 3447 9728 670 5100 5964 1200 2734 4377 4895 9465 4275 5341 9057 8725 7548 729 1006 3891 8786 5241 6295 8506 75 8434 2318 3724 
8074 3095 5796 4924 4656 9701 4779 1634 4396 2878 8364 7109 5779 1736 3875 8126 6184 3343 3926 4447 4939 1571 6219 115 9889 7383 566 3004 2699 5827 5214 8924 7060 5817 8358 8791 2048 7842 217 5272 1085 2651 3891 4444 5204 8913 7802 2946 8513 1608 4358 4601 5431 2309 4102 7064 3731 5514 7356 9618 7384 2546 503 2353 7540 6624 8396 9692 1063 9709 9736 5562 5192 1415 7885 2583 3637 4868 6658 6346 6448 6090 9093 5940 4927 7890 4150 1178 4188 4715 9624 8201 5405 5571 9089 4157 7965 9081 366 6556 