7419 3282 7977 8351 4430 9023 8247 5273 4554 7305 3021 9947 4938 2958 4801 5674 5128 5151 8325 923 4653 9527 1944 9221 538 6384 7168 8952 271 810 3071 1950 6639 9344 3435 5890 6499 5734 7046 2532 5334 5102 9788 1397 4470 7893 5797 1816 7715 8651 9617 5329 2915 8533 908 5113 7227 576 5253 2225 6708 1097 4999 3496 224 3634 9199 4085 2574 9489 6273 6764 8703 2414 9017 1495 1692 2765 1394 7105 3017 1783 5826 5952 9656 8267 725 2603 7793 681 2608 263 7160 1090 4394 2778 2242 948 604 2964 
1516 9242 471 99 5101 6510 7227 8427 7917 2983 5252 2420 8360 8885 6862 1756 7932 4150 8614 7945 7355 1311 910 2942 4681 3940 8299 8749 9850 156 6913 6691 8847 6502 7680 6508 1618 2128 2702 6497 115 9164 311 3354 3153 3054 734 7881 9637 9343 5514 5828 9597 9427 1906 5753 9199 1702 739 7028 714 1582 2999 1366 208 7603 4126 2011 2959 3131 308 247 1073 7452 1605 1755 1145 2420 2371 9994 6528 1563 9375 1345 1771 6291 5516 5520 8957 3077 5512 3253 8554 4488 1176 6047 9483 6237 8110 6388 
1367 7004 6940 9679 2962 5586 6533 2339 9170 4618 2336 7949 4691 5524 3794 5581 3250 6801 4904 2466 8337 6038 3270 6303 3362 2059 4551 8222 4308 3786 4445 9606 4386 281 5036 9424 1901 7860 3869 56 5968 5166 5387 4878 454 5536 8634 9530 7119 267 268 302 304 4630 9398 6354 1220 2681 4492 1936 3496 7176 8397 9573 5922 1463 4860 80 5696 1185 8266 4847 9593 1056 4544 7458 8863 6358 8591 7184 9352 3348 8743 1530 4079 3320 5862 1940 3086 7536 3674 6697 3637 4900 5661 1767 7540 9344 4356 4624 
4199 1114 1065 3435 8277 6761 3812 4129 7559 2629 2707 8995 4887 8000 1812 7635 9390 4729 8524 7594 4963 4514 2843 6260 3681 6109 5425 6514 1041 4378 2241 7779 1717 5840 7183 1883 3152 4050 8238 1213 8111 399 5654 8158 7315 2029 3010 6508 3328 4658 4490 2688 7697 7640 9894 778 3741 7480 1076 8285 35 1805 3980 7243 7370 6393 9790 784 731 4616 4730 8745 2389 8531 9407 3216 1133 9889 8868 319 9086 7621 3316 6532 431 8038 9219 5893 9333 3380 3304 7651 9249 3062 6667 9107 3555 667 7066 792 
449 8672 8225 4607 9881 7413 7952 8087 5437 3532 1987 2077 7618 1441 6972 7882 9350 133 5893 9553 8333 1067 7710 8685 9620 2945 8517 2374 3815 6384 6262 8196 6714 3924 8240 8461 1604 5653 3035 223 2338 8409 931 6801 6954 8288 3376 3920 3291 8287 5858 6504 7527 9428 2473 9274 9518 8956 6636 6206 3374 1833 9593 5840 2807 3046 1945 38 7908 885 3908 8355 2385 4632 858 5321 5115 8439 6502 1143 7611 2728 4396 7460 7935 4296 7377 9368 9429 9640 5117 411 5145 6164 6925 3149 3979 1208 8679 1866 
4421 5340 3098 320 9313 9472 463 1470 287 207 4580 3987 6716 550 171 358 3319 1532 8796 929 3122 3633 4934 5473 3662 7832 4964 859 8073 6011 6135 4934 7187 5463 8598 4273 1689 1455 7076 7066 2062 8882 9954 3991 6717 3773 589 8457 5704 8497 2742 7519 5497 5446 4160 8956 9542 6540 6685 2516 1606 7888 2162 8334 9273 6434 6989 2823 4452 6452 2163 7788 6254 5178 8029 700 3882 5041 4448 7501 162 9836 9953 5923 8439 3993 4216 5598 1663 5565 5775 7055 9330 5525 2166 3317 8783 3207 3125 4245 
8706 1333 2545 6081 8015 6962 7398 9396 4720 2155 3761 8819 8117 662 8678 2370 2057 1451 7851 4178 1593 9663 7741 9760 3278 3980 5518 271 1051 9470 1937 430 5754 897 1570 9285 3362 8728 1217 396 6555 3511 9333 9803 4900 8304 3941 3507 7462 8579 7286 3407 8891 9279 214 4810 2948 2601 8069 9472 3630 4418 8506 7879 3828 687 1672 6098 5822 5218 2175 2799 7714 8406 7126 4821 6474 6549 8984 3928 2335 2466 40 7952 3941 310 4134 119 486 5529 973 5232 8015 1344 9970 4176 6548 5001 8368 1269 
5184 8549 2569 7066 7280 4001 7849 3369 7618 4982 9313 150 9814 2325 4194 2551 8028 4640 1522 2000 9481 3319 7953 6693 6925 9350 7313 5224 7338 1108 774 872 3374 4222 4922 5152 9518 9134 6965 9327 2605 4249 7181 1078 4470 456 1710 5414 2373 7727 7954 4474 4992 994 1693 4464 678 6699 1112 454 138 842 677 8544 8975 1558 3217 2710 9567 8992 3729 8260 1782 139 2989 778 936 3519 3121 5692 9577 8119 7037 9648 2249 6759 104 7064 5892 6877 8339 6342 8532 4137 1730 6781 1968 1577 2607 1755 
3621 890 1332 5453 7744 7393 6671 3151 6118 3763 3555 4301 7261 8981 3378 7123 5338 8489 2877 6035 3920 3219 9741 704 1455 6233 2045 462 8582 2947 5513 3856 2569 3027 9564 2149 6508 4318 6060 4458 905 5594 945 8013 6478 7582 3992 6441 6992 5977 340 5561 6144 3216 9522 1630 8252 8206 6948 413 7744 1627 3819 8899 6979 924 9986 3648 1070 9057 6233 2991 7772 4863 366 7002 2932 8274 3840 920 6666 5317 5148 5366 974 8963 8037 8161 7707 8889 9660 3029 3353 9061 3502 3764 4988 8323 8374 5431 
4308 6071 1169 5436 1454 350 5254 6228 7530 2133 8869 4478 6488 2130 6775 5263 6188 4310 1106 5625 9991 9267 9020 4701 1004 2657 3958 1517 8921 2771 5193 7851 1141 6195 8173 236 4744 6595 4883 1018 4936 3337 5516 1689 46 7288 7579 2277 1671 3007 4516 1215 3765 9945 1940 5297 7671 9876 5830 626 2416 6948 7184 8689 2661 1690 3172 6362 9552 4588 2965 8194 9819 7730 2815 3532 1251 3278 9416 8820 1158 6234 9368 8260 1915 1735 1497 4680 3847 2317 6127 5577 2335 3355 1304 442 4980 8112 2069 3967 
3808 9809 1534 8425 2834 4664 1359 2926 2591 8438 9430 2356 7451 7752 7369 6200 8052 8775 1938 2573 207 6082 4854 9390 9667 9691 6136 5206 9342 6751 6199 5482 7662 3944 6318 6886 8287 6092 9966 1744 456 903 8925 7776 1710 1560 6832 2833 8743 6493 8947 3733 2362 737 2736 293 8554 4989 9116 6470 7450 5108 4447 1470 965 4698 1523 9993 3055 9509 8637 3072 2029 1603 2675 22 3298 4567 5161 7491 3439 3548 8908 322 9728 6372 8971 361 3115 4962 691 1062 3764 9237 3824 234 6499 3992 9885 7418 
5046 4748 9603 4616 4648 4863 4938 7948 2815 8884 4473 2091 298 4068 4440 5441 4799 8213 5037 8543 2381 5134 3329 9431 3280 2906 4655 7299 4673 1820 4580 4522 5309 6273 3928 3170 1125 1656 6202 7053 5935 7723 1811 704 7054 6447 6652 9118 5123 2546 684 7346 2150 3233 7250 7803 5000 2478 9584 8713 8701 3956 1547 7055 9801 8711 6029 5728 6896 3463 3261 5296 9525 2351 2407 7270 9495 592 2540 3266 2190 3621 3116 6985 9564 9553 2295 3280 3590 9948 8677 8544 8975 2955 6532 2485 3772 777 415 2176 
8280 2338 8409 9293 4676 3673 836 3451 8182 2383 3277 1566 3518 8723 40 6541 2977 2416 196 207 2663 511 2292 7466 5242 5112 2728 9269 3843 7730 5414 4441 3922 4744 1430 4552 2080 9875 931 921 227 8121 9146 1588 3542 3884 8528 5811 7841 8673 9097 9964 1078 6230 6240 4926 3676 5813 1883 6436 6516 6264 1375 7743 4921 5903 8978 3449 9443 7466 399 8546 6860 7938 6202 9912 4435 2644 9431 7178 6242 9118 823 9477 7057 5270 3259 5212 3958 1687 9138 8502 5217 367 1459 8506 287 9975 2975 7771 
6046 8274 8415 1599 5438 2600 3832 9373 9115 8521 100 6204 8675 6233 2334 1776 2678 6568 5909 5133 7680 1473 1451 7684 7291 4354 4792 7805 4197 141 7834 2459 1377 8380 4033 9073 3816 9517 9247 6610 7047 9307 7850 3035 4299 8733 8170 4971 5502 4587 6852 2861 6237 713 6797 4161 6269 8877 1240 1502 8966 1452 5307 5033 5286 9005 5680 2612 7959 4027 5181 5499 1165 664 9510 8874 4569 5188 8051 4231 7322 7516 2924 3779 3130 2939 2095 6277 3361 8009 2890 7520 697 3912 1276 3511 5953 2503 5298 6438 
2211 8546 4714 5412 8150 6523 3874 3902 2221 1869 6648 1196 225 1507 2917 6926 9430 5089 1832 4466 3692 1145 8283 7273 7206 6909 1581 5653 3908 265 7414 1000 1166 7417 3905 9862 3293 8484 82 5924 5102 2613 4157 2472 5505 9662 2416 6625 7947 7054 3840 9244 8201 7951 546 5875 9420 8122 9333 1462 1473 1695 9138 7856 6493 726 6835 2850 5981 7443 2964 1968 9824 8660 5827 5130 7044 1021 7085 7165 6825 3123 7254 9619 1202 5017 6258 2421 5452 3547 3704 6907 8196 9070 1562 4912 6451 4512 6407 9978 
1308 3656 3026 36 1700 3011 3995 7740 8858 5300 8684 7326 1695 5567 7790 4543 3483 9208 9712 9752 1266 3500 5817 4626 8417 4521 7383 1783 4321 6675 7653 6071 1079 7785 2862 2081 1596 6227 4449 4846 2023 8203 7835 168 2632 4550 9216 9392 2485 2229 1485 8635 8171 104 4771 2091 6358 5505 837 1192 8674 8531 9645 3661 4110 2889 9513 3455 4522 9325 8834 8734 3605 4666 5781 1123 6519 5437 606 463 961 9367 8660 3685 9051 2696 2327 5933 8800 1714 9203 3651 5599 2408 5140 4917 2542 5561 392 9806 
2500 438 1003 3807 6874 8084 8778 1960 4000 9905 8400 6481 8530 3197 5411 2616 591 7415 5533 7925 4076 5663 8017 3963 82 3540 7175 4856 8398 3831 5328 5701 6062 5900 1985 3498 2144 3767 7236 1670 187 4727 529 7650 1764 3703 8480 16 7327 2226 6920 2564 3784 2264 3738 2481 2113 6152 5556 4792 6758 4238 3154 8413 1905 6845 7689 837 8535 3915 2525 2246 9239 1169 4792 4695 8316 5088 7142 499 3190 5445 6116 5910 2786 7481 2180 1388 1538 8413 1528 4738 7314 6258 7417 2333 4652 8633 6787 5368 