8767 8925 4432 6639 6241 6777 4211 2146 6924 7873 2097 1263 8778 7947 7490 2237 3937 5106 4554 4480 500 3451 6313 8809 888 9186 5488 3720 2551 9980 8429 1039 1280 4235 7750 4088 6125 3602 2669 8157 7839 7788 9295 8556 2792 3633 2560 6649 9594 8735 2656 3650 7931 4712 7619 2563 4436 8618 3549 8696 9643 3711 8080 2154 7823 4279 7661 9823 2862 6139 861 2059 1503 7959 3373 7992 2088 8565 8291 4202 9384 1391 8257 811 4545 4087 9891 2251 1869 2857 8043 1513 3435 4440 4260 5692 7108 7660 3500 5446 
4866 9158 9612 2730 2160 2804 9740 6090 4959 849 4136 5402 3963 4645 9445 4457 4158 8131 2042 3202 7644 3984 1602 8411 5183 2915 4829 1310 9143 6547 9687 1472 9669 6616 2059 6915 2038 5658 8012 508 2997 1808 3455 8090 8019 588 5372 9790 3717 1855 8108 355 4510 8388 653 7665 7180 1283 5509 7595 2187 5090 2732 921 4384 7634 8290 9613 3167 5375 17 4121 4745 415 9565 6771 2732 4319 9649 1284 9070 3545 930 2581 7840 7097 1502 9819 9668 2216 3147 770 2195 8225 613 281 9947 6120 2260 682 
9024 493 2358 2677 5149 7786 137 6345 5661 425 7730 1536 4642 3735 1178 793 6515 6805 7480 7398 257 1183 2764 1484 1842 9400 6052 2777 7693 7324 2000 3332 8338 6828 5833 9870 303 9876 4191 542 9729 6216 7756 6297 8374 4839 2624 9671 3533 2810 1883 6436 8496 8772 8407 5728 4152 4069 4322 9838 2018 1502 9072 9225 4646 7278 7892 4714 3395 1123 6660 2475 501 5076 730 7168 6728 45 8600 186 8131 2093 9663 1598 4052 7938 3475 2877 6677 3599 6244 3808 257 6677 6628 3909 2167 9251 9427 3280 
9225 3879 3761 1548 2945 5394 5117 7277 8228 1402 3005 4706 400 4993 6387 274 8402 3600 8247 5469 7398 4244 7305 5525 9287 699 981 3570 4624 8369 2804 5916 5434 3752 1298 7613 9562 6026 9342 4790 1314 2747 6164 7022 2748 7203 3347 2543 3004 6802 4597 7168 5735 3271 2685 9186 2425 272 4101 1917 7809 9522 7798 521 1050 5203 46 9837 9344 1510 9790 3523 7506 9610 5306 9398 358 9567 907 3822 4550 4418 3976 5686 1951 3411 2205 6282 4370 7471 4655 7461 3784 9364 7425 7419 9130 9778 1977 3757 
4312 6966 9081 1007 7654 7130 5830 4657 7776 1061 3114 1034 1692 8224 6665 1741 9501 5821 3657 9181 4018 9487 5799 3185 4403 1071 7157 3318 7711 1530 2800 9186 6777 5681 1224 3638 8759 2077 1328 3596 8050 8170 5708 4716 9147 158 9911 257 6584 7578 4816 8604 2583 773 7942 4861 8151 3108 3759 1655 6809 6367 2690 8467 4310 3871 7060 691 5597 1921 8730 1887 9735 5212 9503 1425 5903 5044 9198 8166 5374 5110 5380 2720 4954 4640 3791 8292 8965 692 5802 7849 9163 7225 7256 5669 5118 7555 7666 1150 
122 11 3450 5173 4056 8630 8073 1293 7638 9189 2296 1238 3122 1676 1852 5129 1343 9186 804 9415 3490 5072 9858 9001 4684 7313 6825 2420 8236 4147 8919 7337 3064 1395 2901 3610 7022 472 5517 9373 664 7337 3064 207 1395 6401 1003 41 6591 2822 913 3938 6788 847 1384 4693 7268 3060 219 5186 2973 8150 3547 350 9267 5314 6643 5308 891 5446 6111 5837 2193 2410 5577 5361 3570 9975 5251 3682 3355 5521 5801 2148 9947 4374 9553 51 9758 7892 737 9237 919 9486 6749 6581 7608 8124 714 492 
4962 5007 9871 924 9051 6082 3714 5587 6604 609 9710 9994 1984 7209 1379 637 790 8525 6608 2737 3557 1423 8683 3729 2970 7475 2572 4617 7320 2092 2142 2689 9918 1067 716 7852 9716 2341 9116 5570 6638 909 5424 6030 1700 7168 5237 3250 1598 7585 7197 4609 8784 5227 3781 6623 3257 2284 717 8478 2253 2332 1662 9470 2385 111 1964 1971 7198 2662 6568 92 4764 7858 7245 4238 5138 7157 5937 9121 6222 772 9396 4735 7994 3866 4947 5052 4263 6272 9484 1727 9554 2342 5750 6943 940 7116 3578 4060 
1003 268 2033 4635 451 744 9679 4069 6866 9271 1756 9952 5823 8584 3578 4990 5510 6058 4566 1759 9568 4407 7188 4594 8416 8723 7026 500 3913 3644 5901 4385 8168 8439 4220 4216 5661 5598 5565 296 9139 1701 8089 4740 1669 8218 6282 5559 5732 4458 9245 473 4246 5958 9069 2606 6393 5792 4220 6615 9165 4276 1113 7595 8249 9444 6835 5744 649 4097 7526 1429 6275 4088 2611 195 6718 965 551 3708 1390 5488 554 7658 3420 1993 3345 6035 9862 7427 2470 18 6039 2921 911 8058 8298 4292 5472 1203 
5344 4197 3 9084 8512 3676 2300 7490 3296 7284 4327 9791 8964 6397 9932 4837 2327 7554 1087 522 4730 8129 3576 4834 3869 9097 9054 9407 8807 3533 7118 1689 8920 3439 1499 8634 8431 7119 6635 4670 7153 6242 823 7057 3958 8502 6532 3590 8978 5535 9770 759 8716 608 7048 3025 6147 7802 4763 6591 2211 3277 913 3938 7032 847 4729 7673 1871 4693 9098 3060 8181 3815 8471 1899 5016 3154 4970 9767 70 564 5493 1613 567 2868 2845 8577 4070 7179 2694 6841 6757 5264 2368 6354 1035 4331 5040 4080 
566 5014 3508 518 3405 3926 8583 1123 7583 2345 559 6284 1698 5088 3613 8667 250 6256 7151 7984 691 2619 5917 2049 243 8074 3647 7409 56 5744 9843 9411 6997 5395 2216 4432 4874 3411 9842 1441 3593 5234 5733 9534 8097 9017 7279 9095 5765 6007 478 6923 4559 8877 6518 5341 5548 4830 8571 4688 6196 4677 1334 6956 2959 6310 9261 221 9921 2279 6422 4862 4837 8706 2790 9676 8364 7090 5986 1508 895 4197 6877 164 8841 597 5578 4455 2322 2072 2872 6443 736 4589 4443 7645 813 4627 2319 810 
5320 5448 1385 8320 6231 5408 8853 2291 4593 2970 3524 7853 8487 9300 5614 2243 6896 8276 4058 7688 9948 3136 7808 9672 1605 3454 1555 1827 7951 5176 356 4514 3778 9261 6709 1654 5009 4279 9946 9593 9742 1881 7304 8102 42 4849 1365 9846 3749 5631 5102 9700 1423 8616 9189 4289 8211 3516 9431 2135 3623 6451 970 7845 7150 7399 8700 4374 4883 1185 2364 2539 3761 8767 9432 3498 3864 4985 8582 1595 1069 6939 2416 359 2446 8986 9229 9929 173 6366 6934 8672 5653 1177 3804 2655 5796 1669 4862 734 
7073 5841 3525 6564 3834 4583 9704 8704 1665 9855 932 1985 9724 7373 8403 5948 6830 522 5314 6402 1924 5093 7015 1301 4299 7642 4264 9389 1137 2583 9915 7623 1321 8810 7860 6937 4035 2549 4516 2634 8282 6318 7185 3945 1079 8129 9072 8875 1080 4477 8426 6490 7982 7610 2178 8486 2063 4755 8384 4505 4484 2080 5116 1069 1740 8622 8586 8948 3254 7206 8185 3985 4842 8069 1793 7701 8790 2465 7875 841 1761 7751 9527 5106 7059 3451 2412 8945 9667 7395 5254 8706 1333 8015 7398 4720 9143 9573 5075 5750 
175 6320 4777 1124 2666 9241 6238 1314 4934 1288 3391 6705 1386 7480 8797 3980 6795 5823 1376 1254 8851 8978 8510 8434 7537 1960 8216 4863 3349 5417 6877 2486 5728 8587 6316 9415 1046 7645 8064 7168 8725 3375 3800 3425 2715 6471 6903 6616 8369 4056 4333 5635 4514 7357 7154 5599 1864 423 6590 6321 8656 9154 2979 1955 4269 5296 7339 2263 1202 2017 8604 3222 3011 3338 6223 2491 5346 7261 4683 8339 8297 354 9789 9345 5057 4682 8669 3596 3235 2669 1881 6208 4964 2869 2816 2132 832 5511 7727 4123 
5274 7300 5561 7689 9274 5714 9281 874 3404 2647 5637 446 8010 1567 4901 6989 9633 2225 3497 2933 7641 1523 9588 720 1071 4987 60 9876 791 5662 8478 3801 4766 6046 7234 5894 3403 4211 91 9501 7232 6395 9674 2154 1238 238 2000 5493 3919 1036 9418 1413 138 8896 8643 5281 528 799 6049 941 9431 7384 2688 2916 727 6008 1797 7846 7101 6532 781 7163 5303 9922 9298 2438 2651 598 9739 173 954 9825 9864 3957 231 749 5213 2349 9213 1753 5663 1944 9495 5672 7758 6212 4606 1176 8988 9251 
7689 8464 9442 3769 8608 5288 9951 1662 8499 8960 4153 7936 4989 2922 8031 5796 9229 8282 749 5208 455 1472 3098 9980 8096 7511 1783 954 4510 1088 7072 7353 6468 4243 5313 5285 1785 9464 9509 471 5142 0 5417 7381 9308 5986 9036 7809 2905 4587 1382 5857 859 2413 5787 5870 6464 6026 3066 4238 6642 5333 9335 8678 8978 8083 4970 7993 8309 1166 3622 4309 469 3992 8378 3087 3814 809 8091 9833 9751 7953 5126 4182 5244 307 3266 2973 4809 7952 3226 1987 3284 1521 2185 8076 4238 4653 9148 836 
7539 2643 8752 2249 6045 7082 3564 1558 5812 6172 3753 8372 2914 2142 8780 8575 9799 8735 5943 1637 7261 7529 2384 8219 7206 3883 5319 8440 8577 2438 3188 7666 4778 3359 1620 3404 5592 499 4257 7372 7964 906 4903 278 5984 2112 682 5065 8291 4781 9253 7114 8917 4583 727 9763 302 2744 8487 7359 9360 7620 4687 8027 9944 6468 1037 2448 3328 884 834 7524 5450 6735 2492 7713 8897 924 655 9783 9586 3798 7914 5387 8373 178 9300 9086 695 4381 4440 6086 2818 7549 3374 3804 2720 3093 5451 4388 
3280 6899 9619 2818 8978 8691 603 5812 1947 407 333 6850 7187 6533 4356 56 255 6210 5514 4520 1922 615 2377 373 2959 9435 8345 1310 2553 1989 6686 1572 9459 186 8279 7910 2591 8444 8539 7230 8879 4074 4591 5611 4592 5230 9774 8281 2256 3712 4719 7769 2360 4343 2580 1594 2164 1203 5748 8092 5292 2765 8586 3786 3192 4755 1355 6531 856 1946 509 9735 175 6656 1296 7243 940 3128 5219 7701 1993 8597 1605 4515 135 385 4461 1836 8403 8489 9045 2859 1885 5793 4995 5049 6023 7228 9430 1983 