9561 4769 5882 9922 4232 998 136 553 7465 4223 655 8516 1373 5736 1881 5849 1801 6604 2573 8926 8235 9453 6466 7896 3224 5877 1792 4167 3673 6368 4807 2030 3702 2671 130 8739 6780 6061 9418 4116 1586 2544 1223 1091 1677 8439 7275 9635 3214 91 7042 1990 2639 8372 7172 2519 4747 7504 3235 1977 9679 7855 1950 3019 2532 9486 9755 47 9551 6804 9420 950 9119 957 4855 7379 3719 5388 8036 1913 1809 3795 6645 4520 9488 8290 7834 1895 8064 4026 1912 9497 7665 4564 2520 7908 6173 2121 9170 121 
3042 7443 7163 347 1144 5612 4085 8055 5926 3962 5821 6837 1352 6156 5717 6391 1119 2601 4758 5060 3768 6608 7013 4268 9738 9305 408 9661 8863 3845 7784 6367 1026 8543 2971 8951 6304 5844 631 5720 1104 4576 4439 9778 2634 8665 2544 9395 5632 2083 3121 8228 5066 3151 6985 2862 8808 6072 5433 9078 1628 1828 3007 4316 8905 2325 7881 1224 7954 5719 940 4481 4476 9733 656 8764 6561 6538 3265 9018 6285 7176 2136 7778 2877 8464 425 5967 8527 1404 2225 71 3517 911 8764 4175 6744 8065 7940 9703 
3326 2800 5949 3543 5934 8574 1868 4078 7124 6276 4449 411 8932 9198 1549 2070 1512 3494 4977 5590 4660 5123 3421 8606 5759 1932 5525 7509 8515 6593 7126 6898 3931 5144 595 614 8898 2242 1499 862 1521 8081 8403 731 4616 5692 5711 7044 7915 7684 8725 5119 9552 7108 1304 7610 9512 9784 5343 5173 6372 7843 9639 7395 4993 5387 4148 6604 6817 6356 5032 3023 4368 4602 8326 306 3372 2441 9695 106 7689 2308 9541 3859 1300 6568 9322 2970 1765 721 845 3563 8393 9159 8496 2712 5888 5564 1405 6798 
5675 7821 1587 7085 7607 3171 3714 418 2969 1604 542 1304 8668 7319 8112 2225 3783 1550 1642 3832 514 7897 2703 1478 8822 5544 7487 548 8817 1898 138 7546 367 1366 6706 3429 3821 774 7271 8101 2389 9149 1687 1603 2626 3309 8120 5903 7356 972 2619 7852 6065 9721 8660 2197 4112 9183 615 9762 4502 5945 5704 2381 280 8248 469 9623 9772 5392 8506 8787 940 1269 8533 811 5968 4804 1153 4748 5693 3002 1049 8670 3604 1180 2415 7374 2593 223 243 6267 5935 208 7653 4824 2549 8695 4422 2968 
4500 8908 834 1401 1926 7856 9894 1117 4085 7712 6427 2212 8122 8956 7433 7716 9115 455 6993 6431 6914 2138 4323 894 6141 9956 9341 8080 9377 495 3090 4605 1771 6428 7313 1549 4515 9874 275 9481 2597 9960 846 7473 9058 3052 6338 1455 268 9916 3503 7739 9858 1272 8445 5921 190 7485 7572 8311 8167 8170 9153 5922 9628 3425 2136 820 6994 9402 3342 5904 548 9642 8817 9624 5045 8445 5921 6919 3410 3361 319 803 754 7381 839 7018 1317 7826 550 7217 6616 7719 1263 6024 4056 3952 663 8744 
1459 5029 5518 9921 7640 4606 2976 5352 8659 933 6023 3365 1022 7752 3702 6156 8616 6174 6395 9075 3885 1452 6404 6001 6241 8129 2 6381 9565 2678 9738 4480 9733 6208 7724 1609 2790 6404 282 7065 1585 8063 8449 2668 6151 7551 3746 7007 7138 7123 303 3118 2082 5761 1509 4316 7864 8048 2076 5514 9267 4168 6566 9288 8459 768 5175 3453 7555 5954 9165 5940 3934 3803 6828 619 9704 1657 9874 7817 5856 7917 5461 1450 8278 1313 6310 7222 9523 6083 5112 9952 5113 6122 7429 5442 3134 7627 7920 3991 
2004 675 8196 4635 7948 5192 8039 3115 8435 1737 1356 1057 1059 6593 6304 9740 1215 5720 4007 2005 8133 6828 6164 326 4581 2267 4890 5671 8909 1304 442 8112 955 7454 3338 3830 3896 8618 2564 5610 9358 6388 943 7051 5305 8063 2277 1837 8910 457 2331 6359 9964 6154 8232 4098 2875 1191 7939 9796 8529 4257 8613 5569 3039 3010 6508 5402 765 319 357 2070 785 905 7822 267 7660 7387 7613 3359 1038 4570 4702 358 1299 4456 4959 1205 8236 4201 8919 5337 6713 2664 8030 7816 2066 1382 1190 8236 
1543 664 4201 6833 319 4616 5157 4695 226 4002 1578 1268 1046 7645 2006 840 3694 3280 8746 6092 5053 1805 3723 862 363 1220 5938 879 370 1610 5698 9087 9393 2444 5425 4847 8714 7645 1596 3176 352 884 6492 2572 3963 3176 3419 1217 1003 7591 5985 40 1323 2001 4623 5712 7239 7403 3029 21 8726 1481 9933 8658 1781 800 4565 3267 1884 9541 8806 3627 5361 978 5243 8415 1233 780 6139 7130 1966 7958 4007 2725 4811 4235 9336 5780 8017 1746 7158 3128 3771 4354 3481 4532 9216 5876 8323 2726 
6495 1907 4958 60 301 754 1186 2683 1271 4650 3035 9555 1733 9182 9394 1860 5635 5747 3455 7612 1239 3395 7806 3839 1387 4842 3391 8090 1071 4954 674 6925 1965 2706 6505 5263 5224 8267 8460 3767 4846 7372 8309 6273 4830 5806 7194 1635 521 5750 7405 8129 282 1913 735 5304 8852 2610 3808 9534 3046 5050 6105 525 3653 1165 137 3970 2982 8466 7402 9849 2498 5669 7756 1527 901 7881 6474 6259 7692 8384 8856 2164 1949 8639 8900 5786 1842 6311 4695 163 4580 1361 2125 9628 9939 1897 4022 2133 
7453 1442 3436 4480 8147 7369 7197 6661 6639 6669 2457 9081 4405 2487 104 5753 2298 6760 3810 5242 7187 2200 1765 8723 2036 7385 51 4645 1340 4433 9313 8531 296 9020 5406 3695 5215 4744 9449 4559 9030 6540 9718 9391 2498 4066 6659 5280 1284 9044 9 2598 1773 2378 7774 3744 3804 4128 1713 8668 442 3251 1981 2069 2225 3783 2117 5603 7041 9952 3740 8604 2846 6815 7362 8955 4089 8774 4921 1569 3549 3804 2797 8708 4037 5083 3949 4525 4716 141 4586 1742 8135 4080 4270 2394 8777 9133 5950 9005 
2679 7575 5411 6349 6846 6702 6262 4671 2713 7091 9126 7904 4922 8948 8918 2938 4702 4312 3984 2399 5356 8523 3180 8882 9409 1087 6979 999 5825 3506 1109 507 8523 3951 5749 5254 5640 5830 1807 6275 2623 1146 4678 3074 6201 8763 2393 7165 3307 6978 3648 7438 8260 6798 8519 7984 5586 2804 1217 2565 1638 5945 2394 142 1384 7114 7023 5486 4713 3380 7294 949 6195 5905 1302 374 7180 1283 2088 8729 5749 7993 1243 5231 2798 4081 6409 7781 3325 2503 2335 7070 4708 8816 5353 4199 3731 5565 6303 2032 
4636 5906 2512 6437 3574 5535 4031 7274 4745 1047 9578 951 2363 6082 1803 4852 6117 1604 2576 1394 5221 1632 8170 5028 7890 733 7442 9277 119 4048 3576 9351 5262 7377 2697 2610 1976 9809 8514 9921 2514 5352 933 9230 4830 3365 7895 6443 8562 9830 3441 2598 8397 4797 3408 5506 2775 3256 2189 1633 635 8472 7277 5508 3794 7532 5685 8128 7655 9739 1248 6659 5549 8305 1979 3602 5805 8747 1812 4930 2328 2591 9836 1835 9181 6957 956 226 4644 603 4165 2568 8541 6437 7434 20 391 8572 3844 8798 
8460 8258 2811 9503 8075 9360 8674 9360 1528 1795 2454 7866 658 7593 8879 4754 4877 2036 4401 193 1692 4572 8027 4873 7818 8727 301 7345 2730 8351 5926 3140 4390 6550 1658 9675 8401 7668 7990 6489 5773 8350 4481 2989 4669 6629 1029 2916 451 4286 4029 2791 1286 5037 4915 809 4421 362 1270 3354 3273 926 581 6624 5506 4266 8975 7941 2704 7516 6228 266 4381 5022 100 4002 871 8765 9304 3002 5171 375 7290 910 7813 4800 1291 923 1819 512 9381 6291 5865 3245 1010 8405 8941 613 6988 2959 
8833 9801 8412 2219 6146 6752 3816 3124 6350 1675 2289 3387 7848 3633 6068 8662 2776 8270 4669 1585 3355 406 2718 7316 5302 1846 7707 7235 2259 668 7869 5978 1492 2881 4170 3310 5902 3390 4919 5818 8537 627 8531 6198 5169 1999 9059 5554 6149 1830 2834 2237 4124 7653 8561 6303 6079 5521 5079 6698 90 5004 2580 1916 7888 527 7806 5173 2097 8084 4226 1225 2528 8108 7204 3533 9318 1560 3623 2857 1396 8540 5269 1442 8437 2750 388 3630 1813 8479 7178 737 6775 4747 6355 5226 901 6288 4785 2912 
2987 5461 5092 9979 5261 1931 4959 7265 7795 5365 9024 7369 579 6797 8389 835 6672 819 1561 8702 5097 4516 2425 2448 4587 6623 2407 1793 5187 6321 8552 9361 9981 593 2806 3389 6902 5787 3471 3279 7356 981 9593 5159 2742 829 3700 2884 4709 9333 860 4362 6697 8851 5 8461 9068 7971 850 8678 5012 1492 7156 9726 6418 3016 5076 5085 8166 8559 7855 5244 6354 6921 9520 221 3525 986 6922 4743 8822 7291 9734 2129 9018 7954 8097 2684 1165 2278 8275 2861 8720 9380 9067 1028 8056 3285 565 6459 
3566 9709 7681 4235 1683 5425 8918 6609 8489 2590 6367 2775 3642 7434 4364 9650 100 1127 6540 3945 7621 4936 396 3480 5133 4413 1501 6897 5293 4084 837 3437 8909 4885 839 4699 8501 4391 2645 5556 1674 5167 9024 428 2331 5316 7931 6287 2880 8656 5083 2791 2832 8370 8740 7084 381 9671 809 612 5499 2015 1607 8763 9420 6153 6286 9602 1839 503 8675 5297 6905 5923 1764 9986 2982 5818 7580 5700 9808 3888 9371 2825 8528 7011 5748 6227 2566 9680 9309 1681 4051 7731 2271 4169 9924 3201 8750 1480 
3755 9446 9596 8878 4569 8258 2827 4928 7461 3059 8411 362 9376 127 6467 2932 9251 3564 1782 3442 8323 8360 633 9239 2780 5945 3453 214 8639 1014 7130 6606 760 9843 7616 6767 9232 3409 9688 3997 5435 4090 513 7030 1086 8999 5683 4454 8806 8258 4236 6446 8544 6429 2684 7183 4796 8663 7381 4775 460 999 9217 5111 6894 8786 6869 1641 8956 2689 1369 3629 7458 3311 5344 7204 9736 1338 2204 2612 6755 1703 3883 9920 7532 2029 5237 898 5261 5665 2571 2536 6244 45 7630 503 9149 2384 5442 8577 