4007 5471 4222 675 4284 2196 3356 3602 1074 9841 4595 4305 6040 2201 9523 2704 1280 3600 8453 4796 7247 5118 4764 6677 3909 6383 3369 9375 1095 7745 2846 4069 3676 6760 5990 6071 8220 2840 8481 9684 6911 1126 3468 132 1757 4559 8875 9703 9269 5859 7987 9794 4361 4491 6077 604 3846 9512 6100 330 9489 8149 5341 1214 7610 3135 2216 5104 6407 3431 8090 4016 1984 5160 6603 7503 6718 1093 2015 8976 8756 6568 2806 7360 2937 451 9922 7990 9601 7372 3300 7233 8082 1293 245 8015 4350 4108 4300 172 
2508 3315 190 9189 6929 9732 237 1023 7023 3924 6246 1633 7043 8421 8735 4780 9014 8315 4430 5202 7973 6901 6560 4330 8553 1991 1659 9735 5343 2683 9792 3996 179 4667 969 3220 2218 9047 1023 7728 6334 3433 5362 6324 3457 7622 5350 6775 7792 1345 6526 3743 7001 2389 9097 1133 8868 7410 7621 7338 6932 2382 1849 6532 7271 2491 5978 3893 9419 1800 5065 397 3452 6737 9897 1384 6594 8943 4461 6792 4830 1349 7746 3658 5938 1002 879 3699 3068 7413 7362 4191 542 2528 4688 3634 5675 7439 700 2375 
429 7425 5802 1513 6704 6435 463 9087 9788 8004 5603 5468 9196 1075 1543 854 664 2664 4269 8858 3705 2901 8508 1316 7684 8414 6416 907 2875 2457 6623 9796 981 3966 4257 3311 6200 1689 8613 2679 5654 238 8158 3039 3010 3328 765 9760 2325 6242 540 9058 6835 363 7635 2980 9815 970 9725 7915 5697 6910 9192 5532 4552 1688 2165 7667 9913 2273 5251 2438 7315 9225 9947 4374 9553 51 2546 1355 2008 9797 3658 7771 6620 5481 5781 134 6904 5728 101 3036 783 7658 6456 963 3167 6290 971 9074 
3278 4803 6478 4423 3755 7283 6946 1123 2094 3283 8932 2913 6473 5743 6806 5559 1766 8768 5661 2203 82 1033 1121 9532 2499 1267 7403 4947 3197 6975 8530 5654 2240 6220 3899 4751 4279 9946 1402 6580 6921 9028 4118 2896 2346 2003 3676 6933 9663 4016 4903 7768 9139 3756 5606 7554 3325 4665 7383 5939 9947 5614 2810 8369 2067 8096 3954 6091 858 6582 1045 4988 3367 9301 8533 1285 1226 955 9156 821 5597 2670 8031 5306 1574 4598 3069 2372 5686 7358 9750 8012 8897 4231 2202 2041 4942 5593 7465 3960 
5642 7924 3091 4538 5541 1524 1493 8565 2768 8931 5913 8850 5543 9350 9913 5628 4596 6376 1348 8239 2922 1059 1947 6036 1947 3504 3852 4591 2709 3613 4305 910 2142 9119 982 7548 5601 8420 9683 9912 9920 7962 2610 2691 6915 403 3727 4178 3803 3297 6752 261 5416 9499 9982 5118 5713 7822 7978 8522 2464 2369 7227 4232 5615 7727 4267 6620 8788 4132 6602 1856 8684 6556 6103 3835 8106 6566 6187 3474 7913 3052 9931 8084 720 6194 2602 1526 6131 9567 4843 1601 3016 3013 151 6845 9049 5524 4810 3462 
2825 3947 627 4558 295 3615 4019 376 9086 9051 1678 13 2706 9782 175 3109 3041 4477 7184 6131 8583 6572 3876 6206 6690 3353 5312 2594 9717 6931 275 7562 2671 4403 7503 5014 6727 6210 5769 4506 1461 5667 5794 3552 3586 8497 5374 2402 2306 6944 5456 516 2112 6858 3592 6207 7032 9277 486 3396 2735 145 2398 7417 2610 4738 5204 1866 7811 4428 8895 3915 5529 4711 8852 973 3016 1344 6548 9309 3176 1269 7248 7280 3028 741 3369 7618 8146 3981 150 9628 3425 655 3105 9402 3720 9642 8817 6609 
4502 3410 4169 3316 2903 4616 2854 3507 4002 1578 762 9706 1999 2006 7168 6092 9694 9729 6854 5003 3068 260 3545 3753 323 4630 4215 5106 2317 8187 4779 8456 6127 9052 2231 926 2457 6805 3520 1570 3230 7433 8508 1076 2958 295 474 7552 5019 983 510 8417 6925 3792 3948 4295 626 945 6903 622 6422 6461 4288 3266 8519 5497 7427 1698 2194 4395 4697 1375 5663 4359 4493 6659 9214 4471 8897 330 6989 9146 5285 1642 733 514 3002 5544 7986 5541 725 5341 3233 1671 5445 3492 7786 6792 4169 6368 
6630 1564 3380 5979 8416 8314 498 84 7683 3709 170 7117 4963 6145 2775 9030 3778 3623 8505 2737 2082 7938 6202 9997 1460 8577 9398 635 9431 4670 7359 7153 7978 734 7052 5405 550 7974 1718 8603 1588 3592 9490 4302 3603 3306 3836 8668 384 6603 6092 416 107 6788 7066 1002 4954 4640 8292 9498 564 2170 7228 6110 7148 4104 9338 3529 4407 9291 9621 2562 2443 6729 9842 2096 8313 2831 1454 6299 8120 4255 7193 84 3634 5380 7412 4753 1821 9944 4813 6902 9794 8107 1571 7081 4224 7869 4458 2575 
8436 5763 7061 5322 1615 8614 2899 2803 6427 5729 1230 5013 6674 8549 6177 3453 995 5977 7896 3265 5930 115 5757 3216 7258 5651 2455 394 6920 3292 5320 2194 8431 5323 7233 1113 4688 1946 34 1552 6098 9068 9002 4820 9873 7061 3766 7616 7451 2788 5336 9922 48 6902 9557 4106 8854 9806 8244 653 9809 5819 751 4003 5801 9701 142 2079 1558 1724 357 643 4930 4274 7467 1693 519 7667 3582 7575 5329 2862 2206 6248 73 1868 4327 8811 8446 982 3383 9879 9733 2135 1433 1875 9951 9612 4437 1157 
2472 1863 4962 4230 1489 1549 357 2524 267 4424 9128 7613 7706 8828 9219 1344 5730 7232 7751 47 3380 5457 7840 9553 1904 854 8919 3064 2250 8040 3676 3024 1642 5070 2162 3358 6929 1933 203 3842 8000 9652 8166 1732 2735 145 7417 9809 8679 1866 7811 4428 9291 4995 1421 4283 1363 9583 4750 9865 6204 5092 3189 3374 5410 75 9592 6817 3358 3207 3295 4850 2605 7181 6230 7407 7338 7999 2806 7710 454 677 7984 9160 3608 7343 8751 1794 706 5150 6405 4253 3805 7274 3295 2917 3432 9260 6557 5658 
9697 6363 5998 8195 5070 4367 432 3931 1879 1392 1094 4621 8166 3756 1437 5469 1780 530 5838 4359 6794 1753 5938 8813 6672 1196 2479 504 2942 4619 2478 1462 413 3631 6177 8834 3726 8537 8418 7905 2464 8844 2028 5240 8118 3133 9843 9901 4810 8267 5193 7519 8119 4662 5943 9133 9642 905 4692 239 3891 8512 8148 1564 8050 7831 3433 6775 1294 6545 3421 7432 9967 2265 8253 3778 4259 7410 7338 2491 5619 5324 582 1647 4498 5717 4847 9399 9246 9853 1056 1727 6246 6810 4310 8863 4728 3209 7976 8862 
7949 5916 5186 6623 4066 4267 70 8527 5736 9479 6983 8570 1409 6506 2928 2557 8042 3232 5636 1480 7703 7266 574 2773 5036 8522 2168 2780 7909 4715 7050 5395 9903 2637 3391 6846 9108 6651 5637 5014 230 1854 2022 9476 7543 2582 1831 498 4841 5947 3797 5286 3231 8569 721 9340 2869 5342 3019 7505 319 9705 2720 8471 2518 2635 3504 1029 1101 3280 94 8151 419 6042 4347 4803 348 4132 6143 6696 7868 1454 1836 8790 2886 2801 4274 6021 2235 7582 4312 5344 8313 2543 1073 9691 4433 6907 813 994 
7605 3118 7498 4596 2657 1482 9665 1845 2903 2771 3401 9562 5711 2002 9333 5961 3270 2752 1702 950 9962 4045 5674 8445 1846 6190 236 4744 6746 6484 997 4082 3925 250 3195 7312 9886 8146 5516 641 824 4374 2988 7239 547 9870 9416 927 3142 7028 7237 4477 226 4002 7125 224 1268 1500 4085 9242 2006 840 7309 4049 8746 625 7098 6092 4718 741 4768 7358 6854 127 3068 6607 3545 1333 8471 6385 5228 8187 6127 6430 6535 4108 4431 1847 7515 6511 5242 7763 3890 6412 3207 4566 7197 5396 5325 2710 
5425 2832 5305 7502 4405 3897 8318 21 9243 5591 8054 3780 9630 5095 24 9305 7339 7001 9325 5892 7468 4495 4476 4438 3659 9614 9360 2203 159 6699 2095 9555 3575 4726 5175 2050 5936 7897 4720 2511 9433 6968 4927 6113 9776 325 2842 1897 6717 7188 5927 8727 7179 4349 6796 2833 5905 1107 6649 4774 5036 6551 884 5317 1845 4249 5622 1352 7140 3750 6154 1328 8414 8733 7070 7721 5110 1726 148 6700 6933 1566 108 1938 7247 8376 5139 792 869 9692 3974 3856 4587 3818 1611 7227 9445 4141 4158 732 
2332 5834 5604 7872 8160 3545 2100 8258 1699 2570 6064 1450 2262 5141 5770 4440 1908 5143 9136 8018 4026 3553 3113 4671 3924 6028 7936 3080 1914 6069 7676 213 257 8855 6175 5432 3734 8687 821 632 3059 7139 2199 1577 8019 1333 3248 92 1943 116 5317 3023 813 3617 7042 116 3804 7226 5588 6889 4062 7138 7122 3490 630 8884 2042 2207 3375 6996 2308 3977 3353 3472 395 7125 3550 9217 6792 8378 854 2217 5517 2499 4101 6469 3828 9817 6136 3281 2811 3136 9820 2961 214 2941 117 4000 8510 6909 
6889 2406 1257 2315 4295 8150 833 7004 7134 6948 1070 8695 1260 8844 3444 1199 5299 4301 3302 6437 8581 5227 5155 391 1221 8421 2722 9349 6625 8319 3542 8279 214 3740 2814 553 9271 3147 548 7812 2099 1772 6871 412 5769 7853 8407 8296 7401 7308 2525 5102 4432 3368 8278 8346 8624 7469 3907 3987 1255 2496 7082 7961 4616 9825 3892 1031 8734 9655 3476 1832 9815 5542 7433 7223 8270 344 9067 9665 8609 487 2798 1236 3877 692 279 6293 4610 3128 2533 1359 8031 17 2966 5850 8582 8269 4059 4051 
240 5943 6391 3977 1362 8840 9373 7844 4438 6369 251 5057 6580 233 9444 2591 6788 5241 6320 2923 7 3969 1695 5989 5366 6114 5604 4027 25 702 5817 3864 1284 712 4911 8348 814 8521 4964 5178 7856 7585 8869 9756 4667 5837 8458 6571 7764 8374 4345 9519 7362 9701 791 1571 30 4566 4278 8394 215 1113 4794 5533 286 5446 220 517 4896 6058 7471 6504 1817 6436 4505 5449 6566 9158 4071 577 5152 1403 778 617 5690 4835 4966 680 8899 3874 8535 1761 8445 7647 9748 4636 1578 9697 7386 6917 