3075 3923 693 9835 3481 4395 3668 7788 2864 9179 3611 45 9627 2984 561 2151 1511 6504 6188 7981 9904 6333 5458 8374 4551 5772 8297 7203 7109 2791 7002 1423 1852 128 9029 4153 3983 4994 3947 5173 8536 4796 4940 7126 5043 5289 9320 1443 468 7626 9115 8837 2592 2649 3517 4710 6020 989 2361 152 2630 5145 3558 7260 4570 173 1951 5327 9007 1900 7110 4438 5512 1411 7030 7204 1703 2123 1131 3512 6026 2806 445 8022 261 3933 848 9806 5642 4603 9670 750 2915 8547 1404 2222 4114 2997 1779 8752 
6467 5930 4343 8036 8800 3229 9842 5432 1354 5268 8562 8416 7327 6312 4041 7761 2777 2359 3736 8702 5886 1999 3120 8373 8359 358 6245 7275 2518 9376 3917 7271 2710 7623 4940 2191 2639 7773 9960 1095 2 5191 2454 997 7635 3921 2980 4713 1240 9268 1197 5403 235 6823 5265 6278 4000 7922 660 3421 6801 3975 5476 4501 1593 5989 1457 9142 7894 3312 407 9550 3814 6813 5192 8084 2143 5451 7029 4794 9986 444 3354 5131 595 5475 7542 3556 9223 4421 7991 6583 2013 3866 6168 6312 6612 9941 6614 5335 
9067 6117 4742 2928 7060 7570 4804 8453 179 3686 8537 8924 8403 1126 1383 1528 2921 4099 9601 7954 1640 8222 9881 6306 5891 1410 9542 5953 945 8151 252 9830 6349 1514 9193 8589 7928 1882 9842 3690 3061 195 6418 4181 9268 597 7251 3884 2054 3525 1006 8537 1087 6707 7197 6903 8595 7441 3750 2220 7820 5477 9630 1803 5657 7921 7826 3380 4050 5641 9099 3723 2746 3556 1322 6413 148 655 6700 2023 3142 6556 5122 2300 1742 7921 5429 2701 4899 1455 1688 1365 1288 5837 1513 3682 2148 8763 4538 6368 
267 737 9237 773 2156 7837 4679 3203 1867 7164 2970 8477 2991 5309 42 6412 2206 4717 4539 104 6877 6342 9493 4662 1332 8842 9911 8284 6274 2563 39 4751 6118 4340 9000 4157 5748 8311 561 6496 8265 4045 8289 1914 5218 5766 175 8386 7702 3760 8327 3545 1216 7778 3452 9920 7633 1195 5451 2530 2119 3775 5772 129 1511 7783 9219 5753 4368 7921 2776 5541 1410 3075 3654 614 9081 9679 4449 9135 2626 3746 7235 1044 9216 6122 6850 7177 7000 5180 7671 6928 7895 7102 6122 63 4542 9383 4330 2901 
1076 7684 7774 295 6092 3904 4525 8417 5108 7987 3796 2811 5065 3452 7735 6737 9897 60 7186 8943 4830 1011 5017 1090 5752 7282 5340 5989 2713 5506 514 3526 8928 7339 734 3720 1781 9215 4355 7538 2464 7366 6489 5709 5882 9054 1365 7382 4115 7603 1956 5631 3211 8461 9700 37 8616 6031 5674 555 608 8631 4971 5085 7128 5095 921 3202 5632 977 9052 3247 4472 2166 2258 17 8717 4615 1033 1217 9841 9447 8770 8525 5965 8812 6199 1667 4672 5869 6723 2156 8573 1613 7758 5169 1865 5539 2862 7868 
3032 4592 827 3500 5039 8114 3259 2367 4923 7738 8766 6158 9060 4889 1192 3849 4396 2510 2173 8589 6986 5467 6820 9890 2896 3701 6155 8144 6918 4830 4932 3441 2786 3913 737 9417 9875 4970 115 2324 1404 7211 7494 1979 6125 6478 3192 9659 3341 8296 6099 7161 2281 8759 6832 5736 1854 3920 4795 4870 4673 9124 2311 4244 2125 687 2541 8566 237 9936 5849 5283 6308 5432 944 1360 6301 1205 2771 5913 4140 6696 870 3553 2806 2648 3978 7136 1256 3436 9259 2468 7664 286 5663 6814 4359 1788 284 2157 
9214 8538 5812 6247 5095 9454 330 26 9278 9146 3508 9615 5285 1550 7305 3552 3832 8619 2703 5609 8438 2163 6119 8443 4936 8146 4097 8551 3803 7153 9805 617 1582 5975 8856 6805 6610 5580 1055 6019 1898 2643 7508 7546 367 1366 7143 1031 4092 5920 1940 6478 6562 7671 2578 6312 505 4963 2843 9281 5760 7585 6109 9261 1478 4917 5422 2590 4820 5853 6905 8077 8158 6081 771 6961 2482 7732 420 5248 316 958 1518 8491 9688 7864 5234 5066 9381 2070 8468 1017 4808 912 4996 8387 9098 7041 6433 792 
6027 9005 7210 8729 9921 550 2279 132 4837 9676 7090 5986 1550 6877 597 2072 8760 3517 1504 4223 8854 2822 6267 9020 6728 8039 6555 1979 8574 9304 8330 7280 9190 3661 9582 8426 3001 3600 1253 2972 5356 5738 9325 2600 6989 9961 1739 786 1864 8428 6107 2818 8255 967 9265 3609 2900 817 8905 7558 3794 4352 9160 525 7904 3237 4273 8160 9920 4609 8179 4122 1119 3279 5858 2994 3342 5607 4473 240 6410 1886 1214 1950 7940 3920 6129 5313 4062 8442 7968 5467 3470 6911 7763 130 1544 613 8950 1256 
4324 995 1361 6624 3795 5806 4639 3767 33 5216 3870 6236 9581 4375 6450 5337 6650 6450 3130 8533 3572 6280 58 4688 2243 3002 4720 3499 9775 5893 7581 5796 4212 7500 7515 7810 3594 2765 9405 5896 8652 3350 1930 6465 6533 1551 3178 653 5359 2954 7192 8511 3500 4424 7929 2706 747 155 3668 8809 5349 5435 8935 8014 4554 7446 641 9716 8911 7858 451 2512 9610 6765 5579 1446 256 2035 1207 2382 3316 774 7008 6898 2491 5978 8038 397 7735 6737 9897 1384 3233 1671 5975 2479 8115 6610 4975 1728 
5742 9352 8743 1530 9728 8954 9471 8657 6678 6200 4927 2679 5654 5569 2029 6508 6189 2458 4569 1549 2070 905 7822 3596 6587 7387 7613 3359 1038 6828 8912 3856 1299 8657 4503 5448 5243 5159 8721 2215 8013 9894 5719 2357 1148 1718 3215 8082 242 782 2308 6368 7237 1578 3938 1500 9242 2006 6480 7309 4049 8746 6092 1832 4768 7358 127 307 302 3753 8471 7416 6385 4215 4518 8187 2582 6430 4108 4771 9402 4494 2743 5180 5242 6680 8826 6412 2306 3207 2766 346 3332 7810 7826 6903 5325 4420 8595 1703 
6600 7688 2832 5305 2661 2683 5651 4409 7502 3897 8200 5477 8054 9630 7239 4494 7341 8518 198 8779 5845 3612 7289 8951 6493 5327 369 1367 6089 4150 7325 4758 4091 1050 4936 4097 585 8321 2889 843 7421 2907 7261 6862 617 3353 7118 2425 3786 8115 5580 4055 4409 8898 5993 1386 4425 5516 1898 2643 367 7382 2570 5920 2965 1180 8524 9876 7594 1537 9055 3526 2126 6260 9261 1478 4917 3856 5383 5311 8549 2176 6502 6010 5724 496 5353 7955 5139 3360 788 3817 1970 9048 1099 2146 903 3384 1923 7724 
1764 9470 2553 656 5592 9951 1849 2337 7971 4544 3166 117 3329 584 8874 4251 718 8966 6745 2296 5692 1713 7350 1362 628 5654 5641 8838 7060 9493 4035 1402 9409 5458 1089 8677 8270 1764 4041 8706 5952 8944 1452 68 2384 5954 3615 2067 2735 4192 5219 4473 1399 9117 6634 3559 2001 5044 931 2276 7629 8496 9895 314 7387 2554 3278 9589 5978 8086 3267 7599 4015 1335 778 2326 3458 2342 6108 7910 5856 18 3896 8668 2949 9684 3480 2004 1822 7481 4840 5763 8924 4258 9045 9904 9802 115 6406 6223 
2585 2331 2300 1564 4509 8295 4995 5122 5962 973 3016 9970 4205 8415 9309 3176 1269 7280 741 4001 256 4094 7971 2242 1499 1896 8895 1039 6000 3345 3562 2461 3832 8718 5035 9987 2843 9068 3561 487 7625 1363 8221 4750 3879 6641 8029 872 722 933 5147 1681 7254 4949 286 7107 6954 4248 6994 1945 3063 8640 3708 7067 3228 5004 8895 5533 4396 7506 6066 9412 981 2702 6561 4176 3031 7816 3119 7397 1710 4554 4125 6876 5376 5669 8300 8251 7984 8978 6206 9161 2488 2103 5016 5203 9329 3534 1057 4065 
3595 5938 5701 1365 4862 727 3897 555 3113 4171 6439 34 7965 1097 4915 8814 4191 6129 1768 1270 5303 1990 4367 1034 1455 1160 3408 1978 6970 188 7656 5644 5374 4903 2740 9995 336 9411 882 3782 1911 3459 7459 6728 573 8372 8857 9880 4471 623 2032 4280 1008 569 6246 5014 9485 4839 9091 1344 2533 8088 8631 9921 6991 620 2976 447 5352 4767 3433 5477 2887 8964 963 465 5964 1318 9479 5477 5631 9093 2928 2557 1430 3259 595 4338 345 7567 2331 5827 6383 5009 2683 5086 3426 57 7476 6580 
7307 8496 7079 2499 3918 7840 5405 7882 770 3175 4303 1867 2943 6841 975 2974 5322 5862 8211 6018 5851 9741 8043 5877 8439 6550 4512 5064 8967 2668 5393 9884 3279 7411 6012 9313 2455 7974 4380 4389 2626 2284 1819 8849 7832 6535 6644 6243 1717 1792 1843 599 790 8574 1293 5400 565 9438 1722 8062 3742 8112 6629 8130 4172 1422 4297 2504 411 4303 2781 93 4592 1910 5592 2914 3521 3021 497 6363 1445 5631 3330 2656 9826 5161 3704 9417 4239 805 4627 883 6366 3215 4734 3742 3454 9956 3427 1691 
8691 1362 6230 7411 866 3396 3896 8868 5969 4848 6483 8052 7238 485 1299 8192 3313 4666 8672 9077 1119 9425 1302 8762 2333 9560 2667 1087 7269 8871 8336 3081 5055 8156 9065 9126 4977 7635 9870 785 930 2044 8090 6969 5693 7419 373 4162 7020 1169 1520 2217 2118 9188 7872 1733 3214 3587 7320 58 1498 4051 7533 1504 343 2317 7232 1656 90 2475 5163 2661 3695 2784 9802 3930 6992 397 1041 7755 3391 6172 2910 5958 9885 5433 3829 5044 6737 8096 8686 996 2975 3132 8402 6026 4819 6100 4718 1330 
9076 4511 2207 7188 1721 4670 9436 5766 4783 3434 8897 743 9129 3416 8412 2483 4458 182 5127 1070 1905 289 4628 1191 7226 1685 8785 2212 155 3957 2214 3063 1187 8033 3094 3336 5608 5066 7952 1511 6699 9958 8030 2760 1642 7562 2984 6535 750 9834 7041 1989 8875 2771 3161 1069 327 3174 6440 4887 3617 5682 6971 3987 6253 6312 2543 4597 2777 3131 6043 5092 2186 8375 9932 8332 5471 2507 8100 8679 4999 5176 1314 789 8168 9015 5580 1329 188 7052 2811 9880 1057 5822 841 9432 6361 8973 8506 53 