1053 3802 9418 9829 6910 4155 1704 299 4388 9731 4584 4738 3822 319 1634 5140 1559 5715 526 8933 933 5425 7629 5595 9814 5645 4464 390 1183 1500 5563 3303 4158 2973 9190 6753 3188 6105 7326 4300 3689 5559 6004 7755 6043 2374 2694 3067 9878 8191 5831 9238 4284 4497 8331 7192 9446 1964 1661 1666 1076 5431 5498 8823 4594 9092 6284 8250 617 9298 6236 6006 7734 9419 6247 1093 7867 5126 7883 9076 1421 5532 5965 8451 3175 9018 400 8196 3173 2742 2279 4235 5446 2693 6540 4171 709 9397 3029 2762 
4821 1204 2369 1396 3208 1597 4680 3978 9333 4367 1522 7880 3192 5092 6993 6321 7603 4410 4080 5927 3531 8333 804 2258 393 2073 1187 2081 5994 8904 5004 7481 9650 8744 3324 1869 5248 9105 8907 8080 2980 3143 101 9056 6729 7329 9277 2249 3031 1925 5289 9358 3791 6075 3368 411 7614 1447 213 9398 1406 9383 8561 4599 4178 9212 9402 9861 6654 8166 6522 7002 8459 8894 4275 7483 1262 6719 8786 9587 5018 7417 1334 8340 1285 7439 3505 1850 1472 8723 387 825 9063 7645 7853 8444 9664 6487 8121 8764 
9767 4090 3836 8147 2890 7765 8609 6667 7988 4578 1706 251 9736 8839 9832 8415 9756 7413 2225 7454 4982 3782 9760 4126 2325 8160 540 6097 6430 6835 8028 8880 4640 1522 4400 2000 6805 223 4055 1323 3211 4425 6019 9675 6317 1265 7508 3050 8507 8307 1366 1031 2977 8119 2965 9539 5081 908 7822 7904 505 4852 2843 4460 2576 4108 4570 8923 5221 9652 5793 6686 733 1909 7735 9213 8435 5325 2973 2941 6964 6656 3905 2560 1649 7693 2849 1831 2169 6974 6905 7785 6491 4577 7975 9048 9628 3425 3015 746 
3105 1617 1478 9325 6654 1781 4577 9153 8417 3236 3209 1755 2946 4436 6962 8701 6904 3628 1222 6563 5410 1059 9355 6593 8520 339 1215 7076 9701 4726 3454 4670 682 8577 5406 8444 1811 2205 3329 6354 3363 5829 3275 6264 358 249 5732 5391 4230 2945 7251 9259 7548 4338 7012 8825 206 9249 6310 8567 1960 1416 7142 7066 8398 9556 3380 5398 1165 4146 7644 9730 6853 6560 5648 3314 5849 2928 1247 8225 8723 8648 5501 9357 216 3096 2163 8537 8924 8403 2560 2373 1528 5451 9447 7727 9601 4258 152 6942 
9653 3645 7820 104 5076 6684 3405 9557 9274 319 9652 310 5822 5737 8500 1998 6739 2853 1559 6475 1067 7444 2460 8079 8243 5 3516 1427 3763 652 3494 846 1781 4547 9485 4153 2163 7281 2542 9469 8698 4786 6383 9057 4472 8865 1871 2134 5314 6704 3962 1326 7164 2800 8726 923 7423 4896 2374 3263 5518 6791 1742 1616 8284 5858 9422 5180 6412 5396 1703 7688 8189 4361 4409 7502 3841 7613 2767 5477 5591 9630 4494 7341 1803 9305 198 5657 7001 2030 8779 4375 7788 8018 1609 2384 6597 8291 2856 1253 
5656 6477 7295 7428 491 1707 7971 8919 5309 797 5520 1561 1208 9211 3228 4388 9059 6613 8537 7144 2447 7314 1943 8767 5209 2986 1198 2000 3923 4288 6926 4844 6855 881 1386 5849 7152 2775 2594 6165 579 1960 4557 1256 2330 7747 2151 3761 6030 1524 6359 995 9478 1766 6372 310 115 5757 5235 394 6728 1299 2194 3463 5152 8619 7803 7688 2063 4822 381 7204 3022 8536 7612 2557 7436 5591 9715 343 3844 6795 8233 164 2784 594 1140 7208 1732 9481 4219 6628 1425 7592 4189 1914 7307 7466 1710 1805 
9505 962 4353 371 7929 9453 9511 3489 485 5884 6585 9290 6533 4558 2212 5543 2293 3769 8195 3638 5931 6208 3131 4928 4006 7919 6105 4103 1391 1565 2315 2527 1139 2666 2035 7217 4008 9994 9280 6983 6167 4834 3083 7361 3029 2657 7074 2444 3637 8270 2525 9130 4269 50 6473 4155 3492 3826 1236 5348 1410 2943 5792 945 805 7229 8151 339 7320 88 7408 9371 1514 3299 9193 5101 8589 4788 9589 4049 741 6607 302 1333 8628 8471 3743 5228 2582 6430 4108 1662 9402 6062 4494 6511 7763 3890 8826 6412 
905 267 7660 5095 8890 9128 7613 5425 5448 5243 3094 8358 8664 5871 5989 9617 3741 78 1148 3215 927 8082 242 2308 8117 2631 5742 5750 7859 3314 5319 5560 175 3596 6238 1314 4381 1092 2626 8120 3590 8978 8398 4436 3449 1405 5535 9443 9848 6471 179 6511 7282 7763 6680 7983 6672 2306 2766 4566 7197 346 3332 7810 6903 8595 7466 6331 808 7014 9098 4908 2234 8764 6970 8352 6476 698 1949 9637 4036 4905 1566 1781 1466 5675 8166 3852 5103 6692 7450 1475 2451 2744 8706 1534 1522 8306 4004 9845 
533 7000 9184 2370 897 4109 2669 3591 4179 5542 3698 2934 7444 3329 980 5829 1978 628 5592 6962 1212 2992 3561 3833 7625 6018 949 9916 2694 6961 5736 1212 8531 1690 6297 5345 5488 8119 5447 9098 8066 4930 1124 4870 3427 6474 5948 9488 3408 513 279 5810 8118 1883 3862 1414 2979 6015 2295 9643 318 9342 6697 8872 177 4513 1956 630 3371 3202 3317 5610 4257 2948 9200 9322 3207 153 8461 4416 3411 6728 4037 9377 8021 3906 690 176 7935 3971 5138 6506 3037 4674 4005 8785 1366 6709 8891 1507 
6512 2373 6289 3864 6557 1887 6473 1459 7992 9153 8607 7651 6733 8304 3507 6532 9840 5856 2035 5299 8311 7339 7336 5103 3184 9463 166 7828 1569 4445 219 3737 5279 6947 3666 4314 3460 5162 6016 5798 7429 7839 9085 7489 8087 4514 3770 3365 7587 5427 4110 8493 257 2350 3677 4463 4740 2914 9206 9004 6982 8906 9291 8216 5469 5299 3600 8213 1846 1757 5707 9923 9418 9293 5627 6269 8662 1894 3 1867 4351 845 9766 8279 5741 6501 5430 4939 2329 1505 8835 1041 8837 5722 9410 4105 9169 4357 925 6360 
9108 8864 2046 6021 3994 8991 1560 4316 5715 8427 5339 9248 2977 8266 1834 8709 6608 717 9253 5320 2056 7656 7639 4315 7310 8261 2170 9641 1439 4608 6664 6587 8804 517 23 9708 6566 4275 3936 9947 5709 5535 2504 3110 4850 7975 2050 8340 4544 933 5425 2589 1626 5410 4603 707 72 5268 4966 4471 5380 8639 4999 6317 1312 891 6246 9813 7301 2709 380 5919 5517 4848 7957 5706 2330 1019 2310 4531 4869 5207 8754 7055 4979 10 4680 9770 3921 3388 2577 7447 1177 6261 3161 3484 1693 5165 2892 7178 
6503 1443 2180 8951 1338 9449 9611 1813 6545 9582 7187 6241 7851 308 4333 5090 8157 2643 1729 2608 9267 363 7269 97 8307 9870 6964 1853 4807 9450 409 1547 3835 2552 6014 8862 3331 7542 9091 3108 1819 2237 9015 3693 6563 3916 8040 2922 115 9000 5656 588 1217 2163 443 9006 9810 5380 2741 1704 2935 5913 6467 9261 6441 5025 2868 6579 123 9636 5085 7779 1742 3698 7117 8663 9819 1717 7730 2994 3532 6946 9416 3044 7032 4150 4765 8031 6479 844 5858 7721 8929 7976 7961 2742 8685 4662 4242 881 
3764 355 1240 1355 2008 7045 6071 4479 4424 9709 1102 6581 8216 9825 5020 4997 8379 1273 4665 6434 8638 10 5046 1218 155 3263 6944 1422 3305 5093 2783 5513 9551 6827 714 405 1085 7485 3138 5023 4241 1220 3297 9683 5738 4884 9261 4089 7926 8917 448 5765 2367 8205 2114 4665 2707 9920 4160 4653 7121 9239 3116 1639 8969 6018 1875 4448 4584 7574 5831 2988 153 9135 63 2385 5297 3524 5891 9316 2889 7137 2850 4300 7596 3588 9585 869 8038 9761 1420 1113 7663 6865 2572 50 3999 7181 6401 1711 
6101 8015 3083 9807 4129 5506 6031 5674 8711 4136 2967 5085 452 2835 7600 3704 273 1650 5005 3855 2072 5089 7520 6451 2964 7128 967 6203 3820 4027 3363 7809 8624 2051 4829 7311 8005 3867 4283 4078 6495 2496 4503 4798 5664 4037 5216 3107 9886 6704 3583 1799 9255 9395 5627 7480 5053 7375 8809 5912 6667 4820 2555 6630 6465 2195 8175 2219 9482 6397 6133 5586 2773 2038 7611 936 7399 266 3825 6660 7300 9582 7192 6482 3224 4963 338 2702 9990 9839 3780 6312 5258 9201 9346 755 3198 6053 3984 4303 
9843 9916 4660 6866 312 3028 1150 1756 2605 5326 1724 6091 1890 2555 6855 2665 2344 8981 5477 2983 4311 739 3360 1786 2468 6726 5331 5658 7772 4863 7314 8400 2110 9834 1071 9725 3568 4850 3952 1461 8951 6306 2277 5559 9021 458 8331 1284 4480 6437 1176 6791 4432 4339 6306 3035 2277 1704 2026 6847 5559 1849 6142 6878 5800 1684 9421 4802 7933 7334 3893 8510 5998 8434 7537 2141 8755 6943 4863 2766 5417 2486 9415 7565 6561 3490 9147 9858 9001 4800 4684 7313 6825 337 4656 9468 131 6448 2881 5964 
1680 4857 1763 5226 4567 1020 9503 3807 6833 5525 3591 2336 4059 9141 8477 9472 2346 2549 287 4708 3257 6909 3577 1207 5685 1083 1087 6995 1902 9998 3365 1551 1543 854 2257 7337 6719 3064 4269 8034 7433 8508 7687 4825 682 6733 3629 779 5587 8622 7057 7246 6458 1438 8065 7631 6233 8765 6273 3747 4272 2934 6110 7603 157 1141 2379 4916 3445 2210 6056 2358 2287 453 7838 2097 5747 914 676 6291 8933 1173 4574 3134 5634 6798 2004 4388 822 1685 1120 9139 5314 1125 8894 1183 5983 5572 3271 4728 
8707 5323 5560 2348 7420 7895 4272 1167 3831 8157 8565 7645 1892 5516 1783 954 8176 4874 7187 9019 3519 2462 9928 1971 7410 7445 3123 8941 2032 9270 9569 3107 5920 8446 5030 2967 5927 5404 7805 6925 7477 4870 1404 639 5693 5290 5546 5550 3242 3257 6781 3398 5313 2264 2401 1775 1315 4019 4365 5703 8521 100 3983 5427 8675 9392 4259 6169 511 2395 1776 2678 4789 8764 7680 1473 6211 7291 7108 7594 6427 323 9933 545 2640 7815 2001 6224 3853 9697 5034 8290 1522 600 2696 4093 9682 1820 7107 1898 