1045 2599 5349 4067 9278 5899 2575 4275 1928 4906 3761 4180 2894 5633 3188 3225 1525 396 784 765 7702 8169 4818 426 2197 8604 4691 6578 783 1685 9724 9631 6648 6355 8943 2785 3240 3300 7945 7690 1746 4294 73 5696 9246 3884 1915 990 99 5599 1041 2419 2177 1696 8543 9305 4730 4320 9927 9456 2087 8068 7582 6247 2499 9865 4051 9954 6506 2681 1752 3448 1270 4630 7634 6480 4050 4661 5621 3326 7818 4403 1967 564 1689 1921 5398 9645 3060 9801 5821 7792 2694 6430 7017 9220 2570 2977 8629 8651 
6189 3994 455 7598 7665 4221 688 1893 8782 290 582 9238 3977 7166 962 5682 8555 5623 3438 6675 1951 6624 105 5471 7301 6720 4893 5804 3730 3772 899 477 6843 9567 5272 2203 1704 3308 6844 6750 2013 7127 5680 7495 9582 237 8746 1179 6247 4459 5115 75 9310 3031 1081 3559 5102 323 9986 3190 7047 1946 8417 6612 8546 3923 978 6453 5430 3248 7189 9514 9747 2585 1406 2859 2003 8332 3575 1576 3650 8272 7912 4189 7482 1024 6176 431 5163 6359 9517 2375 3910 1343 2493 563 1979 7227 5656 5346 
2996 9411 1720 5896 1784 596 6451 4196 5983 5265 2417 4905 2827 9847 7592 5280 6372 3884 7658 7506 4123 7315 2595 6932 2833 7353 4462 7419 1018 3377 9301 8977 897 5982 7314 7894 4733 6483 8368 3614 2377 1297 8816 603 4199 2727 1174 4701 8484 27 3692 7327 7961 4174 3461 2834 3984 8478 6714 4485 2725 9912 8963 4721 5057 6371 5964 6995 8435 2981 4978 1082 3822 5371 1658 1020 8909 2162 3044 4201 8919 5337 6719 207 8034 3705 7433 9532 1076 7687 2958 7774 9373 6092 3904 4525 7552 1217 6773 7774 
3474 9757 2601 4515 47 2805 9687 2539 377 5046 327 375 8257 1479 7098 4742 8014 2303 3719 7498 643 1081 6990 4149 5130 842 9219 4306 9412 5775 4051 5641 7570 2505 2572 4756 3214 8512 9863 3449 4987 9475 8089 4718 2563 1423 6437 9621 1369 2915 6325 2065 5773 7371 8527 3462 4831 6931 9061 6445 4171 6692 9660 7058 4039 3144 8607 4348 4670 950 783 6699 2095 7563 4726 8571 6000 2629 3660 173 8490 1119 9727 1365 9958 2014 8108 7312 1116 3463 9761 7328 2652 5321 3429 5419 1786 9619 8810 5501 
5804 639 8134 2145 1807 9693 5077 2793 5936 1381 6586 3236 6950 9619 5649 8351 6904 648 1734 7477 3317 2834 6322 3612 9382 1960 1395 9481 8530 6881 3635 5041 1141 2889 4370 944 7181 9563 4365 4410 743 2940 7508 9821 8663 1075 465 1003 2560 7335 4187 6838 1490 3216 3264 7243 4362 5217 6155 7656 3223 141 1464 8888 9960 7153 2639 1908 4252 4898 6364 3208 3978 8515 8018 8444 3976 1970 4296 4774 8709 8269 3072 5812 1187 4960 3404 2440 2707 6915 4439 2038 5658 8603 5053 8694 3562 8382 3300 7441 
9031 4357 6395 9589 4542 5050 5275 7551 2756 3782 2263 9065 2465 4062 6809 6053 9361 763 4069 5402 4810 4719 7980 4853 5631 8287 753 8227 3764 3041 4691 7860 7097 1594 7911 4837 7985 3492 8906 376 5247 68 6670 4170 5552 5670 5256 1063 5575 8316 1890 9876 6604 9626 5421 6641 9913 2053 8261 5169 7826 1872 3308 5022 557 4471 2559 9661 8132 7305 6985 4893 5707 2988 5124 4244 3952 751 43 7615 5039 4570 7611 2216 3614 1960 690 9112 2810 9173 3660 8071 5559 1268 6142 1450 7756 4245 1684 4200 
9207 1286 5457 30 6667 9107 3555 667 4411 4299 8672 8163 4607 1685 845 34 4188 2788 3606 8847 7651 3011 3997 7222 4604 6997 6739 7509 3481 4991 6206 8565 2768 8931 5913 8850 4341 1807 7823 5668 8436 6159 7719 2190 4817 193 11 9697 3913 7155 5045 2277 1492 9973 242 891 3730 4179 5325 2106 5549 3216 9990 4554 9881 4837 6978 4811 7635 9312 1418 6286 826 8431 4851 4489 4841 7644 6120 7696 4904 9677 9500 9558 5943 4337 331 2921 1495 431 3244 542 2556 4337 6975 1152 7503 5899 8344 6668 
3543 2788 1240 3599 8817 6833 9451 8376 2776 140 5059 2050 5749 2906 1699 63 78 9410 8704 8103 7108 8665 8933 1220 1645 7038 7190 1342 7726 3130 1551 3700 2083 7132 9361 763 9942 7500 4719 5030 5631 4691 4837 5247 3272 2665 1185 6022 6604 9626 9913 7826 2187 4780 7866 3981 923 9078 6980 3267 2220 8048 7731 9131 9755 6805 9598 5065 4938 5536 9117 2001 5044 5604 8590 3534 7953 6950 4911 4275 5584 4295 5872 6098 5153 8855 4070 6156 7565 9271 8483 5643 4767 700 9586 2151 2940 8822 5113 7200 
8972 8309 4592 9138 8431 4286 2395 2066 111 2363 1824 8572 7975 4962 5235 2643 797 3417 4758 1701 6852 4021 7730 5377 107 1962 5093 4898 51 4730 9466 5926 1486 8899 963 2872 6292 9645 4069 3437 3031 7865 9339 1576 9786 1908 6285 4494 2265 5045 5291 6963 8253 5253 6876 724 2069 61 2389 7142 7066 3939 571 2201 5306 3545 973 4205 8368 4263 8424 1450 5129 1266 4169 8331 5514 6832 4635 3697 4963 5945 1525 8132 5842 7367 6283 3253 2742 966 2775 820 1463 4319 2336 5793 5035 721 3374 3670 
6998 2641 210 1563 6817 9917 9059 2721 1063 3295 6965 5209 9964 6230 7416 2629 1058 2052 2499 4351 1164 6322 1508 6380 9382 2117 499 8530 1950 5041 7822 4370 3552 944 105 7181 9563 8576 4365 6414 743 2940 1529 9821 3480 1798 2379 5391 5076 5037 6679 5601 6018 8184 9270 2245 8997 8392 2276 1340 7011 2151 9735 2937 7851 6739 1593 6674 1080 3217 2710 869 7169 9210 913 8204 8619 1961 9414 8306 5697 9226 8179 3271 8747 4868 2823 2985 9372 7557 8556 9412 4913 8261 6070 4232 1469 1646 8816 6775 
5219 158 5078 6832 3593 6758 2926 2880 1831 804 1781 8310 3790 3388 6057 9215 9581 8259 8059 6927 8708 7933 7766 9993 9858 4185 7581 8751 4932 2006 6 3930 5867 1796 9795 7772 4917 9566 1574 5004 124 3960 3094 3929 183 3626 1217 4835 2941 2617 6190 1660 6449 2748 9092 2009 4828 6559 6715 4553 8128 774 7313 1135 9891 5865 7226 3415 7529 1380 1095 5174 2858 5182 8826 6130 927 7231 1611 5622 6699 9428 2328 6953 138 6946 1824 3015 5191 2349 7442 4431 2374 6624 2979 1932 1171 9162 7285 6655 
8891 280 3804 3859 6251 5228 3050 5656 6577 1359 588 9077 4789 4872 7349 185 4188 6460 5122 1204 2711 7439 4712 2633 6129 4583 3269 1607 1746 3962 2126 5649 5472 711 4386 2250 1468 7953 1437 8228 3792 7581 4470 8726 7474 7309 3105 2149 7649 7918 7018 4655 461 9311 9720 3792 3823 7987 622 326 5343 7395 4083 6481 8254 6817 4795 5587 4368 849 8326 9690 6841 7137 7572 3372 1690 1065 9947 687 5365 2206 2215 9230 5180 8878 8485 7664 6719 207 8858 3705 4701 3610 1076 578 7949 9413 7872 9608 
567 226 1578 762 532 7896 1500 1277 1999 7309 6757 6092 6383 4395 7473 1375 1527 4083 4729 284 6767 8759 8538 4471 6265 5998 5095 9454 330 9278 6793 7368 4257 7847 9615 5141 1550 1673 7983 9937 2798 4970 4152 9064 3626 9803 906 4553 4520 6821 4919 1050 2306 6080 2258 3453 9365 4300 215 9943 9290 5469 9622 6859 3774 7155 8114 6366 6548 7167 7412 7667 7355 5990 2739 2411 705 7042 100 9257 3927 1594 9160 4022 905 1566 9372 7511 905 8668 5039 4189 9991 8636 8924 1117 8904 3999 9689 9179 
2517 4015 749 8019 7318 1317 3877 4014 2776 7406 7179 1956 9696 9104 7858 9043 9093 4705 5338 2297 4127 5424 3783 1623 4003 755 7064 8455 1314 5945 4348 5904 1063 2664 1910 1692 4183 2569 4054 8903 3628 1043 3483 648 7900 9741 2480 3469 5116 895 1256 9156 4524 5261 2382 4175 3112 2438 8096 9133 2961 4640 5754 7721 580 8815 4156 4437 4445 4052 2973 5734 6454 7882 8863 9239 1202 6369 421 4541 4418 9091 6978 8659 4375 2683 4491 6013 7456 5553 7759 8661 7373 8788 8769 7489 2355 7952 4465 2603 
2142 8043 5427 852 5947 516 6611 1445 5660 3473 1626 3966 4901 9872 8708 2161 2556 5116 9540 9353 9182 199 8586 1582 21 3912 1552 2969 5026 9336 7239 3687 3149 4905 9005 3465 3486 7443 7454 2250 1178 8456 4704 3868 9060 4152 3899 800 3122 7357 2700 7386 7544 10 1705 4572 7261 566 7042 7118 1412 7241 5189 6975 1464 405 9456 7701 8699 6405 7734 6202 8458 9316 3893 817 8376 5051 2597 3078 8145 111 4645 6879 7042 981 7059 188 5858 263 5280 9107 8963 1117 8893 6764 3453 9948 3332 117 
8597 2994 6456 632 6111 7450 4895 6266 5281 9872 775 9557 4856 7661 6155 4792 3883 1773 4443 7143 1784 9568 13 3166 1576 5888 634 4059 1163 3411 7854 5864 98 3533 5054 9036 5351 4231 1102 3994 5022 2864 5701 3387 7964 5971 1267 8736 3117 9460 7426 7323 7516 5035 2654 5565 4581 7295 8314 7099 923 4567 5087 8474 5265 7056 6847 5064 6706 2168 4166 1084 8004 3051 7988 2247 5277 5505 8366 4444 2046 8652 4462 4450 4104 48 745 2474 534 1253 8567 2035 5548 321 7158 5790 7942 4778 9328 8190 
8813 1162 2961 2350 964 6614 4558 4296 4145 6241 2449 6986 9919 4874 1232 765 5072 8752 7386 6314 5291 6576 2855 6940 6859 4995 1247 5245 5218 9970 1083 4519 2395 7044 5145 744 6816 6959 8385 9906 1049 1382 1329 8067 7946 3428 71 532 1091 5054 8646 7667 1879 1283 9734 2420 3143 8840 1856 7735 190 4420 8452 9501 1008 1990 2032 9832 5274 5943 6757 4965 7245 1150 145 7894 3149 7194 2934 7315 1092 2941 461 8061 9925 35 6127 287 2656 9880 4633 6746 4632 9549 5540 911 2697 702 3465 1523 