1718 1697 9743 458 4658 5043 5076 328 6528 3104 7148 6525 9478 3541 9326 9291 1437 1180 7044 9064 6828 5212 8089 123 60 9300 1969 9280 1769 6538 2173 8197 9890 1181 5800 9496 8944 961 5881 4379 8358 5070 7895 5242 9978 508 2660 3573 3334 4295 6226 9623 3923 8235 7391 9775 6472 6912 5699 5458 5144 9440 7641 5167 3835 6584 9320 6471 723 1602 5594 8464 8409 6105 1272 8417 5964 9651 2489 5137 7454 5008 4727 6628 9066 5070 4295 394 6283 7162 8361 5692 2135 5941 8211 9478 5593 5289 708 8987 
2871 2524 5917 1058 6955 3652 6785 3497 959 7568 5997 5304 8429 4383 3745 9525 8515 6472 1970 4594 2662 1015 3776 8090 3720 313 2325 2958 3425 6176 110 6608 1891 4211 4851 6001 6752 9169 8240 5564 7385 4844 34 4722 821 5853 2940 3413 2710 6345 763 2947 6753 9619 7103 6728 1783 1998 3445 6743 5590 121 7896 6372 2549 8378 115 5757 5235 3216 405 2455 1517 2072 3136 6728 3700 8856 7417 7233 2012 497 1946 34 958 1353 6098 3145 4820 8394 2298 2188 2699 8696 7716 4786 5708 7374 4716 739 
6491 2362 6910 4514 7050 7866 9885 7983 9997 1575 8888 1170 3495 6426 7042 9375 4854 950 2121 2959 6819 5783 8240 8486 546 1542 4078 245 4959 6962 7247 5633 4128 790 1404 5047 9403 714 8617 512 9477 3485 5829 5867 2612 3903 7184 545 3426 4892 89 4517 9127 8789 8112 7869 8230 61 5980 6401 7611 9198 7118 5109 5906 7660 4424 7387 2991 4265 3478 7760 6616 3754 4519 8912 9891 3349 1299 7149 4503 3872 5448 4413 1369 8664 7711 6213 2988 816 6183 2948 3562 451 5166 3832 1281 8718 847 9987 
2843 8006 8457 8414 2675 7173 4377 9645 5533 2622 7212 9339 1576 3009 6285 8581 6736 1217 1026 3056 6598 9051 3150 4753 4207 6014 9139 8743 2150 8055 4456 4959 9050 6185 1075 854 4201 7212 7337 3064 4269 1395 8034 6798 4395 1375 1527 4083 6814 4359 1788 5728 6659 2157 4194 7987 4471 5998 9454 6423 3478 4469 6994 4570 6828 5906 8115 8912 9891 358 3349 897 7652 5043 3127 724 7325 2507 1366 2928 5980 9237 9418 5039 3272 9754 7897 3614 690 3976 3590 3574 5535 4031 9443 3587 3684 8365 1887 7019 
9495 5932 545 4691 945 4604 542 9302 1500 6745 5542 4223 1428 7838 9366 8663 8219 4119 9762 7705 3532 1251 1783 5913 8542 2482 1881 4746 487 4657 2815 4799 6218 7001 5066 9381 5801 1017 7041 9324 306 6027 5408 1158 58 4577 1472 7542 953 997 3304 7715 8010 8839 3968 2211 2948 7184 2310 3448 8764 622 1767 1710 2477 4455 5291 2504 9259 5117 5406 7730 7667 6784 2713 7048 7548 5601 9683 7661 5655 2404 1514 6804 4963 6095 4598 3682 6784 6195 316 7339 4915 894 2145 228 6434 6058 9706 847 
481 15 5063 5147 6952 1572 6640 954 9557 6047 4019 154 6795 3440 5169 167 1265 6225 3889 4362 8741 6798 3318 8538 509 4004 6472 533 5636 6690 3108 3841 4788 4192 6207 4041 9129 4915 1753 3344 3584 6435 8560 9824 6347 3671 5109 2697 1450 4166 8127 15 5076 1151 2514 1179 8850 2706 8410 7420 7403 7435 7098 3873 3781 1971 3749 1280 1508 9 3826 4862 7613 8312 350 1618 1873 9733 5300 3253 1270 5004 4349 7522 4225 2727 1544 5760 1278 5814 7466 7730 1162 501 2434 1262 8855 9109 8298 5000 
691 2630 4176 2734 9913 1526 5380 1233 6191 5376 6596 4015 3254 7206 4727 8214 6980 2220 9733 2632 8868 2786 6805 4142 9598 5065 4144 8710 9111 6167 5033 2794 8322 7674 2023 3828 9507 4395 4644 7590 6452 5943 1431 9636 5827 6974 1301 9698 9040 6600 1152 8490 8426 5051 1267 7304 7117 4091 4331 4467 3066 9266 6742 6771 9723 1386 8640 2601 3533 7796 7709 9847 3526 4442 3696 1412 5 3516 6024 8611 9342 6142 2597 482 4202 7877 8840 567 8767 4166 8720 2589 6739 4968 6373 3366 6748 3503 3848 5515 
3160 5692 6173 9253 8512 4789 4962 8439 9168 6082 2219 8724 4521 1747 8136 5967 7079 165 7546 3188 7507 8695 2626 2777 2025 1690 3172 251 8828 6362 713 6844 4588 9171 9659 3849 5162 4830 7671 7895 2201 63 5469 8474 9294 5858 9640 5642 9645 8336 695 5337 3024 6040 7300 8262 6649 9058 4157 1077 7047 3319 4942 9192 7878 7487 9528 1556 5129 1459 4169 1284 5921 6480 9044 7072 4825 2933 6389 8016 3015 1371 5954 6920 3771 3232 5085 5827 8257 9746 4179 6118 5542 6670 1742 4223 1428 3698 7838 7117 
9366 4110 8663 798 8219 5242 9819 1717 9762 7730 7705 2815 3532 3278 9416 8453 6234 7032 15 4150 9368 8031 6479 1342 8955 528 1074 4466 8237 8072 2560 6978 8741 7220 5306 1751 4341 9227 5733 8097 7839 3120 2272 2749 7324 1982 8638 5639 49 3143 2275 9987 6617 2736 293 5722 551 3311 4989 9116 6470 5108 9104 1470 4215 9161 7718 1523 3163 1510 2963 9968 159 2358 5909 6369 5397 9464 908 9395 9553 3072 2029 7491 4556 8908 6499 1336 2587 3547 7532 6988 8464 2811 2406 2509 4707 2211 4319 8107 
8006 9870 8815 9960 5685 3361 2639 1908 4252 9554 3668 6175 3683 4742 4575 4288 6390 9885 5207 6724 6652 5225 5945 162 9035 8814 416 5908 7995 4944 6130 6493 3824 7115 6351 4728 1660 5592 1703 2958 6509 8985 9095 5740 4387 7185 842 7737 1561 5120 5175 5273 8861 4842 6110 2447 4648 5449 7370 2875 9451 5275 1895 1976 786 3385 9188 4349 447 5474 9835 5066 5100 174 7029 9915 3329 5915 9716 1750 3013 7338 4924 2062 9510 5056 1836 967 1127 8161 9836 6937 3628 3644 8287 4077 4987 8312 4887 1294 
8646 271 9558 7867 9549 9127 7380 8128 5351 9889 9134 2347 206 1427 9155 8560 6748 7700 5220 1477 2958 6561 5247 5329 597 2301 9369 9241 4905 4975 1393 2391 4908 8411 5296 9208 8477 738 1944 986 7756 2523 1124 3427 6817 1646 4810 9880 5186 4066 7978 4229 8345 4648 5432 9598 5322 4799 3083 9595 236 4675 9367 1310 6664 1791 2458 3723 2711 503 6791 6391 1390 2921 8855 2431 8333 6726 4003 1430 3259 2506 527 3397 5425 7703 3128 345 2871 7268 4301 9689 7714 8094 5097 3848 2685 2078 8198 8338 
3338 4112 7066 1342 1726 8265 5642 2564 4041 8086 8484 1482 6651 8059 2691 2920 5821 2969 676 8073 1469 3486 9759 232 8841 7003 5088 2859 3302 342 1303 6929 9156 8107 9837 5589 5220 1887 1677 1833 1064 1881 3616 8282 3221 5817 1360 3247 724 1482 7528 3519 1599 6521 573 2742 2370 1183 8966 5925 9209 7515 7277 2810 4218 6692 7694 2744 7197 4209 8637 3004 3946 8474 677 8655 3778 114 3048 8890 8465 6152 438 2737 4713 2135 3351 960 8741 7030 5362 3277 1145 260 6362 3918 9400 5953 2528 8215 
4277 4250 517 9748 1067 4854 7029 1785 400 2156 273 830 1618 4468 7084 4448 6087 1607 345 7503 1972 7634 5815 6429 7221 8303 6449 7331 4991 8535 2315 2894 5939 909 382 484 3919 665 5885 6476 2132 149 824 7278 951 7282 7255 7256 8389 3441 5935 124 4206 2896 2548 3981 731 5746 7704 3059 1766 7685 2606 1176 1376 2221 2477 595 2332 2663 5815 9980 8790 5120 3248 5259 3029 5306 9760 7496 4227 5791 9903 8058 6772 3740 159 7791 3021 6573 3025 8869 5641 1671 3100 3551 2245 8864 9754 8058 
4266 7564 1713 5593 4304 2808 2451 4431 270 1728 9846 7183 7275 1177 8840 7118 4575 7004 5560 175 7176 4652 4663 6320 7952 6543 486 3396 7356 8978 259 9782 8398 4436 3449 5535 9212 9848 6471 179 9157 885 4745 6182 760 545 8319 227 7954 8785 944 2904 7181 9563 6414 2940 9434 9737 7429 8115 2324 6202 3273 7951 1043 346 1362 8299 6980 8318 9346 1637 1641 9603 8868 9726 3753 9659 9891 7215 31 5768 4242 1509 3565 4248 564 4571 5793 9215 7534 5631 7831 3344 6435 3845 8560 1352 5109 2919 
2658 1218 1103 155 9812 5284 2949 2072 213 8432 3961 6873 2410 4573 2191 1267 1424 5889 6954 1413 9348 3633 4728 600 8275 3601 58 6032 3665 6832 3593 7159 6758 3578 2326 1831 8420 2873 6057 2610 5079 8059 4360 3532 5184 6181 9109 4491 9251 7933 7879 7766 3990 9935 9993 5502 5926 9858 2310 1789 9266 3220 8493 7215 8377 19 4932 5775 9941 275 9795 8462 819 597 1685 9490 775 2273 960 2825 8692 9122 8413 8334 6535 6244 6155 4932 3913 6491 9417 373 7656 4355 3756 4969 2544 3969 9618 3603 
6338 6527 5690 732 3309 3590 5380 8978 259 2735 6590 8990 605 7652 7645 5576 4953 8982 9342 5265 3778 5210 3924 1128 4747 612 3164 3206 8540 7492 8431 790 5883 4033 1525 788 5435 7389 6905 1007 9891 7108 704 5893 1875 1761 1853 5575 2608 3380 3449 8909 4147 2162 8919 5337 4026 3771 5558 3919 8935 5188 7532 3003 5847 1582 7140 866 5027 3814 3751 9053 7635 52 2575 2244 653 2058 1074 2453 1635 3846 2011 1584 6875 6396 8044 8687 7952 8193 2037 3672 1532 3543 959 8983 9187 5704 2824 6869 
6751 8118 1527 8174 9777 9523 5740 139 9420 8150 1862 6531 2771 3729 4520 5664 3948 4267 9547 9947 273 923 7866 249 5950 8085 1860 8906 5068 5642 3227 863 7772 7794 1564 9104 5395 7450 4695 716 4721 9991 2385 6749 7070 173 1246 2118 3681 1902 6423 8118 8816 2054 181 1520 8319 3173 3444 2626 1431 7566 5772 2012 490 98 246 9503 14 5675 9174 8732 5027 5811 6449 715 4333 288 8440 6776 922 4261 8286 9870 7280 2970 8160 2883 9604 7548 3583 2979 8850 2091 2902 4810 6116 6086 434 1940 