3863 9061 8230 9852 9665 847 7283 4885 8879 4860 3452 6910 9906 8441 1858 2588 7750 2743 6664 4199 763 8106 8306 894 5812 9413 8237 2695 3875 3570 2947 9744 3716 2468 5710 7020 8377 9634 1290 5141 5207 8007 4981 7043 7897 4521 441 9504 2555 1888 7478 4906 8872 3600 8164 5980 4599 6984 1080 36 6822 7325 5098 1046 4074 6992 3526 9800 4000 4898 2382 8003 7571 807 1365 5844 1564 6485 1059 3776 3735 5217 3264 4121 7486 5168 9215 8953 4739 4967 2340 5376 274 6062 4998 3947 2602 154 8343 3181 
9069 1638 4838 7971 6526 6310 5065 6720 7640 7010 7106 9302 4758 595 1859 578 8437 4069 1395 6749 3207 4902 3692 5080 7788 8779 9691 6374 4487 291 7903 8658 3688 3620 8584 9013 2609 9321 3689 8777 4756 3877 2239 1252 5336 1693 1078 6612 1741 7120 9650 509 5172 8207 5569 7411 6784 6540 9550 4110 7341 7022 9138 2410 1719 3991 5658 5252 3546 4398 2608 8622 7279 5539 555 101 5108 6511 1688 3308 8767 1089 5649 6197 3291 2798 2237 2208 3016 5581 8923 6443 1135 6578 3251 2989 8685 5962 9678 9338 
9207 7359 3206 9782 2068 7218 4594 397 64 469 1933 953 2664 7006 8119 517 457 7388 3692 4704 557 4646 9719 2457 3660 9480 776 4316 3957 6568 2086 8363 3127 4539 9772 1003 3654 6045 7734 8110 5188 5224 1304 7273 7440 3601 4452 56 4551 9781 9150 8995 2636 4815 9926 4110 4987 2431 1008 4902 9717 8356 6268 1477 1936 9549 2414 4391 5149 885 4136 9640 357 785 5906 3596 8890 7706 4280 3478 9498 7899 4519 8115 8912 9891 183 280 897 6473 5425 47 98 7915 9724 5314 1924 1301 3301 9352 
2017 1957 2726 2957 3749 9389 1137 7889 6463 1802 7931 4904 562 8273 5842 5426 2559 7044 1811 3264 9082 8917 430 4227 6072 2807 852 3057 8769 5577 4074 334 1316 6993 6321 7603 5484 8917 5982 7715 336 9921 255 8904 8486 9849 1353 6101 4520 5967 1881 6306 9137 9856 7185 2699 9494 574 9568 35 7762 7374 1958 8884 3139 8855 3641 1304 4549 410 4961 8832 4828 8079 2631 472 4101 6095 9172 140 1887 130 9924 4278 3472 9379 2024 9214 6894 2816 6042 3568 6029 3346 4004 1756 2359 2810 2665 4912 
2089 8546 1720 9932 9800 9346 1268 7535 7682 3499 3505 8479 7472 5544 6268 7459 7731 3118 6749 7698 6293 9555 2582 1733 5544 8701 9394 1778 5139 8743 3985 4228 1411 5747 3455 6614 6089 6119 5747 510 6649 317 9058 2372 3546 9052 6149 7915 1511 1407 7993 7108 4866 7684 6807 9692 3704 2589 6067 9461 5514 5055 6832 3851 2714 2598 1343 6457 3637 5477 9630 7339 4750 3796 4172 6613 3379 7421 5865 1920 6418 6943 2815 6909 1582 7118 2589 4307 4000 7922 7300 8540 8743 9379 9614 3359 5989 8445 7175 8187 
1517 1839 9560 8522 6858 1459 7308 7461 5518 620 447 5352 8659 8779 5129 2768 1441 458 6067 9461 5921 6480 9044 7072 5277 7585 5006 1847 8800 7515 5242 6680 8826 2306 9820 4566 6289 4097 982 8279 2758 6904 3628 3115 8884 5658 1737 1356 5410 1059 5762 8520 6304 339 9093 8791 917 4223 9366 9876 7212 505 4963 7795 9282 9856 2196 5780 2588 3739 8747 2767 8073 1735 3847 794 1030 7961 2744 4697 4641 3232 251 6162 235 7676 6668 2797 8092 2035 9507 6709 8544 2749 298 8045 9782 5371 4691 2862 
5957 3794 1146 5956 1854 1953 9476 3829 7634 2802 8155 6361 1334 7442 274 5240 5635 4211 9849 4826 3221 4587 9641 8851 4091 2632 6726 4733 8722 3816 5658 1055 3528 1227 432 8947 6151 8005 3331 2513 8868 5896 752 3557 2046 2760 8721 8051 4840 1944 2116 7183 9607 788 4557 1253 3006 1716 4196 3107 7058 4241 8652 2173 6783 6318 8859 4175 3799 4184 9272 6984 85 4821 7946 7996 2887 2311 4357 7044 7441 761 5572 6796 8904 1946 6111 7048 3862 3614 8374 838 8821 2863 7370 6915 2359 892 969 1195 
2246 9243 2656 19 8302 7781 1921 9918 6400 3975 7786 4853 9512 8382 135 6447 69 7053 7357 4311 3206 6525 1167 5624 8010 41 5596 9062 652 6460 9757 7236 5511 2717 862 7985 4556 8986 1641 8175 6002 9837 5051 8108 9607 5327 9883 8575 6264 3913 7905 3026 7285 1222 2788 3920 6201 1312 9616 8429 4673 6331 4551 8624 237 5849 6950 6700 944 377 1424 9394 3283 8510 967 4341 1092 948 4367 8057 8652 571 4147 4994 4711 8014 4964 3022 5407 8261 7174 1270 747 7622 1087 7210 3379 9891 8562 4844 
4599 3894 426 7841 4232 9311 8785 1830 8099 9205 5870 965 2382 7247 9149 1795 9130 9834 6633 5004 4383 3596 9545 1778 7349 3360 7303 9471 2403 9650 4362 5578 1765 594 542 9331 9043 4625 6787 3684 7467 321 8829 1163 1652 3565 7647 4729 975 631 6110 3012 527 8953 9926 6232 7573 4887 7248 7256 5863 3193 5983 4954 5308 6207 1454 3126 5068 9075 8080 7340 4350 4246 5164 2412 7684 2952 7212 4395 8263 5776 5447 6813 3306 9851 1724 1133 8972 3312 9852 8066 3007 9607 8600 6255 8963 7564 7730 3483 
793 7244 1998 3542 2271 2733 2012 9809 2255 5819 9346 4792 4847 9701 1795 9407 1558 3431 9129 4930 4274 7467 1693 1394 1748 6436 4596 5418 5019 3537 3136 3272 3426 5777 7058 7381 9227 9873 6669 6251 1745 576 4266 2801 7150 7374 5866 8549 9287 5353 4624 5580 4130 42 6317 8571 781 1867 9540 9788 6413 3236 8816 1284 4436 6962 3349 482 2135 4299 9537 2742 6225 6927 9576 5049 7023 3372 9695 1065 7689 687 2206 1626 530 4734 3528 9659 6283 2175 7434 3654 3050 4991 3408 5346 4736 8096 6029 3935 
5981 2500 7684 438 3993 2272 798 7542 15 5530 9536 1235 5065 2912 8080 522 1612 1531 4237 3161 177 4375 3291 409 3885 6234 2819 9647 3632 443 7368 5017 9888 8375 4199 5856 866 4497 277 6725 2745 2026 7696 9365 368 6094 22 7422 4350 8082 3740 3785 3146 7463 9799 1488 718 6104 904 7575 5441 4070 6871 7624 112 2613 7556 3469 3110 1154 5262 6248 246 9276 2707 4692 173 2904 5014 8676 3283 3206 6424 6848 4662 1545 1128 1587 2400 5456 4772 5430 2228 99 6156 3053 2753 2227 2381 1958 
102 9641 2695 1511 7237 2454 7375 1562 4465 3430 7348 4384 8634 5383 9065 5598 8193 3306 3335 6887 2305 5291 4751 2944 2085 6052 8665 943 4349 5083 5746 970 1742 3983 914 1426 3403 7767 6596 2964 4900 4878 3639 5151 6240 2729 8438 490 117 6489 3430 6943 5228 2398 5804 1007 4655 1402 4864 9000 9007 8700 3947 6778 6386 8543 297 3605 6909 8090 2545 5096 3944 1021 3820 4521 4497 8659 7518 4040 8380 9671 8332 8822 4962 4960 4594 7961 4075 5965 1740 896 8127 6483 6102 6585 8091 5777 5948 9640 
5754 9 3918 836 1263 1717 1553 1585 8177 8906 2721 3350 5636 2840 4946 5556 7243 9921 3971 5165 2293 8820 8522 8315 9492 6175 4438 4148 6841 1612 1719 3780 7351 8284 9097 3996 8635 3536 5800 2185 3424 14 8543 1602 6930 9089 6254 4318 5027 6377 5752 295 2557 363 8625 7220 6268 5246 4223 7736 3140 7020 9559 3382 1201 8650 8012 6606 7468 1557 872 3516 4859 219 5275 913 6372 7687 2918 743 9595 1089 6374 5149 9296 6412 9743 9093 738 3182 9079 7728 2703 8734 8030 7897 8025 8359 1574 8071 
6557 4655 8181 2936 9769 1273 9829 5508 1998 3742 9385 7609 1522 9211 3868 8056 6931 6430 3948 1937 6035 9572 7622 6798 6299 8786 6783 9412 8028 6529 6480 6751 499 5835 2998 2410 8434 5374 7382 6308 8893 5813 8982 4264 6558 560 2243 4255 6060 5904 9179 1355 3644 1624 1281 2235 6431 8672 2632 8957 344 4063 535 2043 1030 9671 6532 9066 3509 1575 9467 9 3029 5339 624 5513 392 4427 945 3644 4492 3622 9249 8398 1982 2667 4865 7229 7730 5758 3054 2152 255 2282 5887 288 6687 3781 3957 62 
4653 11 4279 919 4999 8691 6442 6576 6288 8466 400 8964 842 833 9295 9965 1983 5096 7763 8648 1920 5639 3699 2173 1460 6177 8628 2507 8619 9880 8901 3751 9206 9874 9052 6134 8663 2711 7562 282 7694 857 7450 9735 9080 7804 940 1225 8556 7937 7850 9598 9041 9647 599 5561 1479 6437 7008 7555 1000 6393 6178 3266 3137 4473 8024 4236 6960 4841 6819 9428 8600 4975 2117 7447 7077 9688 5315 3804 851 2863 351 678 5138 6466 3581 9324 6677 4291 632 4441 5480 1975 4089 4023 3488 4461 4764 7078 
2126 7119 7561 6092 4805 2006 5275 1075 6467 9354 5001 970 2357 8676 2554 9065 3331 3915 438 8742 9438 9972 6832 5918 1676 1072 7109 1778 9497 9879 9317 5495 453 2339 5222 3654 4726 1574 4731 1221 9619 7409 5124 8582 7681 4998 5031 269 2178 6365 6928 4617 9725 9824 3351 2171 9029 9707 543 3764 4612 388 3514 5215 5920 4476 7650 1881 1643 3648 156 7859 5543 4111 3700 512 5912 2330 2388 406 5646 2379 2891 8692 4863 4310 3050 3630 8921 760 6034 7016 4805 6600 729 545 7071 6946 8728 5329 
8414 8055 1496 8088 7022 8862 1152 3315 8607 6041 9737 9559 9592 5958 9978 6010 9655 7133 5968 8590 3364 2120 9988 7409 7065 4707 3400 2790 9931 6384 7569 7447 7704 6731 1788 5784 5699 4552 4610 7594 7058 5649 4640 1074 1652 3246 4534 5103 1941 1378 3267 1264 7080 1525 1403 8485 1573 5510 1560 4909 5686 4736 4789 5206 6731 6446 2677 5227 8384 3508 4238 3639 65 7013 1109 6454 8427 7220 2660 624 7412 7869 5875 9593 1537 5149 8623 9356 561 8820 8220 1955 801 4328 2549 8513 2172 9235 1117 8436 