8149 118 4372 9895 6485 1583 3014 5652 1764 872 394 8235 3655 5287 9508 678 8531 5115 5485 9643 6677 1567 415 1773 4773 8225 9453 6639 2966 1724 4621 4229 3893 5892 8012 5112 426 7030 3623 8982 8645 1799 6779 6499 3794 722 5741 8799 7756 3977 4372 3983 6435 6062 9959 7942 8159 8913 1132 1437 7312 6400 3214 8757 4084 3472 9306 6549 152 111 3060 3903 8219 2212 2121 6964 1233 166 4847 91 2173 7532 4294 6812 9721 758 8019 1447 1842 4589 7596 4360 1981 1814 9751 1489 9063 2331 5589 8432 
8262 4275 8784 358 6139 5272 4478 9093 7064 860 1383 9749 8696 3060 6459 9140 6209 7141 770 4704 1690 4640 1508 6835 9722 4884 3599 3265 8853 7035 9651 3890 4923 2401 4346 4311 9834 8768 5648 3336 8638 8881 489 256 2907 2014 8238 478 6862 8715 9658 5692 2311 2220 752 5724 7369 2957 8240 8390 9966 2439 7396 8148 5166 3927 4761 4532 3537 8175 3265 1049 3230 7783 811 8453 757 6256 4788 9773 1082 8869 3439 3779 1213 3231 4115 4364 4803 3810 7436 9893 5921 2600 9028 6379 6218 8491 9177 7039 
988 2143 3143 5953 6370 9904 4606 3585 819 1270 6548 3006 3824 5379 7093 7174 6568 8394 8413 8399 1314 4204 5484 7068 2003 1689 1720 8131 1980 8189 4778 5452 3772 8896 4430 4656 7597 2746 9036 7509 1555 3115 4747 6887 8183 1741 1504 869 5149 2655 2594 9646 5685 2706 7274 511 4907 7995 2304 8364 9808 4744 569 1624 9440 5997 7572 2116 6841 7572 2843 9454 2655 5088 880 6583 2829 3829 1634 1652 8526 8765 9075 4978 5771 6779 6477 8374 3664 2408 7884 9526 9990 7126 9699 1085 4040 6088 5077 9444 
6495 9963 2010 8322 9433 7935 2139 1575 4754 7639 185 5919 4505 6555 8882 1298 770 6479 5009 7090 1844 6608 805 8416 8995 5247 3483 2513 6890 369 8420 7540 2178 3354 4159 6079 5990 251 4407 1129 6548 6925 596 6990 8810 1292 2197 4600 2446 4169 6373 8434 2888 4537 5324 4113 5053 2383 5116 8510 6855 132 8846 3720 5713 3663 4777 7965 3567 5937 1880 9750 5435 9333 4260 7995 9941 5932 676 7479 9704 4255 3176 7063 8706 7883 6306 5227 7009 3271 366 749 913 4466 7211 2349 3930 2021 3182 1022 
7464 5260 138 8802 1127 9313 2045 4271 8770 7168 6112 6198 6896 8080 2689 1908 7240 1491 3490 3438 86 8989 9232 3247 2365 3809 8739 9983 1518 408 1966 1577 9525 1985 7557 6838 7089 6802 6222 6275 1256 8890 5616 6932 4372 6485 7558 5652 3698 2171 6052 3121 5614 6121 3616 227 9658 4462 3590 1096 2372 3135 4663 9009 1347 6808 1278 9196 4943 2312 5391 4712 3639 4281 8378 6908 9630 9439 7072 9945 2917 4249 4435 1952 1388 9345 7887 8472 5742 7171 6961 1965 1789 229 8741 7283 4673 1013 3445 3912 
4989 296 7668 1233 6804 77 5640 2923 3948 2830 8886 7793 4265 8085 7829 2716 5788 3366 7902 43 8568 5043 2509 8267 5721 5180 9005 3238 7938 242 2225 9642 6785 8282 9273 6550 9054 1346 3943 6527 5356 4024 678 8314 6848 7272 3121 9073 8832 4713 6357 2829 2130 297 413 5922 7269 2483 3609 6378 9048 855 404 4027 4999 2734 2734 9944 2853 2799 6803 6374 6215 4545 3405 6085 3885 539 9090 4742 208 2154 702 6814 1874 8177 2757 4600 744 3654 219 502 9295 2656 9532 5866 7801 6423 8895 6631 
7111 7398 5883 2343 6473 9049 8297 4699 3579 7406 5651 7412 5870 1177 6707 8526 6240 4393 2474 2663 5702 9295 7318 4204 1505 2478 9547 4713 8243 3762 7341 7948 4417 219 3571 9273 5843 8354 9419 9533 2648 3227 6824 7596 4534 5378 8951 2407 7401 9174 2192 478 8036 8849 6131 4603 6117 5915 488 3715 2171 5993 1311 1371 1 4389 219 520 4822 9818 1984 5378 3042 3848 729 4368 943 794 3045 4757 9688 3198 8476 7106 6110 9088 4114 3230 6735 5622 2496 8400 2139 7986 8584 1849 1870 8870 3149 6561 
5180 8162 2110 8529 2127 3685 5410 9222 7951 8916 7678 4871 602 2697 9701 7895 5770 1540 2327 7988 5565 5241 3852 5584 4230 1175 1228 3277 2992 3937 8633 8186 7652 8934 2104 5171 4801 4158 9371 3309 4550 6809 4807 7919 1138 2713 2283 9440 1938 2703 4430 2880 9810 6068 9229 6496 6737 6620 2316 8903 1503 653 4695 525 6633 3074 5688 4290 5283 7703 6932 1352 199 3177 7216 4516 9487 2457 6080 8584 1622 2495 4697 8747 3838 5885 5670 1944 1453 349 289 4050 7604 4180 9431 8619 4502 1276 5675 6372 
6699 8678 6160 8359 6040 3705 9204 2049 4843 9076 3644 2020 8682 5860 1909 8056 775 2143 7276 6022 9771 912 5858 2734 144 3818 7718 9720 2822 3172 6417 9326 9130 3198 5434 5456 8935 7465 6037 2665 2795 6839 2590 4873 592 1488 4672 1980 4205 5780 1056 3739 9497 1463 4161 3943 2326 2297 7657 3823 8416 5461 9548 6867 676 8865 2351 6226 4491 5397 2162 6707 2483 7822 533 1365 8827 1790 2217 2790 1300 4215 4603 7200 1470 2997 9136 3627 7700 601 9847 4382 9969 7603 1435 3926 1348 4324 2818 7321 
533 1198 3812 3652 5682 6416 9258 5898 7946 9958 477 3685 3984 4497 9222 8149 1503 3838 4533 5682 6783 9980 5405 4830 9639 377 2759 6725 5823 7401 8018 2096 3643 6403 8477 1328 8728 8599 6725 3908 4444 9964 3528 7995 8695 4388 655 9697 3607 2977 1542 7211 1951 335 529 5275 4094 5768 7153 6123 2748 1375 7676 9977 8531 7102 8747 2320 9251 9911 1757 8854 314 6213 9916 8454 7395 2358 7963 4733 5310 1594 5021 7016 3153 1561 4730 2273 466 3886 8241 1736 5749 5674 3210 8480 461 9751 916 6002 
6842 5371 5666 1884 6162 4720 7326 6046 8630 4247 6033 1711 9953 2693 17 2267 2524 2812 2799 2925 3524 1367 9760 5143 4339 9478 9671 8546 7103 5954 5045 9078 7560 2309 44 3284 4034 3796 969 3706 9379 9889 5043 9098 4218 9015 7512 817 3359 9099 8399 244 1895 2134 3912 2434 1827 1471 6383 9870 2137 175 978 9167 5816 6192 1012 4433 5468 2417 607 6711 4238 9220 9817 6554 8150 1738 2307 6705 251 2546 6124 2123 6426 8480 983 9134 2128 1170 8834 2654 2916 1552 127 6785 810 6297 8405 3530 
7832 3572 28 1123 8232 3855 9176 442 9539 5782 6718 7821 6358 1826 8601 1523 6657 4952 868 5041 3293 3219 1955 5385 9251 5952 5244 6796 9595 3055 5832 563 8955 4607 1467 7377 4628 4682 2985 9282 7369 4168 7234 5166 4532 4908 911 3599 4412 8339 4352 6141 1106 4698 4596 4684 9461 7350 3324 4363 9356 7774 3632 4295 1483 3382 6075 4107 7023 7371 30 2563 3891 6961 3036 9315 8940 4339 9922 4257 7271 2221 3315 3863 3593 2508 8246 5932 3448 9929 5368 1181 3210 2864 2340 4882 7418 2601 2430 6910 
6629 6262 6133 2221 4233 4671 5614 3241 7136 3915 9407 1025 918 1836 9399 140 4071 8190 649 8166 3261 7055 4092 6210 5455 6062 8453 1183 1930 1724 3741 9450 7179 8777 3419 9097 9542 6577 8383 4599 2094 5530 9404 3478 3382 9149 738 5037 1805 770 6479 5734 9315 3772 1794 3977 9183 5610 6971 2588 9427 8190 4068 8941 4718 1321 2420 2068 6246 4393 7649 8367 3 4056 5925 2996 2754 2755 6661 7788 7961 2977 2183 75 3461 1878 8891 6306 1525 5208 3281 1349 4650 5161 91 6701 6242 4462 9001 4174 
8611 626 4148 1369 6282 2594 3118 1025 5738 762 7756 7993 6682 4308 1524 4027 1735 8531 1068 3464 4695 3010 6251 7652 2915 9560 1190 9827 6867 9855 9555 3969 2565 8314 1230 9111 8876 3855 3855 6350 1275 5738 7024 6480 5554 3739 8467 37 6115 9407 7417 6 2618 1744 515 6985 6768 2591 6606 2352 9272 7495 3467 2248 2955 3004 1863 9679 2650 4239 8088 3039 4216 9841 4896 8281 8905 2573 8278 1197 8924 5699 9854 6047 1406 7185 9121 5466 8026 2046 1915 7029 833 5663 35 465 4741 9531 9921 6680 
4230 7996 8498 773 4209 2671 8945 4521 3567 9734 6499 3864 5855 2614 6823 4003 7743 6971 2535 4030 753 2350 2058 328 8516 6870 8352 6798 7574 2897 8803 2206 9025 9352 5841 8565 9230 7202 9915 763 8967 6355 3483 6040 2049 7258 8056 8366 3365 6017 9427 3108 763 180 6567 6223 6690 5000 836 8335 4214 3011 3675 2132 1562 8670 4582 5215 8863 4798 3688 5634 1197 4536 9886 7491 6031 4515 6981 4111 2003 6622 4172 8463 6548 5248 7859 106 3982 8147 7205 2644 2594 5269 4883 8881 5701 7351 6840 4249 
8285 6433 8851 7449 1414 2094 7187 3729 6992 6921 1970 9280 9358 4146 1065 3542 1312 469 3221 8309 1870 7531 2449 7763 1855 9108 1976 9653 1472 4520 2796 5284 9439 131 7881 8920 1391 5821 2399 7812 5636 3838 8220 1017 7663 1493 8205 3833 5554 6942 9467 7605 6899 3657 7055 3788 160 7820 2940 7059 6847 6774 2723 2946 1358 3776 6040 9531 3841 9176 8741 9744 126 7521 7958 4509 6397 2381 7587 4165 7560 6259 3592 9294 3364 2808 3021 9627 1105 1567 5661 6290 6448 1852 3880 376 6119 9779 3901 7039 
242 8633 9500 9947 602 8911 4420 5738 3721 182 9501 5643 5823 6910 4051 5109 3349 475 8345 7362 2248 5084 6888 3877 8443 8559 442 7496 5305 9388 7211 9784 1775 8060 3258 7577 5294 5537 3735 540 8807 7694 9964 4069 2018 9384 6097 9747 144 348 2630 7261 7119 4461 6516 6613 8572 6868 4497 5318 2901 8651 677 4376 7221 927 2625 3156 8720 4038 7699 5551 5135 6860 5827 9745 9068 1606 4526 6955 2234 812 1503 6844 3286 3950 5557 7843 9724 5903 662 4797 9941 8361 907 9848 7208 6734 9594 961 
1200 1741 2647 1079 8823 4732 4709 9546 1731 1595 752 3485 3748 1725 3409 3681 8343 1231 2293 8319 1047 3401 57 3321 1302 9200 8600 2176 1578 8407 840 9518 1869 5019 9720 6395 1732 9351 5262 127 4080 2398 7417 1857 4738 5204 3677 7811 4428 8895 9291 3915 8028 5588 4832 7157 780 1370 9481 9651 2980 4713 1240 2316 1197 2589 5265 6278 2896 2377 660 3421 8743 8417 5549 8445 3889 1291 1457 8496 3643 3861 4858 8621 6813 2952 4223 2138 8699 50 7557 2988 3396 2638 2070 9099 8130 7952 2746 8915 
2160 8223 4167 5037 250 428 6679 6581 5675 4590 3261 3250 6210 344 1236 5663 4272 5681 8862 5192 9025 9880 6562 3752 2157 7746 4632 5302 9729 1437 5838 819 8564 2546 3241 6045 4717 5997 6326 1978 8277 9440 1938 6026 9342 4790 8484 5792 6227 4623 4379 5089 7983 1527 814 5678 7224 331 1062 9729 4703 379 2876 800 3193 4565 3267 1884 9155 8806 5134 2248 1867 9317 3429 1807 8477 8688 2449 8575 337 7832 3661 3563 34 9903 5477 4647 8496 4137 2712 8691 5888 5613 5529 6798 1028 1240 5588 5876 
4229 5788 2065 7085 9051 6082 3714 512 0 7780 2248 7394 7142 1604 2930 3669 4259 755 8477 5322 8000 738 4930 986 505 7756 8285 202 3601 6665 3427 8877 143 6817 1646 3408 8918 4146 4065 6090 2948 5608 9154 5544 7974 650 4200 8118 1720 4850 5129 1465 5627 7231 8485 3862 3016 3885 5417 8216 773 7839 3133 6804 4342 6800 6634 3905 6434 5805 7421 5273 9708 7314 8400 4284 9712 7256 8557 1045 9564 9657 775 9282 7690 1332 6338 4928 4108 6797 4172 2487 2013 4029 8231 6861 9276 4746 6840 5704 
8677 2723 1231 5936 1620 5793 3681 6207 4656 4041 9129 4915 1753 3624 5952 1365 7909 2163 3059 3905 459 37 2619 6773 2009 4152 1517 3442 285 6534 6155 7453 6424 1150 7232 68 6904 6943 530 4460 5354 5272 9923 9936 6901 7384 7006 7012 8321 1058 268 5517 4332 9387 1924 7363 1407 6782 5742 6037 5145 9444 35 9258 5074 813 8381 2493 8848 6713 6541 9880 4938 5465 9664 9166 1897 9014 340 5358 1881 8158 9442 1246 3566 8654 764 6407 501 9641 1777 3660 4179 3031 7558 4645 4290 3409 12 4831 
3642 755 7204 7887 4738 9687 1322 3897 3391 8008 6619 1669 7043 9646 6591 719 6735 284 8537 9245 2304 8313 6651 2677 9760 987 3105 1271 6160 1157 6680 651 4022 4536 1875 5658 2699 6375 812 9407 5746 6295 4267 3604 8140 2217 4227 8054 2256 9248 1389 1383 7794 8413 3648 7387 732 7099 8260 6798 6291 2151 3490 1705 9945 2012 4079 1506 2192 7433 1997 728 4944 527 1635 5973 6796 6070 2734 8050 5896 6584 5335 8483 9702 9923 2885 831 3571 4433 7206 4144 3672 7768 1811 8310 1711 3535 9058 444 
348 413 9031 9901 8148 1500 9956 1652 6601 9490 6342 7602 7852 4901 9816 9439 5945 8151 5839 4928 4872 6041 9410 1663 5775 3926 749 8875 3400 9330 7618 8919 9492 8008 1623 3777 5479 2448 4210 6022 9345 6254 9098 5121 4124 7242 914 5799 9791 4708 921 6043 6315 5966 2024 3215 9494 5699 1307 8531 5230 9801 3443 5812 1534 8483 1347 5202 1973 8644 4917 5631 953 1519 2395 3922 9399 342 2935 7112 6688 4567 488 2818 8114 1344 7793 4319 5997 8545 6411 8605 6736 3056 6262 9227 8667 1991 9308 4206 
769 7262 3165 1751 3212 8799 3497 6587 5135 6253 8101 7249 9989 6817 753 2642 6531 9271 6752 8165 342 5596 1717 5490 5005 8945 3463 4506 1081 2005 9629 4513 1247 4037 5971 1182 4171 9084 9355 3736 3483 3071 3024 5315 8696 8942 4767 6273 1390 3939 9940 8839 8741 6164 4482 8345 4863 2325 5791 9089 977 2284 8345 4562 2730 6412 9294 3140 3410 3316 319 803 754 7381 7018 6554 7826 4209 2469 8644 4718 2406 4847 4313 9400 1751 921 6549 9869 7191 56 2900 4325 2903 3375 8778 3395 6181 5979 9989 
3064 4912 5148 739 2878 1416 6845 8361 5351 1493 6332 3212 6233 3928 3090 2527 9245 7377 3656 9501 5975 7319 3251 4980 7317 2069 3338 3830 190 3896 9358 8415 8880 9219 6371 5095 3201 7300 6945 5281 6649 7869 3069 5686 7358 1587 3750 8012 1884 1662 9532 3245 2601 463 8506 8390 1470 6401 6909 5863 7844 1006 8537 1264 5148 6995 6549 7192 1359 3289 5025 7567 8339 4758 6000 1528 4109 7259 5085 7779 4223 3698 3781 7117 4110 798 4119 9762 7705 2994 3532 3278 8820 1158 4150 9368 8031 6479 1735 1342 
4680 794 5858 6562 8684 1285 7976 7961 653 2742 8685 9052 2744 6002 6005 7034 881 3673 9955 9210 1726 8570 3739 6452 949 1323 3977 6006 222 7217 151 888 5412 9485 5247 3569 5591 2871 9625 8213 4406 5295 4992 8499 6285 3328 222 5119 1831 3781 6881 6202 4069 3805 4485 2304 423 9808 8196 1363 4630 6385 6252 2317 8187 2582 5086 5893 6430 5371 2686 172 3807 5153 267 6609 773 5921 6919 3410 3361 3316 803 754 2248 7018 5793 4098 216 9245 3008 299 2808 7952 4044 9853 6861 7247 8376 3745 
3085 207 9692 934 3974 7749 6434 3682 2973 8797 1349 7746 3928 5477 8938 4208 3579 1494 3905 6696 339 2560 373 5702 1649 9656 2783 1683 9133 5790 4737 7875 1582 5734 2589 3060 5316 7362 1967 7305 9895 5938 1369 8721 5989 3649 7640 8013 9328 1346 2357 78 9030 9870 2041 5593 7215 1324 8698 4720 8125 9143 3380 1913 9149 6448 2489 229 5123 2276 9641 6378 4097 8049 3803 4186 8945 4144 6529 4980 2225 7454 2117 3338 232 190 961 784 9398 5100 5106 2317 1304 8187 8450 8954 3739 2288 7963 8792 
3679 7682 2767 7220 4599 407 1688 2193 1513 7090 7882 7001 8779 4375 7788 8018 1609 8453 6089 6184 8381 6170 2858 8146 8049 9601 585 3803 9939 6769 2889 1286 5478 5865 1920 2907 9805 6943 3556 2660 3353 8650 13 3711 5975 9651 6610 1055 7316 1323 5170 8494 1898 6482 8396 881 802 453 2068 7804 1461 380 884 8726 9528 1758 7815 1443 5815 906 507 990 517 1147 8942 39 6125 2675 4708 4881 2397 2426 407 2961 8248 2147 2644 9168 8442 2219 8724 7911 6822 6055 3293 170 6115 116 3674 6980 
3950 6528 3289 5002 498 9745 7978 8285 8545 4868 7967 7973 2276 2488 2167 684 3010 7443 4209 203 7000 9184 2370 5378 3590 8327 1151 1684 1754 9757 5106 1579 2218 8474 467 8097 4433 2387 414 5873 8982 9809 5265 5210 7367 2663 140 7492 3869 2502 9802 4216 4074 4874 4527 8961 5984 1060 3555 8919 8543 5225 524 3674 4412 3350 1449 7131 9529 4424 9145 3726 7748 3411 9002 5538 280 8620 2035 6223 6035 465 9616 5170 2882 260 2150 1967 1555 2528 4250 9748 3297 8369 8611 4112 9691 3733 863 3240 
4202 6406 6693 4944 2840 4947 4883 4775 4053 5125 794 670 141 2807 1166 860 5984 6902 7030 8774 4671 213 6150 8540 3799 5074 6091 7216 5404 6124 348 1685 6020 3676 4290 1827 9923 6033 6248 2692 7876 7235 8595 2710 8862 7688 3521 2313 1490 699 6234 5353 3896 4624 2496 1345 2074 5916 4130 6329 4878 1899 3730 3389 8558 1867 5437 9788 331 7678 6962 3349 482 2479 2143 7489 5451 50 6595 7557 5963 8815 9986 444 5131 9073 2638 1929 2593 9099 8130 1101 6935 7933 4056 8744 990 4511 2929 5863 
1449 147 1083 5148 7816 1382 4959 9050 1551 2035 1207 162 1849 6532 8259 3893 4392 3800 6767 9788 2843 155 348 7224 8891 2330 4073 4890 9937 552 2201 511 1138 4804 3337 7303 5004 5556 8741 1642 5070 2162 1026 6865 5084 3477 4173 203 6324 8000 8166 3424 5545 2834 3542 9054 8764 2059 7675 4987 4946 9231 1995 4394 2786 8237 1873 6528 7947 3402 7869 7057 7076 5189 5935 1114 5754 6685 1570 3493 2164 8594 8880 396 2355 7651 2064 8304 1299 1688 8553 1840 5300 5317 4792 976 4493 8525 6090 774 
2811 8038 9419 1800 8616 7735 1384 7186 8943 4461 6792 6307 4021 4703 4632 5302 6332 1437 2546 3191 9808 5625 1630 9837 6525 9797 9480 7757 6065 1535 5179 9567 7388 1544 76 9972 8094 7938 7967 7775 735 2898 6337 2174 9688 9786 5177 3569 5246 6296 7803 2127 102 7640 2876 2273 597 2931 3063 3313 5361 6026 2087 824 665 1728 951 3522 2577 7282 7255 569 3441 742 3755 6769 843 1286 5478 5865 1920 2907 9805 6943 7757 6862 617 3353 1582 3711 5975 9651 2479 8115 6610 5841 5580 9397 5893 6093 
7849 6956 6913 1102 5417 5213 7724 2553 7562 3444 4544 117 3660 5976 2762 1958 3271 9063 5740 2261 2797 2914 2927 915 3403 5684 8994 680 2040 8677 628 2851 7291 8975 9522 2955 451 7217 4008 6983 4254 7542 4834 7361 4168 4427 2444 3637 898 5487 56 3549 4173 1188 4265 4785 7971 7680 9135 5597 953 4779 6632 1141 5454 326 6590 3619 8832 4715 6224 4594 7578 3388 5194 3043 9785 8989 5213 1595 5204 633 5009 9407 4272 140 2009 2977 8867 8402 9054 4690 3106 813 9260 7511 8726 2965 7781 2503 
5570 4708 8816 8327 2717 6000 669 699 6234 3427 2074 4878 3730 2702 8055 331 8816 6950 5649 2758 320 9136 4972 1356 7518 7668 7379 3099 6497 5240 7639 1194 238 9849 8200 6316 3541 4587 5150 8619 6560 8612 2220 5512 9169 3352 2 6377 548 1625 1527 3694 3001 7447 3114 4365 485 7671 141 6500 641 9303 6102 2729 7612 1158 9686 1718 9388 9080 854 6488 3218 8306 5269 9140 3280 1900 8444 5123 5812 4960 1518 1378 6316 2059 2870 5730 6915 6655 2467 7 4691 7911 5292 6302 3460 4952 9547 9532 
7093 6015 3192 9015 4292 514 8514 9201 9277 8812 2087 2258 8102 9333 3435 7720 284 1088 9438 1101 8297 275 2931 8245 9499 7616 3050 9068 5137 5530 3776 3679 8761 3720 7936 467 9073 4929 3113 4706 1198 4497 2632 4288 6534 3677 3036 1680 4279 359 9003 6175 5037 728 8229 5812 9661 1566 2883 4928 9580 1331 2334 4737 339 427 7750 7796 7369 1552 1527 4726 4851 4803 4553 2534 6888 2583 1188 4591 7833 2947 9619 9385 4031 8873 6269 1794 4168 8273 5872 4091 842 6511 452 2977 9597 1449 3259 3106 
9679 7784 574 4957 1917 5321 6582 6116 393 2774 4178 1913 6336 6348 9546 8883 3496 8619 6748 8487 2665 697 416 6685 1626 2136 820 8796 6065 5253 2929 9402 7487 3342 2697 8397 6709 1463 4700 3877 6950 2257 2019 1925 5272 2287 9652 2587 3626 507 9046 285 7679 1187 7935 2613 4531 4566 3488 7552 2609 6486 7776 2277 9973 242 4179 7914 5549 4023 3055 9990 52 1544 9881 4919 5291 6962 826 4851 6120 9677 9558 2921 431 3244 2556 4337 9072 6975 7503 5899 8694 8376 140 2906 3449 7901 8892 2729 
5732 7693 4929 1527 8671 3399 6814 1365 4167 3059 3905 2971 1772 4200 1720 1465 634 8485 546 1588 1147 6793 491 7861 191 8741 9888 7030 5362 3789 4405 3119 8889 9380 7798 7340 3421 9227 5234 9024 9056 9172 1674 3798 9533 7830 4597 1376 3351 2517 7409 9898 3906 3439 157 3994 6136 6007 5206 5744 8537 9564 7580 7633 6923 7372 1761 9186 924 3104 4622 8391 1199 5314 5927 9786 4417 5026 5531 6545 4068 8985 9384 2612 4470 2003 467 1452 5623 3915 2691 8610 4749 3036 9183 6632 5933 8395 9574 8754 
2283 7718 6948 3106 7261 5303 1454 4080 2535 8262 9436 1800 953 2693 9572 1512 6034 4893 3288 6196 302 3772 4832 4373 7938 7986 6023 5744 4910 3939 9421 3266 3376 571 4337 143 2920 2201 5306 1928 8245 3637 4477 4900 7409 5661 9273 4481 3611 6856 5695 5677 1767 5968 888 1766 5803 7384 1038 2839 1053 3188 4624 9299 6826 9101 587 9824 1065 8277 6761 5464 6396 3812 1432 3937 5017 7559 9933 1593 2969 5773 4514 3676 6244 7022 7697 22 6310 8925 7876 1802 6550 2650 1769 2381 7842 8753 3783 469 
6764 7194 9541 7082 9303 8361 5970 9623 5392 4593 8787 8789 3428 1269 811 6427 5968 91 1654 6168 8970 4246 9739 651 1568 3182 3299 9188 6553 2736 2928 9788 2596 3617 139 2457 9083 6281 5230 6699 1561 9619 3706 635 9776 5917 6300 2894 180 5399 1560 4208 7436 6995 9018 3541 737 9706 8956 6211 4088 8073 1990 3408 6233 6870 3858 3364 6508 700 7514 2647 905 945 5803 8988 8944 3172 3640 3135 4848 2669 7845 5369 3545 303 8316 2042 6145 9280 5079 6429 3333 1180 1512 8205 1162 8106 282 6898 
1240 265 2 9066 8554 5478 495 1257 7068 4341 213 3393 4568 3902 1438 6293 9193 4253 4642 1710 1429 2536 5930 6985 4132 2740 6772 1791 2415 9215 1866 7169 4705 1115 6719 9824 3043 9010 4410 1313 8603 4170 9999 1056 2172 9780 9687 8345 455 1829 2387 7438 9592 8879 6272 2952 8930 1652 2261 2352 9410 6720 9362 15 2807 5908 5212 1333 9338 6132 3454 6508 4789 3166 7550 6068 3160 2218 3002 1478 2356 6684 9931 7236 1727 9590 8684 2539 2066 6055 6932 9628 3015 746 8817 5045 8445 3361 2903 2324 
1531 2866 8510 3502 8474 3393 8755 6943 4863 955 9368 5728 6316 6795 8781 1254 8851 7334 7421 1960 4863 3349 955 9368 8587 9415 3490 1322 4545 2023 7194 4510 7809 8597 3744 843 8529 5831 586 5891 7289 8833 9355 6852 9761 5371 2572 7241 1198 1711 5549 7079 6430 136 4335 5976 5570 6245 603 5353 4199 3731 5565 291 7871 4424 7823 8785 8601 3937 8962 1741 7142 9501 3657 9947 9487 2292 2053 3618 7550 5917 1024 9826 9593 9018 267 6847 511 4329 4130 2465 885 3738 5319 1329 3540 4284 6527 1564 
5841 5504 3444 4289 373 3022 1759 2136 3038 6560 8008 8276 1861 3355 9663 870 4535 3168 4862 9037 8361 7701 2964 3276 5785 1804 2815 4235 9031 9901 8148 8163 7815 6129 4323 1500 9956 1652 6601 9490 3366 6342 7602 2187 2478 6738 2397 782 2419 8883 9474 4199 2369 5696 5167 4064 3391 9758 1012 7785 255 3497 7200 79 2448 4325 103 3599 7277 4108 3338 3003 3587 3529 7108 1998 340 5036 1229 2232 7575 2906 8138 8561 7640 6773 5002 3861 7398 5762 4244 1627 758 1837 6 9714 1155 7713 6498 1534 
6348 446 35 8270 6693 4 1240 1466 5554 6883 3440 3231 4405 2248 7929 468 1220 4980 7799 5084 8230 2528 9 2179 7366 1256 9208 428 4931 8228 15 9300 3232 7518 9955 6500 3977 6157 1470 4938 2726 3813 3186 3316 2323 2616 7436 2126 5986 6185 3758 9309 8387 7821 2342 9838 6155 4115 2791 7787 145 3182 3146 1987 4551 3412 1633 7788 642 3571 2419 8555 1173 4435 1235 7741 4229 3520 5153 1724 7571 320 5133 3347 6802 2614 5749 5410 8099 7779 6295 1776 1204 8505 9609 7072 925 2985 404 3052 
5581 2280 5449 3699 7753 1700 4192 9901 4700 5438 8624 4218 5468 2101 4112 6846 6281 7603 1644 6362 7422 3300 6001 7938 4292 1715 8394 2318 8165 8068 3824 9111 3363 7549 3197 4966 7132 3214 7721 8858 1543 1323 7006 5051 555 2559 7592 1257 6231 8140 7316 1085 2972 6355 714 2263 867 4786 2800 8703 5196 2497 9138 4713 6304 445 5007 9332 1018 9193 2226 2415 7146 9297 5312 4484 9600 4423 1879 2434 2762 3480 9648 2125 7740 536 8456 54 5798 8933 7681 3527 2588 7174 3079 8428 4108 8800 4494 7515 
5240 2818 5047 5935 8786 1374 4810 5193 7519 7132 4662 256 8597 2035 6932 1108 4703 6639 6546 2816 6832 1487 7668 5736 8380 1854 7638 8653 8429 4673 763 8778 548 6331 4932 7418 5798 928 6070 7908 8624 630 6950 6700 944 2228 760 1663 5456 6448 7510 8981 1360 3617 3283 986 4313 7429 4140 3089 870 2033 4572 5094 2806 6423 3978 5601 25 5705 7657 8324 9325 9232 7749 158 8328 8704 9253 8103 4369 9858 2892 8100 9023 5612 5986 9160 525 8818 4273 3452 6355 8160 3804 4454 1398 6192 7111 5558 
9848 4007 882 4636 6866 9174 4482 6228 635 7808 2783 9451 9868 9095 7869 5866 5623 2808 2721 5524 2049 398 4673 3497 263 9719 911 8758 8437 862 1280 7131 8494 7492 1492 8575 2016 7124 1297 7334 1864 8425 685 5579 3479 8792 7833 3997 7640 5912 3484 7249 9255 1941 7587 5686 3247 7860 6078 2735 4910 1546 3812 227 6029 6000 3345 4763 3419 4402 9033 6543 4479 3133 9843 1374 8910 7513 1685 1841 7301 5112 5739 5854 3676 8295 7819 1431 9177 1978 5869 4954 5592 7367 4343 466 5022 2444 4666 5972 
2503 1363 8221 6641 6204 3582 2701 2865 3497 4015 2043 4890 2043 6288 3016 7800 6477 8962 451 8387 798 6433 9324 3691 5408 1158 5722 2812 2744 5018 6705 6327 1496 8154 1764 1279 3136 7313 8611 1469 5651 8972 5651 8461 3257 3577 1207 284 1449 5327 4959 1205 9050 6038 9196 8909 1075 4493 625 8781 2650 1254 3951 2866 8978 5998 7537 1960 2141 4238 8216 2766 2592 955 8587 5072 911 7313 6825 8783 2887 4656 131 6448 9361 785 3635 4983 1763 1082 8858 1658 3800 6786 4855 8932 3670 7573 9534 1284 
446 8964 5329 3869 3676 8641 6516 8844 3705 8171 8772 9627 9046 8678 5970 9707 376 7126 6723 5496 2785 9412 5381 5979 9932 8506 3075 8533 3437 2622 7212 4293 8185 6980 8318 2154 6020 1371 3707 7821 5788 1587 7607 9051 4580 4854 0 7780 2248 9244 1604 3669 755 9806 434 1345 6588 3390 5267 4529 403 2595 5846 8944 2201 9578 6003 9787 1331 884 8556 1681 5958 4701 5401 8387 4232 67 25 4024 5705 1699 6670 7657 7951 78 4535 7172 2941 9318 4787 2135 7816 4754 2900 4304 6226 1222 5741 5188 
2599 4637 6707 5971 6728 8372 6211 7042 7371 9094 6577 1643 1401 9954 1034 3597 6991 4362 9997 3371 3354 386 8665 169 1624 7738 5542 1170 1609 5241 3750 4098 3201 1191 5945 1060 6623 4855 9796 1746 3369 981 4606 4257 3311 6200 4927 3736 9674 8361 6861 8158 7315 3010 3328 411 8722 4569 9198 1549 869 2171 621 3978 2983 2946 5596 8916 1582 3807 6090 8079 4070 6853 9661 7311 9820 3346 1630 2845 9333 2072 977 2621 8045 8282 1301 6062 8619 2570 1148 8995 5439 6713 755 6252 7740 8279 154 2671 
4770 9522 666 9661 4411 7358 4393 6657 6938 9497 7286 4615 9834 8057 593 2470 2827 1202 9406 9208 8535 0 4317 4784 4564 6699 4220 5071 9447 6399 7337 7690 4144 6960 1091 8300 6784 3065 6084 8408 578 3338 9869 2660 4728 5129 8876 3957 7328 3558 378 4323 2554 6216 5198 6294 9193 7775 4064 828 2414 1374 5732 3490 9141 8142 94 4516 3940 7642 9782 1622 802 5253 3629 9875 7565 3292 7983 3200 4049 6860 9060 6441 7534 8336 9041 599 125 4134 5681 8887 7953 2962 2544 4583 7216 6806 658 4419 
4589 6732 1992 1060 8919 8543 524 245 6619 243 9567 5125 7109 6980 936 8532 4368 6786 6121 5987 5328 1995 2983 1016 8334 8653 9508 7780 8557 8166 9649 8332 1569 7945 6909 2624 1726 3630 5780 5869 5250 7585 1207 8296 5945 2945 8814 9461 2184 905 7490 239 8658 451 2593 6821 5600 5065 2992 1026 1421 6353 3833 7625 3096 9583 3695 9480 6204 872 5092 7144 3189 3586 7855 7351 8714 2618 1324 4726 3454 656 2729 9805 8444 2934 1811 2205 6504 1808 6354 6092 1645 1220 504 2681 4492 1936 3495 2070 
4488 8912 4361 3750 2683 4409 7502 4405 1094 5446 2324 2379 462 6581 4980 9593 7033 6310 5643 2389 54 7142 7066 5519 9556 3380 4707 7644 1641 6560 1331 1478 1583 3470 6037 7320 2092 2142 2689 9918 9694 1067 9171 9284 2144 3575 5311 8680 8433 2648 1448 7784 4041 2624 5237 1948 2491 9381 2198 3366 1175 4349 4228 7339 698 4757 4842 7636 9964 7856 3805 6154 3152 5793 8414 9712 4098 8733 2875 2985 7699 2421 9886 1155 2457 5945 84 8954 1746 1405 4606 4257 6200 4927 3736 3986 8277 6861 8158 7315 
4444 5402 411 6611 319 8932 4958 3495 7560 357 5491 9406 9303 1210 5092 3687 2610 2777 2136 3122 7951 5176 356 4514 6585 3239 4109 2624 6651 797 9261 1933 4069 453 8530 3543 5400 6709 4996 3351 5654 1231 2520 2240 5009 2111 7164 934 8867 7480 6362 8367 1899 6424 761 4464 7565 3862 3171 9473 9848 3029 3565 8290 4825 5938 6561 7867 9517 2087 6015 9339 4330 5280 3626 9346 8966 3198 719 155 2043 2043 2485 4318 1734 9049 106 6754 48 3612 1721 3122 8270 5844 7832 2972 2477 9692 9779 1268 
4566 4654 3666 2760 1829 4178 271 2274 2238 8719 6892 5327 9338 2660 1276 6734 4400 4655 2450 5832 875 2776 6493 5257 9085 145 7546 3031 7927 6510 4759 6176 3378 7253 3891 9715 2205 2703 2351 9200 457 6510 8076 3834 3090 6056 8801 1323 9880 2231 2744 8525 5289 7838 5000 1915 2739 9859 8668 5070 1741 7591 5192 2259 4174 5531 9000 4489 8859 1095 6245 7709 3126 717 450 4752 3080 5920 4628 9434 4294 7877 9031 191 8463 2717 8254 6759 9974 4902 5093 9329 1907 1603 8039 723 5040 3699 4971 2569 
4269 1552 5038 3120 1159 4626 5484 5598 9834 9995 2072 7317 3305 4246 8446 8756 6688 1039 9005 3410 9480 9987 7330 8685 1991 7657 8753 4110 6391 5052 8244 4540 6699 5042 4805 1301 5359 1608 7770 6389 3784 654 186 6896 4362 8520 3980 3611 7299 5934 2164 9290 8702 8787 5541 3371 192 7576 7629 1837 426 2004 8966 4838 4504 5714 3232 9225 3496 903 4576 4575 2111 482 2931 7596 5881 8266 1770 9246 1056 2726 7087 1509 5753 700 982 281 5253 7307 2868 5877 6449 4763 3419 1234 6497 2089 9857 3433 
3356 1533 8315 139 1398 5563 6046 8585 5260 8761 5990 4705 849 4932 8033 6773 8601 8522 2186 4053 6379 1191 2787 3452 6823 9652 3269 507 1385 5790 9835 4518 9366 7087 2941 2848 5460 3232 8228 4343 6485 3174 6558 1432 9103 2151 845 1980 4341 1887 9592 3935 9811 1908 7328 5585 6279 7275 953 9062 3764 2066 9980 4542 2970 256 2770 5052 4497 7983 5201 4810 5057 6666 1910 7571 6893 1960 178 8370 2032 2794 6163 2558 2291 3619 8539 8832 9076 1482 3388 6279 8207 8160 9807 714 1572 2491 2619 9407 
4673 5200 9444 8221 2840 8044 4422 9209 1434 266 5271 7280 3157 4097 6154 4311 2245 7307 1226 5015 9792 3738 9009 6367 6875 7156 5678 4248 6543 4479 3699 5047 8786 9901 2601 4122 1841 7519 8341 9275 9229 7372 5262 8180 9846 334 5135 1441 1837 457 7790 325 2331 7140 5827 9964 3805 6154 8414 4098 907 4767 6102 2985 1960 826 4489 7644 6120 4904 2190 8049 2725 203 9114 5599 8937 8695 4812 9388 4635 3868 4366 7525 3236 5501 3546 6663 9629 4116 5514 1185 3217 8481 7060 9272 8621 5440 5005 7217 
9239 6487 1651 244 7232 5377 8256 5104 1390 5585 9342 7260 1656 27 3084 9280 2078 3429 2903 215 3395 3654 9508 7922 9323 574 67 4814 7454 1635 9345 6560 3127 3563 1055 9775 4611 183 6737 2441 5847 5302 8702 8269 9067 8493 352 257 7219 3096 5433 8011 1437 9281 2676 2410 4499 7507 4258 531 3884 3206 7594 731 9152 6276 4537 6035 1706 7530 2188 4734 5465 3303 9115 1510 7476 3235 8366 9272 6202 936 2754 7173 2640 9519 4645 1322 5203 604 983 832 4704 9000 3018 8223 8255 8631 481 6287 
3477 3171 9564 9306 7481 8104 4691 1597 8477 8856 5996 8149 8650 8457 7957 8907 5852 3390 1704 8648 2146 1015 435 116 1795 2303 6585 1588 1218 5897 6478 5657 6024 3617 7937 6523 3467 1290 18 1529 5971 2384 1646 7561 8254 732 1131 3204 2683 4683 6212 2901 813 3729 8011 5214 9150 8355 78 9197 4403 2018 9720 4857 8995 5717 3246 4670 1483 7586 8602 1945 4051 5575 7088 8298 9913 2608 3380 4758 1913 4653 229 5123 3419 9330 6891 4802 5823 8851 7334 7382 8510 7421 7537 1960 2141 4238 2766 6877 
8587 9415 3149 9858 4800 8193 6988 1293 1548 148 6700 2969 1677 3673 9032 2749 6096 9573 2765 3616 2271 1911 8147 5828 9421 4869 9437 8726 9598 2348 7895 5898 9582 1378 1129 8157 4030 8810 7766 5755 7134 8263 4369 6061 2526 1233 5263 8753 3274 581 8124 6993 8264 1511 2585 5954 507 4907 9649 5985 3511 1501 2184 2301 1696 6452 7874 3703 5351 5620 9060 8934 2789 1430 1577 5761 5978 7965 6441 6464 476 3828 4640 1635 3448 9197 4488 6678 9990 5283 8727 126 8426 7637 9080 8472 8133 9741 1428 5681 
9228 2857 5830 8854 3662 4039 7205 5781 4560 1430 2186 24 9366 9888 6531 2177 3006 9788 5041 1254 7558 3358 8465 1348 5256 7669 5098 2189 6090 2429 2468 8089 1801 8597 3194 6737 3861 8623 3169 3127 9811 2333 470 2131 7511 3604 5775 8786 0 6131 4281 9010 6258 1867 7346 5824 4416 2019 1818 9690 3088 346 7622 6323 7935 320 8975 3657 5424 182 5631 2651 4498 2448 1693 75 9530 7194 9864 369 3020 4423 8921 2155 4210 6501 2410 6765 9156 3950 5226 1470 8226 6336 3878 6732 4566 7630 1868 1439 
9130 5248 7347 3342 2668 4708 3065 5313 2247 55 966 5079 2556 2513 2142 1615 5413 4817 8787 6165 5780 2057 7248 9804 9800 7662 1804 5781 2282 9067 8419 6246 260 1087 1638 7396 1279 6299 806 9212 9076 2117 3049 7988 48 3785 9304 6036 4696 8760 9708 7131 3673 7396 5881 741 1446 4442 8608 7821 5714 715 1694 7641 8349 5724 2334 6378 795 1043 1557 5371 877 2544 9585 1531 3858 4164 905 4580 6137 5599 7919 1008 4898 283 8235 5507 3232 3512 8013 4393 2763 549 5855 9146 2515 3278 4635 2818 
7863 3865 4535 1023 5097 9350 1936 9415 8131 4081 7874 6373 7836 5543 4772 6756 4456 5460 8327 6467 5951 535 7678 1250 1454 6122 4065 2365 382 5588 2934 8821 797 9074 4007 9260 3962 3774 2326 1080 894 8249 6978 9492 9538 6498 6787 7755 7902 7859 9942 4619 4543 4032 5833 6530 5481 8303 4387 2786 1362 4841 2132 5117 2767 3991 9624 1524 17 9541 6668 9437 9506 8625 5710 576 9568 7750 9335 6492 8201 6445 2936 1489 2778 8464 4407 8236 5674 5798 3719 7779 6356 979 8563 238 8704 9997 1560 6908 
5554 5561 4603 3105 2542 1288 5250 8619 332 4801 149 8994 5102 414 5973 440 2782 6150 7707 708 3577 5961 1744 7036 1288 3568 1573 9944 9408 952 8069 9382 7775 1126 7636 3247 3053 8619 5870 4683 1104 8000 203 1812 7003 971 8156 10 8398 2121 2545 9244 7212 4821 1590 7006 4527 5894 2498 4169 1480 9308 2011 6202 399 2312 8362 1704 4032 142 4447 3099 871 287 2971 1538 2867 5068 5738 3833 7167 783 8006 5797 473 2182 5212 6358 5035 143 4065 5938 8865 3058 1643 1041 4617 289 6816 4518 
8136 8565 9955 8854 833 9779 6057 7362 6884 9140 8714 2080 2473 3096 2804 8810 5523 5759 8024 2575 5456 5303 2217 9728 2242 7430 5381 9740 9166 8263 1677 7264 2215 820 8408 8895 650 3139 3975 3405 5872 5479 1205 6440 2411 2945 9474 6596 6923 1835 5990 7195 9460 6676 2375 5863 8070 8753 8995 8745 3980 2605 5406 7252 8995 5436 4458 546 6440 2135 5570 7040 8515 8800 5222 3963 5582 9082 2409 4176 1058 5057 4071 634 6146 3446 5232 6087 951 9991 8007 2954 8738 9142 2899 3102 2747 735 7706 4597 
7635 6180 6000 9579 4290 8133 4561 1044 2407 8302 6350 9217 3204 597 4560 478 6618 6282 7457 2980 8958 2328 5994 1671 6192 7120 8454 7627 9226 4340 6056 9314 9355 9245 5827 5083 401 3237 1483 2467 6884 535 2693 1481 4950 4416 3461 7703 7 9592 9566 1921 164 614 9254 3128 4800 3470 396 2507 5494 2840 5960 3092 2487 3671 6935 2069 825 2372 3087 2537 957 2341 1298 437 8175 2967 263 5982 3734 6456 8413 6241 2201 698 2216 7470 5887 4309 3700 2641 5608 9644 6556 9969 1499 2009 7237 1960 
9530 7321 8115 2477 696 6885 5922 8760 8975 5560 4498 951 4577 5940 4867 6269 7865 3129 6366 3624 1827 3825 5614 2091 3514 8012 8402 5315 8459 2857 9108 1970 6661 4575 3090 6331 6578 423 9703 6554 9880 9190 3109 9056 8648 7069 4378 4314 2384 2837 910 1594 9940 19 1986 1911 5244 4999 6486 8334 1330 6894 2838 4261 2541 2272 9336 7814 2445 369 1100 1424 5276 6990 6306 5328 8217 7646 9227 9720 3867 9555 5324 8296 31 7002 3447 3190 1299 7331 1011 1738 3414 6897 1546 4657 6581 3189 4538 2390 
8752 7028 7083 9381 8821 754 5493 7914 7168 164 8206 8640 6480 132 8453 9031 8696 1938 2456 5057 2652 385 4789 5356 581 80 1788 8400 1374 5704 9931 6289 9752 1694 2897 7776 8048 506 2988 8222 9900 5867 2071 3802 5723 5875 6848 6579 3096 4933 2270 5576 7850 4357 3784 9974 5251 8713 1347 4367 9925 8824 7262 476 7643 1458 6889 4123 506 6314 5134 2177 546 8996 2791 4095 364 4950 2820 4242 4143 3179 1290 3467 4643 363 4870 8965 912 7940 4288 5018 8516 7835 6269 6586 7498 3469 6537 4973 