8995 973 2818 7120 9106 2193 3917 4357 1467 4828 7493 7979 5085 8712 760 7889 1262 9318 5888 5165 4935 5089 2674 7778 7035 5055 9887 7101 5133 8966 5793 8741 3743 8373 9221 905 9950 8196 7521 4351 6480 2868 2786 4151 2410 7014 459 8725 3326 6306 7818 6580 5769 1081 8466 38 1767 7257 9528 864 1972 548 6776 3848 3478 120 9501 2131 458 5054 3376 2729 2150 4456 6652 3654 4432 5774 8508 7545 5497 1527 6814 1788 7743 604 6890 4715 8378 6892 147 5012 9845 580 572 1583 3994 7320 8699 8955 
5774 945 737 3704 677 17 3855 7520 6986 7029 7766 7822 3700 7128 7746 7336 5730 3820 4027 1656 2570 3097 3363 920 9780 6040 4838 8624 6778 2103 710 8046 6740 4748 6881 9676 5080 9918 8186 9485 7276 4075 2622 1924 6774 227 6489 2639 4703 1485 833 3508 6928 9342 4523 5496 1824 9194 4699 5867 7095 5469 8178 2702 767 5517 4014 3652 6216 5567 5029 7121 3425 9677 3389 8945 2597 3196 8814 195 3668 6259 7275 2320 5908 7791 762 1277 7645 9242 6480 7309 3280 4049 8746 2943 9694 1832 4768 260 
708 628 1910 3815 4926 1289 6384 9177 5294 6865 7223 863 6747 4794 3924 6102 879 5203 6925 2561 9737 6077 1429 3440 1282 2304 3210 8119 7541 7256 1514 3029 8203 6800 9118 4470 2132 8329 2180 2902 4054 1728 9637 1294 3511 1559 1386 1067 7444 1939 4646 3598 1253 8730 2110 4857 2760 8170 1546 7461 9988 3214 8529 9630 9795 7371 4236 5056 8860 1726 2837 8106 185 406 9239 3409 6722 7132 9093 6350 6405 890 7631 5674 8042 744 1265 4286 1429 844 1733 6932 9791 934 6791 891 3511 1245 7573 9593 
9521 6423 4265 7949 7760 9498 6994 4570 1576 6828 5906 8115 4702 7652 937 5969 324 5997 8807 4198 3780 24 8830 7921 4169 8416 7225 1912 4963 6155 8505 9912 8101 5498 142 9708 4921 2626 3908 5903 5380 881 3449 8495 5107 8500 3659 2449 4316 337 3869 4241 8626 8393 7793 9159 8496 4137 2712 8691 5799 5020 1371 274 6798 3707 1028 5675 5588 523 8793 9272 9940 8380 2525 3154 1677 586 4323 2575 6681 7935 4148 3120 5370 9444 3691 8628 6406 8980 7674 9070 1995 5322 4450 8011 6354 1035 7662 9631 
3182 5473 6635 3656 6024 4891 2351 4263 2673 3674 1881 1253 6455 2208 2324 7558 5462 5845 6301 3637 6440 4596 1539 4627 5142 8225 5914 9783 3420 7187 6046 4951 1187 6934 9752 7098 3672 2684 9299 7708 8142 1699 6972 8571 5093 1188 3392 1280 2374 1916 7212 2979 1932 1171 1811 9162 7285 4655 7230 175 5148 4784 6699 8189 6614 663 7049 7049 9240 4652 9571 1688 2992 670 9794 6895 9480 6495 2045 5431 6587 2917 918 6315 8660 9082 6465 359 8197 835 8943 3924 6390 2702 1944 8375 4239 4250 4839 1240 
2399 1219 1809 3178 6191 4816 7339 7606 8307 9908 4378 4056 7492 6474 8830 5876 7742 6922 7040 5611 9952 4178 7783 6173 1607 8907 3514 8655 7197 5891 510 3408 1480 8707 3881 4747 6883 1467 2922 2640 2588 444 2613 7004 9723 845 5879 7160 521 5318 1657 9689 3458 1854 7080 9701 3865 9816 9338 6477 4860 1244 3399 9650 7187 11 3717 6075 9421 1862 3760 9826 7411 8039 3640 5114 828 261 1142 616 5011 285 7126 7447 6595 9208 2005 4651 4866 9029 4760 7040 1472 873 199 6939 3249 9818 9267 3478 
1044 168 4929 7394 8463 8017 4335 712 3150 4753 4207 6105 7664 737 1279 919 9486 213 1587 1908 519 3631 714 1304 1841 492 2692 5149 1080 299 2127 4134 486 3396 2735 5262 9390 7417 1857 5204 7811 8895 9291 3915 8969 5122 5962 2621 3016 8015 9970 6548 9309 89 1269 7248 5184 7066 7280 741 7849 3369 8146 2380 719 155 3981 7581 6379 5042 1728 4945 6430 4400 7635 9651 2980 4713 2316 1942 2589 6589 7392 4000 2377 4298 7254 7300 8629 1322 5599 191 3363 9454 2201 349 8245 9273 3611 699 
317 888 5803 9299 9824 3435 5403 9933 1915 2969 8620 2819 8995 3600 3207 4072 7438 1184 2536 8021 9909 6837 5285 1716 9358 6796 6438 4332 3987 9556 6224 4289 5727 1513 9674 348 2153 3673 5481 3472 9379 2024 9214 6894 2816 1050 888 8717 883 7260 7663 8526 5251 2499 4902 5089 1091 6541 7965 4938 2751 9684 9664 87 7715 5415 5242 6679 1056 5373 7398 1744 6579 856 6908 7933 4998 1633 699 2834 7507 7163 6408 460 6060 5184 301 682 596 1443 1744 4582 8051 7254 3183 3905 9919 472 1753 239 
3772 4086 6278 3113 5099 1433 6518 3308 4294 3432 2386 3909 9098 5568 6259 2244 5535 7673 9430 8248 5689 2259 1254 1755 6762 4916 4346 5713 7894 9648 8259 6206 7539 978 7041 6592 585 665 2819 9190 5253 3723 8334 5707 5416 9965 6076 6183 8658 7677 5428 1212 8531 2460 2263 6975 4339 7246 3316 5653 4534 8119 8549 6623 9930 8527 5736 8013 5597 5631 7592 678 1112 454 4790 8178 4987 3608 8072 7343 5094 3501 1794 2463 6120 2906 706 852 4996 4391 9786 5827 6656 6269 4834 3805 3413 7274 3374 9545 
7303 2403 5578 6421 3324 7671 594 542 9655 4625 6787 3030 321 4815 1761 3565 3331 2374 7000 380 3732 527 949 8953 6232 5983 9335 6207 1454 3211 3872 8607 4320 2645 5164 2412 7684 7763 3264 9471 7293 6292 2246 3748 1216 2977 4470 9431 4191 7206 3980 9505 8103 4041 1306 2624 8024 1948 682 9843 3044 1499 7260 9703 5858 7818 1827 3084 6914 1610 6908 5404 4539 8151 1772 7929 7806 5716 7958 6477 4813 6470 2137 2680 1041 4785 5676 3827 8109 207 6863 1402 4534 1467 8360 9282 7608 4472 8865 2134 
1718 6771 2732 544 2542 4319 2875 6247 836 3568 3791 4335 5976 4580 1447 9852 5234 5884 1860 1644 817 5222 4236 3856 1580 3363 2272 7131 9671 4349 4250 3856 19 1809 9328 4816 3525 1545 3596 7203 6774 2504 4839 4776 1978 5954 8105 2591 3888 8596 6262 8457 8798 86 9860 8636 7897 7941 9623 4093 8954 7472 5162 7241 9440 5877 1181 4749 3271 8737 2830 488 1638 7026 26 6322 291 26 3448 4483 2399 4593 6127 9634 4605 5890 9269 8440 8194 5915 4666 2475 8401 9028 7062 1270 375 8617 7245 3421 
3579 6950 5951 1027 8222 5951 8180 7801 9071 4570 8255 4079 4507 6183 56 5651 7988 772 6913 949 9281 8577 3354 2022 2712 9857 9045 5738 9168 6179 9823 547 8799 5834 1594 7541 7556 3998 8496 7840 770 4160 4962 2778 5387 3145 9253 9257 7983 1588 3562 2762 8856 3844 1775 6807 1043 4526 851 4365 2459 2381 9701 9038 4761 6489 6500 8416 2180 9304 8865 3105 105 5625 9991 5923 8625 6980 2325 8184 1669 4129 9969 4967 6722 2484 5652 8523 2476 4857 1033 3895 9329 6208 4743 7572 7282 7997 9430 1661 
2775 6906 7701 2730 7057 8008 4641 8178 7150 3245 3235 5751 1595 667 413 4043 1599 4657 7436 5620 6674 1849 8587 3397 5780 9911 7548 7226 2891 2198 2614 2618 9824 3968 5159 8392 3192 415 8401 3635 6615 9286 9790 8631 7273 5259 5181 8077 5870 282 245 9295 5216 8409 736 8659 9680 2531 9944 3559 3714 6522 8443 8605 4657 369 9197 6126 2842 1619 345 76 4177 2451 8440 5950 1567 6611 3621 867 9374 2284 6501 2364 1052 487 677 640 3908 5475 6182 670 7787 2646 3192 137 8354 149 4656 7451 
1050 3462 3177 2116 2426 6169 3951 500 3592 6580 6504 1747 6732 7969 5699 5696 670 6283 1680 5629 5069 6674 9876 6342 258 3828 9466 9436 5457 1128 2011 187 71 6472 3903 9072 3052 4217 7514 5069 1087 2005 4556 9525 944 7630 9859 6339 4355 8811 9261 7300 3878 7625 5953 456 1344 9328 9040 5091 7008 5137 6938 5317 7394 8017 3045 5605 934 4052 3387 2123 1638 8568 5065 8250 5161 605 3303 2880 8006 6943 9884 8170 2907 2009 3602 8503 5117 7980 6962 6338 3764 3688 2581 1769 4543 4354 7433 4884 
3610 9719 7816 1543 6939 4132 1424 132 8059 3090 1070 5325 9457 3711 1332 3849 8337 56 8115 2809 6398 1723 2980 2887 6838 7696 1020 8100 3609 8675 3331 1982 9283 5800 8449 9053 4267 6471 8342 3257 6860 8123 2889 5259 767 8797 4761 9136 8354 3326 4376 130 6265 2856 1068 5512 9272 6277 2760 4773 9675 9058 1191 2555 9579 9255 9060 8515 5222 8657 5582 7719 7028 7724 8233 8047 6388 8036 324 361 5910 1592 9457 3914 3155 4962 273 9933 3279 6627 4002 9811 2811 9020 4653 6101 5127 9807 8622 8781 
7201 9418 1334 2340 4559 688 3902 3092 2214 870 9420 8838 188 7987 8675 6891 8130 8411 7154 7519 1129 5506 4182 6692 2991 8340 2378 2696 4188 4666 7896 1430 3002 378 8748 5821 2100 8594 4670 4816 1503 3169 5316 8180 1844 8328 1075 1177 1460 7057 2094 2341 673 8869 5393 6468 2696 2987 6339 9942 676 7741 9631 5954 9027 7290 4 9796 745 6905 346 7325 9466 1719 1039 6111 279 3773 4456 621 419 963 2179 3200 9466 2290 8147 7387 7996 7150 7889 9208 8093 7269 8346 927 4992 4145 4136 3956 
2286 3157 2541 5789 9776 3504 5808 2757 2756 5570 3390 1697 6207 2603 4837 8412 672 1647 7815 1311 7979 9079 9847 8513 3970 3230 9982 6054 6023 3560 524 9593 5121 2866 1347 7680 7592 7790 5631 5222 8276 7754 7474 1904 5647 1005 1364 2272 9007 6924 1552 5659 797 5156 1055 718 5589 2384 2660 2283 1292 6536 951 5493 7026 2788 9052 8387 2334 7018 1147 7645 4662 9553 4 7605 3219 1168 8501 5369 8609 4846 4421 3349 1755 6723 9530 9272 2751 9108 987 1446 7496 241 8664 6062 6195 1096 4555 8673 