2896 764 6281 6699 9428 3706 9776 5917 8513 9029 4208 676 8807 6211 4485 3515 9824 1427 1080 7188 6161 2078 7370 7653 4946 2004 1457 8531 7625 2872 4667 2822 995 9367 7728 8758 8067 7047 7278 7892 7134 4714 3596 2807 1550 3403 4923 3414 2493 6321 3660 4404 6728 5887 269 7425 8545 1874 885 8816 6245 6463 1489 9668 9351 1187 5678 5087 9613 3541 3758 2749 8090 4016 6543 7161 712 13 1719 8394 3688 350 6228 2655 484 4471 8986 4236 7170 5336 6399 2928 5645 7993 7976 81 9182 828 9695 3046 
2620 4973 9790 7799 8888 2190 9108 1752 5465 3403 6572 5242 9515 4378 7619 270 9562 6915 9839 835 1027 7222 2305 6015 7112 2519 6031 1291 9071 2093 4813 8413 332 3462 7716 9445 8072 5476 9363 3911 6879 5564 3125 2144 80 8329 98 7522 3384 1662 9830 7398 2744 3669 9202 6720 5544 4099 1919 3710 3107 5845 6571 592 7369 6632 67 8502 8376 6454 6577 6647 5428 4434 7661 487 2684 6904 8973 928 9936 5904 630 6308 6950 2332 1478 6684 2163 7236 788 9590 5728 8090 8984 7598 1664 2335 216 9245 
3008 40 8841 6608 9153 7676 4026 4802 5823 1376 1254 2866 3893 9573 5998 4863 5417 2486 6487 6526 2162 1108 1001 1502 6341 6901 2445 547 4960 9927 9011 1957 9644 2725 3179 5939 1548 1475 3280 2534 39 6327 4239 7827 3134 4519 8 6968 8014 7719 5184 1396 6650 580 3103 701 6719 5751 4069 506 8980 3478 4240 6002 1978 4455 3883 7934 8282 3375 8937 4580 7752 1091 6424 1292 5901 4232 3149 7804 2077 6882 418 7829 703 1257 8132 9425 6362 2069 6401 1207 5685 8125 4959 1205 1551 8909 279 4147 
3610 8508 4109 1076 7592 5848 8843 6461 4288 3583 3266 5491 7099 9473 6985 6785 8103 1267 1718 1424 4373 4313 7447 5386 5740 9348 4843 1628 2396 4728 600 3109 6104 8197 6667 3162 5599 7948 3091 5640 5694 3022 8224 2314 1395 956 1395 6025 2590 7463 9280 1064 1123 3286 7565 2729 9160 9039 7939 4348 2205 1808 6354 1978 7179 5849 362 8885 8216 5642 6895 6586 3846 8948 6013 2188 694 3275 3631 3830 9735 3726 8418 7905 1946 6963 2464 9915 9866 5409 6835 8022 1492 6455 9595 3008 4408 7623 6982 5189 
1357 472 9310 56 761 8268 2738 6315 3339 448 591 9535 779 1540 4322 3413 6084 7213 5613 6325 4613 6433 9610 7013 5275 1070 1005 126 1418 706 9707 1794 9542 3516 6783 3838 9099 2706 6945 121 6200 9143 8900 7294 5134 928 9869 3420 6201 5438 8619 9381 2176 4272 6831 8755 7440 9101 4712 7864 4753 5156 6171 7379 30 2759 2126 3194 1024 3538 2345 5566 7071 3903 7682 9250 2269 6506 80 6047 2121 2681 1222 6867 5439 8763 5649 1786 1476 4603 3028 347 7042 412 2914 7432 3323 8641 4970 1013 
6320 696 9552 1809 8004 842 517 9277 9966 580 5423 8692 9531 7305 7192 61 4205 9548 9958 3239 5420 914 5441 7124 4782 9088 7711 1748 1129 1083 2074 8447 3345 270 6307 9282 1089 6676 8517 4473 1748 8536 7090 7622 1462 5528 660 6227 4675 9367 5661 6774 9896 4515 7308 3497 813 5488 1207 4424 1879 9307 5882 7572 8021 765 5036 1594 4964 9891 8331 2560 117 8061 7978 6908 3151 1214 8998 4492 7052 2940 1691 4792 6405 6438 7773 1812 8369 5674 6472 4286 7251 4469 5109 9606 9106 8836 4152 9490 
9154 6532 2977 6871 583 5876 9145 9833 6110 9794 3614 3732 6827 3303 8953 2519 4887 7248 7256 3193 4954 5308 1454 4440 2766 6745 5568 9813 7254 3613 1952 1268 780 8961 3917 6793 3340 5796 2562 9216 1824 7870 9138 1169 9671 914 2961 1052 8922 6926 3431 2068 572 3449 1658 5190 4196 2384 4410 1977 6482 5343 7687 665 8769 9300 3244 4273 7861 9632 1866 4228 9349 9660 3160 1807 7769 3537 5217 5305 1407 5146 1678 9563 4432 3964 706 199 523 5788 9051 3714 512 0 7780 2445 9244 4410 6382 6314 
2055 3927 7449 9406 6885 9403 9053 2699 528 4474 7140 3797 7792 168 794 6822 338 4925 7820 670 9733 5997 1010 7630 100 2076 5160 3780 923 1518 8378 4560 649 6581 10 7314 9551 6762 9594 6324 1224 8131 7016 7164 1577 6934 1784 5709 9375 2111 2434 814 6052 7138 1503 6901 1014 3835 142 5851 7700 7020 3689 9626 6792 3931 1844 7156 2912 3195 9008 73 9297 3077 6460 1301 685 4809 2221 335 6062 6245 8974 1509 3858 6738 8303 6994 4031 755 6252 3790 7569 5768 2573 9643 1122 1077 5465 4868 
6074 4179 2301 5081 5250 8144 4617 4210 1891 4175 2168 7339 3621 9792 1640 8451 3445 3681 1979 1852 1586 1751 7093 4621 1022 4189 5833 2333 6395 576 4915 4915 3306 7910 5634 3878 9158 1815 2087 6935 8130 363 706 752 7771 1650 2865 5824 5554 7332 6383 1755 4753 4966 5119 9091 5260 7715 559 219 9379 3824 9492 8050 5846 8477 4338 9852 2333 9628 746 3105 4511 9402 7487 1499 9189 7291 1272 8157 4169 803 754 7381 3800 2715 7319 2842 9913 1512 3380 3494 4977 5590 2777 9149 2489 229 5123 3419 
2276 4847 8759 8606 5759 1932 3147 5525 8648 5049 2643 3871 3529 7559 7517 1189 4162 6143 9778 3653 8995 3789 7245 8536 3060 8067 363 5790 7594 9835 8717 8307 6683 2862 43 3654 192 5822 9686 8033 7235 1114 4390 6001 4575 8291 4858 1253 5656 4494 6626 5356 1394 6833 9325 440 7037 6724 4525 5735 6989 3771 1739 4925 112 8963 1866 9891 9684 5190 3312 4228 3519 8340 8362 3923 934 4008 8617 7788 5658 3657 9709 773 3810 3771 7372 7108 4577 8369 5516 9512 4718 4847 2386 9400 6549 4067 7191 56 
3150 9737 8476 7876 9219 9272 9434 6995 9349 6791 4026 6458 7826 6271 6471 4137 4191 6616 6775 7860 1662 4759 8415 9730 3685 7179 9084 8148 7507 6914 6130 6516 2702 9391 5361 5893 4666 101 6592 8788 4927 9251 1300 7211 7589 9852 4568 9371 3016 4303 7351 1756 6378 631 2653 1470 6147 3642 6854 3175 5638 2294 9146 8028 6935 108 2688 9735 923 6555 9569 612 9120 221 5444 4003 9610 9584 5930 4461 9016 8487 7549 8920 4023 813 6652 8192 6077 1140 7729 1123 9790 8979 4799 1312 8151 8114 778 2792 
5701 3287 7910 6568 9114 8351 2329 6089 3443 8162 9472 5041 223 4020 5190 1820 5690 6669 7280 1918 2719 2970 5286 7784 5506 897 8936 8850 7239 9158 4370 6116 3504 5254 6086 4078 4688 7669 1940 8399 7925 3168 2034 623 7081 476 7062 1731 812 3119 3442 3838 5983 8209 7498 3888 2878 3230 7866 5565 2989 2174 2270 1159 6895 4152 4699 7796 927 5411 8843 1091 1865 3412 946 6586 8876 2714 1091 2562 9264 1553 2049 8677 2771 798 8584 3812 1010 2170 1084 4472 3623 5516 7565 6632 8173 1404 999 2034 
573 9255 9476 9860 1074 3529 2325 5871 5709 9093 3395 7457 7154 5408 3513 1263 3518 580 3092 4782 7451 2030 2331 7887 9917 6121 5468 9454 629 7077 7578 5508 6653 482 1390 3794 9 7960 7357 7450 7224 4678 3208 1892 974 8369 199 8084 4067 8014 1958 9316 1763 2369 5705 5017 6909 4235 1863 6176 542 2868 2156 8965 9524 2638 4745 8006 457 3108 6831 6203 2495 1521 3612 5072 4198 2298 3763 8506 4324 6697 8532 1860 1036 232 8682 4931 5249 2198 1962 3198 8561 8533 1872 21 2048 2763 3354 5738 
6510 3945 8799 7257 8240 5834 1594 7541 253 2010 7749 6747 7454 6393 7464 88 5241 4743 1227 8564 301 3478 7180 5141 6762 3957 1895 2101 101 9137 994 4726 9419 4268 6746 233 3041 3864 3754 7617 5316 6367 5262 7581 6217 2721 3380 260 5489 5650 9050 6750 7923 7084 4822 1657 7274 7591 4646 7456 9031 434 1938 1570 551 3383 7915 6198 9046 7179 9599 7890 3343 8046 2958 5502 8909 6461 6163 6914 877 5480 8142 3375 9561 6103 3741 2871 6130 4663 5747 9630 396 6749 2442 820 5999 9542 3816 3391 
9343 1442 6551 6814 480 3053 6805 571 90 1615 6044 5317 5280 5682 4799 7194 8197 3036 1636 3043 9567 6679 4575 9981 5822 9214 6602 9466 6509 853 7532 6646 4315 8961 7360 1099 4323 4139 6544 2901 3794 3277 8435 6468 8606 8212 7959 8250 3150 9511 94 8946 1197 1782 1445 8705 1813 1763 3886 2168 7500 5662 2943 5142 6125 7649 1535 3292 6330 6679 4941 1479 9992 8369 4220 8160 8444 3171 621 3431 2040 4829 9232 4880 5507 1425 3710 9122 3256 1375 7280 1472 1653 6572 4601 7063 5409 7193 1734 6698 
1505 5570 3034 5574 2938 8731 3433 9977 8367 5915 8120 76 4477 2475 1731 3242 7229 1168 5596 7232 9200 8228 5401 3178 4749 6901 2084 8535 5763 8579 3938 7592 5926 7176 1021 9919 2760 3151 3073 6097 3277 5188 373 4382 271 2740 900 2709 7068 3713 2829 2413 5134 1860 9017 6923 9230 5541 943 3652 6774 7073 6254 298 8898 5492 23 5727 8170 6823 5539 6968 3808 7598 7582 5022 749 3685 8376 299 8800 9203 3775 2646 2707 4026 582 4051 3019 1104 1545 9004 9424 4505 7061 6057 421 877 2894 5538 
4297 8094 1470 362 2716 3708 6313 788 5644 2897 9759 6072 1441 1742 3307 1855 6744 5013 5782 6806 823 350 2169 9786 6035 5039 7494 6034 8166 6121 6136 854 53 6915 3855 959 7159 9248 1130 4025 2904 2398 6688 5352 961 9787 3974 5104 5161 5761 4695 8522 9537 4582 231 8870 7521 9715 2837 2145 2009 8620 9386 7057 988 7204 6931 5491 3248 9408 8574 3551 2939 5940 9996 7289 4133 7747 4658 5612 1320 1308 9728 2473 1089 931 5502 6667 9344 2190 3932 5140 6834 9596 5740 7403 5956 2807 4682 3898 