5728 5416 3058 4910 7998 9338 6872 1242 5617 4571 5521 1319 9299 4868 788 7535 8289 1331 8162 1364 1525 6218 3171 8315 1733 9473 9848 1562 6094 3736 8937 9125 1314 5014 512 7693 5507 5364 7332 7155 574 4210 4368 8665 4551 7835 3991 554 4687 4974 9653 7792 9162 5769 6253 6761 3853 2649 6556 5818 6135 4629 5968 9344 1766 7384 4624 9824 1065 8277 6396 777 5017 8753 1915 2629 7959 4899 8995 4887 2430 7894 3673 1847 1610 3563 6002 3883 6024 5006 4221 6854 8280 3184 6535 6772 8186 1692 882 8650 
6462 5077 7278 7711 8560 9065 9892 4967 5537 8289 4488 3059 1687 7494 8497 9106 892 2279 6849 7519 5446 2143 3000 8956 5522 5037 5779 8058 3308 1195 6517 3029 3643 9480 7757 1670 2937 8708 1123 4746 6904 6262 1692 1770 9542 2344 9057 201 6688 3036 9012 783 9318 2977 3754 5297 6562 5473 4071 1569 5243 186 5101 3296 1284 2172 2536 6397 6958 6583 6606 3781 7451 4662 2282 4730 5978 1800 3452 5294 60 1671 6792 6630 3380 5017 2762 7225 84 7117 435 2775 3778 6860 7938 9997 1460 4670 3484 3883 
2389 6242 9477 5270 4903 5467 6672 7085 6977 3224 7874 5686 2957 4899 1041 1121 241 7970 8232 5905 8651 5456 4234 1303 1824 2303 6689 5227 3946 4953 9809 8181 9715 1797 3481 7119 9116 1523 118 882 5267 5993 6625 3572 4826 5740 2261 6636 7995 7630 100 5931 3780 6438 923 271 8378 5712 213 2905 3915 8700 9674 10 142 6580 3659 6324 451 7164 1577 2550 9787 7535 9372 6144 2274 6538 8373 1941 7157 4510 7809 7905 4760 2836 498 5235 1354 6080 2159 1971 3232 796 5912 1209 7302 4153 4332 3572 
9757 4424 9145 8674 3136 5531 1998 5204 3866 3541 4760 4936 7418 4145 5628 3978 2562 234 747 1012 8543 3303 7073 3242 9555 8828 9973 2753 8265 482 80 5696 1185 397 3044 9233 8172 3060 3002 6763 5894 1485 7509 7275 7263 1944 1482 2653 9528 1356 2112 1107 1461 8409 3699 336 255 7093 5927 3192 9015 450 3089 514 937 8514 9201 9456 2087 8102 9788 8068 9333 3435 7195 772 1088 6721 5922 3567 1620 2296 9947 8771 3383 4933 5885 7103 2222 5907 3809 5854 2580 5589 3752 7516 9753 493 4800 9408 
888 308 6332 6931 1115 8860 9770 2939 5312 1700 3150 2178 3681 1022 3719 5833 576 9705 4888 8035 210 705 7525 111 4434 9913 5970 3256 8006 7643 9245 9950 8042 8155 2929 9472 4619 5186 3622 4333 8111 9694 8245 3112 2123 887 216 7156 875 1205 6804 6093 1857 3623 3150 4772 4321 8197 9742 6048 7199 4318 5660 4258 1712 2260 7172 1460 4325 7953 8733 9857 1372 9335 3307 6933 8984 4821 4457 1268 5829 885 1343 7947 3439 787 3924 8745 5713 21 9648 4538 3812 6254 507 783 6592 585 1508 2819 
2420 9190 1109 3805 6154 1328 5793 4098 8733 1622 4767 3201 8433 2421 1155 2457 8943 564 8978 8954 1405 5239 734 4492 4452 4570 5983 9468 6350 5520 7333 4122 8570 3556 7685 4214 7491 1176 5337 6966 1173 5080 7019 3827 6861 5671 2644 7477 7014 8594 5358 8217 4954 3238 2360 7667 2583 1198 9881 6770 6065 232 457 8264 6197 7105 1156 9601 4468 3682 7094 3329 7616 3076 4002 8414 9662 2361 3465 4090 8891 7151 5889 5295 6235 2827 9518 4775 544 3426 127 3631 2919 3675 5534 1428 6724 2946 2125 4937 
4837 2722 9528 1676 3175 3465 143 9859 9028 6502 684 4502 271 9772 9423 4965 1159 1070 1889 646 6067 8580 8488 1885 5012 6172 3543 4045 7687 9564 8574 5733 1403 7374 5611 1336 5496 8183 8507 1378 5791 5497 2194 4395 4697 1375 4083 6814 4729 4493 1920 3442 8327 8993 6836 1754 3004 5425 8990 467 605 9526 7652 8714 2539 2387 7645 352 5265 7215 6361 3824 6372 7705 9561 4874 8727 7303 166 2765 5652 5958 6285 6610 9374 4179 5456 2015 7062 1861 7024 93 1233 2302 8505 2797 5932 9336 7993 5871 
1631 6957 149 4117 9668 8244 8631 6058 1353 8634 5449 2746 8818 4192 9175 1662 7721 3335 68 2004 7403 1052 3937 2328 2417 8533 9148 4434 8677 4061 835 5720 3298 4767 2546 9617 4010 4399 5284 9499 7167 4725 6293 3500 196 2426 6181 8214 1722 680 1757 7430 8947 7626 2118 5224 1915 7140 9136 2253 7717 9652 5267 9008 9846 6058 2956 5894 1783 3321 6302 7784 9187 1854 3218 8486 3846 2786 1469 3716 2383 2494 8308 2126 6255 9191 7102 1627 9413 3734 4979 4083 4103 1741 9034 428 9171 777 4864 5744 
120 2096 3487 7280 5661 1968 1303 3399 545 4916 1625 9101 9811 5895 1556 7726 5650 9884 8304 7415 6961 4970 2696 9416 9411 1500 6156 6120 3947 12 5626 3608 5191 250 432 3736 1084 362 3868 5381 9740 9430 8283 895 7368 4029 2056 3296 2287 6499 114 2012 2821 7407 3947 8474 3584 6988 6549 6519 2412 2814 6366 939 7194 3940 791 3688 4089 9868 2177 7933 6889 7691 1459 5625 5082 1711 7524 7731 7673 2527 6701 8435 7684 6450 8040 2011 3627 6123 2877 550 2267 6593 2193 966 7838 741 2370 2349 
5218 1933 9889 1103 1128 8967 841 7108 5830 6666 5122 8534 7169 1689 8465 2950 5529 5112 4806 1072 2246 9111 4685 3326 9758 2227 5124 8969 4481 935 2369 2793 9448 1184 6745 8258 8230 1759 1129 3321 6687 2559 321 1542 4054 7670 9281 5585 9579 2768 3719 1612 330 2275 7081 5383 2566 1303 5340 4508 6655 522 1726 6993 8753 9253 5480 4641 2153 4676 3861 228 9315 495 5934 5581 5268 9135 8633 6574 4639 4803 269 764 5598 9620 97 1748 946 7804 6214 6939 4238 5049 2512 9248 4513 7086 6634 222 
7118 1275 8137 7194 6087 4952 1696 5927 2099 7164 4594 960 8592 4796 2908 3421 49 7694 6556 1383 8391 5510 1127 7576 903 2007 9583 680 8387 3561 1317 8791 6248 5608 965 6475 1637 691 743 1238 3473 1736 8627 1205 6863 3088 1322 7863 8167 2949 6201 7407 2302 1646 1895 3755 6548 498 2163 5867 9152 6841 1612 8284 7466 7529 8438 8046 7676 3268 2619 6756 5876 3526 620 156 8465 7554 5519 4985 858 1278 3558 9604 7619 136 8601 7899 1901 2759 3003 2641 4678 5596 5941 2447 9523 8678 2455 9980 
7112 2990 6281 9373 9954 7260 556 8649 328 7042 3195 6048 4958 1015 8649 7561 4770 717 3294 6773 6977 5458 9289 739 5307 2439 9933 5939 9603 8402 9142 4379 4178 1028 3303 53 6932 9609 5177 5764 9946 9432 9321 6160 4658 7962 4591 4022 9904 6658 3323 3477 4861 2412 347 4237 5032 3206 3116 6330 1909 64 8048 6267 2937 1025 6458 2067 3848 4409 9931 2303 8317 4631 1780 2824 6062 3820 3241 2403 584 9234 8247 3255 4542 6053 1777 3801 8225 8801 545 1717 79 2146 2984 4402 4786 8960 7599 8678 
4377 259 2527 5212 9407 6825 5109 1218 5408 8620 8780 9805 5411 9694 6112 7594 7737 4366 330 9524 742 4540 2300 8135 2245 3959 7356 8759 7618 8839 551 2172 4832 10 8520 511 6075 9650 1633 5754 1208 1301 6297 761 9962 9277 920 9891 11 1195 5707 5493 3089 5253 2484 8080 574 2015 4573 9290 5176 725 828 3983 2396 6578 6839 9613 4672 3659 5378 3820 4990 8845 1191 7519 271 851 3135 8158 5910 3306 8297 4676 2813 6207 1167 1758 7497 8526 4054 5519 4225 9223 4301 8620 9258 9767 9276 489 
7574 2730 3572 7408 4867 8351 3324 2582 2908 1142 2768 522 7890 2104 4247 2724 7432 2536 1413 6599 966 6808 9466 665 448 5761 9153 8750 8911 6343 8625 6282 1954 4850 1536 2989 1156 4636 1346 124 2122 3548 7941 5884 8209 3350 3948 8027 2878 4483 8272 749 8958 7151 694 4762 7059 6640 1464 1234 1859 8136 6276 2227 5091 6226 143 7457 5269 6950 7240 8475 5671 1253 131 3687 6435 1414 4159 5147 1097 5779 8677 6322 9698 2803 5755 887 1793 9654 6784 119 6883 9531 5187 5517 8552 4189 3964 1154 
3099 1072 5142 7526 2570 2519 2835 3426 232 9375 817 6439 8976 9562 8377 6491 4762 3546 7038 3923 4111 1178 1750 9497 9950 8642 1989 2869 9099 1532 4932 9973 9224 3910 8959 1206 9719 2923 7809 960 3622 3341 7159 5395 6869 5581 2340 1084 1803 8734 7856 1554 34 8821 2666 5188 9099 1689 2520 8209 6037 9594 623 3552 6728 8089 5332 3349 48 6496 2408 4533 1809 8537 8421 8141 8955 1853 5328 4509 619 6522 5828 1905 5955 3585 3790 9192 9760 2826 6710 4186 1086 3728 7564 7664 6659 7666 9931 4176 
55 2630 4381 8050 9746 7434 3059 6800 1484 6219 4386 2033 4290 1696 7727 4205 561 2272 2699 853 71 1832 9072 3052 3836 5508 5793 2958 7026 9495 2386 2574 3935 4588 6986 8523 7236 3438 5524 2473 3336 7859 6556 7889 7489 176 3883 1069 2938 5031 707 1257 9418 6543 8058 2308 1130 2009 7077 5561 1853 7623 860 7314 5913 7550 4324 4633 2054 6418 2632 6075 8990 4384 6564 6539 6827 5639 7274 9185 9124 6192 8250 4093 2915 9890 6791 5692 4440 1055 1065 157 1186 6589 3163 2108 6125 447 9894 6750 
8642 3958 2563 149 8734 7698 9472 2335 2958 5623 3791 327 1995 4936 9131 4515 5646 1349 4685 3085 4581 6453 3923 7152 2124 9528 2557 3499 1783 6136 1433 1053 6294 629 681 1838 5607 8164 8015 503 627 3097 2352 3915 2105 1743 8865 2907 7040 1325 4705 7523 9166 6681 2102 4293 330 3860 3700 5630 6442 7738 3314 8561 1724 58 2277 3084 6756 4232 7508 4319 2880 7508 6435 5569 1772 460 5438 6372 1190 7327 6502 4701 5685 8948 9685 9684 4949 8277 5488 1545 7753 8211 3511 1183 6328 4875 778 8432 