3393 6943 4863 3349 5417 7314 3004 4944 2366 5362 7111 146 9501 8022 7109 3365 3857 6350 9672 5869 8388 4709 3081 6390 5768 5418 4768 9298 420 674 9094 7661 6431 3807 5749 4163 5531 3757 1833 2321 5528 2900 743 9483 9164 9342 7260 9703 918 1827 27 2020 9280 7657 1093 6609 5146 2061 2022 9402 4324 6418 7797 2390 9855 207 4608 9017 7128 5974 2910 4226 5847 1262 4570 9738 4437 6889 4124 8788 9826 3555 4176 7 8733 2178 769 8015 5972 5322 7288 699 9390 6722 9494 2203 1996 82 8528 1073 
5749 8772 701 2069 741 1832 8671 3399 3614 3012 527 9361 8953 6232 2519 5863 6961 5401 9901 3031 2163 3409 6669 12 1937 9033 3536 8407 3957 3976 283 9530 5484 581 9097 4259 9889 3533 319 4930 7802 5256 2805 8234 8428 2092 5446 8047 958 595 2638 6830 2593 1989 1101 3723 6269 2290 8629 9916 2072 3552 6251 6413 9721 8666 5599 8300 4057 1598 6933 1566 5122 2300 1742 6629 7752 315 2376 6221 4596 4899 9725 1455 9890 7984 7624 4 9273 244 5793 6686 8016 485 1569 9055 3526 2126 9658 6683 
6109 5250 2290 1533 139 1398 3344 5563 5840 4820 2690 3830 643 437 7552 9664 3542 6327 5802 5845 1202 3441 1962 1986 6243 8982 8474 7068 8198 7439 737 5392 1764 9896 4915 5354 1858 8414 3693 4453 2675 2489 8899 7173 963 4377 2872 5870 6292 9645 4069 5533 1820 2622 3031 7865 4822 5328 7816 4254 3171 2669 6864 591 3009 5891 1908 3064 396 6285 2288 5281 2156 4927 2577 4114 8364 4397 7747 7961 4601 2569 3289 293 386 4547 3557 1003 6773 7946 2664 1026 4838 5728 7774 1123 8017 9631 6598 4335 
2208 712 3860 4190 7337 6021 2984 6009 4222 9351 1743 4314 9718 2806 8774 3278 6478 5471 8608 1123 7856 7220 768 766 3999 240 680 1795 8904 4946 6683 2378 9231 9475 855 5171 9285 569 5502 4193 4667 9686 2642 134 6105 8857 1649 3968 1038 2787 7280 1738 4201 4213 9181 9975 6907 1044 4886 7010 1120 5807 4683 8082 8454 9228 7185 5025 5504 2190 234 2260 7237 7552 5289 1104 3831 2784 6127 315 9282 2170 2107 648 8747 2597 3361 1749 3696 2132 2507 9407 6423 9949 1997 2297 1338 6706 3227 7383 
9750 2995 8931 476 8836 3176 8465 8856 6189 4801 4056 7526 2222 4091 4258 1086 2735 6312 9058 7822 5776 5418 6094 1603 4604 1472 5100 4257 5776 8244 7932 4354 1956 4318 7529 1014 5233 3368 411 9398 7040 1309 4408 7064 4054 4926 5569 9566 2909 591 2224 4129 1358 7365 1757 6754 9302 2732 6977 6130 282 6450 1836 9791 8901 2817 5125 7129 6503 2805 6312 4383 696 4385 4155 4507 2626 9094 3443 7995 2612 1665 4860 1471 4135 4641 6531 1038 17 5343 4181 5353 4008 6565 3231 6979 1114 9942 6474 969 
3881 4247 6485 3050 6126 6677 3737 7895 4047 3609 1303 6146 5111 6068 1237 2728 9405 3543 689 7687 37 7884 9821 7656 9889 7098 6492 5607 7817 2640 3134 5175 9473 8497 3262 1088 5751 5110 6176 7096 8857 7871 2066 4265 9115 402 8831 4582 6907 2397 1764 9714 8054 6472 6785 6205 7764 1568 6539 6084 1570 7126 5966 3128 3041 2488 4309 7939 8005 7411 3134 761 3559 746 3360 4406 8734 5904 3720 9642 3184 8817 6609 9624 773 6919 3410 3361 3316 2903 3661 7381 2248 7418 6554 3425 550 1960 70 3948 
8044 2544 4556 4748 9962 4620 586 5423 3430 7668 9479 7332 8205 2006 1340 1772 3370 8232 2683 8869 7071 5258 6348 2084 8030 2560 7771 3196 5703 9614 9383 5871 8456 3432 6505 3175 3713 7258 5741 1507 9204 5407 9469 455 3247 7046 8111 9504 8712 7059 3582 4188 5467 3916 2818 5047 8786 8910 5943 8618 905 4692 5854 3891 9084 8148 1564 8295 8050 6130 6123 6516 9140 3606 5361 5222 2491 8038 1800 5065 3452 7735 4326 1597 8549 6234 981 3929 4792 949 7677 3465 5736 8422 3636 2460 6297 7246 5488 2304 
1855 668 2526 7363 5580 7551 3791 5797 2683 2086 5410 1071 3081 8104 2007 4994 7143 6473 1461 7193 4361 4801 2289 2166 7585 2364 8819 5506 8365 2731 4796 4795 4798 3284 9600 9594 2862 9402 8056 7857 6755 743 8871 8058 2451 6897 3017 3183 1214 7581 250 1617 92 2039 3798 5288 6194 1230 6003 828 1233 1937 631 2852 3295 983 4813 6107 7967 2502 8180 1152 2160 4297 4037 5574 155 3559 4060 5001 3743 5496 3633 9968 7948 3908 3768 3018 8657 9281 6701 2669 8885 8722 207 6755 9835 5333 3896 6679 
4025 3442 4425 5395 221 2631 5074 3013 4877 3094 535 1401 2983 1730 8214 5915 8565 6268 2283 2380 3517 5850 4103 8978 884 7232 7895 7900 8038 7928 3567 440 913 3741 4026 318 3963 8265 6285 3182 7454 7231 2606 6173 9194 4369 6906 3024 6989 5522 7619 7559 8373 9121 578 9862 4026 4560 2342 1385 9416 7363 1275 3148 862 9732 1005 393 646 7538 2803 2941 8823 9686 4364 926 6601 7604 2161 987 4709 8454 2375 8895 7748 4070 7760 4778 6941 6799 6604 2192 7905 8459 6613 8815 6809 6915 5303 8721 
5717 4352 9405 134 5126 4851 6899 5612 481 800 1818 5682 8819 4242 9380 6742 1911 9186 8514 1799 2652 9543 2351 7379 5850 987 6807 7939 4360 1590 291 9543 6203 7271 1145 9002 4674 4064 347 5853 9917 5660 4493 3876 7995 5492 1022 5095 1928 7577 5624 6610 7809 7561 5681 6561 8963 7692 6675 9831 125 3038 8881 2794 486 8560 7398 6275 5894 1949 8515 3546 589 25 257 168 871 7445 9049 8558 7180 9126 9942 3155 4302 1660 8857 4153 749 5167 8668 9806 239 1671 2278 7099 1252 8354 3867 1835 
7993 5057 2935 5341 8024 3967 6322 8755 5620 7130 4509 9991 4424 1478 6588 8420 2814 2008 5488 6136 1679 1495 8702 1166 5590 4168 36 1976 4586 7043 2691 3842 9697 4241 7841 1522 1125 6340 2696 3091 4093 2050 9682 1041 1820 2232 2537 5839 6964 8238 4188 7286 587 7110 5001 1617 6704 9760 5277 6733 3629 779 561 7185 9224 3640 3915 5260 1281 1553 1049 8236 7291 8414 2093 9372 2457 2649 4237 3826 6924 5765 5353 7244 1048 8043 4612 77 3059 2972 1805 4370 4104 8508 7946 192 298 9729 4192 5043 
8839 6719 7297 9090 9265 2646 2103 8156 5612 1388 674 8623 2694 607 2991 7404 518 352 8975 4896 3711 9281 2052 5043 361 9317 1803 3548 7038 8954 933 8056 3557 7269 9595 2169 6543 5826 8508 9977 8291 806 3489 568 6 8019 6706 7311 8802 1509 6152 1577 6842 7002 2424 3762 2340 861 5125 9923 7177 3414 4558 9167 8080 1446 8367 5234 6050 470 1162 5048 412 2072 5932 258 8130 296 923 3405 8063 7502 5960 9613 5928 7962 5655 4052 7902 9214 2612 6158 2760 2506 1646 7611 8081 4351 9707 7894 
5324 8861 934 5489 7894 4710 7203 9992 126 4238 4081 4742 6249 7896 3107 777 5624 5063 8859 4542 1924 5442 8671 8063 3186 9912 5565 1717 4750 6293 1695 1980 4789 2979 7408 8739 8239 5007 4147 4264 5887 4946 3861 4279 7793 8181 5640 6836 1236 1944 3451 6347 8759 2827 2033 9972 6851 1954 8248 6028 3797 3746 3844 10 6377 7127 3202 331 5091 4145 6017 3261 5382 4313 6713 3072 115 9397 7927 1351 2528 1500 6274 5345 357 5527 3560 5858 7993 8066 3318 1327 743 4392 7056 3932 8940 6453 8212 5906 
4156 740 7014 7354 9651 9590 9826 1530 3150 4452 7495 1042 5561 713 4477 7633 7918 4557 6130 853 6106 3884 8077 4255 5159 8279 728 6202 5171 5972 3970 135 9058 6806 3645 6139 1902 1912 7185 2761 7160 1815 1108 7493 4723 43 3462 5743 4220 2058 6202 7616 5465 15 1729 2585 5929 8150 1555 9813 8339 1834 4396 6491 840 3627 1418 6173 3210 1249 4848 2563 9065 5342 5873 1098 1965 2781 1883 995 8052 468 8206 9635 4348 8902 2492 5126 3790 3821 7554 4802 2507 5310 6630 6752 9754 4408 4550 9966 
9618 4146 9570 7496 6322 9847 6425 6899 2001 4871 7753 6407 4803 1818 3874 7522 128 9679 3166 1150 3267 2165 5984 9184 489 46 159 221 7018 7021 3772 3443 1415 712 7767 6210 3083 8463 2288 2754 4402 3601 7929 1935 329 4166 2880 2058 8404 3472 3567 8436 7254 431 2010 4725 9912 2370 3516 4039 8476 4425 1344 7170 9614 4852 7296 5804 8779 7633 1327 3878 870 3220 4246 4680 7522 7682 2884 7753 6792 6220 6752 3516 9754 8861 8510 246 4146 6986 7838 7593 3333 2857 2211 8833 7186 7585 3015 9590 
6537 5494 3694 2965 6353 2219 6508 420 4348 8902 3821 4756 6211 2915 1903 6564 1388 1165 4390 4298 8832 9437 6169 7826 7960 3380 6380 5811 8580 1346 4014 5676 5629 2925 8440 9864 4413 7148 7563 5015 5969 4212 5494 3717 1082 102 6815 6379 6293 4663 4610 4970 2533 3384 2966 5850 2855 2372 6983 4059 9591 6463 2124 1763 3635 5147 7405 254 48 2610 7249 4132 4165 8761 888 4291 5223 5019 8409 4140 541 4389 5237 4976 8571 5755 5951 729 9871 6282 5642 59 8882 664 3368 1724 7780 7792 6022 9704 
9208 9744 3766 1920 3793 1415 6344 1382 766 2621 3364 45 159 4698 2332 7342 9103 4330 3981 619 4468 977 1880 7199 1298 3630 9550 4591 1980 4151 2941 5011 131 8109 8657 6132 3215 8499 4797 4715 3629 5311 9587 2010 2167 9887 6868 4345 1878 6605 9893 5273 1486 7244 4397 5000 2020 9055 4825 5915 7557 356 7144 5664 2142 5924 9771 9298 9409 1899 1267 9816 633 2186 2640 5202 7344 9344 2376 7545 6594 3223 109 200 6558 5240 5398 1799 7169 2402 4409 214 8036 4327 4929 7329 1533 7335 3623 3629 