4684 337 377 3947 4988 3825 7640 2573 6786 8079 635 7934 2964 8190 3920 2887 58 6633 6665 87 7715 7377 4377 1998 1821 442 9809 7398 4222 5873 3025 161 901 4064 2511 9506 2067 9433 6968 6158 4906 3866 4154 8896 2598 639 5542 4571 1166 330 4938 5766 2912 3794 5098 7882 265 4548 8924 3229 2928 169 3042 1035 7035 9702 5805 8741 8896 2043 6798 5634 3460 286 8051 1905 8000 9797 2433 5638 4033 3930 3778 3381 4298 90 8347 4312 9961 1357 4532 2144 8458 2405 5612 9174 8386 5344 4482 2739 
9350 4524 2400 773 8679 8409 5895 9291 8969 4711 8852 973 6158 8015 6548 4263 2785 750 6419 1067 9171 9284 716 6496 7852 5903 8580 7074 9763 5366 9686 1816 6001 3431 2972 7757 396 3584 6732 1719 3836 5740 1413 8394 4170 909 1864 3334 7804 3782 446 3970 2532 7226 8757 7346 7399 6620 5356 1020 5468 1690 3704 2431 4421 4059 3098 8477 463 8390 2549 3884 9752 3957 6401 5542 5863 679 1083 8885 6707 8012 8897 3319 4231 467 2202 9532 2991 7291 8445 8157 432 3361 4169 803 3059 7654 3375 7418 
6554 3425 8063 3786 7826 3380 6036 8238 7077 5641 7308 9326 1640 6700 9534 3060 6099 6210 2142 8360 8522 8369 681 182 6858 440 5029 8088 7640 2976 8659 9230 4830 5180 2488 4112 4486 9762 2407 5704 9597 5268 8248 5750 6764 8361 3192 471 2525 5043 1531 9344 8426 5797 8124 8370 6131 7332 5744 8645 9414 3761 7109 7687 6092 3358 4950 1791 8721 824 7640 8013 9617 9720 3401 5947 1534 8968 2470 4389 1334 4860 1148 6896 7986 3893 31 2446 3333 5635 4211 7639 1409 1194 1917 238 9849 7835 8566 4826 
560 9358 3541 6254 4587 4436 2220 4788 9924 5155 9497 1059 8464 580 2555 661 240 8797 7907 5039 1697 4263 4530 1307 2485 1149 499 1456 7902 7382 8168 4536 7046 3029 4961 6417 3369 8864 8385 3196 461 4531 6412 7602 371 1061 6328 1581 2552 7601 9967 2776 7612 8426 2012 5208 3280 6336 4323 9532 1984 1880 2141 4520 5366 5529 888 6093 8537 2940 4950 2028 2012 7796 5866 4403 507 7102 1829 8487 3296 6139 4981 8560 6764 3892 8353 2953 289 9890 6447 7627 2302 2698 4015 9913 1030 4458 2135 2815 
692 5906 3154 7500 600 8169 7668 8264 1356 5711 7417 4538 5845 8545 5588 5015 8771 8261 6198 4652 6881 2780 650 4189 6268 6318 361 1578 8040 7106 3203 3744 9873 7370 1154 1728 6993 7814 8077 6746 3919 2010 1813 7504 55 609 7877 4658 9370 3827 3683 7080 4512 6872 7882 4595 2881 7029 9577 7616 5796 7878 2133 5878 4069 9803 8476 8574 4569 1522 9975 8513 9253 9342 1389 5710 6507 864 3141 4371 7117 9994 8254 9971 3994 1366 858 9434 911 446 2103 1862 8393 1094 6626 5327 4776 9355 4931 3601 
5948 7250 3408 8918 4146 4065 6090 5608 9154 5591 5544 4200 1720 1465 3768 1883 1718 8485 3862 546 6291 7113 6098 9725 6464 3363 9454 7030 6971 4405 3119 8889 5098 6113 3872 8993 6110 4661 871 3219 3670 5126 6503 6089 3935 9917 2174 3501 5730 300 1451 4458 7114 1071 8513 5571 3228 8196 6248 5152 7269 6886 8390 7329 976 7694 2904 3361 1164 3031 1870 2774 7343 3316 8938 3365 2592 4176 6338 3922 8989 3231 4870 83 1313 253 4982 7042 3972 2160 4053 1459 9153 1133 1793 5572 8431 2832 5343 7372 
3351 6881 541 8353 8362 6886 4626 1627 9890 1812 306 6256 4316 1388 5980 4000 862 5676 4200 2428 2090 7967 8628 8545 7501 1997 3000 6685 2322 8869 3029 1906 4826 2762 1948 2221 3591 9807 849 8079 7995 724 5335 574 7046 7093 8793 85 797 5671 4441 8099 3875 6478 617 5640 3275 207 2637 9278 551 8932 8677 3608 9294 813 5688 2348 4895 2481 2482 8609 7665 2425 4801 8847 5245 3251 5859 3723 4168 6076 7844 4091 842 336 4895 7457 3878 9661 961 5626 8973 1246 2076 9686 6149 9621 8963 972 
3497 2845 911 4833 6623 8090 3477 1204 8815 4950 6546 167 2037 16 9678 2301 9213 6111 6476 2263 1310 5635 3970 3725 5772 8187 839 4759 3739 907 8689 7453 6743 8262 3989 4293 7433 9554 43 3544 2306 6991 7341 7941 1311 8019 9498 1574 6376 977 6333 3592 7479 4222 5018 7735 5359 8380 6788 4913 8423 7296 7082 4637 5023 3442 2300 9394 5331 8151 1708 5480 8176 6751 7245 9685 4643 3246 5020 1626 7300 6285 337 3582 366 4571 4859 3808 6872 4254 9139 5023 7199 3606 7765 9820 8993 9505 3158 902 
7073 738 1644 4021 9513 6243 4130 3098 8384 9686 399 8409 5471 3303 8697 2841 2243 5336 7255 766 5310 8609 5261 3215 622 6659 662 5945 3745 4511 5994 6149 5497 8713 1376 2609 7766 934 8107 8490 3965 1130 3390 1626 5643 9969 8478 9195 1670 459 4452 4770 203 2569 3027 3654 539 5632 6661 2682 3720 9307 7174 5057 7214 1582 1599 3710 4704 7655 8100 8664 3333 7207 4275 1359 6406 1453 2126 2763 631 4265 6689 5272 513 125 6100 9364 3069 9630 9130 7607 8438 7444 7370 8604 3975 2414 2419 3769 
536 5752 4211 1571 1509 8879 558 9052 2374 2933 1534 3354 8076 8166 9617 5545 3279 1006 8885 1087 5148 6995 1902 8125 4456 5327 1190 1205 3365 9050 1551 2162 4201 8919 7337 6719 207 6798 3705 2901 3610 9532 1076 1316 7687 840 9311 474 1869 7552 9720 9683 6925 5108 7321 6545 1151 6804 6457 6149 5587 9718 7395 6354 4390 7470 5902 1379 1324 7398 9396 8698 8637 1151 2857 2735 8990 7596 677 7652 8714 2387 7865 5254 2503 9627 4078 7669 6827 1195 9561 3266 1131 6780 4814 8091 4537 7825 2393 476 
7062 3843 2229 951 9773 4550 4732 3934 7437 6031 4973 8663 6425 9302 723 2155 2087 119 8755 2368 3460 2274 620 1051 8605 9773 9870 8698 1616 4457 1553 8301 8009 6667 2623 8181 7866 1017 3317 1951 5057 7626 4793 8789 2268 8034 2206 1505 6397 11 3406 524 5856 1875 6369 6306 2857 2934 7613 3415 9412 364 2646 6483 1603 8413 1098 471 1485 6215 9181 948 748 4600 7551 6892 6740 5999 75 2340 1152 224 2646 5468 6812 4159 9903 8 5074 4735 8578 2211 3452 7292 9866 3331 4113 1819 9371 3470 
199 9443 2567 4172 1181 3399 6834 4119 5888 5495 7057 6723 2125 535 1148 4995 7767 9774 854 7861 5002 5520 8332 4846 4221 7176 2112 8836 4852 7590 4358 5620 3953 3358 404 3675 2731 3997 5496 6200 947 9510 8362 302 6357 4165 4089 3251 3474 4784 1223 9166 6399 2829 8574 6547 8710 6473 7060 5879 7691 5479 4924 810 2733 1560 6838 4987 7800 3249 6972 3986 4794 9106 4022 9181 5895 9500 4277 3756 1775 3133 2085 3081 6363 3484 2624 8415 5019 5609 5338 8339 5040 6999 1766 1326 1775 3301 4914 2588 
6110 718 8070 3758 1221 411 4843 2570 7203 2807 4850 5905 4452 1564 8335 8760 8581 4825 4385 1385 5581 5795 1151 3639 8343 937 6698 8929 2944 4856 2093 6030 4548 3250 7979 5693 924 6208 619 5847 18 676 5589 8489 1827 1375 5858 3837 7045 6114 8049 9903 2678 8664 5672 7122 2361 4493 5816 763 4570 9877 6234 7642 6772 9790 3944 9717 6784 4248 6071 6528 8433 6678 3406 4889 3701 7930 2672 7250 3442 1299 3686 9940 4661 1134 941 8627 3503 7241 909 4860 5735 7476 867 5932 1143 7568 4106 752 
3569 1920 9219 4107 6256 3400 6813 692 826 6149 7174 1877 5554 7752 1276 5709 1197 3981 2817 9377 6238 2182 9886 5515 6281 6449 4678 8137 1838 5500 7823 3379 321 4462 3865 5515 5235 6594 488 5408 4318 4023 7152 8637 4271 6964 9539 9167 2779 9739 585 3469 9116 4884 7570 4851 1637 7067 799 7502 5314 659 5626 7601 7730 2308 9669 256 4500 1492 735 3441 4560 2096 8771 2242 7412 8316 7429 5612 1634 1175 568 7466 6702 9620 1139 8326 5210 9755 7838 8771 5116 1459 6575 3290 1172 8971 322 7814 
3449 2851 9727 8988 6430 3190 4241 6385 5908 3432 6550 201 9134 9902 1088 1787 9600 3168 2156 9525 1900 1727 1932 4313 7419 565 9501 2738 8690 8050 207 3515 2916 5132 5865 5277 4918 5924 8771 5433 6147 5562 8766 2463 1770 3039 1759 5466 5461 7935 3675 4489 6098 5759 3083 8036 3682 4183 3635 328 6192 8123 3520 3910 1125 6403 8996 8282 1543 9185 4253 6906 1373 9178 3555 7184 8586 9730 5064 1063 8445 7667 4314 7765 1023 8748 1658 5964 9376 6897 9051 933 2198 4033 8056 9518 3143 4121 9063 370 
3305 3936 9900 2098 8741 8133 4003 3292 7075 6156 3370 7828 890 2367 4483 3767 6161 4440 6290 9257 7935 3845 3000 8464 9053 3266 1372 34 8338 835 2455 9798 9591 6345 7229 3616 9242 78 3373 4140 1428 2104 1069 6918 1102 9318 2341 4761 1645 3010 1601 669 4918 1877 7098 9501 8922 1646 8765 755 3201 533 323 3391 1982 7820 2271 9803 8216 603 6223 5650 4281 1108 1597 20 1316 663 9949 8798 8303 4307 8031 6661 2791 2559 5716 5515 3225 3928 2454 9426 1019 5629 811 8440 4152 6532 750 6455 
7148 5969 4212 5494 3717 2949 6815 6379 6293 7058 6661 544 2829 1471 7106 95 8724 7710 5974 5804 9113 8762 5970 5387 3381 6836 3237 6528 6557 9369 1204 4563 5670 2214 4375 800 7094 9538 4629 838 6291 1775 5943 4943 881 3817 7620 1926 2878 7869 4879 9066 5689 9245 2317 8963 8497 7208 9339 2697 2344 3245 2215 631 6626 7224 4875 6801 1106 9696 1760 9088 721 3670 5542 7876 2037 8444 2664 9204 3730 1499 969 9495 6330 7036 5363 3872 9469 9913 1018 4258 1109 7515 6204 5537 1750 6568 9944 8908 