3957 5542 5863 2988 9328 1346 3800 172 3807 6786 6833 9692 6270 2336 5148 1902 5327 1205 1475 9050 6038 1543 854 2257 7337 6719 207 8034 4896 7433 3610 9532 4109 7022 7687 7684 7774 295 3904 4525 1869 7552 9735 7609 9720 8417 8984 5092 3586 2665 6998 5410 8473 5152 5592 6856 6111 8077 849 764 7108 704 5242 2742 9052 2744 6002 4242 5086 8027 4590 355 4222 6612 9680 6168 3995 6930 7290 8651 2351 9094 5326 5783 2887 5853 2360 194 6461 101 391 7881 837 4343 5193 1788 1672 5835 4186 3147 
9166 9630 501 5033 2987 9753 2202 4697 6952 3748 488 5631 1725 5439 5277 5275 9202 8454 8624 4384 5504 9540 8953 2120 3024 6750 8024 3182 6999 2369 4074 5250 5207 4769 7585 7299 1207 1218 3166 7831 2945 1672 7342 9590 8181 8131 9248 5308 1817 8371 3269 5449 9985 8442 1497 4813 2945 1888 7932 6303 788 5278 5204 6010 2295 1357 1929 9606 5032 3023 2863 4602 8326 1292 6456 6795 306 7016 9184 2441 1690 8474 9947 5433 8644 2634 5365 3926 4877 9082 5550 1653 9964 3528 3989 4095 4485 6283 394 2175 
702 2799 1857 980 1358 6734 7714 8406 7938 7126 3840 4821 8016 5803 5544 3594 2825 627 4558 7097 2126 8117 9909 4521 1678 1645 2941 9509 1157 2263 4747 3998 4904 9241 5943 2921 3244 4337 1826 8344 3543 2788 8817 2776 5749 3449 8892 5867 233 1527 9119 8671 6674 6814 2564 2163 3059 5278 490 459 37 9891 8562 8314 8811 7727 2009 3442 6074 5035 7313 2346 673 6873 5847 4477 1558 5530 6575 2187 8506 2446 8842 259 4819 9165 6129 6700 6886 6506 9073 9308 679 9268 2547 408 1749 5383 5709 5848 
9038 3653 4105 647 5446 7019 6192 2960 9676 1603 1518 2170 1455 7728 3920 9535 6196 7889 587 7534 4178 5498 9053 5118 815 2223 4394 5183 7374 1484 5859 3939 1271 7634 7285 4873 4655 8348 1122 6313 6457 6382 2641 2446 8619 3617 698 9394 7852 2399 5820 8256 7 598 5541 432 1990 329 5153 1420 9135 6490 3282 8228 4019 1735 6850 640 4419 8468 7144 7415 4811 4750 2591 1649 3430 7280 5577 1235 8141 8063 3786 2277 1837 6997 552 1650 3860 325 2331 6359 4190 2253 3750 6486 5642 2875 6102 9344 
1191 2140 4906 4855 9796 1746 1405 3197 1689 8613 9674 5654 6861 8158 7315 3010 5402 411 7882 1065 5365 7789 9082 5550 4734 4095 394 2175 7434 702 1857 7714 7126 9938 6101 1942 9815 5837 464 235 6278 7922 8540 8743 3975 9379 8417 4934 8445 9989 7175 8187 1517 9464 6885 1559 8643 2978 8041 2194 5260 5646 2239 1551 9594 6197 9686 3591 1573 5335 3213 9189 7052 3635 2413 2358 302 4162 6493 2487 6179 6737 6666 8030 2020 7561 5695 5812 2080 890 4179 1356 8369 5674 9273 744 8672 4469 7126 5109 
9700 8195 200 1590 5114 3988 6250 5852 4046 237 4507 6616 8754 750 4570 4533 3792 794 8229 9079 4179 8815 477 7912 7369 8668 6506 3608 2214 2712 7838 7486 7389 5195 8933 2726 4617 1907 9279 1683 9072 1271 1899 9997 1142 532 9910 4839 8519 305 224 4565 1671 483 4601 6051 6325 1640 2433 9090 1213 974 5539 380 4984 1072 4170 181 6755 1003 7765 3451 7538 9951 8216 8082 764 2159 3837 9953 79 2987 3031 5886 1870 8498 3316 3365 9437 2769 8021 5201 5140 1206 8989 7011 4354 280 4870 6865 
7393 6638 9137 6310 7863 1459 7419 5579 1232 9880 7949 5916 2830 9930 415 6482 882 4963 8223 1049 6957 3641 7130 9839 3780 6312 9809 6727 9561 7612 6524 5840 8499 6889 3020 2727 5937 9910 9007 6689 8049 9431 5307 4051 958 9313 5178 7284 722 9948 4682 4364 4314 5502 9200 8084 2286 3185 3571 99 7664 1118 1990 3153 2061 3716 3138 9402 1277 8352 6315 4498 3513 9386 2934 6860 3658 2098 4891 8542 8 6580 5412 7391 7933 4179 6378 8149 6854 7129 4518 8687 9434 6964 3812 5139 8300 2124 5175 5504 
2634 1378 3178 2247 5828 4068 8597 3231 4252 5534 3065 3444 8199 3517 4507 3739 176 15 7408 9042 2869 7268 5959 9686 3180 2493 4425 5169 9875 145 7669 3064 6303 4567 5379 8656 5320 9422 5998 5096 7140 9569 8985 4350 1747 1687 3972 64 3424 5161 5783 899 4391 314 7443 4904 8250 8026 8178 6183 1174 4418 7252 9212 794 5684 529 8713 4865 5042 3162 8 3321 5827 2009 3698 8232 17 2781 1285 7405 7956 9164 3126 9723 6289 8126 8176 3031 4314 7115 3464 9408 2687 6720 1991 4676 7112 6428 3834 
3068 260 6183 8628 1363 4215 6252 5098 5106 4518 2582 5893 6430 3479 4721 439 2691 8645 1060 262 1312 8386 7685 7615 5921 3216 2849 6011 6356 802 8945 231 8556 977 4663 5021 6878 6203 5621 8595 9288 8832 4937 7624 6886 1824 9861 7698 760 9098 4045 219 5952 430 5573 1939 4149 9051 6371 7125 3644 3833 5548 4830 7973 6800 6196 2253 8234 1644 4046 9873 1854 1109 9996 5238 271 5433 705 9433 6549 4318 3198 8594 4826 504 3638 7875 9890 7977 4468 6968 212 1051 4252 6371 8216 6877 2486 8587 
911 9001 6825 3647 9468 8964 2881 465 6371 5964 1318 1680 4857 1764 4392 3822 5371 2686 1805 5153 8121 7927 9692 3591 2431 2601 3630 2549 5863 4593 5739 6566 6727 3539 7587 3219 8572 3268 4841 5958 4367 9524 9904 1610 9401 5789 34 5715 698 2253 6784 6084 8408 1878 1447 9138 7366 2297 2529 1303 9999 8616 5034 1359 1943 2368 672 4469 9122 5286 5599 6018 6426 1632 3276 5090 4809 1420 8875 1647 3184 7030 913 5607 2563 2606 1214 7610 4288 3920 1608 9640 6129 2216 2749 6409 2503 1874 5570 603 
7325 141 291 4424 158 2032 4636 1909 9624 6520 2085 1457 800 3831 8043 1136 2094 3045 6082 2072 1793 6922 2307 5195 3238 3666 6333 8496 4515 720 4612 4146 8881 3564 5024 3291 4351 9385 6761 3878 4278 5982 4346 5310 1037 2120 5436 3504 3473 5923 2898 5457 2776 476 4206 2955 5595 8129 8407 684 6714 1143 4041 2080 8049 5128 4267 5230 6896 4263 8309 9267 4168 6566 8459 4081 7364 2935 3877 6542 8274 9796 7518 4218 8747 7414 7466 6883 7559 2138 7961 4779 8194 4026 7474 4534 6016 1453 1293 5911 
9398 8946 9236 7201 6058 9840 7751 3487 7947 9809 6284 5402 3555 7659 5183 8722 6170 9652 4627 116 4594 8492 1882 4318 836 2889 5617 4571 8657 9938 4529 5416 7517 6258 1559 9944 5583 5129 1885 9689 1881 2986 1960 8136 4040 2669 8220 5949 7773 4391 2169 426 5472 6189 8932 4958 1549 785 7822 8890 6423 4280 7949 9498 4469 6994 1576 4519 4488 1001 9891 4431 4399 4494 6511 7282 6680 6672 2306 7197 6853 8494 1265 8307 1366 7143 4092 5920 921 6478 6562 4071 2023 7554 6547 6399 3552 581 3859 6665 
4758 4038 8975 9397 7220 7220 2704 5204 2274 4772 8765 3002 5171 5016 2955 4346 7813 923 3564 1819 7510 6820 1438 8334 516 3245 6248 5811 8572 9328 3793 2862 6988 6313 2959 3045 8662 481 7792 4995 7892 8506 1401 5281 277 7871 350 2482 7908 3202 8207 7332 2229 1744 2018 6742 5693 5917 6893 7786 6368 8016 6115 47 5942 8479 5720 184 4860 4824 726 6288 773 8583 2498 5842 4681 1552 3117 6819 3167 4217 4066 7958 1479 1489 7556 1185 9087 2140 2250 1236 8337 7594 7948 7023 3768 6412 8449 1938 
5680 3344 1539 8908 5098 8464 4626 1299 3810 2979 2489 1192 6410 7108 1562 4266 1032 2283 5902 7766 2549 1396 8662 9250 2652 4245 4924 5015 7602 3043 5960 1627 386 3570 4650 8880 6297 9886 2078 653 7311 8687 2198 533 5566 5833 5289 1018 3589 7767 3200 6761 9534 6056 8026 6435 6245 7165 6025 6709 4483 9316 6069 5443 4014 6678 820 582 6552 6665 9397 3930 7363 2922 561 4242 9910 8093 8099 8421 9086 3507 4489 2550 3942 5214 5326 2273 6301 3509 4509 5534 3587 1304 480 7788 1520 5794 2156 5743 
7851 8530 1694 632 6429 1073 8173 8181 6933 118 9206 4345 6915 3848 5133 8751 5215 7878 9698 3915 6237 5409 4924 4556 3026 5129 4186 402 6837 9410 8947 533 8720 3519 8669 603 6451 7089 5753 6889 504 2054 4648 5728 3451 3968 4754 2310 7781 1171 4960 6243 9077 4074 673 9096 7628 1681 9957 5122 5710 8035 2566 6441 4646 2998 6464 4967 7752 9239 5534 6763 6049 7666 6435 6039 3460 2529 1269 7441 2546 9302 6864 6152 43 545 9879 4596 7761 2516 1579 7951 6079 6261 7286 4957 8841 616 3225 5299 
1334 5787 6936 2578 241 6195 2822 190 7515 4265 6327 6161 6402 2464 4212 1686 27 8551 2390 7218 2120 9988 3580 600 3252 7277 1381 6974 1865 120 7670 9124 7041 7989 6604 2364 1243 4022 1841 1166 7166 6808 7882 7982 393 5339 6949 994 2478 4079 1597 6704 9115 6997 1332 3108 1514 3820 9061 3402 2701 2961 636 4989 1361 4180 3042 6519 4141 1837 2792 485 5188 6949 2880 1320 9700 3942 9720 9915 3006 5794 7526 7907 8636 6331 1683 9186 1067 4978 791 6786 9430 6774 9684 3103 7922 3777 2391 9287 
5117 429 8951 4620 4632 1964 3454 923 9286 3276 2861 7991 9170 5885 1314 9891 8296 3946 2953 9861 7506 8897 8351 7569 6807 4771 5817 9045 9893 6737 3025 4115 9309 4651 758 9917 1170 5580 2374 4564 7621 261 7347 6067 9752 4618 4124 6079 4657 3613 6558 3839 9339 6976 9847 9973 1186 1572 4011 7893 6681 8479 8554 4267 9687 400 1921 1895 3222 5725 7740 1448 3647 5301 1982 5751 9864 658 462 2123 6661 7035 7500 3284 5915 7533 6981 2599 7544 7147 6577 6027 4756 3229 6686 3807 6426 3643 767 9449 