4218 5226 8727 3822 8858 1658 3800 1805 3807 6786 9692 3704 7453 1150 5627 7232 4960 4964 5251 8436 4422 3064 802 1071 9770 1415 5408 8830 6789 4165 912 9888 886 3486 7543 5477 232 4495 4338 5631 5547 7003 487 6267 7539 2232 8883 3994 7826 1124 7024 7826 3409 8758 6498 1061 6913 6691 6323 501 6352 9628 1245 6018 7397 4748 8857 8362 4498 6557 6282 2977 9200 3289 457 6510 8076 4377 562 2678 5524 2111 7431 6054 2457 9880 7192 8884 8480 1327 5147 2679 9859 6606 5452 5070 7591 7258 797 7707 
324 9000 8859 3880 7582 9004 8906 450 7309 5920 4628 3029 8330 4245 9061 2542 9830 9747 2767 1661 4038 7229 2175 7537 2367 4638 8665 277 9325 2153 5938 6911 8220 3164 7339 6 9000 9241 280 1482 2001 6967 7245 2608 7421 8944 1787 6284 37 5284 8425 2368 5249 6096 448 771 9048 6486 5939 5638 2214 6179 634 5259 3385 3654 6247 7544 4726 1344 6921 3168 5572 4017 7783 7591 7233 4824 5777 437 1937 5493 3794 9476 7305 6817 5876 2443 484 8499 1886 8168 8756 2337 7099 5671 4637 939 2765 1301 
921 7636 9541 9061 7338 2685 8338 2269 4112 1003 6227 5021 2211 9357 6788 3117 9287 7230 8336 6147 742 4693 9098 331 6950 9619 5533 591 8945 1816 7156 8069 7470 6081 6962 3111 9396 8698 4768 4855 8125 9689 431 4068 6948 5095 1087 3201 6945 5953 6649 2990 8519 6236 1574 564 6450 1587 3750 7047 2661 4172 7831 6472 2029 5199 6997 552 9020 8854 3860 325 4498 5827 3750 6154 1328 5793 8414 4098 907 4767 3201 7699 6368 1991 5279 9562 9652 504 2777 213 2355 6581 1676 9340 3585 7608 3696 714 
6640 3419 7033 9641 5958 19 1932 1061 6069 4910 8515 6593 7126 7489 9765 5144 2976 6981 6086 3365 3110 8903 2201 9862 6416 6102 7699 1191 8943 6623 4855 1746 8720 7585 2714 2598 6315 3811 6909 5542 3577 1207 284 5685 2500 7367 3010 4230 4569 4958 3596 7387 4280 4519 1001 4702 358 4174 1299 8657 118 3872 2253 5243 7706 3094 8358 1791 8664 8721 7711 5989 4374 5719 9328 1346 2080 4689 78 9030 547 2920 1878 263 4257 9646 5302 2890 8112 3284 8628 5987 8980 7674 8452 6358 5515 2983 2773 5381 
2793 4898 1324 394 393 2260 1782 2446 8846 2029 6707 630 5785 6451 4008 6028 4836 9753 717 1954 7402 111 5644 7776 8576 2752 1097 794 9150 4098 4925 7820 1609 3121 1153 8135 230 3556 617 6909 3353 5665 8557 9657 775 9282 1332 4928 6797 2487 8231 6861 9856 6570 6591 4055 3767 9338 1151 9973 6726 4377 4570 5892 5931 4928 7775 9799 9857 2270 8447 5280 6142 3822 4248 1804 8190 1208 5491 2980 1428 7165 6354 5347 5947 1929 3649 6559 6533 4235 3791 1632 8824 5234 3871 6018 5529 7705 5185 34 
7151 6727 4193 1239 7134 6265 3221 3623 4676 8802 836 3451 7686 4043 5500 4881 7227 5313 6583 1233 5478 2460 584 8891 1770 3804 7671 6850 6251 5228 2661 7486 8963 6248 1169 9340 8795 599 3656 2208 9810 4051 628 2867 2741 9807 8343 5913 1614 620 6121 7906 1899 3133 9313 3930 4765 6655 9069 1638 4838 7815 8376 1652 6342 2187 6738 1624 2419 3094 8840 6526 3002 7565 5167 3391 1174 8190 6405 1260 741 8967 9385 4590 9545 3996 787 7241 5129 6634 2211 8858 8794 4200 9511 9543 9786 6785 4063 1817 
8243 9988 7800 6507 8109 1923 5468 9920 6608 5023 6949 1451 8262 676 6771 8584 5848 5742 8721 8768 1356 5590 7964 6966 7819 8417 6491 5015 8636 3025 9644 5831 5422 8881 38 9004 8719 3036 3763 3695 944 2719 894 2901 4261 3474 6487 7913 3240 2425 9806 9028 3965 4473 2112 3684 9520 4554 6377 3993 4021 6758 8326 1198 8935 2977 6421 1368 1331 4441 7541 3401 5931 3819 2823 4851 285 4975 9187 287 6830 549 8551 4626 7804 1250 8700 1369 3842 4711 7025 8329 1222 6538 8107 9775 3530 8994 9185 9672 
4326 2493 70 1804 9378 3668 4286 2707 3256 6698 7583 5543 7615 9077 8030 2257 2294 7001 257 674 5044 3823 8020 897 4242 9857 4239 1924 7514 894 1943 3190 8685 6203 3452 5274 7322 3903 2116 3139 6674 9536 4930 4028 8434 8188 3152 4095 1611 650 4554 7722 6277 1004 5032 7427 4024 7738 4479 392 401 7904 3421 3241 3071 7233 1003 3626 2851 578 2351 9409 3427 8323 4390 5253 9358 2193 6051 7833 9485 1837 5954 3569 8847 1001 8195 8213 4788 3909 5295 6389 4992 8499 1893 9305 5119 1831 2971 9102 
5491 6202 7546 7785 8470 9808 4247 8196 3312 8431 6642 5650 9613 665 9972 7508 6740 7339 572 7514 966 2968 8369 2049 3991 6974 2994 293 70 881 8060 3992 4460 6755 6356 1821 3726 4373 1870 6430 5518 8007 2827 1051 1802 5754 6685 2164 611 4839 2448 5464 6535 8220 5735 9291 2862 1922 487 7687 8298 131 8345 7545 954 2758 6904 7083 8039 1248 6563 1737 4972 2537 1057 1539 6593 8520 9093 2331 6134 5720 7076 2005 8133 2618 9601 9939 1362 7539 1472 6653 9853 9349 6791 2683 7982 4026 3511 1245 
8139 2986 6246 7427 823 670 1505 6915 941 2049 3411 1550 871 4981 1363 492 2847 1878 2368 6423 4265 3478 3189 2201 4542 1459 6672 6480 3967 5055 7072 7585 525 4963 1773 9186 6833 2278 6968 9095 6129 8567 6096 448 771 7229 4287 9769 4477 4112 9908 9749 4709 929 4008 9624 2390 6028 8758 4836 923 9753 4586 717 4951 332 1954 3332 7402 3672 6656 3331 5649 7640 3934 1794 3826 597 2931 3063 4275 1133 5361 5052 6026 9850 7837 7736 1728 1296 715 9417 3226 1873 8305 428 2976 2011 3131 7919 
1527 1433 7600 2085 2128 6623 9183 9412 692 9547 447 2666 9473 9994 5900 6167 4834 3083 8982 4168 898 9130 3549 4155 394 6493 5342 4310 9033 1079 9642 6596 6115 7318 7384 97 8758 7850 862 1280 8494 1492 8575 265 1527 836 3025 3014 7287 1053 2125 1011 4481 8798 58 1273 3302 7797 8708 4420 9277 5911 8077 32 6761 3958 2266 2513 795 5994 6090 3143 9679 7699 4423 3964 9896 280 7350 4739 9230 8909 5221 1762 4080 9690 3976 9853 7695 1067 5046 6073 8466 3809 4870 3780 1828 3180 8794 897 
9946 263 8668 9468 7358 8842 8379 7123 7938 3752 2180 1338 7223 5237 6128 9611 1813 1816 4176 7136 9289 5722 4276 5760 5814 7466 7730 7391 8875 9544 8130 8461 8709 3501 1087 7530 2391 3821 7928 9645 1226 2122 9533 788 2841 945 6833 654 3222 850 3457 8601 4462 7528 4149 5688 908 3722 2067 4767 7495 423 9915 5747 3583 5181 2420 3975 6321 7802 4792 5045 7677 4422 1095 6961 5227 3831 4368 7163 4349 4476 5557 9302 3280 8508 2573 5514 7826 7853 7260 9028 3365 1003 1329 2483 3376 984 3198 885 
9244 2246 5952 1959 8080 6900 3914 6824 8971 1232 7377 8412 729 6817 5484 4142 1415 9827 4014 6678 9143 2401 7561 9136 4201 8779 2922 1372 5386 9945 8093 8099 2302 3836 4570 3745 8530 1781 8356 3881 5385 4655 9362 284 5400 1768 884 9320 4898 248 4386 3848 6354 7403 7753 3862 2939 4744 6806 3278 4213 8061 2085 3820 4791 3517 6863 513 5140 1510 5510 9372 4418 8081 5515 4888 1398 8024 6462 6322 6191 5620 7130 3881 1247 5664 2814 2008 5488 6824 1243 1495 98 2011 2244 2287 5227 139 1837 2635 
787 2623 4608 7482 4239 4849 3782 133 4652 798 3172 9964 924 4758 7760 8266 6386 587 3658 5539 4473 3209 5222 9942 872 980 1214 7583 4522 6091 1213 5686 7663 6966 3742 2604 4289 4333 288 8440 6776 3472 3567 1292 1040 431 2010 7481 4787 4839 2716 2498 4684 2571 8549 5386 9067 9996 8317 721 9529 9229 1092 4697 6978 183 7075 4486 5979 9165 4179 5072 8403 2983 3434 8594 1390 6971 1386 9543 847 4840 4691 192 4519 640 8990 5444 1401 9416 7802 790 1144 6905 4666 7804 2222 9225 5832 7517 
3890 6538 221 9631 3488 5513 7021 6377 1219 5568 2179 2199 8800 2947 1018 3015 2305 6296 2439 6198 842 9356 9685 9849 6615 9980 1586 2719 9562 7847 5320 7690 5346 1469 6034 2103 4605 7324 1073 6710 3496 5346 4252 5655 4942 3451 2293 8188 5157 8219 3320 694 2979 800 1480 8713 1564 2829 5248 4167 3691 8197 7337 4891 3744 2465 3343 2140 6072 6833 4520 2717 5999 7759 3913 4252 7577 7663 2988 2495 4451 7952 4398 5868 6114 6161 940 8103 1372 7798 8548 7431 7808 9186 3792 6454 6569 9660 1257 6703 
5275 9067 5504 7708 2613 4387 8466 7853 2279 7547 1840 1315 198 8519 9168 2104 9546 2399 5405 7606 8363 8233 7096 5842 8976 6123 8979 1317 7200 2743 8114 297 6018 2792 5701 6568 3622 5110 5625 8342 9205 4170 5972 7390 4073 4574 5928 864 3698 1640 2786 7974 270 16 4080 4831 5724 964 2786 2180 9978 1538 6082 4923 6010 699 7417 153 9655 7970 7609 5741 7838 603 4715 1710 5857 8811 4155 6873 2822 9206 1316 2855 7613 6157 9333 5104 4400 2956 8672 9315 5268 139 2922 5431 37 1287 3490 7914 
6232 7285 1250 4189 206 1622 2749 7164 39 1761 9235 9410 6514 777 6743 9578 1334 8954 8470 7387 802 3387 5576 9302 7072 4735 6323 577 2497 5461 3102 4608 3820 57 2245 5238 1756 3875 7483 8020 9614 8472 112 1049 6288 8778 6461 7158 3401 6510 3651 6144 9499 6098 3188 4162 8658 4720 9439 6563 5295 1996 5494 7316 5711 9894 6549 6987 2751 4179 6610 3273 6669 3935 3160 2021 9766 371 6204 8344 3050 4568 8102 6973 2405 5969 5057 1675 4561 3846 4524 2234 5784 1690 9460 1683 1733 8974 7940 9780 