2141 4238 8216 3349 3261 8413 5661 9908 4227 6967 9903 7159 5912 2909 3577 8058 63 8747 1875 9139 6291 3524 7574 6607 153 3296 3251 9279 490 9316 2850 7466 7596 7199 6638 2853 4933 1313 7863 6453 4982 7042 4053 9153 5786 1133 9003 1793 5572 1062 5343 7372 1587 8340 8595 4626 6055 1397 8687 2689 6413 9618 2576 7680 27 8269 5778 4285 9813 5585 3426 2185 7818 6491 3084 6914 1610 9436 1896 7531 953 3148 1945 6118 9717 2430 8356 4928 2818 976 7704 7161 3611 8331 5304 4318 1478 3496 8487 2665 
9718 5353 5235 1381 5836 4669 4318 5125 2999 1727 5858 4572 7445 7364 2487 1260 2774 741 8967 4112 4998 5236 1633 6768 7484 8744 3643 4947 7167 5619 2455 4777 6877 5727 9782 1546 1548 2725 5462 3637 9090 5410 4596 5046 4648 4377 1333 7948 2815 3506 3622 4642 4876 6083 4068 9808 5763 5441 6170 2485 2513 5037 8246 7131 777 48 415 2176 223 2968 5378 6899 7719 7485 6193 2565 3348 6950 8531 6834 8006 1571 9800 8978 7520 8866 4168 5888 3902 2978 6919 4769 799 5736 2392 4857 2395 1797 9507 3409 
3830 4285 6181 8152 8654 9453 8175 9500 6698 6469 5445 5575 1434 4843 8195 6736 9838 8993 909 5611 1067 2210 3945 1397 6476 1445 8374 1047 5972 9578 7356 259 7942 3741 6437 3449 4031 9443 3587 3684 7019 669 3358 5095 9146 5839 8369 4684 4205 7056 6424 2892 9715 698 1949 9637 4372 3181 21 8637 8993 3673 2857 3946 2218 6590 8940 8990 8474 467 9104 8097 7652 2539 2387 712 5576 4953 5873 8982 3808 8655 5265 9715 7367 1128 2663 7894 7588 140 7889 3206 114 8540 7492 3653 8919 5536 6766 746 
1023 3686 7728 7119 6334 6635 5883 1085 1525 2374 5178 5362 6324 5435 8094 7622 8132 5350 9573 8612 5653 5842 7860 7573 7367 1294 6300 8434 1662 9347 4759 3791 4782 8182 3600 2628 6545 8247 9414 4339 6614 3091 461 6093 9197 1592 2043 1816 627 7540 1653 2957 4374 7495 3937 5255 5589 4808 6266 6550 2522 9888 5573 9598 7087 5925 1592 722 6694 645 1697 1681 47 1514 3198 6360 286 7107 3110 1054 6994 5778 3870 3708 2090 6005 8370 2032 2794 1141 5454 2291 4715 2746 6799 7044 2246 2285 5952 7913 
7485 6250 3043 8207 6424 8883 9807 714 633 2592 9626 4759 7172 5320 767 4236 4348 7487 1342 6980 9572 659 4378 83 2853 1313 253 4982 7042 2160 1459 4759 8290 5786 1133 1793 4374 778 3741 2357 78 2047 8815 9824 9270 2217 8460 6600 3648 3959 3390 8911 5438 4407 4232 7962 2891 4387 4767 205 7737 5394 2586 2290 1533 1355 4824 8555 1882 3292 2243 3535 1348 8318 8473 6146 906 8753 7723 6035 3721 6126 845 8195 818 6648 1859 5766 5564 2188 34 8084 2034 4544 4166 2681 5853 4341 3320 9318 
8014 4651 7710 3869 577 251 9864 5760 2663 4396 4457 1069 8368 9550 1041 2056 1032 9190 1156 7574 1066 852 5757 8865 4071 5122 2808 4297 9402 4347 6850 8625 680 5923 417 2129 2793 1787 8908 8986 4146 5277 2745 5875 779 7331 7056 3771 7043 3241 5734 6614 6448 663 3090 5868 1802 870 3647 4494 9585 7221 8560 5275 9243 8314 8220 180 9231 3122 6351 2248 8961 1350 2395 5174 1681 6519 4856 4371 2335 4067 3057 2034 4106 3127 1624 3901 1118 6182 2274 2013 4708 2760 7249 9743 1554 6152 5818 3898 
4465 5362 6458 1301 1524 8778 4656 7688 9501 6498 5057 7279 4388 3086 7612 7685 8417 3359 4263 1839 6361 2775 9342 1191 6324 2587 507 8343 7251 1614 7850 4893 2829 1219 3817 3277 9593 6010 4039 705 8343 8223 2777 1586 9750 2995 567 645 8465 6189 6316 2140 5945 7939 84 8978 8529 981 4257 6200 4927 1689 8613 2679 8277 238 6861 7315 2029 4444 6508 3328 411 7443 6189 4230 1489 9198 7560 2070 785 267 3596 4424 8890 9128 3754 6828 5906 8912 9891 183 3542 8657 118 2253 3094 4413 1070 2668 
7711 3649 7640 4374 8013 9617 5719 2988 9328 1346 3741 2357 4689 5531 9030 1148 547 1718 9416 5741 927 6592 3142 4295 782 4616 7028 8027 5157 3654 2776 5297 5473 4071 1537 3346 6260 3681 6683 4917 5425 6514 919 6846 7779 1717 1883 3152 4050 1263 8379 4530 8657 111 5461 3775 3359 3384 2171 9381 4476 4757 8419 7826 7056 4848 775 6338 4108 4172 2013 8231 9276 5064 2196 835 9955 8954 9960 5968 9460 8073 307 3112 4061 3521 669 5193 5169 4733 5353 3427 487 3953 8571 8355 8414 3444 6282 6306 
2899 7935 3971 5138 6506 3037 3953 3155 8785 472 1366 833 8922 2389 4249 1112 5613 1575 1982 1402 7205 3791 6919 1608 8683 9957 8154 8451 2527 3674 2913 4872 7993 9499 2929 8078 8420 1952 8058 342 4310 3875 3024 4189 8496 2906 6052 8605 6765 2152 1291 673 3166 6011 2856 5026 1958 6318 3649 7623 6484 5595 3817 3770 5359 1872 5966 1525 74 8450 3747 8006 663 5868 1802 6358 8097 6191 9817 4819 9101 1391 7917 8039 7831 8491 9906 1556 9409 6009 9362 4819 4084 4143 6532 647 3574 1405 6998 187 
3684 5751 7274 1131 5932 8742 2537 2385 8964 5619 9539 6271 1713 3500 4420 6011 6277 7149 7580 2367 2817 6134 410 6805 9169 5091 9976 7983 8228 2063 6558 9103 1449 668 9592 6974 1908 4195 9544 7229 2684 3529 7275 1432 8498 3994 2247 7131 117 9918 9694 267 3005 6496 7852 7074 6033 3471 3350 4893 3639 5493 7247 9766 5466 534 9444 2364 4230 5124 8569 266 6629 5463 913 8739 1487 2564 6298 3075 255 9564 7556 4395 8748 2451 778 6232 2864 8266 4873 7225 3611 5223 45 5243 8662 3578 2538 1854 
7007 6731 6658 5320 5283 6908 9420 305 8458 1783 955 7783 9930 6316 5768 2786 2522 1242 2575 4237 4107 2954 1064 3476 4511 8734 7487 3342 5904 9642 7291 2784 9624 5045 5921 8361 7315 2029 6508 411 7443 6189 2458 4569 9198 7118 2524 5109 3596 4424 173 3670 4327 9862 446 8964 5329 9932 4837 8694 2327 3131 5947 7451 5128 4662 5484 5205 522 7706 3478 1038 9460 3754 7899 6828 5906 4702 183 7652 3872 5425 7706 8358 1369 1070 2688 7697 824 6805 7370 7490 173 7569 9590 8684 2358 2539 6608 5541 
2066 6055 7676 7975 6384 8417 9048 746 1933 8034 4701 4109 1076 472 7684 295 6092 7552 6925 3948 4295 8331 7704 6903 6589 2215 1710 3504 1391 2264 5215 6140 5102 210 8053 2758 1171 9179 4019 3787 2737 4677 7780 1135 3142 973 8543 4625 6625 6549 1310 4123 1023 390 1936 9415 4081 7836 9751 7185 9379 9734 497 4459 7291 7235 1103 6832 6077 9045 6397 8941 5567 9210 7340 5695 7608 8255 9055 9860 5361 6102 8401 6325 5212 5855 2639 6895 5500 4508 7008 6162 3349 5602 7382 318 7719 1992 3634 6439 
8608 3418 2698 8365 2113 2898 5043 4875 730 2149 7016 651 1429 4915 2627 9332 2330 6052 775 927 3136 7056 2522 4072 1335 5293 2557 263 2679 5959 8443 8605 4657 369 1937 7452 6126 2176 7753 9818 8038 9863 5249 9982 9669 1940 899 2309 8351 5414 1956 6254 3494 9276 3343 2404 6216 9064 6527 3975 2868 2811 5716 9360 7801 9637 9819 7069 1097 1038 4436 1831 6262 4979 815 6006 9041 9973 639 5573 5451 8644 3246 9690 1977 7592 4646 8174 8377 7856 9033 2027 6353 7852 9629 9134 3325 5570 5583 7560 
8412 8963 6586 2798 6584 9596 2607 3801 1464 278 7405 1335 8908 3616 1233 1361 2492 3821 4756 5354 5310 6630 6752 3516 4500 17 5600 9618 4420 8540 9570 8692 6986 6425 8726 2500 4871 7362 3149 3333 7753 2328 2645 2357 9863 8897 2211 1572 698 772 4888 3549 8833 6801 6361 7186 9301 89 8775 6348 454 3099 9315 7487 150 377 6966 3778 9441 3136 7898 7785 5333 2773 6700 9973 4278 7248 1983 2625 1444 1122 6204 7789 1605 8386 7340 2334 7924 3491 1673 725 6011 3129 6647 5412 3131 8014 2717 2819 
9896 5969 8534 4670 3281 5788 9979 9117 3256 2910 2866 1028 1869 7622 9293 5082 533 8662 5835 6660 3799 3035 6092 1396 5859 6949 7056 2654 1078 8445 2820 7069 4109 7183 151 1807 7388 1035 3267 547 4974 3573 756 9932 8501 7457 813 5978 6139 5739 9712 5541 4617 3506 4110 4932 3208 200 5778 8861 5710 8690 8254 1340 932 9212 2457 2649 1706 7878 1750 8136 8546 3302 7564 1216 167 2947 2940 446 2228 4683 1691 9537 5606 8042 2404 9024 5711 203 5429 4006 9103 6725 3366 496 7239 9868 6718 3086 
5086 7768 8516 4740 1480 5632 8628 563 8154 329 8838 389 9700 8180 4336 9569 5805 7949 8298 8532 2804 8680 3719 1575 9576 413 6396 9368 1948 5506 2525 6302 7393 2835 8954 281 4159 6439 8242 2523 8020 8952 3801 3890 4459 4908 3642 3815 8657 2416 4920 224 8709 4605 6723 6212 1130 1291 4331 1391 4280 2199 148 8630 8931 3590 6043 8409 9142 9087 8423 452 7180 1655 8505 4227 6893 784 6872 8291 197 4972 9789 6927 9555 8261 6626 4196 3852 4499 8964 6630 119 4874 8070 9313 6716 3118 8687 8891 
3772 3452 4481 5543 3980 1166 3253 5167 4054 1048 1191 9626 7153 1365 2224 7331 7878 2933 5435 4396 2551 8341 9821 218 3789 4422 2097 4593 3403 4837 6178 431 887 920 2156 719 9525 1169 4714 8216 5372 1505 9838 5940 2594 8939 5291 3163 9424 9842 6151 6138 2291 7051 1689 9045 8906 4082 7069 2619 9011 2802 6718 8612 4623 926 6789 4702 9521 5914 2120 4406 8247 8983 5807 2241 5614 3295 4615 7740 3764 5967 4502 3562 4220 2519 4273 2901 2429 849 7222 2952 5053 9834 2851 1851 6774 1593 86 2116 