2451 2022 2380 8713 6913 5941 4876 300 5946 5304 3456 3701 4526 661 3957 529 1335 9925 9624 8017 1659 3310 6332 4654 5989 1 4389 7551 2989 1984 3042 7190 943 8945 5351 4757 1868 6147 238 7571 7161 3726 6030 2067 9713 3701 2323 9504 1469 9606 6864 6326 6574 558 6179 2563 8053 6221 3976 1798 7756 2390 2113 9023 9943 5055 8625 4470 7881 4602 4188 2039 9376 9483 3234 7341 8950 8041 3329 6844 2816 8176 9374 1232 6355 8880 2383 7603 1490 6266 66 633 580 2958 1014 746 2863 6764 6369 2063 
9948 3405 5450 6933 2060 1020 6460 5918 2197 1517 1905 5210 2428 8631 5304 6293 6060 3528 5725 9057 8695 4388 655 8910 9665 2977 1087 3637 3124 2106 8594 8594 2569 4132 3131 9801 1838 3212 1496 5580 5191 5429 3619 398 6210 1898 7636 1671 7038 6678 3448 6057 4992 544 1246 7716 6555 4529 8641 9718 1414 701 4460 4812 9866 5392 5943 911 4684 3662 7396 7118 3601 5895 125 506 6541 3293 1743 9883 1925 740 4194 1800 4244 5627 944 3573 854 3489 8520 5577 801 2504 9201 8614 2837 9093 2583 4889 
3822 1040 3076 8452 699 8706 8203 4562 7404 7783 1898 1446 5811 7977 1721 2130 6756 6846 4415 3219 8517 3249 6987 5360 9587 7098 5368 7892 9800 475 4933 8345 7362 2248 5084 4321 9814 251 6198 2233 803 5373 1083 3717 1079 881 5202 8443 2738 7476 8559 7596 7496 7529 9793 2582 7211 6864 9784 6632 5086 727 2233 6089 6805 3051 2527 849 5918 5131 2054 6122 9462 4548 4923 2700 5294 1293 7498 1620 540 6634 7694 9964 1367 8944 1598 7563 6961 6832 3439 6830 8684 8678 3705 2049 9076 8682 1870 5270 
6465 4646 3012 7258 5070 328 5184 7182 2145 5359 7129 7373 7357 4340 1223 5058 4565 6101 1582 4696 980 1939 320 7604 9014 2511 4367 9330 9373 4740 8698 2151 1784 9820 8785 5266 5661 9652 7409 8447 4837 221 4852 942 1607 4730 7545 7320 5552 8869 2661 6538 2294 1006 59 6998 7242 9650 1910 1101 2792 3051 6702 2049 8466 4900 5831 8520 7353 1044 3826 1911 7276 1681 742 8464 2637 6023 6023 2314 7529 3131 3058 6679 98 17 8931 5494 5838 2952 5228 6024 9664 755 5897 4030 7696 7057 985 5540 
68 8437 9592 1965 9596 52 3506 5635 2485 4424 7836 6914 3403 1074 355 1599 9333 5831 1732 1288 3945 9109 7155 1457 0 2939 7941 4813 2765 1445 2697 6807 6523 2689 3463 5231 4617 5518 7278 9783 4781 732 9471 5245 6625 1345 4147 4905 4583 7920 2928 2843 7754 4292 8380 4023 5075 4864 8133 4298 5275 4391 7256 8449 6979 1256 7846 6625 1141 5703 9572 270 3506 5937 9800 8582 2163 1203 5971 1167 921 3768 2072 1405 1689 8172 9099 9958 5676 8518 4759 9919 2998 4986 2937 5041 9085 1497 3482 1617 
4887 4233 8560 7789 1850 9958 6614 5239 1108 2502 2561 3628 1598 4904 712 3696 5099 3277 1491 1479 1143 6908 3140 8974 979 8974 7024 7840 2686 7857 4276 767 6552 2904 3434 1017 7886 6063 8921 8633 997 5137 5825 4890 7878 3914 1801 1751 8629 904 6652 4836 7312 8762 2905 7095 2569 6462 5786 2080 4587 3867 9488 9305 9291 3675 1905 3055 2580 7354 9041 6626 6026 4138 3838 7681 7380 9758 7190 8992 1326 7476 5755 3602 8631 2678 2087 1656 6266 2703 232 6866 6193 2614 5880 1062 4074 6851 2408 1664 
2220 5574 5144 4505 4737 5443 211 7235 795 6822 8624 994 7058 5601 6763 7029 9441 4490 7041 8014 629 807 9475 7419 9031 2468 8155 9793 2193 9991 947 8404 5301 2419 9022 9979 2682 7465 5620 6728 9189 5595 5474 3291 4471 8295 3257 8068 8215 5912 5316 4813 6183 6117 5915 488 4915 1311 806 6179 2432 7435 1060 3566 7090 9178 7923 5275 7143 9552 5448 8316 6466 9511 4206 1718 5628 9310 8879 1798 9758 8752 3537 2611 3949 438 5693 4066 9874 391 1584 8353 8889 2427 1917 2924 2360 4405 1829 9461 
9696 6031 2208 3272 998 9602 2669 4164 2955 5199 3426 3845 7294 1866 52 7927 4544 3840 4146 5267 1264 5788 2595 9665 2270 7727 6700 9535 63 6526 5493 2757 3852 3444 2895 866 7096 4568 7621 1265 8097 7414 5392 713 7571 6948 5906 6145 1046 4994 4290 2158 1837 6035 6708 720 8782 8989 1005 5576 2691 9937 3118 2997 8957 4286 2666 5814 818 7313 4578 5444 456 4795 1146 3134 124 2014 4180 5570 2662 2298 1203 5025 9820 5914 2174 7129 5588 7537 4296 3788 738 7547 3956 3991 2001 1121 6279 1045 
8491 7039 988 3991 2143 6370 7045 6938 730 1205 3154 8618 6679 17 9433 1886 1231 5869 5838 2952 3044 5228 7046 511 3974 9683 3570 2393 2666 7369 755 8925 9994 4208 6429 9512 1260 2246 5616 1611 2028 5893 2008 9095 9205 4538 3420 2708 4482 562 1242 2764 565 5660 8947 9222 966 5282 331 413 4305 4309 6998 7865 8268 8450 9549 3082 1466 4344 6153 3073 7929 7907 8026 4774 3375 9497 7979 193 4761 6692 3488 8157 91 6412 9317 4841 8566 6415 2192 2373 7614 3486 5807 9513 7814 3132 8689 2 
287 9752 3957 3811 6909 147 1113 7107 4248 100 7634 3039 3272 3855 4177 9837 358 2930 3437 597 521 3942 150 3256 274 7016 7809 5884 977 4981 735 2382 6337 8157 3867 8103 8282 9739 4754 3541 2495 9267 8053 649 7314 6762 4632 6324 1224 8131 7164 1882 6934 5709 9375 9320 2434 814 9148 452 6795 9856 6570 2072 7538 6472 1083 7611 2728 4396 7460 2448 1949 3476 4010 641 5802 7974 836 1741 4190 8266 6573 2812 7478 3881 581 1358 9162 6337 9492 8974 9606 2236 1672 1274 1507 2110 6400 5845 
2132 1548 8174 9197 4403 2967 827 9014 932 9546 3089 9348 8063 6259 1792 4915 5073 6453 8832 9767 6430 193 2574 6264 5752 1990 2542 2412 5475 2345 854 2022 9172 1277 5600 4526 4498 672 2750 897 6663 379 4040 9564 6883 9947 1486 3438 8422 9834 8778 1367 5961 7124 6305 9079 9534 5450 6186 9598 6705 6989 9848 9300 7047 5110 8209 9737 3243 9762 4419 5231 4885 6101 3900 6581 9136 1256 3105 9037 9810 3713 3815 7553 702 2137 3753 5249 7789 2297 379 6078 3769 11 156 9193 4992 3906 637 9174 
7866 4065 9663 8903 2905 2479 2830 297 8347 5042 60 3991 554 84 4974 7987 5940 5610 6027 1062 6206 2967 1456 7483 4390 7136 965 7148 2015 2992 6215 8637 5603 2825 1092 8580 7435 2392 3357 413 505 1755 912 7628 3904 1702 195 339 9951 383 1488 8565 1254 8924 1119 3706 7667 8285 2148 9553 4019 8236 1896 4326 3885 8832 9325 3676 669 9785 1293 2915 1767 2836 9282 6848 119 8130 1719 3861 1840 938 673 3214 5213 8721 6188 6974 9234 1510 730 9015 7287 4852 2752 7719 1023 2399 7023 1885 
5413 5934 8333 1868 448 6895 7843 8809 9238 888 192 3720 2551 5688 1039 1540 4732 4063 6125 3602 2669 2789 7766 8794 7839 1190 7697 4513 9828 9295 4917 8556 2792 3633 2703 6925 5095 6039 6233 3710 7339 7882 8830 4910 3917 7126 6898 8335 6807 2043 9982 9192 1898 2858 5390 5642 6486 5202 9645 4359 3051 9989 3211 5446 8868 3024 1188 5966 1087 2352 764 6040 5712 6945 5953 5956 4684 2990 6236 317 4598 3069 4157 7358 9750 7299 7047 8897 2328 4231 9532 4942 6706 1940 6478 7671 1537 8049 7585 7704 
5633 3311 1041 919 3763 6846 5667 6544 1899 9157 5581 5840 7826 1883 4087 8238 7077 5641 1213 399 7308 6465 537 7720 9843 5461 3173 6739 9930 3359 3384 1310 5721 5227 6693 2940 2027 3916 4479 3699 9843 4810 7513 8499 175 4663 2245 3596 9241 6081 9904 1750 6475 4888 207 1092 1687 1386 7480 2385 9539 908 6860 6141 546 4852 2576 4108 5221 9788 7890 5193 5544 2671 5424 5875 1293 6487 6526 1394 5876 9333 7262 8543 4879 243 7172 4676 6006 4349 7426 363 6147 4112 2566 6008 6313 5010 8775 6724 
8413 2850 1938 6246 6861 1811 6418 7149 2367 9829 9753 3085 207 869 5919 4927 9086 8995 8288 5938 7749 3682 8797 1349 7746 2941 8938 6656 2595 6696 373 5702 2849 3581 2389 5270 1076 2958 3656 551 5975 7319 4980 1981 7317 1333 2482 7370 428 6393 2697 1463 1251 5533 7034 8394 2279 3157 7455 2278 6401 157 9691 147 9412 8171 6960 5202 5179 8030 6536 9576 3930 3434 3626 6795 3109 5823 1376 7933 1531 7334 3893 9573 5998 8434 7537 1960 2141 4238 8216 2766 2592 955 9368 8587 7565 4800 8193 2420 
6988 3647 4656 131 963 3842 8166 3308 4272 9032 6096 1163 3589 6032 2614 5945 6623 84 8978 8954 8529 3369 981 4606 4257 8657 6678 3197 8613 2679 8277 8361 5569 684 5402 6611 319 4230 6102 1798 3897 8200 5477 9243 7239 1803 6039 3710 7882 4750 2030 5845 3612 1307 6493 1363 6026 5252 6452 5968 5719 3741 78 9030 1718 5741 6592 3142 585 5157 2776 3507 4002 1578 3316 7008 5978 8038 9419 56 6298 8150 9777 4662 9686 5850 9267 2704 5314 6688 7687 7774 9518 1869 7856 6154 3152 8232 6304 9093 
2331 4295 8027 9913 4067 4695 2854 3507 7125 224 7346 1046 1500 1867 3170 9225 7827 7664 7892 3713 9652 590 537 213 1587 1908 2743 3585 5852 4981 6640 1841 5007 984 3198 1849 1383 1450 8225 3303 6591 9821 2374 1789 3110 9862 6122 4372 6652 9294 5858 2320 9422 6452 5762 1805 5202 7691 4359 3051 9989 3211 5337 5019 5108 626 8331 7592 622 6726 4798 3266 5791 130 3994 5019 1375 1527 4083 4729 1788 6659 2157 7987 8538 4471 7316 1323 2842 8494 2875 9344 5945 7939 9796 9861 981 6200 4927 1689 
4569 2524 905 5906 4330 4424 8890 9128 7613 2991 7949 7760 1038 6616 6994 4570 7899 6828 5906 1001 280 7149 3127 4503 724 2253 4658 1369 5093 2222 1566 2481 3301 9352 2017 1957 2957 3232 1509 7889 8524 236 6463 3374 412 1574 8545 4904 2190 3790 8273 2519 6516 2621 4389 8109 2559 6935 6801 3264 986 2991 8917 1264 9190 1686 1381 1141 5476 3661 2634 7834 7023 6548 4712 6000 8426 9656 3001 5797 7178 8370 3184 1945 7369 7332 2352 8645 3357 7109 3716 4635 6605 3044 2580 6062 4657 3431 9389 4175 
7206 8160 22 6798 2105 457 6522 1039 6561 8954 4626 3668 7206 9043 1294 2189 1357 1638 681 1582 9651 6610 223 9397 8240 4055 998 8898 3059 2842 1945 4425 9675 5516 1898 1265 2643 7508 3050 367 7382 1366 6728 8432 9207 2616 1009 7088 4890 2043 5563 7800 8798 7433 4034 2425 2817 2385 3259 9169 5091 548 3022 3851 2109 7773 5750 4599 7218 2144 42 1932 7577 2022 6875 4941 3777 5931 4988 3350 90 6355 5614 7640 5639 2061 5638 750 7259 7191 5707 3237 6251 290 5477 6178 2278 5069 3840 5960 
1485 9188 6553 136 1706 3279 7702 3617 139 9083 6699 9428 9619 3706 635 4392 5917 6300 4364 1550 9672 1444 1663 84 1935 5493 7247 9766 9444 2364 3040 1734 4788 1716 5316 9301 4591 4036 2880 2485 7031 6624 8744 1106 6592 2561 228 4095 5046 1967 9313 6652 5858 6452 5642 7691 4359 9754 431 9419 5065 3452 3109 2650 7933 1531 8510 8474 8755 6943 4863 6877 6316 3149 9858 7313 8783 6988 2887 1293 131 8964 2881 6371 4978 1082 5226 4567 3807 7927 1690 1370 5913 8850 7520 2697 6353 7719 3020 9777 
116 4891 3687 7541 7967 1633 9407 8369 3413 2327 7432 7497 7412 5241 2769 203 287 4265 7571 1850 953 4779 8370 1761 7526 2473 1321 5053 2461 1701 2709 4623 825 3918 3906 7131 7308 4987 5534 2730 3258 4949 7804 8690 4605 739 3302 970 6775 5830 6803 6575 6155 6919 7878 2650 6469 9107 785 974 5016 8171 2694 9230 3189 4877 9082 9964 3989 5218 4485 7434 2803 9399 9246 1400 3191 8940 5357 9837 6872 9516 9814 5856 9302 7917 2346 6195 7427 7386 5963 1708 4556 2296 3718 486 5278 6278 6086 1513 
9674 8188 9613 999 2381 7266 661 9061 7652 2415 1287 8251 7422 2237 5748 1542 9034 5325 2863 8606 3456 9148 616 4883 5153 7748 4722 6771 7214 8327 9098 8936 5447 5138 115 4834 3593 1727 6164 9455 1512 257 2387 2282 6863 6903 945 6610 1706 895 2851 5127 5760 4394 8811 5323 4655 1999 4722 8055 3365 8236 9050 4067 8415 56 2900 4100 8476 1121 9272 9434 3547 2334 8742 6791 891 9771 3511 1245 6666 8139 2986 7427 9521 670 8914 2396 941 6058 7885 8208 7802 78 9802 3103 6297 2227 1971 6849 
3212 498 4836 622 5983 5268 5946 528 9613 9466 825 3906 2740 5534 6212 4384 4949 7804 8690 9862 3780 1979 8131 9318 8160 3874 2544 1223 4025 6557 7527 1677 2895 1840 5932 9573 2765 3312 5922 4576 6726 3209 7491 626 3320 9895 344 3025 1337 5342 7447 7329 8110 2629 1058 7135 8299 8527 7266 6563 6918 7268 9689 9301 759 5797 774 7338 2685 608 6550 1706 4132 7048 2269 5981 7431 3338 4112 1003 2694 8471 5016 1773 5200 2482 214 8144 6714 1582 5063 5316 1893 3328 9305 4278 9102 5428 6202 4069 
4485 8470 6002 9808 6738 8431 7806 9613 4752 1751 4639 8847 9941 7288 3419 7555 3733 7892 1306 2989 8944 6698 7339 7673 7071 5848 5958 2855 8912 3156 9928 3862 9159 6183 7120 7121 9749 3086 7612 6234 1962 1121 7576 3180 4994 8 5315 1681 3950 2739 8641 7104 7244 6859 4627 6785 9943 2968 5864 1772 9814 8905 2739 6195 2070 3440 2783 5794 3104 969 6422 6315 3737 9416 7345 9117 795 6887 5309 5889 8457 9507 6852 5969 977 3591 4657 2749 9658 9782 4691 5080 3322 5471 3634 9952 8395 5964 7497 1774 
6361 4984 5241 1442 2769 4753 203 4427 688 1821 9990 3413 7106 9942 5145 1854 3726 4373 7681 1363 1445 7724 6430 5238 5518 8007 2827 665 9460 9043 6250 3043 5357 8989 633 2879 5009 3592 3911 3307 1624 8327 8015 5328 5362 7790 8951 1601 2277 4168 3902 2978 7812 1896 1160 6919 4769 799 9127 2392 4857 6552 2728 7353 2620 3251 4980 8112 7413 2225 3830 3896 5814 2043 8921 9891 3648 1385 9790 5563 6477 890 5182 182 206 8630 5665 2562 7033 5643 5337 5887 6684 1618 1413 5801 6155 9084 8433 1926 
9788 749 2596 7107 2457 1719 9776 2767 5477 9243 5591 8054 7239 2746 9084 9073 3270 3556 5769 3775 1726 3244 8666 655 4959 5122 8551 315 5429 6339 9481 9725 1923 2522 3893 9411 1043 5648 609 9749 7437 9 5482 1984 5914 3483 9208 637 7348 3960 3319 1532 3277 374 4859 1575 1630 3122 3633 2821 6392 4934 5115 5473 5430 135 7250 859 9071 5440 6011 4934 4949 2355 8598 9661 1689 2227 2019 6398 9230 7294 5731 3103 7319 3423 2929 7973 569 4427 7920 7642 691 3764 2279 3992 597 1668 7127 8012 
9380 6969 7551 2070 2889 3379 1286 5478 7153 6418 7261 3556 2660 4755 3353 497 3786 6610 9438 3941 4560 2826 8611 8945 4066 9030 399 8505 2737 2082 6519 3317 2644 1895 4670 1165 9730 104 2991 1671 926 5818 9244 3873 9867 6000 6993 5603 7148 9416 6617 1228 4291 7442 8782 3893 553 4538 4211 583 5700 9417 7835 4464 9003 4599 8241 1371 2220 9924 9497 510 6264 5006 5794 4659 8381 601 7164 328 7496 9325 3809 5895 5476 6986 451 4107 5451 3071 7285 7641 8186 5224 3388 1760 1692 5255 1048 8487 
7828 1569 7384 4948 2555 9764 1179 8745 7232 92 1669 7141 2416 5915 3093 8253 6999 583 7678 1132 9613 6324 3626 9346 5401 1725 4775 3554 2121 470 7168 5125 4765 6499 8860 9770 4942 4136 5493 3150 4862 5548 5987 8394 7395 9299 1318 4191 6285 6903 8 5691 8193 121 3647 4656 9468 131 465 6371 785 5964 3635 8435 4983 2981 4857 7404 1764 4392 4218 5226 3822 5603 8858 4567 3800 172 5468 3807 5153 6786 8594 6833 8121 7927 1690 9692 6270 3591 2336 1289 3098 9141 320 9313 8069 3630 1207 463 
5681 2346 8506 7879 1470 1063 287 9752 4708 3957 6909 5542 5863 5685 3525 1264 4493 3109 625 8781 3951 8851 7334 8978 3893 9573 5998 7421 8434 3502 1960 4238 8216 2592 5417 955 6795 7368 7006 2327 9333 6019 2673 6690 999 3506 874 4467 3136 8523 5749 7598 970 5830 1011 6275 8928 5880 5349 6284 7887 211 9461 1802 9095 6011 1304 3552 2254 7974 8454 5511 7397 2821 5669 9530 8978 6206 9029 2488 6030 5016 6658 8577 3534 9016 3595 3132 727 2229 3281 4483 8020 4899 7104 8514 9113 4220 2081 3665 
7113 258 3434 538 8266 3917 8206 4413 1772 7985 3269 297 3253 2631 4160 9990 4301 5595 6139 6309 5692 5876 877 4402 7331 1037 2120 5436 8052 4726 9431 1325 8960 8685 3843 6670 611 2967 5123 8020 9056 3183 8700 6277 3158 839 4398 4908 896 8916 6428 8003 2376 9900 3959 2513 3352 3301 3856 6636 3027 2523 7519 5758 5658 611 3643 7210 7973 1427 1331 9397 4921 359 374 5320 6802 3433 3573 1683 7748 4460 8657 423 5169 145 2431 3064 4567 1359 4845 6006 6995 9028 7370 4629 9396 6654 1535 1386 
5200 431 2345 1587 2026 9168 2211 2362 3640 2453 2888 1880 1771 3830 5187 6529 9267 3635 991 4808 5992 4271 4107 8497 133 3026 9803 4900 4569 9975 51 784 7489 9763 5049 6646 8261 3068 558 6725 881 3022 4188 5467 5277 5539 5128 9232 916 114 9016 6935 1123 2635 2637 6472 8733 2875 6102 9573 431 4068 662 8678 2631 3314 175 4663 2245 3596 9241 6081 1314 6475 9179 1386 4589 5852 8797 3667 8285 1333 6339 768 2482 7016 784 269 4493 1376 1254 3951 8851 7334 8510 1960 8755 5417 8006 235 
1792 6432 259 6402 6071 2222 4299 559 7642 3301 1957 1137 2583 236 2361 4892 2261 5075 8427 9579 8123 7743 1242 3443 2344 4605 9241 8840 7559 9942 4021 9021 6459 2162 1853 9713 7536 5779 6557 8800 3798 3515 614 5789 7206 6035 8844 8635 1103 8420 4645 1781 3790 3388 5704 9215 9345 4355 604 5079 418 2438 8304 9251 7879 9935 9993 5502 5926 2310 1789 2655 5284 3646 4994 3830 7129 1504 6921 2247 5475 9273 9775 4107 1526 5001 6438 2574 4239 75 1970 2992 2930 6779 5183 692 6820 2052 2617 1638 
921 1169 7422 6507 3414 1740 1715 5359 9772 2426 3277 2807 993 2222 4322 1988 3482 8872 7994 4345 3850 6862 2896 2717 9476 239 3136 9934 7571 138 3550 9750 3280 9331 684 7040 7173 7732 8193 2097 7395 7022 2706 5963 3006 4024 7260 8320 4707 6804 8909 6941 6473 2681 9918 1752 1539 9068 1195 6170 2083 7777 1208 9986 422 4715 1954 3048 4247 76 325 5156 6171 30 6286 8291 7071 3903 6838 4135 6967 4060 2031 2501 5948 399 3193 6409 5243 3817 7532 5038 4673 3128 467 9597 763 6602 9615 5318 
9992 6781 6888 99 1796 4051 6363 6444 3559 8693 4867 7981 7719 2882 2964 6205 6304 2808 5849 8817 5599 2376 1069 5561 3238 5827 1333 4032 3952 9590 4302 3030 451 3959 3259 4387 3743 476 1475 366 672 5931 4356 2033 5992 4107 1985 1280 5472 5193 5927 5239 5548 9985 6074 8749 1412 4855 2147 6233 2272 5539 7933 7661 8386 2883 2312 5901 2488 9099 3716 8035 173 4773 5950 4295 3942 6837 9064 9346 8769 8485 8513 4727 7160 2584 8197 2799 5101 4139 1178 6376 7929 7897 6234 1949 9951 7095 958 4191 
9258 3318 4544 3603 3643 1179 8654 9014 681 8500 5456 2823 6899 1133 8506 4852 4141 4945 2349 158 4668 8859 4790 1050 9630 6938 1791 577 2582 2327 9413 2358 7695 7387 6884 3916 9386 5042 3619 5389 2038 6086 8580 8045 8063 7674 4702 5879 3032 8273 5195 4968 9365 4680 229 3064 9592 3655 2152 3201 7984 2066 4959 1205 1475 5671 1551 1075 664 7212 2257 8585 5260 8761 9197 270 6905 8077 764 2367 2445 7394 3669 755 5322 8000 2364 810 5320 9483 6231 9948 8817 2776 5059 8993 7901 7693 7223 7131 
9612 1166 1176 6743 459 37 8562 9763 5645 8314 8811 8327 7939 2009 1517 6074 7453 5035 2069 2346 2400 3242 597 1101 1291 8231 4438 557 4885 5826 5863 7996 3175 9164 1407 3776 2538 7497 3323 3753 3083 1906 3220 7233 9095 9455 9118 2279 2652 1398 1187 659 2235 8657 8159 2292 9888 9541 8675 3406 7883 1848 9092 2493 5711 6457 2847 177 7440 9686 9653 7802 2286 6205 7988 1101 4042 4352 248 8928 4709 9201 8379 1296 8255 746 343 3056 3242 7851 7761 5940 5610 6027 3165 9331 8217 4954 2111 7936 
8428 2092 1198 9881 2431 6770 441 9801 9953 9169 3489 5533 9601 5865 2635 7178 6347 9804 5364 384 1780 7778 5127 6090 3723 7247 4423 9896 280 7350 9145 6289 982 5253 2245 7392 8341 7372 7764 9846 5448 1441 7885 7392 4131 2082 7344 591 8611 9667 2437 60 1597 1591 5968 3991 243 6008 6313 5010 8775 8217 8413 1811 6418 7247 7149 6772 9753 3085 5919 8288 4147 566 6255 69 9692 3928 3193 5477 5685 5213 552 1885 2980 3235 727 4655 2344 6167 6944 4439 516 2112 1074 9572 7616 6677 8609 2070 
4808 5817 1228 802 9475 306 5958 6588 3156 8508 1316 3948 4067 226 1578 341 2317 399 1046 1500 2086 4085 8064 6480 6701 3694 3280 4049 6092 6383 1832 5180 8826 2306 6233 198 4750 2030 8830 4375 7788 8018 7289 8951 6026 3971 2507 8381 4758 6119 6065 5747 8443 4097 9601 4262 6769 8945 843 7421 5865 1920 2907 6943 7757 6862 493 2815 6909 7877 2425 5975 2479 1841 5964 1247 8775 3191 5966 2532 3128 7094 5341 7976 7091 5576 8005 7411 6954 6524 7812 3751 270 634 4936 7070 7721 376 9483 6151 
9930 9120 1713 2769 7917 9485 3064 5954 1001 8195 5591 2871 8213 7903 4406 9321 2226 8499 6285 7346 8093 6929 222 3094 7519 2971 9102 6202 7546 7785 9808 8196 3312 8458 5020 1588 7437 4825 8123 98 567 386 311 3970 9858 9245 9070 6372 1168 8049 2977 3832 1307 6212 842 4241 2798 2069 6276 8008 767 7002 3675 4998 2282 355 1854 5608 535 4008 2353 7324 4644 6974 9346 4690 3915 2697 6884 139 6261 8055 2061 5821 3696 8382 7386 6624 2315 1034 5665 7163 8259 4467 9181 4018 3484 3146 807 9054 
6881 9904 2703 4907 7170 8926 1233 617 716 1945 3903 4714 7686 6590 9422 5762 6536 4359 4365 3596 9904 4934 4381 6475 7267 207 6734 1386 2079 1076 8285 1333 6339 768 2482 3723 9790 4616 5692 5711 2945 5969 9692 120 7993 4135 4866 1635 413 3631 6177 9735 3726 5566 8537 7381 4950 1099 2194 7614 1494 4089 7437 5505 5079 9228 7102 2167 1068 1829 3323 2337 6645 8034 7452 8034 3347 3736 1978 861 6674 411 6287 9338 3842 2818 7203 8865 7196 7572 1052 7778 1776 1451 8885 7282 8604 2553 7084 5891 
5766 2207 7040 5703 213 1908 3899 519 4374 5852 3123 6640 2479 8591 6530 1107 8206 5007 7705 7483 9486 2368 1162 7793 4908 7545 3659 8597 7028 1375 8073 4774 99 7188 6161 2078 1428 7370 1795 7653 1619 2004 2477 9475 569 5502 4471 3409 215 6438 3826 9239 2996 6215 686 6662 8081 2650 5441 9065 4656 8290 238 9522 9626 2906 3900 336 3723 6655 5149 4572 1371 9685 5635 1143 408 6037 7612 8347 6794 2831 8256 4812 8013 8570 2928 2557 4003 7928 8369 8650 4207 2479 1471 223 9397 7316 8875 3059 
2842 5170 8116 3469 9565 1377 4485 6497 205 7810 6591 8788 6271 8051 7719 8369 681 4056 6863 663 440 2066 4959 3365 9050 6038 1075 1543 854 4201 7337 4269 7551 9834 2086 207 4984 7265 3081 2007 4994 5696 7838 7170 4361 7979 3129 2364 4412 5506 8365 6203 4652 3455 9696 5486 279 498 2553 2166 529 9677 2232 9555 4279 1765 6264 5693 1451 5391 6069 3839 12 8119 457 2011 1243 9192 2663 4107 2685 6672 2175 5909 5264 895 6177 6460 685 6062 2956 1056 8860 8619 2570 1148 8995 533 6625 4305 
4393 9497 1253 1031 1462 9987 3149 2077 6882 1516 9355 9709 3814 318 680 4021 6275 7166 9511 704 1480 5342 115 9308 8748 4069 2787 4482 8599 2872 4470 7475 8381 8329 969 1038 9637 270 9684 3511 2567 1559 1386 7444 2501 8243 7939 2446 5 8438 6024 2697 117 8756 7226 715 7249 7332 3102 4205 7166 7809 2385 4504 9277 205 3727 601 1324 3111 1212 1108 4720 4244 8125 3761 3415 8678 2631 7859 5560 6156 4652 6320 9904 3391 6705 9179 6734 8269 8797 3240 4081 6693 2840 4947 1435 3166 239 8098 
9463 5959 1928 2280 2439 1472 990 8360 5787 98 333 9372 6035 6800 9830 7398 1626 6870 9756 5120 2018 2368 1559 9597 9427 9433 1885 739 4413 4598 2613 580 5558 679 2422 882 2198 3585 546 3448 7497 9046 1586 8338 9118 5434 544 8490 1670 9611 249 1098 1203 7978 1569 838 9124 7720 6216 470 5983 3803 7255 9071 2806 7759 4266 6184 1188 7684 5447 6813 3306 9851 6166 1869 4480 6304 3712 2761 7579 3948 3067 8171 7049 5989 1689 2549 9129 6785 5989 7817 8453 1018 5422 5597 8553 2770 1616 1630 
7475 5245 5254 3080 4251 6349 757 2753 4330 9697 1991 62 8257 186 987 8665 1041 1424 1568 6308 7305 6015 9744 2775 6106 8856 9777 7955 7615 803 1710 5608 173 3577 6283 9689 5874 370 7674 7325 4606 6678 4927 7355 3736 3986 5410 1151 6457 7557 850 7618 1095 1504 4338 7235 6562 3007 6063 4698 3204 439 7503 5226 2990 4611 4140 8782 705 1026 8461 6102 9974 3633 9662 7744 3131 2104 5203 6805 326 6925 6874 3425 6077 1429 3440 4972 3275 5384 9913 8445 1655 4308 2690 994 7207 3898 4778 8970 
7399 4038 3519 9102 6201 6385 473 31 6252 1641 2168 9479 3089 8450 2658 1012 670 9614 5997 2629 9637 978 6150 1518 8358 6438 923 378 2905 1246 4850 10 6383 3659 3010 8723 1882 2126 2550 1784 5709 9375 2111 814 6052 6428 3942 1760 958 4228 5557 698 8508 8691 618 7826 5145 9028 1100 4205 9361 785 3635 4983 7404 4978 8858 4567 2686 9503 8594 8121 1690 9692 6270 3704 8514 2431 1289 2948 320 4783 9487 8816 1284 7678 9619 3349 8351 2758 5192 6904 1248 8435 1737 3525 5410 1539 1112 6304 
9740 4730 5525 4471 5812 1929 7461 2190 3390 26 9278 6793 9146 7340 1563 395 1007 5478 9831 1642 4926 733 514 2218 7897 3002 2703 1478 8822 8438 9931 7236 9752 5148 8055 2066 1382 8236 6185 1075 1543 8919 2686 5609 2029 568 194 8969 8090 7519 1058 2989 4364 9073 1136 9898 2851 7294 9532 8347 939 8440 4396 6414 3647 7770 6312 2486 564 1705 504 8205 8777 8299 1162 3515 470 8894 8688 1361 8332 1339 344 5929 5102 9569 1852 2645 6788 5804 4741 3380 4562 5820 4985 8051 3817 1342 1936 1055 
8050 3372 3763 7551 8741 5411 7046 8483 2516 8445 85 4821 4666 8389 9666 9577 109 4248 647 2655 3243 6052 1357 920 1898 993 86 3787 6493 8867 5712 1338 5106 8259 1240 6063 1688 2 4883 5708 5478 1257 9229 7488 1926 4106 6317 6319 4568 3976 4642 7000 1710 7323 6370 2687 7829 7816 8084 9170 6201 9553 581 4532 802 5585 7852 1612 2496 4506 5827 3020 7222 6358 1426 4132 1077 8136 1381 7255 8779 1295 7290 9415 7906 1423 2265 9034 2285 7130 9404 1492 2797 2914 6030 2715 2106 4023 3216 3921 
4927 1544 350 6978 4811 7635 6286 4851 4747 4841 3998 6120 7696 3662 102 7200 4612 3555 9508 7908 4679 9429 4962 8664 9649 4894 6909 2624 4339 1608 7390 1908 5502 905 4941 5489 8568 334 1290 7612 8730 7146 8990 4080 794 9280 8712 4262 8945 843 7153 9805 3356 3541 9975 2438 3355 5801 4859 2198 8441 2027 1175 7488 7339 698 5602 612 3280 2573 618 7826 5145 7514 8772 121 2968 9148 6165 4964 7667 9557 2994 7017 3283 6495 1619 9434 4935 4166 149 7123 2916 463 5688 1632 2240 1674 4797 88 
9103 1213 8428 8839 8736 3634 658 803 700 4419 1970 4589 6732 5802 8779 4589 6682 6635 8455 9818 6909 2813 9561 9715 7382 987 7382 1626 780 4323 7091 6257 6674 6241 6328 343 8839 9352 882 648 1865 9109 2302 2760 5121 4856 8543 1540 8437 3280 9124 458 5462 5095 1099 8478 5857 1832 4252 8560 4660 2788 5673 3590 8678 4823 2738 7857 5873 9338 8269 2596 2098 9062 8377 6833 94 984 5994 9974 1575 5106 4312 793 4835 2220 5939 2713 4368 6430 930 8688 2472 5718 1494 1413 7244 3633 6325 6909 
8540 9851 8416 6567 8696 7080 2969 6599 604 6028 7964 7786 3112 3950 2670 935 8457 7041 5166 6299 6247 7886 5295 2341 5404 8080 6057 5334 3210 6108 3024 1596 9176 4873 7831 2661 7342 3050 3913 7075 2968 3805 8434 276 5167 5753 9704 2131 222 1266 227 2881 3417 2816 7039 6010 3851 1607 6164 5361 7820 2271 956 226 8216 4281 7434 356 5384 6544 1772 2481 135 5926 946 6534 4136 5021 7863 5265 1748 1752 9991 6190 6317 8243 8246 6632 715 4985 5835 6479 7440 7411 1200 2887 9916 897 4651 9294 