4446 9997 3317 2644 1895 4670 7178 3883 2389 4595 2986 5727 1486 2104 3674 3572 2376 73 3540 6751 2857 1435 9809 9839 4125 4649 4952 6357 217 3081 6622 8509 337 1001 2734 7686 6668 3253 3339 8765 5037 1659 5333 4484 5243 4813 8066 7155 7992 8659 2361 6827 4962 4194 2411 6583 8491 1363 4224 2963 8333 7869 2897 4458 988 8459 8147 3528 1227 8039 6276 5965 5713 3591 6811 2860 3444 3926 9801 6698 3675 140 1540 6569 9600 1090 1348 6530 5219 8289 1322 4904 1680 4559 4428 4028 9980 538 5841 434 
8443 8725 4814 7338 4437 7190 7048 4770 5222 3025 9489 6147 1560 41 6591 8727 3277 8154 913 6669 3938 3427 9544 7333 2144 8433 1448 7229 8799 2176 5731 5167 616 8886 4423 7000 3423 8849 7967 3118 4892 856 3535 5075 8610 3804 158 2674 3653 1198 6883 7559 2686 6087 9301 1203 4734 6662 9434 3218 3768 1543 7840 535 5252 7130 7142 2942 6535 823 8864 3476 5021 4847 9399 1056 4544 6810 7191 3209 7491 4025 3271 4380 4181 8106 8084 5126 69 3279 770 5022 8092 7644 9826 4659 3427 9726 4606 2391 
2144 4150 3971 7802 6170 4138 9707 4936 7426 4826 2933 1711 5899 6587 5711 5675 8435 9777 8873 2777 7822 3346 2592 4498 3885 5003 3545 3753 8471 323 7416 6385 9398 3743 5098 2582 4519 7227 9499 116 4940 4705 270 9607 6111 8077 7059 6185 2045 2689 925 9232 1103 2566 6812 4919 6751 6908 2744 9888 1863 1612 3871 8151 9441 7639 1056 8750 1195 7388 3525 5968 4187 8557 8738 7521 7062 6441 1556 5559 1265 361 5340 5989 4934 9476 7384 5630 5556 9190 5129 1441 3967 6832 5865 3356 493 2815 131 6371 
588 6345 6245 8782 8787 6692 9848 9372 953 9337 4262 1177 3364 8684 2948 2147 365 1316 9176 6713 6344 6887 2999 3253 1495 3138 1197 7875 2992 348 692 4360 6820 2155 9649 3776 3413 2414 1908 3273 1132 329 357 7822 3596 4424 7387 7706 6423 4280 7949 7760 4469 6994 4570 1576 8912 183 3349 7652 7149 3127 6473 5425 5448 5243 5059 4950 4596 1369 1791 8664 8721 7697 7711 5989 8990 6203 124 7159 8402 5677 2014 4332 2074 4292 7345 3354 2464 1881 6489 42 7731 8579 2488 6991 5536 1348 5667 7211 
8304 3558 8616 5337 4494 995 3269 4218 2401 7538 3467 107 36 6562 983 2545 800 6589 915 9345 5015 6655 9983 6279 6877 8228 5852 8213 1036 2591 6526 3045 2079 7158 4468 2101 8385 8740 8188 2936 8233 6618 6786 8219 7458 8067 1186 3238 2405 6472 1377 7272 1399 2158 5897 8771 4969 560 965 6979 2517 1886 8970 7594 5990 9165 8343 3056 6763 8090 2684 8977 3801 4969 6926 6285 7247 1486 3220 1087 5990 291 5482 8239 9726 6078 8136 4960 4382 6400 5761 8987 821 7813 5134 5591 6749 9607 4096 4914 
7959 9862 427 7035 9542 9196 7355 6245 4330 8188 212 3547 2973 5782 7107 5756 1112 9141 1422 3378 4871 904 9824 6720 3060 5504 8977 1986 8819 8138 5006 8166 8720 5103 1475 7839 9777 9968 1534 1522 8306 4004 9845 8565 5636 6895 3737 2370 3845 5378 4475 3181 8327 1151 1684 5106 8843 1579 5425 9047 2885 4641 1468 8923 8501 6581 6081 8715 1202 1181 6961 2482 3898 4822 7732 4146 2689 5248 3206 2668 1472 7433 2068 6359 3517 953 5898 8136 6897 7396 4610 7972 892 8092 891 5640 5291 731 8522 8990 
974 8457 4351 2544 8085 871 3258 4869 1868 5429 4951 3157 1187 8752 7098 2684 7992 9153 3659 8120 9078 9724 628 7952 5253 1237 620 3553 8211 5010 3640 9986 5968 921 8792 2120 8747 3286 9460 8073 5503 5594 3705 3112 1968 8549 669 7413 5169 4733 3896 4624 2496 1345 2804 5580 8074 6329 4878 1899 3389 781 9540 5437 7834 5539 660 7808 3142 2300 1648 970 4596 9481 1048 1923 7915 7831 6868 7882 7907 1279 7367 1128 8606 7889 2348 3653 6636 5536 6766 1023 3686 6193 1085 1920 3433 788 8783 9573 
1294 8434 3791 4782 8182 2628 6545 7112 8247 5895 3558 5469 3630 8775 8440 3647 3981 8499 3366 6182 3223 1878 5610 2292 9200 8504 5302 1400 153 8461 4416 4219 3774 766 4037 6668 586 5614 1563 6930 341 6716 3702 745 7348 4098 3481 3267 4919 8019 9026 1601 9941 45 6517 5355 4451 6390 7690 3009 357 9887 2140 9615 1322 7529 5166 9034 8825 6217 4131 210 4900 8243 9604 4548 4182 6826 9187 863 5715 319 3343 9005 9095 30 9849 2211 1385 4609 8794 9511 9543 5603 9653 2920 4938 2475 643 4646 
4915 8667 519 3893 6686 9652 7667 4376 3590 4004 9147 4565 6646 6544 9978 5221 108 8652 923 2110 5950 3166 5221 3408 2699 6399 1470 9888 8038 715 2578 3512 5946 958 7138 6244 1212 8176 110 4251 6823 910 5966 1101 4964 6407 2353 1101 6749 7215 9192 7873 7878 9541 1852 8779 725 9021 1459 1266 6480 9044 3967 9848 3851 4576 9 3119 1343 6457 6822 7774 6476 4128 2728 542 779 442 8158 4475 1981 8112 2069 955 3783 3830 190 784 8618 2564 6673 8587 2143 5020 4326 6598 9307 448 2235 4672 
7248 7791 4536 1321 5807 3991 5183 2981 1206 7860 6098 1121 4663 37 2664 1065 4704 4944 5240 3665 7455 4863 2180 3695 9831 5846 3874 2998 9403 3957 9719 8387 1170 9110 5627 7452 908 5464 6540 5511 3709 3410 4111 3451 3868 2482 9939 4645 5289 356 1008 7323 4584 9587 7151 562 6291 3059 6217 3465 9993 5540 6822 646 4755 9347 5868 2083 6114 4109 1497 4829 208 4877 9926 3058 1979 7243 5070 7806 6869 6795 1537 3344 3619 9477 5001 8020 4010 1814 7534 5444 9553 1903 3657 6482 1391 9536 7023 5152 
9408 2476 9437 6360 4929 3169 9093 4910 3155 2450 9233 8848 1452 145 6491 725 6554 2642 2556 9556 843 6781 5543 3398 8209 8581 118 2293 1222 9473 5210 369 8634 4220 6147 1745 2573 9635 237 5489 7327 3503 7902 4991 8803 6470 4808 1758 1019 5254 7009 9903 9106 3446 7703 9146 7415 7278 3987 242 8191 4413 4796 3388 5984 6169 6825 9851 9083 340 6589 1952 6990 6261 5816 7391 8802 8804 5066 3688 2495 2744 5119 5765 1473 218 780 5739 9277 8528 1418 4706 2279 7707 947 890 9897 1611 1687 1160 
9642 9747 4586 6916 9738 8748 9935 8544 2815 7475 7267 4629 5112 9616 3200 1237 2362 7450 4717 1270 7238 6896 9306 663 7686 4461 8733 243 3423 6046 5918 564 1102 7351 2527 4530 4640 1640 7617 8280 9427 2922 4648 9215 5905 3129 4834 8509 3020 4361 8103 3658 9476 2398 1825 5969 3907 7660 6954 1731 5580 8119 6103 3159 6778 7283 1127 7325 6738 2316 646 9977 9498 8471 3402 9637 4839 5179 3574 3099 3660 4788 7709 2452 4689 4412 7665 2606 421 3911 532 3971 8857 9009 8833 360 515 1517 4796 7497 
8002 9452 3757 8581 1196 7591 1174 5805 4261 2224 9791 1771 6484 1090 5635 7735 681 3874 8136 2665 9936 6204 1382 7938 5555 4726 6925 310 7908 8331 6627 352 8086 6836 3381 2865 9540 9863 9969 5552 725 3218 3452 1750 929 9016 1991 6732 5179 6465 6678 9462 5232 2446 8587 3958 2989 1985 2702 4266 485 9621 6826 5787 2730 4199 4279 3883 9343 4682 9989 8158 6799 7070 5529 5293 9121 7308 7568 8084 6736 1255 4801 8177 9103 166 8356 3453 8286 4614 3088 3947 4290 9698 6016 9762 1943 6287 1191 8729 
8381 8080 1436 2837 1749 2977 3768 6896 2518 2382 3986 2759 5542 8903 1865 821 105 4268 5025 4453 4753 7655 7025 7031 6136 8925 9314 6407 698 4446 6908 2530 1157 8035 1754 142 8490 5137 708 8563 5836 6974 5809 9278 3865 2228 51 5842 9876 7302 8288 3038 4283 4204 5108 4156 7541 29 3789 5333 1527 8295 7608 3633 8650 4075 8028 2636 2743 2042 7775 4559 5342 7890 2112 1523 2740 839 6300 4534 832 4577 753 8498 8890 8887 662 3224 5701 6588 5448 9308 9391 4496 6663 5168 3812 2359 6036 6871 
8827 1666 6884 1104 2620 6652 7990 2184 5010 4893 4782 5066 7131 3331 943 9857 7667 4450 9029 9556 6623 5285 1158 2911 3139 2111 2767 5399 2117 3900 146 4270 9492 5635 1923 8829 580 7976 3932 4994 3215 8851 1359 7440 171 3134 2076 6875 2983 1655 3015 8392 6307 5555 1700 2356 927 7970 3469 1185 5623 8 7982 4864 3169 5589 5997 8509 4247 9789 4524 4301 1012 8620 9258 9767 517 5487 6577 8216 3206 9799 4662 1128 7074 5631 3751 4207 5326 792 679 7957 5358 1983 3288 1388 4127 6642 3739 3073 
4220 5959 7607 1098 9999 3172 3910 48 6884 9657 3212 8595 4543 2647 4958 8881 9980 9515 5380 2042 935 3638 6111 9264 8490 7677 6441 9497 134 3083 7168 6904 6844 7314 6034 3531 9512 9404 6006 6739 1903 4255 8872 867 2770 3094 3251 916 5196 4660 8114 8792 6871 2373 3290 1306 7179 4145 8699 638 3317 16 2913 220 7191 5600 6098 9969 4500 7536 9825 6973 1964 6841 385 4273 6042 1211 1017 3614 9525 893 2284 800 7123 3653 4805 7735 7426 8204 6017 9500 4187 5965 4941 7529 9753 4425 2806 8544 
3864 477 5105 6290 2511 7625 3351 4865 7251 2827 1554 5032 2416 7707 1740 9402 8307 7446 731 5859 9955 3997 159 6269 4665 8876 6546 4070 9785 4759 8481 8432 8855 3485 60 7182 6043 9387 5357 1348 4573 8599 8446 4201 4301 170 5955 5062 1313 3690 647 2235 4062 3812 642 8019 1247 2189 6090 4247 5115 4047 5358 2992 6748 8267 4762 8110 4734 9275 5760 9247 8483 9937 397 3917 1613 989 850 4525 7439 4188 6263 3819 3056 9487 6705 4733 719 1520 4642 8383 299 3457 2865 188 9569 3791 5529 8160 