3635 4983 2041 9532 176 5228 6436 2768 4169 5921 5514 5055 3079 4635 4576 525 8319 3637 2336 7774 3744 576 8876 2728 542 551 7319 8112 7317 9756 7413 7989 6534 190 3896 1912 8961 5101 852 6183 8141 2029 4842 9514 428 9210 4590 6018 2863 6210 7569 8184 1236 7039 6693 4158 9891 1397 4083 9350 8161 2365 5645 9694 9036 547 4147 2583 8632 8851 9605 9568 2367 326 1736 4545 1876 6534 3551 9513 7567 9272 4758 3129 4109 2669 7228 9344 4338 8973 9031 460 2786 151 8103 5542 9083 1481 7076 525 
5189 8383 8306 5339 9901 2584 4391 4110 8531 7826 3325 9407 7399 9121 5356 6305 1689 2780 3279 8675 1780 5698 4889 5860 5050 6079 6016 288 9532 37 9072 5505 2678 1502 6071 9733 4079 3817 6208 2765 7728 2852 5688 7655 6510 8952 3473 9988 1143 6113 5464 6610 2465 7725 7081 3606 7953 7236 6704 2477 6872 9337 2638 5227 3652 550 6338 4118 5412 1110 9210 5053 6026 2468 2461 8489 5796 4049 1723 9185 5374 5317 774 1155 3975 2551 1420 2532 4148 9366 6942 917 1127 9575 7482 731 9696 3835 5511 1895 
5742 2816 8896 5010 6099 7485 4241 1220 3167 1456 9683 5738 8443 5680 7042 6456 3894 4962 2982 4202 3616 2367 9062 175 4240 4106 4089 9444 6513 602 1437 6383 7863 3118 1486 417 6291 1965 8693 4489 6152 1170 2203 2724 6176 110 4892 9785 9318 6165 9659 9747 6894 4317 7967 7043 783 1103 1860 7414 2605 3526 3156 2089 9458 1720 4334 1568 5111 7102 4372 3109 6549 1813 7081 266 842 7591 3090 9603 776 2466 3008 40 2808 7952 9277 119 9208 2342 3385 746 8759 8691 4443 8185 1341 4190 9021 5054 
9037 7163 5267 3028 3233 3412 5965 5482 6024 9334 7147 1670 2322 9486 6779 788 7229 4287 5510 163 3384 1923 3374 1764 7850 2829 2609 5010 3640 6010 6618 8223 5291 7329 2341 6390 2394 7960 403 7666 6947 9746 3682 2798 5326 7373 4253 4996 4403 3714 4994 5405 1504 5303 2247 9028 9728 9335 1914 847 2194 113 7242 6135 6100 3720 9196 8040 3826 964 8842 819 9645 8706 3621 5238 1835 5662 7668 4884 6284 7894 4858 3209 5205 8621 2479 7192 2707 4223 50 664 7557 5963 4794 5131 7770 6470 5475 2070 
573 8130 6039 7090 3710 198 5657 7001 8830 7788 1609 2664 3363 6133 5897 2681 368 8778 3714 7014 3496 3142 8462 4704 7161 6599 3484 4536 2248 6777 6650 2193 3541 7667 5577 772 5291 8187 7188 2591 7997 8397 6709 2922 3224 4084 5196 6499 1159 5705 7164 6090 3227 630 2086 646 1538 4070 6853 7338 8369 5533 5911 5490 5784 8788 381 5239 2845 151 183 5352 4134 6020 8359 3216 2849 2297 96 304 4534 1784 9320 4868 7066 6428 3942 8667 2535 452 3835 142 7931 117 3247 724 111 7528 2964 2932 
1954 573 9761 2742 934 9461 5925 7775 1699 7137 8571 9209 7515 4959 2810 8539 4527 1984 7909 4686 268 555 167 5151 876 6062 6796 8600 8633 3725 2556 7029 8277 320 5735 1598 3837 7372 5424 4682 6599 231 8020 1941 5971 8852 5715 4931 1091 7710 8937 3041 6599 7091 5576 7411 9655 9553 8275 4808 9005 6210 5769 1345 1461 5667 6761 2742 3853 6556 5818 6135 448 3894 7432 4527 4993 1640 9808 6700 6062 1398 2069 61 2928 9237 4463 7885 3976 2090 9604 2410 3332 8071 3670 3296 7284 9534 4327 1284 
446 8964 5329 2562 618 6187 8694 3131 5947 5128 1087 5484 5205 2282 1170 5099 8623 7001 2949 2389 9848 8545 3869 9097 9054 9407 3216 8807 1133 4387 9889 756 8868 3533 319 256 7410 5224 9086 8597 2035 3138 2665 7511 9255 6289 1126 2277 6595 9600 5069 3146 3937 4618 1916 6096 4544 8636 356 6349 7304 938 762 7075 5354 8382 1843 7464 4987 2402 4931 5128 3364 3313 5500 4720 2891 9827 8694 856 8316 3981 8412 6520 3766 7112 1203 9589 5486 5366 4699 2458 5330 8779 9264 4712 3539 520 5382 3897 
3048 9693 2578 4824 9388 247 3830 6211 6117 8096 2454 8712 4728 7062 5581 7907 6093 3155 250 5261 2998 6829 5537 6435 9709 3504 8222 6321 709 1152 6146 5496 4217 1192 1223 9413 8922 7094 7976 7091 9655 9553 6845 8795 7484 6202 4438 3273 3853 1043 7652 961 346 1340 5468 8299 2154 1900 2427 9900 7311 7215 5768 771 6424 6840 9161 7873 7978 7593 1214 8998 2854 1954 8118 1424 9394 3283 1205 6016 4313 7429 870 2033 4572 5094 2648 6423 5931 9251 9946 2651 926 3185 9436 5834 4139 9377 2078 5285 
1716 177 6438 7547 1781 6082 2957 9389 3232 236 2823 8273 4904 8273 5426 2559 7044 3264 5681 559 8668 5698 9656 5797 8370 5892 3443 5736 4928 7775 6114 1527 2665 4103 1391 6111 6623 4974 692 2527 9547 447 1139 5418 9018 451 2536 1880 4008 7542 4834 711 8982 4160 4168 1449 8537 5148 8125 4456 1205 6038 6185 279 1543 3044 7212 4269 7687 2958 840 474 4525 7552 9735 7609 9720 510 6395 3792 3948 7987 626 7592 5848 8843 3797 4798 3266 5491 1368 9460 837 5930 6675 1808 7707 3931 3432 455 
7576 9029 1759 7079 165 2328 7546 5774 2626 8689 2144 1932 4067 3224 1578 8345 8679 6129 6750 3513 9598 5322 3083 9595 861 3780 6920 7967 2221 6214 3551 108 5262 4352 6369 6378 8719 5912 4410 4441 4542 1152 6444 5471 4464 6796 6699 6267 1112 1891 1593 2069 7946 842 4790 5913 7984 4987 9160 9530 6475 3608 7343 8751 6120 706 4996 9786 6656 6405 3805 7274 9600 1446 3295 5477 6952 3739 4495 9212 5029 812 1725 9546 5277 5036 4962 5275 1546 9271 5470 9302 4359 7621 176 9246 7971 6847 3253 1270 
4349 7522 4225 2195 3902 711 2657 4427 3186 8862 5487 56 9490 6473 4173 1236 1910 4785 7971 561 5841 6893 5597 5442 8370 3904 2794 2558 2291 6590 5537 2754 6741 2746 6224 593 2840 7131 5945 9048 460 9647 4372 8424 3114 3895 4981 4663 3770 8503 1673 2694 8875 3298 3869 6766 5565 2862 6040 289 1095 2311 6144 4884 727 5679 2316 3661 2180 9104 6551 6314 8505 8013 6144 9597 9775 3041 9664 7860 6767 7123 8079 1943 2174 6252 7238 5460 2311 6452 9381 5866 2313 4790 1909 3357 5214 131 6775 1591 
9637 4601 386 6698 6682 6942 9784 6888 5161 990 6758 2243 2930 3437 521 774 4805 3944 6318 3660 3966 245 530 9023 456 7405 6590 8743 8988 9179 3220 7982 1593 3639 5682 4852 5621 410 4169 8832 7073 6972 1908 9861 7698 760 9098 5860 6712 8920 219 2822 9878 5531 7747 3655 8158 3388 1939 6013 6333 3593 2765 1478 8911 2339 3915 7854 704 2759 8632 5544 5361 5939 2396 7541 8877 5590 392 1896 9965 4167 428 6449 7317 9560 4540 9142 3643 4858 407 193 9550 1683 2707 5727 2138 8699 6476 7008 
5789 1002 4147 664 2257 1002 4036 6421 3450 2847 5625 1466 679 1449 147 1083 8885 1087 5148 7649 4796 3105 3360 4406 5904 9624 5045 5921 6919 3410 3316 2903 346 8297 4837 9791 5660 7188 8293 655 7706 8691 5910 7617 6807 9541 7597 2047 5772 4741 4923 3354 8773 2350 8686 9064 7979 5774 9963 2971 7643 520 300 608 6024 2549 5996 8223 7125 1390 7259 4510 937 5193 2446 4243 5632 3375 6978 3404 7004 1057 6510 1655 3092 1306 9683 2004 7257 4744 6766 9572 611 6747 7334 8397 1299 2395 5612 4222 
2098 7120 2691 8323 1593 7267 6162 2928 6094 7722 4844 1823 2293 8970 1246 711 4270 3877 6863 2047 6891 7076 7984 2529 4729 7096 3351 6270 1327 4739 5326 5928 5124 4282 8745 1820 295 4230 5004 3233 9106 8577 6796 4084 6052 5681 8415 2032 5522 4883 1928 4912 7362 8424 2641 1102 1538 6323 6532 2616 1079 3100 2778 9412 2632 7865 2960 2501 9925 2200 6642 9480 153 7755 9402 7318 3595 1250 2515 9337 3263 2852 5022 8614 7806 5200 2526 2024 8575 2109 6708 3610 526 2872 615 6407 7457 7190 4559 9407 
2515 8148 5020 3453 3253 5322 9322 7752 4026 9452 7620 3682 6558 745 8816 1813 2450 997 2727 9912 670 5026 5751 3137 8413 6340 1348 3958 8914 9418 7439 5352 6841 3087 943 7967 4911 5255 4342 3245 938 9679 9920 7151 1644 69 7522 4672 1647 9218 2518 9338 29 7126 2519 3778 6583 9872 5187 1182 3902 8893 2189 8964 8970 816 1778 7545 3458 8959 3035 2393 6549 6745 7507 817 2888 1716 1008 1311 8123 6927 948 8408 4382 9167 4057 5442 3300 8850 5405 8357 3860 5683 8697 4634 3295 6400 2777 541 
103 7625 5107 5481 1023 4751 8140 5441 1762 1211 4923 6652 1441 3402 8092 485 7399 1650 7823 8729 2437 3049 301 435 8834 5645 8447 4628 6133 6444 3596 5598 5985 2999 3967 8847 1747 9472 8668 6124 2185 7426 2368 3946 6654 8032 2075 4026 7046 8966 5074 9895 4804 28 7640 793 3962 4991 6436 3452 3683 9225 962 7672 8471 4211 9095 8955 5718 9665 3118 5138 7680 1677 5613 5369 8176 9804 1129 4375 1504 8618 8105 4 3547 6469 8024 5218 3859 1660 5381 436 1429 1527 7185 6293 3947 9739 8957 8213 
1611 7904 68 9578 1906 9679 3634 1835 9679 1112 6070 6650 6474 8940 5887 4782 5610 7327 7443 8532 3257 1785 1331 8145 669 6973 1725 8672 5020 1202 9455 8182 8663 5907 746 1970 3033 3361 668 6625 4674 5420 8698 9476 8513 9993 1461 6490 1628 4282 2301 6720 4494 1624 6938 7099 7782 8731 6837 9825 6782 2101 1727 6635 4386 2674 7523 1107 7349 2168 2182 523 3 403 3538 6886 1971 4121 4054 3368 17 1089 648 4125 8048 8297 8064 1954 232 6376 1984 1256 8431 4524 7859 6903 8753 5878 9400 5310 