9468 4977 1390 3359 3384 1763 5721 5227 6693 2198 4368 3366 967 1175 7488 4476 7590 9460 1054 2717 5594 2198 8549 669 5193 6234 2681 612 114 454 1003 5536 2353 8431 3686 7119 790 1920 2374 788 7622 5350 9573 1809 5653 7860 1294 6300 8434 4759 1431 7259 5085 6118 6670 7636 8311 4065 1821 4021 7630 4632 4987 2894 6332 3380 5838 8978 2185 9212 3841 9837 5876 5770 6063 9516 418 2223 1323 8685 8240 201 4654 3721 7874 6482 7975 8718 9933 4525 4752 4488 8030 8654 554 1612 3777 3021 6469 4365 
6736 9269 8232 6110 6408 5611 1694 4904 7667 2210 9101 2091 3945 1397 9848 1445 3219 8116 6747 4212 3670 3666 1930 1085 2652 1095 5705 2724 8735 1295 891 9991 4774 5126 52 6765 1817 9833 589 1151 4614 4861 6238 8130 7534 3298 3935 9641 2174 3501 7799 5730 9755 6856 7924 1087 1451 4042 7928 4954 3950 7451 9533 788 2841 9583 9865 6204 872 5092 190 7485 8311 1690 7689 687 7789 9082 4498 516 6688 7616 8609 3112 4385 5216 2351 7432 6051 5412 5247 5954 6046 8195 9625 6759 3909 8499 3328 6881 
6202 2304 4247 5364 9613 2846 6595 733 9972 6182 1448 81 8369 6165 6792 3991 3283 529 9434 4166 7123 463 1632 4929 1674 5922 5735 8370 3636 2844 6975 1558 5879 1589 6386 4337 292 7880 9758 8098 6570 2364 2702 3209 1284 4436 9314 3349 9512 5404 2758 5192 7083 8039 3115 1222 5658 1737 1356 5410 9843 5762 1112 6304 5465 339 9093 4730 60 9196 3983 4130 3116 6025 2618 7463 1324 6393 1064 1123 3286 6673 4670 7939 2934 1811 2205 7232 9257 5406 5915 5531 2554 4698 7253 3025 2535 5656 9936 3620 
8942 1022 7813 4354 7903 3106 6018 3666 4942 9466 9990 6161 7747 5635 3975 3377 6623 6601 7575 6436 5909 7074 7464 9357 8601 4351 1425 1125 4703 6546 8685 9933 8517 6017 1910 46 3679 7682 2914 2717 307 3778 8142 6795 1188 8770 764 5712 6945 4684 9001 7869 3755 9939 6769 8945 3379 1286 5478 5865 1920 2907 3356 7261 3556 2660 4755 7877 8650 2425 497 3786 9651 2479 8115 1471 5580 9397 8240 9891 1055 7316 8898 5993 2842 3211 9214 6019 9675 6317 9205 1265 138 7546 8507 367 7382 9728 5141 2355 
1908 1676 3899 2743 3631 6845 5852 3123 1363 2479 2847 5625 8206 7705 6331 7079 7014 5120 1810 3113 4805 2973 9739 8664 3418 6885 9954 1559 6247 400 4320 1105 4462 641 7308 1453 3473 9742 8951 1532 1630 5115 6634 1924 3135 482 9072 8067 8593 993 3019 7126 310 5822 8844 3964 2627 3164 6739 3521 8245 5860 5613 7911 7657 9701 6175 2867 1370 529 8827 717 8320 1747 4729 8195 7634 740 6403 4132 941 1836 8790 9598 9508 7704 2235 8290 4959 3643 5708 6998 1594 7544 9084 1322 8666 655 6700 2969 
665 1598 3142 7134 7001 378 3095 7207 8867 1754 1620 1832 8379 2355 4663 9702 324 5566 4569 3913 652 6150 914 716 5849 3117 4293 3689 4095 3722 5046 953 6585 1986 2542 7980 8348 484 3879 4052 1403 1836 9028 2165 6146 3211 2642 9066 5530 5344 8928 8205 6247 2155 2757 6323 9641 4947 2221 5460 9967 1645 7955 5866 7325 7503 3523 4585 2932 4848 9549 169 7887 7334 2808 2261 6500 3963 5674 4104 4935 3324 6461 5074 7942 3835 460 9270 8905 217 6507 5392 2385 5265 4474 6776 5081 6860 1803 546 
7380 4852 2819 1604 6920 3999 1394 2913 775 4108 4346 8923 5783 3687 8170 8016 7847 485 5803 5193 470 2671 3630 3933 5507 3491 3279 6317 5875 2713 6985 8383 316 6374 9688 2170 7864 5486 8468 5663 912 4996 8387 798 802 9324 306 58 4281 5441 2812 2744 3993 6372 3441 1962 1986 5573 1684 8474 5477 5698 5141 1112 9240 737 5439 4915 8414 3988 2675 2489 4377 5870 4069 3437 2622 7212 3171 591 3080 3064 3191 9808 8940 7779 4111 5625 6625 6525 6872 3629 3592 2580 6978 9511 191 3363 4387 5306 
6971 4405 116 3119 8889 5348 7798 4341 3421 5064 1987 9024 8097 2968 9162 4358 3571 2798 7584 2517 1689 1550 4923 501 5076 7100 2077 3660 1992 6548 269 9401 3689 2045 2967 6952 3164 8606 8576 1003 7109 8055 9885 5714 4876 1575 1982 692 3824 2877 9805 2810 8756 9339 6451 6123 1978 6516 850 253 8308 7220 9393 4343 466 791 4666 2363 3303 699 6591 558 1024 4651 5753 281 8163 7307 2868 5877 9792 3738 58 9009 6367 4294 5921 449 6011 2507 1062 4941 6805 262 9976 7983 8158 9624 5830 1419 
792 2482 3898 7732 4146 487 6197 5248 3835 6374 981 8962 3150 2805 2571 5446 8578 3753 8376 9747 1198 3634 4491 240 662 7730 8806 1798 1148 5625 8797 298 1829 198 3566 2227 4276 1267 89 6916 8255 225 3174 344 4685 3935 1276 1272 7826 8964 1392 1849 4302 2652 6072 3402 3574 6392 1288 601 5983 4043 2785 6095 3758 3806 3696 8657 6735 1533 5490 8698 1328 7417 8050 6116 2585 5631 682 5806 4191 5593 6164 8406 1161 2713 5106 9731 7237 2580 8439 9654 8963 376 5077 3617 1115 9554 3936 5650 
9 2099 2935 2631 9485 4321 8993 2924 618 8662 7187 356 8146 7304 2136 4847 8282 8537 3983 5668 657 3264 909 1103 1395 9156 4190 5704 9842 6502 8251 5311 8883 8470 2385 7647 9312 8336 6250 409 8511 6591 2805 7393 1028 8878 8785 8727 834 4141 5855 192 9179 1866 2798 3908 9139 647 9054 5726 8694 297 7054 5112 7351 6998 7527 5782 2043 9891 3648 2043 1385 3069 7269 6477 7861 8228 9270 1960 499 1737 9771 4905 6259 3253 6883 7239 9912 3974 7983 8023 5698 5678 9167 7224 764 9614 4703 6612 
474 3463 5551 2521 9541 9155 3193 3572 5134 843 1300 2248 7164 9322 83 1765 8960 4316 5143 3869 5469 1548 8616 1086 1731 7680 7417 481 6338 596 6703 3016 6706 8446 6904 9195 2845 4471 3409 215 3884 1058 6543 3633 9469 6662 8081 2650 2439 9121 881 9065 9838 9522 256 2906 4863 4641 1256 2330 3286 7393 2889 9287 7413 5193 4733 3570 5751 2804 5916 6317 3389 781 2702 8055 9487 8816 1284 7678 1213 9512 5404 3628 320 1248 2832 3750 2683 6015 2220 3897 7820 5477 9243 6932 7341 24 8720 3697 
8319 1773 1343 6822 3744 8876 1713 779 9501 442 8158 3251 1981 2069 7413 3783 961 2564 1912 852 9273 8006 4172 6290 2277 4842 9514 8854 1192 1941 8350 9730 5604 1194 5043 162 4101 1167 1055 5218 3532 5847 6621 2669 1577 3957 1202 8853 1510 878 4442 3814 2387 291 2490 5854 2133 5317 5669 7731 178 9287 2944 5651 6447 2323 1803 605 3034 3250 6494 6578 6056 5675 6787 451 2049 7071 883 4884 7496 8432 6649 6629 266 3220 2455 3230 8320 8244 3419 2309 4102 1098 2842 8457 186 826 3821 5514 
9618 4571 6045 3497 5814 6969 3113 7511 4168 5528 9955 4391 5217 7901 3884 1525 4971 1491 8004 6260 8660 5708 1041 4617 3868 7875 9700 5211 4994 6688 7892 3888 3956 6614 7257 208 7827 1917 8531 8598 4478 178 5897 3841 2572 1283 6470 1634 4087 8878 2297 8067 1748 4864 8877 1 9341 160 8779 6979 3916 269 5525 9642 4809 5220 236 3422 8936 8257 6938 1730 561 7502 3126 2049 7347 6105 6141 5805 816 7382 9900 2562 8284 5631 2738 8088 761 4776 8488 9402 8309 8553 1602 944 6701 1134 3598 8309 
1773 6845 3718 6412 5447 7126 2453 7106 839 2562 2734 8607 7166 9012 1466 852 4864 2510 6538 7306 6831 6320 6028 3535 4327 9322 6014 7230 155 3016 8731 8381 455 4132 9626 5144 4740 3526 8983 8698 3114 1520 1697 1190 4950 6145 1550 3996 4902 4958 810 5185 1325 8471 9635 9771 7330 4375 1487 416 3258 6948 9666 8214 7718 3366 1205 5588 3631 1911 2228 99 9736 2890 396 9387 1492 2685 3159 9347 2294 4040 1394 1820 3731 1066 6982 6402 8851 7144 8680 5548 7803 9664 1150 2894 7576 633 199 2640 
5202 6516 3221 2441 6596 5360 2863 1819 3813 4039 2656 6415 3329 1499 9843 963 5142 868 3662 8581 6923 5864 6682 6363 6281 7863 2713 2557 3494 7658 9579 9226 3375 5627 8173 9790 9982 6019 2769 6503 4962 7158 7547 4762 4327 2712 5113 5490 2829 8036 1536 1010 7842 9351 4021 327 4650 1017 6804 9532 3614 9221 4646 8288 7989 1617 8066 6528 5179 271 6689 9419 5082 9064 4694 1474 5860 2537 7168 7326 4073 639 5467 5056 6806 5965 2930 6996 993 6235 9913 9238 4072 3924 8843 4427 8868 9124 2543 2739 
8897 1645 6306 8911 259 9335 7694 4842 9391 4072 6844 3177 863 3239 9220 9788 5775 86 9932 8808 4424 9567 1099 2207 4249 7427 118 739 3613 5081 5892 355 8521 1261 261 1259 2807 6447 3919 6796 3503 3379 4234 8018 2587 9034 6103 645 2778 5222 3782 6489 3458 6355 6711 3692 9543 3663 6399 3451 6400 6382 4355 6223 74 9302 8764 3075 6701 6505 8427 3838 4470 307 7844 5944 752 8305 1574 1453 114 5451 6690 1416 9087 6381 8502 6374 5622 42 4686 5438 7013 632 2435 6424 4316 3002 397 7569 
5185 4537 2340 4171 2670 2354 4058 4449 5241 372 168 1816 4156 3066 8877 5820 7528 2493 4801 9549 9267 9147 1800 1274 999 1176 7634 3740 4620 3998 7593 2880 3307 9864 4413 750 7563 5494 4870 1082 102 3409 6244 37 6492 9992 1359 3384 5231 9975 2855 9591 2124 5943 5147 9935 6730 9952 2843 5046 2902 5649 2503 7144 656 7217 5226 7420 8449 8157 1892 5154 4281 5618 312 6764 7027 117 9067 9073 1073 5192 8736 9163 3791 6854 3048 6888 2180 9244 23 2544 5599 800 9867 6183 1549 7567 7925 3435 