4802 625 4029 9243 9630 4494 9799 3710 198 5845 3612 7921 2384 8566 5327 6026 2144 8381 5747 1050 1424 6378 9101 9824 8277 6396 4129 8895 1593 4781 8000 7635 7310 6949 5283 9771 6678 5524 3970 9704 8571 3726 6761 3099 5782 8254 3068 8590 5659 7405 7727 5171 40 8607 1289 2601 1316 7687 7684 625 7933 3502 2141 8216 5417 9368 6561 5072 911 4800 7313 6825 121 6988 3647 1548 465 7404 1763 4218 4354 5603 8531 804 8310 6002 9581 4355 8259 8059 9109 7879 9935 6337 6682 2188 6424 4965 9089 4361 
8792 4580 3851 4337 2105 457 7139 9288 1083 4297 314 7316 3521 9416 8720 8435 7839 9777 7160 4209 203 9184 1920 3845 4372 4475 3590 5125 3442 6991 1151 3202 9757 5106 2857 1579 2218 8113 6590 9047 8990 811 4847 9104 7596 8097 4433 8714 7409 7645 3176 5576 4953 4764 5576 8655 5265 3778 4563 4948 7241 3770 9273 4056 9483 3624 2002 1210 8712 9879 5074 8057 469 1798 2466 8348 2120 3064 5978 6141 6020 8849 793 7960 5202 2743 5412 9431 7975 522 1987 1449 2679 3829 3068 8555 7657 9758 5750 4234 
5437 4590 770 5742 5623 9836 11 2379 6024 6594 9651 5088 3638 2863 8968 4025 2777 3479 9327 9970 7833 9980 3446 8194 7163 4033 4262 1682 7493 4178 6672 1179 4889 3361 5647 4191 6084 2684 7124 8071 5364 8886 8240 9726 8210 3911 7659 1656 8457 1174 2041 376 5436 3723 4222 9614 3188 1637 8763 2180 1199 1519 7782 5942 4711 9498 6341 3598 6067 1276 2300 6330 5287 3957 4787 2813 5164 8250 2426 4216 1139 7405 3515 6254 5695 464 1352 1588 6406 2415 1086 2748 6013 5177 3642 7477 8929 7786 6285 1743 
137 7801 8915 3539 561 793 1031 4318 4308 6911 6355 4739 3727 4059 133 3765 2488 4401 2482 5899 7764 558 8536 5859 7047 2204 2314 6229 9117 3107 3436 7415 4546 6699 123 426 4182 8316 6911 657 8433 9498 3728 2852 6445 6096 9762 4981 1955 4159 5476 9629 8584 7513 9417 2351 8411 6116 2474 2894 3009 8716 18 3502 2302 3582 2848 7849 6434 5645 3945 6196 627 2253 9358 2764 4835 4903 3419 2417 1810 2122 828 4278 1229 7172 3958 6297 3330 3976 9799 1984 3381 4833 7694 2364 3809 244 1722 8460 
9361 3363 1754 6328 2132 3565 8451 9313 9400 1368 3358 6839 1050 7334 6639 3034 7179 6372 1225 9217 4904 5813 9671 5888 2216 6846 832 1374 6129 4566 6163 9816 7557 9198 3929 9769 2821 7171 3790 2031 5955 8054 7482 6592 1089 763 5160 3961 2180 1354 6468 7433 2086 2631 7249 5995 4244 8817 2746 1474 8959 6823 4915 7912 8749 6823 9001 5864 1984 4314 516 1819 7980 3999 9252 6418 2983 2413 1164 7098 2337 5467 5915 1435 6942 1227 6799 4711 1243 5314 65 7107 3650 3284 518 7167 2337 2819 7519 1590 
9237 502 4443 1650 1666 1541 7134 3809 4076 5036 2738 7530 1229 1939 2895 2004 2232 2897 2735 1868 3415 7575 5387 5752 394 2906 3694 5984 3408 8138 7634 5075 9679 4326 8561 3488 2454 8989 4876 5192 6216 2406 2773 4507 7531 5668 6511 6115 4917 9247 4335 8332 3174 9723 437 3568 2629 4131 5904 6038 8621 9891 7465 4653 4217 2378 3023 1367 9370 8216 1776 8443 9362 8127 6905 2612 2186 0 3532 7205 5795 1022 6365 1300 7604 5151 3498 660 1710 7551 9939 8141 485 4664 6193 2150 5439 1947 9551 1614 
7201 9139 4429 4330 2183 6120 3657 9581 494 5837 853 6285 3411 4141 3393 7841 9414 41 718 5403 892 8663 6892 4069 1347 8092 8521 7450 5291 937 9384 7780 813 3100 3224 365 759 5972 4965 6126 8296 9939 4320 8839 8301 6860 4851 2933 1979 8120 9877 8725 8919 7458 6132 5884 7624 9412 1544 5760 7664 6319 9049 9522 5822 9835 8382 6729 1080 7406 8894 5249 9964 5258 240 7742 1024 9754 1069 1938 1740 8692 2926 8586 5351 1943 2087 3405 6836 5680 7043 9193 4454 2909 8513 2725 654 6297 6838 6248 
9994 8343 382 6668 4311 6969 3268 4613 6329 6204 6842 6200 9945 8068 4930 774 2988 751 5528 8564 2203 43 2868 5302 9698 6984 9319 7246 5908 4293 5490 3850 2851 8305 3346 1925 8308 244 7341 7229 7081 1670 7767 9351 4968 9146 9580 6828 3073 4482 8225 8743 1073 6776 3394 8720 9 4963 3119 9186 2378 7774 3744 6476 551 8668 2620 7319 3251 4980 8112 9756 7413 2225 3338 2368 7014 9098 7291 4908 3952 6970 8597 7028 9397 3333 7008 6071 2092 714 4036 8301 6421 3839 3450 5625 5675 8166 9231 3411 
3010 3035 2483 4493 5823 1376 7933 1531 2866 7334 3893 8510 3502 1960 2141 4238 8216 4373 30 5728 2220 9107 667 4411 792 449 8672 4138 8443 1424 6378 7456 9601 3755 9939 7802 78 8370 8036 1294 1662 7140 9511 6732 7956 9692 3060 9388 8232 6658 9905 5856 6919 7602 6339 1560 4570 7356 9114 2988 8514 5773 842 8005 520 6336 7358 5085 8660 3741 6625 4790 2404 8005 8525 2741 3997 1525 1536 8725 2587 7541 2331 1875 8554 2904 7595 8161 5280 8350 980 2633 519 3197 4314 2740 1081 3015 1283 9617 
7612 7153 3122 4480 5452 6576 8890 5912 6187 9695 9675 3400 4410 5595 8729 1731 780 2389 9589 9799 5890 692 6340 1027 7843 3958 4084 7439 6463 943 2302 774 6160 2390 187 5902 996 8067 968 7981 6588 8699 78 773 3351 2356 9503 6158 6059 8766 3255 7601 3526 1697 2489 5288 6934 6273 2685 166 2489 3894 440 2606 6783 4173 1051 5098 2236 429 675 6957 8244 5531 4090 8598 14 7340 1936 9690 7927 1629 5282 4685 5549 2195 7882 4133 6759 9049 9596 7973 4252 4385 764 4249 4974 3340 6837 5182 
6057 1849 7798 8590 6141 5703 4200 2455 8513 5175 1613 4884 9738 1437 6350 4178 6672 6169 737 1565 6502 154 7472 2474 6539 2127 6306 3189 958 8657 5163 2466 8263 2175 6279 2792 5851 7826 1706 4133 4247 4466 3788 5392 1551 951 9262 4469 9797 705 7037 6143 6962 2354 1109 6259 2867 5330 277 257 2289 4979 1238 2771 6137 5451 9004 9288 4419 5453 5638 8592 435 4517 6821 9230 1242 730 93 7224 4056 6010 8648 9150 4463 2968 5283 7519 8682 1505 787 8933 4522 1724 7570 59 4502 9112 5448 8895 
7700 899 7305 4503 7601 6383 7135 5873 6014 2129 9108 7991 4292 1661 5534 3210 3787 4710 8929 7207 6460 6924 2303 5253 9462 4165 3393 4671 2142 4625 7578 9742 5921 7445 9494 9723 7410 9650 3487 1313 8005 1086 6199 2339 8911 2673 970 2153 4473 6632 4637 2288 5973 2445 3940 5408 3937 4270 7608 2619 8225 1895 8852 9144 1691 1432 9454 9455 9975 4548 8532 909 5448 4693 2929 3830 2109 9081 6190 5513 7356 35 7208 8466 8967 203 609 4428 8819 3142 5458 7824 6704 3259 2693 378 6572 7409 306 8278 
5008 7530 7917 947 8725 9115 425 1166 6282 9135 3787 563 4921 7579 6124 4244 6626 5739 8360 3828 5058 2035 3362 6909 2649 4112 3815 6773 8969 5588 8469 8510 6833 5053 9095 543 7466 1553 6452 7453 424 6147 8017 2660 8644 8202 7979 4875 2158 9082 8662 7715 6540 2687 2979 9622 6640 6646 8804 3035 9361 3444 4463 5299 5794 9923 6335 7397 8425 7812 3718 9224 6851 9573 1206 2046 5218 8825 6781 9205 2983 5811 8829 5088 193 4319 6371 3922 3374 6115 306 8469 8725 4005 1475 6816 8202 7479 3071 6452 
9322 4499 3952 7740 7287 6480 6932 1210 2520 3697 8527 5862 1907 9356 4003 1624 9952 1253 779 6293 490 3947 9739 4183 570 3559 887 9613 3257 3860 6181 3621 2209 1264 4276 8973 1617 5925 831 496 5843 6160 291 4427 566 1690 7388 188 8214 1019 9784 2613 1467 2120 1268 5847 2475 2140 7095 9031 8493 3091 6192 3833 3406 5300 5110 1227 7477 5960 2322 6978 6272 3570 4310 9991 5807 4621 9819 9683 4031 5643 6859 3440 4134 2792 59 8234 1320 2027 3758 8815 2784 592 9410 3070 6528 9799 2592 7613 
3782 9873 9885 2310 5200 9126 9515 890 6719 1139 8041 143 3761 953 4335 1878 3238 3184 5375 5077 7446 779 4290 2444 9724 4898 1621 976 1417 1500 7841 3688 2032 9894 9973 6429 73 2156 6000 7611 5244 2851 4860 7424 2014 623 6080 4553 8011 1112 6963 1882 5587 914 1135 1440 7450 1252 5005 3016 7792 5388 7542 6799 1958 9496 5247 8441 3469 1633 2455 4537 1058 4279 6037 8967 8515 9985 9067 5257 947 9300 5531 7451 3337 7887 1751 3399 9454 3749 629 177 4090 2730 5508 8712 7392 457 7319 6295 
5327 3758 428 9193 6628 2408 3318 7022 1245 6803 4610 1723 9423 6094 5011 5636 5136 178 3622 5091 9269 941 6937 3628 2264 7386 1457 5738 2373 3865 7541 7239 696 4728 6472 7174 9759 8088 4895 2150 2989 4869 2258 5810 6263 5790 1581 1459 9529 9269 5267 2404 9486 675 6297 6726 3681 6993 4927 8004 3224 6092 8394 4471 4595 8188 9993 1502 804 8737 6822 8973 8441 1171 8459 5468 7468 1537 9149 2817 4279 9495 3266 4020 5522 3863 9167 3567 2540 6251 2537 6516 9311 8806 2145 9331 9703 9699 4669 4393 
3086 9669 7021 6665 1872 6681 6342 3367 7119 8272 778 3271 3383 2746 3774 4038 6904 3698 6243 1843 561 9541 6802 9590 3459 5958 1733 729 6130 7217 7703 4228 3838 6912 7224 9731 7663 4026 522 7253 9187 1393 2361 3127 2066 6835 2717 7665 3946 3207 6327 2213 5520 3269 1882 1752 4246 940 2570 8196 6553 3352 3996 1137 5034 4093 1763 6066 6149 3471 2821 3769 6028 2353 8241 870 7862 8460 9094 898 5328 6567 7475 5425 2266 2031 7797 7252 6169 9840 528 5766 2385 5735 2590 1024 3979 1887 8598 631 