1960 2141 4238 8216 2766 2592 955 9368 5728 9415 6561 3490 9147 9858 4800 7313 6825 8783 6988 2887 377 8964 2881 2981 7404 5575 3064 4912 5220 1640 4023 1032 151 3933 3341 621 5860 7212 9920 6192 2506 1099 1220 2545 2467 8328 4460 2676 4780 7051 2508 8836 2388 6866 9333 4334 8857 7489 5008 4128 1539 7112 2917 5306 1501 5560 3049 7103 4290 5829 2987 3851 9 8319 1343 6457 6822 2336 5823 1376 1254 3951 1531 2866 7334 7382 5998 7537 3393 8755 5417 9368 5728 9415 5072 9858 4800 8193 121 1108 
9981 9069 7772 9527 5837 2312 6991 951 9092 6403 1085 7570 5362 9468 3302 342 4791 4417 5566 716 1262 5999 202 1746 1826 7319 8380 9904 4856 1183 2493 4854 5362 6381 566 7111 146 9844 8951 6402 8912 8034 4574 34 8300 698 8064 3065 5007 8408 1447 5727 2297 209 2529 1596 2663 9140 8221 1869 4799 5323 3822 9367 7315 1868 4562 8299 2783 7447 6494 1124 3424 1439 3409 8758 6148 6498 6567 2667 196 4361 2864 6726 6502 794 9628 1618 6063 115 5896 311 3354 6814 7389 734 289 9618 6121 2123 
7284 6043 8171 1848 2695 3222 1691 9330 4422 2658 9077 2808 4454 3168 8271 980 4176 9639 1750 2568 9456 5303 7131 6049 1566 5198 8260 6641 1894 7800 7485 3261 6725 9049 110 8993 3510 8445 458 1878 1021 9985 7234 8671 6126 8079 3879 4337 292 7880 9844 669 7006 5332 2364 4865 2828 9957 7108 7857 4253 4054 1274 9196 7973 3474 2275 3254 9844 3027 9995 9687 8665 5736 476 9740 7389 9434 2560 7174 5488 267 1449 1625 273 7447 4969 712 7084 9389 7213 9515 2953 2009 6542 6743 9678 9929 6684 9695 
4444 7783 1364 7485 5936 626 4752 3796 5848 6726 4798 1368 5791 5663 3994 1846 2468 7473 286 5663 1788 6659 6767 4194 9214 7987 6807 4471 1929 5095 2190 3390 447 4641 9881 8087 8993 2077 7618 9895 5417 7574 5008 3640 2574 3639 2275 8651 6088 9176 6713 1258 9984 1226 3825 4247 5970 9640 8583 7413 9613 2728 8916 7551 591 5881 9559 6240 145 796 5420 4969 8743 5597 7641 5443 5231 4051 2009 3781 8750 8810 9805 740 6869 3954 9695 7783 1364 3194 5000 5439 7160 6967 1832 2501 5948 399 3193 6657 
2777 847 9987 6481 2011 8507 1378 2186 5085 6754 3075 4912 7697 4560 6293 3071 2731 392 7831 6341 7876 4682 9417 472 7922 778 1459 8088 2514 6086 7671 7895 5685 8938 1494 3905 6696 2560 5702 1649 2799 920 4753 3480 916 3110 3543 2442 5426 5917 8055 9329 5976 6214 1447 6595 463 1240 5585 5264 1610 5789 6203 4844 4696 1507 5830 3422 5360 2949 6791 7710 1916 7780 8484 5064 3420 5224 9281 2292 8886 8189 9842 1809 6358 7470 7485 1903 6400 3748 1639 2619 8062 6353 2326 5827 6479 5863 4446 473 
1761 2523 5395 1695 2476 3671 2676 9630 2392 4272 7006 316 9988 396 741 5834 96 8256 8890 2884 5558 7978 2565 8295 1002 6206 2515 2762 5255 94 5119 4942 4901 1729 587 9573 6500 4906 7503 2824 3424 364 1617 2561 7095 5307 1512 9666 5956 3032 7953 7200 787 3535 9193 6065 4506 2241 7066 9408 5834 5743 7827 2912 2333 2121 6202 2228 3571 5593 24 4232 7611 2212 1468 5868 163 9279 2693 8857 7938 5954 2269 3888 528 789 1181 4937 3975 1408 3294 5468 7041 991 664 780 6865 6000 8478 8806 
9651 9672 3978 2018 3711 4812 9264 2089 4300 9712 277 2132 6453 8728 1162 1700 107 9514 2948 9396 4296 6960 2185 8354 885 6358 625 5389 5253 3983 744 4519 9538 7864 8618 6648 7764 3154 2285 8539 8267 8283 1203 8968 3185 6164 1339 9311 3048 8760 3562 9669 5575 2094 5990 7902 4298 9357 5959 599 7383 4745 7500 5833 4845 1454 710 7925 4510 2874 7681 6530 8303 7650 1723 1018 2215 6258 1091 3077 5946 2248 3305 3700 7912 9418 1285 4376 534 3068 9370 771 756 8141 8729 3812 685 8960 8819 1760 
9957 1945 6294 5296 7890 6961 9029 3558 6317 8986 8243 2476 2505 1036 4402 2139 2036 5650 993 5020 1311 6646 9972 1505 1931 6145 4058 3309 8017 6263 9508 906 4910 8272 8645 3452 6024 4630 230 97 2583 5335 7360 5741 4434 5420 7305 3879 5962 6605 903 2104 4429 3877 8962 9609 7508 7967 9472 8208 5952 1473 9331 4340 2861 9446 6050 4917 5363 1215 8385 6079 7107 8466 3703 5582 3740 6260 7695 248 871 891 6843 7042 1455 50 1119 629 8602 5192 4775 8529 6521 792 6426 4307 4739 718 9577 7560 
1198 3186 2564 2054 6204 297 4466 5970 3543 3242 8573 8013 5271 232 9346 39 8262 632 561 3188 9279 676 2971 959 3674 2460 5283 400 4989 5469 4265 7461 9077 2907 7301 2934 6608 8996 6904 5618 4737 1326 311 8912 5986 8882 8218 3161 5748 5685 3301 8770 446 757 8333 6535 951 8092 6448 5424 262 9308 9502 3721 3923 7884 2961 2099 8521 8976 9094 2001 5016 3516 1259 5560 2807 9623 3199 1967 2174 3031 6859 8672 4680 1206 4646 2009 9410 9950 3434 8262 4165 8376 7926 567 5225 9558 853 4709 
9297 8920 9195 5501 5833 9572 6229 1867 3946 4800 6171 1820 1623 3357 9966 9977 1587 6720 3064 9300 6430 4919 9616 8905 4634 6545 9468 2067 9837 5950 665 7629 2894 6103 5331 5827 1497 7788 2451 9565 709 9410 7946 8209 7188 5850 6239 5626 3865 9278 6288 4187 7430 7142 1768 1204 619 5453 4342 7174 7570 3960 2874 5169 2840 7242 4113 5465 1355 2876 8584 593 5218 2511 9754 9318 7264 7701 5133 7644 4044 286 4183 6977 9191 2140 4732 6331 479 1827 8544 8900 337 8973 4825 6128 1169 3852 9651 6955 
57 4904 3278 4031 9831 989 3790 1039 2458 8482 3372 6694 3545 4811 1717 9685 2416 6191 3818 7390 2533 4825 9532 8114 5154 2690 4409 4088 3622 3976 8793 3754 4444 2602 8780 3189 3381 8248 681 7155 9842 814 5836 1122 3694 849 8214 1955 695 3716 6105 2384 9890 789 5340 9750 7962 5645 8031 8599 6225 2964 6071 6316 1539 5595 6897 9231 440 6042 5578 4382 250 1789 8896 5280 7451 1671 7023 1010 8894 299 7944 4831 9017 5847 2357 9397 9920 8832 7270 7731 875 3386 6843 8642 3122 5909 9974 2292 
587 8799 2778 5834 4175 404 1830 611 7334 6393 1299 7841 5382 4806 5612 4222 3804 2391 1042 6831 9226 2745 2390 2501 1277 4778 1911 3486 4656 7417 4415 7544 4195 3125 8988 1133 2383 5617 4781 2866 7185 4073 6399 4467 2275 4652 2255 4638 3201 6922 5021 6622 2265 5903 2860 3676 7410 7716 5765 3386 3088 3283 8993 9586 5524 7966 5465 7925 984 8064 6254 9691 9720 9338 2776 9588 7666 8430 8650 4025 4123 4381 6714 1512 5709 1987 1378 2684 6013 1528 9877 6394 5231 5508 2949 8858 9804 2890 4372 296 
3236 5174 5510 9022 7370 1318 5270 1186 7949 7267 3043 1616 2506 3649 241 8256 9727 6312 5754 5871 3646 8355 5327 5672 3744 3091 3552 4281 1093 8336 8411 9926 7768 5938 6862 2772 7611 8619 9426 1298 4178 48 9798 6784 1517 2647 742 974 5648 7178 7969 3301 5101 1698 3154 4411 1640 3413 5332 8633 4244 5567 6662 8631 5312 3715 7438 6163 5705 5502 2700 9169 180 4700 7876 1666 6884 7483 3541 4893 4837 5066 9330 4472 1141 836 9857 7667 3194 8200 1083 9936 3419 5758 9089 8709 5221 6107 1211 7717 
1536 497 9441 8294 5749 6319 7888 1480 5564 9485 9446 5559 9596 8258 2275 4946 9317 5818 3059 4585 6243 8114 8837 1383 9448 9023 6876 7494 8338 3304 8603 602 2738 870 3220 4680 4886 3166 8015 9113 1275 5784 5671 7529 6976 4209 3507 3697 7814 6935 3418 5736 3293 2535 3668 913 3964 5070 8907 6395 4638 7762 5229 8021 3446 4667 4353 8480 8162 68 2844 5041 3062 223 5339 5545 150 5394 3818 7068 1582 2845 1292 6334 6669 9696 9939 1630 6217 1224 1467 5286 6309 897 5605 5841 1395 7899 364 3682 
576 6919 5350 2868 5752 7766 6476 2528 2936 4223 7643 7475 6329 520 9033 5961 3571 6024 6104 3870 9026 9601 2892 5698 9432 3396 4005 1129 3585 9298 5089 6689 8794 1007 4530 2833 675 1971 6234 1418 1874 949 5198 5466 4140 7290 2737 7546 2940 8974 7832 5901 6737 9389 4163 9360 9073 6125 3364 5932 7225 8957 4303 1312 7967 5750 4088 8725 5225 4157 7255 2462 626 2692 2490 9250 7146 8953 3355 9915 3048 8078 5489 5315 9159 6362 456 8865 4190 4582 7158 9260 3976 6089 5643 3610 5188 429 7884 3273 
5403 4415 1564 5375 2617 7263 7449 210 7659 1934 6450 1668 4839 1997 6602 9219 186 5072 1441 1542 9893 2115 924 2070 3738 9708 2174 4917 3273 177 8543 3930 7152 7673 638 8131 6735 4734 5799 5895 7900 5553 4151 4022 3779 1058 3122 1678 2498 76 9734 9091 5233 7816 5404 4775 3619 1492 5414 7698 7124 9648 529 8466 1380 5455 3618 7269 9273 1607 746 1083 1612 3030 4410 6218 8807 290 8359 7821 2956 2565 5064 2003 3864 9449 564 7507 7919 1688 8516 4378 4130 6050 4656 612 5560 6753 188 7544 
4973 6388 586 8251 1007 8690 9012 1129 3003 5768 1822 459 4120 6345 5021 2856 3616 8077 5722 7007 4467 8427 8890 2063 7132 3501 2470 7801 2959 554 3361 4360 6909 2881 2734 9915 2757 4584 6520 4715 9391 1741 2261 8065 4650 8126 5189 4729 5216 6277 2757 3232 5642 5357 629 4463 8342 7929 8921 2922 5109 2227 4554 1447 7953 3107 1750 3741 27 5728 7246 6115 3588 8059 2819 1616 1736 859 7384 1054 663 971 6258 9285 8018 9384 1069 1369 5732 2877 5298 6307 235 308 8619 7754 6892 7146 1132 8592 