9973 835 4953 9125 8187 4395 8450 9986 2288 8136 8747 3286 2914 7393 307 6750 7667 2857 3885 8216 5014 5020 3133 7416 1273 6800 6434 5805 7074 1982 1448 5639 49 3143 5471 2362 2275 737 293 8858 2686 242 4684 3647 2591 1293 377 1548 6448 5642 8336 5337 1304 1188 1087 510 7300 8262 1597 5281 6649 6673 7869 7413 7989 7454 3338 3830 784 2564 9358 3768 6388 943 8770 4172 5305 5199 2404 1837 4842 6997 3799 552 8910 9514 1650 9020 457 7790 3860 4480 325 8218 4498 6359 7140 5827 9964 2253 
7856 3750 3805 6486 5642 1328 3152 5793 8232 8414 9712 4098 8733 907 1622 2875 4767 6102 2985 8433 7699 9344 2421 1191 9886 8248 1155 2457 5945 8943 1060 7939 6623 564 84 4855 8978 9796 8954 1746 8529 9861 3369 1405 981 9471 4606 3966 4257 6678 6200 3197 4927 7355 3736 8613 3986 2679 9674 8277 5654 238 8361 5569 2167 7315 3039 2029 684 4444 3010 6508 411 6639 7443 6611 8722 4230 2458 8932 4569 4958 9198 3495 1549 7560 357 7118 2070 2524 785 7822 267 4330 7660 3596 5095 4424 6587 8890 
7387 9128 7613 7706 3359 6423 2991 4265 7949 3478 7760 9498 1038 4469 6616 9460 3754 4570 7899 6828 4519 5906 4488 8115 1001 8912 9891 6300 183 358 3542 280 3349 4174 1299 7652 8657 7149 5043 3127 118 4503 6473 5425 724 5448 2253 5243 3094 3358 5059 8358 4413 4950 4658 4596 5159 1369 4490 1070 2688 8721 2668 7697 7711 5989 3649 6213 7640 4374 8013 9894 5719 2988 9328 778 1346 3741 2357 4689 7239 78 5531 1148 1718 9870 3215 9416 5741 927 6592 8082 3142 242 4616 2308 7028 585 8027 6368 
9913 5157 7237 4695 4477 2854 226 3507 4002 7125 1578 341 7346 2317 1268 3938 762 532 1046 7896 1500 9706 1277 2086 4085 1999 9242 8064 2006 6480 840 6701 3694 3280 7168 4049 6757 8746 625 6092 4718 6383 9694 1832 6915 741 9729 4768 7358 6854 885 5003 8853 127 3068 859 6607 260 268 307 3545 708 302 1333 3753 8628 1363 304 4630 7416 9398 3743 6252 5100 5098 5106 4518 2317 8187 4779 2582 8456 5893 5794 6430 3479 6535 3408 4108 4771 4431 1662 9402 1847 4399 4494 5053 7515 9593 6511 
2743 463 5180 7282 5242 7763 5738 6680 3890 7983 8826 6672 6412 2306 3207 9820 7132 482 1849 8063 1699 8602 8207 1792 8832 9767 6430 3632 1370 2574 6324 3727 5941 9078 9938 9907 6075 8706 5405 8610 7874 7799 9002 393 4610 2105 1985 620 7366 2421 5132 6179 6136 8427 4904 4840 6945 9896 9871 2859 8929 2924 6538 7935 9561 1675 5454 455 5881 814 1691 8546 2083 6857 5662 1080 7870 4018 4511 7431 1892 2499 3695 8405 5414 8787 1745 669 4274 5908 5000 2793 5439 8960 8839 6967 2576 399 970 5744 
3817 9836 8796 8019 8597 6859 2841 2633 4771 5105 4264 9055 3240 1837 5191 834 9521 374 5556 9979 5943 2613 7067 4316 8837 7933 3760 1324 5362 5736 3447 4334 3968 2986 6246 9744 2727 8079 4096 1538 2070 9693 2150 1630 6462 8788 381 1204 5239 8444 8137 5765 4699 431 5921 2736 651 802 8781 580 9211 4445 701 9562 5751 6226 9322 6617 7263 7004 1413 5801 4186 6040 9817 8990 7638 2601 2627 7796 5665 3728 1530 7956 9124 2624 3696 1162 2962 5356 4252 496 9993 8827 3559 6301 7452 8065 3396 1387 
6566 3101 186 8616 6712 5417 485 4183 2358 221 677 5836 1599 9706 9301 1721 8977 8004 7275 8937 2099 9528 9080 3910 6464 272 1461 8409 6385 3625 843 5919 2375 9780 323 2765 609 7277 970 3298 4351 3772 6393 3509 8490 9940 4044 5457 9652 7952 8066 4853 6025 4480 2711 5435 579 6933 2676 3589 9644 9099 8713 2005 3131 9156 7690 5197 4815 9316 312 9442 381 6477 2192 6929 6539 3760 3215 7803 3771 552 414 227 484 218 6862 7113 3383 8410 1874 1284 8354 2928 9810 7194 1241 1060 1059 6006 
947 3770 7508 972 9578 5830 6859 4056 9507 4934 5507 499 4055 5205 7309 4503 1914 4615 9214 3677 7877 3807 1952 6878 6134 2712 7691 1240 1197 5837 464 235 5265 4307 2896 4000 4298 7254 6801 3287 7685 4501 9614 1593 5549 3889 1727 6246 4310 3884 8131 1090 5705 2727 630 4096 646 4034 2070 7338 8849 9661 7311 5533 5911 4345 4357 2766 4423 8137 8686 5921 2849 6356 2892 1062 87 4054 7923 2634 2382 5273 5913 4237 5692 9624 6081 5830 1419 1202 792 2459 1881 3296 3524 2889 1659 7289 4854 7048 
9911 6993 7820 3362 1958 3540 3517 7522 9153 5786 9003 6397 2832 5343 9804 7251 3858 9644 2111 6055 1397 8687 2689 6413 9618 5774 1463 2576 7291 8269 5778 4285 3002 2502 9566 3468 5776 7076 7544 5964 8169 2096 9853 8875 6291 9703 5078 6204 5859 7399 3188 7661 3937 8962 9501 9181 4018 5369 9384 3185 8765 4403 1071 6881 4444 4907 1896 647 1945 6195 761 2291 7199 9199 8125 5124 6236 7862 4238 8462 3232 3538 7161 176 6599 6472 6777 344 1272 4198 9205 885 7392 4035 7997 8341 7842 61 5980 6401 
8956 3976 862 8081 8403 4616 1540 7044 5969 1511 1407 120 9552 6688 1304 4577 8369 5343 6372 2087 7395 4548 7585 8515 2390 8254 9606 7188 2896 8570 8221 822 1049 419 1015 9236 1255 9969 3220 9067 2817 6507 4927 4650 2060 2199 1451 67 2412 2253 5494 1623 8249 8299 8870 7627 7268 1307 7096 7042 4874 9288 5543 3091 7148 4180 3550 3505 5166 9016 5517 917 8374 3574 2078 5412 7279 404 9396 9992 3651 6391 8391 2826 5246 9594 7130 4396 591 1747 6852 8496 9459 5632 1412 676 2386 1621 123 1541 
8893 1377 7923 7492 4232 294 7956 8598 8121 7884 1523 3219 2047 7029 6984 3303 6228 7157 6183 852 3988 5334 6446 4321 8767 3892 1624 7111 447 6240 7455 4612 2431 798 9496 3370 5655 5382 2392 3804 2391 7503 5907 890 2625 3357 6565 3449 2516 1259 2383 2501 9895 1386 8108 6539 7206 6409 1911 3486 633 3069 4415 4272 4195 3125 3681 1419 2217 5716 724 2185 4339 8109 2659 4471 5614 4631 1853 2624 3316 2171 7312 3174 2330 4617 2395 9816 4920 5966 2516 7 9533 30 9518 5042 6330 2602 3145 4705 
393 2179 8162 7099 223 7155 539 2580 8450 1534 741 3886 4243 751 8059 3396 8393 1773 6483 5342 5873 5307 7697 3490 7567 1668 8900 4182 2515 5871 3302 9902 3951 482 3755 6488 8203 9250 8776 2941 2508 7724 9853 4313 5668 9929 5519 774 8257 5262 9456 3528 1656 7482 8447 7825 8027 8220 4402 392 3831 3098 8157 5374 9084 1971 4027 6434 1141 177 8139 7016 2725 2860 9498 2912 1014 6039 903 4683 5412 6367 910 192 3573 8386 8903 5862 15 465 9435 6528 712 7795 5377 3787 2690 4409 6798 1816 
6857 8793 5966 3754 8721 5474 9470 7078 5263 8985 6278 5249 5046 2235 3870 8316 3050 6133 3845 4743 7789 4668 2416 2635 1124 5434 6865 7173 8263 6850 1123 123 2173 4812 2601 475 9087 4375 7239 8758 8428 3240 1796 3346 173 9260 1915 4057 608 2394 1995 6913 2152 7419 3346 2130 1867 4768 1513 2644 1372 9352 4929 6127 292 4276 9518 509 2733 4294 9445 4085 7491 5199 6776 3880 7337 1613 8690 9998 7881 1578 1663 3803 2115 4402 9019 2571 4311 1070 2779 7170 4502 4202 9051 2992 4952 552 1551 5473 
688 4932 9331 3937 823 1891 2417 976 2701 9557 8472 9121 4489 763 9435 124 1202 2208 3162 6914 9293 7619 339 882 2185 7570 4248 9378 1853 673 4342 9012 6492 4125 633 2183 7507 4864 1086 2331 64 5076 3390 2846 1682 1915 30 2343 1966 7769 542 3772 7908 1909 442 8488 5971 8342 7345 2325 2441 265 4159 4418 3788 8735 5713 6558 6450 6518 7398 384 3052 9746 6048 3340 7719 8762 7518 3797 3059 6147 7596 2467 4318 8940 2464 887 7739 3520 4612 9406 6538 3146 5603 7177 6490 653 2838 3622 
5317 6158 7695 2147 1730 592 7525 7959 3824 5340 9235 3982 4527 685 1491 6576 9385 7005 8332 7210 2349 2043 5062 2641 1468 2807 8197 1237 1265 113 4853 901 6638 3214 7007 76 7764 3838 3624 7370 570 6999 5870 2251 4969 5913 8796 1403 5795 3511 2305 810 2543 1627 6207 8993 1819 1810 901 716 9519 7151 1219 5365 9220 8478 5911 7455 5084 9683 6693 9626 6504 3748 3594 1472 3746 9135 6676 2502 2129 4985 7140 3247 8814 7162 6001 9272 312 5560 6612 8411 1048 8132 7121 4621 5078 7281 4164 6435 
5996 6948 4485 4931 8182 9747 3989 7543 6979 6405 8536 7532 3791 5399 4628 4347 3079 7261 8407 421 1555 6966 6945 8931 450 8371 8090 6197 2332 2444 1373 4823 4561 5697 708 8826 4560 2243 8215 2722 7294 3559 568 8291 2522 2162 8370 4860 4168 9239 6580 5468 709 6107 4982 7166 8022 6450 447 8533 7349 4463 256 6896 8669 1720 6100 7217 6617 9336 7116 4518 1662 8499 9416 4926 961 7149 5961 5618 967 3937 1342 9806 5559 5253 9753 6042 2671 786 2937 6314 7098 7953 9620 550 8703 908 6761 9816 
1676 5109 656 5246 2168 7928 9117 230 8041 1208 729 68 4924 3345 4524 1111 2344 2822 9732 1258 8137 6589 2410 4611 8594 3991 6652 6511 719 4078 5407 5593 8357 2900 7511 9178 3423 9989 3942 7611 3035 1468 5664 2506 3884 9652 6780 3085 3020 5655 2962 2311 174 8133 844 2787 299 9038 1497 9647 9159 723 1697 9419 1954 3312 8779 597 9146 1042 6935 7236 6201 6701 7028 445 6555 4676 4411 4511 4229 595 729 3178 268 1957 9482 5102 7356 9479 5164 7492 3041 7706 8800 177 2312 36 6817 5110 