4656 2887 2591 9468 765 6639 741 6854 5003 859 260 268 6183 628 1363 304 6385 4215 1926 1041 919 6846 2241 7779 9157 5581 8662 3152 1263 2415 4348 5800 455 7576 2500 2110 6222 9534 9105 2307 6726 5920 818 4460 4715 6682 845 1980 4341 7955 5012 9143 8777 3935 9811 1908 4195 5585 7275 6445 117 6014 3815 1645 8030 7852 5903 8580 4941 8896 1375 4846 7419 571 830 1618 1634 9310 6416 4448 643 7120 6274 9161 3306 1334 1365 2953 1200 1513 3190 1062 8367 7121 3116 9393 9702 7127 3978 9277 
6991 9528 8123 8649 1880 9795 1273 2220 378 5098 8916 2312 345 7050 73 4655 9857 1432 308 3507 7668 9209 455 9752 7270 7046 7093 2006 85 4121 6416 5410 9747 3022 1906 3670 4053 2445 6546 2758 3314 635 3120 2682 8781 4155 2661 6642 9540 5940 537 5288 3653 9943 3769 2414 3280 8404 340 5065 1689 1626 3917 6269 6245 2006 9368 96 7946 5279 4697 2419 739 536 4211 9373 2298 6201 8565 941 138 3261 8449 8332 8899 1450 8372 3384 2774 1946 9882 5419 69 9649 3496 4378 1101 8669 7229 3418 
8096 3852 5572 5671 6772 9016 1270 7685 4197 4088 2063 6856 9064 3974 1666 8273 4271 1674 4480 1138 4440 1976 1945 5176 8572 3751 503 149 7193 9130 9588 2706 706 4559 6343 5377 4590 8263 4517 7959 9201 42 9062 3948 3757 3138 5691 2890 8568 3208 8306 7953 7946 4200 2058 2712 5235 6153 5144 9344 5282 6168 3869 8202 9851 1248 4411 4530 537 4294 2400 9342 8613 5569 3039 7381 1035 6964 5642 2560 552 9244 5322 8285 3601 4870 5948 6817 5999 279 7395 2671 5424 870 5875 9708 6530 1108 1394 6901 
5876 24 6584 4814 6901 5213 8938 3579 2595 5642 2560 1885 2980 1649 9656 4655 738 6132 2870 2703 4425 9446 8772 1448 121 2248 9244 7142 1604 9098 8477 9806 1944 2523 6474 8877 6817 7250 4810 513 1499 279 7585 5810 2292 7148 8302 478 8327 3192 3480 5063 4273 8512 5777 4290 8340 9824 3304 3699 2948 7184 8322 5241 2769 2712 7400 8492 3025 4404 4318 3610 6060 836 2889 9413 7592 1407 9456 7809 4417 1730 892 3181 601 5801 5255 2553 4235 2710 8862 5425 3738 1366 9033 4287 8318 5477 9243 3780 
4494 9799 4108 8518 6039 7090 3710 7882 2030 5845 1307 7921 1609 8951 5327 1363 6026 3952 2144 7802 7325 8381 4972 1057 1059 5762 8520 5465 9093 8560 5720 9417 1848 6025 2590 7463 9280 3678 7044 7538 8358 1892 1576 8115 2896 9840 4368 849 9690 6841 6456 7137 1058 4770 2441 106 5657 2030 8830 4375 1307 7921 2415 6493 369 1367 8453 6089 4150 7325 2507 4758 4138 9707 1050 1424 6378 2651 4172 3755 4262 4186 8321 2889 1286 5865 1920 2907 6943 7757 6862 8510 8706 8445 6792 7083 6883 8157 7110 8060 
8461 6410 4181 4317 5792 9407 851 5948 5092 6233 6697 1336 8128 5511 8440 678 3053 2501 5214 3689 3241 2374 1732 6883 7105 1885 4560 3880 9462 251 8637 4225 478 5046 3230 2187 1827 9841 9299 9479 9993 8265 5229 7433 728 5370 1897 7205 6245 544 8438 5161 3585 6743 2006 7370 7144 7329 3975 2414 4697 2419 739 4459 5752 4211 1571 3940 6726 7109 7772 8223 3976 2932 7989 8274 6411 3840 1967 920 6666 5148 1866 5949 8460 5366 9303 6926 2031 6074 8963 2513 647 5450 7853 1719 1628 7177 1757 1172 
5467 8273 3534 9019 8788 6518 5660 8536 8118 6793 3748 9209 9300 6433 8809 9850 3621 3760 5362 9628 693 2445 6344 1116 8181 9217 2406 6295 982 9879 9303 1433 1875 9951 2020 9230 4437 8344 2788 3599 6833 8376 140 2050 3449 7901 8892 5867 4929 3624 9119 8671 3399 8459 2564 5627 8710 3588 9761 1113 185 6865 1159 8304 8186 5652 9485 1747 8809 2307 3208 349 4696 4767 4013 1524 3348 4741 6135 9405 8348 2632 6892 4336 1808 2582 8701 3768 5139 8743 5635 8737 5018 3788 5747 3455 7612 243 7087 8188 
5314 3484 1312 2017 922 9869 9564 9947 1486 6335 1472 7964 6859 5685 6305 9142 1305 5301 31 780 9406 6751 161 5331 4693 8075 8627 8757 7498 2660 8879 5306 8888 8894 701 436 2062 4846 4693 7976 2626 753 3301 8558 90 6413 4865 7864 9784 7345 5349 5550 9964 3989 4095 6283 8068 7434 7171 3150 690 2810 880 7490 8071 4655 9133 3699 8253 392 8393 8069 5254 2994 6962 1212 4768 8125 9143 3761 431 4068 5075 8678 2631 204 5750 792 5319 8035 6156 4652 2245 9241 1314 4934 4888 207 1092 1687 
2703 7480 3667 5053 35 6339 1805 768 3980 7243 7370 428 7016 784 6834 269 5692 5637 7915 7684 9692 3024 1426 8435 9845 692 9795 7540 4975 8385 8261 9244 3224 2998 2581 6782 2644 3832 7443 1807 2418 6478 1266 1770 8548 9029 8641 8506 5403 6429 5225 9793 1850 1283 4334 5167 1397 2222 4823 2792 3455 7752 7796 2064 5334 695 8158 6769 3981 7219 8367 1312 7384 9929 5352 3186 2567 78 5485 45 7065 1791 7208 476 4244 9496 3782 5829 249 2040 2803 3684 9325 8821 2030 1002 7126 1353 1702 5655 
7058 5946 6983 1407 509 5996 5662 7525 6260 9229 5925 7124 5785 3482 6686 2823 4665 595 1028 7827 109 9174 1373 7529 9471 4369 7852 9462 5045 65 7013 9423 1556 115 9723 9192 6135 1829 8786 654 3341 2326 4584 1628 1619 2115 63 608 6922 2821 8072 7527 2627 3370 6491 338 4159 8569 9508 644 8230 2587 8796 4296 2755 7352 2702 6734 1503 8426 6465 761 4620 5140 2214 8907 2822 3367 6915 6956 2758 6991 9450 9824 4900 336 8197 3265 2596 7068 8682 5193 1111 6204 576 2634 6334 6285 9635 475 
733 5767 5259 4327 9454 8055 6259 6895 8660 6798 9188 8847 2685 7616 2956 6780 9032 908 1046 2227 8426 3517 479 2410 3294 3871 8720 9760 4972 5483 7586 9164 1968 7084 900 4684 2279 5307 793 9237 9490 664 2130 5811 9310 74 8705 8110 8395 9484 9554 5867 1692 6444 2255 6763 9423 9465 1268 4544 5969 4013 5108 6971 19 3220 2839 1789 5369 5997 9251 5188 3587 8764 8767 919 3287 871 1795 788 3834 2403 8743 9080 7348 7978 844 3108 4491 5801 1513 6174 9928 6952 1610 200 8059 3356 1892 2661 
789 5401 5704 8510 3845 3153 8412 1261 1335 946 7225 1656 1048 2041 4954 6209 9339 9535 2722 1475 6223 5562 1095 693 4881 6510 962 5088 3680 1777 9671 7223 500 5685 4220 1679 5966 7349 6262 6312 5630 4096 9841 9446 8485 2055 5045 1570 8531 1324 34 6539 5536 7519 871 5001 8089 4684 6454 560 1903 2002 6247 1810 3978 7411 4071 478 5542 8410 6772 8458 1418 4897 2350 3351 1282 3546 5043 5856 9927 7016 651 2857 2934 7613 3415 5695 364 2646 6702 927 8828 7642 3933 2912 263 8605 3448 1937 
9197 2605 4488 2176 7753 5283 8038 9863 9982 9669 1099 2052 2309 5414 3494 4425 952 5638 2275 8754 9276 4054 1403 7642 1816 340 4740 219 5530 8019 7385 2235 8233 9867 2201 5564 9276 9705 4556 1052 2930 8190 6198 4141 3067 7992 2049 1138 9208 5319 2138 2018 3099 1113 1411 9404 8434 2701 4372 9749 930 6182 743 5237 2220 1751 9086 5033 1337 9405 636 9535 8245 2005 8815 3033 9959 6364 9225 8383 4512 9120 7291 4991 2666 8203 9619 9659 6102 3171 7017 6137 5169 2640 9637 2629 4319 2104 3203 5480 
1230 4793 5955 4675 5807 2525 4191 2880 8678 5978 8426 2296 6240 415 2441 5313 368 2770 6349 9666 3524 5017 6787 6298 4876 1724 939 4235 8702 5404 1671 8776 9226 3130 136 5333 2570 4643 5967 1559 7600 5756 2052 4144 345 7283 6592 8349 8933 9048 1915 1696 7731 1698 5411 3682 6662 852 7492 7804 1748 3502 6356 2815 2931 694 342 8156 772 2285 6826 6445 1216 3800 2029 1104 7497 3710 9122 4823 7758 1375 6572 8432 2304 7406 2316 6301 7546 8133 2347 6624 8562 9312 7488 1675 6875 9655 5956 5918 
1578 4358 9459 3809 9713 3686 5400 5221 3113 2403 8466 4634 1731 4840 6974 8795 1344 8544 851 7826 1850 2903 9539 787 7771 7578 6343 9855 9158 4349 1690 8829 9999 606 5517 7534 70 9726 1702 6246 7212 6501 5350 1562 9247 4612 6618 8674 4533 4227 123 5335 1956 2826 1111 8366 3805 9330 8716 6177 7062 2024 2604 9731 6825 5061 4333 2474 2058 6776 1145 3209 1811 9466 6418 1129 8778 3992 655 4209 7513 9232 3697 6210 6935 3162 6211 3398 9980 9787 4510 1271 1233 5263 6264 459 5850 8962 9591 5943 
3975 6730 9952 2843 5046 3595 4806 2798 6021 9781 663 9139 5082 3746 9111 8277 1121 6147 4346 6487 4574 6593 5064 5147 5290 3453 5178 5505 8531 9367 3685 9051 2327 8800 6176 2728 3803 5593 6205 6053 7414 3595 6071 380 2707 4026 8054 6707 582 5787 4051 3943 5506 5755 5539 5594 2326 1386 1043 3794 8550 877 9585 6705 7131 9586 1425 9223 3017 3779 1008 7810 7295 5758 5344 547 6023 15 7163 1729 2585 9642 5920 3289 2967 4825 770 63 950 6925 7477 7049 5777 9519 3729 8249 6262 6832 5195 1143 
6383 9644 9306 6963 1157 4225 1948 2216 2726 7003 5205 4864 6303 2356 9828 6643 2132 832 5511 7361 2192 3944 6495 8809 4915 6131 792 2447 5824 2178 7689 9274 2161 5712 2209 3404 839 3638 6752 7627 2587 4489 7051 8808 2861 148 385 5799 2186 8146 8263 1641 5621 493 4043 1112 8637 7850 1403 3123 1035 6364 432 2955 3855 2922 9091 681 9568 128 8539 7141 1954 1111 2479 4824 709 6240 3918 6830 8840 6328 6219 3059 4268 6482 5 9550 4325 2281 6907 629 3221 158 3993 6781 7424 5661 9238 9064 