131 465 785 3635 1318 4983 4857 4978 4392 458 5514 3967 7072 6832 8720 7585 4576 3587 1056 6303 7175 4131 3266 8172 3002 3420 394 1560 6266 1743 9712 6550 6263 7225 3564 6002 1592 1983 722 8599 933 645 1514 6360 4014 1054 3037 8521 8173 731 365 5972 4493 5856 1766 9939 8839 9777 7685 7951 8077 9999 2221 5292 595 8360 8522 681 182 1075 6858 4684 7461 7333 2514 2976 5352 8659 933 9230 5180 3365 7671 7895 8903 2201 6122 63 3109 8474 4714 2494 1611 2858 2320 7439 6590 9640 6452 1805 
2222 7691 4359 4365 3835 9658 3002 2703 5609 7641 7986 8170 8684 6608 4577 1413 6760 3633 9732 3882 7110 58 6032 2316 3593 3578 6913 4872 2926 6853 6371 3152 5400 6817 5859 3412 7013 3577 9406 4637 9090 1301 7260 8698 7991 4879 7450 5740 4346 2687 7668 5725 7286 6523 7109 1901 9565 5505 2678 4480 7295 5751 5353 7475 8381 8563 969 2902 4054 1038 8390 7329 8432 3196 770 357 9033 5748 976 8827 2470 5016 2827 1202 9208 8535 4317 8861 3962 5821 2601 4758 6722 772 1532 2834 8985 4019 857 7013 
3404 9305 8149 3776 901 9437 1002 5168 8903 9215 6866 5675 8366 8382 3362 8905 4076 359 5573 8598 5214 1641 3283 2677 5486 7411 8242 7796 5920 4925 1634 819 8454 2304 7430 7980 5344 5312 2553 9160 2727 8123 2644 2925 8195 7350 2862 768 6901 9150 8657 8291 2082 4202 6329 8694 1146 9557 3672 6053 9531 6910 2668 9755 1461 7742 8714 1504 1333 5893 9530 5908 4928 5816 2249 421 5863 773 3021 1501 6706 103 966 6023 8155 9455 6545 5739 4554 393 2414 9276 7918 650 4392 8607 426 3317 1895 8101 
7178 3883 9118 9477 7057 5270 3752 9523 4921 5092 973 5397 7985 9610 8782 2882 5673 9400 8215 4250 9748 6845 4313 3396 1043 7652 6131 8380 640 6888 652 6597 1566 8119 4709 4994 1514 8203 6800 9771 2001 1546 7188 6771 5089 4831 6311 8023 814 5678 4035 8658 4703 379 2876 800 2717 8945 2749 2308 3193 4611 1459 5279 5612 1459 7642 2079 4125 9130 277 5201 1344 8070 5236 2103 6658 9329 1057 5938 7276 2953 4033 5197 6284 4239 1792 6706 3314 2845 4471 3175 6438 4680 7198 3826 4432 6061 3633 9469 
6215 9621 8081 6205 5441 881 9065 2336 6932 7614 3015 820 9642 6609 3389 8055 7834 5539 3236 3209 1755 4436 9314 5533 5649 9512 7083 8039 3115 9136 8884 7315 6508 411 7443 8932 7118 7822 6795 8990 467 605 9526 7652 7409 6592 4616 9913 4067 2854 226 4002 5363 5609 7641 6654 9363 5541 2066 6055 1733 6384 8417 9048 9628 3425 655 2136 4796 3105 4511 4406 5904 548 9642 7291 9624 8445 6919 3914 319 803 754 2248 7018 3502 5303 7433 853 2838 7285 9632 8120 4479 7193 1175 5471 3634 7432 5241 
203 688 9942 4373 7681 7724 5238 1114 1937 9043 5576 4366 3362 8594 8880 4201 6670 8607 2064 7462 4913 6658 5300 9392 5317 195 3668 6259 7275 9733 8507 4536 2288 9608 5091 6123 3919 9340 199 3510 1899 684 6555 8595 8344 2346 7342 9271 1941 369 8678 2209 9807 4803 8004 2451 9711 305 9005 3542 1447 9137 531 9742 1192 8951 5246 9 9761 913 4258 1712 2446 9551 1293 1609 4604 1748 6211 9735 4673 9143 3031 23 3169 5137 3245 4303 3024 2435 1450 90 8890 9349 438 2737 4713 2135 4898 3351 
7929 8116 198 2936 3186 1651 5838 1736 7853 8192 9630 3240 1056 8860 5746 2570 4356 6010 5439 5945 4031 1316 5640 2896 2548 3981 731 5746 3100 3059 365 4965 6126 7580 3472 8978 7301 4287 9188 3614 2694 472 9395 895 961 109 4635 3425 3597 6509 1461 5088 1276 4344 8937 4646 1246 9719 2457 7917 2522 3736 3485 1913 8873 7868 3776 5217 6064 4489 8484 4845 9358 4613 726 1061 8822 8438 5544 6344 7986 8170 3739 1781 849 6456 7137 1058 2441 106 7689 687 5365 4877 7789 4764 9809 8181 7367 8606 
454 3653 6636 5536 746 3686 9530 6334 5883 689 1085 1525 2374 788 449 5435 3457 8094 8240 4123 8036 8612 5653 8621 2707 6649 8240 9980 4291 1586 4293 9562 6963 7316 5187 8111 6019 6709 2177 7247 4094 8180 8083 1559 6350 5957 3297 8546 7617 3413 110 9243 2507 2556 4745 7622 6220 1610 3762 4397 5179 3978 3843 6493 8022 1165 7042 4209 6057 8474 1291 7353 6100 8713 3718 5003 5406 9054 5121 1421 7598 1103 2992 27 7358 4698 4585 8221 3803 6676 2918 6050 4021 2581 3469 3469 2993 6274 386 2246 
6213 7336 9688 1167 1521 3548 6282 836 4882 3398 27 5919 459 3348 4290 1172 6941 6499 781 3824 3273 1865 4829 946 4217 5541 6615 2590 5920 532 6644 2878 4915 4440 9905 5052 1248 3662 1270 3456 3192 4305 6596 8430 880 7325 9087 8557 6898 8680 7909 7156 9417 998 356 7337 7665 6574 9522 8306 1556 1228 4709 7370 3326 676 472 4489 776 1932 5199 4320 4568 6924 7709 82 446 1567 330 9315 6988 3738 3537 3660 2976 8475 8765 9987 6357 5506 4264 2179 2367 8728 9630 6667 5022 6827 8963 5907 
3851 2683 7033 55 2516 4755 6973 5408 5959 529 4459 6236 3883 6344 8633 6323 3943 9336 2348 4479 6017 1623 7180 3850 7927 6542 5000 578 8469 3920 3338 1175 2043 9986 5534 1289 8191 1877 8791 1338 4676 9100 2560 2324 3613 1703 6521 7532 9911 6637 911 925 1853 4212 7935 1092 9530 6316 9458 7881 2195 6607 9645 7853 6670 7189 7401 9600 889 5741 5479 3880 4383 7905 7718 4586 7408 7898 2170 630 9924 1211 6866 5054 4443 635 5175 1318 9293 7189 716 7126 3885 7569 7588 6238 9403 2080 3474 6938 
8497 1932 7484 9596 3293 4192 5949 5655 1839 7582 9922 1770 4317 3676 1703 6553 2365 4327 2139 8084 6128 2672 6813 7537 3365 6113 9028 523 4707 5965 1580 4418 9993 3957 9529 9032 7099 7821 7594 986 4696 6172 2660 7231 9770 8951 1817 1407 1401 7486 1124 3217 8136 6435 6662 9182 3013 6643 4328 7400 7136 7166 384 8986 5453 9550 6340 3317 6531 9070 6369 5171 4267 4731 7919 6291 187 8605 526 6654 7695 2912 1780 8396 1234 9794 6584 7621 2760 8724 3173 5368 4338 4964 4338 1959 4720 753 6248 3263 
278 388 5989 7335 288 26 8481 3748 8986 714 9070 5462 778 6923 7497 9554 4932 7818 8996 3800 349 5909 4948 8471 4472 6043 4826 6628 3909 9756 6350 2473 8965 41 5442 4392 2824 3904 1362 6602 6351 1182 8190 5646 5963 8000 1599 2487 7178 2813 3455 7763 7492 9205 9276 1824 4282 2365 1337 1373 6935 1973 7965 7821 5454 3737 286 8721 8338 8131 8380 1040 8678 1032 1963 775 3767 8379 1516 6606 2714 6496 3634 5728 8877 325 1484 2844 7043 3581 6553 1970 2018 5387 1621 1188 3268 4417 3977 5396 
9733 3408 6698 1883 9090 6660 307 5545 9183 3482 6588 2558 5267 33 2662 1513 1934 2841 3177 7853 5552 7836 7724 3584 1600 1733 9079 7398 3899 3495 1564 1159 1931 9341 788 3773 1420 5506 2342 6392 2635 7311 593 9205 1752 1170 5062 603 5417 6047 8540 4933 8596 7060 6238 1246 3205 1864 6283 6631 8261 4380 4456 2038 1135 4624 5260 9880 603 6038 3971 1149 2854 2458 4201 3382 9848 988 5965 5180 2656 5835 2222 7210 2658 5713 9165 6577 7192 6645 3408 9694 5921 2348 905 6235 2152 9957 9629 937 
779 4557 5734 5351 1144 1182 6083 5419 42 8051 1310 7379 1203 9838 8911 300 9492 1423 2259 5093 529 8143 9389 8409 1742 1314 6945 4283 1445 8958 7652 472 5831 5057 1548 4457 3487 4947 4992 5186 1047 6113 1471 5091 7755 8240 4817 2164 225 5194 5210 6943 9000 6416 9816 4450 4310 9504 5479 4951 8692 5215 7734 4165 5979 1083 4130 9105 2302 2664 2930 941 2593 2562 494 5311 3108 2866 1804 3714 9575 1865 700 5433 2095 683 4433 6052 4692 12 5320 881 4815 9372 9080 7300 8753 1689 2101 8594 
5582 7924 5328 3865 6728 8109 348 5344 3059 175 8389 8028 1072 9008 7882 4133 7320 6373 9049 3497 7973 5814 6969 4252 4385 3730 8937 4427 618 1199 7748 1996 5754 6002 310 7316 2983 1455 2807 1364 9894 76 2072 3728 6082 6610 1372 5255 175 289 2175 3934 1680 8708 8988 7315 3596 6453 2265 5241 8256 5263 8853 2090 4949 4873 8251 614 2510 4448 2957 6853 9690 2581 2247 527 6470 3129 3054 2447 678 9385 7811 2260 6084 1950 8355 2162 8157 4794 4835 3946 3331 8172 890 3150 4999 9706 5546 8076 
3704 929 4391 2388 2979 6310 8010 2001 1507 6400 4047 7084 5222 3878 4631 5298 9623 3986 9291 6426 6094 641 2987 4467 1540 6023 8592 3765 930 5601 3157 5485 1442 3470 8550 4622 5658 9232 3746 2774 1025 6563 5903 4644 6223 1108 7434 1597 1316 5489 4862 8692 7281 5653 4677 5220 7987 2849 568 149 5646 6576 479 6198 4066 970 5325 6698 771 5147 7713 5472 9172 9150 6764 3404 6710 4201 6146 6858 5116 3107 5554 3694 8729 9956 2219 9635 1361 6493 9905 932 2910 5696 7554 273 5354 3138 8861 4408 
9793 4550 8510 246 7521 4420 4491 9500 866 9570 8692 6986 2328 7285 3083 2754 4402 2793 4494 1071 6582 9235 1869 184 1246 5043 1236 8337 1936 6931 3695 5359 5817 1811 6854 8582 1082 3409 7058 5413 6492 3128 3384 17 2966 8582 4826 1215 9591 4051 1763 3975 5046 5112 3595 4806 6021 9781 483 2824 5409 4685 5046 7202 2638 4254 6657 5340 907 8355 9601 8958 2042 1490 9264 5547 4181 5931 563 7866 8766 834 5518 1469 9554 1575 5625 3865 1159 1227 1999 3465 6957 2631 3939 7573 7715 6653 4299 9988 