5603 5371 3152 7077 399 6247 426 111 5461 6739 1390 1310 2171 2162 3831 856 1175 1057 5557 5602 612 7366 3280 9528 8691 7826 9028 1100 1680 2892 5273 7314 4945 775 6797 6861 6570 1322 3767 5064 2946 2196 5983 4496 3984 5997 8187 8783 5780 8450 8954 2288 949 1323 921 4469 3286 7682 8073 4033 5129 2768 2589 559 951 1927 5624 3303 699 6591 8788 3811 2374 459 1789 3638 3795 5866 7822 1803 6092 4525 7552 5019 7609 510 9683 6925 3823 5108 626 5848 6422 8843 6461 4288 3583 2214 7545 7059 
3994 7427 1698 1846 4395 7473 1375 6814 2649 284 2157 1175 7488 4228 7339 5866 9302 3280 8508 2858 1424 6378 8146 2651 4172 6613 1551 279 790 689 6649 5822 3989 9659 4095 394 7434 702 1857 1358 7714 8406 7126 4821 6474 7411 5760 6438 6101 2509 3286 3295 3212 7591 1664 2335 216 4578 299 8841 3228 7516 9277 6543 1613 1164 8592 7493 6605 5946 7077 3884 1901 4469 3274 2770 4639 3379 9236 6726 4085 7223 8196 4794 1026 8839 6192 7941 9676 1603 6845 1518 2170 5787 5055 1455 1345 6761 6196 7889 
587 5498 5118 905 2223 2082 7283 4981 5183 7374 7646 1391 3910 6542 7130 1801 3039 6649 1393 7592 9976 8339 9622 3522 5769 9026 994 6769 7516 708 1188 940 6485 169 9757 4186 4564 6547 8508 2875 3728 6722 9545 620 7210 7227 1310 7015 441 4721 5435 2272 9174 2976 2451 4431 270 9846 7183 4257 5715 125 6144 6776 7136 1082 3569 3650 7031 2811 4955 8758 3365 3793 8209 8528 5304 5412 1020 9382 1022 6413 7389 85 5195 4307 4570 8971 6658 6466 1142 7550 305 3315 9796 4565 1411 7635 4354 2607 
5984 6226 4549 5691 7939 1042 4488 5533 2099 2449 3968 6521 1742 2998 7747 7851 4137 2696 3691 6863 6254 4695 5704 2765 5255 7877 8366 5608 3609 9332 805 9975 6812 3508 6928 2310 1824 7185 3866 6753 2702 5517 6216 2041 7687 1440 3776 5130 4987 3102 3179 6253 8926 5747 8329 6448 9056 6623 2123 6988 170 2522 3498 9279 9574 1673 9456 4137 6284 5760 7977 2515 1101 8053 4657 2168 8596 3643 5620 553 8860 6920 2453 627 2938 1507 5268 128 1733 6326 7306 593 1475 4798 3828 7612 4112 9316 9781 9272 
3783 5038 4673 7175 9475 3128 5224 6709 5266 763 6602 6125 6476 5658 5221 973 1300 2941 9206 7956 2545 6877 1291 8836 6229 1718 6226 5488 9674 6783 2219 3662 2032 4839 165 1698 6038 3671 7552 6124 2744 8799 4137 4225 7442 8855 36 1923 4948 7759 4010 4880 4600 9300 6744 3620 4701 6723 3804 3805 1510 9459 9468 9220 171 287 1154 8667 5053 2213 7125 3737 7107 3484 9591 131 4484 1820 3279 2536 3082 4959 1622 4794 6900 5782 5868 6891 8108 6991 1387 9528 6057 1604 8649 9795 5389 6687 4346 7825 
3309 7370 2820 6487 9004 990 9514 2673 1591 2803 9437 3257 8306 624 1794 5172 4018 7251 877 6398 2322 4319 5255 6561 8935 1183 7398 8669 73 5421 5038 4626 6019 9032 1900 8916 3305 1147 5389 5577 6059 177 8447 153 7304 1460 348 5738 2541 7966 4743 8119 5989 5020 5368 7458 3919 4125 8164 4958 7683 9603 5649 7511 9066 9781 9383 3146 3239 2324 3356 3758 3607 3160 9805 23 4593 7590 2165 4119 6117 5026 795 8962 7661 8279 9128 3441 8096 9496 1460 8844 5397 9109 749 9464 9564 7960 6069 477 
627 4991 4948 9487 6639 1063 9441 7697 8839 892 9894 8227 2446 3617 7116 4415 1081 8424 9845 3414 4419 5672 8265 7826 9540 5940 3834 537 8085 3959 6834 160 4644 7485 5929 2753 3775 7177 2058 4316 1337 7117 6347 2529 4117 3504 7690 3358 6902 9464 6664 1576 2761 3732 6436 9941 5727 221 3931 1243 8515 270 5205 1972 414 2031 8025 1763 5226 5371 1658 3800 172 3807 8594 3021 3704 3380 1904 6667 7066 4641 2721 4607 9881 9295 4619 3532 551 1441 677 7267 9179 1386 3186 862 784 6834 5692 1540 
2945 7147 5637 7915 5969 7684 1407 120 5119 4135 6688 295 1304 3037 7610 9060 3875 9784 7647 6372 9639 7395 5387 7585 4091 2390 8254 6817 9606 7188 5032 5587 4602 8326 1292 9231 7137 306 8311 1690 8474 9947 7689 687 5365 7789 224 5550 4734 9964 5218 74 3260 8295 3088 5931 9507 7070 6213 2381 9197 500 6781 2655 88 90 4784 855 4108 5538 4735 1499 5730 1668 4936 8745 190 7588 1276 4550 8081 2898 3219 5353 6690 6514 4116 1076 6345 6624 2181 4023 9236 6675 3365 5645 1477 9653 8382 6542 
9286 7881 3716 6834 4966 4491 6112 2795 4891 4354 7488 4461 325 2167 6123 7210 2884 3548 3077 7539 5291 3625 4791 4173 8242 2418 9094 7317 2267 3183 7939 7377 7728 8204 4902 9336 8646 3442 7107 8222 5170 3512 2463 8262 2451 2802 8861 1437 9393 3817 7302 8506 3675 4793 7245 8336 9774 5587 5361 7410 3640 4010 1690 9659 6597 3761 8573 5216 245 0 4225 1175 1092 1322 6330 1644 5399 4935 2495 7320 7429 7383 1805 1839 7862 5460 9577 197 5389 9267 9851 6235 3047 9941 5429 6571 6668 5999 3011 3304 
5840 3570 633 7483 3675 9338 2580 7526 8293 6839 5046 6766 6451 8486 3533 2275 4186 9875 4040 6310 798 8301 118 8186 2036 9567 5186 8631 6200 6051 4324 2874 9908 9570 7587 7804 4692 159 6810 3590 401 7693 7872 4801 6934 1275 6667 8376 1744 9504 5307 6449 4121 2807 4207 2305 5361 4310 9674 8425 4402 6521 1427 5130 9944 1670 4478 8951 8039 408 6617 8913 3718 4901 6384 2700 587 9378 7745 1802 6500 7347 4134 2824 3424 364 7509 2580 2561 2222 7215 4801 9184 9076 6538 46 7018 2247 9349 4796 
504 6169 6825 3193 9182 309 7781 4991 7871 2631 2461 6768 8007 2081 6661 2506 6433 4550 7509 2494 4575 1551 2142 9357 5189 3780 2018 5226 6909 8470 1684 1863 9429 5148 4734 6398 9043 433 1568 2547 1063 3190 6803 6987 3850 9206 6089 5578 4988 5675 337 3559 1198 3537 4996 5949 340 2367 1696 3023 1871 8793 7845 3000 8301 8204 2623 7169 996 2418 7866 3011 9021 3675 2476 5823 4487 7691 3500 4642 839 2423 1190 3044 4397 2211 9354 9941 9532 6853 1246 2208 584 7762 505 6292 5185 339 1585 145 
4297 2185 5901 1543 1057 5659 343 3312 6825 7089 1592 6515 9518 3959 941 4228 7375 6165 2809 9957 9055 550 3765 2806 7589 8975 4193 5410 5599 2926 5857 9294 2676 9016 8181 1380 2286 6154 7154 991 4480 7932 2579 7226 1015 2594 327 2797 1639 861 3623 7330 3636 5345 9629 7232 2970 2481 5560 7200 6151 3825 8602 5977 3100 7218 2441 9062 9889 3811 9812 9577 8763 5177 285 3651 1429 7665 325 4894 3952 6443 9305 6436 8456 7379 903 8107 4562 2993 9609 9345 8064 7802 1795 6217 5953 6018 8266 4734 
9975 1877 971 3825 9356 646 3497 4418 644 436 5412 851 7603 9188 6070 5303 6297 3671 4237 1885 4460 5457 3608 4670 1200 515 9695 5528 7662 3274 8751 7517 812 1761 5890 2638 9620 7973 3053 8903 6873 8775 3678 9421 8516 2901 6566 7493 3796 1909 8256 7766 6980 2358 475 4914 4151 5949 2065 5184 2342 7596 9099 8228 1430 5504 1401 6526 4129 102 6940 9474 3631 6235 1163 3452 2641 9727 3156 311 8592 8200 1634 262 1921 530 5274 3353 7716 1996 2278 7983 7488 8546 3254 2995 7140 8452 4854 3246 
4078 9419 2509 2853 6817 6278 6902 4362 4208 2198 7207 7169 8148 509 46 279 9980 3015 9019 2752 9990 2462 9928 1971 7224 7211 7675 1918 7675 808 2606 967 5867 717 2504 9391 1315 9373 7345 8316 1078 8278 7638 8414 573 8375 5522 8084 1118 92 8510 5698 2409 650 2956 6900 6059 4153 5167 2142 1671 8563 3298 8519 4059 7020 7656 716 7126 5707 9007 1330 9668 9325 352 551 2986 9931 6825 2818 5979 8394 4179 4613 4291 1386 5296 2691 9416 7609 9532 4099 7201 6868 3206 9157 3689 8159 8798 90 
8465 4194 7528 9187 9043 6747 9700 6288 845 2570 9925 2315 9486 5802 2616 2720 8936 7127 3064 7097 2900 964 2385 9800 2864 8791 5118 1847 714 4733 416 329 1421 1663 7359 1547 635 2731 1380 273 5319 7867 214 8639 1014 6606 5665 9611 9151 1448 5787 1151 6767 987 904 6505 5142 6363 7744 3051 9756 6435 3858 2077 3231 8082 6046 5918 564 7910 6634 7842 4822 9594 9843 4213 6990 3083 1851 4943 6753 8166 5254 5479 2224 2515 5075 9341 6495 2709 6824 377 3187 1165 4046 6145 8769 5320 8220 6592 
2814 5702 9277 2567 7768 8218 8549 6994 9353 3042 618 8209 944 830 6610 1046 5947 9012 2891 9862 2173 2393 6138 972 66 3649 2128 702 7300 4111 3868 5289 356 1008 6695 2110 6025 5247 3059 1538 4056 5669 8465 9100 6795 8517 6278 5204 829 2243 1103 5035 9427 5810 7504 3232 3549 5288 5266 1179 5500 240 2955 6337 6078 9409 6584 862 529 2181 7951 9467 1684 5151 7129 3077 3343 6072 8662 6065 4213 6426 285 1393 6378 46 8283 8227 9270 739 8474 3357 4865 2886 8355 2993 6147 4395 2516 4968 
4723 1409 3770 3756 833 7084 7795 8196 7503 3274 4918 7554 5059 2024 8118 8482 6226 2283 3514 8553 6017 3700 3372 3929 1110 9380 3135 2050 7730 6283 3261 8222 9690 9024 5431 7407 5250 6542 6535 4285 2149 1056 1108 6231 4625 5537 2515 342 7577 5613 5799 4583 5329 4274 1973 4199 6125 5643 7115 8611 9475 5960 2521 6728 9761 8425 6766 9287 9772 1970 5805 4292 5461 3403 9208 2586 474 6987 3600 2185 6656 4340 3031 3478 5046 8120 7641 9997 1067 6310 9191 9370 6249 1304 8242 378 8431 740 7090 8444 