3821 9199 7939 9111 1249 1931 3302 7679 296 3544 5453 2349 4630 2934 2887 6374 5996 7557 3553 1913 34 5509 3185 1877 9304 8478 4880 2669 7389 3368 2432 5742 2028 5475 229 6477 8368 1410 3912 4989 4824 8034 4609 1929 3654 2656 6958 3198 1535 5174 2903 8094 1367 7111 937 3860 4946 3133 4046 8325 5026 4997 8147 6282 7789 1367 2902 8670 9674 2739 4498 7750 2493 4339 2590 8972 9068 216 4742 6708 7608 799 9425 3101 2618 782 9869 3394 4664 7104 9708 3265 7651 4871 5699 4619 1303 2520 5866 9210 
9744 37 6441 3154 1090 4276 6780 1986 679 1132 6373 9053 7659 4158 6415 7412 9659 3468 7067 5607 1109 2287 7692 4432 8178 3821 4050 9431 3897 421 3321 1121 3947 2680 5427 7069 6372 6204 5285 9510 9885 8359 7981 1150 5403 7959 8154 5226 9225 3447 3700 1576 2239 262 6408 821 7059 7489 4959 2551 6755 6392 5904 4918 2474 2446 998 4992 2974 3151 1256 3048 8192 8641 8075 9001 5500 7636 6276 4859 5485 6782 7554 3203 5649 3243 5109 331 9855 6561 8534 371 56 7980 1513 5261 9337 1363 5823 100 
8697 7314 9361 7895 5560 1795 5849 7933 3194 6400 7770 5009 5109 605 7259 8801 8906 8831 3932 2902 265 2194 8959 9811 5609 1801 5185 8797 9685 1169 9715 3029 1855 814 6977 2351 1261 8338 3689 9567 4207 5259 3376 8654 2337 4051 1466 4530 2125 5160 6623 968 8232 398 8493 9468 2726 1588 4594 908 5485 8715 2664 1854 9499 5821 5369 1375 3033 5636 3838 8220 1017 161 4184 8205 4026 5554 9789 6942 918 9314 3887 4712 1256 1225 7605 7628 5023 7959 6681 3867 6468 9823 7130 7372 5977 7327 6949 6797 
1102 4328 6856 4262 971 647 8385 8038 5882 2067 3007 8528 7714 4230 4116 7136 3534 5586 5734 6285 5625 9227 3748 2764 565 420 9524 671 8385 66 5106 599 8530 9970 1700 4665 1331 6743 2002 7145 2361 9948 1882 7420 1488 6265 9491 3323 8429 4123 971 8298 3833 5318 2901 677 8280 6120 220 697 7873 7427 3798 8637 3267 3222 564 6023 5814 5426 387 4833 9339 8115 7554 9915 8684 7466 8678 7985 8684 7466 586 3483 8678 8359 3705 2049 7258 3644 8682 1909 7590 1870 2602 7050 9252 8678 2592 8768 
5782 8201 9667 279 6536 776 8965 6425 9140 59 531 7538 7934 7472 9001 8694 9966 8210 6266 9557 38 7442 1054 5500 7865 7797 9821 4829 3951 8285 9508 7560 2014 8238 478 1481 1977 9921 1016 2390 4790 7814 1154 9370 213 1559 6129 6132 5537 9983 1779 3792 4237 6739 867 2250 1854 4338 5068 8495 6832 7551 6779 7590 8116 8290 1896 7173 2712 650 7811 3885 2006 1105 6828 5029 6564 3089 6663 2815 9201 2449 3452 7141 5639 9474 2090 4664 6984 9800 8482 8031 4695 9737 181 4845 8234 2999 587 7545 
4857 9634 4492 5388 7961 5664 6420 8616 9000 2667 6880 5507 6806 5518 6256 6531 2027 4318 6057 7281 1361 6626 3065 6897 1704 836 2779 9317 8131 3499 6815 2554 4925 1640 3025 1054 7811 822 9641 5087 4179 5528 1251 3873 9790 4751 2063 7421 9052 4199 217 4326 9400 996 2096 3159 1351 5438 1868 4070 8480 8650 8240 9591 112 4486 8606 9087 85 4822 1432 9017 9828 7113 7208 5034 9454 1693 5697 931 4889 4040 2729 5553 7317 7271 3811 7083 2336 4277 9893 2107 3974 3681 8518 9928 8277 4542 9176 401 
7943 2374 5011 6645 8117 86 5227 9063 6599 5703 2812 5315 5737 7085 2914 1956 3983 3805 5299 4719 4160 5161 288 8538 4947 3876 5569 3318 361 6469 436 8407 5537 5806 442 702 743 1400 7759 4219 5743 4483 2835 875 8385 4953 6412 243 7908 2550 2386 5137 5058 7646 5908 6926 6537 8015 3857 1050 1373 8507 8861 3164 9450 531 5640 7555 1287 8869 2121 7300 4844 1231 5799 1993 9514 7120 2337 9771 6958 8742 5606 7439 2192 9943 8326 5985 7886 3924 9910 9596 7035 8706 3673 3193 2935 4335 2831 6645 
3045 8947 387 8967 2870 3198 2689 1535 4501 2903 8416 3679 2784 4816 4516 8749 1336 967 84 9735 6624 370 7756 792 434 5592 2849 879 4940 5310 7766 1874 9493 286 720 5112 9952 2767 6738 7311 1935 3482 3994 8198 6125 2133 5938 2498 4566 5588 1409 2998 5023 5535 412 5303 6789 7598 2652 5864 4141 8712 4170 6874 9138 9710 1854 648 6669 6310 8661 6996 6221 7106 5806 4114 5622 794 8400 7986 1849 439 8571 340 170 9293 805 9504 7304 8755 6275 3093 6100 7111 3860 9135 881 2927 1328 2703 
7119 8071 4323 4634 3432 8421 6818 8926 2389 6706 6919 5245 9634 7928 9871 4905 8440 6705 7345 5948 4024 4618 2187 4756 7392 5814 5296 2041 8929 1282 1494 3207 7796 5116 9251 5370 1067 1189 1315 5537 4337 718 3351 5034 4630 4561 4098 9636 738 2980 8586 4961 3532 1079 7062 1310 1412 8869 8921 2167 2084 6671 1086 3021 2323 1141 2150 2716 6243 6762 3968 6991 1145 6543 1205 7341 8247 3546 3937 9958 7137 7448 8186 1063 802 2104 9684 4801 4874 7189 8205 1738 3985 6705 5219 5396 191 6949 4458 3006 
4455 5325 6171 8237 5729 2945 314 4002 9215 6573 7869 7946 1494 4613 5460 8648 8849 8660 8546 9365 5259 8581 1281 4795 3624 1693 4422 9280 792 260 7774 1541 3705 2569 5365 3681 3411 4617 3070 3220 3978 3105 3740 5625 2769 7645 3112 3487 2349 5538 6531 9801 4008 7357 6743 2408 2214 92 2053 2865 58 4143 7746 2045 6632 1799 8593 5851 6089 5877 2527 8267 5918 5131 945 1433 9377 8487 7558 8183 3075 1606 2267 4946 5840 1621 913 9534 8742 896 2338 2245 7811 6284 6240 4372 9917 3185 2855 4778 
6739 1585 4925 1393 9956 2811 1407 4562 1548 9548 5316 6908 6313 5846 9235 4755 5187 3764 411 4460 649 4933 4352 3794 9138 9772 8372 322 2901 7770 533 2708 4631 437 8345 5007 6307 5642 9884 21 17 2188 9413 8610 7993 164 5608 7603 8736 1860 9880 105 967 1388 9029 1232 4540 6296 7196 7694 7450 1475 2451 2744 9968 1534 8306 9845 533 7000 3737 2370 1920 4372 4475 3590 7356 6380 8398 4436 3449 1405 9443 3587 5751 1080 6526 1108 1394 8443 4384 5324 9937 6904 657 3337 7303 5215 1642 8547 
1541 6865 3549 6441 6324 8000 5790 6546 7971 6774 6095 3380 7403 530 1956 5876 5291 418 5415 3658 6620 5296 6370 6628 8783 1573 4243 1479 6956 7613 9562 8650 5712 7860 2747 1029 6499 8544 8596 8142 7022 2748 1799 4686 7634 3004 7404 9654 4602 252 145 8531 5536 9259 2693 6622 3288 3772 4832 7986 2066 7574 6069 7894 5941 6064 2737 3557 1423 5774 8634 6278 2842 7852 21 4448 3763 1933 6294 7227 3492 4608 965 8707 4954 1882 5560 303 2237 7839 5067 4964 5456 9842 1824 1601 2959 4834 2848 4375 
5795 9917 7998 604 6391 4460 4343 3174 149 147 8885 5148 8055 4456 5327 1190 3365 8236 5671 9196 8909 1075 1543 854 664 8919 5337 2664 8030 4269 1395 3951 2866 7334 7382 8510 5998 7421 8434 3502 7537 8474 1960 3393 8755 4238 4802 3109 625 5823 8781 2650 3951 8851 3830 8978 3893 7382 9573 5998 8474 3393 8755 6943 4863 6795 7897 3915 8773 4013 2656 5247 7087 3640 2295 1872 2450 2855 74 3747 2089 7576 9477 3454 6412 3707 1324 5190 5664 6757 534 8851 1989 1777 9223 8721 7819 1796 8636 5380 
316 2969 5063 6323 9102 9641 1731 5069 5283 5389 9224 8914 867 6473 8591 1400 4910 4717 107 4009 8533 1255 6448 1217 4515 9119 9070 4978 5290 4481 2969 1021 9277 9585 7221 5187 9090 2433 8300 4379 7066 8218 2645 4792 3061 6989 8033 1890 1911 246 977 8851 6708 7642 9592 5068 5851 4947 1516 4103 5606 3786 9628 9359 1182 8642 3902 6530 371 6806 1363 7833 7345 2136 1090 9524 6756 6184 4200 6878 4038 8185 5900 9595 7697 4023 6912 1416 8170 3999 4577 7676 2765 4026 6284 7649 7614 746 3105 3360 
6994 4056 3673 4953 3984 9507 8570 9986 7590 9960 2288 5968 8136 8792 4469 1041 9460 2484 8073 5503 7393 307 4234 2198 5193 5169 981 3896 8369 2074 5916 6329 4878 6317 3730 781 1867 5437 9788 7834 3236 1284 9314 1213 3349 9512 5404 5192 7083 1248 1222 6563 3525 1057 5762 7083 8560 1215 7076 8133 6025 2590 8668 9701 1064 3286 6673 4670 7565 682 4993 4091 4148 6604 6817 6356 3257 2429 2234 7545 9578 8597 3333 621 6071 7395 698 1949 580 1472 1781 5625 5675 8166 3852 2323 9755 8961 9846 5448 
7846 5278 5215 8647 5512 3358 6929 3549 3842 8000 3177 8425 2834 8363 4640 6768 4763 8187 7188 3788 2591 726 6338 6761 8397 9430 6709 820 9124 7752 3789 8552 9012 9988 4792 610 1663 1094 8941 5056 8927 8156 3738 3419 4402 7156 3916 5240 5047 5935 1374 4122 1685 5193 7940 8549 2526 7363 5580 7551 4493 1376 7933 1531 9573 7421 7537 2141 8216 2766 2592 955 5728 7565 5072 9001 4684 8193 8783 6988 2887 2591 1293 131 963 465 5964 4983 7404 4392 4354 8858 4567 3800 3807 8594 785 1680 4983 4857 
4978 4392 1763 4218 4354 1527 6814 1788 284 8090 9788 7305 5812 6247 7461 8897 330 6989 6793 7368 1490 4825 6025 595 2445 1563 1550 1642 2449 5839 8619 7503 5363 2703 8438 2163 6344 7986 9590 1781 2358 3999 2539 6608 9363 4577 2155 9573 4068 3415 8678 204 7859 175 8030 5159 5228 7873 1238 667 3122 2363 7288 699 6591 3546 3811 4602 2374 459 1789 5899 7875 5073 2457 4569 4468 6968 2280 6374 239 3891 9805 3501 6123 4954 850 3508 253 8308 7220 3411 9393 4343 466 2444 4666 5972 951 7334 
792 4652 6320 4777 2666 6238 9904 1750 677 3391 207 1687 2703 7515 463 7282 6680 7983 6672 2766 944 3332 6903 3414 5829 6600 9625 2832 3750 2661 5651 2220 7613 2767 9243 5591 3780 9630 4494 7341 4108 9305 6233 7339 5657 4750 2030 4375 7788 8018 7289 1609 2384 8566 5327 1560 9753 1166 6741 4313 2386 921 2849 8945 9465 3921 7923 9853 6805 9169 9976 5273 9389 8542 5692 9882 6081 5830 1419 1202 1181 792 7406 1881 487 3192 9424 2999 3875 696 9776 5796 854 7253 6060 8988 3640 3695 2320 4086 
3274 5068 983 2439 9832 5654 9049 238 5611 4904 7667 2091 3945 2326 3679 8782 1634 147 6388 2480 9855 5266 3948 3849 8941 1681 514 7810 9823 2662 2017 1012 3831 2706 2581 1122 9629 8336 4365 3835 9658 5337 9196 7076 6828 7556 8668 3215 927 8082 242 7028 7237 4477 4002 341 3866 6612 6614 8023 4872 9094 5326 5853 3883 4615 348 3109 9445 8706 3746 2892 1374 8510 9663 524 3206 8189 2356 2872 5163 4391 397 6136 8715 2648 1448 7229 8691 7184 9254 7491 305 3315 3376 6449 1644 5055 4851 8966 
3971 5793 2828 5747 5857 6538 5622 4545 1941 2306 6146 1954 2835 1858 4726 2130 4189 8818 5460 3808 8513 816 1204 250 2492 1006 2562 7206 8860 5595 8206 8250 2666 7803 3460 3280 2759 9547 905 4331 4874 1475 9050 1551 8909 1543 3044 1082 5603 2686 5468 8594 1690 9692 7807 8817 2336 3098 320 9472 2346 8390 1841 8247 1247 914 9472 826 7126 4855 8932 2532 725 6593 5341 6599 4309 5576 8829 3132 6954 3134 761 6727 4808 5056 5524 162 611 4447 406 3631 6722 9093 6991 3885 3403 8995 5717 3246 
4670 7586 864 1761 7319 5107 4051 9460 3858 8298 3613 6751 1512 4677 3494 3449 1913 9149 4256 4653 4660 1683 3209 3421 7033 9641 8759 5958 19 3583 3147 1061 9257 8515 5096 1717 1910 2168 2658 1854 4307 5549 3921 181 1243 3390 1837 1179 228 8014 9293 3334 7435 7098 3781 1971 3749 4560 7354 5246 8539 9 8312 9575 7428 7971 9438 3702 6847 7458 3253 1270 5004 8554 551 5664 3464 9104 4496 965 9161 3163 252 9496 3827 958 2957 4246 6943 4239 6800 5578 4453 6788 1549 1863 3350 3578 7824 7201 
6683 5033 8210 9367 1563 9128 1162 4833 9390 1262 3720 5000 2576 4489 6944 6741 408 4378 9944 2017 7816 6793 9687 8537 3501 5777 1867 8199 1481 5089 7239 9933 8023 5698 7224 8658 9614 6787 6612 474 3463 962 9288 2531 5065 4169 8832 8126 7631 7379 4411 6128 7761 8185 8531 855 5171 4074 5502 8529 7566 4667 2822 3145 995 962 4353 3019 7929 5329 9453 5755 3535 7570 7890 4802 754 7717 349 8977 9432 850 8895 6829 6694 572 9901 1445 4391 7481 1507 7587 9011 9426 7735 6537 412 2449 1636 8324 
9337 950 4504 3326 5366 214 8277 185 9106 8493 4235 7519 2864 975 2693 5522 4171 5037 709 1601 5340 3308 9890 6447 7627 474 6229 9724 2180 2904 6921 5588 4419 6561 5770 1286 8786 9998 3705 8508 7022 295 3904 9518 5019 983 510 8417 3357 5214 4923 6775 9589 5092 6378 4441 1152 8096 1792 5884 9817 1005 7020 5738 8289 5294 9952 6620 9485 9567 6456 4669 3299 9204 6553 2736 7319 8849 5810 1500 5323 650 157 5765 9691 3161 1499 2240 8490 478 5744 8537 7372 3104 8391 9342 5927 9786 4068 8985 
2709 4470 7232 1441 9003 2691 7805 9183 8082 930 8286 7659 5183 8722 5658 2940 4627 9821 8492 3025 6814 3889 8741 2043 861 2382 3251 8051 152 1225 2433 9805 4033 3930 7740 2630 5517 8883 9117 7467 7734 7215 2430 3383 7019 7011 4041 5862 6176 2163 8002 3300 1345 1574 9838 4452 7147 863 4401 182 9666 8169 6847 4247 8291 7100 2978 267 6723 6393 414 4507 7829 1063 6361 5238 2290 4761 587 5498 5118 2223 7364 4981 7646 5859 6542 3272 2430 5488 1631 4155 4511 6610 2013 1092 8269 2703 9556 3667 
35 6339 1805 3980 9753 5919 9692 4147 37 1187 4242 1794 2927 5150 9786 6405 1392 3413 280 1446 3673 6797 1819 2917 9718 2196 3267 9260 1064 2797 1504 8854 5642 2822 6267 8835 5030 7542 2582 1212 9020 6535 5898 3167 6563 448 6743 8136 9016 6897 7396 7740 3039 3942 2468 2778 3615 150 3084 272 2827 778 6683 8455 4365 6119 8837 4010 2723 1186 8177 8724 6520 3804 69 7562 7971 584 3968 1958 3271 9063 4826 2261 2797 5427 5108 4265 5692 6593 915 4966 5523 5307 4409 7350 2040 1362 628 2851 
1708 4556 9381 3831 2027 4747 7588 140 7889 1797 4878 454 3653 5536 746 8431 4298 790 575 1920 2374 788 5435 7484 4438 6441 3396 3853 1043 7652 346 1340 2154 1900 8868 9726 3753 9659 31 5768 4242 771 117 4324 3983 6908 3151 8998 3681 7796 3044 2055 7363 6924 6843 7690 8039 3367 9193 1830 3815 6821 7247 9225 1289 1753 9834 3013 8905 3 7558 4124 7759 6162 4307 8210 7235 6493 6598 3682 5052 8958 9889 9211 9245 5741 5186 8719 1649 3028 1718 4643 2499 1745 2825 5249 3661 3059 7654 2248 
839 7418 7018 3800 6554 3425 2715 6271 7217 6471 4428 4137 6903 4191 8051 8360 1263 8522 8369 7933 681 6024 182 4056 6863 3952 663 6858 440 4684 990 7308 5029 7461 8088 716 9921 6991 620 4606 2976 447 8250 5352 8659 2215 933 6086 9230 4143 4830 6023 5180 3365 6928 7895 3110 7102 2201 9862 6122 2838 4540 484 3608 2610 9254 7513 7268 4301 8760 9301 4937 8094 5797 8716 774 9566 2685 4437 3479 2078 7747 8198 9590 5222 2269 5981 3338 1437 1560 1003 6227 4763 6591 5021 6223 913 6669 9357 
6788 6581 296 6694 4218 5686 1666 4899 2216 8038 1041 1121 241 1538 2633 9342 8904 6669 5029 6316 2289 3986 4365 4606 6144 729 3529 2460 6115 6111 6532 1822 3998 8863 8776 9110 6641 4681 7429 2401 8097 7109 5060 1979 463 9757 3136 5531 5204 606 9141 9761 3766 479 9867 5170 2409 6155 1307 4920 3755 1279 5638 7417 9933 5724 3338 9747 5015 8261 3900 9300 5712 6881 2780 9066 7386 4480 6129 9511 7196 6318 8964 8216 8040 7559 407 4145 2729 9873 997 4569 3638 9956 7685 4086 8335 8088 7202 3910 
4072 9419 9271 7860 2386 3909 3054 7479 5568 7562 2192 9801 6400 1208 4549 1675 5335 4257 3222 8657 7289 2000 3332 2069 1895 8583 4064 4150 382 8795 9870 7486 5606 5470 3147 5181 3041 9703 2232 7379 8272 46 5963 3654 5786 1836 1142 9678 2881 3916 59 3312 3191 1958 196 5895 8755 1408 6764 9729 2096 8849 9009 6183 1363 6385 6252 5106 2317 4779 5893 2384 4071 2392 1537 3716 4620 35 7370 428 6393 9790 6834 6122 5711 7044 7915 1511 1407 5337 9552 7108 4866 3348 2456 5481 9212 7403 4111 3841 
2737 4053 2257 7113 2287 3269 6630 507 8500 1385 3099 3400 285 308 855 5906 28 9814 4123 8604 6798 9739 8872 2228 2400 5087 5677 1238 2014 70 6868 9665 5926 2107 4353 7366 8938 6489 5709 9305 4221 1365 1837 4115 7603 3749 3171 3211 5506 268 9189 5112 608 7885 2967 2135 2835 5774 8977 945 737 2190 677 7482 2362 7520 6986 7029 6232 7908 6451 3700 7128 967 7746 5730 2341 1656 2570 3363 920 9780 4838 8624 8378 6778 2103 8309 3760 1039 4748 919 9676 5118 5080 9456 1159 9926 9783 8874 
8304 5652 289 1747 6304 2307 3208 8901 349 9948 9940 4696 5190 8894 1218 4013 6199 674 1524 6117 600 1343 5256 5846 4741 6135 1447 2536 8791 1195 3465 5557 9765 6389 217 813 1759 1357 2977 3721 7556 5245 26 604 2904 5861 5102 1069 7590 2517 6381 9126 685 1589 2591 3498 8708 3523 3716 9521 112 1827 9229 1469 9302 5378 4809 1756 3804 9477 1274 5258 6899 8229 2848 9416 7719 8542 8405 7171 7485 5539 670 5414 738 2066 2565 7648 3348 6950 8726 8531 6834 3945 8006 3210 9800 8978 2277 8866 
1357 4168 5888 3902 7812 1896 9969 1160 5618 6919 6238 502 4769 3072 9127 2370 2392 8523 7925 2395 6552 1797 5418 1544 1307 3409 3830 4285 5730 1642 6181 2803 8152 8971 8654 92 4818 9453 554 8175 6698 6469 3777 5445 5575 6469 4791 1434 4365 4843 6736 9838 9269 2625 8993 1596 4386 2427 1689 8232 909 6408 8873 5611 1694 5740 4904 1067 7667 7725 2210 9101 2091 3945 6638 1397 7018 1821 792 1445 2560 3219 8116 6747 4212 6190 3670 3666 4926 1085 5950 2652 1095 7956 5348 7733 5705 2571 562 2420 
8735 3516 217 1295 3087 9703 5764 891 9991 4774 2533 5126 4792 52 6765 5524 1817 6503 9833 589 5538 6089 1151 4614 4861 8130 5078 7534 7570 1133 3298 3935 9641 9917 8709 2174 1395 3501 7799 5730 9755 6856 1254 1441 300 2978 7530 1451 2391 4042 2075 3821 7928 9645 4954 1226 4458 8889 7219 4375 9393 2122 7451 8734 9922 8489 788 2841 4207 3142 1205 8089 5150 6833 4987 7225 654 2915 5609 493 7680 8408 3457 8544 8138 9934 9799 9857 2270 8447 2565 5280 907 6142 2287 9364 668 7044 5098 4732 
1804 8190 8687 1208 5491 1778 976 6270 7258 833 5880 8248 1428 5447 7165 3060 3307 5347 6529 2671 5947 6068 8641 6610 3385 8604 8038 4226 6940 9117 6679 3983 9683 4505 3441 8722 6187 2821 650 9951 447 969 2788 3334 5627 640 2306 729 6478 9780 6532 501 7102 1970 5973 9172 6073 1159 951 4758 6338 6676 8667 580 6188 257 5488 123 9915 2527 9035 89 9192 13 1039 1957 327 4730 8149 690 5256 4596 2905 6456 4144 9572 1184 3983 7673 7764 2118 5232 9842 8187 976 7213 4506 3851 6200 421 
7031 2060 4486 4923 5874 3634 2464 3818 3424 4706 4636 1286 9154 7971 3384 3739 86 3970 942 4167 3270 768 2824 8787 3371 7576 5968 91 7629 2341 3002 1049 294 7908 8670 2187 2793 7864 8585 1180 8543 4587 3571 4879 3977 4170 5936 6768 4676 2308 6006 3821 4349 222 7426 9286 7217 4958 1611 3501 7227 3714 2107 3935 4266 1977 1629 1800 2801 7150 732 7374 2789 7949 2332 4400 5834 4778 5604 9413 8728 9318 7872 4526 9608 8160 3874 2617 599 7642 3769 6557 3717 7527 3641 6668 1590 3423 1068 6073 
5609 2199 5023 927 7348 1805 3308 1055 2372 7182 3673 1269 4264 4272 5263 1840 3023 9032 2217 5932 2749 192 1163 3616 3833 3589 9225 6032 5266 4248 3312 2614 3496 1469 5922 903 3842 4576 1463 5200 8265 4575 2111 4860 2931 80 5053 7596 5021 5881 1185 4246 8266 2803 4847 7930 8343 9399 4044 9593 9853 1056 9927 1727 4135 4544 6303 1379 6810 7458 4310 3243 8863 6358 7191 8591 4728 8131 7531 9330 7491 5653 4025 9698 3271 2836 9551 245 5830 1526 4380 375 4181 7343 5126 69 1667 3279 6389 997 
9009 1163 7274 8858 8427 6817 6415 3569 9785 2162 4147 376 3412 7842 8764 599 476 4991 2350 1899 3663 8975 1525 8518 8272 6593 4516 3760 4027 4502 1502 6015 3597 9859 8266 486 2316 1428 3368 9909 6648 4973 2226 2176 8398 7550 8347 8072 8206 7529 443 2909 2537 5162 2608 6277 6567 9743 5134 9558 7871 1613 483 6016 7003 8146 3388 7287 9078 3174 383 8764 4910 7691 3906 7826 7845 2462 5618 4964 6014 3508 5413 470 4945 6646 5969 4482 8857 8685 4348 1279 1164 5813 1797 1080 9937 7163 4554 2250 
6904 3576 8877 8393 2972 5356 3210 1717 8025 9390 4525 7562 3242 9079 2544 6783 4175 3330 7200 4606 39 4558 2212 2293 4137 107 7707 9899 7616 3638 6558 5931 3443 3131 4006 7919 1743 2665 4103 8643 4146 4974 1642 2315 9547 447 1139 2666 8083 451 2035 7217 7531 6983 8451 8318 3798 7381 4142 2997 1217 308 7267 4852 2147 1605 2122 2094 2249 468 1531 7334 3893 9573 5998 2141 4238 8216 2766 2592 9368 8587 6561 5072 9001 4684 8193 8783 2591 9468 6448 2881 465 785 1318 4983 5124 786 8056 4258 
5448 1441 5455 2871 8545 7903 4406 6389 9321 9480 2226 4992 239 3985 7346 8093 1116 3094 5119 1831 4278 3781 5428 4069 3805 8470 423 9808 1102 2135 5692 6153 2043 1816 627 3338 8012 6393 1285 5286 6746 5441 3925 3483 5925 6277 8993 4174 8405 4132 618 1825 3069 9751 159 6653 5711 2868 8003 116 7958 5914 3724 8535 1108 7929 7596 3487 8802 1782 5637 6792 3301 889 4862 7381 1983 8058 4911 4321 4627 866 2687 2761 3978 8324 9684 7122 5013 9337 6180 5902 1679 9591 1729 64 415 6669 8352 2341 
9548 6670 2956 553 6247 9184 7713 7254 9358 6653 3568 8274 6075 6747 3368 4665 4819 213 9398 9852 7040 5884 7064 9259 7723 4052 2480 4815 6361 4110 8552 9409 2885 9453 9178 9685 6341 5996 9333 4682 5393 9417 9425 9384 778 4251 2348 179 6747 3158 6674 5976 4805 5393 1427 5020 3120 3482 4073 4342 6634 2492 5639 3143 5471 2275 737 8950 4717 5346 727 5442 3897 3978 441 5809 1857 34 7965 1097 5030 2741 8343 456 4364 7264 576 5466 6709 3266 3635 4067 5316 7956 2348 2374 2498 3478 2485 7031 
6581 692 9438 8525 8498 2561 8941 228 1240 2709 1172 1555 8415 9730 6853 5594 3685 852 6183 7851 7831 3786 1837 3799 1650 457 7790 4480 8218 4498 7140 5827 7856 3805 5642 8414 5663 7427 1698 2194 1923 2468 7473 3303 6592 4602 4826 4927 2231 7554 4447 3409 2601 1542 3346 8181 4498 3885 8956 4070 1615 8995 3762 2339 2565 612 7319 5107 2128 7622 8552 6181 5381 5979 6537 9932 5377 2702 3064 5220 1401 1096 3071 1416 1400 1976 5204 1866 7811 4428 8895 9291 8824 3915 2926 9986 7541 3510 2697 2533 
8452 9430 2356 1463 7369 1111 9012 3091 973 6200 7261 3670 9988 2613 4792 6873 1130 1663 7371 5879 1094 4236 3450 404 8860 8156 1726 7554 1906 8106 185 2798 2601 1542 7822 8181 4498 4070 1615 8995 277 5215 627 5695 1049 5812 9814 817 8834 252 593 4472 9556 4103 8031 5720 8057 6318 4694 4147 4994 4711 5436 8014 4964 2303 4468 9665 3719 9754 7498 8069 7001 1081 1712 7043 7873 5843 7503 7477 6819 8793 930 2730 4744 7995 3256 6736 8286 7659 6415 1714 3816 5658 9571 9652 5732 5356 3832 9551 
7768 3208 1073 2147 2663 3616 8960 3825 4757 3450 2093 709 4052 7938 4000 7149 191 467 8320 3921 7059 3074 8377 1023 8426 5575 22 1892 8671 1713 1464 2641 1827 5685 5012 2101 4252 1164 4718 4313 2241 1746 921 9140 9888 1508 2528 8523 228 8014 7892 9293 2511 9681 1268 1971 3749 5115 9481 5246 6406 9 7459 3343 4862 2992 8312 6477 9575 350 491 1788 6348 9733 8919 7458 1270 797 8092 5520 2727 9412 7664 2936 7466 2067 4585 2945 2921 5092 6697 4312 484 8958 1992 3755 9534 2501 121 5214 
3241 511 1353 8037 4552 3054 1732 3830 8762 5691 6883 5933 7105 1885 1269 3174 6984 3847 2573 3557 1649 7200 9733 7382 53 6793 2 1162 2119 7395 9299 1318 633 1702 8903 8606 3257 7773 9889 5341 9218 536 1763 6633 4861 8345 6395 8394 1719 4642 7199 2781 7099 9783 9573 9655 7726 493 5570 6603 9387 4513 6523 8076 1868 6733 9947 9745 6934 7799 6913 2845 9033 2527 5223 4263 5452 154 6468 8977 6721 6603 2869 9968 3737 1425 6273 6105 7852 2562 3859 63 2706 156 6622 2895 862 713 9925 8496 
9414 6988 3044 118 9365 1884 5957 6326 8946 2042 216 6528 4122 3831 9828 6953 5193 4733 5353 5751 8369 8198 8653 5612 763 8778 4244 2125 2463 687 5798 928 2913 4061 5283 6308 5432 9261 4927 9692 5938 7749 3682 8797 8991 685 2248 4156 8477 5725 3849 4241 4647 4137 1614 2866 4229 9272 7607 3171 418 6063 9516 418 5434 8004 2039 623 3708 2096 4266 1938 6026 9342 1460 5712 9657 69 8048 8484 8544 8142 5792 2748 7203 1732 5781 2342 6614 6726 7324 1454 4245 9214 35 2830 100 5931 733 3780 
9069 3013 271 8378 4127 213 4718 4197 649 2381 932 4590 8815 6293 860 1602 5570 9797 7623 8681 9850 7307 5253 5402 6476 6473 1166 1884 7726 3130 961 2606 2854 740 3790 6057 6235 9215 9581 9890 2438 6181 4491 9251 7766 5502 9858 7325 7215 19 5663 9930 8013 2860 3620 6563 6918 7513 2400 1146 8094 5097 5797 8716 774 9566 3479 5951 2459 2915 2261 2130 4189 8818 6693 3805 6168 8527 5460 2968 9598 3808 4379 5231 816 6684 1204 3462 604 250 7664 6201 3642 6931 7279 2255 9061 3604 6445 8775 
8570 4171 5941 6692 7460 7753 9660 1561 3144 1208 8607 4348 4670 9211 950 7152 159 783 1751 9221 4388 6699 6766 871 2095 9059 7563 9555 6812 4726 8537 7144 8571 5873 5936 7897 161 8020 4064 1943 2725 5890 6968 3400 3569 6315 8197 4579 3473 2702 1027 1681 4762 3946 8055 4160 2536 2477 2312 7568 2839 990 9987 9701 333 6483 5295 3384 3801 1626 6837 4817 7464 3947 6396 8784 1046 6814 5887 6967 6062 4945 1763 3914 3318 1777 7029 8131 879 7372 4000 6231 467 7083 1712 6179 3805 6008 3114 7680 
6497 9164 581 3354 121 5145 4307 5859 7129 4877 7812 9202 7673 9324 3729 11 3326 3641 5226 2946 3767 7233 1384 6330 6463 4554 1217 4403 9223 9230 4828 4504 3909 4995 3703 9902 9777 7177 9368 3638 4832 9501 7528 2928 9434 3358 5688 9487 6550 4767 5313 3458 507 234 3994 9269 7843 7598 1934 5471 1861 4438 6249 8225 5801 4893 6253 5804 5906 7286 2890 9597 755 7668 4511 5822 1877 5329 3589 8157 1701 512 2321 6348 8322 7178 7994 9709 1984 2147 9713 9834 3510 5799 4726 6658 1302 2795 1736 5862 
1953 1634 2709 5355 4419 6088 1685 7408 1845 5442 9294 7054 8652 1931 1604 7979 8469 5199 5586 5079 5081 4840 1704 5943 9459 4133 1105 3198 5890 5388 868 5947 1562 400 9552 5918 5924 6792 9091 5539 7101 7360 2725 2196 1125 163 3845 8631 2989 3562 9880 375 3203 3650 828 3394 2151 4585 7323 4552 5265 2663 4758 3449 1913 4256 4653 3209 7033 3335 5326 3730 5370 7585 9593 8363 106 8916 3807 9683 9744 7652 8323 9100 2560 2707 7973 7873 7593 2614 250 1954 8118 825 6338 1578 2367 9468 4792 4320 
9777 7685 4851 7951 1008 1376 3084 595 6345 2441 5425 2332 2285 2723 8801 6167 8717 4758 1495 7438 8762 3556 8526 9427 3701 8979 9864 737 1037 4692 1901 1881 2819 6525 1431 5475 4465 3415 5658 1658 7822 2809 4734 9407 5746 317 3019 1643 3666 556 6938 2269 5359 960 3502 6307 8257 6657 3907 7921 3792 2419 3939 5172 8032 7154 6055 6717 587 4380 4486 5713 5790 810 7875 1582 6086 3060 5424 2329 3608 7362 640 6083 5226 4567 172 6786 1690 9692 7807 8514 2431 4421 3098 9472 7879 4708 3811 1207 
284 5685 2500 147 1083 8885 5148 7816 8055 4456 9998 1190 1475 5671 6185 9512 5343 5173 6448 6371 5964 1587 8897 2328 2661 2991 3754 7465 7215 5231 7873 5217 9021 9044 7199 3851 4576 8319 1773 9976 2865 312 1046 1608 4586 1973 6604 9860 7882 9047 7634 2898 9287 1876 8251 5038 1441 3132 2087 7935 3605 5908 9363 1720 776 2450 9732 2374 1014 9923 3583 5257 4468 4787 1450 6432 3321 2139 451 6975 7460 6687 2652 4560 4316 8999 8764 5567 3925 5787 4619 6016 5237 423 8276 8863 5823 7970 9502 9846 