269 5121 7227 6271 9304 8330 7508 167 1021 5261 7111 6307 8717 5459 4987 707 8900 4560 2728 7469 6683 1354 7998 6402 3251 1281 2566 4980 330 7425 1803 5230 3945 2465 3885 7805 4612 9704 7908 6114 1456 5131 7495 9078 3112 9485 9287 4415 7204 9461 3185 2608 4898 6353 7607 1759 8959 2108 9815 6557 7843 542 2540 1519 6419 6995 7725 704 6381 9213 4882 5080 5875 1125 5649 2657 9080 206 4252 8820 6893 2782 178 6440 5178 8791 6185 9024 8660 7061 5831 6398 3291 7820 3463 1958 9894 8559 9450 6023 
403 381 2454 4904 38 3327 2284 3750 3410 7154 1593 6678 1583 655 9138 372 4560 1416 4572 7636 4761 7631 9570 1176 6074 1514 9242 2492 4354 8763 4874 8301 2093 2026 3376 1146 1684 7527 9439 6329 1385 3069 3536 3455 7790 4715 7050 1007 1299 2699 4259 7972 2113 3085 6279 5207 3656 4480 8730 2278 2351 4263 5820 2673 8699 294 6699 3180 5455 9243 2786 7947 9083 5189 8908 9637 2853 6859 2460 2032 2438 9117 6039 6795 625 1376 8851 3893 9573 7421 8474 8216 3349 5417 6877 9368 2486 5728 8587 9415 
6561 3149 3490 5072 9858 7313 6988 1293 1597 5956 2990 9001 1574 564 7358 7047 1205 176 9907 9982 3122 1450 725 2564 1912 3771 2248 2398 6650 344 4582 5714 8141 9205 885 4035 9627 1596 3720 5045 3914 7018 550 8051 6948 681 182 6863 663 5518 9921 2976 7671 5560 1580 7102 9862 6122 4372 7045 3109 5469 8474 5823 4601 988 6993 9666 1338 2958 3210 3451 4147 5845 9797 4919 9261 8295 6173 3691 7443 1241 5149 2177 2749 1620 1174 7748 6757 3208 89 925 6683 2412 9654 7836 6755 5169 1173 9556 
4700 8579 8173 5916 9589 1086 4872 7518 264 4255 3157 1349 5673 6230 2805 8226 5672 4462 2134 6654 5117 3679 7928 4402 6386 482 5979 6478 5806 772 8332 4342 3750 7957 7359 2323 5093 3191 1156 4854 9113 4955 2652 8567 1866 9222 5034 3133 7813 3109 4356 5022 3985 9073 5764 475 3445 3609 2082 1318 8039 6056 9843 6038 6138 6799 2453 5541 899 9291 2509 3083 1877 3455 5878 5661 6751 6908 1863 1612 1207 6061 7293 9307 5882 8021 2773 6964 6876 8083 2168 3946 7909 4715 1990 2699 812 6411 4184 4009 
8941 7719 8727 5347 5045 2639 1517 510 7172 5120 9869 6856 1737 1906 2276 9199 9205 885 9989 9640 7997 1664 1596 8039 2868 7372 7831 8063 5199 6997 1650 8218 6359 9964 7856 8052 6265 7461 330 26 6793 4257 2906 395 5141 7305 3552 733 2218 5363 1617 7259 2356 6684 9931 6344 8170 3999 9363 3016 1344 3176 4263 5184 7066 3251 4713 7613 2380 9814 5042 9481 3356 2661 3153 7219 5107 8412 3201 6467 1335 7164 5041 1134 6223 6885 7612 4454 9054 776 6432 4236 3378 6446 8544 8199 1892 6582 4796 2926 
7381 9485 9114 425 6018 6815 4647 7929 2317 1811 7842 3878 7904 4822 7777 8168 4891 4046 1518 4627 4360 8973 9429 4836 8358 3161 5837 1346 3409 2353 1351 6855 9077 3845 8570 7961 1187 5980 2734 8557 9357 3 1899 8888 9997 5453 5762 2776 7179 6905 2323 9104 2780 9043 8006 2297 4127 1656 8162 425 3357 4092 112 9875 7493 6481 562 1417 6763 9017 9129 2298 5039 4808 3202 1858 9068 2283 7860 2899 5684 9472 4315 6058 752 5134 8726 3961 8998 4303 1843 4163 8106 2716 8775 6118 1209 5686 1657 4913 
4281 1957 2808 2658 3536 6584 9083 715 7845 1640 5183 6010 7371 1277 3635 7633 5127 6385 8603 14 9074 3167 732 4088 5703 872 6299 7165 4145 9866 4958 5169 9260 1402 2495 7237 6645 757 7256 2241 4775 2298 2345 3669 4010 3383 1606 9657 9736 2751 4618 5594 5087 5600 166 4309 2601 4871 8961 7090 6547 2292 5064 1065 5621 3109 2708 2341 4171 6780 8442 3024 1596 2539 3662 4580 9299 5535 9477 4402 5532 708 9645 5185 3346 9937 1846 5518 4300 2886 8947 5212 908 205 4634 2795 8094 4711 6364 3174 
9210 8761 3439 4089 3752 628 282 7326 9285 4062 7505 2911 6910 5802 4027 8994 7190 8045 3234 9557 4243 4961 7726 7590 8298 7735 1187 7928 8875 1932 6493 8438 7661 5960 5763 3498 5193 6104 5710 6490 937 3286 5241 2186 3133 6277 8797 1606 4605 8348 8071 8939 2325 2299 5674 5061 2104 4148 4129 8241 3508 695 5933 7515 1264 5337 5737 103 6204 8122 3154 5989 6031 7455 9915 2005 4152 1524 3907 8632 3525 7433 582 6623 4177 7482 325 601 5730 5533 7199 4587 6852 2298 3139 439 1598 4379 2790 8034 
7498 5946 647 7161 9990 9457 7359 6296 497 2029 7390 5856 9462 653 3847 1114 8473 8213 7176 7119 1831 2614 4494 740 1374 9114 4041 3011 8362 443 7765 4806 270 510 2629 8133 1095 698 9822 943 5588 3006 9146 816 1778 8959 6549 1033 9134 1311 8123 516 1816 9609 8489 699 2557 3176 8322 5073 2134 14 7973 5083 1168 7555 6946 951 5348 6466 7899 2547 7543 2788 3327 2411 1057 3181 303 3975 6655 7104 3163 3299 3351 6571 9202 7567 2880 9037 574 2356 9471 6158 4758 1188 8293 7851 9673 7554 
7910 67 50 8647 6110 3511 1074 2411 2843 3765 9251 211 4692 2176 2339 1194 8148 737 5420 4490 6342 977 2508 7175 718 1621 8159 5928 56 6542 4022 3531 3066 8437 3113 9979 5702 4996 7520 8105 3967 4183 9071 4697 1259 9224 3918 9940 9177 4910 12 6624 6595 9301 2462 3137 9813 1746 2976 390 1000 8055 1091 4229 981 8306 4370 1147 9417 2661 1466 4107 932 6356 5161 4240 2751 4212 6178 7412 7445 3645 974 9270 4485 7617 7503 7210 290 6963 8984 9816 7620 6637 932 7299 2635 7762 1359 4433 
5887 8772 8172 2091 7122 8885 3005 6863 3546 1342 4489 1691 5751 2743 114 1469 7894 494 7147 4409 9746 3770 8762 2896 9821 8028 9500 7302 3626 5780 3738 6332 8314 4208 2161 1657 8366 1137 4423 5683 2906 5566 6038 4149 4176 3603 5075 8658 5875 505 197 7318 8594 3991 6511 17 5593 24 3423 4881 7628 8291 5664 9279 3884 873 3632 4260 8000 3306 6900 8582 687 8903 2196 5047 7791 5456 7062 1861 4852 6243 1384 7146 813 7705 3336 6213 2693 5190 7182 1551 9360 1015 7586 2685 8250 2525 5434 8652 
728 7814 3342 2941 7010 1802 5799 8644 2617 1494 3064 501 5461 8345 271 899 8663 8053 1059 8944 8589 7936 5164 9327 8068 4670 5257 8226 1800 7898 1234 8959 6322 6896 7909 3840 1461 9417 4199 356 3133 7337 6574 3899 4961 1556 5742 4297 7432 2924 9980 2323 6098 2564 38 271 7057 5885 7096 7360 4542 9959 8512 3644 6242 6666 689 3172 9491 8019 2998 4639 3266 8258 5152 7991 7492 2108 334 2865 6543 7680 9574 2006 3226 7050 9900 9830 6633 2406 6504 6983 7262 6071 9676 3640 4907 6385 2882 7508 
9920 239 8307 3368 7385 1807 1832 5364 4014 7099 8619 6305 4930 1789 4371 2530 7894 8419 2454 2260 9008 5329 5976 2365 4224 8272 3509 3109 9691 3243 8182 2338 1013 3130 8378 6774 6360 3600 1405 5889 4801 1162 5329 6348 6227 8203 3145 7189 6429 7897 4994 9039 5879 1135 7246 5340 9977 5682 9094 3587 4487 795 7154 8892 3893 6845 4455 6462 1494 839 4814 2000 2263 7550 6334 5546 5212 5103 5669 6585 2876 6677 8147 373 8697 7795 5696 8765 8012 7581 3794 7182 1329 5696 1730 1501 496 1795 4879 6311 
3044 5516 2836 954 9868 7420 1883 2545 8413 8326 6650 5940 1391 7908 8284 5251 491 5917 7153 9102 1719 6067 9732 9634 5856 6970 1401 8098 5549 6180 340 2280 4668 659 4462 2052 3020 4787 4707 236 5213 2614 3039 6292 1750 7450 1008 987 3429 9999 9082 9728 2815 5364 1023 8254 1309 3059 4554 7007 8617 4198 4968 5880 9477 6412 1976 7763 6214 6364 3033 2861 588 7948 5640 8605 7932 7022 4471 5955 8290 3745 5385 1815 1882 3276 1422 2030 3217 2411 8070 2215 241 642 6781 7359 8403 4309 5067 8724 
566 1656 1037 6521 9927 328 6453 5127 4955 663 3966 955 1055 2942 3052 5698 5808 8427 7974 6576 4087 6453 1537 3016 7052 1096 3628 6669 4156 1292 1683 9398 2751 8566 2853 8801 7766 371 7529 5015 6424 4960 6614 9645 9196 7174 79 8434 8348 3792 2310 4824 3972 6773 4590 5907 30 3367 7885 849 5802 7131 2781 7351 8462 2614 4714 9891 7833 6133 5578 7090 9785 1431 2962 3002 8299 7264 7535 2297 372 3685 7777 9016 6001 5725 2060 280 8939 5083 4575 8510 1034 4639 6377 5553 2332 9718 2753 698 
4666 1159 5977 7734 6637 2572 8388 4714 8957 9519 5831 180 4370 342 3971 5490 1073 2337 1521 8447 5588 5311 3085 8052 4783 4843 7012 9122 9233 7360 4046 1132 9448 4793 6947 9883 1957 3916 717 5366 987 9367 506 7630 5969 6428 2798 344 2350 7944 9298 8167 4335 1001 9263 9585 1810 7115 4592 809 2542 4480 5661 218 7907 4628 5319 8898 5048 6794 5879 399 103 4695 6342 8373 1219 1140 6239 797 8800 1061 6941 7044 4457 7237 648 2489 9212 5451 6335 4106 5232 8665 8359 8976 3444 2391 2849 4886 
7838 3960 7437 9626 4335 783 7089 9229 5718 585 6317 5374 6107 6616 5131 4497 82 3391 4745 9478 2179 6415 4063 9801 9012 2957 7398 9003 3856 3330 8224 3559 8833 292 6209 2822 7941 2554 9739 9810 1124 7827 9978 8908 3095 5892 5986 6136 2874 151 649 7395 5829 7578 9109 2572 191 9218 9369 9566 9735 1411 1596 2331 5960 1466 4941 2369 9111 9951 3579 1529 6482 1780 6361 4340 4474 6790 8000 4814 184 5453 3131 1342 6811 4804 3600 7162 6834 1023 3002 7507 9625 8159 2095 3788 8099 6922 5487 8632 