4172 5788 5044 2917 5022 8190 1417 7901 1340 2305 1103 4209 8804 2130 1507 9653 5085 8712 1375 1262 1531 1630 5675 3708 530 4864 9260 6253 7774 7749 2999 5792 8296 7848 3044 8005 7705 3938 2627 1998 1773 6739 5630 3410 9419 8938 3445 5900 9645 959 3261 9698 3416 4496 7942 9995 7527 9497 9110 5624 9040 3168 5142 5990 7061 6684 2468 831 394 158 8727 9487 1778 9248 7085 2695 5293 7585 1986 6103 3131 8970 5596 7974 2589 4031 8940 5534 464 1866 836 2993 3277 8491 8723 2459 6541 6841 2416 1788 
3018 9075 2663 511 9021 5242 610 9269 1103 5402 7268 9962 9970 6866 6478 2742 1935 1922 6686 3943 9809 5396 5020 4407 6390 1698 9810 506 8876 6170 7276 5704 3703 5894 2053 7323 2727 8569 1104 4225 8869 8237 1288 6750 6750 646 6205 1421 1999 8939 8987 143 6784 8420 6878 8891 6554 6914 8629 557 2904 8897 8658 6989 1321 4613 2750 6371 1596 2096 7807 7434 131 8596 6679 7663 1529 6240 7648 4743 4214 884 6399 2723 8413 5965 9393 4097 8144 7599 2468 3910 2020 2957 8426 9181 2387 8272 1266 1493 
8660 1712 84 5894 8489 8248 858 8476 4248 1280 567 6419 5322 7328 5970 376 4870 2011 2785 239 3104 5979 6537 5085 6754 9989 3075 3064 6856 4912 5148 1401 5880 1096 3071 6912 3146 7278 3209 9641 9563 5493 4269 6476 9621 6063 4752 798 2609 1926 8865 3204 1615 7503 7497 4611 4140 9450 2004 4500 8966 9542 3056 4198 9205 797 564 7358 7047 1884 1662 2991 5593 2043 9982 5812 330 26 6793 7340 4257 3508 1563 5285 7305 3552 2449 5839 8619 7897 3002 2703 1478 8822 7217 5653 3324 5580 867 1904 
3885 4987 2086 5410 1071 7265 3081 9148 2007 4994 5696 7438 6473 7838 8537 6995 1902 1382 1205 279 4147 2162 7212 2257 6713 6719 3064 4269 8858 3705 3610 1076 7687 5823 8358 6859 9841 7342 5304 1239 4868 3200 8729 1795 8301 1471 3398 5488 198 6003 2747 8256 2074 1408 7747 2353 535 6612 5943 3644 4943 710 3069 8207 1997 9264 7257 9529 9344 8872 58 4049 2079 7256 5577 7220 2407 17 4600 9548 6308 7103 1295 1958 3887 8157 5469 5524 1838 1419 4351 7639 224 611 4617 794 3671 2731 1318 1247 
9107 8596 6454 3589 9663 5392 6131 7746 3889 5207 1702 5250 5658 6390 2871 9969 6712 175 2011 3448 4121 237 2355 9562 7119 5591 1380 7305 5989 2758 7824 399 7589 9836 8676 7709 9800 3730 5745 2977 6218 1188 7649 3543 7014 1478 4133 331 8063 8623 5666 3425 6132 772 4789 3166 291 6068 9416 4578 2039 1257 7319 3055 6724 653 1201 8212 5275 2115 940 5602 3280 9528 5514 9028 7238 2026 8895 9708 7846 7812 8557 9657 7690 9276 9338 9323 7008 4953 4298 6193 1920 5178 6324 7622 8783 9573 4229 1809 
7367 6300 1265 138 3050 8507 7382 3293 2570 6706 2977 3754 3429 5473 1569 7212 2392 1089 1537 9055 3716 4620 2008 2843 2126 6683 9261 1478 4917 5633 3311 6882 7445 7933 1075 8 5994 4285 3169 3337 1219 4247 1058 3449 4293 2118 7400 5382 9258 4847 3 489 7574 9670 5812 9921 4214 1160 3781 9263 2903 2068 8522 5502 5950 9724 7525 8705 3488 9703 9147 2293 7440 9863 1805 2323 4776 5248 4219 9620 5658 1282 1625 6788 9446 2903 7278 374 7549 7080 1571 2060 8696 5408 2199 5102 1541 917 6227 820 
1502 5628 4002 6404 6378 142 5603 7 7146 2186 9658 3691 3302 9164 552 833 1125 9625 9176 9447 5274 9486 1091 6395 4752 6286 8643 670 5221 403 8742 8240 6549 5196 9084 5918 4101 8929 7671 1028 2136 7336 4287 1134 6992 4574 1698 6069 1476 5606 7742 4688 1726 1181 2315 9384 310 3712 6133 7389 5834 6103 4838 1384 2855 27 6771 6836 2969 1535 2217 4516 7113 8702 7162 2344 6862 495 490 9242 9799 1538 1741 9431 67 3828 1952 1744 245 6028 6891 4646 2997 1743 9317 890 6913 1030 7613 65 
221 3488 3772 2293 1925 4196 1330 1690 9325 352 1907 3741 4857 8868 4438 9603 7609 1226 6320 388 2923 7 5115 5989 9156 8745 519 702 9150 6507 3404 6710 9814 5098 4842 520 2716 860 306 9278 5830 1257 3060 1928 9824 9092 4990 6445 3288 5897 6253 7445 7958 1746 9374 1194 483 5685 169 6077 3608 6273 974 4087 2030 4664 5650 4981 3820 2604 1526 271 954 2160 1957 8290 7201 6662 9146 5052 4761 3626 7625 248 8952 2370 455 368 7065 3029 5499 2293 2259 4125 477 9121 5983 9091 5489 6921 
1056 2977 4641 3450 9385 8222 6963 8896 7117 2068 3909 6682 4213 4301 1177 8450 850 6919 2171 5464 1332 2962 1700 7425 4387 1357 7924 2831 6137 5341 9834 43 682 2035 3214 6450 9626 1807 9581 2231 4052 7185 8665 2959 3843 1346 4975 3913 1161 9077 2137 5298 5710 7627 6264 1044 6351 2694 1517 444 9780 9020 9715 8351 4160 6340 8218 4159 5013 511 4422 3866 7387 8663 409 8938 6785 4083 6490 5930 5707 8593 3959 4688 5810 5034 4572 5688 1136 8112 5418 9941 7928 4141 3766 9276 1939 4346 2382 2605 
2327 9282 7178 9541 6051 4714 3449 5776 6085 8785 2437 1319 9090 2877 3333 8146 3495 1640 2786 4282 742 3358 1981 7803 9174 780 5942 7892 5852 3950 5018 7808 6753 4556 7686 4465 2649 3177 3249 4619 2427 8885 5035 7759 1798 1002 4451 618 4839 1964 7201 2154 2607 8881 757 9205 1760 2563 4933 6875 103 9201 6402 9240 8720 4983 7607 7589 6505 4680 1102 608 7970 4157 3619 4534 1761 5450 4009 5882 5481 8620 5533 2562 4663 896 396 6749 2442 2573 7692 5999 3816 6688 9343 9170 908 1552 982 2895 
3290 3115 7016 3393 454 5821 3323 7406 1745 5392 8507 8012 1454 8057 9033 5266 6933 7621 6046 8826 6806 3784 9690 4005 6673 4997 8486 904 9327 4697 593 1012 9709 8830 3818 1727 8911 3579 5595 5286 4576 783 9042 5987 1268 7617 6174 5250 8461 42 1569 7870 3280 2657 4016 2281 7067 8754 9384 9195 7353 9027 8201 714 9421 6913 8089 5635 7892 5015 1993 2608 2778 1004 3284 8430 5932 7966 1695 2245 6935 7356 7345 630 8664 5936 6286 6949 825 8806 353 7903 4181 7338 623 1367 7284 7191 2443 2831 
2256 975 5194 6922 233 8973 340 7625 5833 1118 1563 5154 7132 8050 8668 731 8283 1638 951 4195 4928 4338 1348 1909 643 161 2787 8240 7283 493 3707 1947 7810 5536 7898 8076 593 8977 2021 4228 1271 6572 5466 3394 1390 4971 8401 5568 9236 3063 4911 8226 9597 362 2355 2972 3511 5687 2101 4887 3407 8186 8557 9279 5335 2049 5021 6081 7568 4600 8282 2170 7388 5574 4653 6977 3035 4961 8827 9974 9423 4606 8776 1811 7585 2049 9233 2799 9118 2667 3673 5867 4838 7443 145 7958 275 6634 5181 2276 
7879 3010 828 8415 4984 4563 3699 3831 6475 5193 1040 2609 147 7536 9203 7618 1722 7308 5818 5582 2033 6007 1266 4052 1473 652 6101 7545 7295 1918 4220 4259 6334 3454 8993 5419 524 2801 6708 5485 9752 3996 5561 9284 8248 6161 9058 9277 6012 4442 2901 6434 3248 7821 7834 6237 9683 9203 4149 8100 4223 1401 6931 4621 9862 9561 2458 986 2308 9912 6838 3693 1290 5663 6150 4736 5543 6053 4900 1487 5959 3174 714 4799 8141 3429 5994 8420 6571 90 6999 2795 7786 9767 9368 2524 4409 1312 6186 5458 
2827 7524 4796 5558 6032 2446 9440 1121 6708 6782 9286 7686 2154 2884 7625 4074 5320 403 1589 1094 8781 4105 6523 3543 6460 4816 6542 9902 4710 6299 9280 7896 3385 1399 179 1426 343 3951 1056 3097 9763 4234 8289 9943 6915 3256 727 4682 659 5203 5025 1080 8262 7384 3383 628 4439 8748 8257 3696 1354 986 7837 1735 2071 7045 8772 7640 8672 7139 1116 5317 8842 6432 5448 5872 8086 7086 9755 3395 27 6231 4726 5674 6507 6396 34 7042 5762 2036 5751 676 281 3773 1856 8574 6639 944 1572 7466 
4369 9104 5740 1659 3426 8548 528 5772 3507 9380 4664 7832 7857 9502 3080 7828 8140 9298 1292 3831 1894 3493 9532 7360 8806 4877 759 9938 3762 9399 7338 8580 1079 1535 2096 5955 9569 9188 1971 5934 4226 5267 2066 1191 1731 7361 9668 5366 1711 5996 2419 7076 6842 2792 2736 7822 7961 250 9311 1857 1583 5053 537 5907 516 8338 4840 929 1954 7199 3854 84 9290 5747 1147 1545 2277 4647 6907 1638 3714 2969 3291 395 5328 7044 4934 9271 8032 1769 8995 6117 8187 1792 175 3414 6822 5483 8633 7507 
4050 2711 9239 7317 4139 9426 532 1239 6954 150 2686 8094 8797 2142 3983 6687 2612 7455 6493 8415 2597 5583 8873 1722 2284 1614 4938 211 3750 6100 3945 4153 3533 9767 2972 1926 9620 8012 4662 6879 1559 8110 8886 284 746 9578 4139 7411 5555 5871 264 4750 474 2766 5013 6143 9403 1703 890 8547 7454 5633 6089 4834 5338 3864 5751 540 473 421 5153 52 7628 1356 7755 2080 4246 4372 6724 2738 7751 8605 4466 2421 7006 6899 8237 4881 172 9245 4023 8763 7745 7750 9038 8954 2696 1315 5014 1810 
3459 3625 1648 8482 8881 3715 7582 4417 8455 4264 7888 7909 2377 3683 7660 9433 3619 3772 2184 474 653 4328 3269 778 7373 1912 1454 6815 9363 6620 6677 6111 8879 27 6912 1716 604 5142 3380 7210 9604 6530 8495 5092 3243 2778 1727 875 1886 9176 2031 4876 7449 8620 1901 6628 3216 2016 1284 8682 2535 4638 4669 3164 9629 2294 2237 2241 4123 6033 686 909 9381 9956 4019 8209 981 4376 873 9700 9555 79 4193 4748 7652 4228 4514 3857 6751 714 7226 5839 6085 4009 1572 2278 388 9611 8381 4764 