3100 5758 4558 59 838 3829 448 9540 6897 7396 7740 3942 2468 2778 3615 3084 274 8822 3890 8402 5205 5884 9817 8947 7518 5619 8635 9855 7105 2645 1063 6374 7780 6025 2066 6280 4905 2984 4170 9191 2265 5007 5007 4362 2827 829 7593 9916 1528 7949 2731 5843 6606 231 391 8337 7207 3871 9441 6659 8730 3420 2772 9188 7339 5375 9503 1425 2174 1510 5533 4970 3791 3346 3024 6334 3536 7810 6714 9400 2728 3618 296 5512 9767 6212 1626 6847 8249 3561 3384 5640 9641 1533 1311 5851 8251 8611 2107 9342 
3733 3636 538 3555 482 7400 4552 4202 7877 8337 8840 960 9630 8720 2589 4617 8358 3948 6858 4719 7672 7294 1822 4900 163 6890 1407 8210 7863 1130 6226 4995 8451 1738 141 4788 2568 7866 4579 157 3934 2873 4792 4847 354 4938 9407 3431 9129 4646 1863 7519 3137 784 1850 7498 4037 1946 4372 248 8269 5162 2513 6472 2588 2152 1522 5586 3516 3956 8311 9801 6029 7799 4165 4047 1291 4476 886 1530 5750 2598 3246 3758 5816 3297 9520 3231 3996 2058 8108 6680 7549 8603 8232 6480 235 1347 7106 8160 
6866 5122 2164 6133 2551 6097 9721 6089 2644 9932 1109 9505 2823 4179 7631 5674 9273 6472 4286 7251 4469 4219 3274 1682 2770 6135 7432 7110 1074 4832 7986 5744 4910 9421 7933 3408 8711 67 3325 8966 4909 1586 8559 6372 1225 5042 1301 5347 9490 4532 5963 1912 6555 4201 1914 9035 2158 4265 5334 9247 7945 107 6727 6616 7820 8417 5539 9232 916 3696 8391 1123 5082 4455 5493 6562 3007 14 798 1926 5700 6260 7503 7497 2691 6961 7439 702 8645 2603 4570 6496 7569 8386 206 9593 7939 6629 6310 3997 
5643 8567 2389 1416 9556 8186 4206 6768 4707 4146 9730 6560 5648 5185 6117 1247 9748 8225 5501 5563 7335 4676 6210 4307 8222 705 6838 2807 1490 1669 5131 9038 678 6868 2107 4353 1881 9471 5709 9305 5882 4849 4762 4221 4491 1837 4115 5631 7803 37 8407 268 9189 5112 608 2826 8631 8154 3378 4971 2015 4310 5774 8977 7600 945 842 2456 7555 7822 3247 7557 5127 5260 5853 7389 9197 1007 849 7059 7108 2045 2689 514 3984 1043 5179 8369 4056 440 7308 5518 8631 7640 4606 2976 6981 2215 9230 4830 
2642 2488 6928 5560 1580 7102 2201 9862 6122 63 4542 2339 6652 9294 7569 7573 2252 1284 2536 2562 6187 4945 6998 6149 3210 8714 5988 6431 8942 3554 5690 9323 279 4165 4874 2752 9990 2462 1971 7410 4718 6872 7211 3842 1898 3502 2606 4328 5867 2448 1343 4613 836 2305 2793 3601 7929 1071 5116 5658 9235 1869 1304 2140 1246 8644 2926 1936 6931 8361 5815 1963 3209 9017 702 6011 3605 8457 6341 1512 2579 5518 7178 2296 1203 5798 3243 6843 4573 3831 9082 2712 7171 5987 255 984 5191 9096 5451 2084 
8477 2849 6492 4146 4642 1139 5888 964 7113 3191 869 2713 7001 507 5995 2254 4248 2148 4077 3978 6913 5834 1543 523 1191 194 6979 2509 1964 3613 1 3590 5341 8128 7254 2381 4305 5764 1113 9251 6429 9886 4546 1786 713 5102 6256 2264 9472 3203 4111 1937 5008 4338 7080 9440 2136 6505 2365 8823 4610 8121 7194 8087 8350 7364 3285 9340 3227 6755 4848 1337 3308 8089 735 3975 1796 2966 3157 8032 2881 3982 3228 2432 9029 6116 840 4749 4925 6441 3576 6943 7277 879 4088 6530 8287 9808 8307 5637 
2748 6526 4330 7522 7158 3577 9703 8251 614 2510 4448 9690 9643 3129 1982 5728 1496 9385 6144 2475 0 9231 6084 6876 8355 2162 3371 7376 4794 4835 1480 9985 3946 5697 6726 3331 9509 3150 1452 9706 8353 4940 3704 929 4391 2388 2681 2979 8557 4683 6487 9758 5936 4768 2447 2821 3572 7351 9641 8236 4948 2404 9133 4904 2826 7538 752 1426 3450 311 9735 9186 253 1553 9580 8462 4618 9615 3065 8191 9464 8840 2058 9579 4077 1937 5518 6223 8380 6539 7919 2312 2115 1396 4378 8758 6050 4284 9687 7008 
2010 3685 9329 615 4892 2695 8873 8086 6464 8064 8233 9477 8768 3835 517 6309 8699 2172 227 4551 3268 3984 4451 6982 7865 5554 8781 7136 8720 8691 4345 680 2522 4916 7952 9659 6641 4330 48 8910 5120 7602 8736 6295 2641 8267 2611 1331 4183 6108 8636 8911 2992 3976 5726 4457 4003 7846 2906 1867 6827 7942 7156 1249 2668 2700 9756 9667 7445 7258 1340 3907 2364 5718 1530 6063 9115 4173 2739 7686 7474 1835 1661 1848 1171 194 598 5151 1936 1477 9997 9253 6735 5927 2784 9753 9996 8754 269 6463 
5840 7602 3841 9740 9216 3375 862 3682 7032 1909 5186 5591 8130 8941 8944 7608 2529 5311 7978 834 9355 9554 7178 1575 7887 8637 5798 6181 4900 4029 9082 2712 7171 2997 1399 2551 7541 6222 8819 2564 5625 9016 7659 8546 3739 5045 1263 7305 2475 7569 1871 7291 8625 2166 9143 9214 7033 4899 3763 9664 4180 8660 7108 1347 5792 8493 8254 2763 3068 6974 1516 4121 7574 8161 9311 8426 5280 4650 3462 519 7828 7318 1894 6284 210 3933 6212 2399 9388 3401 9202 380 7651 5079 6675 9311 9521 4239 3316 130 
6646 2003 3520 340 3112 1153 5879 1004 8310 3170 7156 2932 5235 389 2652 7057 5597 7074 4928 9372 8727 1210 2293 7822 3641 7999 4971 776 2363 863 6272 6693 8841 5631 1986 6360 1661 3857 7770 2964 9558 402 1379 8068 5902 996 2470 7547 4993 6608 4985 7113 6405 6455 4734 7417 8961 6193 3482 8268 3751 6452 2388 8941 2039 7932 4320 9483 9904 4613 3686 6713 8760 1313 6412 6275 5338 5257 9871 6936 5696 4590 7912 1002 1465 1802 2003 5142 2509 3449 8076 2130 9019 6373 1327 4604 4082 4731 2547 398 
6186 792 7415 4919 3873 9471 1565 7446 661 661 8344 782 8699 1237 800 6051 1841 5838 8030 8504 4561 672 7418 5719 8119 5781 3343 1229 4320 7255 1562 1894 6887 7847 5167 3772 1684 8677 3811 8337 3463 9698 7987 599 6517 6922 1017 7844 5890 6675 6917 934 3616 8430 8389 3102 6037 1151 9844 2304 5148 9040 5019 6230 126 9758 8828 8780 7798 1524 5994 2417 3347 3568 3015 7287 1437 4215 2056 275 3839 9059 9699 9997 595 1945 1680 4167 8673 1571 5582 3343 1623 8247 6603 4884 5450 382 7374 866 
8467 4919 8344 503 7261 5893 3645 6336 2327 897 9524 3569 8428 4434 3577 4991 9716 8433 2609 9468 1309 6309 5026 3158 5502 4111 489 8671 5416 2110 5389 9874 9175 4982 8554 7125 3761 8985 3464 1770 7543 8409 1941 3964 4182 8720 5727 6844 9853 3617 1711 721 8731 7760 6667 9497 4840 4909 3274 4143 1057 5635 1754 1629 1167 4089 7269 3474 4471 1702 1592 4784 4992 1471 814 5442 9397 1008 8462 100 9510 1640 1362 9304 1825 5171 9976 5016 5854 6801 6249 6165 528 5546 7150 7416 9217 5142 5870 6995 
7929 2643 8149 8404 3627 956 7952 2293 4653 1925 6936 4314 9223 1719 3059 8697 8941 7233 9039 2217 1816 291 5239 6346 9611 7314 7385 9705 4213 6951 315 1301 3309 6938 4292 4019 646 8838 1837 2808 6037 1672 5620 5164 8791 3899 9468 2243 2365 4878 776 8642 7968 1141 3935 3760 1216 4916 7326 9982 2456 765 4735 4976 1106 9108 2121 8981 1966 6231 2779 2814 6458 1728 8028 836 852 1673 3442 7454 2531 9685 10 1173 136 275 8300 8885 9335 7233 3282 1502 9027 5501 3061 9896 5316 2704 2095 9680 
9314 9212 1053 9522 8771 7015 7599 9110 5088 6097 4235 9903 926 7250 3368 1465 4112 1086 1707 8977 7630 6988 5853 7594 1483 3657 3579 3063 8962 2838 3302 1073 50 4060 9857 5281 968 6644 3856 4950 621 8871 7751 9097 8426 9982 7133 2213 6194 2951 5137 4962 8081 2094 787 614 7898 2225 2785 1783 3996 4056 2774 7150 3832 2022 9337 307 8574 3669 7282 8270 7378 7494 5576 6507 1116 8002 3401 1464 5692 5620 1554 6464 5055 5125 6628 2066 6348 3957 6934 7889 7469 4295 6483 3298 1844 6993 1580 2581 
6719 7688 8140 2784 6082 6477 5863 8445 9004 4898 8476 1123 9658 1776 3036 9963 9189 39 9525 176 9355 8061 7286 937 4312 872 7187 2064 8837 6752 5229 6277 5777 6856 7639 4539 5655 1110 7836 2260 4240 6153 6622 7269 6344 8351 6971 4948 7250 6660 9097 1995 4483 5432 770 923 9030 4579 718 1013 8309 6482 909 2934 6979 856 9573 3095 68 3720 1066 4254 1233 9551 9124 5704 3138 5120 1460 7508 5955 8018 9310 6509 246 7688 7023 2147 7833 140 8158 725 5137 7702 4815 1082 5268 6407 4849 6895 
9244 2591 6094 188 1765 8150 5708 7961 7060 7078 3975 5333 3219 3756 9149 8257 3366 2104 2999 4758 1401 4895 6495 5909 4194 8638 4076 3074 8971 6852 2140 5282 4038 3121 7568 810 8425 8703 4140 434 3614 1731 722 8584 9405 7330 3355 6648 3110 2881 4856 5639 8670 2432 6827 4135 7941 7539 7963 2110 6103 4374 4671 1572 1296 2777 6877 7488 5956 7892 5514 8162 5319 9548 4937 1198 5053 6438 5301 6387 6250 3992 1598 3277 7094 2997 6850 7434 5689 2208 8312 718 9238 1059 877 9281 9840 765 2826 3888 
5660 3820 4053 6964 4142 4171 9690 1871 7446 1268 447 3309 8663 8085 2227 5466 1991 7787 1888 5244 2767 6894 7316 4183 8304 2175 9276 6880 702 8523 4078 3730 6168 8355 1847 8220 8816 6776 3954 1778 234 5438 7870 146 2165 6660 9449 4441 1185 109 5545 3236 5002 560 9987 3492 5289 5428 6727 9177 8497 8090 7902 286 242 4643 982 5671 224 7312 5515 6354 328 5239 9339 4700 9973 390 9553 3505 4413 2840 1724 8096 7808 9167 73 3713 115 8546 8726 4900 1923 4944 1125 9757 2853 4639 9595 363 