2766 2592 955 9368 5728 6316 6739 3745 5361 5224 8597 9927 5990 7389 6856 6905 2157 849 764 7428 9272 783 2616 4501 514 5794 5219 4290 2186 2927 5294 9074 9217 1763 732 9690 5925 6567 6390 3320 8025 4316 3286 8855 2431 8855 286 2649 5728 2157 4194 7987 9758 737 9562 9652 919 4243 253 6742 6646 9342 2797 3352 3701 6056 983 8809 6008 6572 8577 2084 2948 581 8925 274 8414 728 7166 5719 7416 674 948 5714 6785 742 3501 7196 4253 7274 3374 9012 4726 2196 3267 3330 5952 5501 5658 684 
870 3580 7693 6705 7441 8195 1739 4767 7374 3931 1879 878 4170 1162 7447 5935 8650 6091 4621 8166 3756 2759 4904 8273 1230 6971 5426 2559 1141 1992 2634 559 2808 5621 9487 1668 1108 8511 7772 9527 1430 6476 901 2959 1758 8683 5051 6219 3582 4883 2576 2354 5992 1572 2221 5445 331 3594 2715 9414 5697 4403 4260 1672 680 5251 3701 7995 5694 8896 1122 8344 6457 9333 6414 6035 2327 1206 9206 5796 1462 413 6177 8834 2778 6150 9739 7381 535 5252 3063 534 1344 3555 7130 7142 2436 897 6700 3044 
1846 7603 713 6366 5742 9728 2766 9079 3405 5189 1051 4734 7712 3875 286 4001 8099 9961 5117 7582 6899 8955 1078 6164 1874 4027 9538 6118 9961 4515 8102 3452 6246 6932 4556 3664 2446 5731 3666 4188 1571 2940 4917 8123 5300 9816 2263 1246 2218 8707 7867 9447 6532 6159 7428 1700 8326 1257 1790 4638 6286 4672 9635 3231 2060 2357 2892 9972 8298 8410 2331 6823 1751 1190 6040 3825 5928 5944 9367 1395 1959 620 6727 6903 6428 3129 2228 6892 2618 3972 9929 7888 1523 2119 9352 315 527 3118 7531 2536 
945 7761 2 7157 8254 9386 1712 7126 9446 1355 4987 652 793 611 369 6330 2128 9835 35 4889 7450 2744 2323 487 7160 7197 6472 533 203 9184 7539 3590 1920 21 8637 8993 6836 9757 6590 8474 4847 9104 7596 394 5087 2468 1702 3329 2903 7991 7173 4470 4276 9363 6207 6460 9680 5517 5296 4191 2351 5000 15 4982 2360 9650 463 6461 101 5386 1169 3245 9373 168 4098 3866 6216 605 4947 2766 1390 8514 2144 4040 9693 2590 1727 733 6085 3408 9552 2045 462 2947 5513 2308 3364 4772 1825 5957 
2100 1976 6601 2724 1375 4151 6010 1050 1241 1513 9896 2205 6978 3075 1267 4910 4373 7447 5386 5869 9140 3606 9391 3508 12 5361 3659 8597 8352 8851 7334 3893 8510 8434 8474 2141 4238 8216 2766 2592 6877 2486 9415 3149 9147 9858 8193 2420 2887 2591 1293 9468 8964 8657 3127 4503 3872 9614 3889 1517 379 4540 8515 8496 3643 3861 4599 8621 7834 530 9964 9659 6283 8068 7171 2799 6734 7126 2676 7411 6101 6422 6461 3863 4288 3797 3583 4798 2214 3266 7545 1368 5791 5663 130 5497 3994 7427 250 1846 
1923 4395 2468 4697 7473 7664 1375 1527 4083 6814 2649 4729 4493 5728 7743 2157 8759 7987 8052 6807 5525 6265 6795 9082 4764 4238 9121 4260 1459 8166 2212 6032 8553 7716 1258 5361 6914 2138 6478 4551 3905 4626 3037 3719 6155 9460 2411 4538 2888 5177 8421 9992 9162 3927 2840 9304 9815 302 5917 6808 8325 2007 1999 6293 860 6572 9914 5570 5872 177 6153 6915 5068 983 3505 5951 4580 9943 8346 8524 3336 2025 7832 7554 1280 2216 8241 1016 445 261 1752 3984 2225 1966 6573 5115 7783 4700 1908 7372 
7587 6838 6346 8973 3367 6450 6529 3181 362 6090 7065 1868 2269 1999 1709 5394 9554 8026 5830 7381 5363 4779 2162 8735 6443 6852 6463 3083 8209 9918 6587 8271 8882 3301 185 4800 4346 5388 9413 4410 2079 3772 8600 6764 1256 3234 4930 6891 6525 9834 5441 9785 7148 6246 3641 8067 6096 7404 4978 1763 1082 5226 3822 8858 1658 3800 172 3807 6833 8121 7927 9692 3591 8514 4059 3098 8069 5681 4432 8849 8301 3010 3035 6847 1849 1676 1146 4245 7780 8415 4726 5373 5594 7976 7179 9067 7465 2422 5849 8658 
1062 6787 379 8780 865 7975 8589 397 7144 6689 6697 6106 6205 3374 9470 7779 2868 7634 6260 4402 4070 1778 4450 9838 215 2368 6354 352 5616 7662 5704 9631 4649 3182 5473 6635 9777 116 4480 8730 2278 7541 5203 9967 2673 8699 1253 698 2208 4458 3950 2765 4207 3142 8089 2915 1229 5138 5571 7909 1562 2514 885 1907 3398 3047 3908 7626 6195 9596 4631 8878 6358 8706 5429 9944 8406 7903 7569 5257 9400 2110 9160 5406 8987 5380 2170 3329 9958 980 6092 1645 1220 2681 1509 1587 9340 3937 5852 4981 
1363 492 2847 5625 4962 7546 2079 2368 1162 808 7793 6490 4908 3952 8652 3659 8352 1375 4867 3190 7395 1949 8290 8301 3839 1781 5625 6844 3852 9642 8435 7196 7694 9512 490 6904 3628 320 1248 1356 5410 9843 1539 1112 622 326 6461 3863 3797 4798 5491 5791 4843 9811 3883 2605 643 3032 5155 8284 7135 8855 8243 8904 1232 6097 5734 3693 2570 2464 7239 7882 8762 6044 3917 3499 2726 9444 6148 6518 982 1547 7560 7509 4468 9023 2270 7494 189 8437 3014 2293 4196 1330 1690 1749 352 1907 9477 6420 
9241 5350 4857 9986 8364 9095 7244 5708 7340 5098 3199 7199 2200 9106 4935 4176 515 171 551 1610 2986 4139 3987 7130 242 7523 8690 4919 5625 7260 5743 6729 6594 482 5044 7985 4250 8808 7837 2054 3451 6423 1171 2020 9096 9957 5122 8035 2998 7752 7277 6763 3006 3433 1269 9460 2789 5801 1621 972 6379 6292 4406 7385 6487 358 688 8714 8060 465 635 6617 1297 978 7002 1204 9851 2683 1077 9632 9033 2979 3674 6294 9649 5346 5196 6550 3957 9455 3141 1871 8996 4922 1240 3143 6358 7243 8471 1066 
4472 6043 621 8835 5783 8638 5399 8248 9830 8765 3079 2002 6970 2705 125 7890 6351 2913 3173 2628 9315 2572 8784 3010 4073 7211 3589 5434 9529 3525 3181 4467 276 7132 23 4801 6934 1090 6397 5914 3421 1599 7628 7988 105 841 3583 3426 48 556 6152 4863 3180 5288 6093 5582 8773 2535 8166 6657 580 1382 8390 3823 3066 1650 1226 8152 898 9611 7139 4920 4203 1059 6243 4999 7021 1714 7482 9546 5985 4397 6420 9648 6350 1386 6271 4178 7465 8991 7014 6093 7067 2855 6334 3605 2820 161 9809 8985 
7435 2814 3344 4176 2242 9969 4563 8303 4849 1119 8783 868 801 1737 6202 7957 1666 9277 519 9343 6357 7963 7670 5358 2402 3556 9108 5873 4516 529 5448 8225 5178 1914 5200 9650 4882 309 3509 4381 4887 3685 1086 8589 3379 2194 4301 4333 3548 3930 2334 183 3573 8386 15 3182 9435 7795 989 2690 4409 6798 3622 8793 5966 3754 5777 9738 9910 350 6340 1063 8156 3381 8248 9600 5789 9707 886 5125 1076 5836 1828 2862 1122 8721 3694 4149 8214 8056 9121 5068 2451 6814 4183 6042 6836 9897 147 976 
1267 3081 4114 8622 3736 2455 302 2955 930 4267 7348 8355 9321 8708 2951 2760 3925 4476 6979 3325 8385 954 2971 4005 8326 6406 9653 4898 9063 892 3224 588 6789 6001 4327 9970 7475 931 9953 2865 4307 6382 726 7658 3222 5442 8715 993 797 1270 2840 4918 3528 5322 4037 1382 1301 288 8720 4470 964 1644 6181 9704 445 9595 4374 1658 8258 9507 912 1767 2067 9502 2026 5674 49 2261 8821 2009 9976 2865 312 1608 2882 9618 3621 2513 38 6238 2576 4447 4990 3520 3497 5310 1139 1920 9057 4529 
2966 8914 3641 7445 4884 8580 1066 3896 3176 337 6525 198 7893 9919 3932 1370 2968 951 5769 8396 7014 8991 6613 1387 1150 2020 9505 5097 4492 7476 6448 9780 643 2737 6052 1664 417 666 4404 6724 1136 561 987 5006 3415 5364 6030 2334 4351 4118 4798 1861 5602 7086 7562 5965 7765 1956 5713 1757 1384 5897 9574 4432 1041 4373 96 1669 2793 7021 7307 9820 1010 1613 7550 880 6404 6039 7019 5562 9831 1357 3724 2843 6718 1005 7401 3699 4333 1195 8634 3073 9256 6638 9357 9761 5205 8811 4590 7578 
9391 6767 3658 6697 5337 1210 7822 9107 1249 5622 4091 2664 7544 768 4159 5274 7554 5554 579 50 6110 7220 4761 9406 9966 7520 1676 3585 1935 9835 608 6146 2449 9126 979 8893 1472 2258 6577 7450 450 8270 8502 1514 9094 1322 9573 8184 6936 4788 1216 6081 3209 9976 4707 6864 7164 7643 4370 1655 4088 7764 5165 2045 4886 3954 1896 8350 7334 6906 7129 3567 6206 6165 3791 2067 2920 9104 6481 353 3881 6357 7805 6223 7978 3403 6294 8536 5250 1699 8055 1852 7179 7652 9587 776 6992 6798 8633 8802 
7663 4413 4477 2269 7824 3063 974 1696 7415 5648 7630 1044 4763 8850 644 6372 1772 8151 342 5101 6908 6935 6017 1698 3154 8868 4411 3413 3519 5827 164 425 7303 6925 8967 3062 6151 9874 5386 8569 3943 5162 9432 2465 2357 5635 8042 3424 4291 9575 5328 801 2924 8656 4781 421 9309 9261 9994 7058 9234 8317 5008 8124 675 7754 1238 7832 9125 1313 1904 8432 7667 181 1938 1510 7230 2643 8678 8191 1461 1632 7613 3397 2196 5136 8773 6758 4745 1509 7465 616 5107 4738 1700 9810 5238 1613 2801 272 
3600 4585 9549 2710 2238 948 1589 1143 4814 663 5274 1446 996 2651 7089 7229 2194 784 1769 265 2912 8711 8511 6439 5073 7017 2973 9485 5751 8133 5341 6999 6423 5666 9829 6397 4145 7987 2636 202 9853 2182 1592 3258 3506 9305 2702 4786 1025 1487 4603 2335 3377 5451 6553 6429 5439 1290 7931 3052 1432 6032 2326 236 5591 9371 5597 2412 4262 9968 4539 6894 206 2149 7657 9200 2498 4104 4496 2336 8118 3625 492 5851 2808 6807 3604 7972 7048 4282 4064 4436 6954 2753 9546 171 8188 6502 8731 7834 