9291 9766 6709 3635 489 1734 9494 4067 1716 1634 6480 6289 2447 3660 125 2511 505 9862 5726 7360 6482 8929 2072 6472 514 9823 7497 2662 2017 3638 8856 2066 2259 5398 1646 5593 5820 3003 2267 6868 1159 6211 9877 8725 463 9796 1136 3815 2062 3122 1951 4514 3778 3450 3197 2624 3660 2480 505 5462 8049 3840 3849 7384 8929 6472 5330 3616 9823 9605 8541 9806 7189 3936 8904 5650 1382 5004 816 8292 5534 7481 1417 2305 3688 3324 7225 1321 5661 7404 1935 4173 3488 8639 546 8059 6634 817 4136 9554 
2648 390 6772 5268 1076 4681 9007 8492 3345 9032 6547 4215 6748 886 2949 1876 2910 5585 4426 6444 3683 9224 7594 3026 3985 7747 5140 7962 6178 4135 1008 3503 675 9297 3030 7982 6940 6608 9160 3573 1661 2693 4718 7039 8925 8445 1333 8390 3103 785 4082 3521 713 6875 3406 979 1159 9604 1077 6214 7003 6998 1789 585 9532 4493 5299 8035 3847 7000 1770 4603 4864 9216 5275 7971 921 9779 7839 9759 7124 8866 4435 7507 7081 2793 7058 9740 5511 1350 9408 2275 1632 5205 5677 2033 4171 5393 5355 9941 
8362 2516 2082 8145 5836 9241 5285 5714 2782 452 5356 9672 5092 3189 3374 7351 8714 1891 6998 4922 75 6280 9917 3358 3207 2721 1063 9784 6965 9327 4249 1078 3608 4926 5813 9856 1883 5178 8496 8844 9592 4209 7817 9046 324 2648 2946 6727 3423 2818 8916 4812 1582 5705 7339 7882 8779 5845 7788 1307 7921 2415 8566 369 6026 3952 2144 6184 8381 6065 4172 4262 7421 2907 4231 2202 4942 3754 7465 6330 2145 9192 5231 7873 1238 1676 5425 8872 4033 5129 9021 2768 2589 4169 6672 8331 5921 9044 5055 9848 
5277 7199 4635 9 525 8319 1343 804 3637 1199 4128 2728 779 1304 8668 442 8158 4980 7317 7413 2225 3783 3338 3830 784 8618 2564 6388 8006 4172 6290 1839 2277 9020 3860 2331 7140 9964 6486 5642 3635 6441 7387 6992 1605 340 5561 6946 7442 9047 7861 9706 1375 7567 3886 9840 9910 5401 3672 9299 6668 9944 8705 7155 8977 7182 2946 59 3090 1045 4698 8895 6829 2455 572 9023 5401 399 5401 2450 2584 4391 4110 2326 7427 769 5705 7735 6537 1652 3305 3405 56 5089 2296 3424 4872 7512 8808 8063 
2629 8873 404 3265 1220 2105 3435 9332 8253 4556 1629 5228 8164 53 1571 2940 707 1216 5300 8068 1246 2218 2355 1886 296 5213 525 8728 5931 3920 7677 6286 4672 7064 5794 9972 1263 7071 8185 6823 4576 1495 563 6040 6673 5088 1552 8779 1206 3409 9476 5552 7876 3580 9621 7972 6893 8797 8868 788 8498 4759 2468 9455 9701 3498 6472 4838 5016 3187 1426 3022 8728 3002 1049 294 8670 2793 7864 8585 643 2415 223 3641 3423 5023 2895 1055 7182 4272 9032 6462 4901 8240 3721 704 6482 2451 3049 9933 
3533 4265 9834 4752 8678 8030 1509 236 6463 431 3856 6975 1826 6668 4119 2635 9075 8421 9021 7653 610 4062 7039 3381 4042 7070 501 5613 5257 1770 6991 1853 7205 6919 1608 8683 2280 3104 5570 5192 1361 2688 5910 7596 330 1218 6922 9654 1698 4493 8090 7305 7489 5525 5812 1929 7461 5095 2190 3390 1534 26 9278 9146 7340 4257 3508 1550 3552 5839 7503 7259 2356 8438 2163 788 3739 2358 5541 2066 2765 9628 3015 3105 6994 6957 548 7291 1272 8157 432 319 754 7381 2248 1317 6271 4428 8051 7719 
7933 6024 7404 3957 3245 9397 4190 9577 8758 1759 3780 1315 5680 6464 9368 5296 1160 6536 1738 7106 3482 4221 8071 5532 7356 3565 9667 7515 5345 7328 5510 7906 9079 6697 9477 6954 4862 5980 8948 7486 8644 7562 559 3119 8607 7633 1694 3470 7125 3800 9000 7016 8492 4761 3626 2955 248 6614 2370 3330 7397 8630 4221 368 3323 2284 8345 2533 9293 2299 6587 7347 8046 2359 4816 6470 3509 9989 5791 1697 6521 8821 6688 8049 387 6969 2808 6037 5164 8791 3899 407 6808 2243 9834 776 6440 7298 6604 498 
2907 6767 1756 1043 8568 9605 4999 7148 28 1237 2498 2366 7687 4979 9978 1914 8514 2920 3540 4032 3314 4992 1466 788 2078 7685 2670 7884 7401 1457 7611 3847 7297 1761 6420 5677 3862 7558 7087 1588 5655 2825 6064 2458 6518 9249 9038 6444 1882 8620 1544 8397 8533 5506 4922 8931 6382 4006 8156 8745 9028 133 1496 9269 4108 8931 3686 3045 9668 5338 9774 2729 2265 6363 1292 9640 3905 7230 6384 9511 8301 4834 192 5910 5265 3634 533 9720 1022 6974 5654 2019 662 854 9836 1375 4162 6783 2664 2384 
8534 1125 1788 7645 3834 5932 1650 3301 4871 7708 3721 3473 9212 8226 8412 707 2822 3413 9090 4125 1021 1108 5832 6406 712 3346 8625 4665 6155 1525 2808 265 1885 4109 7436 7695 5448 1855 6676 1615 5744 758 455 4395 4814 2757 5405 6879 2634 4463 3812 693 438 558 274 5122 8254 5076 2096 8411 2245 2147 3734 7679 1922 4112 2386 1433 9271 1792 6144 6782 1698 8994 9984 7023 1440 6220 954 4147 1511 9573 3699 3395 5479 7585 2419 3327 850 9249 2792 7974 9770 737 2207 9021 416 329 6816 6613 
5097 4046 8721 2639 8768 194 9780 5998 993 8676 594 4126 6081 8404 2381 7728 2912 4060 9711 1650 5825 6674 944 2742 1684 2691 2583 169 5100 284 527 1018 9707 9355 2989 1113 1351 3313 1954 5061 1120 3082 9520 3135 8689 8520 6860 8965 8631 7381 6266 8137 3306 6288 3456 2363 5620 8484 4063 9357 9893 5955 5109 9479 7429 6946 7201 7346 3690 7889 1670 4910 3759 4258 8154 9039 799 6679 9936 3414 2209 1325 2678 4494 5539 5912 1508 8561 5722 7870 2462 2845 3036 3978 7686 3910 2882 3963 1805 6393 
6196 5009 7359 8897 8196 2981 125 8599 5955 4522 9388 9950 2742 7823 4537 945 9714 8704 8293 1931 239 2550 2166 3456 3928 8052 6714 2664 4927 1407 1914 8163 3204 8975 4720 3786 6370 6251 3063 7724 4544 2031 6481 4778 7260 8761 3923 8296 930 941 582 2955 6034 2890 7348 2177 3057 2698 6511 7984 6267 481 6185 7336 7986 174 7483 499 5632 3749 6966 5972 2552 9839 715 5287 6387 552 9240 2426 9494 9262 6243 1350 1088 1550 26 579 7235 669 9211 9551 3451 3592 327 5057 2019 1352 827 2714 
6880 4419 2025 9432 7263 5169 3288 3129 1785 4893 1010 9793 8661 8632 9459 867 3676 4445 3807 9985 8428 2480 1687 2859 5310 8585 1382 4352 778 9206 7411 5450 5083 9015 811 2868 9012 4378 455 852 5875 225 878 8714 9444 9736 4435 6561 554 6927 1565 9185 8474 7722 5911 339 8215 4347 1184 6669 8444 4617 3215 1894 9502 201 8610 6166 4556 9570 3110 439 3889 9162 5623 5032 7409 6643 8454 1242 8092 2000 9551 9537 705 2529 2049 9091 8286 3228 513 6087 6169 2538 4178 9566 4523 2068 5536 3396 
3896 8393 8868 1773 6816 2563 9065 1603 1098 1965 6215 9181 2878 371 3206 3428 8771 9803 3153 603 6223 2568 8541 4873 9787 4184 8060 505 7176 4049 5124 4481 809 2808 2793 3594 9782 2981 1184 5368 5283 1830 1129 2393 2752 6568 476 5931 2762 1731 3843 7097 5255 3119 9531 8237 3881 2238 8841 8963 5548 2891 285 3464 7872 447 2330 2757 6841 3550 8340 162 8763 2373 4027 6473 2109 7691 7051 5479 8481 810 4413 1560 6838 4987 3095 1841 1006 6594 5387 3237 1918 9567 8885 4027 9090 70 2354 3923 
912 6165 3225 3645 357 4785 1407 4502 4230 2478 5969 1449 748 1889 334 1127 5499 941 7290 3616 4864 5395 5777 1560 6358 5774 8269 5754 5255 3999 9328 7970 551 8792 4291 4943 8559 2364 8578 8249 4011 3935 9495 5386 1592 1895 389 362 4460 806 9323 3085 2683 212 1792 9454 7189 2011 5504 5678 396 3345 8109 551 2834 5472 2110 142 9652 2172 214 6962 7522 9704 6313 4388 8712 2804 9386 682 1243 4024 6596 3354 6035 9042 2601 1940 9563 1312 2362 4260 7642 9624 7439 7162 2954 6763 4798 4329 
5049 2958 9005 3983 8616 2623 2929 5883 509 2484 5307 198 4213 417 188 572 9313 3511 7116 6459 8019 4343 8672 3438 9849 1138 5298 5050 7360 5100 5436 9552 620 226 9064 2468 7621 6432 399 697 9536 6612 6724 4802 3448 4616 8110 574 5923 1914 7207 5626 6930 678 2181 114 6885 8398 161 7805 388 3005 9110 5126 8887 4642 7118 7338 4363 6601 9883 8177 2620 6 8427 4762 8237 8941 5176 217 1679 9750 7670 9280 2467 2786 7565 2150 5050 2362 9750 5202 2062 3111 9926 3843 2557 7449 9091 6163 
5191 1772 8110 5893 4214 6044 8675 8715 3167 941 239 5778 3824 7731 3356 1695 9717 4495 4133 4988 4501 8885 9015 6222 402 7238 5975 7517 3184 9819 8013 3349 458 5506 8209 2241 1496 9651 7685 3444 9474 5472 4214 9217 3350 2258 8338 7472 3287 3414 6337 99 3157 3054 2352 2775 4611 8114 9979 7048 5353 3653 7139 6216 7385 786 8440 2568 4166 169 6673 9222 3721 2920 926 3693 3819 4814 9532 6278 3895 5019 445 9261 2854 2195 6757 7840 3370 764 296 5506 196 8367 2513 8675 6731 3677 1555 5794 
2612 6787 4845 8013 9668 1726 9097 4933 8412 2545 8691 9214 1799 6294 4857 5297 6994 2224 1034 1723 2120 3887 5636 1995 8725 1563 6325 1940 4394 8093 8802 5200 2236 5974 702 814 1331 8159 8483 8838 7783 7834 7777 7563 960 5444 4945 8504 9494 6826 7843 6600 5186 3680 7061 101 7580 5035 5592 4007 3171 7550 8386 502 9059 9834 7100 2884 1448 6816 9229 4821 9731 2199 2205 4694 3080 1185 4164 9692 8871 8223 4306 4455 1933 423 2632 4629 2179 7594 7630 9904 5311 123 5534 4072 3822 2353 7614 3660 