1296 110 2974 4570 557 4716 2586 6412 2914 9460 3767 3727 8075 7192 2244 2285 5223 7853 7691 1473 9588 1086 973 6543 9869 8678 8964 3697 8383 2734 1409 984 7665 1606 1719 8282 9353 6720 5271 5133 5266 621 171 4051 8456 5275 4316 8432 6254 9775 7266 1753 32 654 2696 1345 7586 2932 3608 5697 5454 9318 8968 945 1321 3169 6766 473 8110 6948 2808 1105 6221 7037 6602 1741 869 5798 9120 7700 3163 4916 2745 4439 8284 5113 8288 2613 8129 413 7311 9647 1308 6712 5741 7543 953 2262 8247 1340 
7336 7706 430 4600 8568 131 3138 7380 9561 1622 2798 8818 213 7580 9805 6564 2254 406 3537 1106 2894 1809 144 1553 5853 840 3149 1054 4804 6201 9480 4942 8001 4841 1904 9898 5573 3453 1627 6806 375 7889 3684 5406 3021 9207 8152 1887 603 6652 2547 2554 4503 6394 9399 8958 4643 3339 9831 1675 6535 9844 6998 7012 8140 1315 7291 8997 4472 9701 4550 5305 4586 2554 5547 3391 3291 8993 4776 1852 9006 8169 4241 165 6725 8624 2167 953 1911 7487 5123 4916 5849 6091 471 6556 8064 9546 3998 2431 
5263 1683 6043 8244 8700 458 347 5402 2859 8016 1262 8737 8358 4751 9849 3054 2301 6360 2201 7043 8146 4941 3753 7885 269 7106 8848 1832 596 3129 3320 8528 8828 5670 7811 9915 7466 6699 2020 4617 2602 5270 304 6465 7985 9212 1043 5497 2074 4498 736 392 2734 1264 8240 4971 7099 9868 3139 7709 6783 4216 5668 3201 6793 7732 65 8071 558 8565 3683 67 542 7089 4833 2054 4943 2488 4247 9599 169 3258 6118 1739 1781 9680 6244 5428 6707 7065 5819 1893 8379 6796 9194 9398 9461 9928 527 5305 
9057 8456 8470 4341 2835 7068 5948 250 687 6235 870 5089 9836 4601 1956 5208 8896 8610 4330 9340 7509 6673 9619 9255 450 927 8311 4776 9804 1376 9101 3303 7135 5214 3246 6823 69 7128 3735 9098 1955 7090 2283 7767 3697 9574 8233 235 3645 8617 939 5165 9695 9966 9918 9794 8986 6762 6206 238 2927 5894 3824 9114 8599 6617 4252 6155 9632 5550 7573 7842 9676 8030 8858 2901 7433 9532 7022 472 9373 840 9311 9518 9720 3792 3948 4295 8331 7592 1944 6903 8843 3583 2214 8519 5497 4395 4697 7664 
5110 6814 2649 4493 7743 8090 9214 7489 8052 8538 4471 5998 8897 6989 9278 7368 1563 9615 5285 3552 8499 1886 3577 6510 5749 9406 4637 939 2765 1301 7260 2044 1426 956 9124 4232 1802 7450 8901 9473 377 8129 1516 5128 9072 270 3387 4173 1982 5381 328 7397 1112 7347 9109 647 2383 574 1760 8781 8354 7110 1613 8404 6653 1323 2673 1027 2279 3360 4287 8290 6231 494 1164 8835 2258 7034 7335 6064 9111 5800 4974 9328 9121 6749 3264 1580 1456 7313 4651 9006 7121 2120 2544 1507 1822 7346 8571 3969 
2025 5690 1254 4059 8982 9972 4498 571 6918 7648 1691 296 3140 4951 3834 2291 5903 6683 4552 8726 9108 5034 2379 9415 8546 9385 4590 3452 5236 5472 5748 3435 9530 1541 4849 7278 2 5766 4888 1516 5097 4777 348 4155 2626 9094 1171 3788 6593 3359 4055 9027 9834 1038 740 2945 2343 4008 6565 6979 3725 3904 9942 969 3881 2206 7919 6485 3353 5465 4943 7985 3211 8591 2624 892 769 714 6675 3510 231 6590 94 800 601 3607 9419 3851 6768 3576 8778 7104 2018 7128 6239 5658 5492 8612 9558 3240 
1204 8938 8574 7862 956 1195 8176 2906 7355 600 8169 9251 7033 571 6352 7829 1698 2298 9862 738 7945 4978 7301 7028 5175 9597 1374 6619 8977 6148 9324 7228 9067 5607 5454 13 8597 9475 5224 9597 6125 7419 6654 6055 6384 6284 175 7338 6090 3316 6898 431 3893 1800 7735 8943 7786 6949 4830 147 5017 8416 2762 7225 84 7683 3709 170 7117 6145 7466 7798 6155 399 8546 2737 3235 2946 1213 5649 8701 5192 8039 9136 1539 5465 9740 4730 1876 526 7184 9247 9002 784 2514 447 5352 2215 9230 6023 
3110 7102 2201 9862 2838 4372 8547 1712 3358 2804 4130 6317 3730 781 3194 5794 3643 6620 7757 1670 3586 5229 134 6730 6262 5728 1702 101 9057 2306 5456 2112 6688 3592 7658 4871 4018 8975 963 7551 9957 6718 7432 8323 5043 2666 1314 4934 4381 6475 4888 6705 8551 3803 4186 1362 5865 7153 6418 3356 7261 6862 2815 1582 2425 8800 3718 1708 5302 8463 9351 7873 9212 5880 4023 2878 5681 7558 7879 2832 5305 5651 7502 3841 7820 2767 4029 3814 5591 8054 9630 9305 8830 7788 7921 7289 2415 5327 6089 3971 
7325 2507 4138 2858 1424 6378 2651 4172 6613 8551 3803 9939 6769 2889 1286 3876 7315 8443 8763 9860 3225 9553 9237 919 2777 6581 3937 4710 5852 6654 1781 6384 4026 6932 6284 7649 2136 6065 5253 4406 6957 7487 1499 9189 3184 773 3410 4169 319 3059 2248 839 3800 3425 7826 550 7217 4137 6616 7719 8522 8369 681 182 1075 6858 4684 990 8631 6991 620 7569 447 933 6023 2488 7179 3189 3110 8903 6122 5469 6652 3654 3317 6593 7895 4372 2651 6613 4262 8321 9870 8082 2308 8027 9913 4695 2854 981 
4624 5580 8074 6329 7651 8571 1065 5277 7585 4576 2714 3697 2598 4963 9186 3637 3956 3744 3804 1930 4713 9815 6368 8416 6012 4066 3778 8546 6860 3235 4446 6202 6519 8577 9398 635 9431 3484 3883 5906 6242 3259 9523 2018 142 9708 1603 424 8502 9804 3309 6532 3590 647 881 2730 9782 8398 3741 3099 8254 2976 6322 6222 772 1814 4735 8258 3784 7994 2897 3240 9004 3280 7521 577 8514 1601 9484 2134 2590 1727 7943 6453 5567 3827 2342 1864 4177 6550 8403 6800 4453 6758 9201 3883 9523 6873 4133 9494 
3265 1969 7960 472 6040 4451 5086 3609 5126 2798 6492 7543 7037 8159 3565 1372 7509 4002 5548 8937 9719 1482 2786 2653 9528 1356 6212 3597 6464 4953 9342 6181 3924 7894 8606 5363 1617 8822 2356 7641 2163 6344 7986 8170 6055 1733 6384 2765 4026 9628 3425 655 2136 820 8796 4511 2929 9557 6495 1980 8413 2849 324 8889 1528 9024 3939 1216 7388 6302 2741 9017 8337 7279 3196 9667 5765 3698 6868 8537 6923 1761 924 3104 8391 1701 9542 3915 3257 7805 9183 6948 5303 4080 4511 9436 953 8960 4893 6622 
3288 4373 6023 5003 1852 9278 3115 9036 2125 8968 169 6825 4817 109 7464 3947 6396 7266 5364 8885 6912 546 360 7485 2430 720 1858 983 4653 8185 6256 3525 6593 6304 9740 7489 5525 5812 5998 1929 6247 5095 2190 1534 9728 7949 4778 9413 2617 599 3769 6668 6073 2199 3308 7182 4264 1840 2217 2749 3931 3928 2630 1494 3905 6696 1649 132 2783 5790 4737 810 5693 1149 2882 2518 4057 3 9413 6775 5244 5353 9858 8933 1220 8304 7766 3635 7404 1764 5603 1690 2336 4418 8390 9752 5685 6707 2066 5327 
6038 3109 625 1376 2533 7419 4627 3084 1778 7418 597 521 1313 8618 3944 6886 245 7077 3839 6092 9023 1744 456 8925 2043 1710 6515 3380 3698 8015 7407 3639 5682 5021 6878 1417 1467 8595 1815 2531 4961 4937 6972 1824 9861 7698 9098 4045 7829 6712 1674 7618 2351 5557 7756 9421 7799 7358 6215 2647 3016 2754 2711 8306 8911 7613 1926 1611 2596 3617 2530 6281 1719 1883 9619 9250 2246 5141 6300 1922 180 5399 4208 5821 737 2969 1076 3515 7292 875 388 2078 8904 2053 7625 2872 9367 371 5254 226 
9511 1258 2018 5936 8263 8067 8593 7134 3508 1550 5074 4091 564 1921 5398 4112 3060 9801 8120 1486 5882 8181 5609 8279 3065 8316 7563 8408 8027 4445 1067 6475 5181 4238 8355 7215 4754 4474 1005 6608 3324 8909 8920 8367 7733 1418 5557 9217 2685 8338 363 3338 4112 4763 8242 5021 2822 913 9357 6788 9544 7230 1384 7895 6548 5743 1162 6524 1641 5793 8619 6994 9128 789 8646 4206 1316 7450 8173 3939 9817 937 813 5746 7704 3059 759 4493 1766 1014 831 9777 5499 373 2477 9296 4647 1487 6552 556 
5751 2685 1582 13 3711 5975 8856 5841 6461 3583 2214 5491 5791 130 3994 1846 7473 286 6814 1788 5728 7743 9788 8052 5525 6265 5998 3415 7892 5569 6422 9344 3781 7894 2604 7002 4608 6733 463 2549 6909 1207 5148 7816 2066 9998 3568 2874 7838 1461 7170 7193 4361 7121 5953 3086 2597 1119 1747 3971 9823 7102 7842 2979 5576 3447 9254 2626 8689 2025 808 8200 1857 9497 416 6162 9552 713 6844 3074 8194 7517 9171 8413 4606 7676 7951 975 6973 3896 3807 2979 7106 1067 7710 8685 5635 9236 8517 8500 
6384 9177 5294 5227 6163 8196 6714 3924 3521 1194 6102 2266 4627 2591 7992 8986 911 9423 9198 4953 872 8429 3352 6383 9332 6377 548 1625 2497 8510 5169 9830 9403 2045 8086 5357 2645 2980 5795 2778 4551 2389 6463 2519 2501 7874 2741 1254 9979 4045 2979 2295 318 6697 8872 4703 3202 5610 2648 6278 4257 2948 9200 9322 8504 3207 153 7433 7438 9358 1173 5393 341 9167 3987 9556 6716 6224 2193 745 4159 550 2823 2113 3829 358 6750 8796 8352 6595 5919 7376 3630 3357 3662 1924 779 2693 538 4467 
5153 8064 4186 7187 5463 4138 4273 7552 7904 526 5977 2734 8568 3517 8376 183 838 6156 4005 3538 9955 3643 1024 2817 5620 2327 5869 7507 8136 8169 7687 208 6352 4384 274 6062 2645 5855 3745 8970 1178 5700 6231 6936 9171 2368 2872 5877 1459 8383 7843 688 2652 1141 4628 801 7642 7029 6282 390 5654 3692 2932 6849 8237 1343 120 2131 3383 7019 6280 5736 448 2887 6711 6986 9330 7101 7610 2881 338 4501 546 1546 894 9225 3478 575 4522 4939 3613 4870 4247 5686 3534 3278 6950 2808 1797 4619 
4318 4127 5338 1186 6269 2405 2187 6237 2106 7272 891 6634 3492 9873 1352 3666 6079 4537 2363 6313 5899 7821 1092 405 9508 1159 2470 542 4035 4555 7189 582 1064 7595 1821 3064 5338 9386 9104 5864 1822 6332 2437 7194 5100 6662 4896 793 7380 1250 5874 1512 7096 4607 7404 9644 5099 9255 5255 3984 6321 4129 767 9001 8449 6151 4940 5837 9844 1969 4921 6659 319 1535 9937 727 3863 5957 1502 3083 6607 5165 4236 2928 7001 1651 2032 1951 1506 6446 1117 5853 8758 7839 7329 5189 7333 360 2134 4375 
6019 8844 5198 4933 2045 4701 3001 6715 19 8302 9708 8829 4939 1921 3427 2071 4767 2947 8246 249 5685 4272 8583 7237 7559 5147 3610 1043 9289 9249 3291 5883 2937 9385 3878 5982 1248 5394 3573 5670 4843 2323 791 2006 7624 3477 1622 2982 4038 1722 9669 3294 2716 2050 2505 2268 7149 3533 5010 1063 2437 1314 48 3755 1796 2703 8233 9168 6130 5922 9183 7118 8673 4944 2597 1833 8460 8059 9399 530 1655 3461 5443 3502 902 3251 3333 5494 7324 6767 504 8726 981 1146 2503 8010 5262 4649 2755 2464 
3065 6589 5656 2897 9331 2906 5875 5801 43 5296 5161 2314 5979 8795 1028 8470 163 3874 1743 9529 3623 503 5132 3695 7058 4325 7145 5951 1034 8981 3167 3955 2298 1754 3672 1558 3573 9989 2618 6819 2585 4120 1198 8682 6861 2020 9490 4313 9030 1906 5709 5340 6099 6386 6208 5951 3021 92 9327 3206 5421 7383 2798 5858 7439 6590 6452 2988 3354 5131 9073 1475 7469 4854 6524 8927 3751 270 8925 634 4936 7070 235 6666 3342 4883 4380 5043 9458 4648 8867 7735 3818 8743 5754 5601 4597 8053 2850 243 
145 8992 2989 6234 4076 71 8964 2890 9677 2702 8112 8628 570 6406 5987 6358 8728 4178 1988 8134 3531 5692 3113 7219 2190 677 1650 9527 3855 494 4446 3648 8758 330 6345 7827 3867 8883 1724 3653 8037 6845 8631 8460 9927 2113 3845 2301 2387 3813 4346 812 231 1710 6963 827 7433 8509 8900 7182 5923 3051 2082 7379 9570 6701 9877 9347 4090 7570 9287 7826 2727 7972 4833 8090 4950 6886 609 5166 8890 2698 8090 8860 8589 8450 8363 792 5194 3769 755 8823 4569 2396 7042 2389 8561 6897 5597 2448 
4681 7264 5541 4271 6518 4327 8314 1135 8343 5853 6091 1909 4596 8917 4208 8478 5751 7942 8790 3805 1587 139 368 5410 1704 8960 7616 2663 5066 602 5778 8977 9814 3178 1924 4318 8344 6037 7555 225 2598 5513 2587 3536 6035 6126 7194 614 746 3134 2830 4111 5995 2643 2234 4347 3081 9785 8967 4441 3922 7391 5914 4480 7929 3248 2678 9703 889 7717 7590 2687 9684 5013 5902 1075 7308 6991 6023 1664 776 7032 8841 2808 7952 7516 9277 6543 1732 4048 3576 4080 5011 1976 9809 8679 1866 8409 8895 9291 
4995 5122 5235 6121 2863 2853 7974 694 4411 2671 9374 6048 6490 9425 4124 7141 432 425 8005 4054 3108 5034 2237 7728 3693 2555 9157 6714 4768 2823 7266 6461 5594 9061 7652 8696 2415 1287 1215 3395 7422 5776 4688 9428 5023 4157 6493 1809 5377 561 8606 3456 9148 3131 9128 1216 1528 6307 9420 6083 1071 213 1835 5113 8576 7233 5202 806 8686 9733 4185 9934 9258 567 6203 1441 5850 767 8581 7349 504 1509 3395 3496 5557 7995 3342 6023 3420 2057 1279 2726 9281 9209 4651 1509 266 6289 5753 4666 
4311 2245 5942 7307 1226 5015 9792 9087 2209 6221 6571 702 7368 9337 9333 2673 6690 8042 999 5825 874 507 6244 3951 5749 5254 4280 2324 4345 698 3057 1146 8066 2601 248 1851 3552 1251 7057 7268 7397 4554 8300 1344 5236 2103 1057 1349 5797 2941 2855 6588 3156 9928 3862 9159 6183 7847 5141 773 6919 3361 3661 7418 2715 7719 1263 7933 4056 8744 990 5029 7640 7569 8250 8659 7895 7102 3109 6652 3654 7686 2320 6486 7691 3835 9658 5337 1622 6102 8433 1191 2457 8943 7939 9796 8529 3369 981 4606 
4257 6678 3197 3736 3986 9674 5654 8361 2029 3010 765 6639 6189 319 2458 9198 7560 7118 2524 8260 5326 784 2247 6608 780 5799 3755 4697 286 4083 4359 5728 6767 8759 9788 9214 5998 5095 330 26 9278 3508 9615 8299 897 1599 5110 4493 7404 4218 8858 4567 2686 9503 3807 9692 7807 8817 4059 9082 6098 4734 9964 9659 5218 4485 2175 2799 980 7714 4552 2359 6626 5837 5573 5327 3541 7667 9355 5852 3024 9913 2335 5642 9975 3682 2438 3355 5521 7315 5689 9225 968 4396 8016 4058 9948 4756 7339 6916 
4535 8204 3670 5558 5511 9010 3026 7561 7748 8396 8992 1407 8988 8614 9506 7710 1016 9802 5586 4584 3717 142 3507 5874 5609 9434 4248 1231 4472 4571 6169 4656 1334 6956 5250 869 913 7318 5872 2677 1103 377 4290 997 8589 116 8621 3073 8839 2596 9017 3925 1183 4350 4246 3264 5938 4191 2490 9505 4041 6372 6925 3794 5967 2887 9241 5481 9394 121 5412 5578 2399 3922 2290 3442 3538 6611 9530 1590 750 8200 6986 4286 4210 5435 755 4038 858 7597 8507 2963 3491 8758 1859 1225 4490 1071 2548 1207 
1303 5775 5823 1498 6093 7170 2419 3156 8672 1669 607 4389 2979 8257 1716 8793 2073 5227 2887 4768 9439 5863 2467 5390 9470 4162 757 2465 2009 8946 4293 7850 4623 3917 2433 262 6496 7569 9249 9593 9805 7939 3384 605 4433 7409 414 6489 3176 2930 41 7521 2596 9434 1345 5063 7429 8569 2296 1244 7211 7494 67 9659 8296 7626 153 2111 6920 4789 108 2068 9601 2149 9120 1461 8305 2978 7713 9058 7255 9924 5155 3038 7244 2215 8508 7896 2401 4370 5175 4351 3416 371 9964 6888 8661 1195 3525 4374 
8557 4105 7521 7278 2955 4623 7062 9725 9898 1556 5296 5452 3900 5340 1878 5989 4934 2713 2680 9397 8508 7570 6510 86 7470 6197 3871 3200 9938 7705 3090 2527 9245 4493 3109 5823 1376 3951 7334 9573 8434 7537 1960 4238 5072 4684 6825 2420 6988 2591 9468 8964 2881 3635 4983 190 7485 306 7016 9184 8167 9947 8334 1672 9082 5550 1653 5822 3528 9659 4485 2175 7171 2799 980 7714 8406 7126 4821 6474 5760 939 2449 5144 1813 9603 2466 40 7032 9277 6543 3576 5011 8390 1470 3577 284 1087 1902 2066 
5327 9998 4959 1190 3365 8236 1551 6185 279 664 7212 6719 2664 8030 4269 2901 1316 7687 6092 474 8510 6975 8782 5769 75 4229 5506 3695 1989 1214 8309 5484 1997 1378 950 3057 1555 7070 4251 416 604 1193 5934 6525 2303 5648 1795 3558 5653 2788 1057 9288 1083 5794 6954 5401 7951 9722 9636 3325 9552 4260 3102 4729 7317 375 4878 901 1800 393 3597 4597 2619 7216 6076 573 1428 3368 95 1855 7446 2226 5624 7157 329 8347 8499 7529 2537 5162 2608 9743 5134 9665 8496 6601 4664 5825 2334 830 
2441 4093 3248 5382 2158 2366 492 2669 6384 7475 3640 6738 951 2000 6185 4629 8302 8474 529 5435 5161 5731 5733 7167 4519 6386 7029 3965 1647 9577 1885 7608 800 5796 8620 9491 6248 8716 9469 9803 3712 7284 6084 9374 8882 9443 51 784 9109 1703 135 9017 3568 9696 5179 245 4129 8857 2042 9826 7827 6503 3427 4915 1728 5296 1530 8233 8646 2304 4762 307 9905 3825 7903 8944 9898 1462 7252 7114 9530 8969 4252 1305 496 5622 7157 4510 7809 8597 3744 6018 2474 3524 5831 153 586 1853 63 906 
7028 5936 1884 6291 2151 2110 6410 8917 1882 1489 3292 2243 3535 1939 5845 9306 8589 4504 4919 8832 6011 2779 3062 9583 2112 6524 2826 226 8419 8110 5188 595 9076 1442 8685 4348 4003 9737 4021 1797 8497 1080 4890 4556 7493 2676 6438 3286 3212 8984 6233 1664 2527 3008 5212 3045 3356 3161 7432 4038 1963 5165 7 3502 5953 7265 3866 6602 8028 2965 726 9308 4721 6709 933 7179 3189 1580 9616 2838 63 4542 3109 4330 5469 8474 4714 6452 6536 2222 9989 5446 8868 1188 5966 1087 2352 6673 1574 7869 
4598 2372 9069 5706 6401 7339 3643 2300 7109 2472 2228 99 6156 6133 6266 7256 8024 3571 9197 8946 1110 7754 5165 6930 3292 9213 4756 2826 4669 2916 1211 1297 387 8450 7671 796 1390 9927 9664 2867 1205 1473 8712 7762 6789 247 5489 2723 5743 9089 2298 6480 6197 2091 359 1739 8347 7437 5004 354 5069 3985 5346 2062 4984 1867 4229 7084 9473 5949 4809 28 383 2607 2160 0 5649 9860 7246 5727 4750 8524 2987 8516 5409 4493 5593 1253 2676 5370 9518 4102 8589 1021 4252 5453 9170 7658 4511 1167 
5424 1334 8691 6524 3612 7451 2010 6914 8908 1490 8165 9330 6411 8806 3147 8788 3410 4984 7233 6529 6420 3665 8397 5302 5803 8798 34 9426 5215 2476 785 5030 6741 8992 7883 5897 865 9433 4233 5109 9686 6531 3283 4528 9785 5054 8259 6904 7255 3207 5351 3772 5635 3334 191 594 4106 1784 3369 5424 8543 9924 3851 5204 4419 5680 1380 5486 2577 9474 9457 2079 1519 454 3190 3071 5702 6408 8993 3493 7095 229 9626 581 1918 7347 5956 6898 9169 7200 6905 7598 6789 1110 3574 8097 1064 7541 8869 5494 
3712 4180 6508 9635 4348 1572 772 4888 6801 89 9590 1175 2615 8284 1922 3705 578 7239 6044 1202 6467 421 5994 8581 7400 7255 8351 7276 8641 2436 6892 7347 2172 2646 5468 6812 4159 9273 2669 2544 2158 3401 5307 247 7030 660 2572 3725 2515 7925 906 5500 2186 2125 1553 928 6250 3774 2023 7098 6325 4524 1111 2344 7460 1258 4611 1545 1468 4980 8349 2334 2962 7354 6045 6160 8705 1551 9176 7657 3062 9056 9720 6049 8774 7760 5623 4614 9455 6315 9544 8896 4042 1783 7406 7558 7330 4533 4773 9721 