9355 7596 225 3588 3636 5411 4818 389 1828 1372 2335 8478 1785 963 5004 9746 5376 3682 1188 9937 7183 9177 9775 360 4107 5885 6988 2574 75 1263 5067 348 9410 4360 6820 7945 2155 2052 1175 3413 5407 8469 9938 3677 4530 5949 6216 7775 1951 2260 9007 2232 1152 4916 5512 1411 4099 7837 5624 3909 7204 2123 1280 1016 2806 445 9775 1752 9806 3523 3984 5642 4603 8348 6436 250 1977 8722 7011 5770 5840 4041 465 5862 2708 6176 8860 9484 4148 5277 6739 8489 1345 1209 1574 9838 6121 8335 8870 5766 
2565 7668 6728 8358 8510 4408 5818 7100 267 821 6587 6393 7547 8583 5974 1354 1155 3782 2683 1945 475 4720 8886 5577 5439 5442 8024 6207 1512 4115 6312 4602 199 1105 6547 8929 8678 2539 1260 3360 4315 7631 5224 1380 5552 9936 828 1725 9357 5707 7557 5394 5719 6169 311 7789 8184 5732 3187 5997 2285 6603 5595 3378 990 7962 2753 2852 824 975 8317 5093 1031 239 2133 3743 5437 1524 4350 4205 9934 7044 8882 1723 7145 3954 6716 2887 2971 8797 8408 9274 9932 5217 7080 3717 5727 9870 8082 3881 
2086 26 2869 6953 8435 7821 5266 2721 7586 5620 8194 6038 1511 1556 6476 2728 3656 779 7353 5975 5335 7243 7775 2631 6390 9142 4816 348 1442 1698 3109 6706 8446 3314 9195 4762 8959 134 5438 3745 9999 6727 2051 7428 7555 8219 8533 6775 8959 4475 4474 467 7553 865 8857 3533 9343 2539 8004 916 539 4756 3336 2074 2805 1779 9871 4998 3487 8127 5306 3285 1401 8633 4739 7000 694 8450 4855 4653 611 3417 1081 7362 5845 4001 1013 1672 5564 1340 7494 1445 9643 1962 7407 4294 7338 8994 5933 7061 
6816 9745 5835 9085 3501 6177 1971 1267 2747 8834 622 8452 5946 601 4000 4987 5143 266 4384 9980 9224 155 1804 888 1900 9573 5679 8471 8072 1650 454 7652 9734 6115 5034 140 2919 4009 4473 2322 8457 4459 545 2380 7248 8036 955 1303 9181 6613 5144 7480 6007 720 4693 7310 3383 6348 9427 9255 3449 8370 448 1995 2563 6293 7060 2261 6325 2065 3805 4223 1059 9107 5963 2360 3354 6470 2593 1101 2290 9073 8822 5769 826 7792 1726 148 3817 655 6700 2023 4057 1598 7024 6556 5122 1615 1430 8156 
6777 7921 6221 5930 1048 1923 5697 3374 6140 9273 4378 5331 4392 4121 1433 7070 5688 4226 6554 8238 542 6449 3251 396 5180 7389 4285 6568 7549 6595 9936 4571 5879 7806 421 6983 4993 4273 3611 9189 140 5255 2951 1941 8850 3720 7114 3805 3469 3637 413 4641 5935 172 8878 2331 2845 9095 8374 6209 5108 3880 8913 9004 9339 960 6227 949 7714 9158 4388 2380 1475 4788 5737 4651 7894 5562 4722 4503 5983 693 3235 4881 6510 962 5088 7713 9086 5309 5935 5658 8426 3927 2800 5873 9911 2918 113 4088 
6865 3752 5193 4318 9378 9292 4601 8752 4411 8338 9273 4601 7975 2616 3575 5059 2673 1980 9026 4049 9555 6378 4955 4655 6741 2652 7934 1825 1027 6172 346 7122 2361 763 9877 6132 4455 1441 842 9717 563 2869 6071 5948 9114 3406 5912 1921 5731 5287 4997 9537 1691 7101 513 6169 7411 866 9302 5087 9726 1620 5969 6816 2563 5084 1603 6575 8403 9596 1485 5361 6215 6957 6505 7744 5260 6708 9828 815 9723 3461 4730 4482 3341 3082 1630 5764 3352 5236 447 8764 2259 9647 8774 6747 5023 5347 6323 212 
472 9892 2151 5142 8330 2368 7102 7009 2348 2027 2877 3292 662 9412 8214 9509 3133 8742 7934 2335 8193 5166 7048 4544 3625 4188 5477 9872 8087 3948 8471 2757 951 8099 8055 2279 2661 8510 9353 1663 3201 7073 1335 8311 946 1812 3012 799 3562 1139 8594 5927 5173 7985 7593 493 50 4816 7095 7498 4434 3426 3194 3381 8559 8230 1893 9175 4504 182 4115 7803 7440 601 1115 1357 2314 7721 8893 8874 4868 5828 2433 4545 5660 475 5137 5023 3055 525 2020 4400 9627 7000 8339 189 9549 9694 7884 7778 
6044 6966 6420 6021 657 2320 2770 512 3164 5637 7816 2912 8435 945 3116 6961 5166 9053 8465 1381 5158 1166 430 1781 8404 801 9941 5167 2377 533 3624 3274 6199 5581 9605 3636 1355 8383 2196 9198 4572 3170 8542 6738 2550 5052 4760 7963 9676 7259 7427 9803 6734 3740 9417 9086 1476 3859 4207 8198 2021 1425 4851 6619 8928 8425 6623 3446 8560 990 6125 6641 1693 5591 6701 1226 9651 3824 2384 9756 8918 6963 8172 4757 8157 5583 2744 1440 140 1860 134 6140 4498 7127 9651 6056 5234 5152 6115 7556 
1840 152 870 3084 8404 1919 7756 578 2114 7383 2160 4820 6871 2567 3133 6217 2928 499 6579 3505 5778 9216 6090 1633 552 5794 7444 4933 8297 2187 1775 8253 9733 3530 8514 5155 3539 3149 5398 9665 1719 3136 1658 3987 4876 8384 113 2382 9676 423 2524 6906 5441 1176 9886 7652 4385 8975 9203 8309 7492 5314 3153 8651 6775 1352 6336 4539 1267 7451 7977 7739 2126 2858 4307 4699 378 6174 8819 7031 5256 1691 8151 9796 9000 219 1791 3631 9991 2713 7400 5354 6493 8538 5969 6930 548 1881 3535 4186 
7601 6457 614 964 8263 7673 4687 4821 6230 3461 2203 3399 1814 55 6400 2932 6231 6249 8576 9085 6595 972 2749 4681 5493 3926 463 6014 156 4284 5713 8547 2683 7694 9974 2097 1512 510 5894 8316 2079 2005 905 5826 4118 9237 5979 5963 2025 6112 9488 7133 147 8 9777 9523 7852 8200 3183 4691 6368 788 2848 3982 4713 4801 7272 7975 7036 8631 1890 3694 2793 7072 8557 1763 3830 2028 4 5078 4223 4300 4358 9285 8205 3235 7155 8326 8970 3445 9830 9780 3525 526 8469 1242 7982 6239 5290 9679 
3124 8396 695 1597 6544 7756 2915 5217 5533 5867 5899 8718 8818 4519 2039 6143 5475 3681 2975 975 8022 7903 4781 3556 2963 9501 1085 7334 7059 8856 5636 3763 2093 2804 1724 7808 73 4287 9666 5930 6416 9241 3032 7953 7200 787 4413 7552 9617 1035 6107 5773 7297 2688 1858 9737 8097 65 7710 4284 3410 2804 5543 8738 8096 3685 7447 2115 2673 6815 7907 5888 6659 6659 2125 535 1148 6768 4995 3366 4169 8277 9150 7482 4264 6365 394 4093 2968 8625 5819 4045 7572 7977 6480 6525 5273 457 1831 5992 
6551 8994 497 5058 3741 5632 6978 7145 8942 9305 4925 1347 3107 1187 7487 459 2805 3890 6589 5797 9208 1111 57 1374 1903 2813 3080 6623 5715 1275 2230 6442 1736 2869 5364 7990 2465 1709 7293 9020 4881 7475 5200 7348 6346 8626 8118 5298 5965 4984 4719 1894 6726 6680 3948 975 5210 6273 1691 6690 6514 4116 870 1076 6345 5283 3408 9236 9749 1286 6703 2714 2117 7840 8436 7782 6100 4005 8016 9876 7443 6654 4833 5798 3553 6797 7079 3840 3231 8109 250 5796 2149 6994 4804 2708 3148 421 6748 3080 
4740 8479 7217 5037 563 5117 4834 5364 3894 829 2573 6508 2533 173 8177 2523 2524 2467 2486 7277 8306 7107 2342 6484 7918 1873 1060 5185 310 6490 7913 3526 1493 1088 2389 1650 3963 7990 5741 9194 8274 4173 2418 8826 8938 4444 5536 6989 1844 5861 8672 7832 7158 9415 5294 839 570 8289 2901 3368 168 8277 2622 6393 7018 3079 8811 1420 5024 3483 2593 8351 8359 7790 1727 4129 9153 8988 6510 6061 4980 3288 3878 5214 5638 8339 9883 7807 220 4621 1538 3268 7498 9843 5849 2068 6240 6453 9331 4700 
7863 4205 8822 2636 4541 9693 6969 1441 9272 5402 9151 1048 9138 2682 8460 9472 2294 4164 9348 4959 4483 2095 3605 7490 8486 772 1582 1483 9871 245 8301 8186 1497 2859 9567 9438 3776 3041 5704 6986 5931 4221 3318 5359 6874 3440 983 2872 2420 8212 5408 7116 4287 8979 9304 3524 6471 9851 3875 5887 2542 282 9285 2911 2405 240 7137 6361 3712 3534 8045 2285 9317 6618 9557 3842 9387 1242 4325 7923 329 3871 2631 7777 1037 8662 4357 7867 692 2789 6082 6822 7411 2425 1505 4942 3992 3916 2870 1105 
7814 6935 2949 2129 1940 2452 269 2535 3668 913 3783 5070 3832 3330 7762 9217 7467 17 9975 2907 8192 1869 2140 1246 7401 2579 1936 6931 3695 5292 3471 1838 623 5817 702 5391 7723 2174 6888 5773 9244 2007 1707 6229 5771 4138 7924 2270 1677 5032 7409 7060 9956 6082 9551 3427 2007 8982 7262 6229 1173 9435 9049 8046 6598 8841 8090 8021 852 8117 2085 3443 8082 2273 6676 3035 4184 505 7176 4049 5124 9685 4481 809 2369 2793 1184 4805 1759 1830 7191 1515 2006 2482 6905 3485 6467 2259 9354 817 
2603 6455 3204 7148 2025 6553 3131 5884 7156 5294 7960 2999 6094 4678 7080 3171 8969 1184 1129 3321 2259 3979 2284 321 1542 9390 2766 8476 9659 5241 1887 1004 7101 2968 1869 1664 2140 1246 2911 1488 7405 7611 5244 2937 2014 1656 4826 1215 6983 6463 5147 6730 9952 2843 3628 80 2246 9111 8277 2519 3920 4346 7305 7144 3278 2227 5064 3352 65 4660 4418 8550 8615 2556 7846 6652 8937 8273 158 8061 7502 5140 1510 9864 9372 4418 5515 2935 4888 6213 5906 8024 9210 3967 6462 6322 8464 6191 1679 8999 
8603 7130 4509 4961 3881 9991 5732 8543 4424 1478 6588 7062 2495 8420 6273 2008 6136 6824 1679 1243 6864 98 2011 4918 2244 5685 7260 9823 8795 244 4732 4217 6432 3147 6815 3772 9946 1499 3660 8392 9982 929 3731 5712 8026 8744 1622 9742 5266 7510 8464 5169 4824 5751 3261 7842 2791 8914 4054 5930 5081 2478 523 401 7942 241 1258 2190 3190 2443 954 5693 9913 2112 3037 1335 5862 835 3646 4382 1722 2676 1550 8620 6503 3198 109 1783 3128 3445 1649 73 4409 8109 3445 6148 6872 943 6915 4318 