8736 4091 8515 4148 8812 2390 681 8254 4263 6817 3735 9606 5260 7188 4795 5032 8779 9840 4368 4388 849 8326 1292 190 6795 1058 7016 3372 2441 9695 106 1065 687 5365 2368 4207 9139 2444 7282 4757 2597 6103 8920 3638 7436 1681 2739 713 6859 8590 321 6234 5346 6748 9943 6726 1835 2676 829 4816 526 3732 556 9304 5979 8499 3366 3745 3223 1878 2648 2292 3600 9646 4870 1400 7433 7438 4644 4219 766 2729 6668 9616 5614 9909 2078 6837 1716 6930 341 2193 171 3960 6750 3277 8796 1575 3122 2821 
6567 7376 4699 3662 4036 7832 135 1063 1064 538 4467 7785 5153 8064 4952 4934 4949 5463 8598 7552 2019 7904 7294 5977 2734 5221 2797 5642 8376 5030 7956 7542 183 953 6535 5898 3167 6563 6743 9016 1120 4236 5507 1917 3903 8732 8982 3161 357 3351 9303 9333 1990 5826 6102 2729 5648 4602 1718 7052 2549 7328 4577 6458 4565 2639 833 9342 4523 7442 8497 6006 6437 2833 856 1907 5029 1175 4881 3425 9823 2700 9851 5933 126 4647 1710 9783 6642 9998 6624 8805 7567 4443 9650 5519 8844 5198 1135 7469 
2673 7796 2045 7368 8357 7033 438 287 2287 6753 1822 976 3185 9964 2052 6849 5583 528 1507 4305 6524 9945 8588 404 2872 7421 3186 8743 3579 5769 4004 7197 5417 9551 1289 7606 739 108 4414 8560 5531 7166 3689 3352 3016 6175 2654 7317 4012 3867 6149 6804 8214 6030 8639 9486 3280 1930 9365 9150 8990 9924 5762 1489 9807 5719 9105 2034 8228 5504 65 6374 2650 7959 676 2063 1339 5919 5907 1225 5847 8662 2810 8756 6914 9339 6130 4709 9417 5869 2673 3606 5592 9391 12 5361 3411 4361 6015 7613 
2767 3814 9243 8429 3780 24 7339 4375 8018 2415 1363 8453 7802 2507 8381 6170 5747 2858 1424 2651 6613 5830 8106 8084 6948 6503 4659 3427 4905 9726 1393 1728 9352 3348 8743 1530 2922 8034 3320 9018 5425 1940 3333 2076 8183 8828 476 3461 411 7232 8107 1286 4373 7651 5728 7743 8792 3555 6732 3012 5047 8099 5947 4145 2470 6281 6327 7510 5434 6968 8014 8297 7867 8316 1342 4428 9045 240 7370 9037 7653 1619 6683 5817 912 6813 4697 6952 3748 9156 5029 812 5439 5036 4962 5523 2126 6282 6306 5830 
7621 8663 8968 3971 6506 6103 618 5752 3917 1492 6088 3349 9176 8102 1258 9984 3771 3699 735 5964 4983 7404 4978 1763 5226 3822 1658 3800 3807 7927 9692 6270 3591 8514 4421 8910 7790 46 3679 2767 1054 7393 3705 3112 2198 1968 8549 5265 2713 3795 4576 5866 4200 5279 7358 9439 5814 3835 1009 2043 9891 6189 4369 9438 7392 5340 3406 2826 2412 8611 8945 6149 3904 1816 7156 9476 1558 1564 430 8706 1333 6081 8015 1379 7398 9396 8698 1108 2789 2155 3761 8819 8117 1293 1394 3037 7761 3763 9568 2745 
5560 7103 7839 5067 6280 3149 4799 4742 5383 7259 1198 6285 9531 6192 207 3293 4588 5787 5055 1455 5282 1345 9742 3968 6073 7889 4178 9053 815 8392 5183 5504 740 1829 2972 9813 7657 7568 1345 4566 6793 4875 2226 2145 8849 3175 2007 3884 9695 6394 6543 9239 3734 2996 8509 7087 9621 3030 6877 3213 3962 8643 83 5926 8818 4125 9751 1428 8573 8267 2583 5999 4888 5523 1335 1563 5752 4667 3705 845 8449 5214 5008 9915 9217 6447 2730 6009 9669 8542 9558 5739 8007 716 4600 4035 1517 6555 3025 2634 
5364 9113 5521 4007 1432 5791 6076 7103 8054 9438 8424 5581 141 3138 9614 6365 8521 4374 112 9702 4479 3 2832 8284 1978 9960 5360 5835 7419 5991 1427 6633 4614 9158 1931 4766 468 4133 8965 4011 7252 8576 4451 5126 9764 8041 7054 7045 1202 8169 5036 8171 5471 3652 1676 1330 5554 8659 9660 3843 9857 9308 4862 7312 3209 5379 4847 5759 5525 8648 7509 8515 7126 7489 4825 595 8862 4094 730 1223 3769 1091 1068 9501 7319 3251 1981 7413 2225 3783 2117 6534 961 784 8618 2564 9358 3768 9273 8006 
7831 1839 8063 3786 5199 2277 1837 6284 3425 655 746 6233 4750 8830 4375 369 6026 6089 7802 6184 4031 2507 8381 9707 1424 4097 4262 4186 2889 843 3379 4144 2907 6418 3356 7261 617 7877 2425 13 497 3711 5975 9651 8856 6805 8115 6610 2335 3035 9110 5402 9085 5224 2684 4594 3321 627 6880 4904 3562 2459 4953 573 4795 1502 9804 9414 1997 5263 9247 4132 288 5590 4447 4889 8415 9139 8862 5346 2612 8616 5984 1298 3967 9923 3864 4425 4135 5979 7352 9005 7706 303 6758 4184 2862 7176 71 935 
2793 9448 1184 5283 5715 2512 4818 2482 6905 1075 2559 2284 4351 2609 4572 7670 9281 2766 224 8144 7854 7598 1593 250 4011 1394 6426 9738 8954 9081 5293 2357 1867 5181 3293 535 9361 6806 4428 2137 8309 9638 3198 7049 2708 9935 251 721 6709 9417 1568 7810 1979 2132 9749 4341 9401 890 6243 2202 5826 9547 8964 7210 4775 5171 7912 6140 2118 9360 9970 4171 3924 4645 5251 7320 1344 6862 9262 9033 4804 8394 9337 8089 720 4186 2645 7158 5855 486 3712 7471 1952 1443 5563 4694 9715 4077 1220 6107 
5311 1023 803 8131 4081 9317 9751 6589 4809 9344 2209 2674 1300 3202 4376 7291 8130 772 2573 6430 7921 1180 3939 8503 5520 9182 2154 2356 1310 1877 3390 4427 512 600 3304 569 2841 5775 9877 7193 9305 2881 7943 4953 1569 1220 1490 1391 1150 4084 7568 9260 6300 1233 5759 7522 6688 8838 6422 2808 6037 1672 5164 6459 1831 3899 3487 407 9468 7523 1937 4488 8038 7303 5792 7440 6729 8527 1933 861 5767 6935 4033 4002 8724 8938 8882 4221 142 5127 2599 6427 2186 5473 6534 6662 3390 2550 7074 5334 
9072 6200 9644 6747 1305 9886 7776 3378 9452 4174 4178 907 77 829 5301 2294 3583 8070 5122 1613 6215 7681 5531 5891 3713 7833 3542 4622 3529 3769 8612 7790 3163 6419 6767 3358 9764 3729 4213 8424 9962 1995 9021 6241 4144 1968 5962 5492 76 1713 9969 9892 1199 8610 2341 9668 5430 2074 6411 6477 6108 8463 8458 2650 9182 7388 3711 7222 6651 2094 9486 5512 4561 3764 8235 5596 1291 8202 1888 8539 682 5840 496 4529 7605 4201 74 2267 3604 7251 3887 9953 876 3381 9161 6568 5204 2645 8339 3728 
6014 2783 9046 5562 8205 9430 5998 344 9515 5088 2989 9546 9837 4743 9225 2326 3069 8001 2664 7408 2483 4220 8528 7754 3339 6523 4742 5548 4682 8376 938 5872 264 1617 3355 1707 7345 6121 6230 1408 2497 2714 5973 6620 4512 3522 4631 8614 5778 7090 9296 4213 3358 8045 4828 3821 344 3153 1350 7031 451 8571 8281 5228 9049 4395 3062 7825 2843 2563 9324 9164 4352 9804 778 6549 9112 828 3297 6986 5112 9138 5295 6073 3808 6767 100 7932 4698 7541 9295 8706 959 5719 1904 4747 4043 1276 1479 415 
3994 4910 9331 870 1616 7863 5447 8822 5736 732 7192 6969 1939 1012 2767 5402 6065 9422 4597 8460 7285 2294 8592 4351 9348 6883 4483 770 3309 8259 3190 1093 6090 3817 9524 166 3956 1697 8026 1168 7911 2838 5115 4863 9716 9281 9518 4892 9390 443 6307 9552 4465 4485 9169 6812 7740 6004 1237 3437 1226 5882 4749 5751 7379 7858 1443 4246 9302 1057 7679 4100 8362 3457 3623 2601 7731 7437 851 5431 2839 2488 2964 5566 2210 6712 7029 5568 2199 3015 1032 8736 8617 9616 5716 2580 3732 9016 3235 2923 
2012 4741 6198 4519 7354 9538 4050 7864 8971 1042 2950 483 8539 8267 7774 8645 1203 8184 8968 1487 2277 7595 6232 8969 2538 3266 4659 1421 7622 8827 7782 1232 4494 4424 6241 9330 2721 5721 4974 9312 3982 873 9427 8395 777 2672 834 5133 6213 5569 4324 6494 1156 8229 4898 4491 317 5207 7211 1189 4386 9011 2141 3148 9841 287 1962 9973 4109 4740 1673 1889 2211 6865 2815 8542 2730 93 9323 7905 7969 4331 9871 5752 311 2922 3584 2171 808 7616 8818 9471 8978 8327 3136 2360 6744 5683 4305 9736 
8541 3908 5855 1285 2105 4071 9895 912 5473 4169 5547 2730 59 6876 5620 551 8438 8525 4463 3508 8459 6767 5108 5527 8257 6043 8418 1987 825 9158 2928 1658 1364 9060 6130 2363 4717 9488 1267 3882 843 8575 5976 7746 3062 3709 1007 3313 4080 5267 7987 8816 1137 3302 8909 6802 9447 3460 6773 7205 6274 6351 9688 6075 9179 1355 6328 2476 3644 9684 6943 9325 1281 6325 9544 8724 9994 669 8405 8778 8204 2380 3517 5850 4103 8978 2463 8262 7900 2802 8861 9393 4988 2088 5901 2152 1398 7984 7187 6385 
1282 7245 8336 5587 2032 5143 6307 7216 1863 7094 2614 7332 2475 9622 5287 2503 9899 9598 3123 2276 5844 7480 1995 703 2744 1255 7693 6900 5135 8405 5677 3414 6808 8193 5337 8032 3320 6564 3765 9474 8125 2886 2392 3986 5097 7295 6128 3051 1167 8700 3723 8152 6928 5825 4496 6767 6743 3589 7682 7334 9163 151 9909 6124 6241 5966 5190 8766 4415 8866 2314 3862 1783 7901 5235 352 1252 6411 7464 7698 3970 7891 1834 8985 7288 9622 7502 307 7758 8150 4659 8188 1146 7499 5374 4363 1241 8875 5102 6558 
62 6953 2479 7882 8726 3198 3108 9903 8446 9326 6920 2772 281 1405 6627 8109 9227 6371 9268 8492 6979 1780 7623 9820 7280 35 2469 2495 1299 5404 2572 7633 2988 8028 622 3014 3923 6424 9401 2263 5671 5112 8357 4482 462 3860 7318 7444 138 2761 8453 4587 2102 6953 8874 7321 5908 3075 5939 571 7115 7898 5922 4578 1134 7025 5562 9750 9560 4091 9089 6505 6155 4053 7986 8858 613 1853 8885 2381 8660 7952 7345 7397 8279 6436 944 2401 2335 7906 4453 8097 3744 479 5804 6531 860 1633 2931 3831 