9001 6988 337 4656 9468 131 8964 6448 963 2686 5195 2726 1521 1907 4340 2683 1899 7184 1142 532 2713 9653 5107 1100 1102 4636 4119 3078 8194 8517 5871 3842 7602 5379 5185 8667 9807 9451 250 8453 6727 691 2619 5917 1351 2049 9557 243 2703 8074 2669 8268 6726 1606 1746 9806 7409 1780 2030 2665 9455 5744 7439 872 2788 9843 8705 9411 1892 8968 8487 5375 3394 954 1662 7374 1123 2869 7876 7586 4227 1666 5426 4743 5489 6803 4457 4203 6575 6155 3879 6919 7878 9575 1858 3229 9107 974 5016 1219 
349 1475 3276 3983 7573 597 8517 6728 1668 1932 2613 7127 3179 9750 8012 9380 6969 9202 4242 2070 9724 5764 59 4856 9689 5530 8961 513 286 3403 2181 2218 5661 5767 25 9406 9303 6957 1210 1301 6304 6817 1831 1011 9967 3660 2884 6350 1315 6904 6943 530 2512 4460 6016 3 1072 5814 2717 106 9936 1660 6901 7384 3598 3489 8144 6590 5477 7432 630 2594 4053 4605 9085 5198 5601 9811 5788 7404 1292 8228 7209 7060 3050 4028 7939 1128 5765 1272 3174 5817 9546 8195 90 9371 1451 1926 6581 6991 
7979 9814 9904 5627 6288 6818 9169 6195 695 1855 9079 8021 4277 4349 4524 3808 4274 5147 2797 8419 447 9835 3055 6545 8243 5291 2263 8863 826 9926 8484 8597 1622 9808 4674 2206 6624 9567 1837 5521 3221 2939 6758 6223 5420 6515 4364 2820 4275 9672 3562 7441 3470 6395 7858 5871 7551 4061 2756 3782 5936 6053 9361 6891 5581 2390 9942 7500 7980 5631 3764 3041 1833 5216 167 7035 2101 2967 8896 1068 861 3318 27 6638 7276 8866 604 9538 8149 2944 5571 2112 9375 5602 612 9528 8691 5232 7260 1100 
490 320 9136 8435 6563 4972 5410 6581 9340 4374 6845 4710 5852 4981 6640 2479 8591 7546 7079 7853 8345 9518 5019 983 8417 3823 7987 4752 3796 5395 3060 6210 4652 35 768 2482 7370 6393 9790 269 7044 5637 7915 7684 4802 1376 3951 8851 7334 3893 9573 5998 8474 3807 1690 6270 4036 4493 5326 7341 6320 9672 2453 3406 5577 1941 2919 335 5269 7516 4900 823 8275 8307 347 29 5360 4510 3113 3410 1171 6964 3428 3881 24 4786 53 1510 9511 7151 5531 6957 8989 2141 5033 6927 3973 7887 4336 122 
2849 3898 826 2298 3293 1998 2632 2754 385 4026 5745 9062 8057 1107 7639 3710 991 2356 3984 990 7096 6068 5614 2908 4077 842 3554 7849 4831 3396 1773 6816 8413 471 1485 8049 4652 2328 6330 1121 9247 783 2473 6378 1766 8613 4802 2228 1560 8017 3675 7029 3452 4652 7841 3046 7450 3637 7496 7970 2599 8111 546 7473 8994 3442 6995 9246 6489 8323 8360 5773 633 4481 3131 1691 5891 6510 3350 354 4885 3025 7484 2394 821 3921 8678 4370 8876 1328 1603 6505 914 7556 1734 6764 155 536 1895 6524 
5643 2595 7624 6534 276 4491 8857 7978 8258 5283 3364 3109 1523 589 1511 6943 6930 4555 5398 3182 153 2849 5958 1426 8799 5817 7153 5718 857 8093 6575 1916 3313 7537 1890 4638 5781 7720 8304 464 6000 4768 4199 5769 2894 4354 8484 9249 1644 411 7022 372 1419 2712 6837 6449 9310 8557 6595 8787 362 5138 4176 4637 6180 2715 6176 4477 4458 3419 2841 4590 7271 9307 6613 7032 5621 1297 6265 8797 3408 6827 5409 6284 4807 2387 3635 724 372 9643 7312 8975 2664 5811 4605 976 3721 6939 2463 5137 
3202 4161 1931 1456 3769 5744 313 6819 3593 9900 7584 4252 9532 1538 2745 3347 1256 2512 3631 2272 5443 4051 1000 8585 1888 6481 4773 2112 6695 9488 3712 5736 3040 8727 7491 3729 5795 6839 4447 9630 8129 8668 9672 7686 6016 9727 2506 1508 9526 5656 7380 4603 8817 7734 8253 8414 4106 7747 647 8926 7667 6484 9219 6985 6968 4733 7945 9801 6896 7455 8057 6969 1006 7332 5799 7928 5129 9276 2001 2872 3171 7930 4899 4382 5629 1451 5952 3784 8841 4104 783 5435 1477 861 9653 8382 2612 4027 5181 616 
2574 5472 8579 7332 4463 5585 7289 7560 4574 5114 4438 4822 1887 1280 1105 9365 4401 5867 2879 4669 2908 5498 3853 8358 3235 6786 5740 5905 3971 1388 7963 618 7027 513 9359 6037 5576 6769 3112 5236 1717 6198 89 3809 3067 7592 1223 7992 2678 1138 5553 5319 2138 2018 3099 3005 3616 3777 3179 2701 4372 9749 3083 7738 866 190 5237 25 1790 1822 1751 7553 5071 388 9996 2030 9833 3675 1479 4446 2239 737 7072 1727 3118 1193 6414 6826 3106 8343 5328 1909 9429 1955 1806 3959 8956 7221 8650 1875 
1544 6330 1088 44 8142 3144 4873 2017 4104 6257 9546 6007 890 3602 3729 8590 2770 8427 2309 1616 54 6291 9893 7392 8863 3236 9851 7975 4973 6662 4991 7887 9628 834 2639 2240 4211 9613 9095 8955 9665 812 9817 3741 1938 7179 4115 3322 6294 7852 209 2685 5096 3854 5025 5481 4456 7071 4178 4387 2220 7316 7216 63 3216 9723 6426 3962 8140 9077 437 6917 2648 8180 7542 4972 9769 2995 4231 1800 5819 459 542 6849 4790 2516 4825 7939 9966 6272 4302 6803 6509 2329 9508 2123 7909 3839 6355 3053 
7344 9223 9085 3387 9248 3362 2090 4992 1688 6890 3031 8581 9217 4796 9399 5987 6891 7944 3157 1630 9670 3818 3658 2239 5875 7233 3911 9036 3257 1726 1142 6568 6371 4516 2742 2982 1959 6315 1440 4555 48 9071 2422 5165 2480 2778 1323 5849 417 2192 4235 5635 4606 8512 4216 5766 2318 8612 5011 6928 6061 5222 5803 461 2580 3678 9964 5577 5138 589 9422 3869 8363 1680 7989 3680 9898 1531 5867 3830 1343 4613 2288 2305 5908 1004 2793 5178 7457 2989 1346 825 5884 8209 5037 3311 3948 5393 7498 3230 
2246 2989 749 8958 7211 5150 1143 7803 8642 4922 8238 3251 4607 4788 6528 9349 870 9605 5862 9591 1418 8506 7449 8985 7549 1214 686 2266 9515 933 4571 5879 7806 5555 8931 421 5255 6178 3964 8720 9853 1711 7760 8515 257 9653 8855 7223 4558 7098 4426 8098 5824 7217 7789 2206 1404 9660 3645 8096 9485 8229 5126 9048 6926 3532 5822 9259 9512 9036 5876 7413 8654 6083 3377 9240 789 8989 162 4559 2291 2582 4428 5526 6391 3812 9295 9347 1177 6645 5474 9326 547 8558 2915 249 988 6087 2308 4441 
746 1934 7843 5844 4404 1445 6722 5084 4216 8919 7794 9068 9434 2319 7598 7900 4006 144 3853 7085 8708 1600 1630 7118 897 7966 5659 1120 7452 374 7201 7517 3596 4346 8865 7438 3542 4729 2384 4155 6309 395 2658 7285 9233 3338 1379 2468 5028 4812 6273 6059 4248 6245 164 1599 5554 579 5762 9769 8900 3585 8193 1774 2892 3216 3506 7811 8798 8990 9759 6915 7791 9895 1336 8609 8502 9663 9630 8230 3072 134 6625 1648 1557 5488 4026 5162 4545 1096 3861 6449 1401 5571 419 9306 2950 2684 6908 7002 
9509 9400 4897 7984 2714 4788 7496 5276 7757 707 4160 4806 8160 7753 3072 9551 1860 1539 6197 9678 124 5093 2152 9107 605 606 1363 2328 5470 3048 1915 6233 4035 7078 5518 4915 1982 4235 1987 5800 8449 9053 4267 8720 8342 1545 4791 1487 8920 4442 7353 6229 8201 9421 6602 1623 1182 8830 6684 8190 9722 7217 5510 5963 2178 4742 9089 9772 4625 3455 423 7763 7492 1792 8640 7622 4846 4637 1337 6973 1088 7265 7572 8687 4223 6979 856 7037 6520 523 7262 1156 6869 3720 4013 1066 3668 4254 2343 8847 
9124 5704 5151 3138 7862 2727 3260 705 4797 7810 2314 5461 1501 9169 318 3148 958 6998 9903 3300 9201 1677 7586 5832 1028 4198 2127 1979 2545 7967 7986 2793 3834 5961 7721 1394 7928 8369 4219 708 2775 2274 6351 8377 2027 7201 6477 3004 5583 7560 6586 3785 5764 8155 4172 9280 3322 3594 6910 2986 4726 4025 8872 6745 7660 974 5252 7884 3024 258 822 425 406 5977 9140 2164 7502 7971 2706 1581 4221 7225 3348 8117 8634 215 398 7205 4159 807 1817 5024 8 232 2210 8708 6497 274 3378 520 
2097 1597 1316 3110 6186 9162 5623 5032 7409 7060 7396 8454 7295 1242 2000 5265 9991 3427 7414 1691 8286 3699 3228 1362 2538 2530 866 5495 9726 1620 4848 5084 1603 1098 471 1965 2318 787 6800 4136 8049 5757 371 3206 357 9529 7060 7396 8454 8092 2000 9537 705 2049 8286 2047 8691 6169 2538 4523 2068 8393 6924 509 315 2303 5253 2493 4404 4165 9593 9980 3883 980 3194 7285 2227 5064 5290 8483 995 836 2920 468 6844 1460 4404 8613 829 3784 1131 1947 905 2270 6620 5426 8655 5784 9163 7776 
7305 6336 1136 6850 8684 7752 6092 9950 9969 4224 6694 823 3387 4524 7726 8964 2773 3870 7548 9925 476 3938 7059 2561 8327 6640 8417 1191 6408 1859 6276 2227 5091 6801 7585 89 9590 7428 6108 5404 5275 3026 4611 4965 7337 5067 9598 1279 3906 5763 3498 9189 6425 3868 551 5752 3023 35 1034 5320 5062 603 5417 3006 7273 1701 8540 1141 129 680 6238 76 5200 9187 850 2388 3945 7644 4142 6317 8597 6234 8776 6697 8738 1317 9057 9655 7350 1557 5337 3357 2185 2694 3699 7042 9997 2883 7909 4947 
9567 5507 220 6876 7110 9061 8107 4751 9620 7943 8253 2365 7732 9047 8548 483 5295 5330 4210 3831 9272 5092 5682 6043 5048 1193 4777 3473 2557 4639 2946 1647 783 863 6538 7143 9951 3483 9528 3554 9038 5987 6771 122 423 4563 5889 5644 2158 2464 1012 1341 265 8628 8464 2971 858 720 7035 9424 6977 1638 2218 4784 1670 814 3876 3298 4365 6698 233 8708 9956 5062 7252 2762 7566 2587 4060 8906 4082 4107 5763 5628 8006 6984 7541 7442 3205 5495 6078 1962 8680 5928 3219 4467 6464 1771 9483 1847 