6303 4854 3576 2311 3102 9705 4300 1480 210 6280 1097 8288 5924 2929 8764 3486 9737 2464 9950 5965 3879 5428 2030 1767 9791 5125 6503 4154 4155 3443 1171 7737 740 9442 5507 9419 7329 843 4075 9541 9873 8682 1231 7499 5938 5853 5102 6334 1482 535 151 2281 8511 7290 6427 9181 7797 3417 2997 8334 3877 5889 8113 7818 5244 7062 3975 2496 3953 9042 9107 5045 984 9525 7937 9239 6717 6000 1459 5012 5244 1448 2073 4815 8638 3065 2756 4992 8245 6966 6495 2779 3057 7239 233 4924 4733 2978 3192 8824 
9169 5564 907 3335 4064 4055 3566 1644 6533 9268 7015 9840 357 3216 9254 7393 5403 6023 3114 6853 5267 2493 11 391 6581 6340 3290 3325 3485 2381 6462 386 5508 8170 2975 2617 6342 9827 4729 3357 9177 6749 9921 8820 6840 6925 9213 7397 7988 4741 4108 2279 6495 6279 1558 7145 2121 8213 64 1036 845 2591 2659 9122 8812 8908 5869 6723 2156 6721 6528 5551 7868 2041 7442 3500 5721 8114 2367 6691 9405 3005 6278 9229 5124 9439 1441 7392 4131 3941 4560 8285 7724 3451 591 4860 2907 9667 3904 3454 
9476 6917 5254 8706 1333 2994 6081 8015 6962 9396 1108 4720 4244 8125 4068 662 204 3314 4652 4341 6238 9904 4934 9192 7878 8872 1450 1556 9692 120 7993 4135 4866 295 5136 7610 3875 5516 1306 5481 7647 6372 2087 9639 6604 4263 3735 6356 4795 5587 3023 4388 190 5793 7643 6166 5599 800 5510 2993 1447 1513 8282 6466 1850 9866 9564 7045 1417 8254 6045 7589 1962 4369 2234 7039 1125 9899 2541 3920 3022 9144 2548 9661 3800 8722 7359 422 2000 9239 1547 3771 2303 7041 6825 8821 9122 1299 5996 4982 
1170 1714 5608 8785 115 4987 6466 2748 8448 4259 9761 9911 191 2039 8539 6306 6297 3831 1179 9145 6141 6775 3043 9278 7280 740 7327 1807 9295 5397 3137 6122 3722 6379 2616 2690 7709 1279 5631 5064 2012 1178 5519 3926 5547 4225 4976 57 1584 6750 5342 2806 2210 2201 2906 3890 7490 6104 5710 2042 2799 5436 2156 8645 172 369 80 146 9729 794 6512 1923 9356 1812 5575 2219 2503 862 4567 2178 371 1524 39 5816 9124 7264 7330 2069 7258 6882 5360 9666 8622 4005 7718 5933 7273 5588 2023 6352 
5084 9187 9043 6747 6132 6952 6288 2570 4876 6528 6887 7577 4821 4350 7339 4055 8490 6260 8004 3007 3110 9132 8054 8555 9961 2741 1823 7562 1897 5304 121 3061 8151 3149 5816 4574 7286 5996 4100 1227 188 5285 3496 2430 6785 1215 2286 206 5204 1062 7553 1456 9972 573 9673 8934 4327 9883 987 2312 4929 9130 6662 9244 1030 2380 7795 4205 3274 7554 5059 8118 6226 3514 9444 6075 6017 3700 3929 8223 3141 1110 1285 7498 3014 8077 9365 8918 9279 8970 4364 7913 9024 7407 6542 6535 2149 1108 4625 2515 
5151 4430 4583 751 1336 4403 4156 5448 2575 3137 1621 6014 1089 1749 9566 9156 1201 609 3142 5779 503 3312 9149 7057 9722 412 7012 6183 4152 5194 9640 8862 8809 5705 3040 8944 2624 8673 8154 2606 1189 6819 195 6013 9236 8826 4202 4693 9415 2031 3496 3291 2643 7959 7015 7599 5443 8385 8172 853 3375 3928 8130 2796 4004 751 5635 2229 7782 9721 3244 1855 9790 2230 4209 1312 3651 4138 7667 5359 5046 8392 5947 4535 4072 3765 3678 4417 9939 4994 9132 7102 90 8752 1834 939 6170 7517 6649 3100 
3095 9177 6094 2478 5544 570 583 1355 1404 8970 9268 970 3469 8730 4206 1315 6305 8800 2785 5596 5566 5668 4506 9080 8969 6833 3703 6478 4651 1633 9379 9892 8179 782 448 2937 8922 6277 8882 855 5298 7074 8789 3010 5774 1578 8110 6445 1198 5430 2966 4079 8683 4446 7145 3192 7210 1427 3553 5131 7997 7326 535 2640 8099 6722 9765 2442 6731 8630 3948 7284 4363 1195 4082 1271 3495 6528 3082 8798 497 6949 4794 1861 2878 6005 6615 4391 8021 8442 8513 7591 500 7120 2479 5702 1794 496 4541 7112 
2716 8708 2736 6675 5822 5430 5930 7028 9561 3521 2395 9265 7431 7011 4321 8890 5736 1649 8058 1580 4324 2600 5136 9372 5972 409 5897 6479 1767 8480 5198 3982 2405 2180 4217 6954 5397 6909 7197 9388 1323 8883 1876 9815 6242 4828 2406 9546 4566 8882 8968 447 6511 16 5034 5651 2138 7290 7561 2112 7964 3921 4550 7930 192 2018 9455 7822 6881 691 7547 5499 2089 3084 3086 9393 2816 2642 2279 9979 8330 9261 6644 865 2236 1962 9168 9326 3137 8216 5138 4041 713 9302 266 3477 9996 4413 6530 6135 
3335 9931 4204 6727 8054 6684 8622 8856 4229 5310 3459 1125 4233 6462 7439 7708 1204 7338 8257 9376 9789 9706 853 3490 4127 5697 4783 716 8272 8575 8407 6343 6751 4832 1457 9054 7154 1937 9558 1010 3705 8912 6787 5850 8192 6463 240 5147 9935 9952 1945 1059 8944 9446 6819 5418 5435 6578 8203 3053 1669 702 9820 7986 4799 814 6084 9206 2177 6286 4846 3205 8578 3254 8897 4393 9985 387 1686 4303 2143 6287 1215 8429 1901 2353 2235 1192 8775 8812 7242 3755 9798 4193 4026 3996 9137 4671 4452 7773 
1914 5695 4596 7592 1469 5317 1457 2373 5408 7239 2744 3162 3090 9801 1418 4981 8166 7997 4972 4017 1526 827 8946 9447 3094 8189 4664 8124 1247 1589 1957 4615 7837 9263 5498 8741 2777 3594 346 3914 843 2971 6286 3331 7189 5712 863 6330 6023 5776 8346 2179 1194 9378 81 1251 5222 4459 981 7489 1525 1931 3778 2945 6141 7397 4868 6442 1574 1026 8515 6149 1359 8420 286 9697 926 2523 6836 590 4839 5141 4001 9248 2309 4741 5135 3630 5207 9873 9206 2032 8798 7410 2291 1647 313 9411 6792 8968 
3263 4570 1192 2414 7359 8083 1921 8477 1272 1836 9874 6529 8916 7287 6889 2446 7976 3287 3730 6856 2709 5850 9656 564 5696 2847 8234 3213 2359 4642 3367 500 2587 1320 6552 8934 1141 5859 4276 1544 3632 786 8536 3826 1938 5516 8921 113 6589 1372 6260 2025 803 2741 4228 489 8714 4104 6257 1527 9659 9429 1439 657 109 4078 6556 9953 6955 4486 8468 1043 3478 4451 5794 6378 2041 5882 2989 5402 9436 1502 842 2294 1403 3932 5397 5349 231 439 9964 8859 1082 5450 4448 447 6970 8072 6856 4483 
3370 338 6624 7680 9508 2541 7198 3033 861 7352 7358 6439 1503 1369 9600 1228 8426 7409 6465 761 7781 5932 6582 6658 2214 2145 8907 5865 5818 491 2199 6230 4069 1851 3672 6107 5034 4709 7071 8929 3025 758 5662 9917 8976 9282 1751 8088 7347 6306 4431 5501 2727 9209 1899 896 3602 9916 5324 4461 7647 4722 3775 6820 7742 888 5263 8125 77 3939 4898 1762 4285 4988 9157 1162 6752 8785 384 1826 8111 4381 4740 6753 1038 2015 6629 2942 7549 3268 8251 6607 8667 7217 1537 9529 9808 8499 1870 8581 
9449 1446 5752 7863 2713 8776 9740 3841 7359 9737 2543 8371 809 3304 4340 3789 7751 7149 8284 4138 282 475 1536 2610 9449 5916 9562 617 6113 7952 4358 9806 6161 8529 4330 8969 9791 8103 519 1372 1269 135 2354 4696 1081 5412 7844 476 1348 8757 1405 5298 4387 9542 6193 2934 4674 4447 3213 6741 5754 310 5711 5918 1537 9225 2006 9112 6987 2751 4179 6045 3160 2072 496 2819 7383 2880 4949 7033 1673 6529 5880 8498 2697 943 8346 8302 7557 9885 5759 3122 9867 7932 8249 736 1515 8063 4638 2577 
3000 314 1128 5924 6988 3266 5797 6519 2862 7807 2814 2496 953 8452 685 7194 3940 5865 8543 9421 1840 5776 384 2457 2016 6624 1546 9258 8591 5010 1924 5818 2466 3833 6306 7824 2532 5948 5699 6793 3493 6634 4536 7406 9310 1906 5437 850 2032 9261 670 9784 9629 1862 4166 8644 2404 9527 6759 5661 2703 2622 8322 6965 8325 595 3827 860 2053 7024 8416 6833 1016 9938 6545 1278 537 9626 5871 3799 7445 9251 1989 3217 3911 8307 6122 5088 7272 4194 7426 5380 2725 3947 2556 6757 301 5838 6795 9684 
2243 1066 7360 2666 6091 3373 4140 4997 1069 346 2711 6830 6918 9692 9318 5748 8 1645 2198 1467 4902 1601 7389 669 9186 459 6129 186 7514 5090 8100 9207 1125 695 1556 6220 3190 6009 6206 1964 1471 8617 875 5506 2811 6511 7152 4980 7884 8515 9148 3379 2766 5636 361 8566 7990 2360 2072 2784 2294 6596 3524 1278 6027 4172 6044 7718 4109 9065 5807 630 926 9832 9447 5075 4287 5729 9042 1224 7929 4198 5401 5615 3694 2272 5399 4449 1118 8612 2958 5943 1837 5577 5621 704 9186 6850 7704 5935 
2245 4327 8452 466 8655 2621 2146 2851 8389 7994 6315 950 4494 3092 3832 8152 6494 2512 7978 8955 346 6074 4757 3940 3349 2687 6035 9284 1773 6785 4449 6963 8400 2012 5785 8571 7057 1451 8521 6283 1798 4935 8501 2710 6977 3038 8823 2548 5092 56 1410 304 1558 4322 6068 122 5015 2837 2863 6782 6635 97 1605 4509 9485 6691 5862 8725 2857 6158 5047 6540 8304 168 4813 9730 1705 3930 4767 1306 7826 3285 90 8147 3630 9292 1230 3860 7438 1712 1292 3407 3759 3827 4770 7641 1748 1844 3914 6351 
6234 5755 5869 1113 7572 2789 4106 1222 1212 9817 8212 4073 7917 470 778 3360 8282 7421 930 9311 931 2544 2946 5047 6581 2272 1887 8893 6112 6998 4049 2022 3741 8509 9652 2196 3448 9450 1169 7905 9904 1320 1721 230 1014 7484 1581 1122 4001 3534 4219 4058 5916 6562 9051 989 7996 2181 4815 7128 4788 1658 3366 2469 6869 5676 2297 1666 9649 740 9808 2397 1633 4096 9359 3509 4181 3772 8493 874 3008 7137 9434 3639 8861 7274 8907 3150 2575 2898 5817 6951 3753 5859 120 5107 2572 3886 7914 2434 