1523 5888 3708 530 9496 6705 3848 8816 2113 9596 2690 6155 1679 2924 8260 3910 9315 6078 4600 8208 3331 401 4999 7431 8745 8743 4200 8913 1525 7521 8890 4839 6678 9877 6992 9661 6001 8071 6800 5713 3591 2003 6811 9516 5380 7446 6597 1626 5636 4088 1109 4272 9178 3000 8908 7871 397 6635 7972 5346 9037 6333 5859 5282 1057 8882 2398 6711 3117 4684 3802 8523 2408 3752 543 9212 5174 5207 1716 6400 6399 8036 4671 9285 9235 2599 9778 2057 1195 5174 6890 2032 5185 9347 6696 4327 2916 8114 9332 2639 
8537 6265 1293 4905 6476 8364 3348 5869 9697 9039 2683 9792 3996 3979 969 558 2550 7030 3117 3332 7225 5941 4630 8030 5280 1310 3006 2763 9082 1826 961 2035 1751 8263 2421 1269 2135 5059 932 4576 3100 7160 4633 6385 9664 8741 4525 6020 3598 4482 6532 189 7896 2401 1094 8218 7096 5175 3416 371 8472 8661 1195 5661 3525 5968 4374 8557 1003 4105 6907 6638 3822 7062 6441 7565 2062 7603 1956 8461 7164 3558 5506 5674 555 8711 7885 3516 7032 9542 5037 5779 1601 5340 4802 3308 8806 8022 8869 4579 
1906 4826 2762 2600 9565 6218 7189 6344 9634 1231 2953 2817 2082 9277 3226 2065 3189 2202 7128 1699 5751 4274 760 5932 545 5392 2350 7757 3353 8650 13 1892 7982 6458 7244 3968 2986 6246 9521 7879 8914 3248 8519 2049 3411 9255 78 9802 6297 949 1618 9916 2694 2031 4422 3465 5736 467 3872 1690 4339 5737 4037 8549 3324 2302 9321 9283 8054 9178 1018 4987 1531 744 4252 2388 6684 3769 4263 153 1354 4416 6991 4329 1715 6538 8402 3945 9534 2849 1244 8147 1106 2350 8912 6842 1483 1138 452 5379 
1546 7027 6897 4158 9388 9202 6675 5448 1370 4029 8290 6663 2102 1151 7150 9305 9785 8432 6769 5559 9695 8048 4978 8404 3627 8498 9992 6172 6782 3551 4539 8322 4911 8698 6866 2518 1955 7685 9226 2175 5134 5716 2674 5921 6335 1918 6864 6338 2638 4742 596 9430 12 2449 9126 783 4249 9226 5485 6164 7418 9427 85 9817 7508 6267 8119 7389 632 3643 1211 9851 8066 6315 9782 7171 290 7444 2181 3785 3245 8942 9130 4431 1487 3668 6553 9473 3617 9100 3927 6174 1837 6553 6061 3197 2221 7294 9398 4087 
6313 9718 4092 7781 7669 9446 460 734 5046 8063 5296 6944 6202 8042 6716 1998 869 2295 8111 5888 3914 7852 2890 280 859 9988 2467 7765 4557 4600 7490 3602 2677 3634 1457 1737 8909 3135 3942 9165 9322 6800 9303 7867 604 8147 2172 454 8810 2997 3384 7460 7256 5574 4098 6817 8321 5390 4715 1502 18 9758 7145 2963 6406 7038 3908 3143 8674 3531 8521 6546 6304 8728 5132 4183 7396 7152 9738 114 6176 2421 5319 7975 3705 3658 4539 168 7741 8689 5304 5697 8829 5312 8877 4507 3565 9859 4208 6292 
1949 3984 3336 4961 4654 3883 3659 3884 6780 3020 2891 8000 4884 6900 6974 2978 5983 7290 2817 3652 8445 9704 2903 2115 3294 5076 837 9426 5345 6105 2991 6733 8815 3890 8966 9867 3076 3163 5085 9486 4831 9918 8697 8198 2283 3379 2194 4301 5002 5552 4140 7472 3643 9245 8749 1312 7298 7627 8424 203 383 8235 8813 4530 9241 2868 6933 2638 7162 4954 6386 6845 7448 6419 8200 2070 9976 596 9299 4119 1832 6786 4392 5350 5720 7923 4404 2460 6879 6046 7715 8095 3117 1726 4486 5904 7667 2854 1512 2297 
2594 1688 3682 8789 4849 3784 9044 8484 4688 9257 5856 6080 6485 6756 8922 3523 3344 1500 7092 5157 4463 9371 2523 7834 1218 5386 5848 6618 9963 567 5402 9122 2503 171 9191 6060 1967 288 7532 9000 2037 2438 3205 9482 9324 2847 1794 1370 1561 5117 6830 1110 6922 2264 4533 5152 5190 3481 1905 8716 4814 7170 8444 6855 481 842 9359 5304 1970 7928 5921 1647 2749 2551 725 4822 8159 5721 6712 3365 651 9192 5038 3713 4700 1777 3413 6228 2592 7395 3434 8521 8178 879 5007 8254 8395 7978 5665 8971 
505 9825 1618 9979 7647 5542 3092 3425 9034 9679 3825 8046 2617 5991 8685 5379 1567 1453 7074 8124 8172 8934 9837 8120 1021 4136 8052 6594 2209 8236 9493 9356 7064 2833 9658 7061 2124 9864 2003 4191 8040 1206 3221 1859 4106 7971 2586 5404 9116 9181 3696 9665 6725 591 3524 9663 1438 2836 123 4159 3790 468 6566 6545 385 8053 4596 3041 6289 2948 2230 670 1404 4060 4510 1780 2136 6173 8454 2746 8796 492 6353 6560 8699 5819 2434 5405 5139 3242 3056 1897 3780 8104 908 2401 9579 5997 2057 2715 
5721 5309 3628 6726 9811 6885 6407 7915 3667 4849 6895 781 9244 1111 592 8700 7903 1849 1424 1765 5708 7961 7060 9579 3219 3756 700 7849 4797 1161 1466 3231 1401 9982 8024 7060 1271 2945 3156 2973 7693 3710 8526 5107 3053 148 2097 8884 3986 2372 7399 5005 1550 5907 2741 9705 7053 6957 9854 5419 8115 524 2944 3834 5485 4143 1895 1225 7017 3725 8678 3173 4368 1117 4350 3878 6127 6615 5890 7513 634 8414 5803 2475 8401 9028 1270 8114 8167 3970 8505 6264 3566 6868 9853 1353 6436 9065 5449 5598 
8193 2586 4192 2789 9175 7721 3335 6161 8949 3128 4751 8522 9066 6052 1255 8717 2447 768 6059 4459 1352 6689 8922 9865 2313 8000 8630 4689 6568 5015 8584 8195 1517 1495 634 7540 5385 6506 6393 9094 2999 7310 6862 4573 5646 834 9077 2331 4296 6960 5732 2389 3149 5230 8350 957 8487 9232 1364 8016 839 7957 1796 8205 6168 5905 9847 3039 7391 3068 5084 2364 2655 2842 7398 2880 3305 4796 504 8802 5129 8831 394 3692 8443 279 1376 3786 715 111 7914 1812 2544 9626 1091 3926 1069 4408 6721 5523 
293 99 5684 78 6342 1079 3056 8812 2713 2892 2833 3470 6667 1737 3425 7230 4661 6111 7274 4496 2349 1725 902 4355 1291 9378 6644 1210 3095 7860 1074 2881 4594 2711 4270 1055 846 8764 1622 2127 5832 9734 4153 4434 6537 3461 6848 4956 9788 6367 75 5882 8132 2104 4099 4620 4223 4520 8018 8444 7404 9084 2864 2123 3896 2198 319 8501 8639 467 6698 2147 1087 5155 6420 9032 6330 6871 4 1094 2968 2185 7408 2258 4079 4076 1649 9030 7897 5008 3463 8144 1285 5234 4277 2021 2466 9317 6845 1369 
5455 5254 2209 1953 2796 8056 9204 7485 9256 7881 827 1696 2228 4269 243 6430 9063 6680 914 9961 1426 3631 6797 9270 908 977 2593 2989 843 6846 2545 7231 2089 6561 4406 6510 9919 4894 3248 4427 5782 8123 8646 9607 7978 7557 8676 7783 3022 6797 8023 2297 147 9086 8528 9960 5222 3728 2609 880 3942 6571 9467 3659 8014 6988 2193 3849 5819 9419 5426 518 9459 2155 8438 9797 1940 7593 249 1984 2726 1666 8810 7859 4585 7154 4918 7273 3663 8680 8535 4755 360 3275 7542 8010 7371 5284 8685 7859 
4632 6548 8118 3414 9012 1172 7791 8100 8145 47 8293 7466 1648 5317 2676 2450 4733 1835 3301 3082 4623 5589 192 361 9390 8178 5783 1422 856 7861 1016 1380 8359 4623 916 4338 5198 167 3435 863 7191 1706 324 863 9608 9758 3104 5165 6555 3237 5256 173 5470 7399 9123 3892 4295 6481 9940 4196 4587 958 1683 2362 4030 8535 251 86 6567 2998 8681 6716 3862 2255 3534 943 2734 1734 3633 7832 870 1092 1505 7982 5574 2519 1863 4354 3734 2922 1009 7297 6096 1685 8727 3964 6584 4963 7682 4140 
6940 5698 2180 2718 4151 1412 787 1479 2887 5040 7041 9305 4688 2781 1276 479 2733 9928 3354 968 5170 5285 4206 313 1570 6601 3563 6105 9152 3007 789 3348 1589 7320 7822 9973 341 7006 3270 3250 3019 2115 4389 7108 184 9650 9332 5184 7264 8592 2435 3002 1995 7133 6847 3985 5485 5306 2108 677 6915 719 9929 8100 3370 220 7857 5659 4094 8334 2786 8798 9240 580 5813 8700 7422 2145 7664 5130 2049 8177 3780 3780 9381 4507 4381 1554 7154 9310 733 8697 5514 2736 6164 2523 6018 3020 5994 6215 
1438 4498 2504 2920 72 4502 213 3377 1147 9300 841 8621 5749 6578 6319 1699 9825 6579 3755 7175 8258 7356 8657 4928 7461 2275 726 1485 6646 5818 8411 127 4305 3640 7878 4524 3468 9396 6267 1400 8114 3757 4414 4954 5224 2784 6101 6443 146 1884 1758 4929 4349 6674 6828 4064 4308 9026 8543 119 6220 2664 1727 944 9823 5765 8021 2466 9838 6001 8783 9900 845 2873 1602 7192 4687 9493 2372 3268 7932 7817 5169 9401 5533 1323 6011 6700 1253 9798 9428 7421 4135 6918 6160 258 9045 3292 4864 4521 
3332 5090 2511 4854 398 8187 6298 3257 1221 1529 3664 5524 5512 6071 1809 8768 7296 4113 9665 3079 2923 496 6778 6800 485 9136 1012 5510 6980 2306 5595 6074 1596 8320 9555 5486 4266 9010 9187 4378 6589 2135 8193 7716 7471 5574 3348 3966 8165 6580 2390 7932 6973 3578 8314 8638 714 4963 9315 2853 4860 1727 2970 7320 1531 2105 6623 725 842 2533 7418 8514 8556 2347 804 7899 9778 4952 8581 4744 8780 3507 6845 9115 1245 4416 1652 8373 9717 6949 3494 4514 5652 5968 7425 8418 444 8907 4642 2900 
8755 5282 1603 9140 21 6574 7520 5365 3536 2016 3004 9858 7041 2747 5714 3238 2190 1301 209 2282 4949 5821 2320 4536 3956 2147 7367 5257 3922 7734 8887 1663 4582 5097 242 7011 7448 7419 9854 6389 4092 2391 4383 4698 8967 7795 7503 2198 7961 3009 1172 8084 6635 5432 6314 2319 7639 6669 2265 6984 3090 7239 8750 218 7445 4448 6222 9254 7518 7811 7461 1443 4726 2846 506 5302 6235 6726 726 2410 7456 6157 2649 8426 2605 3018 853 2448 8050 8166 6644 5696 6894 8270 4501 8859 396 3487 9731 4834 