470 8166 8622 3742 7752 2167 3674 8690 3572 6669 5291 8123 3177 2515 8243 1510 567 9771 386 6253 6678 4581 5571 5713 7515 5684 9357 225 3796 8450 7066 8297 4154 1728 270 1294 435 2567 897 6475 6859 7444 3247 2460 2032 8243 5107 3969 5 8438 4391 8941 3306 6784 1240 6989 2709 3613 5246 8768 2142 7548 3452 1634 403 3803 995 9130 4587 3771 293 324 8219 7397 1977 6962 5126 7802 3093 8216 6245 61 5569 3789 8598 1115 8303 8744 6594 1859 577 4320 7350 3899 8733 7124 4115 6721 3448 8901 
9288 2229 7315 5197 752 1031 5159 6937 5838 5127 1424 5091 4016 9324 6854 2243 5393 5165 5119 1309 5939 2278 6224 8172 564 1068 6247 4641 1468 4760 9266 3529 6920 2945 1589 8659 2775 2239 6007 5618 1772 6596 3332 838 2962 8985 6491 5905 7207 6088 5398 3555 7261 8981 4176 7123 5408 7108 8489 1284 8995 3920 3235 880 7120 4408 9741 8836 4152 9490 1976 1165 5085 9880 7095 5531 4698 6909 3025 5556 4566 1241 1655 9203 8114 4691 5250 8414 385 4414 2855 4056 5512 1959 9710 7144 2984 5720 3335 9435 
311 3226 8779 2151 9978 8527 8215 1511 7231 9085 9721 6188 7891 3413 2710 6558 3277 2947 6753 9277 6679 7168 8609 6163 2992 2425 6269 5580 1018 1904 2683 7184 9332 9380 207 5410 3760 3081 2539 467 605 9526 677 8714 7409 7645 712 5873 4764 5576 5265 4563 3924 2663 4747 8706 7305 514 5095 1331 3309 2286 1279 8151 3008 8821 4412 1223 1740 6661 4116 9208 2829 7106 95 4678 3887 5365 2452 728 9359 9109 5820 2428 2334 3854 4061 2118 8053 2831 2503 3056 4040 9534 1116 8141 2348 3111 6051 7242 
7771 9182 3911 9798 483 9626 5960 5411 4257 8990 9137 3660 5236 4452 7773 3468 5695 3184 8673 1584 2993 84 1476 8949 2678 7737 9682 4828 8156 1514 9450 9045 6205 3935 5027 7653 7361 1252 6080 5176 2251 6690 2926 3469 1185 9087 6186 7851 4796 4667 6089 2085 7126 7952 9014 21 2636 3312 234 1685 8666 1759 4027 2794 6944 7324 8139 7016 9932 94 5291 7630 8874 1757 4228 8322 5855 8178 2527 3859 5924 665 1392 3696 1373 5080 6317 8059 2257 8573 7389 871 2459 5505 6183 7970 634 1445 2104 7882 
4547 1879 9352 2184 2786 4841 22 6568 5015 4747 9996 6031 8754 269 6463 4153 6707 9948 2581 2334 5137 7542 2243 1611 7177 6433 4614 3837 5504 8918 2621 8743 3384 7116 2351 2105 9533 9375 2033 1237 3726 9459 1412 8138 9076 793 3072 4170 7686 9864 2936 6323 294 8621 3043 8350 479 3868 2581 5257 4793 7866 5719 6019 1271 8766 5424 3316 6288 93 1093 1512 8575 613 1368 9656 2243 7377 2521 8085 2822 3412 8690 6768 4952 789 116 3837 1115 6029 29 7353 6927 3656 545 4329 5119 8483 8136 8672 
7903 3932 4075 1357 3692 1713 4329 8537 5523 9481 7087 682 9604 7351 7815 806 3126 8262 6541 9087 4770 1908 4699 6797 2660 9602 4535 9058 690 1130 4304 8934 5147 2904 3633 9701 2398 4633 220 1019 7689 5811 6228 4165 5882 2226 8534 5755 7367 52 4473 7569 8531 1452 3615 1262 5797 117 1012 81 1858 9954 9265 8971 5864 7924 5278 658 5089 5645 1103 1304 3645 598 8011 5008 3290 6385 4031 2811 575 7747 909 6037 4223 927 1280 8151 4500 5168 2620 687 4075 7855 8985 6393 503 4862 4064 6103 
7544 9284 4550 9085 32 9018 7227 4948 8323 6279 8874 1153 2489 4796 5535 1943 8763 9303 954 1910 4570 4897 8381 7437 1837 8378 9279 2866 3689 9839 4409 9479 8953 3465 270 1109 4712 5048 8818 484 4779 1776 2411 2843 3691 7371 6335 1059 4828 771 4715 7522 3289 4708 9791 760 1436 1418 434 8542 5149 5574 9488 8589 6854 2485 7337 9276 8645 1530 853 2177 1985 597 1866 7760 3340 8386 1272 9720 9916 4364 831 2981 1420 7861 9357 4899 2314 1584 4682 9500 9683 6163 1083 699 5580 356 7155 9344 
933 6205 3253 711 4485 7489 9468 6821 3472 9227 4567 1756 9052 6215 3100 5114 6014 1834 1675 7206 1409 3302 8293 2385 3426 4155 7714 8890 4985 9312 4765 9481 5538 8480 3967 9268 5451 2493 656 8324 6233 173 919 4751 8677 3365 635 3314 904 9527 4607 755 877 6475 3521 3348 539 6541 3336 2983 5958 4437 3048 9078 3234 9404 8957 6360 6840 7879 9644 191 561 7341 1605 8040 1719 4190 6170 636 8513 4816 5260 6550 1071 5875 7023 5152 9408 273 854 2850 256 9642 2272 4169 8900 5133 1832 7030 
879 8829 660 8016 2572 2515 7925 5871 5217 3302 7752 3409 3951 6602 8502 3755 6327 8203 718 2212 8158 3540 8120 7045 2905 5865 6331 8242 3306 1997 8258 3822 5528 9883 9177 8608 433 4808 8842 617 5690 6988 8905 3394 2050 9358 6518 2851 5292 509 7618 5874 6035 3290 9960 1396 7285 4641 4102 8448 4259 9761 191 5855 6996 1611 7431 2039 6141 6297 9054 988 5823 2001 539 3632 1467 1402 7368 6430 7880 4845 9106 5107 5896 1575 5933 8818 1812 5368 6947 5607 7117 428 5620 2143 2104 4278 5630 6141 
141 2668 5588 8856 4277 3999 9106 5627 6750 1834 7501 5985 1179 1709 6170 7517 3895 3704 4110 1254 6369 3836 450 2486 5081 3191 1063 7152 7583 6312 4767 5464 6465 3880 3247 6838 7404 3321 1975 9826 6797 9321 6868 3285 6467 4487 6751 4619 8945 2023 2834 3984 162 8767 8831 2056 4831 4410 5912 4162 3083 1479 2680 7918 5778 424 6305 9388 5065 9733 8514 5155 5019 3843 6870 1925 6589 5789 5037 2814 391 7064 6209 6046 7223 36 9008 9757 6088 9809 7661 414 1340 9179 3358 2913 9670 6189 7848 5529 
5825 9318 8578 1560 2858 7911 2969 8909 7305 9911 1502 2420 18 8029 6653 7886 7142 7040 7758 9887 7329 9904 8926 5511 8515 3286 429 6718 4783 2262 5759 8828 2706 9398 5983 4092 4000 460 3401 6674 6238 8994 9367 7512 4028 7548 1586 1743 4450 2599 1966 8991 1122 4725 8626 8574 9980 5533 3214 5926 8661 6888 7630 4082 2990 9226 5007 5976 3676 9315 4098 888 5699 9650 8099 2597 4555 4948 4563 8896 1444 8527 5668 9548 185 8269 6065 1181 2763 9815 2773 1918 4969 3992 1819 3173 6154 682 7674 1890 
1015 5459 5803 6391 1795 5159 9403 816 7284 6733 3096 7889 632 5969 2497 997 9606 8981 4891 173 1112 8445 2754 164 9011 6596 7144 3713 5192 5290 2659 5178 3915 3578 4982 1757 7262 8679 3762 7846 6316 9506 2165 7493 8374 9513 9984 2171 3035 9787 5384 6758 823 2166 4126 5124 9685 4481 2855 2808 2793 2981 1184 5368 5115 7191 1515 5610 4137 7025 8865 1035 2449 5773 1866 8242 4676 2227 3713 4241 5186 5505 885 1532 7679 2581 8715 9939 7548 7239 9158 3352 7195 5649 7750 2122 979 1838 229 2556 
4356 4495 1097 1112 4518 5488 7030 9841 8829 4020 660 3205 2572 1715 2515 5217 7752 4782 482 6270 6488 851 2941 4612 6158 7631 1175 4890 4004 2826 9330 7062 6825 2474 288 2058 6633 2986 4858 9356 4285 1154 6200 5234 2781 712 317 5221 2955 1883 5726 8357 8012 3442 6941 5395 9403 9310 7170 2322 5894 1215 2124 240 5943 5147 2868 7607 6453 6490 7025 8865 9832 1858 9737 8097 7710 4136 3293 8046 1884 960 4816 6470 3509 5615 6392 1697 8821 6696 2920 9959 5483 4102 4758 2793 4211 9836 1835 6173 
7896 9414 9155 685 6568 1464 5135 7596 9792 3158 5558 4628 2823 2619 3292 9600 9111 8213 3669 2220 6940 8772 7774 3786 4766 6934 4100 5906 7893 3744 6422 3845 2802 7689 1015 8570 9008 6695 7926 3667 5674 7144 8283 9158 643 3454 5782 4020 9135 5863 9530 9789 5932 5161 1772 390 9527 236 2290 2380 4362 8723 4105 4494 9366 3945 2849 7377 791 2892 8605 7027 8751 8480 7766 4214 9244 9453 7181 2498 162 5877 1280 8817 304 4146 1913 1700 8999 9558 730 1382 8846 6723 6887 8587 854 1732 7108 6402 
6412 7589 8975 8984 6317 3316 6757 1781 3127 585 134 7155 7208 376 2087 7897 7350 3257 8366 5296 8071 6557 4684 6261 9822 3971 9056 9635 5938 2171 6236 8870 562 2939 8878 4477 9136 3284 7345 5624 3611 4173 3465 5289 3887 6858 9925 4727 8550 7154 796 6977 7712 2293 4178 1468 6689 3624 2053 5640 7293 384 6681 6505 569 9881 5220 7073 6343 7912 6317 9122 8280 9396 2604 6859 9135 2346 4851 5458 1628 672 2474 3448 6539 2127 8647 3637 1782 9944 2893 1729 1968 2349 9625 5071 5927 9483 5450 3108 
8010 8314 7482 3021 9602 5230 5103 7439 5773 2781 9943 6794 1761 5660 1495 4058 4603 6545 8127 327 5272 3167 1351 2472 3560 1327 3932 6453 5906 9233 9651 4452 4696 4557 3884 4255 8279 6202 4462 3434 9716 1467 62 2191 6232 608 7455 8998 5176 2884 4467 7781 4920 3510 6647 6928 5318 2171 4684 1560 4307 4790 4356 4836 9040 9041 9904 8741 6822 9343 8309 2668 2818 2930 6595 6710 7198 4625 2940 5316 4996 132 4352 87 6370 1487 2391 2971 3418 6912 1846 3131 8114 8694 720 431 546 4332 7141 4712 
910 7826 5148 5165 3009 982 9012 7536 7233 5608 8485 5173 9246 7588 5194 9555 7885 7381 1199 9974 2990 6630 7257 6327 5578 3123 230 2713 9494 1 6387 4556 5903 6414 6032 3202 2021 3066 8002 5779 6304 6638 5510 1020 5831 3308 4252 2320 512 2458 9013 4966 7150 2238 4951 8420 4335 1199 4816 4415 196 7235 5456 4651 6381 3261 4129 1958 7467 3212 4681 122 188 6139 8973 4764 4301 275 4033 1647 3994 9006 119 772 1640 8431 9547 1976 47 8798 851 1623 4388 4343 9491 8830 4038 3017 3368 4 