4981 1304 1841 492 7705 2079 5789 7853 4908 2234 3952 8764 8652 4540 8597 7028 2171 9397 3333 4867 3190 9715 2092 1949 9637 8301 6844 6296 7708 5103 7196 5879 5211 6613 3789 9162 9533 1376 3461 2517 7409 9084 8337 9898 3638 6441 1007 157 5754 3994 9226 3161 8095 1499 571 6868 2113 8490 5744 2128 8537 9564 7580 7633 7372 7080 1761 578 7526 924 3104 4622 1199 2473 1321 9786 5026 6545 4068 8985 2709 2612 2816 2003 7232 1452 5623 3915 2691 8610 3036 8395 4131 7718 3106 5303 2535 9259 5521 4511 
9436 1800 953 2693 6763 9572 498 1512 8960 6034 6622 3288 6196 4832 4373 7938 2066 4910 5003 3939 9421 3266 3376 7574 6069 4337 2920 5306 6697 1928 3637 4900 1459 4112 1486 5882 1967 3065 6657 8408 5531 7704 1672 2923 7914 9522 3373 3234 3571 7905 2970 4816 1639 7513 6951 3824 3578 3767 7551 3960 7377 9245 1556 1633 5366 5802 2921 3572 5274 4188 3002 2712 1490 3248 6169 9171 2368 6044 8553 9919 3558 805 9975 4703 3745 8930 6812 833 3508 6039 2310 638 1824 7491 7282 3866 6006 5469 9196 7738 
4717 5643 2906 5550 9902 8970 9382 504 167 6527 59 3285 737 2780 2822 8647 8307 7104 3920 3557 603 3884 1277 956 297 3125 8832 65 1879 9274 9018 2392 9130 5718 132 1921 5379 39 9146 956 6130 1886 567 7341 4878 6994 9997 3760 2023 981 3780 1817 6423 9231 1202 6260 4636 4955 8603 6157 6834 7141 2554 5344 5343 556 3620 6999 5430 5522 9810 1171 3548 1131 129 2331 8605 3460 1335 8808 646 1007 4422 8895 3802 6125 6140 4503 6117 1582 9954 5103 6114 3597 3968 4534 8181 8706 8408 8027 
7763 4445 2237 75 7914 3524 3234 2970 6472 4816 5811 1639 4919 8019 9941 7359 2911 6517 9635 4451 7690 9085 6874 8013 7590 6452 1323 921 3679 9460 2767 2484 1054 2717 5594 3705 3112 2198 1968 2889 669 1490 5193 699 6234 4733 3570 3427 2496 2074 5916 8074 6329 7651 1899 3389 8558 7834 5539 4783 9487 1755 2946 7678 9314 9619 5531 6592 3142 782 2308 585 9913 5157 3654 6304 60 9196 1215 6395 5128 3930 2966 4382 9910 5194 1756 4741 3958 9086 9368 8148 2372 4287 5483 5803 6800 3327 1148 5525 
2114 4193 4237 4090 2776 6770 9002 5906 7030 1768 5252 2533 3122 8924 329 8075 518 9116 2020 9673 887 9213 9993 8373 2509 7466 8424 7586 9973 7663 2027 1448 152 6515 2357 1286 1783 5704 141 1270 3922 2784 3771 5975 1653 6864 7016 1025 7453 5028 9444 4856 8764 6795 8089 739 8434 8052 1986 8257 8968 5504 8516 2613 2494 8574 5819 5103 2712 8411 5264 6324 5902 1307 661 8088 5513 6499 6537 1896 8871 5137 9733 3175 3658 3481 1569 7923 9648 1700 5239 960 747 2150 5882 5249 3395 6072 5441 5095 
1499 3936 7897 2033 4517 6667 9590 3471 3842 3007 6415 1837 6403 2487 7850 7829 4579 9471 6138 9262 4951 5552 427 8559 6842 1314 705 3699 8620 866 3396 9302 985 6160 1513 1862 876 2332 8082 7445 7657 8520 1009 7206 9526 7275 9756 6679 4182 4166 9593 8848 3966 7592 796 9800 5318 7810 2731 2559 9726 8453 8048 646 5669 8905 3479 7360 2573 9153 3052 9517 7509 1475 5111 7383 1479 6757 2119 888 5039 4748 4997 3156 8038 3149 4628 9500 213 1444 9320 1241 1358 7828 5401 777 4127 8475 7796 9154 
2379 5806 1208 737 9128 1145 7285 9745 6451 3060 8623 759 892 7650 8688 4194 1507 8570 6743 3103 7231 777 7058 6436 7849 7341 3945 780 9794 1203 1513 9285 3329 5040 7988 6502 3903 4933 8498 7312 5276 6990 5328 7646 3464 7204 9873 9767 7864 7730 3569 6283 8710 8222 4547 1875 5431 5250 6787 6029 1742 1056 6231 5537 342 4340 3031 5046 4039 5922 4578 1134 1931 3829 7794 7025 5351 9750 9560 9089 6155 4053 6035 6547 4293 4825 1653 134 3912 7470 980 519 7828 6284 210 4662 6212 2278 2112 6704 
43 1690 6701 6693 6133 8028 5824 8650 69 4536 661 4824 2899 4411 5746 6142 2029 7891 8985 7597 259 8950 9059 9497 2660 4190 4111 5496 2973 7571 5229 6764 5849 77 5134 482 5229 2153 8262 7289 9063 4568 5011 9933 9556 7254 2291 4504 6423 2896 899 2584 2975 2513 4009 5676 8979 3544 7054 5347 3363 3569 8108 2964 2860 8942 3704 7036 920 8488 3623 7012 6979 3083 558 2105 9251 890 1540 2127 1546 894 3476 5758 6000 3958 1338 7338 6252 4760 1414 6414 5793 1834 8247 8323 9435 7082 4737 2465 
1528 7064 1369 398 9224 7891 5752 1077 8413 1586 9990 638 5072 4801 4016 4816 4174 4253 5156 363 2563 7884 8425 2538 7330 6937 2093 7317 7835 2438 3034 4294 7498 6537 1832 4611 9704 4761 8326 5686 9874 3162 8141 2422 6843 5440 2474 1059 9655 2626 5289 8923 5823 3255 5026 9622 8996 1018 3318 6507 949 968 2953 7152 5347 3173 4224 6073 255 4946 9235 7638 900 5281 9544 946 9011 1473 5845 4397 5798 5610 8006 3064 8982 4708 8653 5851 8008 4016 6548 3033 7871 973 2529 9 6529 9060 7450 8279 
1179 3858 4213 302 988 998 6421 8692 9873 2310 5200 9254 9126 6719 9146 3106 8041 143 994 4387 624 5825 1061 6133 6968 9274 8421 4898 4621 7784 151 6752 2829 9254 171 822 5351 2086 6420 7871 9490 668 9521 2741 2837 7249 8226 9776 180 9926 558 2106 1620 7261 6561 6652 3790 8399 630 7845 5864 8660 9260 342 690 6070 8235 4295 9072 3560 5358 8496 3907 8029 4886 6650 8083 3463 6801 7857 1228 2686 5870 3959 4404 7118 7892 2950 9190 461 3930 5115 7195 6438 8736 9510 2175 1452 4617 8090 
550 7616 5463 3771 8408 7354 9546 7138 5884 8358 3718 5587 4685 9293 9715 3324 7359 5394 1640 5122 6908 4926 820 4099 5720 1114 2592 9257 6918 1922 9229 1284 9605 8055 3654 6250 344 9613 8698 3906 1712 8857 1125 3404 1353 8765 253 3868 9250 9130 5490 4715 6452 2512 8551 250 7072 5797 5152 2299 611 6433 1682 965 4490 1616 9093 660 8358 2608 5424 6667 7308 2487 8181 4290 5906 7468 6149 3103 3161 7814 4252 521 6151 2302 2224 6303 8932 3850 2723 3478 2591 7244 9186 5728 4347 7465 2198 2998 
7042 9286 7653 7928 9620 6923 8389 4607 9176 865 5087 8700 2160 1421 1354 2921 5433 1219 5890 6414 1697 9277 3688 4787 8582 8196 5768 6821 8494 9707 6675 2572 4047 8787 4533 2416 848 5992 5020 8136 186 8027 6208 8323 1208 8349 3416 9886 971 4251 5537 5650 2556 2947 589 8411 8834 4904 8141 903 2391 1165 9297 6094 1666 8829 1581 7805 9700 4214 4652 8340 2286 204 6201 701 8401 998 8054 109 174 2004 563 1281 6322 1129 9983 427 5297 8924 2021 9647 371 870 6912 1932 4433 7088 8089 8959 
6137 7380 8367 7031 3529 7197 1376 2137 5481 714 5695 5265 8341 1928 1236 829 7470 4094 1221 5473 530 7067 9145 3476 3626 4072 5242 7152 7041 39 9494 7904 3803 3194 2448 1323 6423 211 6964 5344 9792 6833 6689 3615 8446 5928 8777 7123 9866 9496 3023 1771 9818 2152 4134 2837 3788 1572 48 3637 289 0 4028 6628 2918 3365 2340 968 8356 781 4033 1646 6905 6629 1422 4894 6618 9265 2231 3713 4716 1880 7678 4282 9379 2455 1025 4282 911 306 2448 7659 8726 2094 5854 6118 5799 229 7796 7271 
4804 1729 3301 6506 4216 3296 4435 1693 4441 8640 8378 7656 4319 1945 3422 3101 6690 8400 4237 8408 9246 6504 3311 1321 1642 7774 8801 2243 5729 1282 1867 3163 1288 6087 9335 7149 9941 1158 8074 1492 4102 298 4551 7453 2449 1394 729 9079 5212 8108 839 2149 1892 8303 7312 133 2111 9725 9885 2358 264 8352 3767 4385 6360 2820 7314 7266 7530 7554 7697 5480 9077 8042 6995 2344 5764 7158 6160 4730 7393 2979 440 8389 674 4762 2152 1282 8336 5587 6307 9586 7665 1262 6151 8091 1548 5479 798 9598 
2276 9203 3383 4062 3260 7709 43 762 7650 6176 1645 5946 6074 7041 6333 6337 8515 4908 6388 565 8072 3368 7946 9754 1093 4743 4576 9275 8236 3344 4931 7540 9386 5286 5950 1968 7945 7629 5331 6969 6676 9028 9895 141 2080 5365 1410 8689 8010 5658 293 6436 6028 894 1334 7552 6314 3687 3511 2027 7953 9854 6084 9489 1231 2068 8911 8520 1052 4438 34 6191 3067 835 1793 5680 6632 943 5996 9591 8941 963 2065 5696 1217 9555 75 1799 3831 4492 4290 2041 2009 1251 4769 3037 5734 9719 5316 7717 
8843 451 7911 26 3316 3390 8798 1182 2540 9685 9384 4870 7393 4141 9555 8544 9645 6503 7222 3053 224 9494 8821 6830 2442 8154 9354 2765 4059 3376 7136 5652 8122 2915 3685 3766 2112 6894 9989 7799 7719 8850 3573 8047 4777 2156 5655 229 5712 3528 273 2315 2941 6023 1427 6286 7330 4930 1099 9580 8031 7729 802 2091 6579 5194 7456 5368 918 9393 4546 8584 1141 1885 8265 555 2967 2933 6037 3329 5249 8790 9405 5891 1124 7030 6871 7818 2400 6898 4258 8835 2624 3827 3890 3726 5952 9644 37 5798 
246 4238 4370 1050 6010 3851 3686 1607 6164 5744 9999 515 1371 4232 7719 4334 7484 7945 3141 3166 6173 3176 5224 3144 8887 5956 2307 4570 9225 8850 7948 7109 867 9511 4846 6059 486 4879 2827 6181 3616 3229 4158 385 9047 7278 3484 2928 3753 2795 6306 7839 7121 1621 7635 9204 5953 8364 8844 1928 7734 7580 7181 986 6203 959 7351 7141 421 1334 6100 4738 2133 4538 5724 5712 9566 5289 3342 7218 388 4294 3172 5792 4062 5354 1272 4700 2378 179 6252 8412 3163 9990 9070 2896 6810 4834 6238 1549 