903 2041 2709 6724 2682 2319 1646 9018 130 8278 9400 7680 2468 8479 7016 8348 2553 6408 8896 6705 8344 74 6308 362 7201 8885 5642 7681 6586 3846 7206 6436 183 4961 8471 7669 712 6507 8172 8011 1216 7967 3135 203 7691 7757 4848 1725 3743 3530 7118 4860 4484 2869 6047 3442 9669 6217 2206 6383 5082 5014 785 2723 2407 2806 3563 4370 4881 5947 3440 8523 8633 1772 7131 8679 1680 3380 9867 2853 4085 7340 5418 6084 388 4690 5200 8651 1715 5405 687 6965 7167 7497 524 6828 6039 8572 9003 3611 
8642 2936 4048 9975 5578 8352 3173 4066 5671 5632 3190 1356 7575 8276 5521 7315 5689 9225 968 4538 6368 9553 1991 9758 5279 737 46 9237 1279 1887 9486 213 6581 2216 2183 2213 8763 8651 3103 1890 2894 6525 9358 5794 7771 6697 8245 4900 9273 9951 3611 5695 1767 5968 317 5114 1766 7384 6344 9299 9101 1114 1065 8277 7328 5585 1478 6445 6037 2142 1067 1459 3082 5298 4220 3579 46 2489 3488 7135 3335 7857 3419 3523 2772 6956 7795 4383 5624 5614 3718 2132 3384 2370 5821 5952 2992 7871 9214 5480 
3032 2387 3728 980 4656 863 3447 6031 9331 8126 5762 3090 4605 1771 5585 4334 9874 6628 2277 1404 846 4016 2169 882 8869 9960 1767 8395 9577 9058 7524 4423 8439 9190 2796 9823 2206 6338 4902 2376 4915 6513 1100 7238 2892 2110 1045 9657 9282 4172 2013 8231 9856 4055 1322 3767 5064 8862 4496 7008 7468 9955 9507 9210 1726 7102 8570 4644 1323 8792 46 5905 1041 9460 8073 8691 7260 1100 5209 8109 3676 2810 5373 676 5997 7328 7126 7802 4870 7699 8298 9878 3115 4818 2116 3970 9953 7074 6960 954 
2593 7657 5902 6948 6157 5132 7330 4948 7580 6556 6574 6945 7540 9482 6082 7444 2424 4454 5254 3637 5532 971 2899 6372 7065 5576 9220 9399 3196 8323 2561 2672 1041 375 2489 6088 981 5164 2728 1005 7767 5731 7928 4279 8142 1644 545 1434 1486 9313 9642 4576 5053 8220 5691 7736 2270 6983 1845 2695 3516 1976 9368 8145 8059 4929 3873 9412 2108 1493 6197 9737 4550 741 3154 2975 2556 1815 6666 7234 7015 8163 9565 123 47 9576 6439 3920 7883 2367 2060 903 2296 148 7817 3692 8789 2073 9362 2153 
4242 611 538 741 2101 9406 4212 6358 798 8563 2061 6858 4059 7944 501 417 7319 2147 7182 4677 8173 70 611 3198 9849 9154 7653 1533 3917 3191 6359 3038 7290 4 1637 372 6081 677 3002 2964 2938 6922 3260 762 4772 4487 8702 1801 9596 7112 9734 497 2089 2519 479 2944 7235 9461 4837 181 5502 3419 9311 4826 6930 469 4987 6466 2748 8424 9303 6772 8266 3266 6156 1013 1601 4840 7268 7960 8245 8112 8037 1806 3418 994 5605 4302 4353 2682 7859 4778 7498 6914 4805 2044 7994 1950 6904 3468 
773 4285 6792 1570 575 5670 5536 5534 7814 6407 5653 1571 2839 860 2330 2728 447 1586 4252 8064 2277 2861 8728 8539 1013 1274 2379 7896 7835 3874 5662 4053 6855 1557 9541 1812 7255 4273 3692 615 2643 1715 5566 1283 3860 7282 8429 9056 471 955 5086 7729 6080 1508 1347 5691 2145 8350 5145 1627 167 7429 7522 8261 9312 5489 8536 1267 1225 8149 3506 7684 4778 5866 8472 344 8750 6359 5092 3031 7940 1795 1527 9437 9401 9326 6806 5336 8183 315 9719 9636 7060 7 6533 8334 6282 3460 703 9101 
4193 1954 913 5419 6382 6854 1531 6711 3814 2033 1197 9783 7856 1227 9107 7051 8149 5663 3769 5702 7844 2490 8630 4160 6689 3675 543 3196 6418 1592 1171 7590 7355 1678 8013 2742 8258 4459 2358 3026 8208 7783 1300 3809 2820 9107 7530 7554 9605 8267 7697 5031 6734 7333 8481 7159 2469 1402 184 4450 52 7869 339 7135 4599 4851 6527 9618 157 1699 8055 980 1852 4428 1679 5452 2474 181 6669 9009 6465 7414 2890 7697 1869 5430 6065 9906 4748 6599 2036 6986 9260 808 7641 8927 1136 9357 5395 9268 
920 4670 544 1613 4618 9963 1078 9461 4535 9098 4579 6876 416 8685 7257 9138 9072 178 140 7272 5590 5206 2478 1288 7660 9148 5857 7137 1101 2950 2048 5172 1393 5466 2048 1809 7300 5450 6067 8652 8010 8314 7482 9602 682 5103 7439 8592 143 5401 9943 7954 6794 6354 2264 2256 4058 4603 9062 6545 8127 327 5566 802 5272 3167 2699 9493 253 7136 2265 3057 3760 2292 4716 7265 8908 3554 3937 9538 9120 4739 2037 1088 9422 6933 8663 9675 5800 8292 7144 2053 612 9772 9494 7038 7107 4921 2298 6317 
8475 2588 2207 3947 3679 3369 9879 5716 5403 1490 153 853 6138 8285 5910 671 7779 9300 2700 7951 4096 6891 5123 570 6025 1354 2639 3723 4286 8071 6728 7736 4539 5211 781 3437 4029 1975 6093 2546 3210 1537 2193 6319 3759 605 8182 5984 4910 3720 4129 3625 6094 5188 6247 39 8178 9100 5124 9481 5997 6178 4547 7534 8372 1219 789 9921 7927 5359 3198 8408 9292 7666 4173 7706 8703 7343 9182 2633 7083 8631 9062 4337 3736 4104 377 3553 9197 2544 5246 6602 4783 5784 1608 4769 406 9752 2270 1465 
2358 3530 5719 9943 9848 9109 9610 4355 2837 4656 7620 8348 5581 3117 8386 1704 4758 3241 9115 9790 1632 6085 6905 6020 5933 7619 1330 3581 5836 519 492 4493 7611 6857 1777 6833 1615 1370 8325 2428 8527 6080 1761 4670 797 9745 7703 5765 3041 1674 7246 723 5256 1243 3574 9383 5895 2045 9456 5255 6691 2603 5016 305 9895 9496 7590 4714 4333 4057 6759 7724 736 2719 6005 4700 7338 8985 2291 2342 3460 5188 7532 1549 1582 8 8448 3634 700 5632 8413 7901 4828 7589 9852 4568 9371 9320 308 588 
1756 6378 564 9709 7070 2122 3007 2909 7591 8774 482 2512 3721 3728 7532 5609 8082 929 6679 1892 974 2807 3158 8660 7027 7374 9884 5850 1312 3658 3062 5263 2087 5418 2647 3751 9613 4504 740 1997 737 1405 3493 2772 9247 6070 1817 4880 8976 9552 4435 9069 2115 9019 4311 7618 8131 4502 5007 5738 1655 3092 9683 6052 8240 1843 1902 8364 8455 8246 5544 7961 1392 1187 9357 2716 1564 9433 2407 5774 810 2498 9038 1700 4657 4908 810 3479 6862 4665 1639 5009 289 3352 5785 4246 1837 1117 6457 9815 
986 6723 6048 9685 5208 1391 7372 7767 9256 4316 5243 1944 6511 365 6085 9232 408 3498 5056 8156 4770 4981 7314 8015 1787 8554 3421 2156 6875 7204 1852 7423 9919 4120 6164 9662 3830 8386 9220 5767 9372 9427 85 8683 6699 4156 1463 8022 2245 4138 4408 5631 8189 7273 4348 3418 2358 6673 2962 841 5118 496 5815 3558 1054 6775 5560 4836 2994 2842 3236 7550 4386 8169 7294 2358 8458 6570 6313 9718 2556 8332 3444 7781 7669 9446 3968 5012 3427 653 4509 1302 3127 6296 3909 5269 9778 7352 861 2762 
5271 1782 1953 7628 7084 377 1541 8699 4797 8595 1687 1630 3320 697 8311 2843 5637 584 3836 9395 2716 1981 5322 9786 5512 2322 4336 5227 694 7097 7435 9953 2963 577 8910 2708 7995 8352 3400 7365 2412 4397 6041 7397 3714 2321 5935 84 5122 704 7852 4261 3567 8666 7477 8806 1055 2459 8259 813 4818 7112 8973 795 5299 957 2603 4257 9075 7247 4614 3928 1673 5629 7593 2925 3866 6532 2603 3793 6455 3204 7563 5015 5969 8157 4870 102 6815 5413 9694 1545 7898 479 1786 1234 1642 7713 8797 5601 
5369 5977 8464 6247 7052 531 341 5557 3320 2712 2364 1268 6582 640 4359 5703 7598 4758 8561 602 4745 3878 7590 1818 128 2082 8015 4721 7753 6792 9530 3473 2969 9615 3276 6440 3018 8476 5865 6576 1508 8613 983 6755 970 5314 6679 1507 8174 1170 6552 6776 5241 1887 2210 6536 8303 4307 9200 2791 2559 1964 9554 5716 5515 1795 9835 5152 6734 6941 905 6137 5599 3110 439 5494 5707 2590 9886 1712 4533 7346 4227 1685 6396 8236 1956 1111 5255 3141 5119 7805 5540 1245 4138 8439 8025 1016 9886 1680 
6314 1330 1777 7827 5424 9945 8374 7370 7899 3829 4592 6273 6993 9247 9187 7840 4612 1712 6158 3001 371 1175 1685 6396 4004 1956 2826 1111 3805 8716 2024 1935 6825 5061 4166 4333 2474 2058 1399 8597 6106 4968 4758 59 1292 5319 1040 1681 5814 2010 1845 2695 8807 3135 6790 7767 6210 3083 8463 2288 2754 4494 5178 7929 2968 6858 9235 6930 1664 1544 2140 8784 6093 1236 2926 349 2774 8361 5815 3471 102 5814 2695 2983 3599 9912 2370 8963 1013 5572 8145 8059 9412 206 9013 986 2178 7512 6633 6750 
6642 3967 4858 4339 1741 5994 6200 5262 6248 529 3499 905 5423 6222 3054 9593 7187 9019 3519 2462 9928 4671 7675 5449 3846 3830 5658 570 4149 6 3423 5943 6190 7356 7327 1038 203 2148 2668 8001 9866 7223 5062 6101 4690 6839 7504 2114 9115 7343 925 4370 7561 7571 2030 3582 7649 3422 2512 3208 974 8014 9001 3849 6198 4660 2077 5532 6742 3337 6608 8430 9697 2247 4610 6892 1956 4730 9250 9378 6452 6601 8897 8017 8558 7326 6017 7100 5129 4121 6984 262 9778 2510 6580 3278 376 3011 8668 9309 
4554 4228 7607 8364 6016 7721 6610 7409 2318 3892 6585 1079 2948 3083 5554 7244 4005 8733 6300 9726 9847 6857 4075 2152 896 8127 6102 869 1696 1687 1553 8037 4673 9792 3108 5285 7821 9948 7243 3565 3971 7228 4115 3408 1461 8276 9376 4262 4971 8682 7469 3542 9980 3250 9780 1419 7182 8342 3111 5436 9209 7331 4510 1319 5306 6863 1031 9657 7543 7463 3382 2 3886 9927 4832 7057 7293 7222 3399 7106 142 187 8844 6825 1147 8223 1490 5509 3883 6068 5944 8587 2249 577 971 1108 2476 1869 6220 5797 