3490 8193 2420 8783 6988 2591 1293 377 1548 6448 2881 8435 1763 5226 6089 4141 3051 4026 6304 820 1380 12 2368 6649 6260 9713 1298 6972 5138 760 9098 7829 1674 8229 5156 2128 430 6801 9624 9051 9599 9651 3833 545 4469 7973 6301 3348 5421 8210 6082 1563 782 4773 6180 912 2495 6489 1833 5391 8123 4206 4244 7292 2504 9080 3006 3192 7680 9067 7902 7547 1331 3816 3875 7796 8769 7253 4862 8580 3525 1927 6207 5910 2611 1665 3316 1985 9724 8403 6432 1476 2094 468 9913 5193 897 7156 7718 2570 
1069 9330 887 5275 5743 615 537 5526 59 8629 7582 7707 8651 7678 455 5012 4565 4221 1893 8782 8592 7872 7441 554 5366 9598 4764 6734 7576 6675 1951 3336 502 1619 9175 8119 2065 4967 775 6510 2279 5256 8592 7732 713 7235 6415 8480 477 4795 8879 9567 2778 8042 7756 6955 1921 174 3068 2370 5008 1857 1392 5720 8533 8270 2652 531 7856 9483 2291 2970 3524 4635 5614 2342 6550 6526 6800 5578 6838 3923 5679 9506 8200 3350 3578 236 4475 7201 8442 2759 503 7206 5033 8210 6082 2792 9779 4967 
2470 912 3454 4590 6489 6542 4174 535 8123 2563 5972 1379 6548 2504 9762 3199 6915 7857 752 7366 9424 7902 7547 3816 4413 3554 1421 1136 4578 2837 794 2023 6072 1390 2807 4999 9774 7462 5935 5506 3595 5467 8751 8767 8813 1198 1715 2162 950 4400 3730 5623 3438 2450 8382 6675 1951 6624 105 5471 1619 7301 4438 4967 775 5801 4893 6253 4966 5256 5909 9116 2905 8014 6106 8804 8708 1711 9086 477 1587 2534 3968 5435 8879 1583 5239 3719 1242 2142 8971 5702 4289 4722 4610 6509 447 7391 2611 547 
8771 3691 14 6078 7551 9047 6926 8000 4509 8810 9311 1046 8597 3241 9722 6519 1513 1301 1526 6258 8722 1420 1191 8615 2168 6112 7980 5970 9707 376 6723 5496 850 6181 8183 5381 3104 5979 6537 2186 5377 6378 5575 9989 3075 6856 4912 7697 4560 6293 4023 3071 2548 4534 1058 9886 2078 6130 5289 4033 3698 9469 2483 1806 4684 563 9067 4005 9996 8317 5796 4419 241 6147 6298 6904 846 8031 8764 1622 4333 7630 6194 2154 1910 9460 8005 5902 4919 6419 1911 856 6363 6106 5647 5554 6088 3271 1830 2834 
3392 6733 798 5972 4838 5766 132 9820 5477 4406 7511 7138 221 8159 569 1877 4541 5748 5004 928 718 7371 7229 6201 8672 6637 2855 9475 1853 674 6674 1092 1915 5565 2439 4835 756 3865 4539 6428 1265 3941 2241 2428 9745 1674 3082 3574 6691 2603 2296 3459 9272 1957 4901 1953 3863 6905 5995 5537 188 1866 7956 5471 6802 9026 5309 7091 2463 59 8603 8528 4471 9410 7946 8209 7188 3956 759 7751 7078 7298 5804 4207 6580 6419 7139 2274 7794 627 2332 8888 4338 7452 4591 6574 3836 4977 5918 8156 
7565 6641 2453 6869 7526 6197 1174 6613 1760 89 6241 5079 9551 9815 5155 5941 6086 9986 174 1109 6815 7058 2703 8303 3596 7240 2911 5671 5839 7529 6435 785 9580 7284 3123 3162 9895 3107 412 1002 979 1360 9861 8674 4533 371 5530 1685 9687 2826 9330 2300 3742 7635 8722 5382 6275 3896 3267 4924 3824 2822 2945 9038 186 1258 2028 5851 8190 7318 646 1545 4078 6628 2610 5593 24 7511 9178 9989 3942 6466 2212 3035 1468 4453 6314 1035 8032 2021 5654 610 8374 7370 3829 6273 6993 269 7657 9187 
9541 9861 3266 6780 4814 4537 8255 5924 5373 2752 914 6313 8485 2506 1731 3843 812 2229 3119 3141 8913 2487 9568 4942 4901 6384 2700 9378 9573 1802 4921 7347 5016 3762 829 1131 4506 9112 6157 6274 2326 3965 5834 4473 5811 2943 4220 2912 6449 5562 7367 6202 8828 1154 1471 6616 1650 4316 3230 9861 7346 4227 7080 9672 23 6493 1190 87 3377 5757 9637 9819 7069 6018 4436 7232 7643 7603 7699 5396 2879 7656 6695 6082 5945 9985 7726 8669 4824 6469 694 891 8298 7059 3396 6640 3644 1191 1686 6524 
8136 9407 6276 7847 2553 2703 9419 8303 6950 1911 4555 4512 8269 3384 9890 9922 5024 5074 232 9615 2338 7105 1485 6018 5021 3634 7503 8476 7292 3205 7635 1508 8722 5382 983 9835 970 3896 5004 8357 3594 8476 3442 9659 1236 7657 5815 3372 2724 9466 6418 1851 8997 5391 1129 3048 6011 8410 6888 2180 9589 1532 8715 7948 3556 4243 9146 2929 7116 4119 4404 301 8613 829 3784 4644 7543 8319 9073 1073 5426 8655 5784 9038 9155 5121 6336 7688 6850 746 7752 6092 9969 4224 7656 6695 6694 4407 9414 1711 
3898 6253 9444 5866 4716 908 3348 8620 4172 3258 8190 5752 4776 5026 7545 7601 4822 1167 1035 7040 5828 8108 3006 1456 163 4674 6022 2832 4560 300 478 2235 9633 4497 8958 4523 414 3354 8747 1121 9247 2473 6378 5872 2141 2854 9314 9542 224 1872 9470 27 7358 4698 4247 7552 4807 2377 6953 7144 5458 5130 6321 8193 4699 4873 4039 6153 7215 1106 2265 6697 2040 560 9615 9175 3869 1173 7306 1166 8221 305 8404 7070 8762 952 9941 6449 1092 5309 6601 758 7625 8615 2849 1943 8544 3316 5195 7632 
3281 2967 6011 9234 482 4833 1243 908 2587 7670 3152 1056 8255 9248 8923 1283 8269 6819 4443 8133 8183 490 6097 2831 1492 337 1871 168 3402 4996 4658 1696 3023 2887 7727 8815 7392 7658 33 8753 9842 8235 5424 725 4036 8266 7315 5799 5775 8743 8034 4867 3819 6873 4016 4669 7768 8283 112 774 4148 6603 2193 3395 7961 9098 5797 4225 8188 6078 2347 7044 4664 1925 8019 4514 7585 6366 78 9090 1496 4210 2561 934 7929 9992 1847 8292 3259 397 5267 7966 6642 9801 4125 6429 9488 4132 7866 4315 
6171 4199 5117 2767 3991 4866 5088 356 3436 3219 3316 838 9147 8705 6080 514 3418 8649 4142 610 4938 4310 5459 5522 2225 3394 1691 9537 5606 4424 90 1105 810 5711 5429 9785 1518 2385 7239 8050 3484 6227 2206 8931 6719 9200 8078 2196 8575 5621 2166 6568 7465 7504 1087 1743 820 818 3026 6900 7026 7510 8209 9817 1135 7066 6910 8826 9564 6238 7981 8799 4619 4414 3822 1780 219 9832 6489 3618 4848 2810 5232 7527 2147 4759 2105 1490 1112 7606 1709 7672 385 3442 2996 1173 3641 8638 5756 6336 
4463 1122 8380 4384 7417 7699 8308 7868 905 7594 721 1363 9732 6753 8786 3053 593 9778 8461 2189 9738 327 5450 1125 8847 3821 9857 6172 2484 3376 3169 6225 8520 9115 7451 3007 1372 2195 3394 7795 7367 1090 9101 9408 3626 4323 8807 503 585 331 9821 1872 8313 8825 7721 2451 8980 8307 998 4503 4561 4618 4249 6443 7068 9291 6532 1776 9751 2640 3238 4037 5232 5354 1155 6787 103 2054 8 5432 3021 3601 9538 1843 2013 2752 560 8726 3421 3244 6587 4642 7311 1572 6300 3229 6445 6875 1467 4584 
4507 9262 1430 4830 6176 3074 144 182 5631 7334 3996 7956 8427 5715 8431 2518 9758 1050 3602 8670 9817 8707 5460 2793 8632 8678 7946 4 9244 435 2760 3508 5842 263 9039 1196 5111 3023 1213 5490 47 4878 4574 1236 1944 6347 2033 6851 3746 3202 331 6590 73 4313 1729 3072 115 6966 7628 8274 8066 743 7631 8825 8212 740 7354 9590 1530 7495 7536 4967 857 3256 1446 9858 770 5025 6807 9160 9370 2434 7401 7989 8279 1535 9690 6164 7541 3588 8490 3350 8340 9497 7541 2086 5350 9802 1699 40 
6434 1437 4262 8616 4990 4681 7634 9000 8627 7356 336 2923 1913 6161 8495 8242 4690 2874 8533 9080 6442 4593 9088 5633 1036 5449 9938 3734 3438 1664 6459 3442 6237 4296 2551 1639 2652 3392 960 9855 8927 1033 3958 7483 7590 3398 4046 1534 3659 9867 9236 8175 2734 287 1912 7435 7691 1091 3473 3163 1029 4184 298 3908 9995 6535 7224 180 555 1060 8136 2069 4809 1880 4947 7853 750 3174 2634 6218 595 8612 3161 8552 872 7593 6584 1574 6015 401 8444 3312 7558 1700 3090 2753 7444 2581 4296 9991 
5530 8973 8050 1928 7412 5743 5374 3968 9688 3521 8551 9687 2613 5447 6425 9750 70 5316 3693 1803 8222 6612 8217 4462 2284 779 9360 769 4387 162 1104 1534 8047 2923 3171 5453 5720 7109 7581 7163 1545 1796 3719 2654 9563 5674 273 8191 9776 8970 7677 7050 1456 1266 7062 7131 2266 4699 6997 8400 6254 392 1283 2993 7724 2539 4121 2259 868 7881 4061 3821 2833 4671 2667 5355 7495 5110 9310 5203 3219 4335 2061 5995 2112 6275 7578 8320 14 3540 7311 1257 4202 6420 2300 8223 2672 9060 3874 9501 
5921 589 6384 7662 9398 3722 3153 8427 9288 4642 724 9555 2300 3031 7262 6838 6710 4387 2506 5500 6062 6114 8388 673 1994 4111 5253 6566 4582 6456 102 875 4002 302 6199 2239 8921 8167 7201 4445 7102 6055 146 4031 9015 8904 7471 372 3138 8054 3731 2898 7473 5242 7045 315 8064 5753 2670 826 7931 305 4131 3038 6436 9460 6751 422 6546 640 5548 1097 9028 9143 2148 2538 1508 6146 5240 7800 5427 9342 389 6975 2365 6334 3883 9400 908 2887 1163 5838 7867 1014 6514 9812 1235 6880 2966 9925 
3129 4315 2441 1166 9291 5706 6941 5691 7732 9771 8743 1036 2888 2377 237 1130 3687 3477 3540 7563 6642 6648 8261 9056 6339 393 322 6436 4973 1159 7801 3420 1456 5435 9635 1817 7528 5439 3179 40 6457 2530 3314 8097 3587 5025 3918 6399 2856 3353 1059 7930 3602 4477 6067 5507 3352 7904 687 6161 1122 191 779 1862 7406 1773 760 9102 7919 6131 73 7197 9502 3235 1740 5846 3076 1090 4630 6979 1349 2847 1463 9872 7589 6851 9787 9264 125 9688 9536 3087 8633 8846 4027 8993 697 5795 2571 1638 