6322 586 284 4033 8451 5518 1833 4646 5486 6974 7411 7448 9652 8123 4603 2154 1334 7796 2236 410 2962 7542 5211 9284 2149 605 7197 8967 3272 8002 1004 7638 5500 2384 3739 3007 7590 6648 5169 9114 9191 3521 7157 1360 3318 7711 1530 6179 9186 511 2918 9872 6882 5114 6946 8170 6306 1845 9558 2029 886 9719 1028 4655 7910 4604 1679 8449 5395 1864 1511 1063 2306 448 4289 3023 1892 4971 2064 4426 4093 6524 2672 7276 7312 3389 3370 2707 1586 4921 7371 395 2400 9505 4110 7626 5331 8179 7024 7638 
7492 2016 830 673 1641 3411 3584 2629 5383 2010 6177 670 8271 3406 3878 5229 3268 2433 5711 3453 2297 8027 6335 3523 173 9524 3475 4536 4504 527 4603 1506 517 5266 412 5904 2629 1782 5064 3441 1269 4970 1013 2654 6320 6627 1508 3976 1809 7433 711 517 8443 4247 5423 8692 9282 423 1588 1931 9531 7305 4010 7541 7888 3052 4997 7416 8025 4034 993 3001 8415 2939 1517 6904 293 665 4267 400 9420 7289 6535 4804 7333 7358 6232 2474 7558 8496 3102 2275 5264 8187 9484 3500 3136 9237 2371 2883 
6925 6649 7505 6938 1629 4549 8346 9870 7273 3601 4123 3005 2948 4474 7332 8902 8895 8546 5720 4926 1033 9810 4823 1729 8553 1759 7013 1499 4758 7763 6672 7197 5396 5325 1703 5829 7441 6600 6122 4542 3109 5469 2288 7963 921 5905 2484 3112 669 6234 3427 5580 8571 781 5539 3236 8816 4436 954 5404 490 6945 7083 3115 4055 7556 3469 9000 1187 5906 2049 3529 5763 3498 2276 937 3633 4954 312 8787 8062 6097 1426 862 991 447 1637 3508 9642 6179 7976 6594 6662 2580 7416 8854 4499 8944 6206 6826 
748 8578 1095 5336 4304 1682 2637 9238 6974 2681 1580 3173 3646 2751 785 7611 3422 7639 3915 7270 2114 3920 5744 6819 3593 413 3607 1538 2745 2272 1222 1055 7167 5301 7867 2585 5086 9318 8588 9444 1646 7252 6116 3623 1902 3918 6848 3667 6167 8599 840 6597 100 2203 3300 1442 7646 7556 1185 9087 357 9162 5623 5032 7409 9529 7060 7396 8454 9956 8092 1200 7869 4533 2320 7141 200 7373 3445 4334 9894 2240 6497 7838 2989 632 6291 8220 1173 7947 4574 5634 4824 3840 1687 2004 936 3465 7624 6821 
7371 5792 5694 9139 1125 4823 8894 5962 4460 7206 6982 8851 9764 8801 8313 4012 8053 4506 2241 7066 6157 9766 5380 3965 8138 4473 5811 7827 6449 715 6202 8828 9050 1471 6616 1192 6935 2448 7237 5079 8954 4079 1556 7304 6321 1583 6439 5496 4071 8221 822 2953 7485 5996 920 4753 8096 6012 6089 3678 3220 8077 859 9881 67 4239 2442 1623 1794 184 9449 7005 455 7660 5090 523 8148 2076 3128 2536 9713 3365 1502 4820 3248 5241 742 7972 718 435 1937 9715 2211 4705 282 5942 1470 3378 5056 2136 
1738 4448 8304 9921 2868 9710 2058 148 1841 1685 5322 9452 7620 3758 8816 8066 4791 1288 974 8783 1678 4938 4228 9312 4306 7038 1654 7277 7089 9847 477 8052 8781 4628 8173 7411 5867 718 3198 2185 5019 9438 6771 8957 9384 3844 221 1840 3095 1273 1814 2596 4257 6067 5537 7506 2630 9297 5863 5480 1880 3760 9320 1819 684 4363 7367 1419 9314 1371 86 8421 9208 2735 4219 6675 1178 4549 1879 6472 1838 3275 2453 185 2325 4281 7740 8031 4971 2180 7961 3662 4279 631 2964 9558 2859 8226 4322 1627 
1643 6726 5475 633 3920 3677 8341 4924 321 7215 8548 7754 3653 4714 4690 7427 13 7171 7259 642 7439 7445 6969 9457 1458 1914 7327 3656 4275 1891 7278 9919 3546 3334 6064 4283 5603 1773 3082 7338 4746 7014 8969 4513 7185 2998 2378 5324 6100 633 1814 4757 9863 1065 485 2683 4766 8092 9033 3674 9959 8317 2145 3141 3507 3143 6358 7243 2439 1373 5023 830 4037 8985 9904 6126 597 7316 2301 8344 6510 1074 9154 332 1171 34 5478 7597 2224 8222 5459 3488 9449 827 637 7080 456 2744 6746 394 
3156 509 3514 2004 6102 9315 3281 797 7230 744 7419 3945 7665 3502 6008 112 6559 7570 1765 4115 8773 824 2809 5185 650 9510 5522 2463 5490 5925 345 2040 8151 7643 728 4014 3848 5640 207 6589 6161 8468 5447 7809 7878 1478 9396 7481 192 5920 9307 3757 4961 2784 6101 6443 146 9513 6815 8428 9463 6828 431 4308 8779 1327 6407 4803 4246 4680 7682 3166 9113 6792 9652 2676 8599 9672 23 4083 713 3261 4859 3868 2491 8286 3971 4679 4467 3425 8156 4916 8057 2570 6064 993 6291 4048 1771 2259 
1537 4462 7559 8025 8943 2521 2960 8767 4147 4611 4878 9752 3620 2029 7758 1089 9945 6701 6021 2347 5291 6248 437 4599 2499 5549 9743 1746 7898 9481 5085 9685 8550 2335 1784 5068 7382 4014 4466 3581 8808 1797 503 1930 5973 4508 9162 7008 3917 3295 7934 460 1321 2735 9872 4020 2900 1515 2142 7597 3566 9385 6172 630 4814 6277 4440 2821 9283 3466 4433 8156 1569 6030 3012 9373 4798 7703 3768 5297 5523 5540 9031 9472 2458 8907 8350 1939 478 1563 7186 2330 9958 7854 986 4618 8434 5644 8492 3344 
2481 6421 6698 1936 3000 9708 7245 2141 4662 1195 7398 6747 389 5595 4113 520 7633 2864 4093 6605 5486 2721 5057 7263 4524 4119 171 6010 9477 346 5184 6840 5198 9171 195 6812 5449 6796 5522 6873 6472 5216 2987 4258 6901 3789 5648 7756 4030 2660 5913 9456 7075 1527 2518 217 6037 3413 7570 2874 4690 3777 4044 6554 5152 3172 3848 2837 4028 207 7883 4964 2464 6161 3893 2437 6623 9430 98 7388 1723 5978 8858 8124 6167 5528 3464 5160 9540 39 6827 2784 4762 5055 6596 1856 8280 7718 570 2782 
414 7811 1586 5876 9595 3016 3675 8229 6186 1445 7289 8150 9102 6942 2033 307 3550 6284 2702 5479 8617 3205 1458 562 7107 9249 2967 4233 7067 3908 8909 5578 6743 5020 7800 9167 3010 2978 5693 6559 6007 4179 4438 876 6010 4539 7250 5406 457 9370 7398 1407 2758 1738 2444 7595 4087 7825 1510 5223 5732 6772 1223 6632 4157 2034 7369 2658 4825 1331 1959 1141 7873 6979 3200 995 3299 5957 5611 5673 6093 1685 9899 4092 6606 2054 6204 5970 676 3242 8013 36 5784 5271 232 9346 8507 632 4027 9279 
676 4006 959 5283 3690 5469 2093 9077 9935 1950 6904 1893 6363 628 7862 5820 3842 9963 2045 4567 9278 404 9140 5905 7962 4193 5655 1947 7902 5301 133 1863 8010 4058 9920 5595 4623 4028 4617 4853 2946 9601 1699 7286 2925 3199 3442 157 9211 5361 8408 5131 8828 35 879 9288 713 4 7836 3924 6742 7455 9186 5952 3182 708 7167 2243 6335 3672 6810 4279 425 3715 6312 7224 1283 4492 6619 8049 4870 8648 6924 894 349 2557 2480 5091 7892 1716 895 4919 383 9624 8813 2414 3031 772 3064 35 
8932 897 313 5160 1243 4193 7032 4490 4744 1964 7456 5007 7828 3427 6214 709 4018 3172 5527 3082 1055 3848 3874 6385 6119 9345 7883 7973 2667 2917 8468 5595 7069 9062 5447 9476 6035 6771 1735 4402 3672 6898 1780 8849 7503 5539 7926 287 725 5152 4985 888 6297 7832 4484 5210 6078 5734 889 3179 89 6313 8262 9728 6295 3137 7258 4122 3080 358 6822 6858 495 5667 2996 9076 6814 5020 6229 5001 3569 1549 9493 5071 7090 1360 7549 8283 4077 2972 6725 6897 1460 7464 8673 1391 2123 1753 8468 3267 
134 9111 5134 5236 4681 1301 2295 7881 9274 3260 221 8477 6294 6305 1376 8276 8646 7365 7418 6801 8217 1172 4498 7889 6231 9542 8678 6693 8566 4664 6994 5013 7651 1657 5968 752 9533 6914 4107 5126 8717 3805 4932 3824 1132 4953 4105 8727 5866 642 4127 4916 6905 4857 8021 534 9660 9917 657 9683 849 485 2429 2010 2069 308 8314 9506 760 7378 6342 8776 246 904 2973 3076 5239 1739 8835 6608 3326 6425 5807 4929 5108 8929 572 3090 8804 9181 2788 9688 9197 3920 1559 1670 4888 3270 9885 1881 
1174 8834 4090 2009 8346 8956 3930 6550 3798 1329 8964 149 4080 5537 5828 9719 3860 6803 8905 5254 8055 6565 1000 5909 965 7174 5554 9110 9449 6305 8323 3193 106 7958 7474 3351 7815 1215 3834 7546 3322 2421 6856 4363 3464 4547 9142 1306 9039 8970 3211 7282 1526 244 146 3750 4587 4928 2245 5916 3738 7454 2886 3094 4315 8956 8583 7300 1336 2328 946 6539 8785 2227 122 269 3359 8000 7606 6605 5397 9213 3957 7555 5337 6986 4318 4735 1131 2603 1938 5106 8136 908 6304 6675 1589 3933 4032 7319 
2302 6424 3354 2585 1755 9910 5229 6682 7921 186 8107 7612 8315 7765 6761 2749 5255 1071 346 3504 5039 3145 2694 5372 731 7305 2638 9139 7147 1573 9498 8489 4534 5645 1649 7683 4667 6621 5124 3125 2440 3577 9258 1519 5961 2562 2599 9648 7054 1447 5970 3876 1793 3837 3546 4833 1227 3987 5792 2787 2341 2197 3211 8775 8514 5626 3900 2941 38 7684 7252 1532 57 5253 8127 7184 6270 3046 6726 4136 4935 8918 7786 3070 4594 3197 1089 2376 9094 7838 3108 5963 5690 9225 3364 6991 1007 5003 5837 6035 
1750 1797 8210 4163 5152 4866 7807 6568 6247 9874 872 1369 9464 3327 477 7225 774 3754 54 1525 8275 4155 9234 3657 4221 5380 5900 7394 6571 1527 9049 7359 8934 8339 1269 2446 5704 6808 5869 562 9383 287 3912 3234 4466 8235 5420 9448 4089 1985 144 5262 2594 8097 6333 6398 2198 7250 7457 6398 2764 9828 4115 9913 6469 772 5859 6831 1464 7735 1003 7324 1986 2404 7031 3243 2918 1124 3349 2050 7976 4533 7367 7958 4463 7170 2312 6833 7743 4386 2604 4281 643 4921 408 6803 9583 2902 1167 1827 