2107 2392 5883 3338 4374 6021 3965 5255 4222 4808 6266 2498 1743 2467 1639 8513 7388 2987 76 9972 977 7775 735 2382 6337 3867 1843 9739 5253 2913 5766 4820 3978 8046 248 5916 4282 9482 6397 2303 691 9483 9564 7611 6745 428 2271 446 8786 940 4054 8060 3475 9061 8625 3249 5293 2085 6586 809 9870 3435 3036 9068 4388 3897 6881 2193 8294 388 9245 5716 4491 6372 5996 8281 4719 4947 960 567 4203 6534 8255 330 1457 2589 8255 6312 6373 4178 3531 5692 2559 946 7695 6829 6082 5642 6822 6038 
1660 4565 7337 4962 3574 2897 8979 5462 8282 903 1704 4581 5079 8179 738 2603 2406 1536 3904 1470 2772 8606 4379 9918 6705 5546 4978 9963 2472 6155 4115 8101 5624 2834 2439 8233 1722 7829 3143 8229 5156 2128 430 6801 6518 4149 6371 7125 3644 3833 545 4469 7973 6301 6196 2253 3348 7852 4233 7492 7952 3804 3690 2680 2960 5414 9916 6131 197 179 491 3366 2371 2406 5801 8750 1122 362 6919 8216 1336 6586 5482 4780 3673 7960 720 3541 8969 223 6136 9217 4235 9407 3580 1579 3634 6392 874 5865 
3271 4203 8166 2639 132 1757 8875 200 6080 1510 8014 6214 544 9067 3235 4456 6404 26 9763 686 2683 6923 5867 844 6614 8982 2966 5868 4758 9568 3733 5477 1976 9205 3738 934 1192 3343 5664 42 4499 9095 950 5001 1636 4911 295 6008 4518 8866 4799 3265 31 5359 4603 3876 5047 8152 7747 9138 3127 5929 9706 6884 7829 3251 61 481 3452 5028 6952 1572 954 5806 5053 9418 1311 9394 8240 3440 2014 1522 1078 1265 7049 9702 5805 6177 1208 9500 7372 7759 5634 509 9257 8000 2433 5638 942 6312 
9773 2073 8347 502 8357 5457 9261 5908 8821 1693 416 2426 4358 3701 2921 6744 2832 8740 2889 7894 9260 2606 9958 5249 8108 3480 3463 7086 9761 3378 6340 6700 8350 4206 2495 5608 1086 4006 4288 9651 9963 9506 9707 3262 732 6589 6438 9539 8398 8712 6105 9162 8810 1485 1354 9911 2978 9378 6388 8688 6599 6554 1873 3008 6039 1096 9958 3221 418 1173 8103 1521 209 6808 9714 5511 9613 5158 222 122 7772 1063 5569 3228 9853 926 1309 120 6294 3988 6816 1908 4591 4808 3252 3889 2568 2968 9235 1304 
6093 6847 7401 2579 8725 349 6931 8361 5815 5359 3188 1963 623 5817 9466 6418 1851 5391 3048 8410 8457 3817 9244 1720 2007 1444 4417 6229 6279 9435 1875 8046 5119 6666 1360 5729 3863 9986 5981 7666 208 2083 7444 5701 9239 9161 7561 1814 3903 1488 6000 7405 7611 7416 7424 4453 5636 9811 1656 5831 7320 4555 4512 6907 2049 9437 6460 2418 8537 2834 4745 2076 8182 3756 3677 9735 4075 4259 3329 4390 9279 8320 9476 4436 6825 8823 8690 9766 6380 4065 56 3686 4462 4348 1069 2745 102 8494 2246 7828 
1584 8287 1192 4672 6418 7248 7561 9068 5561 8785 8201 9806 5981 9316 438 5331 880 8884 798 3377 4687 8123 4216 790 3023 3625 8553 1816 799 6019 4181 5931 2239 4138 1778 5649 2281 2775 5873 3024 6918 4057 3639 8032 6064 1871 3649 5780 3510 5058 8218 7594 8735 9145 9778 1884 3397 3868 6936 1788 7218 372 6068 250 4990 9846 2225 3321 3990 392 9680 8585 7913 7021 4239 1341 3025 8617 2703 6324 9528 5737 4446 2934 6955 7508 5631 2371 878 1125 9324 7429 736 837 3185 6917 97 8867 683 6624 
871 5071 2065 2589 7320 7813 4998 2285 6122 8784 5271 1564 7320 2793 7551 9172 9298 4364 1823 4579 5032 2098 7132 1794 8527 9244 1583 162 1553 3667 5420 470 3214 6959 5992 2011 200 8846 3015 6808 7278 420 9435 1069 6079 8498 7768 9553 623 8107 3773 1186 670 513 4659 3157 6479 6263 8640 1862 1033 7133 6906 6517 4662 1123 1306 8120 4830 680 4442 5092 1143 9963 7570 1423 8301 5340 2743 1221 6942 3505 3624 8737 1292 2564 4665 9526 9052 475 7561 5562 4758 699 6519 1926 1968 923 9784 3950 
5974 89 6296 1559 7269 9595 2169 6543 9776 9585 2980 3124 8386 8495 9776 5320 362 5449 909 3316 6580 2865 4307 9269 7255 1696 473 4638 6282 5302 7263 4903 210 4106 1934 6405 7678 2945 3943 4282 6493 972 6602 9219 9893 9643 8578 3000 717 9895 6470 9334 465 2459 2057 1913 1944 2310 8081 7324 3556 4197 8811 1121 6697 5788 6555 3170 9068 2372 6884 4844 604 3747 2875 6145 131 5248 9149 7308 1370 6563 2306 2569 983 1093 1869 2719 1946 7857 4529 1915 3374 631 4 2213 3280 408 1715 4963 
6635 5641 5337 8758 3459 642 3450 5743 8701 8597 1635 3588 486 2877 5570 7040 4856 1964 8817 3839 6659 2591 9938 2046 7939 1931 31 4897 7525 9284 233 3801 5161 2492 4306 9178 9747 5377 1882 5263 5959 96 5102 3785 1052 1600 3830 7438 5878 9091 7101 513 6087 9734 2068 3396 3896 8393 8868 1773 4848 5084 1603 4992 4234 8009 3943 4756 5506 5755 5539 5594 2326 3081 1386 6740 5478 3312 5266 401 3879 5665 9951 9683 9775 1029 392 2916 5598 9768 7428 1992 9652 810 6462 7957 5617 9651 2919 2340 
2949 9583 3318 2042 7599 2548 5436 6247 1913 156 6160 8756 3224 7315 3624 3624 7894 9907 6858 8696 7734 6550 3249 6062 4554 4723 2657 6898 4161 2450 3595 9825 4667 9268 5365 8245 5423 7327 1806 109 3227 6961 8581 4511 298 8636 1078 1569 1678 8622 7474 7588 2370 3840 9393 8931 8287 6604 1649 333 7981 7030 723 2069 3030 3734 3573 9006 9911 7316 5384 2375 7666 9672 9555 3068 8533 3792 65 7530 8537 9062 3482 3407 4434 9034 8932 5087 3967 9063 5766 4470 6888 1099 3756 9879 6394 1678 5509 2463 
4596 6035 7761 1243 2516 1495 2185 1579 5256 7951 2227 9694 9116 3046 899 7877 2225 7026 8587 6451 1999 4331 6316 4738 265 1803 5347 9897 3878 2984 3250 4604 1407 2286 8825 9848 8397 1259 5835 5336 7935 4382 724 3106 8002 6890 2176 6886 5844 1650 4109 1575 3229 3769 6340 2963 1843 1644 6885 7282 9221 3802 5875 729 2110 9976 7521 9450 1313 1837 6163 3569 9044 1318 9596 4822 7578 4613 4440 7939 2462 8496 6837 5182 2736 6850 9666 315 504 1739 3862 8061 2800 1177 4994 8535 2481 4668 34 2243 
5752 7577 4015 7494 1816 8379 3413 13 3858 7481 4395 7700 6526 6291 3317 5690 7687 5192 9929 6086 7410 5906 7214 8273 123 9426 4746 7761 8713 6665 231 652 3698 3821 1100 3248 391 6271 448 5046 6009 334 5534 6078 9291 5298 7526 3535 1638 515 3865 4853 496 1476 8762 2471 3617 7378 274 2025 5429 3554 2672 1623 2871 8219 9370 5975 3261 7823 6513 67 5798 6854 468 3347 2728 2756 6018 7209 7058 2719 528 7164 9010 5538 4957 9354 2110 8128 330 5231 4159 8278 5764 9059 6384 8136 2517 379 
845 7480 8497 7941 2687 99 3697 8290 2835 3371 9510 42 7681 6912 6961 5939 6387 5271 4159 5589 1556 8333 8782 1118 9253 9487 2804 7115 7303 1769 3685 3255 4046 8139 7447 9071 761 2164 7956 2974 7914 4720 7575 5441 1576 1878 6445 7624 2851 9205 4170 4545 9899 6750 8966 1303 4466 94 8068 565 905 9281 6671 7535 5538 6464 2587 2046 8587 1299 9497 2016 1445 1855 3118 2619 200 5956 9789 5722 7870 5370 2462 6613 6679 6080 2882 3426 9129 531 8402 2611 7638 959 962 6206 8279 9756 976 5770 
6163 4053 8682 271 6806 1264 4733 3720 8677 7769 2803 8143 9332 9569 6640 2869 2786 1463 1620 8387 2883 527 4872 3586 7377 1537 5594 2327 1349 1295 6759 7760 5501 7649 2669 1848 6210 3463 7856 9940 896 2842 5450 5169 5261 2180 8965 4155 7669 6666 4669 7897 5965 7194 4647 1672 4007 4903 5286 8490 1650 3307 5727 2022 4562 3462 3526 4331 7414 469 890 25 1961 9781 5282 5023 830 7178 9904 5892 7132 6628 9753 3909 9756 1327 580 7180 9249 744 9185 8685 1373 7216 7811 9178 2154 5064 2959 7667 
4314 7489 8567 5307 355 5031 4761 4783 9137 3157 9713 3422 3830 9524 508 9954 7773 1636 3765 9606 8156 4436 9028 133 1496 8055 6043 2474 4108 8931 4889 636 4252 9668 309 5338 7348 3693 87 2265 320 1514 2282 449 1981 5373 6761 4611 220 3162 242 7573 4007 1428 316 2347 4685 5851 3692 4337 8145 5268 4247 4418 5455 9482 1578 4251 2747 5783 2145 484 4019 5639 7130 9572 94 5809 309 9279 368 454 3314 8401 1031 8119 4737 7911 4569 5559 1741 9658 9232 9601 9124 681 759 5686 1231 8674 
8187 2741 8215 7561 3269 9413 7925 5533 2515 1079 863 6036 4634 6526 855 1245 5129 5515 6327 3640 3409 2636 7931 9105 9672 9556 4716 5795 9555 3967 3635 3583 6771 2231 2228 6967 4385 3719 6942 1087 5146 514 3836 4155 5114 9616 7714 2915 5465 7613 9253 8896 4153 1252 733 6582 1328 2127 3478 6467 4678 2752 7120 6163 4932 7296 6942 3252 9243 6816 3077 980 1622 2306 4068 6221 7961 1826 2981 2605 8871 4594 1736 8074 4738 3151 1511 2561 2498 8330 6949 2358 1639 7137 1301 8284 4141 1176 9035 4220 
58 5028 7531 2385 2329 3454 1048 3794 1745 5467 4353 4367 4645 4925 3512 9418 7637 7900 1289 501 3053 1743 3021 1128 3151 250 8307 7017 8095 7874 1594 5827 9178 6785 3275 9947 1969 1611 9253 16 3312 6322 8056 7845 9451 888 4218 4234 2972 8517 6902 9369 2357 7763 1133 2992 4551 7347 878 9395 2442 8164 3745 5387 6561 3364 2453 4869 9281 3060 3635 5347 134 6128 2114 7664 7535 2652 5032 7795 9720 4512 9859 6659 388 8825 1787 6726 4947 5494 5022 1930 9568 7322 9000 1929 2582 5597 9628 1746 