343 7863 4657 1130 277 8451 1962 5371 400 141 5445 1980 851 3366 7979 1712 6561 9017 6360 101 5003 3467 131 9522 5038 3017 6481 6951 240 8016 9758 3588 9924 4980 3137 235 9949 9889 3841 5580 1415 8067 9129 4264 2788 5 9064 9112 5413 4490 6392 8656 2612 4885 5252 3252 1147 6390 6299 6634 3621 6989 3198 862 3855 3118 5262 5349 5903 618 4504 7549 7165 2487 5377 1777 3693 2317 5086 5893 3479 4771 4399 2743 5180 7282 8826 9820 2580 3771 4420 4235 8595 1703 7441 7688 8189 9112 5651 3841 
7613 8200 4029 8429 7239 7341 9799 1803 7090 198 5657 2030 9868 5461 4639 7104 6859 8067 4619 6213 6785 9814 7522 8905 6092 6195 3104 6315 7345 3496 550 5309 4920 5889 9507 9333 6852 6709 977 8515 3351 2520 2111 8838 8845 4751 9493 8349 8244 1402 6580 8820 3522 9742 5737 1489 898 2827 3482 7875 8670 195 3226 7993 8515 4191 6285 6903 8 5691 1706 895 9218 1763 8326 1484 8165 3824 6624 7115 7551 33 9095 1701 2217 4375 520 5695 9367 6280 4688 142 4720 1490 3248 1075 7212 7337 3064 1395 
4896 2901 3610 8508 1076 5762 1123 4746 6904 6262 1770 5553 101 6167 458 657 7176 5010 3762 5156 2057 6813 5192 5727 4223 7489 5451 4631 7391 7557 7675 5715 5610 6687 4184 7627 7715 5480 6188 2230 4818 5085 205 5235 3078 1871 4735 5524 2366 8477 6858 4054 1100 8945 4202 3908 7799 1376 4040 8278 8727 5059 9494 3586 2859 5391 3440 5709 6165 6469 765 1630 3352 6699 6424 8382 4176 6039 212 1295 5142 7241 8330 2368 7102 1950 3292 4397 8214 4289 8742 2335 1552 4240 3546 6277 3625 5477 9872 5678 
2757 951 8099 389 3554 8461 8359 6065 7661 3447 1 4075 9055 9869 5361 6800 2878 5757 956 2568 6437 312 391 8917 2111 7710 1986 819 8799 6676 5817 6008 3714 5718 2997 5595 8093 3445 3124 6531 237 8946 9082 7243 9789 5553 2001 6896 7241 1925 9200 5684 4289 2792 2381 7297 7073 9611 2170 4182 8081 8540 8302 8219 5022 2731 7797 2143 9 7848 7052 646 6409 8294 3984 9507 9231 9572 9427 7329 5733 2956 877 1078 977 5429 6525 5273 7612 7814 8712 7084 7708 3411 7663 6974 2357 5793 5704 6864 
7016 1025 3474 174 3201 6115 4361 263 1540 7138 6072 9841 9369 9976 9572 8440 9947 4997 6074 3931 4357 1737 8231 4530 8019 7442 3042 9494 3583 1641 6432 2544 4628 397 8568 6201 9378 7781 9801 498 8175 9488 6948 5117 733 9568 7666 8811 2559 4925 5373 2668 6910 640 7622 4734 4126 7734 3318 2983 490 1053 9579 4055 5118 4473 2078 9734 8279 3532 8 5772 9429 3653 4805 7426 9140 1290 6108 6372 7023 855 2479 1637 4771 7988 1979 8377 1472 2415 7844 3666 9779 2533 8156 526 1239 3010 1362 6472 
4597 3959 7510 6026 4121 2142 2918 7465 2941 2743 6806 4511 973 2639 6169 1381 7451 6191 2148 7603 813 9791 2848 8389 8218 5735 1498 2039 6617 3937 2989 5988 6589 9313 50 995 3678 4793 5560 7743 6927 6735 1201 2330 4117 6656 1414 4450 2463 7516 7631 4267 5451 5043 4608 1120 9714 9725 1007 1917 3319 6984 5136 8620 3637 3326 5288 1602 7420 7226 8146 1249 1053 7843 7833 5576 8902 542 7092 6352 8247 1322 9186 7139 6258 1420 6160 1982 1251 3231 2689 30 8925 1028 8648 392 9087 1895 8862 4587 
8212 8391 6435 2225 5990 3190 2384 6851 8274 574 6286 3328 8128 3169 4314 4360 2881 3268 6852 1644 9381 7716 6492 5711 6364 6881 7701 3704 104 9460 7661 6231 37 8694 9492 8181 764 107 4652 9336 6819 6653 4954 4094 7841 3688 9894 670 222 7176 7 1816 9575 618 6356 1787 9151 1329 4212 9579 2176 8880 7735 3878 8184 5571 4014 7376 4661 4600 9047 4553 5834 1192 864 4646 1752 3762 7513 7651 3485 7096 4542 5783 3065 8789 5511 7896 462 3790 1604 6918 1016 6865 7343 9494 4570 4324 9114 2988 
6554 9906 5773 3655 2000 6219 6336 7358 9416 837 6625 5966 2404 3246 9808 1525 1536 3100 6919 9296 2331 1987 2904 2483 8644 2176 9018 4832 8512 7688 5632 689 8168 257 1989 3173 6945 8258 7426 3461 9181 2268 7930 2609 6662 4728 5280 5911 9556 5061 3032 4382 3103 8883 9376 6508 1788 9704 2349 7597 2599 2946 5295 2151 6531 3112 7104 1655 8146 9899 9689 2403 8934 6004 5755 458 1362 1997 8379 8581 6418 4958 9821 6592 9911 8499 8827 2691 1249 4651 3125 3173 7800 880 1336 7487 6208 1678 4447 44 
8370 7632 8524 2867 3964 6375 1310 2456 5213 3835 1284 4248 5055 8716 9912 6038 5227 6999 7143 1835 192 9639 6427 5625 9221 8326 394 4830 2281 4116 6719 4452 880 7172 4709 3026 9523 2310 768 3260 3454 4583 7709 3618 43 4034 3341 8313 3975 5946 1214 6089 8628 2671 1630 890 1961 9781 2387 9828 7273 8599 8752 7345 545 2584 5409 1106 3801 1399 2793 6730 6214 4522 8419 7374 2609 6571 2181 7711 2975 5148 5282 7590 8681 3862 7958 6140 8638 5661 4648 2140 8548 4457 6950 3415 9076 1863 1207 8080 
3017 5238 5813 6859 3836 459 2041 5864 7600 9527 6198 2955 9122 7064 3782 2992 1051 4443 8057 4557 1371 9064 240 8944 2908 3831 2127 1493 6197 500 550 9317 5143 7522 1668 2643 665 1015 9768 2525 5218 7814 2941 5799 4061 6419 7373 2847 123 6697 915 8944 9446 7375 8054 6707 5787 1386 3943 1989 8707 2326 5724 2334 6378 490 2793 9448 1184 2357 9041 1108 663 6536 2381 8031 2791 2559 1964 9554 3225 3711 3469 4413 7552 5868 2506 1500 3884 9652 4260 4884 5628 1259 6379 7467 9948 6453 6133 8192 
2855 2372 1215 8269 5623 5620 3719 4063 1849 8587 3397 5780 9911 7548 7226 7491 6927 5515 1214 8781 4581 4998 8878 905 5156 2000 2962 6840 8353 4347 5760 3777 3000 2771 2603 3478 9509 4462 7500 1627 2604 198 1215 6543 2647 9500 9683 8960 5661 8865 2236 9577 983 7554 2157 3372 7173 2371 3577 3928 2985 4440 9658 8810 6145 5281 3701 6885 3425 4059 1074 5907 3098 1318 3801 4251 9838 6987 8620 1738 1323 6661 9379 5686 2538 3207 2432 1474 9432 5169 1785 3143 390 5531 8614 6094 3103 3617 3858 2119 
4945 9515 367 3180 4667 7402 4310 4204 9837 1422 5157 9108 7088 668 2864 8211 9231 9090 9752 792 7998 2267 5196 2855 4220 8587 3524 2404 4938 4531 401 8791 8810 3470 2696 4199 9319 9677 9915 2876 952 2240 5793 2429 7244 9149 8 8754 1735 3754 4106 849 467 6045 2611 2765 4306 4897 5746 3497 7589 297 7442 911 2624 1768 6187 9347 3729 5453 9248 8708 5288 6151 6478 4332 9499 4751 2852 5700 3060 5049 4602 867 6909 7374 4922 3435 9205 3624 3098 1959 2291 2422 9207 2305 4265 4617 7039 1488 
8598 4758 3648 5247 9003 7753 5574 2384 8036 284 2798 5516 5235 2808 2087 6567 6279 2491 9642 4533 8262 9541 2921 7622 5854 7545 3930 5501 7174 6173 2404 6296 6113 8437 8405 3906 1529 9695 8953 4372 3308 8731 5198 7664 6781 396 7581 7604 2374 2154 1797 2154 4386 8626 9022 2956 4230 5877 1474 7710 9142 1596 5827 8783 2740 4214 4021 7053 3376 3228 3549 5878 501 337 8245 9597 8602 8072 1110 8 426 2265 2123 9513 4051 2499 6272 4997 8487 186 3723 5631 3069 3644 633 8490 4086 2187 5272 2130 
4816 422 5754 506 6903 6830 618 9523 1662 2263 9645 6685 7909 3309 1024 413 1104 7120 600 4574 8532 7694 2528 1512 6573 900 4288 9289 9329 1685 8194 4138 5351 6468 6385 4067 3809 985 4392 199 5402 8731 4893 3742 6697 3429 3835 1469 2417 4138 7220 230 2659 204 2608 3304 43 6370 7567 9728 4777 1066 5608 6642 3545 1522 2367 2874 181 4356 699 7249 2857 7296 6633 8910 4358 2063 129 6005 9496 6980 4953 9922 8832 2096 1986 69 827 2838 6789 5737 1253 1330 5113 6769 3667 704 2099 2289 
6588 6798 6662 3391 853 2162 7907 2126 9137 4102 2732 9350 5861 3093 2010 5967 2777 3426 4370 4677 18 2733 878 8348 4458 9653 3386 6750 1515 9111 7022 150 4398 5348 6532 6330 3173 4046 782 5561 3833 7947 9238 2629 4104 6787 9960 3064 2327 9217 4199 5472 2753 3615 6520 6604 8704 7792 7377 6903 7997 9427 8222 1710 7120 8697 2809 7201 1615 345 789 2581 1690 7458 2758 5899 8607 4534 7601 3732 9673 7022 9941 4358 7487 957 5204 2080 9398 2689 4369 1666 7480 1842 2077 2314 3833 806 2480 1517 
6382 6210 941 1004 6420 9710 706 1280 7204 9826 4966 4489 648 5281 1385 9017 4673 5434 5010 250 5217 7091 2723 9601 2093 7138 4727 2314 5465 8432 3648 5597 1660 9686 3052 5699 7724 1519 6736 3438 6993 5669 2599 7253 3604 9118 1473 388 2987 7091 3683 7750 6095 7569 3900 3935 1708 9393 382 6337 6668 8716 328 789 4760 3004 2290 6718 6876 1369 1911 6061 4255 2662 6830 3652 2772 7412 3903 6140 1760 7585 7797 1827 2190 1990 3289 6462 8141 2378 927 8541 3531 8680 182 9537 1922 4178 9245 2279 
7009 8889 903 1481 5367 1017 6505 2225 120 8588 4573 9351 979 122 7105 5469 7502 1784 1189 6683 4282 9339 4272 6056 8621 8200 3078 8731 865 2740 3960 374 9411 3220 3882 8726 3744 8511 7335 8376 4258 2388 7111 9843 108 2092 3132 1826 6567 7555 5891 9353 5780 6867 8307 9020 8280 3439 7078 2424 2221 6573 6592 9558 2853 8021 8388 1869 8483 3293 3592 6376 6426 2585 5232 6663 1779 2711 3310 1195 6374 8939 1041 6686 5118 88 6449 5225 1084 5854 7080 6625 9216 251 3904 4705 4978 129 8697 3125 