254 5199 3166 4515 6116 9625 7743 8546 2128 4089 8953 4934 1544 759 2263 2789 248 9786 7526 6275 2703 3708 5488 3889 1519 2713 5100 6662 4896 6154 5253 1323 9792 8860 357 5109 5906 4330 4424 9128 3845 8883 3727 4408 1169 7191 4303 8511 8675 7138 2435 1450 90 9349 438 7394 7212 5723 7381 6437 1316 8572 8684 9200 6661 9158 7563 3283 1351 6577 8216 7851 3680 9799 4620 7225 7476 4752 1501 9503 1665 3702 8046 6491 4244 3437 587 2020 1076 3188 4510 1750 5116 2639 7476 8863 6448 9780 3844 1229 
4889 2582 8192 3095 1183 3505 1232 5461 7675 4869 3287 6487 5759 3997 2189 304 5911 8844 7705 5008 3537 3101 5512 1301 5923 9003 1089 5197 9313 670 9064 8184 9491 4722 2632 7121 2968 8633 434 1801 7110 492 7249 5242 5012 9544 8974 6641 7372 3616 6204 1885 324 6372 5646 6012 3379 605 5456 6690 7036 9385 6548 2838 8354 3145 9414 3427 6186 5032 6643 8454 2000 9537 705 2529 2049 7673 2544 663 1606 8961 2249 4291 7084 4203 4889 4926 3790 1039 9873 8482 405 2002 3431 9819 2523 9288 970 2416 
9723 785 421 4320 6071 303 5384 823 2166 2862 4126 5124 8969 2855 2808 5806 2217 7397 6376 4708 5026 415 9553 9767 5249 6185 5487 1351 7851 6424 6848 8449 1938 2764 5680 2257 9654 6438 7452 6408 8997 5563 8347 1909 2822 4861 6923 8207 493 8311 9939 5974 5953 9204 1701 8859 1649 1714 7272 968 2519 7014 1894 2252 3105 7524 5592 2588 772 6086 450 112 375 2167 3569 2728 1005 7767 5731 3304 2807 8946 4085 6441 5700 9395 2192 1585 4460 6957 3147 4933 9428 1664 2721 7714 9494 9933 8047 1778 
6734 8159 521 8788 4723 3002 9902 9006 8247 9759 9106 2453 3225 2621 5997 4806 879 2224 6626 5889 5058 2035 6738 5750 6067 2305 3463 5975 4112 2922 5107 1023 1227 8978 1347 2692 5890 8978 1134 5662 4394 2891 3800 6772 947 3772 8866 8762 6825 7335 9882 3858 7447 6944 5026 7227 411 7337 6890 7797 6925 2027 8705 4827 561 8724 3371 3686 6677 202 866 4345 6020 6498 5336 9114 9186 2976 5584 1855 1580 3744 7013 7643 9500 8475 7067 9698 433 3180 5679 2791 7639 9322 3752 1559 9249 2998 5030 4173 
8918 4161 7554 3693 9389 2550 285 9759 7748 2040 2934 9549 5290 1389 5751 8043 3545 8426 1400 3752 8514 5849 3851 6027 300 7257 1597 5005 1572 8068 444 2592 4804 2275 6695 2044 6438 5023 934 8276 7671 2666 9221 7568 7781 2914 1471 1574 9850 198 3873 5474 3917 1821 9727 1644 1591 73 3128 8394 8656 9955 8442 2143 277 5572 2835 8048 2520 9859 3364 6910 8378 4151 4211 2126 1346 2741 4346 7569 6808 1492 23 1345 198 498 3188 5647 4961 1400 9974 522 4606 3300 7236 9771 4214 5437 1311 9833 
5487 3143 6299 325 2049 3378 3182 4245 174 404 8730 8527 9490 8134 9956 6082 9551 9537 705 2529 9091 8286 3699 7101 8691 6230 7411 8620 5536 9302 5634 6798 4388 3312 234 5985 230 6420 4365 1386 6271 5157 194 7634 1714 2078 6334 3740 161 9809 3998 372 7723 4207 1841 2242 4563 1523 4626 1299 465 2280 1543 5148 870 7192 1755 7454 7108 4409 3043 4266 2526 9881 5267 2457 9848 3649 8689 5618 7696 5300 3255 6258 9727 6189 150 6953 6460 110 7496 401 4399 3577 5252 9667 3093 9065 5541 137 
7340 7205 3350 9859 3208 6355 6297 4282 3626 8669 248 2370 455 7397 4221 3088 7065 1982 7870 5879 3277 7409 1938 7883 9219 6568 8293 7059 6690 1036 5365 7387 1831 34 7718 4586 7408 7898 630 6375 9819 1659 5561 5995 9891 3961 3384 4326 1798 8173 5293 6795 409 9527 5878 5508 7153 4106 7275 4155 7380 5256 8582 812 4840 943 33 7287 6537 8790 3458 1340 464 5051 7802 8227 2070 3292 4268 4792 6053 2523 9534 3595 5949 3679 8539 8399 7776 8705 8902 8411 5492 5379 1328 6026 2590 8000 1826 1772 
4341 3503 3818 7939 1664 5755 1948 6091 2128 5241 7590 4797 9549 9771 5487 5381 3554 5304 7216 7070 3388 1346 3180 5373 2801 1442 1213 4290 4843 3363 4709 8878 7671 695 5280 9313 6831 1220 3100 5229 9613 7784 2175 7408 9373 4542 7411 3953 9152 1270 1169 2617 4714 3630 6077 7673 3234 5940 3351 3163 3711 6151 6138 7051 6784 1689 9045 8906 1482 4833 7105 7272 7114 8301 7843 6157 5146 3820 5509 1052 4107 8312 6816 3820 235 453 5251 1678 6782 6302 1219 8365 5196 2996 3524 5834 8173 8328 3843 1097 
1642 6516 2973 2914 3596 7169 5446 4808 7368 7649 8474 1721 3066 5147 8456 7733 9238 1448 2113 3612 6241 7401 9555 6295 9499 7390 4359 4488 783 6316 1251 6939 8988 6444 9979 2783 5495 8374 3829 3715 6273 6993 9247 9187 1712 371 6396 3973 5461 2736 4562 9229 1147 8404 3249 6321 834 7990 2144 3600 6777 3333 8286 150 3818 2845 9891 11 6892 672 5650 2719 4122 2753 5675 2227 1540 6097 1573 5897 4867 7060 9936 1306 7957 1993 2329 3513 3118 4654 1975 4033 6037 4223 835 514 3303 2664 3991 5958 
8287 4500 2939 9201 6993 2096 1591 2620 6320 9807 7247 5388 5279 4879 687 4075 5796 9951 2199 7920 7077 2621 2339 7104 2402 251 888 7628 8448 7217 9463 5457 5593 4077 7272 691 4462 9045 4227 9330 2933 4102 2390 2285 2834 5131 9762 2071 829 1284 6629 2620 5411 8575 2388 83 1581 2162 7416 6222 6677 8246 5860 4133 7111 6240 7071 9028 9466 7535 8480 64 1487 3508 4615 5253 964 4615 335 6178 6000 7893 8914 2682 3441 3455 9633 1928 9599 9461 8755 372 947 55 8076 2250 2175 7721 7598 7037 
9207 1501 8924 1556 9626 3769 7997 3428 4348 9028 6029 1000 650 3075 3561 9483 9802 7680 5276 7737 7555 342 3019 8445 9518 8532 370 9557 3936 1623 8741 3499 6156 5803 9498 9294 7849 7842 2685 6780 445 9118 9886 4164 7175 9309 8800 5397 5555 6083 8504 9063 8373 9238 8457 9777 3421 850 7505 6325 8763 9806 7254 5615 2281 9020 2120 4982 9621 6680 8921 4817 6777 4226 8430 8803 6665 9338 5920 8191 6382 4720 190 1598 4615 4339 9406 5326 4239 420 4574 5337 3622 6246 6254 5774 3904 4596 3120 4278 
5204 7535 4450 3445 3157 8418 7273 4510 4992 3814 6347 4274 1704 1726 2528 1637 7217 5404 2330 7782 3466 3207 383 177 7620 9057 3755 4093 3036 8899 5231 7309 9303 2527 738 3513 1 4307 7876 8781 8164 2128 8458 6729 1995 5667 1974 2932 7735 5738 9318 5501 5493 6688 3569 2341 7392 1976 8484 7744 1762 346 1368 21 6897 668 8175 1002 6294 9801 5418 8100 7874 8370 2059 1636 1243 2245 362 3401 5171 8728 1472 5546 8641 7922 7693 3593 3920 439 551 7539 5989 9859 3093 7886 5394 2600 8079 6071 
4361 5869 9410 4262 7914 3021 1745 3796 9271 1695 7252 1518 6557 6246 4601 8921 5248 2542 5423 6173 6541 890 872 9781 8775 3953 8977 7923 8787 9933 4834 8392 4235 3500 2619 6169 2225 231 3579 3577 1219 582 8680 8347 5242 7455 6222 5734 4415 2648 4264 8801 4425 5588 4268 3752 8315 4756 5683 5523 3484 2217 1607 635 4868 6744 2378 7819 8308 1713 3652 7952 7818 3528 4620 4234 4845 6622 5480 2614 9011 6847 7924 455 9954 4764 3311 1222 7561 6579 6619 9320 8983 6383 6497 8698 6272 9981 9963 7268 
1356 1381 2544 9659 2428 8954 474 2672 2171 3550 4273 5425 675 2708 8719 665 5428 7609 9144 4882 6278 1320 2441 721 3328 4273 4912 773 8578 7982 3132 7026 8917 6706 1643 5638 3995 7121 8588 6416 8500 5596 3401 9437 1514 2740 3639 5378 3919 792 7911 6049 9014 3962 182 914 3477 4875 4330 4362 8099 442 5636 1630 9358 6368 8607 3831 211 1740 4211 6064 1258 684 1824 3140 6140 254 9703 1602 8956 8948 2740 7368 50 7099 48 3583 3096 1391 7768 3078 474 9639 2967 9877 7139 32 7009 7919 
2148 6770 1213 3717 6729 2929 3011 7331 2911 7683 7143 994 7 2021 4738 961 3213 4563 5746 2469 4073 1594 6282 901 1472 711 4525 7173 7916 9129 4839 3307 4736 3464 4702 9105 9659 5886 3727 4289 7026 6454 1231 9435 3800 4728 4957 4636 9852 9028 9952 5079 943 7593 7325 7072 9111 8033 6494 4170 1278 4290 3155 6639 7628 3438 7639 7709 4497 1263 337 6170 925 9912 8997 8713 7326 4941 1678 2873 2720 6286 5795 5364 1797 6504 7552 4145 3430 3302 9719 5275 3370 3748 470 7272 4272 4525 8807 1172 
6570 3333 6223 6124 9584 7648 3318 9996 8899 2067 6064 6971 5388 2267 4230 1378 382 12 9221 292 3681 7499 9527 6140 8194 8761 464 6782 6794 2084 3238 4485 3239 1121 2233 788 4974 1790 6221 6432 4926 6391 2405 3151 5385 5281 7294 9429 577 4444 4416 1747 6054 2083 8931 9680 2775 4835 3504 2588 7000 8094 6463 5681 4089 7703 6550 3881 9508 2442 9404 7868 9981 4229 8665 2328 4719 8586 2 8865 7713 4837 8721 302 2074 7755 6756 9825 7077 3922 5872 3326 3740 3307 2405 409 2704 7643 7126 4811 
1708 8316 1958 3110 833 9714 5232 3941 2910 1409 3599 2212 5010 5265 5952 5641 5078 4698 1834 1024 8693 5313 2187 9981 2072 8764 8148 4030 8226 96 9275 3007 1219 2874 5699 8344 7911 7913 9961 2582 5602 4925 4013 5037 4777 3577 2099 4758 5649 2906 5441 8239 9776 5252 9135 6741 4834 2078 1437 2745 1398 5278 4238 5 7350 680 609 3237 6258 3720 5938 734 7118 8249 1201 6293 4990 2387 8372 2779 5132 6345 7529 5034 1988 3886 8736 1941 7215 452 2241 2167 6595 4033 7330 245 7503 1931 7798 185 