5315 1382 9820 5669 6372 1679 8197 5243 3512 2335 1162 6093 5319 8368 5687 825 4353 396 2537 4011 360 2801 6268 252 8208 5540 3774 1582 7408 2413 3152 2415 8111 8657 9930 4570 5783 5793 636 6686 8016 7847 733 7442 5193 2723 9284 2671 3630 8905 5424 5077 6983 1293 155 8383 1108 6425 8443 392 24 6584 4814 6901 5796 8119 8714 9761 685 3203 1867 9317 8213 8688 5725 4862 8065 3661 3563 9903 3433 2721 3936 946 2712 5390 3019 7969 298 578 7332 8690 2996 9841 3899 9447 6779 8585 5532 5575 
6241 3183 5192 5039 4913 839 9927 1456 7475 7409 1266 7239 6126 5661 2227 7140 7546 3089 225 1491 5928 1276 2075 4302 6125 3959 7858 8868 5784 2934 8288 8538 713 4753 5064 4941 161 4243 6989 7368 3508 1563 1007 5141 1550 9831 4926 8819 6203 3455 4608 8556 8313 8615 2553 547 4960 9927 3275 1765 2725 358 5542 9819 7705 2815 15 6950 794 7721 8929 9052 2744 4242 3469 750 6553 5875 5707 7058 5413 6492 3603 403 5173 584 6558 7578 7765 1504 6843 50 8503 7899 576 3271 4434 6336 3381 9632 
6475 5316 1856 4515 6549 3619 9759 6827 8577 8262 478 3913 135 1849 4542 4676 7319 5327 1999 7022 6803 1723 8523 5636 178 9269 6937 5317 5745 5738 3865 6653 6725 4895 4869 6263 5790 1459 9269 9486 6726 6993 8409 5584 4471 7735 804 7293 3352 8973 1537 9495 4241 4213 2401 9557 3863 9167 3567 782 5702 6516 9311 2527 2145 6358 9703 9699 3562 2964 3869 6472 5910 6342 7119 4781 4097 475 2348 3257 4456 7045 341 3374 9370 778 2841 1620 9065 5342 8847 8052 468 1460 4119 117 7345 5714 8319 905 
1073 1894 5594 9807 2354 6599 1523 7301 1481 2061 5768 7532 870 1755 4409 2061 2526 9881 2457 3649 5618 7696 6862 6258 9727 2466 6953 6460 110 351 5555 1121 8501 8712 5155 8094 9012 5966 2853 6010 8022 9667 418 8968 7563 6670 7447 7340 3350 1579 525 7966 7566 7876 9017 6135 2938 7191 4475 7609 3822 5276 3747 9466 271 3973 4311 5890 1061 9437 7793 2164 1512 8105 1261 9724 8317 1771 3753 260 1402 4712 1825 8163 1249 3014 6677 6074 9939 6459 3320 9015 8473 7599 8542 5072 366 7581 3326 8440 
5988 5974 2099 4667 9810 9268 5365 5423 3478 4560 3498 5996 598 3925 8276 9814 9502 170 7042 4734 9323 9417 5373 609 4467 4193 6325 4684 5500 2629 6143 6773 3253 5789 6095 3477 7547 3454 1916 8352 6277 1454 1969 5114 8368 5137 8144 8985 3762 2473 4406 6319 5109 3955 476 6449 1530 1070 3523 9174 4408 441 9431 8895 3774 8315 5927 6991 3716 6730 4816 2243 6951 2490 7121 7437 2869 725 5541 7725 5053 3401 6284 5681 2706 8124 8425 5055 6628 5771 2066 6348 896 5183 3692 2009 1629 1416 4445 185 
3151 3158 745 1038 6726 4554 3238 8566 7252 485 7399 4745 8111 3049 301 7139 2808 6188 5562 1116 8175 8533 4623 4790 1369 4218 8447 4407 5014 1515 4185 2586 8253 5937 7369 9597 7171 4690 5112 8550 5948 746 3470 3349 1546 6448 5002 9696 9058 2573 4548 8720 7762 9235 9331 4905 9938 1745 6620 4286 9465 7872 2856 4377 1295 149 1547 6037 3999 1484 9001 1511 7790 5195 1092 5171 8640 87 9857 5040 5437 7513 2474 4889 636 4252 309 7348 3693 3826 3913 3556 7801 7765 144 9308 4289 7170 1574 1650 
5715 8431 2518 4294 3602 5586 782 1130 3027 9838 2806 1982 6736 7269 4667 4986 9433 2528 3013 478 990 9327 8601 5930 5098 9561 4565 1216 8830 4110 9400 8632 6738 1748 3234 8646 6025 5543 8477 6295 4213 202 6012 6341 4926 5814 158 9100 5560 8825 2301 1158 5337 3875 6639 2171 7273 3245 6561 9157 5329 8076 4500 7531 9782 8986 8230 5715 1830 2512 4818 6905 3485 2609 2559 512 2284 2151 19 3728 4575 2766 5264 224 716 9527 3322 9195 4133 5676 5838 8158 9770 2867 1713 7732 4580 9090 1329 2473 
2693 9749 766 7169 6647 9420 9640 6918 2543 1142 7799 1172 6941 8062 1641 4959 5694 8414 9429 751 9048 9476 5824 6606 9289 7482 2061 9075 7842 4945 9139 9243 3929 7892 3110 944 3885 9796 8909 4671 5691 3534 1355 9101 3030 2787 5491 2768 8125 9228 8436 2606 9326 1807 4911 281 8435 2909 7959 8903 6252 5219 1441 1079 9758 5393 9944 3596 5826 5250 6671 2923 8731 9500 1488 6879 7340 904 4395 9419 1373 4268 659 3041 6167 3864 1379 7740 867 2068 685 1143 5113 3879 4636 4635 5809 437 2058 7404 
9614 968 7665 1383 1944 9241 5405 4982 5461 2916 1973 433 5101 9602 8586 8872 1163 7107 312 8380 4064 5532 4404 5836 6685 1933 2515 3223 6797 3587 147 8511 7873 1415 5286 5018 6082 7835 4737 6269 3758 4294 8149 4973 9704 4761 314 2193 2921 6199 4915 6465 4938 3424 1105 5665 7168 5884 9461 3226 4614 5413 5454 7245 8120 3459 9739 2558 3189 6815 194 4128 628 4627 7103 7666 3355 1509 3180 1689 6515 1554 4862 8596 3955 3948 8603 7725 7208 258 6341 9556 471 4473 1393 6154 110 5744 823 4566 
1078 689 2849 7579 6584 1099 5551 2935 9749 2166 3748 3309 9102 2146 1810 2006 9054 3563 1937 7133 8782 1010 3705 8912 4009 1097 2410 7466 7923 3493 2068 7890 9641 3184 4808 9392 5846 6778 6625 1125 8543 4444 8351 8548 2133 6745 7250 2986 4062 1741 5994 9614 529 905 6222 2864 8995 8527 4927 8988 6399 1392 2667 5534 8089 8836 5164 5253 2493 4404 4165 3015 1305 9019 3519 3261 3393 1735 7410 4718 6918 1401 1918 1898 7675 9799 2606 5867 712 9158 7767 1343 3083 2288 6965 4402 2793 4494 5178 1071 
6582 9235 6764 6930 1304 1544 184 6093 6741 1236 2579 2926 7657 1936 6931 5815 3471 1963 5817 702 8997 3048 8410 6888 9244 3502 808 967 5867 6790 5796 2448 7767 3830 6210 1343 4900 3083 8463 836 2288 2305 2754 5815 5359 1963 2724 6418 8997 5391 7723 8902 4756 273 6630 3138 3768 2044 719 9203 404 689 1143 505 4320 9547 6275 1889 629 5875 6162 8582 4334 9680 4154 8548 9704 7005 7961 9937 341 7198 6745 8634 3674 8132 3121 3427 5406 2750 9518 2733 8896 1540 2869 9245 7517 3608 661 6745 
3979 6549 1164 4800 7846 5773 8761 4719 512 1900 9920 7729 2916 9823 2104 5212 6556 3975 4550 2072 6034 2899 2335 2363 466 133 7285 1265 6877 4242 6782 4628 1998 3561 7818 539 3790 7235 6665 4136 5768 4447 9630 9378 8031 2677 5063 5158 6681 8158 3628 200 7872 814 3993 4480 3345 5060 8924 8425 6719 2540 7651 3671 7479 7090 6057 4830 3193 2541 3095 4728 2136 6968 2043 2047 4611 4738 8304 9973 9518 9921 2836 885 1685 3888 2170 2734 3629 8077 4731 1368 7355 9374 7890 7016 1990 6327 1188 5411 
5253 5835 3354 7854 1057 6510 1655 1306 9683 8799 8240 4744 7541 4175 9572 611 6747 7454 7334 1299 6444 2392 4222 9519 3640 1042 364 55 4613 3357 2390 2501 9895 8108 798 7206 4778 129 4656 7417 3069 4415 7544 4195 3125 2889 6083 988 696 5145 6988 4746 4863 4439 1816 8147 6698 5943 5092 7901 7940 9504 4407 8719 7501 857 8028 9328 9681 2709 5558 6076 5417 6258 2890 4365 982 2692 1201 3862 2966 8599 1027 1483 2377 5012 2335 2469 7065 6122 2043 308 2525 740 5724 4432 7029 4529 8535 5318 
8230 5947 7332 1583 8467 805 4191 9539 7809 9124 7039 493 8168 3987 4249 3743 7279 25 1895 9441 4686 2382 1365 8537 7247 3592 7223 6470 2394 5957 6062 7202 3110 9628 4287 4253 3303 4602 6599 7950 6546 3309 6529 9756 1918 7488 5704 1345 2956 3104 9725 3743 5980 9027 6296 3639 9270 1156 2867 5200 5425 3862 5217 2351 2041 2042 5342 1985 839 3489 939 4695 4959 5275 7944 2205 2568 9748 7666 9535 7923 1682 9619 5017 3938 101 5452 569 5435 6907 4911 3099 4008 3543 3926 1804 3036 797 7318 214 
1353 9435 4281 5169 6757 8376 881 7210 6826 5761 5243 7276 4531 435 8257 173 8215 335 9464 5590 9652 2266 3060 1466 6828 6377 307 7053 8995 385 9438 5296 150 6162 6557 722 7745 8488 8069 1136 7937 3741 6382 3489 9887 2077 4882 345 4837 5365 6466 3855 9231 3336 3533 2397 588 907 5226 2941 7834 7651 1116 70 5687 1273 8926 2909 1381 2 1526 1547 2747 512 9502 9740 6814 2387 4167 699 2000 1570 1494 8360 9415 3486 9366 5596 8671 4363 8818 6358 3591 2874 4018 7587 4747 9451 8597 5558 
7796 9766 7394 2549 8793 1521 2290 7847 8788 1211 9286 1441 4197 4197 5789 9275 9741 1572 1168 3901 9647 4356 3459 9488 2969 4944 2089 4664 5300 4062 2599 1417 9189 4759 5319 7816 3442 1315 7517 3950 9994 1422 517 7510 8799 3000 3399 4755 2441 4674 104 4068 2087 5231 8556 4033 340 4613 8614 8490 1884 5389 6919 5987 1816 3473 7711 9671 4931 8068 6236 2643 3782 6385 42 6217 9654 937 2521 3894 4380 3799 2186 2053 3669 4031 3679 3483 5146 6373 6948 6347 1241 3611 2410 6792 8762 4688 1264 6437 
8422 8750 3558 7914 7715 4311 6782 6232 3515 2782 5735 6354 5918 9654 5886 6414 4688 8167 1100 2984 1212 9832 4112 5472 9389 6854 9541 5647 166 5895 7801 361 1908 1007 8721 9665 5977 2374 4911 6806 5562 5296 3225 9557 4425 2677 6249 6228 1184 3822 6769 4878 8371 9383 8886 5680 7029 8450 9383 3248 9106 7348 9984 6133 6591 1387 8254 2760 3757 5219 3074 8174 4397 4193 8240 9610 4366 2471 6228 2801 2044 423 2244 3351 9622 6043 6593 6278 5745 6944 1026 7177 1947 6181 7123 5794 2276 5479 5979 2252 