2600 7745 2823 1616 4627 8284 3002 7015 5445 3394 8325 2363 5600 7981 9519 8948 1088 9629 654 2320 4081 9112 7206 4727 8185 9285 3146 5878 7522 6047 4203 8179 8410 9804 9470 2743 5675 1833 1972 975 2921 9538 3922 9971 9534 9386 8149 2645 2944 9151 3724 4788 7805 4276 3684 8150 3488 4239 1898 4979 639 4627 3770 3375 2210 6656 9744 1666 9825 9038 5840 1845 8511 8613 2437 7684 8447 270 9921 326 5333 9483 3762 6122 6924 5937 8291 7274 4962 6529 1625 6981 7896 3818 7522 3335 8340 1707 9814 6495 
3024 9463 4983 1001 1859 9707 5163 4967 5610 5154 3898 4938 770 7852 3025 8179 1005 1495 491 7613 9444 2205 6145 8890 4280 1038 8940 811 677 8714 1599 3762 2565 612 8602 5107 1853 5575 7088 8298 3613 6751 5625 9573 4476 1334 4890 4602 4998 5536 9470 8873 9531 3944 5962 6278 1896 4448 6294 8421 3492 4608 9215 4954 1982 7702 391 3114 2303 4333 691 9483 9564 6497 8668 428 2271 4503 4054 3475 9061 8625 1447 257 3465 9502 7646 3654 8074 1342 4836 712 1510 4323 6402 8981 7208 5990 1797 2827 
612 6934 8477 8542 4829 7747 1606 7015 2020 1093 5146 4718 7827 4450 3384 2797 2216 1819 7483 5774 836 4605 8505 4154 3822 8602 4541 3801 3624 8229 5887 8473 9725 9543 6815 4094 1090 5853 6586 9989 8039 5124 8180 9846 334 4369 7885 9549 5340 3170 8294 2826 8499 2907 4708 8071 1816 7156 8069 6354 430 2994 2545 5902 1379 1324 3111 8698 1212 4768 4244 2155 431 8117 662 5669 6354 5742 7859 3314 5560 6156 4341 3596 6081 5945 3931 8753 469 7082 768 5392 5541 192 5968 597 7908 2793 8585 2324 
2415 6822 3637 18 7725 4408 6755 970 3896 6679 2540 1507 1950 5004 8357 3594 8476 6552 4425 6776 1344 2631 7170 5574 2710 8203 7986 814 7151 5653 8952 5001 7228 8897 309 1686 7818 2897 5986 4126 6351 8292 4756 6563 4262 4199 4991 7783 7745 5386 8680 8738 543 216 2905 5354 649 5439 9535 879 3906 9930 1127 1961 1679 757 7571 477 5501 6877 8255 7357 4246 8236 6262 914 8234 164 2191 9735 1535 9132 3058 7986 813 9449 2989 3132 6918 7929 6387 4909 8611 3143 7120 3096 9182 348 5115 7191 
2006 3321 3539 5275 6687 6467 2259 9354 817 1480 4054 9666 3107 6362 194 7718 3366 397 5343 5990 1911 5571 7820 7225 1656 3186 8748 5821 1139 2100 5927 584 7593 8503 1503 8524 7498 4434 2419 6336 7124 4885 6475 8559 3414 2904 1058 56 4059 8782 1118 1410 3410 5543 1769 3255 3360 4579 9823 7651 6797 3704 4754 9315 4572 5838 1150 8506 9179 2737 6052 3048 417 666 4404 6209 2295 7527 8966 3836 6114 2031 3428 3223 1400 8287 7586 7876 3354 2488 7620 8625 9451 1528 9148 7773 2192 9047 7667 6235 
1857 2925 3961 6226 2060 8414 4065 9895 885 8702 8227 5092 2421 5851 122 768 7576 1086 4232 8449 6879 6812 6697 8545 7279 6669 5092 406 4123 2458 7897 4484 9281 411 3247 8943 4925 5094 1105 7050 9785 6683 6471 231 8916 99 526 7791 9447 2924 2830 7791 3382 9001 3740 7071 455 3846 3204 4844 6551 8730 3057 9786 7719 7202 837 6653 1269 7819 4396 309 4920 9286 6447 7491 5417 4503 761 6154 5 7312 7687 8480 1415 1753 8797 6808 7663 2744 6344 8035 9033 9038 3654 351 8992 4672 2612 7556 
23 1964 6617 4267 2747 8108 2541 2464 2926 7611 1414 369 6369 4956 6084 6097 6361 5464 8058 779 6145 4304 3654 7704 7084 7849 6294 6177 3538 1042 7113 8286 4406 4153 9140 8910 6759 9524 8004 383 5632 149 4971 4438 3187 648 7793 2901 7084 8512 7863 8956 3535 3286 322 3861 508 6426 2741 2916 8327 2090 718 2899 2332 4781 5972 6821 9759 9355 1710 1780 5587 3599 5730 8975 2713 3320 930 6476 2674 1396 8636 3950 3233 2883 3872 4870 4440 4290 3316 3604 6589 7028 585 8217 5837 6612 8325 7993 
3324 2429 171 2933 2669 9606 8938 8164 1585 3999 8141 2063 2139 5435 3211 1590 9102 5118 7196 5955 3143 7023 8614 3103 140 8158 6612 1097 4295 8010 6481 4181 4196 6055 835 4257 8627 6107 6127 5243 2860 791 4187 5769 962 425 2317 8457 3294 8799 9627 9513 149 7107 8112 6305 3303 9609 8909 8215 1816 4430 7610 683 6952 7985 237 9950 9789 2164 8295 204 6954 7752 1617 5280 7095 1939 1192 2387 6416 3459 534 9700 8842 9503 9193 4918 109 7200 6065 4506 9725 2241 7066 6157 6274 9766 4473 1818 
4882 309 2159 2181 3509 4381 5400 6939 809 3710 9123 71 5397 2059 5752 156 7878 2121 6227 3222 3011 391 4843 2247 7172 6202 384 7802 2876 6486 8098 4329 1105 4871 7088 1742 9755 322 2708 7053 3272 7910 7079 3956 4740 1120 6268 5932 8601 3016 4505 8975 8541 6190 22 9946 2209 7620 5107 4283 1182 1471 7721 1871 2227 5716 609 3476 800 8370 1897 104 3029 1783 4272 6461 1102 3017 6921 6807 7454 2910 1576 3622 9676 2067 645 1772 4795 4711 8833 4928 6896 8825 2576 9411 7032 6529 4568 5181 
2535 1130 2371 9002 7633 6946 1046 7510 232 8342 7345 2325 2073 1885 9346 6548 3918 9648 9246 1332 9949 3951 787 9258 9528 9127 1274 7075 6833 9609 9602 3816 489 2599 7801 9746 1866 227 9978 9399 3600 7575 5755 1566 4603 3828 3068 6109 6692 1108 7527 581 7663 6950 393 8240 5738 725 9508 7825 3517 1645 5053 3371 2472 9433 6278 2729 9012 1405 1875 7477 2358 6973 3698 8431 740 6287 1198 5878 9905 5575 437 1980 4078 6976 6672 1287 1544 1012 9549 6602 5615 9361 194 3956 9803 2751 7740 525 
5488 8288 345 5751 4600 8539 9661 5153 8653 235 5101 5788 7955 26 8271 6794 1188 4984 8919 5375 2725 1407 6356 4632 7430 9917 5342 2973 6313 9022 9911 3217 7916 2908 7880 2724 8759 7767 664 8035 764 6511 3304 770 4500 4122 8510 4420 8540 9500 866 4810 8692 8560 8572 8798 4307 9200 821 4152 2603 6334 9396 6892 1630 6217 2719 2970 5286 4726 2357 772 89 6348 7428 3099 1989 6103 1043 5371 877 6705 6045 3858 4164 382 455 4898 8477 8687 283 547 5669 8306 7616 6023 6154 2273 1729 5929 
1555 8339 1834 5317 6491 840 3627 442 8592 1518 4541 9845 6160 1513 8705 636 4708 7445 1009 2930 1200 1481 5654 6402 7869 4128 4089 3500 4869 7275 3756 3677 3413 2252 4259 4390 8320 4298 273 6360 256 9642 5305 8900 3000 1832 4817 9300 4450 5415 388 5210 231 5675 1347 1965 9271 9814 349 8361 5359 3188 1963 623 5817 1811 7723 2174 3605 5773 9244 1720 2007 1444 8982 7262 6279 1875 3140 9263 2768 6046 2184 1267 7804 1564 2724 5555 8759 3347 1342 4489 8317 7767 6316 2737 2280 9839 5631 4054 
230 4459 7473 3442 9246 5773 5019 9092 5891 901 1826 3921 8678 8319 1073 5426 3059 3791 7305 6336 7688 6472 8684 7752 7699 8025 8086 1016 4020 1245 5690 9696 1630 5650 2970 7784 9604 7548 5605 3607 7239 382 4370 7195 5254 690 2503 2911 9627 6086 5417 5764 7715 77 9151 3307 2491 6415 6013 772 8066 9496 3042 9359 4015 2649 2083 1763 1792 528 8093 6160 2319 1785 9138 4802 4956 1994 9063 4168 5117 6132 5563 6589 7733 414 8378 2866 6121 6239 9764 6040 4098 6975 9963 9141 8026 2355 259 7972 
5204 1651 8220 7601 4202 614 4840 5924 642 6712 16 6965 1423 614 4949 6439 5899 5897 5430 6178 1332 6903 5571 9821 7439 8454 4506 1659 588 2763 7189 8039 2153 1274 1214 4558 1706 7463 7784 3571 8558 6301 6858 1249 786 2611 3524 5646 2623 421 3410 6587 538 4754 226 3218 7755 2103 6477 228 7156 3928 3 5242 2997 1804 483 2997 6993 8871 1281 6133 8992 1236 948 1551 6182 8663 5151 1947 2786 3797 1580 1555 755 6510 7393 8027 6210 5314 4430 6188 2563 1454 3841 1889 667 6746 3899 8043 
4224 6073 4317 4510 800 1380 7483 2134 5869 2635 9548 852 6925 8365 1972 8595 6006 5909 5930 7522 1800 1501 6782 1453 167 3255 3630 8202 4208 6210 563 4306 462 773 8634 3778 5473 9195 1766 6083 9597 9332 1561 889 2270 9337 7251 3499 1011 5960 2294 3862 5485 523 326 3492 8505 1476 9907 8417 3706 1074 8238 8035 1951 823 3947 5227 6074 7457 3943 661 8975 9792 5564 6170 1559 6122 481 1568 6007 4612 8703 2186 7597 5149 7510 8316 2884 6714 405 2050 8287 8701 2464 9765 903 2648 6781 9559 
5591 8144 7357 3699 4472 6188 588 6663 7583 2464 783 6976 9424 7464 445 7650 1082 7368 6797 3503 6917 5149 4081 8721 6080 3239 8805 9511 7539 3407 5935 4182 757 8148 2345 5560 9371 3846 1690 6202 2750 5812 8314 6294 9668 9814 1069 8773 2393 4377 1188 3759 1059 6296 707 1260 514 774 892 5297 6650 1062 2135 4043 436 6351 4318 6183 1077 1317 7471 3675 3939 2044 79 3118 6031 2703 1238 2587 539 5275 7836 5791 414 2365 9590 5358 1801 4593 3409 5033 1382 1042 3045 8139 6430 6666 9428 4631 
5898 1948 5932 1688 2190 4789 4725 3362 1780 572 5936 7296 6258 8967 7669 6362 1151 6032 2476 4845 961 3000 6422 880 1150 3162 1511 8501 5599 4655 9378 1956 4609 7005 8356 2922 1987 936 4039 3980 6646 5746 1569 7385 94 3452 8277 4322 3751 2833 3861 4796 7882 1960 3178 9786 6425 5639 7114 9718 9172 8760 5421 4897 563 2851 8229 7979 3715 1250 3360 7921 2242 6737 1183 1833 6927 7301 2783 762 3945 8354 8806 700 3809 95 9153 5703 3029 6323 1789 4095 7637 1647 4162 7124 1139 7352 9659 5907 