6798 4109 5517 2958 3904 1869 7552 9735 7609 8417 6395 3792 3948 6903 6422 8843 4288 7545 5663 7427 250 5019 2194 2468 286 6659 2157 8052 7461 26 9278 7368 5141 1550 7829 7278 3746 3534 4831 322 6111 9091 8016 1372 4598 6141 8323 1611 201 8544 7978 440 74 9658 8871 772 480 994 3266 5975 5669 5313 4947 3830 1447 9089 3367 840 6525 8263 8801 6241 5593 3478 1934 9904 9562 3180 4589 6686 3661 9952 9636 7604 1617 3574 8903 5448 1374 3190 889 4741 4030 7414 9356 2567 8160 5428 599 5958 
1684 1246 2941 6266 7932 6602 4553 4237 2590 2158 5854 1061 7654 604 8543 8632 986 2310 4340 153 4877 6290 2466 9390 9418 5348 9754 7024 7352 2120 9642 5075 548 5874 7665 2706 182 119 5735 7721 723 2705 1710 9292 7046 1863 9688 682 9912 6452 3865 4988 1218 4103 4631 2855 3103 5718 4533 4089 3649 3371 7141 5724 8327 8417 1686 6276 2553 4769 9029 9419 7457 1019 2731 1287 2982 4296 4784 6054 1832 9685 2416 8281 6191 3818 6087 551 8165 9548 242 9887 3970 4360 6590 16 5171 6742 6401 8484 
9586 1165 4726 3188 4046 7438 1750 8721 2639 8768 678 8863 194 6448 8144 9317 1064 8501 6072 5556 2088 5494 6042 3694 1712 8729 6600 6316 4402 3217 6426 5706 2444 4388 6255 6169 4781 7797 3050 9477 6673 5596 8851 6063 6076 8801 8664 8096 7030 4075 9578 6057 5200 4594 4980 8642 935 3720 9154 422 2377 3441 5296 793 2598 8374 5108 8913 5242 9339 3429 3222 3245 9158 391 5892 6299 1073 3464 7084 9463 1323 2743 4966 2034 5772 9007 845 6250 7984 5091 3808 2190 6262 1333 6680 5410 3616 4957 9967 
774 1264 3511 2908 1904 9803 2328 183 8302 4972 5325 7580 3838 1505 4890 8384 7650 4868 4987 8929 8480 16 9000 5765 5175 3744 6236 164 1402 3298 8180 5770 9209 4510 5306 34 435 7543 8213 5864 9548 402 3223 7046 5255 1446 2117 5406 1166 394 8609 7458 9657 3306 2630 106 50 2770 5921 2602 3223 2199 7554 6373 3038 5008 6349 6349 643 8505 8578 5617 6461 4007 1714 8818 3128 7832 1763 8629 1270 5157 9440 6916 6632 9893 9465 3268 967 6681 9694 3526 620 8595 5601 3380 5423 7718 7248 7557 
679 5968 6367 5337 5638 6567 1263 69 9613 5104 3932 5367 6506 8284 5328 4281 5366 5280 3444 6751 2009 647 3866 9588 3022 294 3999 3102 5165 465 1649 4409 8109 3445 1326 8542 6155 142 5657 5890 7293 9867 3695 9329 2140 6569 7517 2600 926 2690 3781 5047 6 5536 9624 2684 6806 9448 3064 2470 9016 2284 210 6817 6171 6547 4770 1664 5256 5379 1567 8303 5790 4564 7353 7074 7981 8172 5045 8701 3440 3253 6269 3013 2226 8314 4630 8609 6549 8470 3588 6052 2136 7144 9604 1057 2708 556 3905 6063 
5119 9231 6317 3474 1590 1733 1636 9348 916 4989 417 4160 8988 8425 8567 9774 2515 3788 6723 5829 1732 4736 9600 2163 8204 8199 3963 714 759 5695 5265 8341 7861 1236 2876 7613 3277 1792 6209 172 398 4158 2010 7922 5863 9598 6601 6841 5336 1740 9719 6033 2346 9168 4064 2685 200 3750 7045 8334 5358 1231 1382 2989 7840 8520 2326 1199 4296 2070 930 101 8595 49 4244 8556 6779 8460 8867 7290 9960 121 5622 8870 2153 9726 8473 1902 786 6824 3427 6965 2570 9736 1061 931 6877 9730 7469 8824 
1155 4015 7077 6041 822 7745 2604 4321 6032 545 7383 6012 3420 5375 7293 7945 4947 4707 5229 1712 1584 1443 5405 7436 8950 9751 1390 6498 5792 596 8397 6210 1269 781 3108 3145 6898 8461 4550 6201 9760 9257 842 42 2916 2599 3831 8218 2020 3582 9608 4871 1820 4382 3088 4905 3842 8092 8050 6723 1343 4979 9804 9857 9565 5467 5315 7390 2661 5357 6658 5260 4876 9123 4856 4850 2656 6675 7038 7233 8281 5062 6047 5997 8509 4247 7760 3836 9595 1669 6247 6231 5304 352 187 1106 2420 8093 635 8028 
6909 9051 5121 3879 7709 7896 6539 722 9302 3594 5798 7477 2332 9800 9103 4330 3981 619 8188 4737 1389 6115 4745 7587 5643 958 6624 7769 1832 241 2512 779 8258 6493 9644 1645 7019 6254 990 8619 6424 6068 8113 5614 2908 4077 1274 148 6402 1674 2274 7245 2596 215 8377 9848 7151 7462 4262 6415 9422 4971 5249 4046 8674 2436 1684 1455 3408 2431 2162 1871 3424 3482 1100 8081 4434 2959 2446 6472 5489 1432 3986 821 8923 5994 5323 9091 7025 8925 1828 7929 7292 9823 1889 4147 6516 2732 6109 1298 
4612 4055 5448 7165 7249 3840 544 4524 7957 9929 6535 1818 682 5065 9677 9940 7723 1880 9214 9758 6445 7625 1180 8177 9187 961 4623 4869 7723 376 3194 1834 6926 7518 556 13 6311 9319 2916 6835 1159 1991 1565 3194 9756 6151 7049 7436 5896 5480 6182 8136 9273 2076 2463 2269 3446 3461 678 7243 6594 7737 4644 7078 1937 4334 9772 1292 7143 6974 3208 3763 1890 1640 611 8318 5082 2036 7706 5102 5814 1758 3104 1347 7042 413 5431 9892 1930 9541 7744 5618 8091 6341 3943 4229 3508 2602 335 2494 
4717 9599 5969 499 9858 5139 35 2046 44 6828 449 3245 5344 5231 7789 8828 320 8927 8145 988 4758 5247 3913 1658 3015 455 5555 280 2356 8510 9862 6315 5570 7970 985 1056 8719 3878 3099 3530 4199 9997 9094 3011 5520 3557 9955 5161 3780 1237 2548 7986 6571 5418 2823 4044 7248 8164 9403 2391 2644 5907 3049 9412 9226 3931 8762 9393 1277 2305 9997 6902 635 1230 417 5174 1143 6859 5662 3722 8233 1437 2626 6096 9451 6021 1800 9761 163 1969 5383 2625 5114 5380 8368 6015 7168 5137 4933 8144 
5973 8985 7963 9566 4847 6987 4406 2999 9804 9726 6319 8841 5109 5296 3955 1234 2857 8403 3812 3336 476 2240 1480 6449 7858 5540 6130 1530 3117 1070 9273 1589 608 5593 430 889 8911 2124 5764 1769 527 9577 215 987 8047 2854 5905 9418 4105 5548 471 1353 7939 1961 6562 773 7300 2897 7415 9776 8993 2514 5398 9853 8039 8253 8417 7671 8874 9237 9572 9643 6061 4589 7833 3766 7613 2080 2412 4176 2463 9538 7828 8109 8787 7244 8564 8039 7988 7892 9298 2593 2661 6617 5184 7531 7597 778 1716 7716 
9330 9796 8423 9858 2259 7961 4038 368 6749 1282 2245 1665 224 8213 4528 5871 7158 7190 1818 3775 1430 6316 7304 7029 5020 9458 4816 2195 147 2393 6961 4466 3533 3558 7574 8530 7281 8986 3843 937 8785 7224 5957 3584 7125 2476 2505 6904 9113 7051 9967 3355 5796 3280 7821 6814 6853 4736 9395 6497 5712 3070 130 1050 6913 9835 489 3376 8078 4073 6579 7930 808 5399 6605 7530 9572 7783 696 6425 8871 9619 7059 2697 5597 1782 4627 7543 3313 3327 5272 1912 9123 8730 8644 4594 7433 210 6947 3693 
5591 558 5338 7661 7812 3718 4493 2982 6157 9438 3974 564 4357 9134 9558 9098 986 4162 9318 5475 3311 4002 9263 5649 6298 2705 1840 835 4557 2621 3513 4808 229 9748 6003 235 7626 3781 8003 9708 548 6850 7017 2917 5528 3901 9229 9502 2631 8514 9578 7663 5033 1191 2382 5591 3871 9626 1098 8042 7160 4154 1016 1529 7709 5909 5736 3261 1898 3277 4850 4862 2282 9045 6677 9956 9249 1881 4149 4038 1643 689 3879 1651 5477 1078 7269 8458 3046 5099 4514 8553 4983 518 6039 1517 2096 4911 5688 54 
7454 4111 6154 6728 8877 4846 4081 1200 4414 1962 232 8576 5284 1840 2978 2591 880 3832 8108 3128 70 3105 4741 4577 422 6341 3591 5746 487 6052 8581 1724 8498 9104 5534 632 8690 4376 1545 7316 9863 4819 5850 4997 3307 3872 1518 3092 9550 8076 3411 8483 6772 1767 1251 468 9131 6875 5417 55 7850 6190 2964 3311 1877 1008 8471 9876 7118 8582 7787 9486 3278 2237 5739 4924 4164 7828 2038 2470 2628 187 5138 3823 5626 7126 6770 6474 1560 813 2430 3841 1694 425 9355 684 4666 9009 3076 120 
4526 6430 9067 8373 8865 9317 1999 1464 6685 4185 9409 7821 3877 2125 3212 9840 6293 686 1492 7009 3368 7824 2532 4537 2328 806 2847 526 8490 5024 2848 8648 7856 1529 3805 8192 6615 623 4677 3785 97 9069 9706 1159 7661 3081 5854 3110 9010 10 669 5346 4794 6136 6515 4112 372 4152 8849 4756 5903 8801 5277 5741 894 8407 2262 2802 4067 1609 5823 8715 8638 2429 303 8436 7833 2959 6447 8956 3759 7872 985 4891 4318 3693 2517 9653 5324 9956 947 2316 1296 760 5952 9126 1012 4705 8731 3077 
1933 5759 4114 4874 2521 8947 8860 510 688 3715 8955 7429 8174 3590 1544 2546 7284 3548 6545 1241 1183 2727 9587 8440 2554 7616 5695 9281 7906 3212 4153 812 4628 2007 8023 6641 6937 2408 6561 7421 740 4536 3221 3727 7783 2572 8365 4245 1406 2709 7173 4716 7940 9439 8001 4230 9088 6774 6242 3092 5749 3272 3724 7814 7524 666 5198 755 7483 1505 3953 5004 3564 7730 6838 4602 1401 100 770 3797 2118 9878 9293 7168 8448 2666 8155 6765 6009 4239 3869 6474 2399 1004 1254 2384 73 7711 9280 2449 
6658 3122 6739 6868 5461 472 3438 1531 2720 6437 6471 5372 2268 8418 6658 1705 4465 766 3709 7326 7243 3056 6717 5973 6349 5912 7636 199 2186 4915 9800 2997 4289 7309 6987 8860 669 6428 7736 2690 4738 2306 1203 5552 1880 4843 4775 1814 9541 7096 2853 8372 7021 8723 9502 5183 4368 7776 4786 2917 8367 9445 1850 7871 6042 4071 3371 1738 2366 9535 7841 1159 4959 4507 9896 6991 5709 2722 5705 5434 8578 8019 250 2492 4673 3637 1440 6150 2973 6385 9909 4371 383 5238 3447 4779 7176 311 2403 8420 