9503 6786 5525 6270 7807 7028 4867 6071 7395 698 580 1472 4905 3839 1781 5675 8166 7708 9642 8435 7694 7839 9968 2323 1522 8306 8565 7000 941 3845 3622 3181 2909 8290 3199 9021 6354 6231 3719 1620 7681 6415 6961 5939 6387 7469 9277 8528 1418 5024 2826 6712 5041 7029 2658 1687 1160 8801 9230 1475 2199 8800 9747 6460 5980 7591 9260 1032 2815 8397 8617 5112 185 3200 4912 1237 2503 5728 1711 3112 1657 4101 9347 6322 7964 8772 4594 7961 469 8283 7503 8127 6736 6585 8091 6563 5948 672 1918 5746 
7038 1131 2029 8324 8985 9345 6072 5702 4438 5078 5516 3469 6343 9491 6667 7999 6795 1453 5119 8409 9497 218 8078 2072 1871 4142 530 4067 9436 2467 7023 1708 5242 7842 8560 89 9100 9494 8313 2910 155 691 8367 6177 346 5856 690 4908 8203 892 7870 8977 9916 5365 1236 3444 5479 7718 4586 9024 453 9945 7556 7556 3110 439 7556 3507 2870 1105 1179 3397 7140 8682 7883 8635 3584 1600 9692 1924 6443 3327 1311 7467 5719 5411 6283 3199 8354 3204 2222 952 9225 1035 2316 9184 9076 6538 46 159 
9268 221 4743 7018 3772 9206 5178 5895 3837 4751 1770 1894 2423 5232 2410 2230 2381 2744 5008 8879 4364 4956 5864 154 1515 2135 8852 907 4447 1284 20 7686 7474 1835 2351 4 8840 6003 8779 3848 2351 1074 2598 9777 8909 4589 8978 8552 5571 7587 675 7364 5936 1480 8470 9121 9050 8696 5352 8444 7864 6643 129 4947 5571 4009 3059 2207 3640 6563 1546 7827 7530 8042 7471 5752 4426 467 6980 716 9042 3358 1857 3929 1682 7513 250 1679 4836 8203 9652 6167 103 5028 3943 2998 6812 43 554 3224 
103 2467 4226 9177 927 143 7947 1286 4667 5459 2938 8171 5982 578 7099 3200 8091 7524 2608 4285 722 8757 8966 798 5915 3461 4139 2059 9030 4633 5857 2750 2036 3950 8179 7817 85 9764 228 1649 6557 5506 8498 428 3646 1554 7671 2695 3706 9252 1373 3359 2522 4562 3244 9911 6296 9249 5545 4591 8249 1697 4831 9828 4961 2603 4124 5507 3245 3319 9661 556 9951 2048 8306 8516 4242 4360 2318 3726 4195 7191 9113 1445 1167 1464 6091 5620 5642 9185 7510 5878 8504 6338 2496 312 5540 3607 7583 3362 
2124 7493 7133 3530 7208 7676 1827 9649 987 4047 1313 5862 2416 7982 6694 4749 9339 7450 6836 2453 3728 9800 1350 2692 2883 932 9180 433 3353 1867 9602 280 5730 2588 2909 7355 5217 5858 5461 3916 8799 8129 6790 9699 1075 2043 5206 8134 3323 8702 1841 2468 3701 663 3161 592 8952 1271 6353 1113 4397 2092 2591 912 5050 2062 9149 2695 3642 686 3069 2355 2395 1094 5901 2437 9261 3093 2315 1737 8309 7397 1301 447 8445 7236 3803 3217 6297 6834 3671 9623 9540 6686 8085 6982 9687 5463 2387 6159 
6492 8884 5811 6881 9736 2515 8449 4049 5912 4976 7638 2939 7402 6119 1462 1228 3949 4350 9530 9805 9029 9399 498 3512 9745 3089 5633 1583 3931 89 3903 3302 6376 6270 3881 2551 2851 7787 9731 302 3023 5931 9023 9259 3887 8717 1946 4846 8540 6241 5973 2518 1493 9845 3450 8869 3357 6304 3284 1593 9677 3856 5932 4804 7352 2735 5941 9051 3959 7356 2366 7242 4070 6143 7970 759 5023 2228 3070 825 4785 4517 484 8335 6002 8066 2288 5647 7284 2443 4352 9536 3125 2740 5559 3894 6235 6516 2096 4702 
7132 731 5069 3211 8689 5775 6906 4633 6859 6394 7057 1874 7914 6049 1745 7959 1737 5862 2408 7252 581 7854 6223 5381 2304 7405 3643 3578 65 4660 8679 3762 7846 2624 9506 4794 8709 5080 1415 6317 8059 2257 657 8872 6077 9600 8108 1981 5606 3948 8193 5683 3327 2906 8322 6039 5371 3257 68 3858 5543 116 8209 6711 1707 7111 3308 6178 2097 9136 7889 5776 7099 2367 3601 968 864 5463 9934 7443 5332 8166 2820 4875 6321 1035 9154 969 422 3637 413 167 4712 4514 702 2733 2926 7921 4375 2579 
8378 8226 6317 6266 6433 1867 9810 8565 9968 9352 4634 1561 3364 930 8585 7534 1648 9211 7054 7762 5707 9071 8175 2045 630 7778 9051 2992 3004 552 7977 3233 6756 607 6558 6027 9331 1490 4983 6552 145 7776 8477 5037 5133 7883 767 8457 3396 571 4071 1103 140 1615 6831 310 9484 9617 4927 9083 3154 9516 5994 9509 651 8137 2118 9116 8144 4645 8465 3030 5446 6097 1992 8310 5244 244 4393 5712 4953 6324 5130 8160 5379 2063 7308 1976 5055 9449 3648 9687 4023 5331 81 7370 8347 414 9156 6418 
7041 5179 3526 3962 9236 3017 2453 3940 8733 256 5500 896 1614 8611 7279 8661 8868 7430 1895 9887 675 861 850 6296 5012 3347 4092 6606 5841 593 5765 8717 4466 5970 3543 8407 5784 5271 232 39 632 9279 2971 959 1060 8127 139 7662 194 2402 875 5139 1274 4786 8562 8701 8927 441 370 6916 6012 9950 4992 8799 6995 8815 2165 802 2086 3008 1187 2142 2225 4705 9571 9697 5131 6319 4683 9711 5457 6222 7705 7165 9000 4122 8794 6999 6794 9447 4892 8860 2303 6009 6391 4959 2058 4930 3474 6373 
2316 851 4989 1475 5239 7001 9475 9998 5251 424 5106 7793 7690 2968 7366 6635 1516 1225 3258 409 2210 6303 5893 1545 9371 5378 2886 6978 5110 9348 2336 6453 5177 4337 3172 9752 7029 4392 3422 2846 3958 8295 1696 8849 6005 9981 445 290 929 66 1638 7785 9916 8289 5539 8588 737 2434 873 4909 8420 2517 3233 5128 3512 2695 2348 4112 1560 4886 9297 4470 8134 3089 5933 409 8457 5187 5887 4546 6559 5382 4155 3377 6701 8989 850 1991 5017 2065 2215 9404 1993 2589 6698 2308 2539 2285 9508 9442 
5271 2997 2283 2793 6261 7325 6557 3462 3877 184 8656 5548 5317 5012 5061 2939 959 4064 8902 2912 7966 4367 9065 6203 2859 5314 9733 2793 9539 3007 8303 6287 478 4795 2075 966 1441 9744 5393 8204 8327 3363 6316 3414 2277 9500 1472 6849 5360 3773 9157 7206 6717 299 3968 3583 88 6786 3029 5815 6162 3507 4005 2867 7386 7977 1561 8685 8010 189 4875 4466 282 6117 1602 2523 4036 4745 9278 697 5322 4383 5705 7129 4871 6487 9376 5392 2129 6166 8007 2091 495 7872 9563 5459 5978 6674 9466 7417 
973 4701 1203 3987 9030 7758 3727 5242 226 3590 3611 6512 8069 7361 1249 4224 9339 2941 3824 6619 7615 4604 1238 61 8176 4717 8152 9049 3846 9048 4740 8029 2213 6947 1234 9749 1561 7339 9056 6843 4457 655 8054 6083 8074 3051 4692 4753 8153 3524 1695 7860 226 7079 6375 7111 6774 9280 2581 7848 121 6366 4983 5960 6165 2874 8370 4266 6446 6657 2953 934 318 7393 5749 9251 5264 4055 3999 6300 6753 2513 5191 7795 2992 27 1156 2424 2775 3767 1929 4063 999 7548 9132 6861 678 7457 7262 9617 
7661 8701 1635 8639 1690 7063 2796 8729 3476 8024 2779 2529 9582 2592 6011 7846 9514 5239 2601 1087 9818 5479 9871 9563 5369 1449 9240 6158 3999 7871 9629 717 5056 2688 5390 4936 5195 1442 8541 5521 216 9611 5126 6091 3963 8406 5905 7164 2955 1436 6727 8881 7546 799 5397 9811 3877 5761 2624 5701 7138 3151 8280 1287 8842 1044 9260 3848 2665 4416 7658 9790 1349 2792 657 4353 5596 4182 1196 3978 7848 8160 1907 8811 9837 7165 3911 1535 9683 3279 8134 8920 5965 7786 2898 3359 1870 1546 1474 1792 
1299 8580 4514 2701 6476 5685 8284 9013 2527 5776 4824 6845 2251 3988 1607 4797 5856 4669 2993 4066 4150 453 438 1614 4054 667 3030 242 6278 2243 6067 7466 3487 5658 9085 5138 4588 7794 700 2622 6792 1285 9255 6200 2785 3916 7312 9333 949 1092 6794 3274 3030 871 3072 6942 8331 4058 1114 528 3181 191 6528 8417 3977 7590 2479 2270 4881 2602 4625 7160 5655 4133 8679 325 9469 7479 1770 7243 1487 2899 6078 357 5150 8964 6025 3282 7797 8048 1893 6905 8621 5885 2217 6184 1834 9513 2628 126 
4276 9608 8741 2648 4637 1520 1765 7571 6751 3220 1297 820 9007 4891 2182 3317 4558 9886 7916 3635 5859 5609 9096 6745 1294 61 5548 5536 8920 6399 3522 896 9990 243 887 4821 7769 2151 8765 8699 8388 6790 6667 5732 1024 242 583 6316 3639 7144 2845 1173 2810 3894 2585 7788 497 8379 9732 7393 3259 1026 4714 6977 3437 4114 2382 5138 9424 488 1192 2440 3155 5326 1608 2456 9085 8044 2081 8069 9261 2362 6121 9276 8276 8514 5390 9230 3881 6271 5388 8450 4682 5221 536 3290 6443 4831 8078 874 
6581 5753 6303 1691 4089 7379 9931 6771 3271 5613 5613 6954 1476 1182 3512 4227 5630 5871 6626 8774 1385 1287 396 3955 5406 7111 3663 5060 5856 4657 6795 4408 1031 2975 1093 9135 5992 1520 5207 1671 3050 4578 4399 5354 525 9581 7943 618 1856 9522 614 1273 9861 5370 9547 3842 5729 4582 8764 5377 5992 2648 3428 8201 282 5947 8858 5215 2687 619 6403 9941 7233 1079 8025 3550 5315 9684 6444 385 9321 8304 9328 1491 7591 4534 9598 713 3290 1902 8201 2605 9894 1042 5576 7779 8603 5605 7739 6675 
5309 900 5856 7353 7629 1331 9741 7522 7831 7693 5368 3704 7666 5065 6938 7191 6527 2732 8478 9733 4019 6735 8988 8183 1460 6759 5482 421 4001 1229 8802 9641 2821 7165 136 9986 3665 2063 8691 7997 1107 9604 8623 4601 382 7653 1304 4350 9324 9648 3344 9699 6291 1114 3381 4130 2535 6858 7018 6851 857 7403 8485 5906 226 8819 8378 3865 5775 3000 6210 7328 5709 8272 5343 680 5173 387 7406 1187 536 890 4538 4529 2880 8714 9462 2331 968 3952 7045 1492 6182 8111 1037 9000 5871 676 4629 1232 