7404 4392 4218 4354 5226 8858 2686 1805 6786 8121 5525 3830 784 6637 3768 5101 8770 6183 7851 1839 6472 2029 3786 1220 952 1141 4933 8596 6238 5200 2085 3205 7454 6447 6283 5721 639 1610 4001 61 4618 2504 6468 172 6397 1509 7238 7834 9071 5775 663 7855 7686 9460 8733 6185 8230 8068 5276 719 7728 5029 2795 1021 7986 3356 7449 1386 4776 7532 5237 898 5261 9746 9682 631 9634 6960 9516 5670 5672 2824 3782 8994 1201 8968 297 9705 4213 203 6951 5291 5447 315 4736 1789 4407 736 6057 493 
639 1345 9421 5816 7118 4570 5164 6234 6757 6673 1264 9444 1181 5131 3944 4915 6784 4248 6941 4584 5871 5205 6469 6122 3188 6489 7251 131 3731 6186 7556 7556 3210 2446 5988 4232 3423 3942 4881 6466 4822 5640 3883 5621 2040 9652 6780 3020 5628 7081 1660 4995 1003 9888 4846 3205 8578 3254 8897 2523 387 7818 2897 5986 4126 4139 6305 2668 3810 9766 5687 1978 6468 648 5776 7099 3601 9049 6882 5981 2650 8658 4912 6014 6737 641 3381 65 8102 5358 2160 5368 7138 2625 9171 5581 2807 3191 511 606 
3323 4591 3818 1448 4115 9905 1079 1248 2713 6101 4752 4216 254 9720 959 6879 2720 366 8185 459 8712 6841 8340 9048 4664 1813 6037 6484 5166 6460 9685 9016 240 3574 60 6931 3391 404 9992 2373 317 1909 8753 1644 8479 572 4999 9654 8399 3474 1368 1747 1875 5386 8496 7024 1541 2329 4629 9452 9738 5012 9626 2776 7842 7570 7588 3774 2726 894 1443 2510 6978 5775 9724 6725 7525 2850 9703 1664 9147 4930 2259 2389 9121 9091 6921 1056 8852 8055 9672 9385 8222 8045 876 6085 2068 3909 6682 4213 
3122 8777 6913 949 9281 5465 3979 5613 2022 7854 150 1655 9823 2996 1306 9683 2004 2778 4744 5801 4175 404 1830 5092 181 6176 5068 4107 9219 9175 2477 5508 7153 194 6452 2184 4533 5256 8328 6073 6042 943 9575 33 6608 41 9800 4932 577 9916 2338 897 1734 4526 3349 2160 5612 6206 7209 8390 7236 3271 7569 2745 3450 1458 7657 2475 5963 9352 491 7528 1248 5056 6501 1701 8782 7998 8848 4399 7427 5481 1350 6950 2038 8523 356 5529 7709 933 7022 568 5099 6299 4986 5412 5734 1303 5360 8210 
5005 3542 9405 8621 6676 961 3774 1086 8200 4975 7723 3760 8699 560 5202 5147 3269 3193 1087 4611 4267 5488 5334 4613 8307 9986 5768 8152 548 8975 5393 6629 4778 3289 242 124 7017 7252 2917 1230 7376 9233 707 1226 9229 4741 4651 9502 1596 589 7606 1210 2440 1673 3409 1569 2663 5807 3461 8333 7966 8460 4718 3936 7788 4844 8766 9268 1406 2356 155 3931 172 4164 6238 6686 6685 5425 4846 4191 2164 6808 9197 2695 9125 1194 7113 6160 9354 1720 5158 2670 6183 9365 8341 750 4721 2086 9071 4797 
6836 7258 443 8575 6863 506 3856 3925 1591 733 9271 6831 8044 215 4732 5745 3194 455 6144 568 7269 3547 8480 1261 598 4455 2371 9103 6682 9178 6867 2168 4197 3593 4465 9196 9951 7186 6566 602 1244 3891 7841 4290 5246 2114 8460 2041 9160 6729 4769 3280 7533 7717 4738 4090 26 8233 7155 7173 7676 8126 8122 843 5422 5707 726 7827 5165 7108 727 3011 9050 6850 1775 6513 7720 7845 9904 8161 8625 3022 1319 7798 2268 1318 2523 5388 9298 350 6625 747 7385 8153 4206 3511 3182 5650 7434 1316 
5489 6986 5594 8349 1386 6378 6740 795 9437 1043 1557 6460 4745 8182 2026 3413 5978 196 719 5747 9279 4731 3076 5152 8832 273 854 2850 3415 9642 2233 8900 4573 3641 7445 7622 70 9919 2312 8461 3118 8991 1387 1150 9586 9347 1165 1818 4726 3558 8934 6362 494 3512 8001 3005 9787 1395 1328 2252 9089 2809 6686 9636 1617 8903 1374 889 7414 8160 5958 1246 7932 4553 2590 6165 8632 153 3691 5577 2186 2861 6237 713 7912 947 7585 3813 6683 1240 1283 8966 7079 4976 4469 1845 3000 3245 4584 7878 
4239 5905 8662 3286 2231 7410 8951 7803 1563 2779 4603 7667 4750 1868 317 7776 5252 4909 7666 8711 4040 4155 1050 508 3896 7017 9707 9430 8958 9498 2904 3954 2041 8246 1831 4429 3504 932 7200 5719 6341 1298 3003 8988 8032 8395 2435 6272 6335 3975 6522 1645 2832 9587 4152 3054 8460 7408 7535 4804 4145 4854 292 1909 1616 3631 9203 7499 4370 3611 5394 7770 2768 8640 1169 1019 6428 9241 805 7288 8624 1897 435 8305 8063 6046 8092 7065 2688 8802 3583 902 6688 2830 8498 9150 9931 3093 3523 6671 
844 564 7594 2799 8372 8273 759 4281 3928 9712 5854 5204 2501 7974 9761 8591 5105 1521 1001 587 2442 1994 6958 2352 4311 5697 9562 4183 8606 5525 8754 9570 3462 7584 1068 6379 9345 5250 1569 9739 2657 1013 4506 5085 8731 3638 5972 3550 152 7248 341 3122 4565 643 8100 2185 4990 5804 5183 1326 6897 5910 5162 2167 415 3462 4722 7815 3183 4518 5846 9268 3712 7471 4252 65 5455 5737 3689 899 7928 1685 2082 5000 8214 3531 7871 3633 7367 4175 203 8475 623 5118 7740 4230 9628 3217 7484 1182 
5357 8687 1912 4980 2263 388 7887 8510 3279 4527 2725 3987 6393 2140 8758 7407 4147 807 5841 3947 7895 8474 8618 1384 2584 2119 5340 3246 917 7622 7650 1757 6755 7817 5226 2138 9356 3629 8054 2108 4892 7410 9288 2299 7245 9717 9559 2858 3358 3654 5564 9394 3775 2132 2351 5616 8624 3062 4020 4072 2502 8611 4533 5506 4819 6339 7233 3222 2549 302 9010 519 7797 1728 2900 8090 5693 4074 2933 9791 2118 2641 9188 7872 6085 3214 3587 2012 3899 8767 919 3287 8654 871 1795 4646 9549 3773 3817 8915 
5771 3159 6662 503 1094 2324 5054 5978 7472 7960 8573 880 7381 3348 203 2498 5929 563 5386 4005 2147 4030 4419 518 9286 1092 5498 6978 7075 6920 2461 5133 4486 5207 6220 9997 640 4101 8423 60 7802 790 1638 771 3016 6316 4402 3217 9335 5253 6220 6255 5667 70 9848 5446 8224 7797 8725 7369 6537 5623 1921 4365 9477 8762 6710 5152 8791 9809 8645 7454 1227 3043 2526 7308 7511 241 2028 6862 5460 9727 2466 6189 1456 4783 401 4399 7498 3577 8094 41 3238 9858 7205 8968 3093 6670 2636 7690 
5878 6355 3147 6297 6566 93 6027 533 7433 2923 7738 9135 5670 343 2025 7662 1957 7445 6045 5068 8355 4288 6692 199 733 9072 732 8347 8848 6510 7446 4799 4669 8103 8743 5828 6909 3489 9298 2682 5513 8325 5669 353 9522 8337 9991 197 9320 1358 8342 7637 5837 4348 1196 5325 1358 3677 9527 5698 5401 2870 8192 6534 8475 3446 4642 538 8726 8702 9927 6982 8078 8310 2952 9266 4031 6603 3060 759 892 2023 7650 7101 5821 2100 1903 8594 5927 5416 8110 9564 3174 516 7039 6673 7300 4640 1125 6202 
8600 4362 6788 3920 9823 2377 3399 7472 1130 9440 1181 3271 5927 1534 488 8040 1864 5152 2305 3075 9851 9083 4347 5119 2192 1473 3184 218 9428 3880 2279 7707 3568 890 9897 3934 4382 1214 9321 7581 250 92 4106 5288 4182 5344 1250 6634 1230 6003 7578 1582 19 5964 5347 4427 1032 7766 1820 1396 8662 9511 8244 6547 1229 4924 5015 3043 5960 1627 2225 5400 1814 7240 9718 4370 9158 785 4666 367 3345 6703 5553 95 9955 5299 563 9033 3570 3918 8089 2353 6025 7396 1936 2499 8020 1533 4585 3879 
8940 820 1432 2238 8107 7848 2520 8052 6530 2578 6578 8934 1249 9771 8143 3014 6383 6677 8153 6074 1637 2643 1329 4863 2924 1819 2035 1174 9148 7532 8348 5098 1659 4702 5166 6485 3155 2360 1328 874 1975 3417 5445 5364 8444 4871 5157 4870 9970 9988 7662 2068 6141 2047 7509 5258 201 1084 7978 440 5852 875 8871 480 3266 5669 4947 4287 3367 840 6525 8263 2432 8801 6241 2844 2238 7053 6455 3010 183 9171 5466 3416 6354 2497 1605 5209 4946 7249 6628 5609 4794 3622 905 2976 4420 9146 7232 1591 
9796 5824 7807 3397 8804 8714 3454 4414 5336 2412 2955 4503 2763 212 540 5740 8866 935 7541 3638 4520 5537 1404 6111 2282 4458 3423 4684 2491 1862 414 3806 742 2771 2586 8624 2520 8509 1430 9903 7380 8097 1966 2361 8820 8488 9358 3011 3076 2913 4396 1 8828 1927 8128 1915 6128 5186 7983 8583 3390 5083 5697 2951 3519 3258 7320 3694 7682 2413 7406 5990 7726 5756 8513 1220 1678 4447 8921 7590 7226 599 9331 4074 9798 1889 592 343 6342 452 6718 3262 9350 6189 5822 7912 7539 122 5091 9905 
3645 1918 591 4418 1445 8682 1250 8617 2317 2684 2589 4600 278 7715 5514 2048 2140 9653 9772 2664 9711 6406 9081 7179 405 5975 666 2132 3984 579 196 8682 1720 5021 3426 2154 1069 4964 1486 1139 8070 2686 9040 9556 7230 9501 3321 186 9237 9836 5206 23 8054 4528 5815 4667 7314 1111 2697 4177 4784 1874 8274 1726 6501 7899 1029 6212 8340 5439 1024 1359 3136 9902 7757 2982 9898 8591 6805 7108 921 1501 7899 5252 373 5513 5344 8014 3692 9515 3692 627 3588 1083 331 3087 5449 8550 978 4938 
7978 5243 3875 9097 4706 9216 6786 7498 2882 6040 3705 9304 4383 5464 4829 175 7063 2376 7635 8326 2568 2132 1317 2459 6304 3740 927 8561 3417 4660 4303 358 6355 3511 7286 7378 8381 3094 2573 4139 9940 804 8586 9193 8967 9821 2304 9972 9168 3685 967 732 3286 9571 1461 1245 3193 6812 9716 7520 1470 5619 3627 9767 9815 2846 5922 4538 9859 9048 6925 1087 6555 7207 7053 4924 1109 4998 7821 9106 8965 1222 6364 8689 9778 3298 7082 7261 3625 8570 7753 8715 1513 3000 2305 4289 8223 3971 1527 8721 