4194 1394 3998 5881 6470 5293 1387 7290 745 6299 7325 8039 2243 7774 3151 8957 9926 7647 1195 4636 6435 9697 3340 9376 7197 4261 3857 4761 7478 5410 3628 7256 85 780 2996 2804 9344 483 5944 5140 6884 1736 3071 782 1404 595 2567 7135 2550 5716 7787 9943 112 2172 9929 3410 5164 6301 9023 5534 8861 1304 9220 9149 8912 6279 571 7065 6001 4942 7788 2831 5341 3222 3771 5982 5436 291 4018 8522 2628 8387 2867 4820 9767 2669 5612 6843 6271 1070 3210 5988 5495 4683 7237 9482 9455 9544 8896 4023 
1783 2172 3397 9402 5952 263 2981 7754 2488 6933 7406 4811 9438 9564 9457 1012 6467 5242 1063 4821 3230 8426 4556 963 3744 2607 1363 6234 5327 569 6336 9441 7391 6592 7454 9067 2061 7600 6387 6336 7308 3649 8689 5618 5300 6258 9727 3858 6921 9953 7450 6428 2865 7790 4307 726 3222 5442 4707 1657 993 2290 236 3180 7936 2840 9931 1696 3528 6963 4037 1382 6824 6824 6051 6208 7771 5770 3429 6968 9746 2094 9136 9626 3008 4193 8018 4026 4357 2213 8205 1379 4977 7184 2289 7965 9832 8238 8887 8490 
638 7699 6371 2953 5467 6126 7881 1250 8406 58 6943 1971 1190 7232 7456 4555 6116 6319 8942 9305 3181 290 2672 5133 8813 7991 3250 8172 7196 8957 4909 1431 230 8688 9459 5279 3478 2694 9515 8836 4702 7358 1966 6718 8130 1351 2698 7719 1739 8801 7268 638 431 9337 944 910 6878 8461 5962 5396 6786 1886 5605 2389 2594 5985 5701 2904 2041 7811 5906 6632 7574 4985 7541 740 2411 5377 8155 8784 5126 7750 3204 1335 6182 9676 7297 815 9963 5089 5384 1344 5551 2042 2349 2312 7040 1019 1569 1636 
9945 3637 9972 3419 5916 9516 6988 2657 8387 27 8322 320 6753 7250 8924 259 6257 1619 3064 2916 6664 8381 4879 4832 5673 1727 8371 7417 8712 6887 8828 9337 2852 5636 6048 2112 4618 1912 4817 5491 6371 1634 236 3024 3604 950 9602 8533 6997 8688 4856 4807 3908 7058 757 4787 9279 1422 9451 7757 670 2043 1710 7135 3721 770 9482 4254 1734 5975 9514 492 4938 8566 2287 5817 1812 2117 7421 1488 3993 1827 3901 8861 9215 7103 4005 9743 9492 4906 5159 8496 948 6185 9556 704 1509 7388 204 9459 
1330 5866 986 8289 7829 7936 4304 7670 8148 5476 1513 8545 2500 9892 2655 1440 1496 2193 2147 5373 1684 8669 9211 6315 6642 4629 3949 1442 9466 6451 6585 64 6713 3508 5394 1493 9455 2075 4615 431 5253 4989 1772 7391 9275 5733 898 335 6866 9584 9787 4337 4915 6000 8590 2265 7893 5128 7213 9882 1370 9166 3568 7795 3816 9230 3074 698 4119 4008 1282 2287 4840 1957 6335 7495 7570 4920 7038 5417 2207 7638 5274 4490 3457 3705 5984 65 9070 7632 6869 9017 5437 6230 126 9758 4926 8636 3576 2850 
5994 757 8219 5310 4246 4067 3074 8148 2080 3582 1891 2218 3913 455 8079 3675 4374 3233 2997 2051 9826 9611 9123 9482 8357 9182 408 6243 5854 2913 9879 7028 334 5501 6173 5088 7560 3595 110 4034 8875 1932 6493 7824 8438 3529 6017 2276 5193 4522 8834 4014 7376 4661 4600 606 1316 4124 9051 2696 4314 6176 3651 2408 2885 6849 6887 8730 9133 1320 4491 3697 1764 6146 7898 6962 4123 9525 9797 8303 5338 9952 2106 7844 190 2323 3065 1736 1068 3006 1083 3760 595 7715 2669 4253 7403 4391 9047 7667 
1536 2048 6235 8723 2998 2235 2714 8581 8505 5402 1340 1192 443 8530 5017 3598 9888 9318 8677 5317 5856 662 3675 470 277 2724 6322 6725 2745 9698 82 8073 8759 9365 1573 6094 22 3166 4202 8895 9118 2661 3092 1901 6782 1931 3064 7143 364 8815 4275 8867 2927 6070 4859 8719 5276 3524 2043 1135 2046 7734 3083 5521 2423 6251 3582 8586 8786 1602 6011 9011 9704 2544 1055 1626 4230 1842 5105 694 5863 8894 4217 4739 9084 4839 9094 1597 216 3867 1893 2206 115 5982 9982 561 6401 3890 8975 5543 
7208 2445 2427 6776 1911 9782 9474 3403 6115 6029 4326 4646 1548 2949 3140 1403 9733 8523 4074 2203 8723 9316 8720 4081 9551 7828 7391 4615 8936 774 6177 7306 176 12 8564 4850 9881 4506 6876 7911 2254 9798 3317 6411 7269 4799 473 8796 8874 8377 4757 4198 7767 7610 3193 8333 9369 1325 5271 1594 3190 5407 3197 4215 8389 212 9835 5476 7521 4620 5945 2438 5365 5046 1272 708 5028 7235 4435 2587 7115 4453 4273 8885 3542 5112 3342 3600 3494 6184 8000 5796 6326 257 5601 5012 6677 1029 1887 6295 
7367 3007 3897 5188 5782 3531 1632 9432 7696 1455 4140 515 433 7332 6085 906 7763 3370 4225 6027 8268 6061 9377 954 3760 6387 3774 8942 3130 3447 99 9473 5950 3194 1773 3718 1114 6412 1551 7126 4882 1920 8607 1192 7618 5803 6996 1957 2454 9364 4111 44 2989 7840 8577 3283 7763 3967 311 3501 4703 6293 8788 7003 1681 8997 6304 4045 4509 1725 3689 2057 1118 882 7718 2621 6092 9499 4027 8256 1261 2983 4831 3021 6664 7854 144 9093 9877 1945 314 5383 828 4562 1600 6270 8697 1724 2911 5397 
3718 4292 3472 9973 9978 3976 8550 8615 4319 1198 1092 1022 7439 1415 1787 3730 8761 1681 9366 8872 7752 7699 7375 2290 3387 9985 7726 4824 3870 5290 6469 7548 891 3523 7059 8327 3644 1686 5015 4870 3409 6293 6244 6893 787 9700 6426 2357 6789 9547 9041 582 8241 2320 1644 2580 9456 9894 9162 9529 7396 8454 1242 2000 5265 9991 7414 1691 9091 7673 4123 7101 513 1362 6169 7411 8620 2530 4831 866 8393 6816 5342 9596 2318 787 9181 8049 3206 3428 8771 3153 9399 6223 4281 1108 312 7354 663 6536 
3844 7688 3648 8303 8084 2381 7827 2791 2559 1964 9554 5716 9503 4634 9360 1528 1795 693 7866 584 7593 9376 6532 2603 750 6455 8582 2025 8157 1082 102 6815 6379 7058 5413 4970 9992 7425 9948 5231 2907 2668 8962 2372 6467 1753 7488 350 9619 9368 206 7851 986 7250 9621 6750 9163 3967 2544 5488 9867 247 1956 6633 9356 6200 6248 7538 4187 5181 8971 6366 1035 6107 5773 7297 2688 3313 2562 844 2633 9745 4115 1064 6072 8869 7783 3733 2718 2965 6353 8206 4304 4180 8082 7311 3056 8266 4085 8695 
7148 9495 458 2962 8155 9025 8932 4235 3355 7885 2196 5851 6847 4398 7748 1427 1296 9046 1417 7808 7903 6696 9644 4002 4457 785 574 4007 4736 8529 4645 8569 5358 6521 24 6836 3946 4307 7279 3642 686 7602 9288 6025 6751 832 5943 4739 793 4709 2905 5694 5025 7038 6691 3594 2396 9564 9970 9541 6400 6396 7059 3675 3481 7745 7935 3386 7834 1749 129 8957 2542 847 6986 8528 5129 5567 5724 4315 5289 5045 208 8041 1442 47 1469 9880 2846 5757 6232 6069 5149 6803 7818 5760 6713 2131 2582 2732 
4063 6227 4809 9139 6894 4184 7103 1978 7150 3240 7031 2439 9205 4346 1626 5848 5474 7478 7587 2510 6308 2561 6730 5294 9305 9309 6455 8444 6553 9194 411 426 4933 7236 6091 1119 3650 8046 6523 2617 3492 6616 7665 8510 847 1602 3903 4383 4794 1163 1340 849 1342 8536 8380 6226 9745 8292 4064 9531 6573 822 4830 3711 2247 1509 4169 5229 4631 6790 6859 9603 926 6542 4604 849 5164 9403 6104 8947 2812 2740 9278 6223 697 7887 3200 3097 6142 2967 3281 5614 6983 347 3948 9751 4790 8638 301 8463 
4125 4068 8950 3447 7333 2426 2708 7060 4216 569 3115 4272 892 2001 5504 2546 3210 3759 3896 2016 8824 1526 6676 2502 1468 725 8504 8060 6429 1605 5806 5677 7390 494 6360 519 9398 3331 8602 3744 6451 297 4982 9995 7124 9219 9326 8123 5632 6192 6152 4075 2491 1437 6804 2300 9387 6176 519 9290 798 8606 2965 7044 5689 3441 3328 1606 453 896 591 2839 9515 6864 5284 1661 2383 3318 6967 5404 8329 6108 5480 3659 9299 7075 8907 7561 8239 3094 1841 4555 1166 1918 1543 1969 4082 6313 6924 6987 
2986 9038 9979 375 2046 6718 4696 410 9709 9068 9075 2274 3149 805 3206 6954 2543 9348 3987 9366 171 797 307 4770 2888 4162 9844 9278 2966 7476 2638 9342 6372 3876 315 6987 8547 1103 651 8673 4977 7028 819 6373 1590 3128 6710 4832 9119 8677 2468 9478 586 3531 9674 5679 3413 6995 7132 5770 3318 915 5773 7461 1296 8152 7469 3850 6665 603 5655 3397 2243 2458 7984 9514 769 4204 1741 7703 3567 1952 9034 729 6747 5352 5891 6768 4172 8788 1080 3826 2577 7451 9899 6805 4441 6742 5968 4284 
6647 7012 6803 4858 3229 1460 2752 5409 246 9588 8739 8534 6537 2218 888 639 2768 7202 8135 8934 3544 2325 3913 7352 102 4077 8607 1066 7616 6752 5410 6322 7956 7104 8202 3023 5379 4173 8442 6897 3502 8141 7619 9641 9740 9254 2651 4964 6586 8173 1851 1270 8633 9874 7071 1424 1670 6817 6906 5729 7713 480 8727 3226 2533 4318 4174 1574 2759 5188 1448 592 5150 772 7664 8334 2797 9480 274 684 6904 8100 8989 953 8842 6075 6778 1681 8718 4206 82 1642 1204 2821 6564 6104 5164 8363 8990 8455 
474 6518 8017 2173 1661 1282 4778 4311 5828 9531 5532 2199 6654 7044 3992 7106 7541 7333 3162 8638 6558 5561 5320 8742 5221 4570 7465 6472 7999 2143 8700 4322 26 8703 5140 6412 3621 5826 4657 625 4441 6370 5318 3671 2663 6285 1430 316 1325 9898 8531 6757 3177 2142 4294 355 573 6080 8358 1311 1841 7906 8127 4375 3159 2975 8848 7605 6191 2280 673 4594 8063 1098 3010 4733 527 2322 2183 591 1011 8851 9644 9524 6325 811 1286 2371 9555 1240 609 7566 9366 7776 8673 1063 6452 5156 4473 3181 