2000 9537 705 2529 2049 2047 6230 2538 4178 2530 4523 2068 5536 9302 8241 8985 3707 8864 5446 8908 1594 862 8464 984 8645 6592 6410 7308 1326 526 7154 2540 52 9709 7070 8938 7647 3518 580 437 8990 9031 5541 1078 7819 1270 6454 8689 6749 647 71 3569 8710 9690 7913 5431 6787 6029 2654 1056 1108 6231 2515 7577 5329 4274 3172 2792 5143 6044 5166 9053 1862 2123 3628 7618 8864 814 1165 7520 8990 3927 1898 3410 3046 441 6807 6838 4049 2717 8446 397 7966 6429 9488 4132 7866 6948 6171 4199 
1438 6586 733 4866 8992 9056 9291 7666 5153 3752 8955 2283 6276 3752 8058 5043 8182 3158 6459 2913 6799 7166 3017 5802 7964 5906 3360 6589 2299 2813 2876 6587 7347 8796 1449 3733 960 1341 2359 3659 4816 357 6470 7729 3509 9989 7099 5615 5791 6392 1697 9752 6521 7522 8821 6688 8049 8838 387 3236 8729 6969 2797 6422 2808 7591 6037 1672 5898 1411 5164 1446 9460 1268 6459 8791 9492 1831 3899 2218 739 3487 407 9468 2488 2365 9834 4878 1506 3616 278 8642 1379 5442 839 3062 7112 7298 1853 6604 
2360 36 2611 1237 9014 7057 2907 2219 9300 1748 9134 2978 8932 6993 106 2548 7271 5101 3927 9065 1118 5005 333 1610 369 2108 6092 8976 9697 2191 7991 1451 6562 5646 9562 4659 1338 386 9124 8570 4036 7577 5326 8013 4360 3637 1678 2157 8097 3286 3948 4363 3701 3881 6353 4397 5404 8493 1889 3356 2062 7145 2695 8672 5304 5660 1979 8338 1646 7552 214 3643 131 8309 7903 6163 7103 8546 3867 3742 863 6621 7265 7474 3918 1828 9556 9672 1157 7442 4326 2404 1405 3851 3960 1672 1211 2 9113 3575 
8233 5251 4507 2574 3358 7452 8528 1097 2411 8999 2095 7351 3361 6423 5133 7066 6548 7306 3519 1654 4914 4922 1634 8150 5170 9021 2813 4277 5273 8350 7935 5483 4450 8160 606 6906 2142 6959 3850 9336 81 4192 3013 8320 9770 5962 1517 5397 7419 8270 4707 910 8026 8081 3761 2077 3797 9668 2269 8751 1241 9469 5790 7683 1575 7525 4117 153 6800 2260 7570 6906 5784 2581 6540 2714 5179 4692 1121 5147 2243 4301 2620 3520 6990 4944 8799 4967 1235 774 7836 7883 6386 2392 5424 5243 3154 5499 3088 6534 
9547 7472 7196 5911 6499 2110 6080 6587 5161 6019 8085 2037 95 887 7742 6062 3359 3942 6386 777 1919 892 2624 8411 2235 2714 2543 185 3588 4231 8505 9904 988 5402 4148 1340 5823 9647 2001 1192 3632 7631 204 1402 443 7706 7368 8530 6430 7880 5017 4845 6776 3598 5030 4181 9888 2973 7337 8375 9318 4199 5317 7030 1743 662 9374 7129 4925 4497 9000 277 2724 1474 6505 6725 6856 2745 2026 82 8073 8759 8624 9365 368 1573 6094 1600 22 3223 2070 7721 7422 4350 654 8082 5824 7015 756 3740 
7612 7778 9790 5990 7860 38 2840 5112 9560 7328 4268 5654 5280 642 3702 1941 9303 1124 947 5 8131 5381 5829 1498 863 1590 3750 8641 1380 6092 5595 6131 5825 8435 1886 7290 4347 5567 2 847 8552 5232 902 493 2026 7792 892 6509 3173 3073 8007 5662 9597 9412 977 1857 1784 2925 3961 7712 6226 1251 9161 8993 4065 3646 9895 4558 885 8702 1777 1135 8227 4850 9142 3890 5139 421 2421 1511 8557 5851 2518 3059 2078 1471 223 9885 5568 9701 9883 1815 4259 6441 2545 7541 3747 6718 8886 1810 
1086 9307 4232 2597 4216 5930 8449 6735 8989 6857 6812 7102 8844 6697 8545 6580 9157 7279 6012 7926 3796 6088 6235 8414 1557 5162 9299 7529 5671 1839 3487 4513 6353 9625 4170 6481 526 8147 4284 8106 5537 8649 6565 5876 7693 2666 8491 162 9930 9640 4376 3089 2839 8313 7230 7133 2991 7295 3456 2855 1074 7550 3879 6784 162 4360 5943 9533 1864 3836 1117 4657 6756 9059 789 9769 1156 5093 7363 8435 7214 3270 5017 4510 6505 588 7234 6114 4592 6423 8432 8494 6847 3002 8524 3880 7671 5662 6953 6969 
2953 6464 19 8557 106 8895 796 3668 3459 8128 2075 2840 8218 1309 6242 826 7551 8248 497 8594 7013 3164 4354 1502 4958 537 5376 3944 1996 5188 23 8548 3148 1655 1360 8702 5294 2183 1618 8603 227 3915 1444 275 5711 3885 6364 1637 724 5122 6165 1260 4738 8247 9192 6258 5771 487 6813 5029 1605 3910 5251 5276 2927 1605 607 4571 6358 9881 9008 9193 9594 5016 6072 9402 7767 1460 5125 60 114 4143 9873 2086 7147 826 2073 1552 4836 9039 1749 3281 3455 6243 4999 6562 1208 6128 9646 7028 
334 615 3168 4877 3825 9314 1416 8189 9277 2828 247 7028 4006 4587 9481 6244 7522 2331 2314 7267 6498 3620 9427 3720 1882 5263 5102 4420 3785 9539 1600 3830 7438 5878 7620 3041 7355 5941 9331 32 2719 892 9509 3027 2348 5389 5447 878 520 3584 9469 5995 894 2077 8795 9161 3137 1859 2261 5392 6523 644 2347 2366 8708 3606 1653 2638 3129 1071 8242 9392 8532 7966 7151 5121 5528 1932 3066 1308 4394 7626 3383 9933 9948 257 563 5043 3052 2965 1011 4538 2040 5691 3143 9553 8174 8060 1312 6138 
5679 1811 6576 5786 7513 9081 8053 5206 667 5839 2096 5341 678 1740 9840 9504 9030 4894 9093 1362 8453 3051 4559 2311 6231 7866 7797 3074 6356 4613 1579 7882 1191 4014 979 225 8256 4029 9066 7427 1414 9005 6255 8796 5925 3591 8435 7212 3027 542 2522 3643 7967 2472 7155 7949 7404 1405 7213 7524 312 213 9299 944 1059 9916 7511 2749 6145 5974 7648 5682 7434 367 531 1711 8386 2529 3703 465 449 3215 551 5164 1721 7903 3855 8542 2913 1288 5633 6532 2763 4484 7271 2144 9113 8484 9795 5211 
5226 2763 146 3676 3890 8784 867 9475 895 7042 1654 3616 6417 7565 7208 6006 1856 7205 8763 241 8336 6753 2050 2225 2861 3711 1331 5830 3678 8703 7500 1778 363 9195 5715 4508 6572 5024 3013 9924 8620 6570 5039 5213 4906 1793 6956 370 7205 1701 9388 4767 4550 6759 2818 1875 7326 4799 3851 5394 3729 3216 5319 2349 9787 6710 3914 4693 8258 5226 1816 5021 3279 1204 2071 4399 2973 3206 8101 5653 9966 3880 8679 2644 9992 2409 2213 1663 1110 2000 8373 5025 6693 9635 1047 4807 6069 9007 8837 7466 
9471 8362 27 3352 3507 4625 2503 2632 4607 6716 7357 5984 6938 809 3423 3230 2536 2430 7723 7725 3437 1541 6121 8897 1012 835 716 4342 6253 9100 3198 7222 2596 6206 983 3564 3187 502 7906 8582 7489 7488 1564 801 3105 4039 9698 4117 4874 4975 1186 7580 8767 4803 9234 1009 2790 4016 925 5977 7780 7488 5372 2732 6572 3435 4425 8137 7530 6639 7999 9755 7966 9185 5324 5546 443 349 1410 3476 7711 4200 8636 6529 4958 6416 4018 330 5500 6440 2072 6227 3968 6562 6816 7850 5090 2202 4845 7773 
6521 3319 9915 3316 21 1325 3145 7732 6990 2720 8406 8300 5489 8776 4983 1569 4526 4148 4847 5976 2697 1066 7123 4899 2264 4896 8991 8216 2102 8237 5247 2321 8460 8589 5041 3218 6889 530 8224 7872 9916 2751 4064 3950 3262 1381 6647 680 8504 7899 2944 6890 8082 7969 2148 184 6206 8731 8527 7191 9920 409 9965 6803 8756 4675 8672 941 1961 2737 4891 5223 4118 7890 5903 2622 2141 5200 5383 3282 344 6262 1601 7781 4677 7702 215 4642 4505 2832 5532 7644 125 381 1368 851 9259 1323 9825 7752 
6523 2201 3136 9805 667 9623 3282 7576 5933 6735 2253 3635 6950 6896 5922 6080 6376 9918 6206 221 299 7574 7502 3185 6965 7327 3488 9528 426 4778 7445 5621 2930 727 8863 1803 2499 7117 5051 3343 9391 1132 7338 5960 1264 5583 3462 4450 790 1740 6670 2166 2034 1448 9611 4378 7206 3242 4154 9009 2093 7623 413 5436 1545 1508 6324 5235 7802 2285 6499 5747 7301 2285 6537 4673 3208 1207 6708 1008 7171 4364 3862 7922 4981 4368 3283 7074 1991 3696 8862 9006 1593 5331 4525 7616 9680 9715 6981 6547 
6253 6023 1220 5813 7928 6821 7105 8644 8560 2918 3541 5335 6967 7327 9898 5830 6333 1492 8905 8016 4672 1984 4352 7692 1334 591 3709 6470 6092 3291 749 8204 1716 8097 3404 6561 5065 731 6459 7247 4303 6152 7785 8976 5934 9680 9978 1469 7366 569 2126 1075 8596 1071 4824 8240 8172 2265 6444 6240 6272 893 9644 2833 5958 5644 6496 9948 4281 5276 7995 4050 7973 1872 2323 4894 350 9750 3627 8947 8451 3539 7068 9983 1586 3340 7228 2525 3187 4310 9096 1158 6098 9153 5489 3479 3713 6081 8373 2184 
2000 9363 9357 6804 2902 1055 9237 3565 2442 6004 885 6964 5101 1691 6259 3130 236 1764 4972 7643 5243 5037 76 9969 2260 4816 7718 5350 5267 9773 945 7709 1831 878 5164 3489 5401 6849 9472 6818 8085 9636 2407 7784 8319 7014 2154 3586 6787 4930 8674 4805 3838 9637 4162 5591 8491 8092 7857 4460 1263 2677 6403 1304 6021 9088 1340 3035 7594 9823 693 8926 5092 1976 3952 3133 4143 7228 6086 8471 2138 1074 2916 1886 9025 783 582 2087 7527 3099 5192 2706 6146 7014 9529 4572 5076 3976 8976 5907 
5839 9230 3751 9298 1553 7284 7330 9261 598 4637 6503 5695 7560 6408 6081 3183 9019 5688 3539 7942 8182 2360 8246 5878 966 9468 8859 4484 4267 4016 4512 785 9784 3188 3576 5420 8726 559 6609 9126 3495 813 876 1086 2529 1058 1114 2334 709 5526 3515 8706 5176 5436 9657 7406 3821 1470 3036 8690 5297 5571 5671 7266 1208 8429 3908 8998 7812 6857 6278 3285 2708 8960 3201 4137 7232 8920 4061 1876 8641 4929 360 8583 6090 9674 7380 389 1930 2653 8168 8591 9907 6865 2983 2197 1624 8227 8967 3927 