4320 1404 2213 6939 5972 305 8006 7758 6060 6568 4566 5737 7471 2024 6301 55 2580 4543 2342 8238 5834 3697 3341 2818 5124 5954 9078 9731 9182 9098 2965 2381 6828 2131 8199 6205 7557 1064 2827 9556 5516 9529 7745 6349 4301 2958 9084 2850 5133 7781 5399 4269 4120 3465 5997 7667 8782 8849 4757 7391 2842 3508 1953 4926 8658 327 4331 2213 8379 3412 7276 9918 5650 1735 564 5602 635 7559 3975 8762 8516 2002 3329 9347 432 5807 4175 4685 8823 1235 1626 2172 2261 269 5974 7569 131 7351 7855 3654 
8309 3385 127 242 9637 3902 539 5839 0 4791 3660 1688 3042 7428 90 3649 5031 234 195 2365 6296 7449 9285 2067 2160 6725 3158 9523 8539 3194 3392 9518 2964 6053 6744 7483 3462 2199 1490 4860 6516 6934 1405 8972 1974 9442 4971 6086 3101 7724 5300 911 8998 4837 2516 2115 806 3182 4180 5025 8587 6696 4717 2818 8406 9977 548 2359 9846 4172 7453 5433 9637 4389 4185 3320 9257 5450 9729 149 872 7557 6558 7184 2196 17 2733 4169 3304 495 2199 5534 8609 8618 9614 4841 6511 6736 2316 2470 
6277 1020 6589 7342 3645 9362 6880 5779 1264 8851 4027 2639 8588 3198 5863 9623 5548 1850 9229 9253 8400 7991 171 5926 6911 9930 4310 19 3139 2399 9135 118 3372 7906 3183 1029 5146 5229 5450 485 1880 6876 7338 6140 3658 8209 3356 1277 3516 7072 7523 30 1304 5177 763 1065 2102 7322 6167 9430 3097 2009 1423 5970 5456 17 6218 3816 6266 7503 3014 1962 4584 7465 1023 2790 450 1237 6270 7953 4812 1264 4896 3672 4459 5784 7708 3790 5203 7447 6689 7363 896 5305 8042 2735 2262 9437 2373 5463 
4302 9882 6904 7434 7708 9997 2799 9623 8348 6825 248 6186 6632 2237 6249 3929 3839 5043 2439 2906 1722 5611 9545 6094 4142 4656 1069 5684 6972 6848 7862 6460 5672 2142 6510 7958 1207 886 8212 7821 4014 3223 3993 2288 6710 5227 2458 9409 9256 7591 3071 1966 3416 5704 7349 9744 5709 6464 3017 8862 4062 4312 363 2777 54 6476 6845 7166 4025 6628 5735 458 2872 2152 4868 3794 8433 9578 8639 6987 3459 5104 1696 6906 775 1959 5270 6465 5636 2209 6208 5636 2830 6699 9204 5860 3365 775 8684 763 
6355 3483 6160 7258 5860 4617 2602 8359 1703 6948 2047 3919 8057 327 2491 3247 2000 2854 4983 411 2411 4697 1694 3081 9052 5055 1915 8916 1410 4907 9781 7341 6824 833 2520 1469 2949 4032 3614 8135 5402 8736 2637 597 4871 2249 9005 7898 7744 8965 9141 2720 5187 7472 8751 3744 8432 7973 730 2290 3238 1779 4528 8562 7145 4975 5395 1854 9867 8511 5006 6761 3405 5250 3289 6235 5706 8518 2464 5643 3419 1228 1302 555 5179 6302 6307 4470 7245 7639 3081 3100 7966 6841 6267 5770 2235 1598 8558 9046 
4654 7212 5807 3029 6818 12 2513 4433 7495 2224 2187 8492 3339 972 9493 9392 2480 5237 3989 6463 7294 2085 4051 6495 2046 4432 956 4890 669 5489 935 6476 850 9690 9078 7359 2556 8649 5116 2493 5412 6461 7716 9489 9954 6311 8429 661 4969 209 7224 5925 7893 7766 3028 4242 3879 3320 3780 9862 6239 8896 3544 660 5168 1260 149 3222 210 8711 3878 4991 8847 1552 9301 1124 7194 8890 6032 8727 9484 6263 9951 2805 7501 9019 93 2627 7726 3637 3287 1249 3437 8821 5168 9999 3884 1342 9608 2895 
8909 1723 5898 2456 1930 7535 98 8193 7486 9255 1217 4626 2140 8704 7951 9730 6772 4899 9624 656 298 966 265 3861 5526 2619 9760 4334 3233 1870 9683 6236 5708 4635 6926 9916 6775 5256 2924 9696 6237 2559 353 6535 3526 7432 51 3183 7894 5671 7113 5117 7229 3866 9852 5126 112 7428 7879 2549 1395 50 8844 7435 7342 3572 420 1199 3285 6204 5057 3088 6171 691 4468 6628 7558 4778 2524 7394 2339 2373 9306 8284 3906 7458 402 645 9222 6464 1563 8025 1079 729 709 7652 5275 4779 5470 6306 
690 3971 5138 8382 3953 4005 3152 9774 6709 1249 4686 6512 5763 2373 6289 6557 3253 5297 7432 6918 1041 4282 7203 5216 8515 2062 5846 6586 2864 5382 2403 9735 7116 2044 1654 9835 4649 7346 132 6357 1880 4193 4420 3081 8509 8802 7686 4043 3253 3339 7759 3866 5333 4277 4484 5646 5952 6793 2743 9687 6704 3464 4893 5161 5777 7084 3165 5182 7845 7436 4197 9079 5270 9660 6186 2110 2558 6741 2486 4177 7801 8510 4726 275 3941 5545 3804 3807 4129 9762 7701 2613 4242 1047 340 871 7351 7727 442 7253 
9498 8681 6215 1658 7822 7225 5952 3535 7871 8431 5685 3351 6881 6852 8362 6886 9644 8648 3904 8687 4030 6267 7494 8497 5045 8695 7094 2639 1517 9092 2706 8458 510 3418 8372 4496 7172 2519 7039 1095 7745 9544 376 4524 9302 540 9471 9171 1850 6100 5897 5612 8619 5296 2051 7995 8834 5951 5346 8229 9417 2274 6391 381 5567 1518 7766 1050 9059 8487 6129 3675 5749 882 9998 5977 8231 1766 6762 3265 5267 3591 310 2450 7462 5235 7258 3963 7265 9525 2942 6043 6831 1007 1980 8386 4656 2872 1905 7485 
6775 8881 2714 9605 6449 231 7720 8228 2609 7551 2962 2544 2022 7216 7476 5972 1365 8316 4445 6641 1880 4374 1894 3508 9918 1313 7206 3086 9527 4198 4057 1291 4409 8932 5719 4956 9887 1962 7845 7093 6531 3341 1290 5488 9693 2870 2408 6423 2538 8323 4944 7561 8312 4357 8833 1310 9588 7538 1573 7844 5405 9492 6046 1589 1183 3251 8930 2777 1861 9670 1243 5439 7196 4284 8376 9538 7637 4059 133 4401 2772 7764 7047 6225 8146 3546 2608 6081 7583 9047 1159 1187 4563 6996 179 5484 5009 3653 5712 2444 
9492 9227 4967 8929 9619 1160 4501 2924 6538 4135 5454 7509 7121 3276 4645 248 4668 3776 8135 6544 1016 2739 9737 9191 8487 1700 3351 7127 369 1480 571 4269 7108 1492 2363 2549 1840 9459 4007 4056 7461 7333 2514 6086 4830 2642 3365 7671 6928 7895 1580 7102 9862 6122 4714 9294 2494 2858 7439 2080 7239 547 9870 9416 3142 4295 2308 8027 4695 226 4002 1578 341 1268 532 7896 1999 6480 6757 7098 2943 6383 447 885 260 6025 1124 4670 5152 2729 9160 8577 4348 3464 6504 1229 9628 9592 676 8772 
7817 2210 5969 6513 1120 7328 5970 2332 6122 7742 1661 321 8950 8444 183 5765 4134 4269 6020 7463 4726 3454 4670 656 8577 3464 2324 5573 7667 9913 5251 447 6981 933 9230 6928 5560 1580 7102 4372 6652 9827 3411 5144 6306 2093 2026 5559 3198 1268 8874 1676 759 1146 5800 4245 1684 9421 7799 5279 7358 9439 5814 3835 6329 7088 9891 3648 3016 7800 6477 187 7861 6589 9824 272 7601 6600 6391 3648 8306 3390 4498 5380 3329 1229 5147 6092 1645 222 2681 4492 3395 3325 3496 8397 505 4851 6023 482 
3420 5156 2057 5615 1805 622 7907 7730 1279 2726 9902 6286 6289 5753 6154 8279 5253 2245 5942 7307 2868 9792 58 8558 8055 7834 331 3236 3209 4436 6950 6962 1213 5649 5192 7083 320 1248 8884 6563 3525 9355 1112 8520 6304 339 9093 8560 9196 1215 1792 5720 4007 9417 1848 2590 8668 9701 9280 1064 1123 3286 6673 4670 7565 9160 8577 888 4348 7444 2170 3329 9958 1229 3363 6133 5829 5897 222 2108 2681 368 1509 3714 7014 6102 657 40 8841 7952 310 119 486 9351 5262 9390 1857 4802 8851 8978 
8510 3502 1960 2141 4863 3349 955 8587 9415 3149 5072 835 5997 8187 4395 1726 2588 949 8792 46 4469 3286 1041 9460 2484 8073 4995 4711 8852 8171 9627 2210 324 1120 6839 748 7069 8552 6723 4870 8275 8770 6945 6236 1622 6450 3750 2328 3266 1368 130 3994 250 5019 1846 4395 8334 9082 4734 9964 9659 4095 2175 7434 1857 1358 9147 7938 2449 6549 5144 1813 7081 6233 7598 3928 3090 9603 216 776 9245 7250 299 3581 7952 5417 9358 8961 6388 3805 8414 8433 6253 610 6761 3853 4629 9034 7205 3821 
8000 7346 1812 5941 1 6378 4441 6444 9806 6267 1891 7946 677 8178 9160 2326 7343 5094 8751 1794 706 7196 6656 6405 3413 3374 8579 197 9012 2196 3267 3432 9260 5270 4532 5577 4534 932 6016 705 3543 9087 2953 6856 8553 2405 2915 6910 6507 405 8011 1216 330 7751 8144 9824 1516 7179 4848 7845 3953 4474 3615 9521 3200 7388 7352 1599 8359 3359 4083 1870 8576 3752 8205 8741 5057 1372 8298 3642 4758 9706 5525 5899 7916 4881 9072 4484 1820 499 7720 4310 3279 4493 526 7625 1298 5868 8714 1563 
6280 9917 9518 3358 9134 3207 1063 9784 5976 9327 1078 3676 1526 4518 7696 9594 4037 6197 4789 724 8649 4135 9799 1838 6693 6793 6737 8030 7859 8834 1625 1659 2980 4189 3742 8799 5156 5731 4423 2929 9348 1716 1540 571 1242 3443 4299 3653 7450 5342 5481 9942 3020 6848 2535 7536 5789 5279 4908 8336 6732 8776 4841 578 3105 1961 5917 3065 7563 4703 1049 5531 7704 7914 3524 4153 8128 3764 4816 6060 6536 5811 3267 4919 8019 7857 2201 1821 1540 7915 5119 7300 7685 8417 1593 4934 5594 9989 7175 1517 
9560 379 4540 8515 4983 7404 4978 4354 8727 8858 4567 2686 172 5153 8121 3750 4409 6793 7368 3508 1563 1550 3552 733 514 2218 5759 8096 8160 7473 5110 7743 9214 8897 9278 5285 7305 9831 4802 1254 3830 8474 3393 5686 247 2319 130 9924 3226 3280 9813 6222 5984 4778 3042 961 1140 29 1339 8385 2951 461 4531 6412 7602 2978 1581 588 6345 9723 889 2830 9643 4828 8603 9372 4830 9337 8464 5008 3088 3364 8684 8785 3327 2426 3576 964 1398 365 3239 1492 2644 2172 1316 6124 8291 3118 1102 6152 
9964 6888 3821 4772 9466 4374 6556 2577 4105 7521 7278 2955 7062 9725 9898 1556 3354 8166 5545 2834 8363 8193 1359 3752 9233 925 8079 6763 4474 5087 2842 8756 3313 9805 470 1702 3796 3556 1981 4991 3201 4470 2013 3866 9363 6168 9553 4688 6168 6860 3280 4040 2590 5567 4177 2686 1220 9128 4833 2434 8855 3392 7335 410 2566 691 43 4682 9171 5936 4496 240 6741 5039 4378 1307 773 5834 390 949 1302 8719 161 6235 3716 6157 2392 6323 7189 1706 8836 465 3352 3958 1548 4173 7347 6875 6325 5795 
8724 9459 5529 279 2162 8919 7337 1395 8858 4701 3610 4109 7069 6723 2011 239 5630 6378 5085 5575 9989 6856 6293 6845 9541 9570 4480 1724 1176 4038 2869 1350 8763 6179 2509 3411 5144 6306 3035 5007 984 3198 3316 754 7654 3375 7418 3800 6271 4428 7699 2421 9886 8248 1155 2457 4906 1045 8231 6570 4055 875 9134 4953 8187 4395 1726 8954 9986 6452 7963 5968 8136 8792 8747 3286 3679 7682 9460 8073 5503 7393 3705 466 3306 4705 1370 6899 6988 8436 6353 5006 7027 918 344 5557 9461 514 6156 9784 
4132 7735 106 167 7233 8337 7283 7181 1243 1398 7612 9562 2235 3414 3406 4219 8621 3574 7742 2253 8516 5887 6392 988 5208 2331 6685 8744 4280 4440 4007 2315 8546 2807 3424 8140 253 6078 9002 1875 8867 6465 6460 8245 8164 110 6093 2283 6756 4920 2983 717 4988 1738 3744 3310 2373 8423 5832 9908 1083 9923 7594 5730 3355 7429 9553 3060 6210 5769 402 4956 2109 8553 8945 2700 1098 9303 8821 7814 7621 4832 5992 215 5768 7577 3052 4238 4342 6634 7119 361 2336 8477 2549 3957 6437 9022 1514 6728 
2573 5430 9805 63 3072 2468 5624 496 8979 1981 9223 3201 7263 6583 6838 2013 6901 3700 6704 6612 4688 7887 5749 3314 1383 7879 8357 2212 2315 3228 6238 7586 7507 4161 2696 8613 3136 1717 896 630 744 3357 3716 9513 6062 6620 4590 3627 3271 5230 9416 9464 5080 7151 7303 551 2620 3251 1981 4191 5359 3502 6257 6934 6174 4609 3093 4991 5061 1869 7329 2420 4032 1575 7673 7544 8090 8589 5035 5748 3811 3923 3677 7578 2369 4539 6382 4767 672 1975 9122 2970 5197 1797 1672 7419 4682 7800 8359 4411 
3914 410 1738 5185 402 5706 7112 1034 1344 7172 6069 4446 2532 2953 1226 4571 4992 3226 1135 7052 4868 3483 6589 5557 4624 2348 3596 5378 703 7230 473 3981 922 6890 9776 6385 3795 3578 8465 7024 8486 1057 6211 3073 5669 8240 6795 167 1265 7106 9702 2967 8741 1068 7759 3318 8051 1367 882 4358 8185 2742 7710 7631 4562 8901 5343 6237 7985 2114 1151 7101 467 6890 4657 860 2066 1738 5371 2814 2407 912 7923 3271 2670 5662 8968 6177 7034 9514 2103 895 2962 2600 382 423 7277 3825 974 5032 
6060 5421 9973 3183 4771 4539 887 9942 7168 2348 7369 3633 5448 9234 8960 8363 1190 3289 7864 578 6980 9486 1367 9412 8490 5328 13 21 3815 9301 4984 9223 4934 9042 5479 3186 4315 6521 5023 6088 7973 162 9551 7606 739 4104 108 858 7007 1516 814 9849 5165 8259 6855 2070 9406 9303 7114 1301 2057 5934 5722 1188 4524 5210 7878 8553 7105 4367 5807 1887 5915 2554 5344 3025 8358 6565 4642 8489 8057 1253 378 7211 1819 8105 7009 5945 8746 159 9274 2555 9782 1023 5562 3155 6172 9719 3033 5283 
4474 1828 3007 6602 9997 2786 1139 1642 9305 9182 8953 6889 6397 2396 3371 8857 587 8497 5386 5349 4462 4281 2071 2053 6547 4609 4477 3667 432 8310 1416 2279 6037 3213 7673 9997 3869 835 4525 9976 5010 4840 7664 6560 6666 2935 4602 1399 499 2428 3479 1397 1786 7018 2923 3635 7229 7485 614 6438 6878 8266 3615 5739 5664 6127 3891 4349 8644 2447 7442 9230 3585 3732 6949 586 8072 2579 9523 6012 647 4871 904 8012 1413 4825 3722 321 4089 9982 4434 5516 5695 7958 5393 8742 594 8027 324 1802 
7443 516 8775 6356 6781 2323 7517 1559 879 9969 5695 4012 3313 1366 1477 916 5820 6788 325 5352 5665 420 4612 2936 3911 3941 5045 2184 1428 2109 2216 6046 767 4262 7253 8179 5010 6635 3278 2935 8809 1907 991 2461 9714 3017 2789 6764 6347 8837 2746 4924 9136 9276 7757 3974 5848 8434 2547 5910 1957 9086 5138 673 7134 7829 3189 6633 1951 8968 7818 8898 1402 4288 6628 4111 9074 8099 8052 9624 122 8883 9346 1170 5356 2179 7458 6195 8577 4903 7691 8381 499 2618 1891 5296 5293 7550 3600 8791 
7485 2299 7003 9866 3453 140 1193 174 7830 7516 3857 8519 2763 1318 4514 5487 358 9201 519 3421 1032 6000 8523 2371 7778 5397 7963 5569 2290 2560 449 4641 4607 3857 7952 8087 5437 4417 1337 9509 9301 8299 2726 6838 1549 1863 1157 2759 5033 9367 617 2627 7835 6542 1326 2663 8977 5517 9814 7890 3178 9989 8089 6833 7225 2915 8544 8138 2786 4688 4383 7439 2826 2253 336 2318 6644 6094 6483 4779 4741 3354 3887 5299 7647 7994 2933 6924 8056 1946 966 4135 3294 6331 2790 0 1964 7591 4181 5488 
6914 7531 3747 7603 7121 7074 3723 3616 437 711 2946 7076 5047 9104 6603 6419 8633 1255 276 8935 5369 2455 2152 7485 1989 4188 7217 7776 4694 1145 3197 4496 1279 6463 8236 6914 1286 5478 1920 7757 2815 2425 5975 5841 9397 8240 1055 903 6590 6832 3698 3220 7982 6078 7407 1593 3639 3461 5021 8037 6203 9048 1467 181 2531 4961 4937 5138 7630 3280 3855 219 8541 9624 9599 8571 149 8353 9485 4653 2367 5801 9058 444 348 2138 4981 9063 3388 4237 31 9033 5908 1079 4293 5749 3346 4604 7229 4093 
8386 9074 487 7767 700 9351 1358 1056 9039 5731 4055 9134 5064 2946 8862 9323 3673 9294 5774 9422 6452 5642 5202 9533 4359 9989 1188 1087 3201 764 6040 8262 5281 6673 1574 9918 9694 267 3005 9284 716 8580 3923 5679 5949 3076 488 6981 8860 8597 8368 1988 708 4206 2625 6655 723 1078 1400 4125 9751 3030 2959 6363 8219 1352 4785 9685 8370 7695 5549 8674 3184 901 2073 890 5372 9605 2081 9806 7189 888 9915 3284 9866 8292 8022 6455 3008 1417 3688 8826 5661 5248 9105 8907 6041 9219 6737 425 
9056 6729 5671 7329 9277 2962 4537 4205 4032 4442 6168 1575 7673 2430 7360 7060 5837 4583 6332 921 7636 5219 2363 5838 1736 6383 2906 1889 2497 723 8573 3902 5940 9292 9296 7773 5750 6140 215 4067 4229 2022 6875 7398 2937 2838 7992 7708 9722 9632 7565 6176 4479 1220 2757 9952 7432 2519 5625 6361 5241 9841 2769 203 4427 688 2511 9990 9942 1854 4373 7681 1363 9996 7724 6430 8007 7339 2686 8419 8691 5514 5232 5145 9028 1100 3365 4205 7238 2026 5744 9708 7846 9712 2110 5665 8557 9657 9282 1332 
6797 2487 8231 4055 3767 5064 2946 7008 8187 8783 1726 8954 2588 3739 2288 5943 921 2120 8747 5905 3286 7490 8071 7573 2252 4327 446 8964 618 6187 8378 5596 4200 5414 5205 3048 1170 3271 3576 121 2591 9468 8964 3635 1680 4857 8727 1020 172 5153 5525 3591 2431 1289 4059 2948 320 8069 3630 4418 463 2346 7558 3828 1063 2794 7407 4852 6203 1815 4169 5143 7698 7630 5612 3396 435 1807 8813 5439 4919 5651 525 8549 5984 4701 4660 6046 3357 3561 5574 8160 9871 7131 9529 4188 3726 1204 973 5092 
822 5673 9824 2150 6362 1555 8215 5398 9407 3413 2692 1246 554 909 8184 4152 1717 4734 3672 2127 8947 4216 5259 811 2975 969 5852 5825 7576 2066 8416 7045 6967 5912 5086 3317 3241 4149 5065 5905 7640 4021 9451 2632 1257 1600 208 2167 4193 4714 9376 6369 1038 9280 5687 6644 792 4212 3492 7459 1690 4683 2933 5527 5548 7051 6583 7678 6466 3153 9406 8555 2559 1187 8141 6495 9386 9855 437 8619 50 4602 9262 3391 4355 5879 1558 5123 5818 1440 7282 7543 288 8052 2791 8208 2943 8062 6961 5770 
7417 4729 300 2072 3850 4880 6837 5765 4346 9805 7286 5298 3362 1886 6547 3095 6306 7683 3837 215 7158 9701 9746 1742 3698 7838 8219 4119 2994 1251 3044 9047 4765 6479 1342 4680 844 2095 3878 7721 8929 1285 7961 2742 9052 6002 3204 7497 4140 9596 262 7569 182 4149 2034 7103 2237 4883 6035 3617 5848 7084 6740 7019 2960 9676 6845 1518 9983 9261 1824 612 9423 3945 5211 3559 8654 3403 7953 3809 6008 9211 9245 134 5186 9761 8857 6115 3028 1038 3553 8026 7933 5744 9147 4800 8193 3647 337 1548 
465 785 3635 8435 2981 4392 1082 8727 5603 5371 2686 1020 172 5468 6786 8121 8817 3098 2601 8477 9472 2346 7558 7879 3884 9752 3957 6401 6909 2054 5603 155 6530 2145 1502 24 6584 4814 5996 5393 472 4031 776 5609 7641 5544 6344 788 9590 1781 2358 9363 4577 9153 1733 2765 4026 6932 9628 138 1366 2570 2977 8119 2965 921 5297 1180 5473 4071 1569 7212 2392 1537 4620 9281 8069 4418 2650 3951 1020 8477 6795 4493 4802 625 8781 1376 1254 7933 3951 3339 6428 1 4307 1079 9038 3146 7729 596 
5637 9830 9933 4077 4427 21 2273 7921 1840 6795 4518 3645 7682 3952 2552 3817 2444 3106 3483 1980 704 3959 5733 8957 7807 1714 8053 4968 8888 9628 3954 2021 7289 6426 4372 7728 2432 9081 1127 2154 2189 7890 6545 9 7834 4931 2785 1758 9387 5087 2363 9720 3469 7853 452 5235 802 2242 3048 3417 7413 7541 3852 8435 7492 3653 1003 6636 8919 5536 6766 746 1023 3481 9530 4298 790 6635 3198 759 8374 7756 1684 4200 8432 7799 5279 7358 6215 4015 6329 2647 9790 3893 6611 1 888 7721 1592 648 