1485 8635 9043 882 2135 6511 8563 7924 2061 5187 9311 7273 7020 3956 107 5128 1429 6695 3412 9657 6586 6721 3106 1696 1543 5523 8642 7444 8984 6121 1706 615 3299 193 8816 2658 4237 9407 9153 3116 4387 2515 1758 8148 5554 3523 7663 1669 6584 3785 4311 8077 1868 3952 1376 4627 8833 4040 706 3602 6211 1394 4342 9504 9618 5565 2722 2859 7211 5150 1143 7803 4922 2530 9241 4538 9979 9873 2554 1895 947 3121 225 6412 7687 8893 8093 1461 9556 8087 1615 4391 8589 9413 7616 1533 7618 7073 7627 3483 
2009 837 8048 6114 8312 2280 165 4351 100 8801 7527 9299 8824 3784 9768 7349 1117 7616 9615 699 5790 764 7222 8059 5802 8170 1016 7419 1296 9046 7808 4764 3266 8941 1530 5630 6481 9216 3575 5132 8617 1172 9122 9656 7327 1368 9686 9992 8761 1538 1608 3922 9408 5715 7084 4213 8566 9013 6973 6965 1173 9033 9553 955 6833 7695 5362 6269 3927 6853 7409 7213 9470 906 5645 783 7917 4489 1896 1902 6536 637 5098 563 4921 810 2713 6224 5060 7679 6762 6572 1818 7024 8998 9660 769 5297 3009 3825 
271 5613 9706 5719 4023 9320 1311 5751 692 5691 3785 385 1578 8612 5153 8545 8638 5756 9413 4939 2612 5077 332 9807 8183 8066 8842 3342 6587 5960 9295 4489 7207 9087 1726 9599 6949 4590 7972 2655 3525 7580 4699 1821 8876 5846 3575 5874 9192 2826 3774 792 250 9407 7664 6659 5688 250 9999 752 1491 5323 7477 4589 5479 2982 2450 9169 4987 5482 783 4933 3488 5690 710 7314 6394 6002 2912 1899 3335 568 1171 8436 9877 3452 390 8641 4677 4326 9757 7635 266 5764 2937 1920 2262 8747 6513 4982 
1977 1186 4526 2034 8057 9467 7935 6487 2877 1647 5686 1633 8754 9221 1411 3484 4602 7007 367 4667 4813 9388 3387 540 9963 2596 2453 9383 4423 4888 4798 6677 2405 8814 4239 4717 8223 7111 4568 8956 6910 1794 2671 9555 4408 99 2889 7251 9872 632 4531 4630 5152 5916 9462 3813 9253 6504 437 309 3327 4742 6404 5866 2134 9143 3614 2286 6565 8706 8718 2119 3480 9572 1987 7552 7433 3205 3074 2411 3446 7647 1298 1714 96 6768 8326 1689 9027 2473 8516 3388 3167 2314 402 9032 8897 5864 1927 8553 
8751 8174 1910 421 6283 3973 4907 5768 7020 3074 2858 3860 1349 6106 5564 7539 5989 643 1579 8696 495 1250 3427 1691 9091 7673 8286 3699 7101 8691 1362 6230 6169 2538 4178 9566 5536 5087 1569 8868 1773 4848 6483 9065 5084 5342 8847 8403 1639 3650 9456 8708 274 3901 1524 6397 4213 1093 2409 456 2682 2700 6853 310 6768 211 6599 6137 7848 2911 356 1970 5511 6673 5384 751 6610 2714 9340 4609 1553 2049 8677 9880 1594 7814 369 6318 2141 4312 4161 3915 5280 3213 1456 1252 2280 1256 3769 5744 
783 3985 3652 6058 5046 3273 7898 5922 6650 1134 2405 9750 4091 6675 488 113 7851 4264 3878 9058 7614 5396 2059 3364 7331 4642 38 9060 4825 3574 184 4819 1310 3819 2585 5319 1710 6642 7250 3907 7685 1795 5505 1668 5183 638 3596 8269 9362 2571 6690 465 8789 3459 573 2559 7278 1618 2895 9986 7142 8702 8200 494 8371 5860 5846 9604 8357 8266 684 4667 8539 6560 1691 8446 9120 8812 5663 135 2063 3722 7412 8516 8786 4521 3597 244 9627 3992 6733 7556 4524 2476 9888 1220 665 2370 2614 9439 
3987 5430 9944 3724 6124 7155 3362 2235 9099 8911 2758 4432 6263 3738 3753 2317 4681 2532 3705 1064 6705 4776 7549 1950 4566 3442 4390 5349 1519 6557 2051 5108 9144 7469 2013 8163 6069 6462 7981 6084 8840 5684 8913 2828 3096 2564 6204 4617 5936 8758 3719 2221 9062 4008 5412 237 9677 4093 9409 390 3894 3402 8829 999 2309 5810 6033 3363 5953 4109 9629 6986 695 6924 5785 4621 4944 3175 2804 2565 7680 4343 6985 7758 1446 9135 2268 8276 7039 7360 8814 7294 3519 1795 6732 4906 122 9850 271 2973 
3441 2138 781 6784 2522 8753 7063 5169 9974 1790 6497 8453 9730 8851 9031 8318 4204 8844 8500 8401 7517 9275 765 5968 7519 6019 9141 8972 4896 6402 5955 8621 1770 974 9379 4125 8297 8064 970 5091 8484 6376 3547 3310 8118 6688 8225 9420 697 4182 2032 188 3974 7987 7421 4748 7789 8659 6101 5506 4182 4876 809 4392 6839 9402 1404 1446 5772 3798 7807 4065 4481 8382 5180 982 815 5726 5632 9914 4033 8076 4617 9456 2094 4328 6124 5725 9341 8504 3375 8002 2430 7478 7105 6963 8898 8647 8211 3154 
4572 7504 654 1859 1987 1737 5495 891 6152 9306 7887 6280 5540 7048 351 6065 2246 356 6374 1134 1782 5326 679 138 6583 4823 3172 73 9192 4015 9502 8076 1276 3512 9752 8302 4598 3271 2102 3220 4617 1944 548 7908 4129 9782 9278 9286 7332 4406 4197 9581 347 9494 8337 5032 982 1968 7772 1332 4683 3382 6872 7172 589 9075 9494 2200 8603 809 3710 9123 2673 4491 4458 3388 3231 6632 1764 4637 2288 7898 6962 1458 5169 4080 6753 6848 9752 5629 7209 6094 3067 3836 7819 8423 314 4523 9317 1002 
6039 2150 3390 3224 5294 2648 7618 7073 5076 6624 2009 9066 2890 6256 2671 4553 805 1398 4825 6960 2737 598 9143 2429 9360 1477 9997 4700 8754 6964 5840 6814 9924 540 9948 8986 2581 5140 7813 2281 8666 5373 712 5852 7978 5507 2561 2964 8030 3199 6316 7604 5595 1368 8639 9869 8744 223 7027 9129 2275 4600 4508 8169 794 8567 1613 8871 7731 2332 5055 9065 9126 7635 9870 6385 4813 8443 9810 7445 4099 4899 3175 7602 9224 5701 7495 3570 4650 6011 6059 8351 416 1445 4254 9405 5850 3817 1543 7387 
7964 4798 6723 1093 2810 3936 6604 3741 8408 1651 2840 2537 6331 4587 1034 966 5832 9510 1738 607 1375 264 4291 2528 1482 657 773 9552 1195 5673 4023 3571 352 8358 3608 8595 9223 9931 1788 7589 6963 3216 8532 8768 7170 8715 3635 6187 930 8907 3065 9020 4531 9181 2381 362 5635 8975 9561 3065 1848 9556 6674 6241 6328 4663 4944 8157 1278 2967 9644 2100 5928 9115 670 1916 5724 4665 6204 2547 4259 8386 7637 3866 329 3849 5486 6211 2826 8607 7291 6430 2114 4792 7108 8429 9914 7795 3281 2459 
323 1787 8789 6015 837 9996 4091 545 4157 2640 7815 3304 2398 7755 2872 4421 4317 4192 4906 2267 1692 973 3231 8592 2058 7540 3522 5326 1411 9643 438 9903 7731 2660 1242 788 7188 1025 6034 1938 4568 7389 3116 294 9695 4958 8364 8885 7852 2000 2563 4386 4849 1722 4644 8125 4370 8859 3923 967 5876 9694 8265 7288 2834 2481 2527 6151 8646 5977 7788 2441 6848 6025 7394 1487 5698 5260 2855 1648 8483 2072 8336 4776 4053 8812 331 7716 7770 7245 9293 3948 192 1334 9042 8443 7387 802 9302 9026 
2311 6323 5972 1567 4571 7281 5731 8170 2405 5018 2000 499 5266 8987 8176 2561 8312 1420 4203 2398 9208 3237 1551 9459 5823 8289 7829 8185 7936 7670 1532 6507 949 677 5573 5032 3304 1375 7784 1082 2108 1328 8794 1686 1264 9748 2031 1853 6207 5626 1891 9504 7090 3392 7962 4841 7652 5357 4975 2734 1237 8317 9409 6081 8 9075 7464 8773 218 2054 2806 6533 7267 9110 2504 6303 5114 1435 9753 2805 2009 4804 6239 4165 9365 7493 8622 8041 4683 5865 6844 8915 7556 242 9276 3430 8475 9253 4259 788 
7902 2199 7989 9425 4002 2673 727 122 7386 2239 4689 1964 2357 3970 2039 4767 9824 4952 812 529 1080 5254 6734 6650 523 4281 2530 3449 6822 36 1876 3567 4858 7384 9470 2442 2237 7698 4865 3665 9430 6238 5080 8092 6884 1520 48 9356 7477 2549 402 1834 6558 4633 3344 2636 4673 8144 1623 7322 8499 2619 8515 1208 4681 8663 9570 9796 4025 501 4018 4239 4112 1216 7129 3398 4085 3645 1996 464 2531 414 8819 3892 7879 9904 3391 9788 2468 4470 1177 7238 4023 2160 4437 1345 8044 8414 2515 7202 
1938 1578 643 1210 1821 7990 3103 9490 2228 6957 9507 941 3598 9247 7805 300 247 8012 211 6512 5501 6804 8576 9624 16 8769 6330 6306 7275 5474 1104 6365 3734 3007 9064 2710 4382 7367 312 1602 8066 7254 6649 6894 4746 9134 253 1033 6998 9774 5164 5639 5579 6622 4059 6118 6785 9320 6715 7736 9738 6812 1357 677 1949 5677 8782 137 5137 3293 6914 7568 2962 46 8248 617 8062 8502 2872 5269 5846 1189 4985 8515 8882 7287 9142 9035 1785 1662 3560 4064 5104 7416 7924 212 2701 5248 4229 3088 
2187 7708 9650 7066 990 1074 1002 9462 6034 955 6393 3825 3561 7629 6255 1714 7112 7721 9586 388 2437 6976 9047 4736 766 6806 8563 8423 4680 8699 1844 6199 9546 3843 2291 4582 5568 4708 2790 1490 7458 1667 2505 3772 6652 6199 9060 9112 5018 6013 3862 8789 9942 3412 2358 2482 7969 13 3927 7689 455 3018 7924 1721 6699 6100 9444 5050 9677 9995 2072 4132 3502 554 3844 22 1971 6835 7207 5721 2814 2150 4865 9111 3348 8198 4774 1431 3534 8559 2315 2110 771 5848 6497 6182 5178 5399 862 7631 
8148 1289 2270 9355 4391 3251 1715 7229 7243 807 5512 8125 433 451 2085 9290 5988 7921 1452 9215 4928 6758 8412 7778 4724 7407 5270 5692 3485 2708 4109 7341 2756 3878 4943 45 7561 4705 6165 3882 8603 6884 9548 5853 1872 1028 1671 8829 678 8380 3628 8583 2913 1597 6086 4187 62 5167 5448 34 4594 9826 6535 1554 2787 4413 735 1210 1681 9550 5597 3329 5631 2767 9972 9029 1707 7753 2306 9845 1325 8573 7128 8829 6885 1958 17 7771 344 1917 7482 8065 2930 5697 6264 8724 279 9520 4558 2261 