274 9869 1030 3378 3901 453 2097 1982 5747 914 6722 6922 628 6995 3387 2289 822 4010 9295 5827 3647 7923 5983 8478 9668 8631 4896 4384 4179 5449 6097 2746 8818 9175 4071 7721 8949 3128 4382 7754 4751 8522 6893 6052 7714 1590 2765 93 4389 9372 9061 5384 8472 4180 3822 2544 4888 3495 2249 5147 3352 8820 3745 318 7996 3220 3790 7103 8710 2458 3310 8482 405 7902 1096 2602 5777 6899 498 8666 419 7309 9969 2983 4650 2199 3110 1451 1971 3543 347 1353 4414 4459 1103 6834 7993 3689 3423 6077 
9045 3494 2042 8941 2770 8944 3249 8240 5695 4869 6219 5736 941 9272 4967 255 3848 2590 986 2913 3516 291 164 4860 4824 1172 4746 1535 3100 4524 2498 9695 8399 7496 232 3181 3907 8112 3383 9647 2748 3908 7405 2429 9926 2986 3185 3117 8959 5526 6893 6438 1917 5392 9149 513 9637 6792 8975 4596 995 4288 6374 3628 6902 545 2175 7071 4419 4423 1751 5329 8414 5124 8379 8862 1152 1970 7567 9279 6041 448 9737 2537 1213 9559 743 5958 8479 5241 8556 2718 4954 8767 7692 3097 3653 6140 3903 6707 
3305 3582 8546 2017 1173 4905 7683 3621 288 5549 599 4855 4202 9260 2628 9993 2190 4200 4700 547 3823 7916 2758 7787 8526 4019 5517 7687 8432 659 1432 8582 3915 7167 9072 4735 9560 3021 9685 546 6783 9717 4878 6277 3688 6446 1736 216 7093 4577 4840 877 1423 7196 6914 4388 7017 4890 2222 3689 3631 1282 6354 4664 5027 5535 2145 2722 8936 7333 9853 163 5610 7000 6833 3455 9135 7371 1821 2809 3610 1860 7543 7543 4452 6286 1895 9279 3979 3709 9435 8791 8987 7842 4982 820 5607 2860 9278 3891 
4444 5204 8913 94 8450 7090 7776 6546 3979 9133 7034 3574 2643 2432 947 7787 7423 5836 145 1487 7783 1432 5094 3342 9320 6821 2971 8921 9539 7550 4660 917 1127 7130 9278 1720 9140 7680 2665 3067 77 7192 9966 6851 211 179 982 8597 1262 7213 3366 6744 5556 6434 786 3794 2714 3653 9499 7403 4858 3282 5863 8693 4591 6513 8929 817 2335 908 577 9054 7630 9215 2449 6778 5057 5814 2070 8382 1202 5778 4394 9143 2533 4060 9026 7621 6787 2912 7326 2947 3473 6076 2990 5483 2872 713 5426 1203 
8419 505 400 4875 5122 5709 8403 9232 2740 4699 2413 9740 8303 2848 3068 2158 6321 5496 1092 5422 6394 2150 3419 2853 3577 5956 1680 6442 6126 9788 6610 8749 7245 1137 249 7143 3926 8340 7777 2760 9475 797 7679 3685 6139 2900 6698 4918 5610 5024 23 6030 9716 5565 5226 9907 191 6693 2653 9957 9227 6489 1507 7734 5929 1167 22 3056 7479 1367 6193 4781 5262 5774 6001 5016 884 9900 7979 6791 2873 2697 1566 7154 5684 2372 1830 2801 7446 5388 7542 4368 4591 7012 457 4160 1814 4820 2613 7032 
7448 2692 5986 4832 9460 556 3721 8012 4229 862 780 2158 9799 1952 5323 6828 3813 8390 8301 2741 7194 8465 1753 7559 7563 8960 3705 2930 6874 297 714 2058 4098 5901 9772 6082 9244 2246 5952 9995 4510 9736 1837 5819 1029 4418 2968 8633 3956 6438 1728 434 7110 492 7350 7631 6317 7256 8415 4947 5269 6935 2440 2783 5738 8730 4199 7129 7707 8878 3247 7574 5192 8624 1339 958 2305 6545 3521 3430 1949 6554 6244 7000 182 4471 4703 5417 795 8760 4452 7990 5516 2076 339 6826 3444 3191 1938 4225 
4548 7475 7042 4013 5670 8873 3953 309 6491 9454 6371 9851 4101 8068 7273 6239 9281 6671 6231 7535 8413 6464 9485 4084 2046 520 2416 2067 267 4159 3113 9334 9770 6043 9573 4939 9570 5010 8791 8706 5673 7639 1644 1378 7488 5305 632 6794 7956 5179 8892 1785 9138 8419 3592 9302 4943 8047 1850 2473 8857 5183 1642 5153 7220 9143 7372 8716 6833 9240 7909 389 7386 2279 724 2698 2224 7451 6278 5634 638 8127 1732 9879 3336 9505 5400 9969 620 7490 1785 252 8539 4795 9088 502 3766 7319 8267 1488 
3762 742 6602 404 1720 6774 5711 4193 1947 133 1863 904 9294 9669 1845 4317 9979 1773 5577 9785 2360 4779 2260 2289 5464 1795 9381 9479 757 6821 9737 4350 4439 101 667 4604 1387 8558 7463 7342 6542 1398 1261 1452 8307 5852 8448 2138 1314 6531 1040 3901 728 8305 4344 6732 7787 8975 1808 3932 4735 8429 1799 4877 2610 2892 7338 9442 2695 8689 8464 2026 3694 8673 5100 8592 4060 9506 4723 2638 9342 8356 4386 4349 5187 6305 9674 946 6891 9984 8209 8915 4687 8411 6739 7154 1129 2435 4721 5568 
7924 4740 1381 2152 8916 8414 5562 4374 2152 9686 5518 592 4504 732 7805 1465 9525 5656 3995 4727 3600 2793 1184 306 8454 8870 1708 7925 1920 4588 4739 7396 5355 4704 4709 6532 8705 3759 331 3741 4913 7997 4136 5998 8589 5201 2591 6580 6549 2673 8550 208 70 1250 2828 8833 3592 6265 7896 2314 4689 5597 7998 9628 5070 2258 107 3692 6887 515 6331 9366 6613 7285 9957 2853 8547 6933 8974 1432 1801 9374 514 7175 2593 1798 7305 919 3337 9900 6228 1683 63 7225 7512 3107 8193 7106 9883 4424 
4237 2511 5726 5982 2139 5121 4324 7885 8000 3515 7212 969 7337 9392 5296 1530 9192 8847 1358 2099 3629 391 1707 5188 7915 8501 3746 1155 4099 6624 5587 6538 7408 2258 943 9224 7762 2940 716 8213 6285 3447 5837 9304 7161 636 1352 9803 6410 4527 6281 9674 5482 5206 6488 8193 9878 1977 6742 1628 8744 9440 6812 3980 3229 3061 8095 3866 6409 9425 7547 7438 3163 8695 6533 4628 4846 8521 288 7067 3283 7740 6938 5215 3575 9115 5504 1304 8042 1168 6598 9356 5983 3761 2957 6540 9543 3201 3184 4316 
8026 5601 4558 8014 6681 3157 8322 4451 2933 4892 2695 7518 8086 6729 4608 7219 2080 1891 2218 2702 4182 188 4372 4136 8675 6891 8130 7789 8209 6101 7519 1617 4721 6603 7423 5419 1338 9950 2932 1206 1895 11 5525 7821 2928 1527 8052 1133 5263 853 1052 8573 950 2312 9365 5977 7936 2612 9206 8602 9798 8111 2124 5768 6714 1477 9761 7231 378 5408 3626 7761 7406 8884 7194 4074 1192 2839 5917 7007 8350 6645 4893 2080 8376 3515 6889 7382 9759 8958 3720 7907 4528 799 5877 4608 5851 3116 4625 3614 
1394 307 7211 722 3734 5396 2602 4553 4783 319 3901 3642 5274 810 8021 3530 486 2234 7479 81 7744 3623 5397 4590 5078 3813 3754 38 4779 6154 5318 6686 6763 8333 5510 2034 796 8387 3674 216 7564 620 807 1049 9074 2966 8947 5016 2526 4902 1817 242 1820 3043 2489 9580 5421 1501 5841 3346 8721 8607 5818 1407 6076 9356 774 6329 4771 12 5085 8968 6416 1941 8572 6540 9641 4596 7015 8715 8220 3290 414 4933 9569 3621 7452 4887 6573 7642 1773 889 2500 830 447 8467 3121 6732 7412 6634 
4123 2357 4786 3980 3857 3857 3242 376 8438 4800 9688 1491 1162 7887 216 3531 8464 2123 7456 8288 9584 2461 1499 8780 8353 8196 2421 9199 5486 4105 1518 9426 4172 406 8117 2965 4803 644 6873 6746 2202 2687 4229 7440 7091 5926 7321 3307 5977 4531 8124 6266 4267 8858 2165 8860 8072 7161 942 8309 7260 8324 7110 153 9205 4719 1328 9508 5914 3002 624 5104 7891 9377 4473 5708 2558 6697 1668 7336 8869 3065 150 4268 790 3712 9914 9609 5475 9732 256 4817 4148 1623 5412 7554 4931 1839 6171 7096 
4513 2827 7856 3413 7907 8080 6380 9418 9396 6800 7112 8806 6585 5534 1752 2045 998 4147 4639 9922 7169 514 8063 6041 5996 2358 5182 9503 7607 7581 6315 7261 5370 5352 9151 1856 3363 2409 7750 3881 8284 9015 1893 2569 7864 8319 5661 7994 3939 4242 168 3140 5941 5641 4657 2997 3718 7218 9054 2628 7043 6666 6570 5353 148 9085 6548 7849 2172 704 7632 1488 4778 439 7142 8250 7500 2874 892 8760 5336 630 1449 2937 9058 6846 4507 5420 2306 4551 98 9470 4204 6230 1143 8034 3951 9088 9801 2665 
9290 1418 2638 8798 7777 3492 8986 9813 3903 4697 6709 7645 1216 9394 3467 4134 4786 6328 8208 8621 7498 7375 3634 4447 4796 2436 6029 7722 4139 5987 3405 8737 7012 2565 8019 7863 5174 5942 537 8009 2819 6103 5205 6299 9785 6288 112 8520 6001 5092 4936 5000 2435 6963 7633 8521 3300 7267 9437 7756 9773 9110 190 3280 943 395 4378 2048 6985 330 56 9420 7294 1219 1282 7681 3240 6469 4510 2608 2649 9593 6076 7302 6040 9034 4144 4306 9757 3410 5456 7795 3217 1212 8802 1255 6046 6872 8313 7063 
2615 4868 2390 7115 5089 2581 7050 9305 3146 7608 3990 1125 2094 3988 7026 9180 4991 3215 4435 9172 8618 3540 9979 8099 8243 9100 3655 5037 7891 1281 5590 5343 7194 2350 1024 2153 311 1319 30 433 6658 7892 8991 9860 6286 6011 2707 6266 8799 7483 9733 2293 9779 2398 5 4203 3561 5936 8221 9661 6212 5699 1971 1957 5513 788 77 148 9134 4177 1639 9965 5949 7999 5531 2174 495 3399 2595 9643 5316 8812 7931 7756 9635 6277 7318 4917 5335 4481 675 1953 4818 1404 5362 9888 5709 3606 3178 5855 
9877 3729 8957 4168 913 2317 8130 6901 9161 7699 2454 8247 3437 4408 3567 9501 9466 6115 6759 3427 5743 6153 8702 2943 3456 9108 4187 5648 7465 5890 3150 4851 6745 9215 4066 2973 4479 3515 4012 7829 1317 3435 6847 433 6001 6705 3562 8042 6777 3116 5397 9240 1859 3887 8822 5707 5899 258 7035 9874 7258 7691 7897 9756 6156 3244 4619 5718 5265 5139 7872 8776 2220 5737 2301 4937 1038 1012 1605 1443 5851 6516 5890 9081 825 1554 9233 9681 5703 8234 8576 9589 1928 8237 3371 7627 4513 3582 2594 404 