901 4921 7773 1826 5837 2245 4903 29 9229 2944 8404 3249 2860 3241 834 1796 5746 9833 9775 8541 5255 6061 3603 5701 7795 5024 8210 8824 6798 3622 3976 8793 7262 114 4444 2602 5950 9738 350 324 8156 4839 1666 4503 9056 8670 9046 4037 3824 5092 9720 9134 5523 6402 7869 4128 4533 4089 3500 2320 200 7373 8799 2580 3692 9858 2210 4115 6774 174 3156 168 8389 4952 1641 9226 7307 5492 5732 1948 5671 8241 6528 8169 3709 2501 1782 2731 1555 4408 6273 6965 374 3834 7291 6322 6836 8044 7645 3352 
6265 9599 1059 1437 6201 3266 7351 7105 9139 4895 8708 9841 7188 9973 2853 3592 3416 6530 2731 5814 4211 4609 5199 1393 8527 1274 3866 6257 9614 2235 2543 4231 988 5823 9261 4437 2348 6738 2715 592 4768 7596 2964 4684 516 9812 7181 6902 3491 9267 5647 8859 7397 8379 669 1455 9240 560 5972 4838 4068 8804 9786 873 2600 7466 6735 2873 764 4824 1899 5469 4878 3270 3566 791 2304 1032 4850 1654 1321 9053 3630 1728 1110 7845 8028 657 4788 7494 355 8509 4679 7748 1513 6306 6634 8362 3052 4132 
308 9308 9342 3483 2410 8942 9249 9557 8771 6003 8200 251 6698 2498 6077 8879 8060 8279 3439 1171 4208 9461 3662 718 6640 3728 8790 8420 2914 9739 6870 5566 9176 9143 8471 7609 1338 971 8317 4544 7819 7409 2396 8430 1665 6910 290 2456 1910 347 9751 2147 7156 8499 4852 2805 7788 1050 1497 5918 8030 9127 9677 8059 7335 6231 4571 7943 8695 6266 7264 8400 4341 4749 382 2249 7397 5264 5537 3071 589 6304 6641 765 6206 1304 9119 3370 9565 395 5514 7840 3993 7715 1119 9063 326 5006 5402 560 
4967 8496 9992 4758 6319 1924 4742 66 9740 3363 9952 8005 1225 8259 3092 5855 9257 2458 4621 4944 3175 2804 8107 2565 4343 7758 9545 8356 9329 530 6125 4401 8164 6307 8656 7316 2722 1396 634 9678 2420 5093 8594 9447 605 606 1363 2328 5400 5760 1261 7458 6233 8653 982 8292 6706 9034 7710 8172 2091 7122 3243 8304 2418 9248 3351 7300 4171 7746 3059 8910 907 3319 2920 1360 6749 4658 2577 4846 6807 7710 864 7598 3282 2331 4002 9351 561 1203 1236 8759 9972 8387 1954 3797 8281 10 73 9540 
7927 6966 1351 1500 8274 5361 743 8940 5906 740 5657 7354 1530 8062 3320 9599 7377 9776 3337 5883 8280 3294 6770 2780 2206 4245 5658 2857 3051 4924 8080 574 8330 7446 2118 4872 5805 1811 1006 8318 6273 5487 948 4996 7189 9233 2799 2667 4556 9298 9858 7706 4006 6631 275 291 778 3885 141 4452 5708 24 7467 4736 6035 7118 935 8065 4288 4564 9658 4926 7040 1377 3882 5613 5865 5626 593 1163 7973 4484 5396 2335 7894 2233 8108 3089 5080 4725 845 5326 8496 6799 1545 9653 8005 1361 8784 9671 
3738 3951 8266 7884 3753 4404 7252 8078 8085 2108 6712 9788 3028 9386 9370 8221 9991 6899 5847 1833 920 1049 592 6030 9589 2334 2993 3857 4798 2406 4515 7380 2114 3877 6211 1267 8317 6626 7606 2405 945 9038 1435 4274 5364 7951 1950 9761 2941 6266 6602 4237 2158 1061 7539 8543 4340 6290 8070 5348 7024 2120 1637 548 2706 8080 182 723 1710 522 5631 4103 4631 9178 4237 3378 5248 1432 6509 1523 7709 4743 3707 9921 4910 5893 7424 6008 8944 6839 651 2696 4804 2911 2812 9312 6277 6202 2121 2731 
7387 1194 2943 5355 607 3141 4415 1595 6950 3909 6264 9380 8584 2983 6103 9667 7575 7511 3168 3983 8462 8649 9234 8279 3532 4881 7099 2878 5772 8578 8976 8501 2366 9367 7251 2377 9412 9117 6248 7086 9241 6492 400 8495 2326 7612 9035 201 1136 6863 673 9829 6450 8192 5680 1574 3580 8833 5094 9175 1977 1223 2773 5179 8738 6786 581 9689 9617 1026 517 8244 3678 3979 5234 2862 2165 5588 740 8454 5920 990 5426 1412 5024 5444 7988 9721 4698 6193 2247 6364 9502 122 7848 8061 7353 3098 71 1466 
5254 3370 4056 1769 4543 4482 3463 9499 5933 9607 7403 3939 7316 1196 3282 711 3479 8693 8244 3263 2786 5378 6534 322 4804 6120 1606 3093 1985 7044 1135 243 1294 677 5409 1808 9073 6983 9755 8820 6626 7613 8151 4581 3117 1704 9115 2645 1632 3581 5836 9793 4493 6857 1615 6080 4670 7703 5895 3506 1233 3222 1383 2738 7590 2415 8223 3311 3657 3808 9994 8145 7694 985 5975 4822 1867 9217 9723 7133 4536 9654 4041 6221 2980 3097 4978 2546 265 7125 4175 7182 8810 1448 9080 615 1528 4325 6099 591 
194 3726 5517 3864 7701 3785 7816 190 3231 2617 8436 5268 9757 5709 9908 3405 3784 357 8564 1628 1664 1587 8003 1195 2499 9813 373 8512 6575 1460 6738 6419 5872 670 5964 7429 716 8307 2300 5829 528 6650 7 6251 7309 1985 2109 332 1158 3080 3656 9860 984 1364 7175 694 3726 86 7802 51 9208 6678 7087 5742 4126 3573 9892 983 1243 26 3019 2120 3200 109 977 2109 2667 3330 9336 7590 4536 5330 5913 2005 7560 4001 2816 3769 2036 5315 5046 8986 6442 9386 3994 3434 5889 1156 6495 2937 
1920 2310 2262 6397 7304 6973 6513 6860 5633 4150 7935 5564 3900 6327 4496 9975 9620 5648 2154 9609 3008 5217 7901 5876 4499 4739 4971 663 1491 5814 6260 467 3081 562 4749 4668 2891 4242 5968 2216 7085 6019 2962 9735 6089 4896 2057 3464 350 7481 8621 1770 2843 9649 115 2563 2922 9168 8929 7366 9673 6278 9956 5046 1131 1050 7347 464 6828 2337 5455 4665 6094 7474 1993 251 5555 6103 9382 8485 7331 5951 5651 8601 1216 6867 4580 8098 9866 1747 789 2116 5818 9050 588 7605 7998 4774 8084 1602 
1050 3378 5106 5856 8514 2499 5132 3008 7707 1478 63 5117 112 5915 283 3912 1841 9273 5185 650 4289 345 7907 1944 2118 6400 5271 5036 5845 6282 8289 3542 3106 1891 1525 7045 2765 1778 6510 8590 3250 1071 9132 5430 1173 5135 1247 6420 364 2142 2267 5713 4609 6984 8878 1166 4154 9164 9234 6345 1713 7964 7760 2546 1593 5936 3571 5166 1511 3732 6389 6451 7652 7979 9572 1860 4149 1611 7557 3129 993 5944 2141 4349 3118 7289 6658 3803 8425 3932 5781 1975 8793 8087 3762 5624 9595 6314 3562 1844 
4623 7384 142 184 1254 1769 2338 1905 102 5666 6050 9187 1024 2217 6321 6607 9091 1720 7220 2214 7217 3969 6617 8601 778 6061 2382 543 5218 5564 8023 5645 7865 4754 7721 6433 4658 3888 5319 1706 4116 1570 8003 461 1250 589 7817 8363 9930 4120 9636 8457 3680 9463 1531 2633 8876 7023 1889 5265 7726 4121 9938 7719 4502 2820 915 350 8621 8668 7385 8153 2390 1497 5627 9457 4615 7726 7003 9114 819 9136 8530 4787 9607 1411 9960 6302 3320 1497 9275 5315 22 8185 6348 7089 5254 822 6226 3838 
4163 454 9812 8108 8417 3096 8833 2810 9978 2451 1804 9158 4891 6618 2478 1489 5917 2965 8085 6719 4966 5855 3285 4252 749 5038 8887 9986 3239 5594 8045 8317 2224 3880 1422 5586 4655 3059 1461 770 9957 3781 8163 9016 5347 6354 5656 9143 1605 586 4406 4261 1383 3456 5175 8661 9682 5647 7253 8011 8084 2345 2587 3652 7672 2122 2944 9196 7329 6928 581 7900 1732 347 710 9352 4194 5720 2278 2953 3997 3782 7244 7035 8068 2035 9604 341 6423 8426 4146 6543 3942 857 1730 9798 9274 5781 8309 1084 
8 2462 5574 6331 3109 7421 4106 7036 5227 6507 4147 8402 5358 7498 8263 7978 9141 9226 9939 1977 3671 3043 558 5614 4586 3002 7559 7308 2189 7914 8098 5483 337 8155 3003 6354 4447 5453 435 1595 817 1054 1726 8870 4195 5474 756 2388 9016 3273 5561 3247 4361 6960 2992 8350 3105 2876 7237 8707 3002 4070 3843 3845 4094 9323 5130 8363 8025 5096 5773 4806 5229 5820 111 2873 147 4659 5224 7248 5811 8958 730 7887 8336 2564 4719 9198 2132 9346 6048 7624 5672 7726 1087 3623 5669 8027 9932 9130 
7209 3074 7534 2893 4184 4940 5409 74 9471 8303 3637 9995 6238 6374 4485 5097 8210 2834 7820 7187 5544 8156 932 2702 7265 2985 9443 8824 7482 7105 1613 9400 2806 3368 8453 9295 9890 775 862 9510 1290 2678 9728 7849 2604 7409 2403 8471 7139 5172 9120 9885 9723 420 3216 5633 8852 6929 1050 8104 3097 8450 2086 5174 4942 6306 9922 5924 3548 8620 1911 6577 5424 2978 7383 7350 2749 1772 6935 3535 8525 6085 1278 3046 8335 4616 3693 3823 9458 5309 3169 8442 9420 3059 8622 5087 4297 9233 5625 747 
0 1690 5255 5816 8969 1092 3277 227 3218 7586 1153 7524 3130 422 3655 3648 737 7197 6694 8121 6624 5254 3920 8439 5776 2837 3479 9744 3394 3448 7922 7157 605 8657 2030 1969 835 4200 643 8213 6027 194 9150 3970 1429 1117 3981 3999 1000 4356 5572 648 7867 3772 457 6008 5159 5707 2939 9405 3455 9758 7774 9460 6431 9101 1702 471 7307 4355 6871 3302 11 3166 9077 1317 5696 9278 3229 2940 3343 300 7694 3984 5305 3429 9940 2215 7241 9018 7938 8287 5522 4470 5456 2852 2482 9717 8301 5701 
743 2669 4163 4417 5149 7772 7810 7128 9598 3268 1174 5110 4600 9017 964 2946 2601 811 2784 7639 8175 1061 6900 9934 5766 4625 9400 5235 9219 320 6729 1084 1964 1835 256 7557 9094 9021 8017 44 1369 9568 7692 5868 8642 5289 6947 3405 5635 248 4292 5963 3602 8781 4719 764 5355 2216 3821 6644 1811 2780 5843 4353 2394 6090 822 8063 4364 8705 7957 9437 2162 1239 6529 8819 8503 5745 9652 4468 1390 6913 1840 3740 6017 6184 5879 332 5529 5512 1697 3157 7710 2775 3746 4096 4062 7759 3982 7917 