2074 8938 6333 6988 4935 4498 2110 736 317 3506 7790 8283 3527 7069 8128 3013 7032 2588 6520 662 944 4945 5503 914 4405 3901 3290 129 2645 8903 9468 1834 64 8209 6520 5263 8455 55 4118 2605 3588 7286 3158 7942 9501 3524 3593 3587 1887 5480 2417 1062 607 650 4912 3927 3393 225 5388 5844 2210 7653 4039 6137 8566 8094 9857 9557 1054 3343 1305 6534 8063 9134 6568 4747 6769 2755 7501 1527 290 9782 3591 6713 2803 3608 2759 4086 9250 9969 4411 8656 3636 469 6095 8480 5915 8978 9709 5847 
2455 8542 5576 6487 4203 5852 3011 2132 1562 1245 8863 3688 5634 7963 7491 9441 6031 4515 5925 1304 8330 4519 4750 2269 2125 2011 9492 1924 6366 6342 7484 7063 117 5771 3741 7449 2890 9933 2611 18 7613 5420 841 8697 4130 3387 9840 2706 4122 2193 5111 9396 1715 455 6875 5259 7474 4814 7655 6814 8931 9624 5798 3482 9732 4434 756 5399 6832 7712 7272 5386 1388 9762 3033 6054 6500 4926 1442 7820 6027 2838 9966 7378 5140 3527 8616 7465 6604 5324 9565 8070 5242 6762 1169 622 5981 5558 5869 3092 
7614 3181 4785 2981 6610 2988 751 6770 3989 5031 4022 1906 2998 4749 2495 690 1674 4913 6166 8856 4815 2811 950 6290 67 721 1324 1875 2837 3780 3351 2175 6935 234 1571 2383 3881 6834 5010 8416 4491 4552 8698 5003 7666 8653 3237 2743 9505 4002 4177 7239 4434 1439 9345 5554 3752 6615 2144 3346 1894 7184 7360 4808 4283 492 6400 7072 2143 7922 3138 7443 9012 9854 5101 9824 384 6984 7283 9798 8034 2778 9434 6467 4943 2934 8917 8187 3050 9119 76 9095 5971 5688 1938 6189 8858 8780 5359 1329 
4382 525 956 4656 7581 8230 838 2301 5277 8687 7417 6857 7286 5921 114 9855 832 1960 4855 4729 6129 3759 3601 6298 8855 5105 245 7270 8940 4064 3764 5072 4246 7182 8367 732 8076 5136 6670 9415 9943 3811 6789 6433 7122 4653 129 6033 1613 1436 5498 7124 6372 6355 7415 3861 5190 6940 185 9425 7227 5677 5353 7067 4155 4669 1206 226 2914 4875 407 8878 6655 8072 57 303 9427 703 8368 3972 7293 147 5940 3007 2124 6188 3244 3668 8361 6583 2091 639 8441 8247 1441 3999 6216 2183 775 9213 
2787 238 3183 3101 5297 8051 6541 5848 8070 5242 7052 5359 4331 6996 4411 3142 9218 6903 6150 9532 2585 2492 2918 3872 7649 6019 4218 3565 7391 8993 7864 164 9310 6330 1824 9134 2204 5461 9896 9983 3334 8820 3385 6571 4936 9871 192 9633 6607 6030 2754 3594 9503 6680 5339 563 4237 3135 6401 5525 6787 9665 4418 5055 3079 2714 8319 804 2378 3637 2336 4742 5539 6466 1469 851 2945 3772 8972 8461 603 4678 8620 6609 4664 585 3257 3853 2473 7652 9269 8998 2854 4452 1691 2367 3997 6405 2504 1647 
8042 2193 7288 8095 5099 3997 4012 9511 3978 3256 5560 1670 4886 2987 6887 4243 4163 3103 1456 6108 2607 3240 4156 4574 7584 9661 9621 1077 5465 3514 1081 3655 7407 7345 874 5365 6952 3351 3521 8565 6788 2431 5249 3598 619 7952 6143 4389 571 5743 2272 7351 4322 3482 505 6570 8281 4118 2896 9595 2346 8682 3363 5265 2269 227 1797 5359 9150 7388 6071 7218 6257 3062 7012 5873 5052 4235 3105 7650 4226 7009 6904 2603 9904 837 6333 6794 498 8522 46 2065 2600 7647 3169 8624 2088 5677 6168 550 
9945 6343 8062 1691 9563 8690 1007 7654 7130 4657 4847 7776 4511 7994 5266 4422 6149 9574 9165 7809 343 1418 9884 8682 7399 1852 788 629 2527 4491 7954 4153 6463 7524 8450 895 3140 2636 2366 4858 6290 6347 546 6837 3448 6112 1326 1826 4732 9340 9442 3214 3105 1828 8459 4253 4462 6069 4545 2807 7908 1420 8709 6491 184 81 7894 746 6700 4973 2176 329 7529 2909 654 2608 258 2641 9558 4244 2746 9644 6951 4432 7064 2013 1084 7654 8319 8885 9419 3567 2029 5332 599 396 5024 5210 3511 5994 
5150 6807 7622 2954 6297 2657 6545 2285 2439 3066 9431 3843 3748 5123 314 9762 8553 9753 2266 1464 9956 5933 6528 2376 5287 1347 3352 7799 4377 9511 7048 2858 4050 8658 3335 4055 9268 9840 9130 438 8144 5403 5847 1664 6987 7583 3203 7466 2689 9129 6208 9590 5727 4644 7345 5905 1206 9359 7629 8908 2037 2270 7640 3015 3944 1875 5954 3232 3538 1555 6599 6472 3771 2004 4500 8966 4582 4838 3056 8471 9862 3109 8474 4432 3317 5774 5858 2320 6590 1805 7691 9658 1304 510 8262 5281 1574 2372 1077 6450 
5178 8426 6516 8496 4987 207 4984 7265 9725 9148 4994 7438 7838 7170 3730 4801 5370 2185 7585 4412 2731 4652 5365 9696 8556 8313 2553 7574 5693 249 2415 724 3358 5871 824 3649 7640 8013 9617 9328 1346 2080 4689 9870 3215 927 8082 2308 585 6368 101 2567 5386 837 3724 5621 7191 604 1074 8511 6675 7138 1070 2657 1450 3048 90 5683 5238 6075 8465 6152 2082 7394 2737 7212 6259 5761 5723 788 6762 4898 9034 4277 8116 2363 5049 2378 6000 3521 2313 5169 2804 5916 4878 6317 8571 2702 9788 6413 
331 3236 7678 9314 9619 5533 5649 9512 8701 2758 6945 8039 1248 1222 4246 2803 7930 8343 4044 175 1727 4235 8862 7688 8189 4374 9617 2988 1346 2357 5531 1148 3215 5741 6592 4295 2308 8027 5157 4695 3507 7125 2317 532 1500 9242 2006 840 3694 7168 6757 6092 6915 9729 7358 885 8853 859 260 307 3545 708 3753 6252 5106 2582 5794 8428 3408 4771 4494 5053 463 2090 186 2410 7490 7569 9752 6401 5863 284 1449 1006 741 6854 859 260 268 7437 1333 323 7416 4215 9740 4730 8560 2331 6134 3983 
1792 5720 7076 2005 9417 1848 6828 7556 2590 8668 1324 6587 2241 1746 9140 3538 7381 4067 1035 5866 5602 612 3280 9528 8419 5514 7853 4205 2892 5216 5273 7846 4284 7812 5665 1045 9657 1805 8052 4471 7461 1534 26 6793 7368 4257 395 5285 9788 7489 6807 4471 6793 395 7829 2449 5839 514 2703 2356 788 5205 6471 4191 7333 790 6193 1085 1525 5178 5362 6324 1470 1207 679 7844 8537 6707 7816 1764 1082 8858 3800 9503 8594 6833 8121 9692 2336 8477 8506 4708 8694 7317 3338 3856 7149 6473 4413 8721 
2988 778 1346 2080 78 1148 5741 3142 8940 5997 4206 7780 8415 5594 1592 1983 4481 6694 3168 7937 1514 286 6954 8704 3037 1945 3063 9017 4057 7067 5004 6519 8895 937 147 4301 396 3111 8316 7250 4242 8030 3930 1208 5941 2071 9712 4778 3818 402 2943 1907 4611 1632 7696 1821 4587 2023 2697 8340 8127 8482 3611 5010 1151 1837 8523 228 8014 2706 8410 3334 3297 6582 2630 9681 1971 9684 1280 8496 9373 8086 6896 2503 1713 5614 1491 3935 7826 6340 7794 9427 4409 4405 7820 8200 1522 4004 9845 6170 
4172 6613 8551 3755 4262 4186 8321 8945 843 1286 5865 2907 7261 3556 2660 617 6845 5351 4583 1493 6332 5219 6719 2514 4154 2861 1397 2811 8191 7321 7102 8561 3351 9822 1151 6804 9481 6442 8416 3610 4182 2862 2916 5353 7955 5648 2738 397 2170 5669 6735 6110 1258 7712 4104 3221 631 380 3012 527 9361 2519 7248 3193 2846 9335 1454 9999 4431 1916 6624 1277 4751 9162 5672 833 4654 8047 7711 4990 303 5181 1333 6380 5497 9951 7433 4062 5859 5893 9441 8314 2857 167 2933 986 6651 6447 2844 3676 
5350 3558 3316 1579 9482 6265 6215 919 5575 8887 5192 1382 839 9927 1456 6859 6957 4396 8328 198 2884 2227 1267 89 7111 6916 225 1491 1276 1392 1240 5784 1592 5215 6162 713 5514 2922 6897 3109 7933 8851 8978 9573 5998 8474 3393 8755 6943 2766 2592 955 9368 5728 7565 6490 743 2379 2531 5023 9375 1658 4342 4803 9179 9373 5853 4625 766 8340 2100 9746 7492 8178 682 596 5983 7154 1744 2760 351 9220 3232 888 6470 9273 9210 8570 4644 3739 9960 5943 1323 921 2120 8747 3286 1041 551 344 
1337 5342 9949 7329 9509 5494 9082 962 2629 9517 8299 4995 9004 213 5799 542 9199 3136 1240 7858 4854 8561 2248 9244 3670 9598 8882 7679 9665 8896 7748 2304 4762 5620 4957 8988 4730 4528 4737 351 8997 5776 1146 4774 7710 3054 3287 8883 1904 6089 4150 7802 6184 8381 6170 4138 9707 3757 78 7682 8370 1837 1978 7903 4788 8472 6389 9321 4992 415 3985 1893 222 3094 9375 9102 5428 4069 3805 2304 7318 1103 672 6190 5872 3067 2976 9121 4260 8110 8791 8166 8258 4095 7994 2766 9484 958 6550 8403 
4239 2726 940 6838 2396 3923 7878 4775 9280 9641 2597 12 9033 3203 3536 389 8519 993 3128 5673 3963 9698 487 9006 9999 2051 7428 4918 4269 8701 8959 4475 467 645 5947 3615 8857 9343 1630 217 3362 359 9900 4744 308 7524 9964 4303 3599 8595 6556 6479 4210 2539 4268 4946 55 3961 6727 686 3713 2156 612 2842 3380 4758 9348 5590 9149 2489 1683 5123 3421 3335 9641 8606 19 3583 3147 1061 6069 7509 9257 8515 3917 6593 7126 7489 9765 4825 6025 8335 8898 7971 2242 3821 2336 8895 4921 1039 
2633 8658 3345 1653 3562 7386 5166 9987 7626 572 6038 105 5137 1119 2644 6234 1747 3931 8136 5967 9823 4697 1759 7079 2979 2328 3447 6542 9254 2777 8689 2025 8200 9969 9857 9708 8400 9712 2110 5665 8557 9657 5823 1376 1254 3951 8851 3830 3893 9573 5998 8434 7537 1960 2141 4238 8216 2766 2592 955 9368 5728 7826 7172 713 9266 820 7171 3529 1413 6920 8700 2945 1589 8880 8659 2775 7006 2239 2165 8853 9531 6596 4742 5709 7743 6941 7084 6740 5446 5566 6661 9676 3293 5060 1345 5929 9742 3968 3920 
1801 3272 2430 9713 8339 3522 3348 6769 3305 4186 4564 6722 8550 8870 3679 792 3691 2919 6743 2420 1075 8015 9807 2176 9675 5083 1063 1861 1037 8159 4129 1757 7438 7525 5070 7258 8555 9206 1095 7582 450 3029 9830 8323 4327 8477 2035 4308 7106 3399 7403 1532 6950 2303 9006 4618 3 9585 5433 9939 3437 1888 2733 733 4276 7636 4253 303 9089 9851 3920 6124 3496 7624 4436 6461 6362 5525 4955 3526 4083 300 276 8325 7478 8155 5343 3774 4083 4091 8812 6604 8254 6817 2526 1018 8212 9834 7184 2086 
207 1071 2251 7861 8741 324 1195 3119 8889 5348 3593 9227 1987 1674 7022 583 7923 3571 7830 4597 1376 1728 4257 5715 9069 5837 1430 6991 5279 951 8667 2629 6636 142 1758 5839 8210 5051 9233 6410 1403 973 5496 2221 3026 7655 2715 8778 1961 9411 4294 4566 6105 5946 9514 1490 1516 9072 2678 6071 9733 6208 7724 6403 9375 9507 9220 2963 6696 5296 8028 4320 9865 9954 6028 4814 6496 5376 985 8601 3765 9969 3810 3771 551 7284 8875 7777 8676 3203 110 7009 8547 3077 1469 9467 7766 9833 3387 6577 
1843 5381 1829 328 7397 5267 4564 2863 8089 2624 9612 4145 227 4061 8072 5495 5524 2162 2165 7119 309 4363 4375 1633 4108 6936 1301 1351 4369 2018 442 4365 8454 5836 8114 9919 8328 8352 7813 4703 8537 4345 1485 8930 6812 8217 7025 2709 5328 6212 9268 9144 8074 4014 7121 2591 2379 8945 9337 6865 1965 7157 3524 2278 4617 9527 5721 863 5834 608 5181 6367 2387 3903 6112 1488 8254 3123 6993 4412 9766 5080 4855 6947 6545 7309 4249 4655 7669 9764 9501 2444 390 157 7121 1163 9433 9675 4347 9176 
7915 7398 562 9865 4135 6374 9027 8234 1143 8658 9358 2960 7227 4626 8766 7546 1258 4256 1037 1339 7664 8883 3833 1232 4564 5432 193 1698 3815 8069 3066 9106 8789 7385 5275 1626 9243 563 4613 9005 4081 5646 1793 1071 5546 2405 2915 5255 8002 5897 3840 3582 5532 2629 9426 1848 2220 9131 2786 6805 4142 9374 4319 9111 5033 2471 1781 7730 2132 500 5253 7314 5093 3628 7272 9227 1881 9117 8069 8759 1748 4803 749 2975 7106 7093 4494 1426 3257 6882 6436 4297 5848 3069 4473 3967 3295 5610 4333 3375 
9373 9544 7625 7587 102 5712 6611 9571 4127 1336 9458 1169 6450 1647 1812 4621 105 1024 4966 3588 3714 8581 4006 6442 9263 4720 8886 1803 5577 6122 5439 5442 603 6207 7287 1053 2125 7019 4481 8798 58 3872 2577 2192 5263 796 316 5727 7444 2605 8415 1524 2581 9400 8395 7864 2201 7293 6588 1205 7453 3406 344 3435 1495 8459 2536 3026 349 4805 8593 6683 7406 7155 3914 1992 4048 8462 1020 4806 2139 743 4426 2987 9084 771 4181 2803 7299 1670 3225 4392 4365 4677 3905 3082 1135 3024 7016 1878 
4890 8248 4595 9938 8785 8102 7030 7320 1065 9198 7688 8298 4822 8108 4320 6303 9471 5938 5874 4173 516 4640 8332 9685 2652 5307 3831 4061 9110 1577 6155 7976 5048 7235 3273 1002 9428 7052 2022 4914 3624 3399 4684 5612 9101 1068 2708 2505 4694 3035 2514 8250 6981 5180 7671 6928 3211 6805 1570 1051 7862 9756 1371 1875 6807 5812 1929 5095 6793 7368 4257 9615 5478 733 514 7897 9325 788 1781 5541 7348 5585 171 7300 6030 6888 8661 5661 9466 4187 7822 7521 7062 6441 5559 1265 8005 2713 514 9397 
509 6016 8532 7586 4189 5261 6144 7705 6802 2987 1795 9680 6895 4462 374 6024 1103 18 5675 2472 6254 56 5343 3966 2114 7389 4631 2509 7215 3829 4147 3212 3469 9400 6805 5787 2008 2565 6254 8880 2764 3163 4272 3036 9096 5269 6000 7108 3962 7711 3368 6683 5089 31 4601 9470 8236 4280 1271 4918 3879 8175 6036 8953 4721 1724 3939 3023 3543 955 7687 37 7884 3144 8608 2120 1240 5554 3231 4080 8999 4980 7110 3591 4421 3060 743 4506 9648 1199 9555 1713 3656 7353 7319 4980 9756 955 2117 232 
8618 6637 4593 5101 852 4428 3915 5529 8852 3016 2105 2533 4746 6298 1145 8294 3547 350 5316 2704 5314 7265 5498 7732 9979 8023 4061 1742 3001 9819 1783 7032 8260 1915 7313 8783 6988 337 1190 4147 3044 1642 7897 1617 9325 8438 7236 6654 2539 9363 4577 7676 2765 6932 9628 655 746 3105 3360 4511 6994 4406 6957 7487 1499 260 302 3743 5106 8456 5794 287 3257 1207 4830 3365 3189 3896 2804 6329 4878 8558 5437 3236 954 9512 8701 5658 5410 5762 6304 9740 4730 4801 9593 5506 8835 544 6267 8313 
498 2445 2146 529 4960 9927 7574 3645 5693 8212 1451 4281 7552 9664 3542 2172 1496 3993 6372 8132 2360 3499 6243 1684 8474 1218 1112 7439 737 5392 5439 7719 11 8794 4462 737 5410 263 1246 4547 5106 5117 8329 3016 568 809 3435 3036 7436 9382 3467 2562 932 2680 9567 6141 6425 4719 4609 7891 3533 5504 3064 6847 121 9324 9459 6811 9516 2860 7446 1626 3742 4968 6584 3073 4482 5751 8369 1345 2804 5580 5916 8074 4130 6329 4878 2931 1899 3730 781 1867 8055 9788 6413 4783 3209 1755 2946 7678 
9314 131 1548 8964 963 2881 6476 779 1304 442 3251 4980 8112 2069 955 7989 4477 3831 4623 1798 8583 5728 1788 4152 4069 3994 9838 9221 627 9120 8488 9225 9554 3799 4284 4407 9250 1778 983 5582 4620 8861 795 5621 4055 5543 3052 2050 7372 1590 467 8320 7225 5536 5667 3061 5337 8194 2093 8335 7923 7690 9434 3358 6902 9464 6664 4960 1576 7125 5998 4534 9920 3616 127 8238 9282 928 4472 8865 1871 3273 3484 6791 4307 5681 5649 5472 7240 3562 1468 1437 8228 5906 9441 4914 4470 4238 6593 9920 
2697 5842 3304 4712 2022 5410 4190 1313 8185 8298 4436 7523 8477 2887 499 3460 8981 2102 1638 1398 810 1149 8253 6491 855 1582 3060 9491 7362 1393 1967 8458 6475 5723 1220 7305 270 3658 9895 5938 8969 3442 3020 2040 5752 7909 4167 6743 2475 1772 9891 8562 6773 4490 2009 4152 6534 7453 6424 2069 5627 3853 767 3675 9428 355 1576 6337 6278 5363 3696 4918 5335 117 4817 6055 5922 3425 655 4796 3360 2929 1499 7592 622 6065 5747 8443 1424 6378 4097 6613 3755 4262 8321 1362 3338 8618 1912 6388 
943 852 797 4035 7164 6278 1596 9275 7372 9439 8180 9755 7764 9846 7885 7392 3170 7713 3209 5404 3628 3115 4972 2537 1112 339 8560 2005 6828 1064 3454 9421 7565 9160 9805 9039 7939 3464 2170 1808 3363 1220 1980 6904 9790 3714 3395 3325 3496 9465 7176 8397 7995 3342 3762 4642 1805 4422 8383 208 2682 4331 6398 5438 1023 2381 2290 9372 5589 5731 7618 741 6168 1343 927 2185 1640 3697 8591 3522 5350 584 7396 3418 79 9954 1559 325 1897 5569 6072 9461 3271 3519 9975 7003 8031 5459 129 3318 
116 5189 8136 2918 58 2077 1328 7417 6882 4913 6116 442 6349 1961 1619 7002 7492 5923 9457 7010 2096 21 1096 1251 1024 8897 1066 1190 9254 8511 7799 8205 7366 428 1242 2928 3977 2772 7436 2472 2342 5424 6254 6033 9815 3164 1212 4147 238 4604 486 7628 6835 2763 1944 4641 6162 884 4055 5776 2313 9318 7071 6129 4958 2924 1770 1190 7598 8089 2031 738 1911 3838 2603 6331 6443 6370 3752 8783 1573 4243 1298 6956 4266 7613 9562 9657 2747 8544 117 6227 4877 597 2341 2260 2187 3604 6795 8486 
5615 1610 6291 2692 5024 1323 8756 9022 2266 7408 323 9857 1682 4164 5118 916 638 1951 7176 405 3697 1680 1599 2681 2263 741 7076 1847 6802 1243 2609 9427 1700 9606 4749 4842 6214 4612 6762 8625 7221 3310 872 3605 3266 7068 1797 9515 1132 7712 4743 5352 7448 6399 2723 3886 369 2254 9917 2925 510 3948 7987 8331 1944 6903 8843 6461 4288 3583 7059 250 4083 5110 2649 4729 1503 2535 3835 9354 5619 7700 7020 9224 3931 4225 9956 5085 4884 5001 9632 9078 4578 4010 3322 3933 9716 8395 5964 4671 
7526 85 7866 4405 3595 7868 8421 3113 7351 737 3704 5142 1650 17 5005 9315 8543 7823 6986 7029 6232 2964 6203 6442 9780 8309 6740 4748 6881 9676 5080 9918 9681 2340 8801 4226 1056 8783 5960 582 9135 4168 8394 8273 7144 3445 8353 5757 9577 3979 484 4970 5242 3323 7985 5834 4652 6375 9269 9682 576 2892 3107 8460 9927 3845 2301 2387 3813 7684 5403 267 7892 737 9418 2429 7545 8652 3659 5537 7028 4059 7395 698 1949 9637 4036 4905 1781 1466 5675 8166 3852 8720 5103 7196 6833 1475 2323 1522 
7197 6472 4209 8565 5636 7699 1949 9637 9610 1781 2847 5625 5675 8465 2595 2082 2737 5761 788 3351 9034 7929 7278 2363 5838 1736 3871 7853 4081 1189 6143 5706 5050 4112 6755 648 8548 9274 2556 4764 9831 6471 2436 6318 6892 1600 4277 6343 6252 7175 2480 3753 5753 4127 5468 1791 7205 4159 232 4932 6018 8657 8476 8885 8722 207 6275 3267 5152 4025 3442 221 8508 513 5517 5894 6464 9485 4758 3205 8561 602 4745 1327 2738 870 3220 3874 8196 4886 8015 7753 2365 3473 9652 754 7291 4855 9522 1604 
8599 7200 7250 1306 2266 6520 6127 6985 2752 8573 3867 3586 3114 8308 1020 2985 7149 5238 3484 7350 2150 6542 7176 4451 5255 7212 7770 714 4846 7564 4234 5130 4417 4613 9837 9491 2899 4886 8908 4057 2831 2256 5446 975 2895 4554 4517 4876 2096 7625 5129 4702 210 731 9784 2652 961 6535 8613 561 2985 1563 3723 4738 3805 533 5260 6555 1097 6251 4608 1110 4541 6388 1088 9499 2080 8574 2723 6303 8060 62 2670 3985 7445 101 3217 49 6174 3911 8867 4552 5543 8096 4746 2115 6815 4878 7907 5888 