4488 5089 5372 7524 3028 2079 5134 1164 9241 5083 3930 6134 5354 6162 1382 2888 5319 5459 6397 9578 8756 3913 9485 6105 4172 7453 2521 6458 4185 899 8947 4422 5249 7975 9886 7469 5360 1750 5279 8173 5933 59 6986 3716 7472 332 2484 4922 5428 1398 4125 4690 3584 9633 2852 47 7921 9307 8048 6883 5792 3242 8471 8836 9511 6533 1367 9853 893 1558 2353 9287 4974 5767 8138 2285 1213 8849 8188 5634 8228 4841 19 4405 6835 8613 8673 7059 6847 6774 555 3941 681 6307 5394 8058 7811 2330 8138 1988 
6891 2102 3203 6370 6440 6240 6370 1514 4016 5112 7448 496 4769 7798 6903 7932 2383 1610 4551 928 3286 8860 4091 4708 9538 5399 9911 8776 3361 4605 6153 9198 6710 945 7241 358 8111 5271 8945 5095 9718 3179 9356 9697 540 144 5966 2316 7316 8649 8989 4855 767 1370 8753 4616 3996 6129 1301 775 270 5697 3738 9189 4899 8746 5975 3967 3386 1949 5589 6083 6957 1131 1660 5742 1010 3691 1465 8164 1556 3717 9110 7402 3811 6220 7340 4035 9209 8552 6784 2058 2787 4148 3168 2635 5353 6414 2422 8224 
509 6370 7539 836 346 9082 853 9042 2684 9715 49 1346 8811 388 4950 4002 7268 410 7432 1803 9411 3269 5716 3556 9491 8535 3757 981 7993 4488 1500 8476 6983 1590 2872 6778 6859 3318 666 9635 6915 7233 7841 8546 6389 850 3409 3726 2736 1454 4649 998 9416 9736 4732 4093 4831 9977 9779 3800 6563 1093 720 2353 7846 8200 8505 4830 1647 9254 6335 8794 519 4592 4427 7857 5954 2975 7974 8513 3020 2169 2708 6319 6437 9946 2783 788 8262 9974 1282 1495 819 6349 6015 3765 5969 5323 919 6740 
8121 831 1819 2598 4362 4061 455 3911 9427 3 6465 1083 3012 8368 3403 8211 461 9754 363 3987 3079 4405 5121 870 5108 6132 163 6216 6414 3706 7493 8253 986 5557 3160 2174 4591 4615 771 5958 2311 5380 3353 8842 6936 8662 835 5550 8862 6897 9062 7716 2591 3417 7804 3914 1379 5845 5472 2853 2556 3156 8110 5841 6982 4833 1893 1755 46 4017 8128 5717 662 5714 2637 9189 5579 9102 270 1820 8852 1566 1420 9356 4295 5011 660 914 5737 2809 8403 9595 4236 7762 9978 1605 7376 8783 8399 1314 
4204 8014 74 9569 9245 6050 3790 1072 1568 8171 7 1293 5955 1194 7160 5004 2941 6271 935 8754 5397 4459 2532 902 720 457 3350 6612 1588 2463 5278 3725 7286 2968 6571 7967 5814 8691 3366 9597 1069 7184 2707 774 1580 2757 2395 4185 4501 3102 2248 6288 7629 8760 9671 4933 4646 6627 7375 110 2863 7000 6747 3280 5952 8541 6801 4149 9599 9651 3833 5548 4469 4688 6196 3348 1334 7852 8353 6956 3690 2680 2960 1511 5986 5881 2151 6443 554 429 810 6704 9996 5599 5572 4550 3652 6622 1172 5343 
916 6088 6517 4064 3702 7331 4344 5469 4691 3922 8070 599 8689 6718 6164 3522 3023 9264 6515 4060 9555 3285 7246 1450 5379 1187 358 8845 8935 3331 2666 7679 494 5319 5354 1415 778 9979 7516 7217 5454 6701 7194 7570 9287 4719 5205 3013 1374 5524 747 5151 9379 2845 161 4833 6623 8715 1204 8815 9213 2263 8187 907 6743 3989 9554 3544 6991 3413 8019 6686 4656 5788 5783 8881 571 1547 3152 2797 8708 8677 546 275 9908 1356 1650 6540 59 2389 457 7965 5111 6042 8841 9235 2900 8015 5792 3535 
8982 1917 8382 6243 5467 9618 4361 5113 8223 5821 253 1230 4940 5929 6610 54 4629 3648 9621 8661 808 8390 2160 1353 9826 564 7527 8392 5448 6935 681 5029 9921 620 8250 780 536 7182 5262 6523 853 3104 4495 7996 2468 4359 6659 6354 5750 7859 792 3314 5319 175 4663 4777 3775 2940 4349 9302 4757 3280 8419 5514 5232 5145 9028 1100 7238 4106 5216 4848 7846 4284 5665 1045 9564 9657 9282 4928 4108 4172 2013 8231 6861 9276 1001 392 7831 6901 8195 472 778 4251 120 7182 179 4993 6747 7341 
4942 5976 4805 3991 2218 8504 43 4294 9000 9179 5335 9408 6036 9311 2631 6241 6390 1501 4390 816 8685 5248 6218 1518 7943 5635 2170 7001 5066 5486 8468 1017 912 8387 9098 798 9475 3691 9005 58 4281 2812 9664 6705 6327 8154 6372 3441 8474 1218 8198 9552 6688 295 5136 2456 9784 5173 2087 7395 4993 5517 4525 7609 9720 7291 7545 4540 5537 9397 6476 9715 9637 1566 5103 1075 664 7337 6719 4269 3705 3610 5517 9373 6092 9518 5019 6672 8331 1284 9044 9848 3851 4635 2714 525 8319 1343 804 2378 
2336 1199 6476 9555 3656 7353 9501 2620 1981 955 3783 2117 6534 961 8618 2564 5610 1912 8961 5101 8770 9273 8006 8141 7831 6472 2029 552 9514 9020 8854 7143 6706 3754 2965 6478 5473 8524 9876 505 4963 7795 4514 2008 8049 2126 5760 7585 9261 4917 4318 5633 8797 3763 5667 2241 1899 5581 7826 1883 4122 6997 9058 4157 1077 6450 1587 9750 7299 7047 318 1205 4231 1884 4942 7314 4743 2043 5231 5217 7878 1676 5425 8872 1450 9021 1266 458 8331 5514 5055 7072 6832 8720 3079 6726 3863 6903 4712 3250 
2248 2004 8966 4582 4838 3048 4504 6586 3056 4198 9989 877 9640 7164 8294 4802 8781 1254 3951 8851 3830 8978 3502 8474 8755 8216 2766 2592 955 9368 5728 7565 3490 911 7313 6825 8783 6988 337 9468 1548 6448 2881 465 785 3635 1318 4983 7404 4354 8727 3822 8858 1658 172 5153 8121 1690 6270 3591 8514 2431 4421 3098 9141 8069 5681 7558 3884 4708 5685 1083 5148 4959 5671 1551 854 7337 3064 1395 8858 2901 3610 6938 7891 4597 3008 8053 4636 4400 1490 2941 4023 6057 9509 4554 1544 773 9047 5291 
1418 6286 8431 4489 3998 8279 2041 2709 3208 262 833 486 3690 8130 7399 5268 6660 7524 4303 4225 9783 9351 447 9937 6479 7099 6588 1778 8050 9819 1663 7547 2767 4257 3980 3932 2729 1158 1718 9388 9080 2621 4936 5208 4132 1869 8928 5864 9896 8143 2545 8015 1324 1302 4768 2789 9143 431 4068 5075 2631 204 5750 5319 6156 4652 6320 4777 1124 2666 6081 4934 4381 3391 207 1092 1687 1386 4589 7480 1805 8403 6390 1407 120 5119 295 3037 4577 7647 6372 7395 4083 3492 9569 1102 3106 7987 8508 5070 
5488 3805 4907 7096 3829 6888 3821 4772 9466 7822 3822 1427 9898 5452 2359 9115 9476 6588 3945 4151 4531 6510 524 509 8660 6144 8186 9485 7794 8809 6416 8901 8308 3848 1218 6199 5256 4741 1447 8791 217 237 1148 5625 1066 2385 7233 6477 4107 1526 5885 4239 1015 1263 6779 9410 7945 9649 3776 5129 5407 9938 662 3677 4530 5949 3285 7611 6118 1843 4908 1982 8612 1713 779 9501 1763 5371 1658 172 5468 1690 9692 6270 7807 3591 8874 4245 7527 3835 6329 2043 6288 6477 6681 5545 3648 3039 4407 7962 
7613 3469 3469 2770 1751 4867 9398 9941 4485 9911 4635 3032 5769 3568 4347 6143 4004 5680 1718 1738 2505 2996 5946 303 998 1687 3808 4025 4189 4319 7625 2323 533 7000 3737 3931 614 1499 2336 9965 5793 6076 6000 3345 3562 4774 2593 1281 847 2992 9068 3561 6464 4387 7030 324 3789 6971 1751 9380 7798 7340 58 788 8823 9227 426 1987 8691 1099 5213 8633 5144 9951 5008 4251 8327 8966 4826 5692 996 3997 3305 167 1388 8120 3454 1820 2777 2062 3122 5884 1951 6585 3239 6651 6808 8390 4069 2569 
215 5768 7577 7214 9940 9416 6617 4533 351 1917 1784 1541 2091 4429 7674 4302 3192 7706 4883 471 4441 1508 8122 8956 7433 7716 2848 5361 1369 3312 4228 3519 7333 4460 4124 2323 9745 6422 4385 3154 903 9162 2466 523 1807 8813 2583 8009 6534 8190 8625 9345 8543 3190 8226 9566 9142 6925 2877 3345 2968 9079 5238 9754 3072 7862 2857 8411 1097 9273 6436 3110 8941 7061 8875 1080 5619 5846 3608 9294 439 4145 2037 4656 6587 635 5428 5552 6826 8319 6704 1566 1951 1900 2232 1433 4916 8857 1411 4099 
5649 5624 3909 7204 1703 316 1131 3512 7198 1016 3824 6039 8376 792 5919 934 4147 2973 5947 9692 2630 5685 5213 4208 7666 7148 7712 4104 7909 9338 6798 2164 1058 3467 275 4603 2227 6913 5475 4065 4021 5398 2394 5707 6157 9624 6235 9472 5477 6178 5069 6837 2994 3675 5549 5221 4246 9255 651 3939 1674 3794 4820 1241 627 6458 6021 2984 4808 2498 1743 5573 9598 4440 3168 1527 5110 4493 242 782 6386 5667 351 2987 8430 3359 3424 1778 3826 4872 2397 3198 6561 6850 5479 2793 6780 5998 5412 7391 
7933 5488 4793 1547 5605 3426 3446 9780 2986 8286 1050 8782 8963 3087 3102 3354 78 3164 1706 7464 8978 1796 8459 8037 1896 355 7132 480 1214 6862 3835 3404 2677 6634 2211 24 9305 6233 7339 522 8129 6206 3576 8623 7001 2397 2389 8545 3869 8531 934 4259 8807 756 6962 5707 5733 5224 7621 3316 6532 8259 6898 2491 3893 397 2437 9119 3233 1671 8943 4830 1011 3380 8314 498 4726 6012 9051 3084 517 5673 5425 8508 9673 1513 7667 3570 2335 9975 1817 629 7034 2279 7455 6258 3716 5180 4596 3408 
7031 9554 8397 2253 3815 3008 7647 3835 641 5300 796 8513 9567 9972 977 7967 7775 6594 6337 2174 9688 9786 1843 8282 5177 9739 3569 4754 2849 4182 1557 426 2427 3425 4964 1394 2947 3170 343 1420 7764 9321 9842 1303 6841 1824 1601 2959 604 7830 6682 845 4341 7955 1887 2986 7229 7328 9084 3529 1331 7275 6445 3994 2247 9001 2420 121 4656 377 2881 6371 4983 5226 1658 6786 5525 3582 1390 6194 5054 3957 2593 7898 1043 7497 1185 4007 3539 3217 9566 6809 2431 5905 342 9543 182 3750 3342 7683 
459 8252 7008 7907 9163 2245 4095 703 6991 3992 3560 8142 1800 1397 9220 8687 261 5457 8505 6992 4035 9016 5469 1454 3652 1907 4881 9677 6195 8266 3738 1329 965 194 471 7584 4669 5492 1610 8669 5145 4729 7808 8630 4125 818 3155 9099 1569 5058 3830 8485 6379 1074 497 6605 3147 7202 8244 6056 7474 762 3985 7469 1586 9804 4796 8559 8119 7580 4056 475 1850 7702 8118 6056 8638 6706 4064 1502 2623 8690 4185 8241 1231 7826 7845 4544 5224 4327 713 3363 3053 8215 3896 2790 9093 4761 5213 8721 
1592 6974 5903 7247 5193 2321 7208 2941 1175 4266 9470 1693 8158 1948 4627 3865 329 6250 6630 5806 6330 5672 8065 5311 5043 1750 2166 3843 1817 8470 855 7858 1017 530 5402 7425 8094 5885 7951 4931 5198 1202 1049 9977 3245 4984 7153 2803 8011 917 3959 4129 219 3526 8471 4096 9022 5268 8033 2810 2522 1984 4434 3918 8744 8056 8471 1269 4733 4705 3956 437 2723 2023 1357 7907 8790 1202 9169 9159 624 8959 3981 923 9776 8214 401 7731 9733 9755 3808 5065 4938 6167 4740 5097 8418 8338 9967 2127 
7553 7921 6408 4692 2863 8233 164 2866 337 361 1711 7208 4149 1978 4282 1914 458 6665 9985 8671 2945 4008 6176 8170 4247 7559 3787 5000 8448 7985 8591 5076 6486 2864 3233 1246 4013 595 2278 5140 3199 7224 539 5504 7432 6526 7699 4191 2860 5120 8110 4815 3749 731 4308 5524 5212 7143 9918 6969 8182 7928 7269 9468 2708 9136 4362 3344 2709 7191 5299 2863 2759 864 7254 7694 6670 9095 3216 4540 4385 8733 2720 206 6358 8980 9664 6641 8763 3700 4263 1141 5124 6992 1410 4652 8704 2592 8185 8741 
9134 1685 5248 1256 2351 9258 6011 365 8147 3698 2066 2157 5047 2413 1791 8435 6562 7831 5357 3218 9941 5956 7195 8610 7592 8875 6137 9355 4275 4517 8122 3621 4773 8583 5140 9770 8475 5473 4202 8677 8378 4298 356 2041 9012 4095 5663 4363 3672 7634 1721 7586 3639 1137 6281 163 2967 3307 4146 4376 3908 9559 1225 6961 898 578 7712 3145 1008 2221 1395 5677 8087 4507 7018 8617 9554 4399 7731 8855 3526 7668 4642 5616 6914 2451 3714 9022 2207 4027 3555 3699 3018 4012 9628 2267 1070 7578 1640 4854 
1702 6357 9995 8723 7507 7343 4843 2436 5446 7170 2891 9001 7418 14 7742 7157 5190 926 7618 3182 4443 5410 4394 1757 1221 5616 8052 9850 2031 2078 2378 5801 8745 821 2401 1677 511 1650 3755 6326 7787 2987 141 6541 9531 7540 6798 9786 4334 3921 7396 3502 1357 407 2267 8710 8340 9443 7715 8010 3544 3336 1964 1323 999 3507 9419 4097 451 9999 8991 6845 3954 3735 2725 2769 4885 9388 4235 9693 1788 9249 2119 1183 3898 2042 4475 3206 3374 8424 2252 121 1661 7136 1082 9496 5767 5552 3639 3531 
3128 8209 3911 8528 1924 6100 3534 5577 9216 5876 2726 4307 1907 60 754 7184 4839 9122 8812 6199 4672 2900 8573 5169 2041 827 5499 5721 8114 3310 9980 618 6198 7397 9083 5045 6966 1367 154 4080 1250 9203 3027 4649 2566 5502 7785 309 7749 9284 9463 3800 7679 6234 5564 4125 6008 2620 4699 6996 4511 7762 6143 4894 9308 5035 9574 5712 2982 9166 6541 2684 9468 3097 7622 1504 8467 4105 7088 1906 462 7188 4034 7244 1998 1818 2733 7887 9423 2342 7896 5801 5762 6778 9701 1795 9407 3729 2475 3431 
371 4646 4930 1693 519 6436 4867 6591 4376 4461 4129 1241 9501 7667 7495 3299 9204 9188 4466 2736 1706 1823 2928 5142 7702 5622 6916 764 6699 9428 3706 4392 5141 2131 6671 4208 2969 6211 9824 7720 1286 2223 9402 9438 9947 1101 3367 8712 3044 3752 7516 910 4365 2942 4800 2395 4190 3467 8218 4298 2501 502 9961 3313 7979 5230 3411 4049 2054 3879 4052 2480 7880 1806 2021 6867 3703 5266 9318 5049 8151 350 4033 7561 4358 2430 4928 2818 151 6743 950 4741 9183 2613 5732 7464 2284 5983 1078 1493 
6121 5087 8870 4262 3348 3679 792 834 7245 4904 319 2227 4246 7820 4787 8823 4258 2291 3488 3845 2609 949 6489 5045 1492 6868 9692 3302 780 6793 85 1961 5694 9181 2426 7967 2977 2877 1393 2961 2068 715 28 1080 8699 4410 7841 2441 3904 7685 5508 6553 665 2233 4828 311 9329 4507 409 2295 7654 7530 4013 4269 1866 8419 4228 9349 5915 519 1807 7769 2194 2559 2131 3537 7814 4177 1158 762 9604 9563 4432 9917 9325 9011 3142 6588 5244 1493 7631 4154 9570 8993 2249 6330 6074 4585 2216 2492 
4137 2183 2213 8264 3010 3035 3947 4515 6814 6893 6764 5988 5570 5945 6904 909 2864 1909 9309 8674 7168 5237 8644 694 3275 2778 7767 8225 7796 7874 539 7237 1494 5977 5505 9949 1068 1829 3323 8487 6036 6645 3823 7592 5848 8843 6461 4288 3583 3266 7059 5497 5019 1923 3086 1852 367 8779 1556 5129 4169 8331 6480 3967 5055 9848 5277 3079 3119 6822 3744 3804 6476 9555 1713 3656 551 1304 8668 2620 7319 3251 4980 9756 2225 3830 190 8618 2564 5610 1912 1563 5141 1929 2190 330 26 6793 9146 7340 
2906 7847 2934 8987 266 6289 3157 4311 5253 6533 5877 6449 58 2699 4763 8860 5240 2818 3133 9843 1374 2601 4094 7513 1685 5193 5728 8589 4703 8369 1758 1441 6418 597 7251 5129 9249 2312 3342 3749 2629 733 8369 2327 2692 8035 2059 2650 3933 9281 9185 8704 8704 1665 9243 2549 6908 4424 2367 6442 6191 3185 4547 7358 9371 6417 3752 8554 7223 875 5229 1813 7031 4276 6086 8188 6790 3897 7891 5232 3191 1902 3385 6269 8034 2022 799 5005 7217 5377 5104 704 4794 3831 5515 2881 8784 6104 7736 2147 
1647 3350 943 3629 1812 884 8768 6676 7708 1793 1024 5890 952 6762 9062 3588 2811 8599 9774 6688 3477 2257 9528 349 7182 1746 2790 108 4766 9425 9466 5597 2614 5541 4271 2608 5860 9231 4596 3000 5792 1726 9306 5918 4387 8214 4368 6405 4685 5925 7945 3258 3051 4290 1955 9927 5335 8574 1983 2663 8606 5093 454 8919 8634 2353 7119 6635 6193 4033 3433 788 2128 3457 8094 6673 8577 6504 6354 9777 9686 3715 6688 7732 891 7021 9412 4633 3205 4690 5010 8775 6724 2850 7537 8818 8443 4489 9558 3827 
2626 4692 576 6238 9611 828 1052 4972 9683 1907 991 9162 4002 3976 5231 2451 5170 2103 9856 2116 4536 6997 8165 3396 7698 9172 4404 5215 9095 4547 8382 4535 6753 735 1697 631 3874 7640 9159 8969 3781 1860 2141 5688 5396 1194 6173 3201 2346 3052 7919 3892 9776 391 1730 1577 8842 6671 5348 7884 3528 2622 6542 2712 7148 150 4096 7601 5931 3131 6114 1527 2665 8643 2128 4146 5906 1642 5541 9547 1568 3912 6480 2447 3257 144 9297 6581 8390 3219 7473 7487 9602 6098 6822 2471 8429 9562 1547 3369 
8146 7613 2380 719 4982 7777 7581 9790 6379 9814 5759 5042 9760 2325 5664 6430 8238 4194 4640 234 4713 1197 5837 6589 6278 8295 7254 5373 3023 7224 8857 8265 1698 3484 1279 1164 3163 1797 8497 1080 4890 7493 6904 2512 8393 3337 7303 5556 8647 8644 3926 1672 5822 9659 4095 6283 394 8068 7171 702 4247 8950 9266 985 1975 1785 1513 8705 8082 9787 7657 562 2326 4839 3801 195 7275 9961 1481 8843 4332 6876 6402 4128 4089 2320 2871 200 1644 3445 7642 2580 3692 1928 2240 8708 6497 1030 2287 4812 
7838 2097 632 6433 6722 6922 8220 1173 3134 3840 5468 9149 2817 821 3856 8327 4020 4038 6165 1877 2769 2078 7258 1056 7615 195 8764 191 5995 8512 5644 7237 9220 3147 2400 9606 9798 9899 1042 3049 55 2851 780 2745 6084 9393 4778 129 4656 4457 6285 5460 9373 5677 5775 8757 9765 9589 7939 3126 9499 3794 4330 7548 6492 6625 274 3235 7632 5802 1995 2027 9482 8623 8529 4444 3637 6180 7759 9694 1525 4124 3373 8784 1096 5546 7276 1037 7843 3439 9667 9328 8632 8943 4667 1243 2957 2259 8481 5199 
7116 1377 2544 8757 8867 4502 6506 1035 2509 9416 8600 180 6366 6317 8902 1196 7323 3153 5107 9183 1261 9823 7325 5348 3002 7225 2041 3633 920 3739 5821 1139 8226 1296 5173 584 2729 7578 7116 1504 50 729 8169 3682 1771 76 6323 3841 6956 6295 2793 8163 6253 8081 602 4918 5924 3154 5964 8401 6599 8440 8951 9555 7348 9259 6732 6218 1997 2506 3104 6628 5636 3015 8506 6852 4623 1365 8867 3350 4479 1267 3588 9882 5127 2348 3883 3919 2596 1193 6375 263 8050 9164 693 4914 6138 8817 3096 4952 
7778 927 6024 294 9832 7 3002 5646 3808 4998 4220 4873 7450 2873 6414 3163 7252 8012 7383 3806 8877 8340 9524 1299 4872 8379 6760 1516 3116 4827 40 5248 1529 9310 5382 8743 514 7711 7633 6080 8978 4083 2049 4558 4628 1088 461 9571 512 5965 6173 4006 6631 8680 7835 6090 3817 8769 3902 3903 5946 3981 6839 2819 9548 3290 8379 8300 8697 1192 6450 7041 2044 1157 6231 2122 9661 6558 235 5101 4182 4488 7955 7932 8326 1969 559 8562 6940 7313 1319 3164 246 1215 1508 6097 9389 7404 7144 2085 
9725 686 9410 7101 3367 6898 944 5405 1963 9698 6445 5063 4722 5251 9974 9902 5194 8599 517 2999 4756 640 3797 1575 9144 754 6633 1416 8013 2374 5829 7162 4458 4331 2590 6875 4537 5801 8172 3564 2004 4511 4769 8598 2777 1365 4257 2581 3206 683 7151 842 7666 9860 7035 6645 6689 4127 5535 8154 5062 6628 6010 3197 7111 9492 6526 9567 6719 5722 5582 7226 4862 4131 1998 9197 2075 1643 6472 3623 6653 2718 4172 3833 4351 1204 8882 8616 6628 7408 3797 2504 5703 8703 9345 8871 4932 3697 592 399 