9448 5782 8201 9667 903 4590 6536 9141 1216 9140 3013 531 7934 9561 9735 8360 9001 3447 9947 2248 3744 9573 8938 498 7747 204 1188 3459 4962 7204 767 4007 3143 2764 4498 4107 3592 6528 2044 9615 7296 2638 892 5029 6191 5617 9951 27 3275 4128 9632 7605 9358 9542 5863 2879 2001 3568 7990 5403 648 763 7477 691 8229 2109 3262 2338 248 703 6850 4092 4284 2850 1701 9178 9852 4709 408 4225 6433 7637 9591 9641 8940 3985 9581 3213 8963 7898 1124 9627 4470 9174 8139 4650 9478 7639 9527 8091 
2978 9702 2983 4632 5911 5566 4808 134 7914 9577 396 4998 623 7502 9212 1854 6373 7105 5978 8633 9500 2997 444 5964 4969 5372 8737 7070 4717 384 126 9324 2280 4894 2083 6351 4153 3818 3206 7359 353 532 9331 6110 2864 3637 1423 5161 9178 1195 7283 9146 2579 354 603 9823 2535 979 3472 193 3488 9317 7504 9362 4157 6922 6964 5856 1594 723 6969 4992 3552 7810 5986 4366 2382 9385 3521 8126 7474 557 1221 4717 7073 1760 1200 8095 1221 5553 6204 5208 4233 9548 2751 638 3553 735 6475 8106 
4920 6754 2363 7599 1788 1068 6517 2211 9457 7802 9968 4542 387 15 8495 2005 6578 5099 4067 2116 4921 3344 9436 7550 3831 4237 2325 5169 3048 8117 4601 4922 2753 7614 3917 9088 8166 8485 8276 6998 2219 5578 2675 3584 8693 322 2997 1064 5566 9812 8111 604 9454 8000 6354 7928 5028 5847 2595 3423 6332 3555 657 1425 866 2167 7313 2429 7291 7012 5854 9140 8934 9967 4913 7397 2451 2022 3296 8713 449 1033 2035 3340 3343 7268 9392 6230 373 9076 8056 9252 1959 3786 9946 4145 8925 775 6061 4656 
1684 2804 7445 4493 8371 1323 3383 5625 2879 1387 2819 982 4324 2543 5373 4160 3652 5682 3850 171 5320 7946 9958 1306 5702 477 5821 1503 4009 4304 2522 1812 4556 5565 7403 7235 1695 3581 8630 6956 2694 8373 5147 7822 8534 3176 5583 6204 6352 1757 5730 5542 1544 2212 98 6588 461 6777 4549 9588 2888 9249 9023 4690 3172 811 8453 47 3266 9619 3459 4962 8248 7183 6224 554 7309 8385 7968 6859 4379 6669 6090 8803 649 2253 5915 8472 8542 2945 9313 7481 8763 7957 9202 6285 492 7982 884 3856 
4094 365 1429 1176 9847 5876 3719 1339 3570 2481 5778 6795 2139 9050 6611 3933 8244 4895 2820 181 9778 4510 4524 4256 1470 8511 2329 4957 6804 3570 3990 6987 8956 9194 7308 1273 6136 7360 3132 5310 4576 3832 8313 9624 4502 432 3361 4169 319 3059 3375 7418 8522 7827 5250 5234 1988 2509 6195 8278 8428 4399 7515 6511 7763 7983 9820 5498 3771 8049 9281 2126 3346 5514 5145 6835 7699 8723 2748 3709 1751 6132 1156 7288 3419 3156 7555 8622 2989 2207 7071 5848 4397 5015 7688 1778 9269 9159 6183 9749 
1949 5137 8263 1119 8136 3432 455 5967 3971 7576 9823 9029 7102 5130 7842 2979 6383 1996 6377 2476 1625 1853 1527 2497 8510 9404 2166 1159 1719 9374 9292 1862 9296 2700 1098 5750 8821 7757 6140 4115 6950 1146 8190 1016 8214 9802 6680 9026 7536 9049 5524 4810 2389 9691 2909 1792 4171 1682 2825 7792 3280 7157 627 6689 4558 2067 9471 5696 7650 8426 9419 3033 13 1645 6787 2941 1304 7850 8932 2951 4130 6381 8219 3109 9093 3520 4243 3831 2763 8042 8754 4425 4152 632 802 3414 730 3660 6429 4404 
7168 25 6728 563 1992 8039 3542 6548 6555 269 9401 5121 1669 4862 734 158 3525 9650 1927 3834 882 8704 1852 3522 2611 8738 6151 7373 3840 259 7642 5542 2361 1391 5198 9776 2411 9373 5878 4124 8210 4748 1112 2529 925 1575 692 7205 4934 5892 2581 3898 4006 7919 7775 1527 4103 1391 8643 4974 1642 5541 447 1139 9018 9994 5900 7361 4168 5699 4818 8175 5575 1434 4365 4843 9838 7421 5740 2091 3945 871 4464 1131 3204 3500 2901 1725 3136 3269 2371 625 7406 3260 3894 2945 8814 416 6502 6061 
8951 6031 3439 6043 314 2900 1085 1339 7316 898 3521 127 5234 8586 1378 6430 3057 5719 8465 2344 5090 7070 9771 9993 8265 8795 4561 185 3468 4976 9769 9269 310 9744 9761 1858 8063 4896 1002 499 6286 3899 3918 2162 4177 1951 8537 9668 2705 5606 6707 9551 2946 9932 539 964 9702 6705 6561 1633 2278 529 2035 1169 9004 1661 8083 4038 3158 277 2153 5938 5915 2001 529 1588 37 5631 9276 9092 1354 8963 9729 5247 4226 9251 4871 721 1448 6885 679 2532 9102 510 7865 9464 999 8182 6796 8904 
2653 5042 6704 3870 1946 811 7048 888 3016 2126 424 6084 3125 3767 8454 148 5897 393 2740 9554 7396 6247 5454 9069 4675 9240 2285 2861 8074 5056 229 2939 8512 7027 1860 1742 5771 9945 4644 2523 3912 5722 1798 1433 870 2438 2021 8317 6139 4391 2683 4500 475 1319 4720 7118 7581 1512 4115 4709 8157 6312 199 8359 1105 2292 7241 9553 6380 2673 8045 293 2938 8579 7452 4823 2267 245 9096 5372 5715 2950 7441 3638 5371 2901 8928 1780 1077 9388 5302 26 6450 8012 4231 467 2202 2041 176 3245 
3754 5593 4743 2043 6330 7215 9982 5231 3308 3075 7387 1654 3754 3361 8522 681 8744 7308 716 9921 6991 2514 2976 447 5352 6086 6023 5180 3365 3110 8903 2201 3257 2054 7844 3525 8537 1264 4456 1205 9050 6038 854 1895 4641 7082 5970 5392 2868 9792 9087 4763 7102 7590 3286 7682 2914 7313 121 2887 337 377 6371 5964 6995 4857 3800 1376 3893 2141 6943 6316 8193 4379 6883 4831 3974 9933 6311 8023 5698 9167 7224 764 6476 9614 6787 800 3193 8714 4330 3654 3570 1345 7651 116 1867 9788 6413 3236 
8816 2946 3349 482 8351 5404 490 3115 5410 5762 1112 7083 5465 9740 4730 2331 9196 1215 1792 5720 2005 826 9721 148 2023 4057 3142 1566 5122 1615 1430 7752 970 5429 4596 9481 1455 7624 8166 5446 2717 1284 2758 6945 7083 9136 8435 6563 4972 6593 2331 8133 2618 1324 6393 4726 1124 3454 239 9805 8512 8148 1564 4509 3501 8050 7819 6991 5106 8843 6590 2539 8474 467 605 9526 677 2387 414 6489 2930 4764 8655 5265 3778 319 8232 8733 2875 2985 9344 2421 5972 5322 7316 1927 6082 3303 6215 6592 
8788 3546 3420 2057 7907 1279 3724 3576 8168 5029 7461 6976 8859 445 7184 7073 3352 3278 3656 7353 2620 1981 2415 6493 6089 7802 4031 5839 5609 6065 6994 9402 7487 3720 8817 2784 9624 773 4502 8157 432 3914 4169 803 3375 7018 1317 3425 2715 6271 4428 7719 681 182 6863 663 7308 8088 716 9921 5744 9708 8400 9712 2110 9564 9282 1332 4928 6797 2013 6591 8285 3184 8157 4169 1459 7461 4640 2980 2316 464 2377 4026 6317 8507 5617 3293 2570 3754 2015 542 3656 325 4498 4190 9193 578 6159 3959 
3746 285 3039 9651 4232 2801 1915 8516 3469 1259 9565 9011 2251 778 6923 4497 7418 4638 774 4805 3944 3660 7077 6092 278 456 7405 7776 6590 8005 290 5477 2888 3461 2840 4032 1474 1922 5917 4333 932 5187 4590 3098 6293 860 3054 5248 7432 2184 2887 1286 9125 7001 378 7629 3095 7207 1754 1245 8208 5684 9357 4663 5390 701 8011 1134 298 4431 5229 3660 2188 4348 699 7339 6751 4451 1883 4050 2415 1213 4411 6704 4530 6247 426 111 2734 5461 3894 3775 3359 7707 1763 3831 2940 7163 4349 4228 
5557 612 2686 8419 7826 7853 7260 3371 1623 3993 6372 3441 6243 1684 8146 5477 7068 8198 737 5243 1764 9896 1858 4453 2675 7173 4377 6292 5533 1820 802 4322 8237 9838 8305 7976 7815 1443 1497 5085 2701 759 517 4038 5691 2169 4726 3998 6567 6419 5310 2139 2859 9468 7846 7890 342 6982 455 5113 349 8021 881 809 7419 9342 6142 538 3555 482 7400 4081 1127 2449 567 8767 7030 330 2900 1404 6330 4016 2169 8869 1374 1332 3609 9468 7050 9648 4183 6961 9190 2796 9823 9978 7704 4022 1455 6865 
2033 6694 7948 9989 3835 3211 5446 2768 9461 6480 3967 5055 9848 6832 8720 3079 3851 9 8319 9186 3744 6476 542 551 1304 8668 5975 442 4475 1960 9112 7432 7370 3670 2172 2536 9932 7554 5128 4524 3048 6206 9848 9407 756 6962 7110 5733 9086 3821 1108 6090 7271 9016 2811 5978 4643 397 7735 6737 9897 1384 8787 9743 9799 4183 480 7235 2200 2376 2790 5192 4601 9062 3190 7021 4896 874 6635 2509 1270 7902 983 4814 9581 4536 333 8459 9136 4314 857 6072 9275 6844 5020 6972 6973 7309 2340 2792 
960 3043 2374 6726 221 8500 1289 3928 6384 3184 5294 5227 7223 6163 5399 6714 2764 3521 8240 1194 1525 6102 109 4368 7744 3131 6805 326 6925 6702 5392 4062 5859 5721 1175 7339 5602 8419 5514 7260 9729 1680 6424 9857 5273 7846 4284 4945 7256 1045 9657 4108 4029 6861 4055 5835 1072 9085 1971 8638 7733 1889 1384 189 7896 3805 4907 8218 4578 8505 7634 3634 8395 2706 7435 2511 3736 5246 9 3826 8380 1723 7031 3266 7320 8269 8967 6376 6083 9059 3912 7749 5080 4687 5677 1422 4717 2309 810 7603 
3280 1543 8877 8888 6286 3063 8921 1724 6589 2159 4116 830 3907 5565 7871 4424 5804 1623 6795 3109 5823 2650 7933 8851 3830 8978 8510 7421 3502 3393 8755 6943 4863 2592 955 9368 5728 6316 7565 5072 911 9001 4684 6825 6988 337 377 1548 963 9361 6480 1945 6379 5124 6581 8995 9606 3917 4152 4828 7889 83 9318 1523 530 9260 916 1613 9036 9571 2845 7709 4402 6841 2765 9565 2368 4775 6354 2311 3260 5281 5544 6654 2066 7676 1733 6384 4026 7614 4666 706 5827 8579 6797 1930 9697 6705 432 4621 
6458 9034 6237 2004 4199 3419 6388 5109 7779 861 9426 7779 1115 9584 7363 5467 7345 4469 8772 2727 2351 9200 1566 810 9188 562 7213 3541 8242 3806 7326 3400 2034 5530 6949 1532 8420 7350 1559 5433 5900 6007 3049 791 7885 8612 4162 6635 179 5477 4339 8009 8417 9469 6543 2397 961 3059 639 9216 4221 7489 9375 5196 5916 3669 5087 3934 8951 5829 8584 231 9013 158 3641 4497 7622 7236 9590 4577 2765 9048 6284 3425 655 3250 7976 3308 1486 5663 7231 2245 3727 4972 5796 4709 681 7591 6800 5985 
5777 8726 2001 1546 7188 6771 4379 3253 6883 4831 6311 8023 814 4035 764 6476 4703 5210 7568 3267 2749 9541 9155 8806 843 5409 5806 9224 8216 384 4627 7839 2744 2323 5636 9184 941 1920 3181 3442 6991 1151 1754 3946 6590 9104 8097 4433 7409 414 6489 3176 2930 5576 8655 5265 6825 9302 9318 1842 563 655 9872 9963 4437 7532 5852 4046 8191 8754 750 6419 7493 9880 83 5888 6331 5493 3419 2808 7412 8562 5933 3373 1058 9512 750 6913 4420 6585 7374 6390 4772 6893 7675 6803 3245 837 7203 9434 
3280 3218 5800 8733 5115 7974 836 1741 3958 5908 9401 8641 7478 581 8090 6677 1463 3330 9306 9808 6090 3989 1236 2080 6663 5909 1106 9393 9524 4633 1241 5246 2067 2237 484 3557 1649 7200 5505 5355 1369 3009 9085 3440 5898 6588 3752 9248 3821 3862 5085 7851 2730 4160 2600 9069 4722 1839 8125 9644 1672 861 8508 3785 7709 6569 4193 5028 9841 9577 2563 6867 3248 7843 9759 9565 6925 1469 7994 6321 9269 9775 7292 1504 9806 3984 2225 4700 2288 3726 434 3109 892 9932 8973 4058 5954 7604 7065 5675 
1017 9301 1213 9605 1041 3768 3645 1030 6613 6271 7495 3781 9528 9816 9353 11 9501 9970 7670 1373 5614 9694 267 1311 3165 265 636 1757 2093 8166 1888 733 4276 9093 4281 4253 2361 5319 711 2055 9566 1574 124 8160 1149 1878 9297 2598 3272 6980 8712 2408 9687 7901 1880 6777 2389 3011 574 1660 8684 931 9492 8736 904 4789 9500 9536 3179 8401 4522 1940 6550 1637 8437 629 8421 7362 1290 2285 9228 6426 2992 4071 7016 7977 5347 8204 6703 4798 5708 6067 3390 6452 8206 5088 5185 7425 2049 68 
1606 9806 7357 7116 7848 5113 6641 1016 8576 5060 7366 7261 8305 6080 9781 8894 6399 1976 7095 9079 8892 3988 8907 9995 3644 4337 4385 4700 8173 8439 9589 5065 5948 1757 5766 4764 2361 3903 3958 6691 9729 3237 3417 4049 259 9165 5102 6507 599 5681 8887 2899 3614 9967 7881 8550 5550 9391 2583 8811 6031 186 4709 1982 5259 1296 497 5180 7221 3165 8710 8982 9413 5891 1371 9475 6072 8677 224 2072 3250 6698 4468 2824 1101 4785 6029 3819 4063 9269 8269 7800 33 5923 8150 7206 3992 2748 276 6536 
8423 5066 5668 6210 9465 319 5593 8674 5864 7225 4274 4349 8419 5591 5066 9590 3552 9530 1507 4677 1855 5389 4719 1664 8193 8513 7936 8483 3214 3894 5685 1552 1815 7344 8836 3125 2451 7464 1114 6732 8229 3695 7841 6388 9001 5103 8452 462 3397 2953 6367 296 6814 6711 7248 9330 2872 1748 1796 1059 9608 9619 9970 7406 3365 1897 2264 70 8630 2472 1142 3991 2018 5315 697 3443 5777 6715 3732 5324 155 2711 3483 7367 246 4814 7290 9419 6122 4673 549 8994 2299 3221 6943 7505 3073 595 2091 4491 
2265 5889 9391 870 4039 6171 6624 5938 1508 6286 6009 1220 3296 8543 1445 8956 4818 6271 2559 9895 4394 7032 4354 8995 9032 6477 3851 8513 6135 9892 8440 3787 5200 243 6999 6827 7186 7799 7295 5905 1542 2896 1554 1125 7924 3239 943 9090 4481 9430 2356 9124 1111 8995 8797 7746 3928 5797 5953 6443 2927 9184 4767 554 2953 7125 9554 700 6474 9447 7302 4714 1765 1602 7646 7759 3519 2349 48 7026 4899 8961 5231 1918 8593 2492 7677 9531 7998 9102 7881 3764 5342 2934 9189 2029 8046 6465 1982 4282 
391 3715 5544 1006 5730 3327 8574 4013 1323 991 3389 8540 9833 7281 9707 208 5983 566 5549 5125 7674 8090 7177 129 4573 4320 6939 9117 5277 8212 5032 3446 4372 7629 2984 3534 9660 231 5881 6810 2846 5790 8955 6904 5937 8287 4698 8346 9791 8927 9772 3385 5681 2061 4409 8487 716 1480 8141 7269 7392 4035 7164 1664 9275 7591 3090 9603 2527 2466 2808 310 7175 9560 4447 9239 3409 8895 7822 6991 4498 8956 8995 5717 612 1761 7319 1945 3858 544 2489 229 3419 2276 9641 8759 5958 6513 7043 6839 
7069 6321 239 8444 4699 7615 8313 449 3216 6011 807 2892 1578 9465 9923 792 6315 8005 3835 6218 1518 8491 7943 6750 981 5486 6496 1017 4996 5954 1114 792 6027 9005 7210 3830 9626 5441 6270 8514 1289 2948 8519 2194 4729 284 7743 9788 8538 6265 1929 8897 3390 6989 6793 7340 1563 1550 4926 3832 9313 6430 6149 1522 9477 5270 3259 3752 9523 2018 9138 3908 676 7962 1259 4387 1234 6497 2089 3791 3356 8315 1400 9841 2690 4519 5853 9197 9607 6185 7428 2616 3035 3134 9074 5925 4486 1390 5266 6279 
257 4953 5811 7090 747 5595 2217 4258 7984 7695 4566 3488 7552 3845 30 1838 2277 8806 3730 4179 4133 867 5492 3446 9455 7952 4007 9746 8681 5365 2041 8202 7103 3659 1079 5581 141 3138 485 6365 9967 112 4479 2773 3595 9960 7231 6100 2512 33 561 2217 2921 58 2243 3876 7843 9171 2368 6925 4602 4826 459 4927 1711 6587 7875 926 7977 3015 1570 3230 4252 4238 3232 7161 2131 4712 6920 3484 2248 344 4504 8141 797 1634 4468 9665 7084 6416 8069 7120 7873 8436 7503 7142 3047 7706 333 3314 
7879 7331 8821 2315 2894 1703 639 1583 6238 5213 6556 4045 1424 3127 630 8835 2996 6475 4041 7581 4576 1482 4551 4586 2389 8144 455 2920 4378 8934 2211 7951 4561 2395 5399 4597 7874 379 689 709 2295 5979 8499 3366 3371 1352 3202 263 6278 3600 9322 7433 4219 766 586 6901 1502 5876 7831 8811 472 1473 5324 4031 2105 7182 8930 4942 2067 582 416 1867 4175 4705 8463 3483 9474 7521 8514 4263 1601 6272 9693 2590 1727 958 2130 1656 3363 9780 2604 4829 1463 8269 1023 9813 5621 137 8358 9221 
4526 2514 2976 5352 8659 6086 4830 2642 2488 7895 1029 8544 9297 9907 360 7391 4796 6599 397 3266 8030 9233 3060 6798 2901 1316 7687 5717 1761 1853 5575 3613 9348 229 2276 5379 8759 8606 5759 1932 1061 6069 9257 5096 7489 1490 3931 9924 595 8898 7971 2242 3821 1499 2336 7432 9965 5793 1039 2633 6183 8658 3345 7386 4774 8772 2593 6821 5065 9987 1026 5477 4283 3096 3695 3879 4800 1939 4402 7156 2772 9796 2034 8917 1381 6006 559 4712 968 3001 9402 1662 4089 2662 3316 6151 1985 5935 1003 3342 
6393 426 83 3425 1394 2947 3170 4234 1728 9842 268 7995 2959 2848 7998 4460 5529 6682 1432 6892 5012 9845 5817 580 572 1331 1478 6445 3994 2247 352 8699 5631 9694 8955 2838 8653 9429 882 6777 3121 1707 9116 6221 835 8894 6587 2540 507 576 124 2819 5635 3599 7747 5101 2060 3001 7761 2438 4918 467 1986 7206 1519 3827 7713 399 5616 6089 571 6901 6213 8037 6268 7940 4870 2702 7375 7730 8408 7462 1885 6755 7629 6485 5731 4761 3101 3709 4621 3790 3057 7978 2614 4085 9679 7697 2610 1008 
3864 75 4854 4870 547 9416 6592 3142 782 2308 6368 3654 4477 7125 3938 532 1500 1277 4085 7645 9242 2006 6701 3280 6092 6915 7358 2832 2661 4409 7502 3841 21 9243 9630 5095 24 6039 6233 5657 8830 8018 3856 4174 8657 5043 4503 3872 724 8358 5159 1791 2668 5871 2215 7640 5575 7921 6339 5697 6140 3133 6910 7291 8393 1587 8897 2202 9907 5228 9528 367 4033 5129 458 2054 9344 9886 8587 9858 8193 2591 4656 5525 6270 3591 8825 6268 7541 5931 5451 6587 7647 4631 8581 3473 4709 330 8650 933 
6384 9600 5608 3952 2094 164 1153 7597 1051 3749 6509 284 9451 4140 9561 7939 7185 5948 9651 3612 7474 6331 811 963 748 9217 142 8051 5453 6402 8231 9879 465 10 5151 9484 3330 9608 7265 9910 8117 8783 975 3695 3528 9305 7019 8088 1469 1609 701 7996 1897 7435 681 7219 7266 5105 9800 7889 263 9751 7631 2434 684 2612 7717 6183 4249 3449 7279 6350 1176 5418 2950 8785 518 9305 9989 9745 346 3251 5270 6546 7971 6332 9729 3380 8160 1854 9351 2546 4391 8940 7779 5997 530 6625 9837 6872 
3629 6063 9516 5607 5415 3113 3851 5481 7757 6065 2937 1926 483 1688 8800 5088 455 7717 8894 9530 6699 4303 881 2123 260 4329 7482 1456 2131 6269 7100 2074 9904 4856 2366 5362 7790 2651 5537 8951 1601 8034 3857 8064 4446 6077 2575 2952 1400 6382 5060 2641 9153 2736 1238 5639 7864 9676 541 7225 7032 820 9839 8474 9893 3572 6584 4648 1132 8952 7522 4554 302 8471 304 6385 4215 6252 5098 5106 4518 8456 6127 6535 9402 4399 4494 9593 5180 5738 6672 2306 2766 2580 7810 1703 8862 7688 5305 4409 
3897 21 5591 4494 7090 198 4750 2030 4375 7921 8951 369 3952 3971 8381 4138 2858 4097 9601 585 3803 9939 1362 5478 1920 9805 6943 7757 6862 493 3353 1582 7118 3786 8898 1471 223 5580 1055 4409 5993 9424 1386 1945 4026 6019 9675 6317 9205 1898 2643 138 3050 8507 7382 1366 9728 7143 1031 4092 2965 921 6562 6773 7020 9119 6638 8038 886 1076 7384 5660 303 9136 1828 9905 8035 1122 6911 879 6959 695 5068 6105 1470 2384 7665 8118 5895 4723 2884 8687 7521 7795 1196 9400 6629 5483 4540 8687 