3035 9312 7673 5307 5475 3328 6877 8155 5491 6306 3431 1950 1413 9762 3486 4504 4272 6773 6893 3323 7897 7671 1448 6758 1079 6666 5815 2713 4278 7807 2833 3470 787 9181 4652 3206 5872 2271 8771 9399 6223 5650 4281 20 8917 8798 8684 8084 8460 2791 2811 227 5716 9503 4634 9360 1795 6787 6310 1673 3469 811 2925 8879 4152 6532 3793 3204 7563 8582 4212 5494 3128 4579 5156 1461 6583 8469 8005 7818 3997 941 1034 4012 9125 6943 1141 9018 9959 7419 1358 7808 6035 6666 1523 2112 1533 1299 1589 9626 
2246 9288 6213 5026 4909 6672 5251 6841 4362 4390 6636 7335 8713 3623 3806 7197 2106 3844 3629 8367 3857 6381 2046 2302 8220 3089 1369 8543 4650 7231 4625 9344 6549 483 1310 7892 9047 6601 4999 5579 5805 7042 6889 4062 7122 6904 2308 3464 3862 5189 6192 5979 8721 7239 6320 5651 5324 9806 5790 8232 150 7378 7810 5331 6893 8474 4972 766 2908 6132 8779 5120 4744 49 8641 8391 1878 9247 9051 1652 4474 6712 465 7967 2560 8533 9288 4137 8769 5222 5034 5252 8073 5364 384 6759 4466 9031 5756 7100 
7281 6788 9848 543 492 9770 138 802 9570 6224 8697 8706 3480 7639 1644 1208 4017 1894 5737 6700 9831 9487 5348 3472 7364 2982 3857 3600 5774 3427 5553 7409 1912 4707 7464 1630 6467 6776 4999 9093 6720 5534 2324 3352 5785 4246 3765 4375 3142 6776 5814 2253 8559 8130 5548 6481 1639 7330 1811 5602 3207 8685 1523 9655 3439 4067 9691 395 9338 2776 8430 9760 8500 55 2630 7389 5337 8050 9369 9164 4549 6701 6065 2743 4332 8919 2382 4640 5984 950 5423 1750 4858 7082 4328 8545 8681 9818 1146 5923 
5742 8161 261 1157 8023 5608 101 9593 2266 5393 2705 1127 7316 6339 8826 618 294 7759 2826 8111 1664 814 9487 5324 1729 1393 5940 6995 2978 5687 6259 7313 878 3414 7316 3182 7598 3556 1956 3480 6091 6317 3895 8214 3520 8393 6599 5614 1540 2523 5928 56 5831 5348 3066 8437 5613 8564 3594 8105 1554 5953 9020 3256 3235 4514 7771 4312 2796 853 6739 8166 9617 7246 8511 5307 355 4464 8237 4506 1567 2089 3519 9898 7812 9341 2534 3872 6660 5588 5627 3573 8579 7920 7945 4246 4990 4400 4317 431 
4115 4792 7688 3371 7223 7643 1562 9136 6103 9792 2889 6575 5198 9313 2046 813 6843 9443 938 9986 2938 6842 9585 6270 8439 7700 8772 8215 450 5924 3210 2501 23 6544 8286 2230 670 3411 4173 4563 9693 5014 1766 3196 6296 3570 6250 3730 4350 3878 7765 3402 8269 1150 6881 9365 7973 7936 378 7324 8319 9039 2013 6609 6379 2394 1039 8155 810 7346 5457 2102 7761 7870 9065 6575 1098 1485 787 6215 9181 5757 6957 787 5589 9290 6110 2794 3449 4524 7400 4847 3 7574 3684 9281 5812 1160 3324 9263 
6046 522 2184 7880 1564 8625 3765 8370 740 4184 8179 8644 7140 1637 5313 5562 5847 7693 5195 9179 7665 119 7721 682 6452 3865 4988 3196 2045 3178 902 2146 2634 8883 2375 2317 3049 9868 1802 6600 7430 8045 7887 5001 2908 1988 1410 1194 3013 3782 3126 7859 9964 924 6370 8901 587 5817 5539 4663 5271 8078 6579 7930 808 7783 9619 7059 7885 8935 8771 6598 7240 5280 2841 5089 6401 1344 5551 3054 3926 9311 126 3155 2889 3754 8350 7942 6988 5838 9764 7747 6272 2280 1984 7713 6063 5607 3106 5711 
5799 6228 4703 4564 8984 8242 5918 5291 8914 1089 7400 1728 7634 7417 6222 4416 6859 7961 1064 8505 4988 5905 9091 1388 2230 2923 7809 2457 2527 9279 3979 2843 8987 9680 933 1340 3499 1248 1053 2858 5732 1563 1838 639 235 5607 8164 5241 3024 503 627 2716 3915 6476 8484 5285 4412 3580 2490 119 1582 6753 2492 1526 9752 490 1694 4945 3178 1235 2423 6777 4858 315 4436 709 9760 2184 1860 6713 8022 7504 5685 6339 4019 1462 7479 3815 5514 1206 9919 6275 1705 767 5385 969 1979 1326 829 8075 
8354 7950 4297 9844 5296 8351 5191 6274 723 8253 6662 4590 786 331 3637 2087 1724 1976 8360 5253 1952 8752 480 3793 4125 3660 8262 3973 8278 8376 9482 1238 6449 5322 9546 6880 853 9297 9195 5898 8516 6050 612 7657 748 710 9687 7518 8588 7705 3460 2399 6251 3726 5533 46 7334 3560 9153 7848 7882 4702 1425 4846 3955 3152 3051 9587 380 3141 3166 6173 5224 5857 8058 5216 6496 961 9332 319 5779 4550 2775 1994 6950 32 5817 4911 8348 814 9131 4964 8052 9531 8414 4106 8512 5448 4547 2662 
8917 178 324 1778 7005 8638 9679 2059 2834 9888 6458 9332 3012 5424 4884 8268 1890 8268 5645 6777 8087 7929 5804 8999 7759 9040 6610 4215 8687 3446 6575 9612 6965 5883 299 5263 5107 3404 4391 8896 7543 3427 3703 4204 7744 8320 5511 7447 1470 2553 7319 7807 5289 3371 5557 4149 8319 3992 8916 3192 438 7287 3158 8172 6889 5374 546 148 7976 3730 9996 6741 8789 531 6422 6548 5475 4169 9719 5474 1208 2983 4657 9771 9154 613 9314 8938 6318 7053 6616 8321 1349 8544 3670 1991 2802 1108 795 3719 
3926 2893 7809 1475 4447 5510 81 4939 9166 8101 115 5875 9889 8136 7383 8232 566 186 8027 5174 3004 2853 5455 2699 2934 2977 4452 275 900 4533 9668 6286 1895 7060 760 5817 3709 3532 2048 7842 217 5272 6158 2651 9278 8671 3891 4444 6198 8913 7802 3173 2946 8513 5140 1608 7035 6038 9180 4710 1096 6836 2829 4119 3294 868 9416 5691 5276 9245 8425 2206 3835 1414 1884 1662 4208 7902 8639 7851 8684 3977 9254 8368 6652 2666 707 1643 7323 9985 2759 5239 8671 5466 3104 6886 5803 6203 2991 369 
8610 3730 7065 5126 7405 4788 5111 9366 7547 7062 497 9131 3760 9784 4358 2930 665 1034 1383 4019 5423 5611 8046 1711 7636 3748 2345 3010 5397 7818 5459 8554 1636 3255 1402 9638 6218 3102 8297 2980 1946 5842 6852 5214 7085 7039 1434 2714 2467 9145 4318 5734 9506 8940 2464 7277 8306 7107 8187 2342 8362 4612 7768 840 5185 9882 6490 525 9220 1200 2606 3622 6712 6726 5317 2594 2349 7695 5496 2147 1730 4076 1081 986 2646 7179 1376 2857 9655 2998 4732 3638 1388 2458 2210 8749 6549 1515 5330 1259 
8260 9889 2457 491 1268 437 3775 3146 8973 7404 6954 7665 7540 9581 1164 5461 2916 320 3910 47 7849 5101 2642 7276 7816 9023 3856 3568 9211 9910 5974 2865 4307 9269 7770 611 1848 1117 2601 4340 2388 3111 9356 1359 2391 9446 5527 4208 8125 6050 5088 3235 4917 2043 2552 1215 4812 8385 1361 5566 1312 3703 9262 8355 3025 4406 8828 6260 7651 9108 619 3672 6800 2396 7255 9976 2833 9097 4129 6300 8162 4987 1628 3646 3409 1771 7014 3079 4251 9153 2275 4416 7952 1379 5105 9156 6418 9034 5179 3526 
3962 1645 135 8204 5935 7922 9817 200 5512 9539 5908 377 480 6512 7493 8254 4541 9625 9239 2376 5703 8890 8067 520 7033 9542 3833 2822 106 8794 1752 9562 4659 9705 1338 8827 8526 1604 9258 2520 7546 5276 3494 2288 392 1415 5714 7699 1310 5608 2646 2316 979 2790 9882 6745 5356 3617 1917 4721 9808 329 8411 1018 7080 5752 6085 839 4840 2272 4341 5593 716 8543 6801 2715 4653 9565 1044 629 6885 8840 4683 203 336 244 7864 5320 2421 2577 5821 3897 7431 4416 966 9198 9196 6608 4985 9533 
1873 8186 7013 4625 3362 9740 7264 7158 8823 9826 1122 127 3865 7140 828 4399 8437 9558 5379 4337 742 6014 3738 8627 747 9635 7446 2860 1344 3214 5332 1176 8271 6602 3448 4873 5166 1554 9188 2334 8335 3549 487 6923 9625 2583 2587 5137 1117 9704 6397 3603 2353 2294 4816 5407 5743 9699 1498 805 7949 3905 6603 4751 700 8038 1572 9686 6141 8123 6461 9247 7526 2552 5299 608 5791 8836 611 4931 7424 387 7225 9438 4752 8177 5588 3804 8419 537 6257 9503 1903 2901 1990 2188 6802 1330 9676 8953 
9393 8517 4791 7352 1875 7801 8039 8513 4395 6002 1046 394 1909 856 5224 3517 2401 8325 2410 4781 6427 7174 2522 9893 9798 1991 1707 4219 8625 2143 2622 1579 51 454 6865 6660 6296 7256 541 1577 2093 7888 9656 9620 4792 5472 2873 4488 5722 7888 6316 2167 1446 2123 1813 1908 5230 9341 2460 1567 6957 4862 1210 8286 9199 8531 2500 4701 437 9778 242 7239 5612 8820 6605 618 1266 705 3500 7423 3615 4740 4626 5479 3645 8089 2987 1635 2841 8465 8749 2582 5742 3341 6412 4022 6401 9157 9227 7478 
6371 3397 4432 2006 4644 5396 3696 1631 7580 6102 2890 9504 9291 5640 8837 1395 2391 4667 37 527 2350 1945 8198 3390 2049 7033 1745 9349 7479 814 8484 4067 7662 359 675 734 4468 5135 3360 8013 2575 7395 8483 7742 6485 9270 6652 795 4595 4370 890 9764 7720 2479 4010 6671 7739 5053 4024 3947 1182 5533 2123 8807 2813 78 4414 3759 1293 9836 6826 1859 4790 6084 7451 1215 3117 6852 8023 6362 7552 3281 9115 3328 1328 6078 2400 325 2629 5290 9943 1271 447 2774 9263 5793 9833 1047 7449 6825 
1536 1096 86 4915 9914 2450 1975 1103 2226 8767 3886 2121 9570 2494 2600 8001 1841 9069 9290 4205 1246 216 4593 8067 599 3521 3992 5749 1823 9343 7590 1151 9023 4728 5445 919 6057 4708 9471 271 8691 446 4870 2649 4877 5133 956 2051 1228 5592 2821 4788 7398 6274 7411 8640 5912 3492 7658 6835 2699 1252 4694 5378 6613 2929 2973 6002 3969 2277 9863 2530 717 6326 9559 9447 1190 152 39 3522 933 4213 3343 2808 7690 3500 2876 3834 911 2869 9324 9364 1741 5195 6328 5750 3542 2531 5012 2911 