6082 9537 705 2529 9091 8286 3228 6230 9936 1421 8791 5107 5522 9339 5359 8622 6868 981 9861 2331 816 185 1237 7327 1711 2362 7450 172 4101 9347 1509 7238 7834 1808 5775 8727 7686 4991 8733 243 8640 7150 4885 4808 2431 6625 1125 232 8759 104 6245 2091 3747 5505 837 3483 9513 9325 4666 5437 1316 5489 796 9829 8173 3493 8376 7782 5933 1714 3803 5091 2885 1545 2195 4718 9116 3823 6087 8752 5057 7899 4459 8420 5488 6824 1243 6864 98 4918 1261 5685 5227 4074 7389 5021 8729 6221 1076 8321 
6941 3272 327 5538 2923 352 5047 1620 2822 6957 6274 2450 248 3656 3435 8193 1617 6978 5119 5196 3910 7464 9877 862 2997 9048 1899 1325 1951 7487 3409 608 5878 449 8661 9986 9897 4102 6541 8933 9165 3643 2897 7510 6798 2523 3050 5409 6102 6806 4453 9494 8020 5967 7440 9898 353 4311 2877 7623 1282 1625 6788 6389 2604 7278 5743 5354 7549 176 839 4721 4125 7719 1873 7414 2199 1402 6237 1384 2293 6171 3701 333 1791 5067 6544 2190 2388 742 6231 3122 1987 3487 673 9162 5120 2112 8023 3209 
4582 9901 5205 3471 6926 6487 3576 161 4824 450 8556 3829 700 3110 6524 9785 7688 7200 6886 139 6894 2665 6585 3713 5433 8870 2078 8718 1332 9574 554 8418 2716 794 6043 8563 1647 365 8853 6198 7187 17 6178 323 4512 9823 1889 4147 4683 1298 2333 4667 5531 8168 4132 3846 4095 1718 8234 3005 2275 8363 1880 5720 4693 4764 975 1299 8397 3241 5574 4638 6797 6815 3264 7994 4104 554 3048 2723 674 9034 6428 3304 6734 6234 7798 6089 8743 1504 1734 291 727 1771 1281 9138 3877 2705 2687 4459 
3094 1208 6848 7793 7345 194 8242 6894 3881 4880 3127 3303 9411 2046 3849 3256 5032 6061 4658 7962 9632 5733 5736 7431 3366 654 1281 6168 6322 2245 6599 2782 9159 7210 7986 4396 6661 6900 7576 5793 8748 8674 9873 1650 7939 1569 1929 9522 3759 3188 3742 6586 371 8652 6605 6775 863 6951 6596 405 2016 1152 725 8753 8060 1673 5282 7056 6406 5759 1042 805 7377 7306 6861 5305 7653 2047 3328 2558 2432 255 2063 1774 6751 5895 316 8380 2365 4151 4022 37 3337 1058 3552 1678 2498 8420 8794 2531 
6598 5749 1623 1586 1737 5641 2157 6152 9306 7887 7785 6099 1793 589 2217 7003 9293 1136 1492 8549 9786 9008 6842 3846 7233 225 5787 3627 8915 5014 9699 1603 4149 9497 8716 836 1696 6840 4847 22 3879 2171 5384 8203 3540 5678 6780 2729 2034 4537 7835 6206 2515 6568 8485 2506 1731 812 5305 6258 94 8913 8690 9568 3986 7862 2700 7971 2706 6961 7524 7373 7610 4228 8456 3181 8322 7564 1574 5855 6328 979 2070 2527 5924 27 7842 7894 3121 6506 4970 468 5459 986 4992 7234 7682 6046 931 4457 
243 8389 6301 8251 9358 8959 651 8174 3782 7059 6911 1652 2770 5851 6847 4393 8229 5904 9411 8433 6574 9498 6575 7258 1056 746 2900 6148 5363 5610 9185 1895 2907 3147 2400 4510 4822 3334 2774 3413 2492 991 4593 2856 8051 7633 6111 5340 6324 9483 5811 2395 2041 8203 74 3205 40 4102 3109 4149 8871 1241 797 9692 4999 8541 9958 5488 5314 4573 6217 1440 7432 4867 2016 8376 8948 1851 6362 9670 4268 4997 6291 28 1728 1010 9414 9608 200 8110 8730 6297 6611 7689 6699 9828 9502 3964 1114 3508 
9737 1792 7653 3985 6725 8324 1606 618 8470 513 9359 5576 7893 9173 4456 6858 612 4857 297 3801 2957 7826 4459 4908 3642 6491 1075 2010 3856 526 4442 7381 4101 6122 9321 5964 1038 644 7916 1423 1649 6476 6942 3505 3624 4702 5901 1774 9690 475 7561 7236 8026 1494 847 4383 4794 9727 1342 3280 1791 9745 8292 4243 7787 2453 145 2895 7783 1559 3022 7392 5180 7959 9086 5737 1880 5222 8855 5331 9397 8722 7567 5161 7753 4065 1303 7967 8807 2408 4247 2914 3843 2034 6156 7669 2117 2876 1950 7110 
4274 6856 880 1086 3942 1290 7487 6820 4055 9250 6511 2057 7141 4373 8130 4524 8770 1214 3455 8889 4036 6301 4194 7672 1079 4644 5426 4106 8104 6909 1967 8576 3027 9811 7640 8279 9962 5612 5389 4263 9347 3803 7064 6063 3712 9511 420 3330 7270 7170 3550 6507 9243 4938 2287 4005 3510 5898 3387 463 6728 1331 224 5211 5036 6724 9156 6987 2411 572 4577 8312 2499 2744 4400 5451 1507 5622 4885 8115 2441 7707 7173 1208 316 1212 2528 1637 820 7217 8056 8277 7040 7782 3466 3470 383 1034 7092 9751 
4734 4305 924 6343 4465 6751 8174 4927 1457 3346 7090 4158 9558 7358 117 8152 7403 7419 749 7334 5054 6382 7162 9942 5078 1066 6983 4051 1763 6730 9952 5403 3628 4074 6451 6021 2837 5409 8277 6364 4685 8808 88 6147 4346 7144 3278 2227 6593 5064 5147 3352 8768 3643 3542 3578 1757 3976 4418 7364 4319 1198 1092 6356 1016 9407 2553 9029 8303 3554 6950 2911 1351 1253 131 8710 8778 4159 4209 7512 9232 3697 3123 3477 3586 5543 509 4701 6249 7412 9200 5566 5459 8201 7767 3782 3200 5359 2244 8906 
8031 8460 6661 2791 2811 8979 9503 4634 9360 3225 3711 3928 693 1019 5997 3192 9017 9620 8703 694 6761 9816 1676 1096 656 5246 2168 7132 7647 8041 8094 5490 1208 68 4924 3345 5865 3824 8541 8343 9732 9038 1258 9065 90 8737 2564 4547 6799 7023 3000 4160 9039 9035 3247 3053 8619 9011 5870 8341 5845 2862 9516 1868 429 5541 7012 1578 4769 3427 3693 857 8876 6487 737 3486 200 5547 7442 9979 395 2165 9874 5102 7287 1178 8941 8918 7587 4496 9879 833 7745 4933 5009 9178 294 4973 7114 837 
5445 8283 5836 3640 7584 3555 1866 5591 7857 4798 1603 793 8647 3773 7863 2274 10 9456 8487 5145 5982 7770 2220 8947 4626 8712 8679 5788 6815 401 2011 6375 8173 1263 1804 6843 7725 2775 6154 111 9448 3403 3254 6641 5075 1021 930 9253 1083 2142 6582 8566 9416 7546 5633 7919 1510 7030 9723 2430 8899 5044 6062 6857 9265 9491 9133 7459 606 5460 6600 1917 2236 3880 9526 1962 3386 9168 9668 7423 3137 8216 5138 5612 5453 481 2553 8516 800 1818 5774 690 5442 5682 4242 9699 4992 9908 3006 1911 
343 6017 5443 4603 9730 1729 3784 1369 357 8564 1587 909 8003 2106 4528 1814 7519 271 1287 900 2709 7068 3713 4484 2413 5134 2889 1459 9017 9230 7763 2493 4580 5821 5503 6538 5450 6432 4094 3959 9894 2073 9285 9305 4477 5894 8238 8780 8151 6920 3345 3748 3436 315 9850 7086 259 8807 36 617 7703 640 3896 5704 1385 8201 8409 8528 4473 3620 8784 7654 4658 2079 3201 8062 3391 6338 820 7328 6094 2917 7486 5917 2202 3536 5959 2693 1359 3851 940 2258 2969 182 8417 9988 2299 3674 5818 7981 
2033 9756 4690 8925 6546 1641 2746 4685 8087 5951 744 9357 1612 2691 8034 2801 1497 4992 864 7551 1423 5612 9744 4960 9753 3537 357 6860 5083 8323 3160 8449 4383 4808 9020 913 852 4122 1358 139 8785 3803 8395 2514 373 5745 3010 661 2020 9937 1630 2764 6987 9320 2202 2344 6826 640 9901 211 3398 6592 250 9134 426 1386 9304 6785 9780 137 3907 83 2820 7409 9038 2633 1128 2467 3377 9823 9869 3778 267 1632 5447 4190 6713 6704 9699 9428 8404 4052 5684 9179 1440 2572 1083 9276 1191 4839 
4076 6002 9024 9787 9998 191 2227 4040 1387 2782 8743 8746 7870 8332 1727 1234 8651 7979 1393 8047 5096 7059 314 8027 64 535 8760 6993 727 7923 960 3261 3440 6514 4207 9255 4367 9426 8030 5587 1096 8414 3043 3347 7331 4076 458 4114 7 2412 9318 9807 6047 7664 8864 8274 1069 2594 5006 3348 71 3627 5555 9457 5483 1455 5419 9027 5591 6612 6684 1395 5761 9306 6044 1305 5473 2974 1323 5994 8481 5248 6736 9831 9224 2516 4978 7921 7926 2045 2301 1291 5691 3440 7401 6311 6866 8822 7512 3997 
721 7940 6426 3370 537 7816 5153 3370 6823 8898 9248 430 8168 4859 6702 3979 4890 4492 4706 5058 5712 1512 8214 3407 8627 6317 1168 1263 3834 4586 3641 3623 7560 6682 2918 8374 6924 3735 9262 1767 1954 9013 7205 9521 8791 6618 6685 8280 3317 3265 7220 5069 7379 8613 553 6190 5174 3302 9807 6619 9017 9626 9690 957 7541 5345 7097 3337 7499 6910 566 293 9334 3074 3308 4724 5375 7910 8476 9848 2276 832 5332 9062 1450 1463 3922 2506 4611 7228 2843 8567 7232 1096 7872 6552 7927 9 1190 2767 
6290 889 6328 1653 9307 8385 298 6541 1157 4856 2322 1105 2091 7309 7253 1267 6527 1699 4952 1230 4549 630 9073 4631 1940 9489 473 3980 3886 6475 1028 5626 1764 271 9398 9882 2642 483 5449 8283 4759 6775 9456 582 6838 2831 1448 9505 6886 6759 8889 2364 3717 8760 9641 8824 1290 7289 7354 7869 8930 3802 8393 3634 3805 7522 7478 1988 5930 9065 7539 6170 4397 2405 2628 918 4453 6935 8771 4678 55 4291 506 8721 8379 6412 346 1219 4166 2281 6859 9789 6600 6966 9149 8029 8556 5399 3302 787 
4309 3823 6073 4949 9965 3085 6777 8418 6779 1459 5854 9092 7712 7882 1694 4288 421 2432 3273 4785 4989 7735 424 9806 8760 1337 6378 6636 7141 1080 3064 4248 8357 5589 1886 1807 7921 3132 7294 6575 5254 1276 2782 8546 5525 8956 1304 8032 7429 9679 1411 6174 7780 4965 736 6310 5420 5713 973 1982 17 9195 7803 4980 9471 9740 8728 4866 1188 8320 7435 252 4463 3699 3784 430 7022 4349 2166 655 7090 8127 2877 2392 8778 6978 2742 8517 5926 2644 9815 7365 4577 6856 4436 8744 3181 1153 5016 6503 