5514 5623 3883 3369 8860 827 9895 3615 1882 2882 1231 2700 7558 2621 2700 9667 1356 4375 1487 2974 3123 6882 3258 8941 2032 9270 9569 4338 4005 5920 8446 5933 2056 7273 3332 101 3631 9042 4614 9180 533 3875 966 9412 6666 719 3940 9203 505 2693 6275 629 8497 6757 2781 317 1173 8301 785 3693 4742 6869 6710 2386 1682 9911 6407 1205 5168 1384 8576 4533 5506 316 4773 7233 5374 2507 519 7941 1309 8118 2824 1312 3861 776 4074 148 8379 2796 9791 7090 2479 4523 6363 208 5963 1233 5005 6884 
2012 3899 8767 919 3287 8654 3103 2493 8596 9315 3880 1776 3754 3343 9597 7839 6215 1327 3156 7141 7482 4301 9550 4006 8792 8100 6871 2373 7505 7987 8699 6163 3317 16 2913 220 9261 7191 3560 8966 587 7110 8381 6974 4254 6466 4657 5200 3471 1837 3631 1679 7829 2923 8453 4368 6259 6743 6262 6511 5392 6919 2914 5843 4034 2825 2540 9625 2179 5195 8325 4856 348 7167 6217 4725 4220 6276 196 2628 6638 7389 2426 1589 219 4524 5778 4453 2266 9666 8435 6127 6985 2752 6418 5152 6029 9853 1010 8098 
7421 3700 221 1267 6339 1311 4761 5788 3947 6450 8192 1574 194 7203 4422 8199 6913 4623 6944 7952 1912 7527 8613 7063 3097 4382 5348 6505 1425 320 9365 830 7234 3276 6113 2983 4459 1554 7006 4488 21 7112 9577 5251 1418 2342 8427 7290 1824 6502 8162 6099 5460 7246 8122 2764 9667 3549 8959 8334 1052 3957 8492 8190 7456 5233 9156 2107 4447 211 5044 3605 8065 3425 4749 3820 9125 8747 9513 6018 6360 7314 7266 5362 1253 5738 5480 3094 8042 6995 7676 4599 6356 822 572 5455 7055 1845 8456 591 
8352 4461 3832 4063 999 720 2498 8381 3481 2945 5718 9550 103 5541 8955 8 3490 6999 4976 4971 1005 1553 6300 5512 8654 7028 4061 7750 2928 6187 5776 2133 498 3501 7707 4942 390 597 2482 2431 1769 9213 22 3897 5188 8752 1049 3329 8075 2034 1025 7696 4140 515 7458 7755 3486 5002 5748 4381 8268 6061 6553 7068 3187 520 9017 6275 1346 7184 1167 2739 8494 1815 332 8279 7456 306 4160 533 4147 3796 4331 8936 445 5709 4015 5337 9842 494 9201 3976 9748 3492 2339 2529 8537 8678 2321 3355 
9886 2150 4438 1160 361 9637 2730 6026 7011 8858 4864 7246 5727 4750 741 9206 8059 1899 9154 1010 2243 6302 494 2467 6784 5588 9761 4837 9479 4263 2814 4210 629 8139 1199 9445 6524 5118 2010 7718 1490 7321 2807 9330 2144 8446 7891 2282 6505 1286 4511 781 1495 4445 4790 3158 6757 2078 712 7720 7387 3718 7297 8471 1777 5533 2597 3590 3660 4870 365 3807 1946 4880 7297 982 1076 5738 8315 1815 7493 5714 43 105 7402 8384 7742 7280 2469 706 3584 9303 3398 6729 2492 5903 4833 7810 2240 7896 
8907 2980 9874 120 6897 7710 201 3266 4478 4796 8954 8595 1819 6609 4662 9381 6514 5042 212 4156 6248 5811 1974 2136 5998 2862 6676 4672 8593 1501 2255 8286 205 7800 2144 384 9157 6614 396 135 5900 4931 642 595 4796 6158 9481 164 8383 1656 2811 6216 2584 5032 6541 7520 7947 8753 8045 1839 2026 6549 7933 9133 2867 6175 8792 7268 7877 8979 1617 999 1691 5377 6999 3196 1439 8060 744 465 635 6617 8648 8363 3605 9343 6053 6741 2857 8807 2216 8575 6960 2031 5218 5673 4933 1253 9133 7727 
7766 4214 9244 4214 7663 2744 8425 6344 162 1280 8817 8593 304 4146 3667 2903 6127 9287 470 6951 3214 6181 5992 4285 2011 200 1102 3015 2143 1732 492 6402 2955 6412 3989 2835 6819 2454 2073 221 9512 8815 3585 3198 9605 4840 8690 7495 990 8095 942 5563 2173 1234 6324 4274 8164 1986 3631 4522 9079 9204 1547 3478 3296 5864 6536 7500 3012 2043 2343 6874 4901 6135 332 5313 5143 9414 8587 426 656 827 8327 1095 5969 7625 3780 508 1001 3856 2858 6298 1460 7146 1310 7505 4771 1966 7191 6478 
3770 5945 1531 3172 3709 6782 8604 3050 7063 1281 4745 719 8938 4255 5809 6859 1782 552 89 7707 9622 249 9768 4367 4195 9273 9188 2057 1913 8081 3556 548 7763 8573 7215 1857 5158 5901 1171 6673 5736 6430 4531 2676 5056 767 2189 2964 9502 5989 5145 538 4216 3014 7737 4639 8821 7447 9061 9557 4137 9292 8354 8616 4795 6171 7805 7220 6632 5463 1216 7859 2168 8098 1747 3593 789 7508 427 7722 5401 3034 7980 6703 522 8931 1458 9295 7772 3616 7176 8454 3277 137 427 3520 9521 8110 2533 4089 
5555 6625 9273 8621 747 1943 7385 7323 3182 7126 9946 5596 6862 8350 6410 7699 6563 5485 6882 3210 1304 714 7348 2939 8538 1075 9724 8 4156 359 5994 4285 3169 3337 1219 6110 9789 8826 4293 4301 7239 6270 623 8203 9250 8776 2941 8158 5910 9739 1770 8258 3822 5528 9207 2995 6642 2121 1154 6200 5262 6248 3499 3120 6222 3817 3054 7784 8527 8351 4927 8988 4126 3474 1661 1150 8273 4112 4442 5084 5873 8413 1098 471 2318 9181 4136 8049 6957 3206 956 226 5650 4281 7434 4973 9157 5524 4448 3937 
6118 6572 4164 2973 8502 8100 6015 2158 533 6421 3410 5833 6349 8262 5872 4903 8161 8231 6265 6761 1735 5879 9682 8307 2860 3241 3375 1606 4223 4909 4443 7333 2006 5255 9971 6061 9568 8290 2835 6122 6354 6231 7903 9510 42 6912 8016 4085 8561 7123 2733 7806 409 3885 5753 3906 6978 3624 4665 9526 3686 8685 9744 2764 3645 1685 6509 7243 7358 860 7875 5606 7411 6524 2253 6520 8162 3357 7493 9545 5590 3892 1871 9769 1425 6763 6427 857 733 729 3167 1503 2065 3202 8924 6841 6643 6137 194 667 
5403 1733 4977 1015 9448 5713 8202 6694 9016 6797 8773 7988 4184 6171 4964 1962 3581 438 3251 6918 8759 555 6754 1093 4488 9562 4183 8606 5525 9262 2772 9022 6080 1724 9571 4867 6155 2125 8824 1107 5297 9016 620 7472 1754 6738 2379 9471 4990 2082 6534 2410 8352 9708 2318 9762 7917 3741 3975 2779 9313 7393 8448 5745 6063 3737 8005 6843 1792 1105 8350 9217 782 4016 7265 9006 2209 2046 858 9003 6362 8957 8102 2678 4734 1735 8427 1444 7521 106 2945 9312 7595 7442 937 7020 9546 5206 6515 3087 
9872 590 6056 6404 4376 7707 9153 9265 4481 2456 2984 864 5220 9098 9400 2005 4447 1029 3718 4726 832 8248 2470 2135 8803 7907 8258 3093 1540 3365 933 2879 577 9990 2422 1218 2709 7161 288 9171 3977 1436 753 4265 225 9445 2794 9367 4865 235 7622 4386 8715 1137 2533 6190 1594 9629 2831 765 6808 2573 8996 1791 8378 4542 1178 2966 3289 3813 8076 3151 1787 610 6012 8315 2549 9777 8771 9372 3402 5599 6994 7279 1422 4705 6626 4869 7556 184 7033 6313 7919 8068 4325 7822 1726 8208 2187 956 
9329 1150 8772 2694 251 9646 3100 2434 9884 7962 7970 5620 2814 2962 9723 3881 412 5797 554 896 2302 105 7058 6465 8010 3615 4419 2427 9602 2440 6232 8327 1151 8068 4339 8284 4054 5760 3070 2708 1501 7733 7067 8936 3730 3622 9228 5074 2050 2737 3500 7426 1591 6944 9364 8893 8989 5570 5018 1533 5524 9915 5648 1484 4246 7655 4488 5384 1346 835 4257 2971 7517 5800 3898 4812 9301 757 5662 741 4610 467 5811 8728 3437 4514 6193 6030 1185 9618 6240 2688 1680 278 9100 1739 1447 7734 1827 5879 
446 4445 4661 5283 6178 838 720 5779 3424 5251 874 3015 4861 9440 3909 1668 1010 4232 6775 2727 7446 7675 9240 2860 3283 8700 4195 1344 8038 8128 8798 5784 2619 7701 842 6748 2437 4903 4296 3773 6473 5806 2562 8218 9121 5967 9753 4027 224 728 3181 8213 7847 2090 5369 5001 991 3893 8762 1765 1275 8634 8046 1195 9021 55 8911 9042 9287 5459 4402 5526 9575 6485 8425 6829 8137 468 7858 9201 2657 8348 7216 4498 7655 2713 1799 8044 3472 4799 9448 438 8694 7566 2529 3147 4725 7931 4968 6571 
5580 5930 863 2165 5176 8146 1487 7548 2456 1432 1179 8706 3700 5047 9758 4283 2539 8124 5229 2251 9663 3657 7980 3645 8355 9750 8606 8459 8812 2249 306 7140 9887 7076 8170 8554 8360 5613 2283 7437 3306 2887 4402 6826 7118 8094 2611 9903 7272 3321 2153 6246 814 9158 8118 1512 8959 7528 9582 9033 4202 3918 9041 6208 2969 2087 7886 1766 9508 1423 5754 3114 5314 7996 5306 3832 3531 6252 5114 1293 9236 2700 676 8302 1616 7747 4716 4644 9711 8344 8683 303 6245 7073 9387 4424 2577 3329 6673 5523 
3826 1979 2015 9373 3189 2579 2882 1227 4759 8828 9837 789 2149 6186 8636 4740 9275 5755 2589 7367 993 258 4324 2971 5432 9000 3721 5485 4426 5025 4469 9610 2629 8280 3638 6621 163 4788 8820 7491 7935 2486 5140 826 9426 1524 3171 6891 7412 1055 5250 8925 8581 1912 1361 4298 7408 9675 7239 5304 7653 5188 1020 6772 9387 7535 9245 1427 7538 1129 7416 1416 8384 473 6213 5725 1427 8611 5930 5410 2446 9394 2353 4358 4246 1279 5551 2383 1089 1932 503 243 2868 9638 2810 8588 6141 8311 9052 9398 
556 1260 481 5761 8340 2999 5834 7959 8635 8875 8593 5695 4308 1880 4260 537 5423 3813 1042 267 6796 7838 1738 6 5435 3231 3220 2882 4295 7354 1299 9290 4980 4010 483 2603 5124 8646 7385 1386 1012 3951 5458 8488 8790 8246 2951 4429 7188 2146 140 2053 8213 1089 3094 3182 6557 7650 2609 948 7864 7532 5964 2306 7793 7208 9474 1314 4261 9517 3522 7254 5732 2865 182 4396 6825 2890 4430 2269 8957 933 2144 4035 8465 84 1374 3783 1251 4452 2792 4755 8836 753 4782 3049 3660 5638 4819 9255 