859 75 2746 9400 8962 2327 2118 5574 7985 6562 9526 7472 5609 8573 9469 4858 3400 5289 8176 687 7121 1829 468 2034 4404 8613 7479 3784 1947 905 6620 5192 9155 7305 1136 6850 8684 746 7752 9045 7699 1252 7375 5396 2290 6695 6082 823 3387 4524 8669 4824 2773 7590 3870 5290 6469 7548 694 6468 891 2216 5724 614 2561 8327 8417 1464 1191 1686 9230 2227 4769 3554 3596 8299 6098 7344 518 6865 9345 4318 9292 4601 4411 4353 4011 9613 94 8517 3746 4831 7531 5187 1850 1330 2798 4995 7407 6167 
9731 9409 5788 230 5408 5191 7254 7507 7292 7618 8399 1836 2441 2858 5075 6165 2078 1607 9412 2900 1769 1780 5694 1247 6317 2728 6379 2358 4185 3501 1575 5933 7824 1812 5368 9363 6230 1017 6999 3562 1439 4045 9597 4758 6617 1297 5516 8648 8363 4797 2857 1938 4225 8575 8513 5205 5218 2816 1885 8123 5674 4446 6057 9158 3924 4376 4213 8735 9596 450 4345 2486 5081 268 2052 213 2376 9936 2877 5991 9186 9158 6246 40 6124 9709 845 6274 1199 1639 662 4601 3223 2293 9602 5212 9140 6155 219 5530 
1534 3046 6848 1496 2066 845 6168 7999 4166 9629 7232 5559 8518 2481 5314 7200 6151 7788 2441 2318 6407 8561 7996 2709 7109 5698 4091 7869 2855 1648 2171 8438 321 4394 9868 4673 5044 1021 1509 1873 8928 6509 6147 1919 605 3742 4112 7011 9416 4836 1127 8821 3838 6220 7147 8665 2748 1432 4608 9918 4743 3917 8369 9546 926 5188 4425 8227 1136 1066 41 8632 6053 8947 6134 2740 3740 8384 200 1936 9308 434 4786 8831 1788 2268 7757 2598 7462 649 7946 8156 5283 4280 2765 7188 1179 1922 5245 7473 
9484 1857 6084 3113 5158 4567 6055 8071 2191 8025 9453 4611 5849 4274 637 9695 8568 4464 5949 5980 8387 4951 9328 2594 6867 2181 5383 2099 8110 4195 6612 1432 5445 3733 3640 9027 2083 7555 1749 9656 9109 8881 5183 3712 3841 3883 65 5572 9637 7115 4573 4684 9364 3689 899 8297 6523 6160 1205 8254 3970 8020 6264 7950 1562 5671 3436 1690 9609 7863 3672 8185 1693 6051 3994 4001 9385 9418 4719 2903 3335 4697 6734 8293 84 8545 7472 6089 7506 3181 6086 5773 5631 383 9922 2920 5899 4559 1621 9742 
1728 5308 1512 6470 1817 8980 1019 7611 2399 6251 4968 3994 7334 3560 3314 8343 7123 7904 4156 7882 4846 3061 9407 8816 9944 9120 81 8141 8502 9163 881 8413 6511 9224 5832 4101 9025 1160 5513 3781 2768 2068 1617 8674 3632 6500 9903 8 711 8614 2338 7105 3634 2211 3018 8657 8476 9281 3205 8885 8722 983 5333 3971 1950 5152 8357 616 8012 1170 6941 5395 9403 2631 8508 2322 9614 7031 6582 3906 1796 3933 5703 7598 9095 9485 4758 3205 7633 2738 870 7459 3874 8196 128 9679 2082 8015 4721 1275 
8497 2584 6693 754 7291 1840 7622 3757 1145 5082 7499 1910 8302 3035 6092 1396 5859 6949 6701 6522 1078 6430 8767 8327 7917 5347 3648 7911 8835 3507 2605 6943 9365 6294 150 7810 7476 4651 4275 4500 5077 6918 6776 598 5283 8464 1613 8690 9998 6971 2616 7032 2100 8441 4323 2842 1103 678 7707 9777 1960 8220 4067 5399 8515 1434 8387 5866 5588 2017 8812 94 1549 7665 3948 8557 6595 6102 4407 3038 9265 5820 8971 3681 5437 7235 1595 660 1374 4334 3957 2101 8108 5762 2730 3342 6577 2156 8060 85 
1504 5583 1773 7958 8962 2213 1303 1106 4660 4971 2431 8572 2953 2248 7138 5047 8611 8186 4923 2495 647 1067 7692 7163 9076 9480 4443 6771 122 8492 2269 5156 5585 3305 2521 6299 7011 2382 1681 9676 423 7397 5441 8630 5098 5264 1462 7652 9355 5544 3071 4385 6304 1304 7036 5412 4412 1621 7802 6163 2716 8460 4360 8911 3123 6228 512 9358 9743 6015 7831 5426 3659 6352 1615 2781 3111 9926 1937 3843 7449 2860 5191 1389 7134 4214 336 2909 107 9187 5493 3538 7891 2940 4577 1721 1777 8840 6421 1588 
3971 65 7959 7523 2475 4270 2403 6239 6310 6855 9885 890 3122 7306 2390 7653 9419 3328 5190 255 2063 1774 6751 3371 266 6968 4881 6462 3104 6420 4898 151 6769 2829 7216 4950 1003 3096 8723 4956 5560 8825 6753 188 6415 5026 6639 420 3115 919 8315 8407 536 5951 3555 5589 2212 3981 1970 2611 7673 5364 5020 3532 7566 4129 6736 2790 861 5988 8886 8271 8242 9597 1027 7865 4701 6745 1252 9664 7564 5855 979 2070 8970 7610 981 7158 7459 1727 4286 6948 9176 4915 7625 5140 3156 168 8389 1134 
5392 6427 8457 2538 9322 7299 8081 6594 7576 9509 6221 4930 2149 9713 6118 5080 4546 8209 9938 3281 2975 7318 5755 3420 564 8558 3102 9686 401 2232 3983 6362 3624 6599 8706 3403 7767 3806 4278 3374 7710 5974 5602 5804 6596 2557 6509 3640 9116 4096 3470 6027 5987 9934 1864 423 2264 4076 7375 6048 690 3544 5310 8111 932 8724 393 6873 8803 7465 3609 8257 4586 1413 6042 121 2505 2150 4681 3666 7595 9536 8631 4524 2493 1478 2601 4325 3081 7606 6174 2685 6181 4195 2873 7514 7394 7060 2660 8535 
3036 5304 1970 2661 3241 26 6697 2633 3429 4270 5007 3568 495 986 2879 6365 9981 4512 5199 5822 185 8593 7100 63 9295 3635 1993 2665 2857 2450 4217 29 3980 39 4190 8141 5617 505 5530 5046 3073 7168 5924 1950 5666 9732 2677 2729 768 7802 6138 5488 1765 8282 4494 5222 2897 3090 1315 5864 9577 1356 1611 338 502 5485 9900 8243 9290 7337 5738 6089 2559 6975 778 7245 9112 828 7746 1754 4786 5689 1212 7557 8455 1314 5945 97 853 4348 8647 6153 4087 5956 4666 4055 8677 9143 6823 4062 
1166 6563 5542 1726 2270 9264 7224 3374 4166 6674 5830 4561 2569 9979 315 6021 7434 9388 3228 143 130 1943 4315 6295 8712 5861 4078 1494 5810 2330 5990 1466 3946 3979 8542 54 1860 9541 9072 1454 2664 6138 2917 6082 8864 7865 250 6813 3023 1957 1289 8643 5236 2466 8540 489 7434 3626 9030 778 7550 5002 6958 1185 5822 3436 9637 5533 9674 8181 7139 5376 3695 5969 828 9110 4200 7565 6573 217 6340 2773 2452 7114 5090 9443 2011 6618 6537 3446 2474 9159 6233 7711 8326 8382 1783 2177 5151 1259 
5758 4076 7778 5944 5800 7195 4563 1845 2011 6087 3865 2846 8199 1588 5406 7252 5436 2747 8493 546 9524 9896 4452 546 4879 6180 4236 4527 597 8071 7961 7051 8766 2759 1106 6168 7040 9942 6492 6462 3888 5784 7574 9708 1025 3839 699 9319 2691 9059 238 289 595 1185 9516 7080 5846 2609 6977 8188 996 8296 2592 7077 5635 6753 474 9435 1762 6417 7413 4598 6835 8195 8825 6672 8020 6084 615 3875 6868 3812 2112 8171 9793 3985 258 9823 8515 9384 9425 4577 8769 9832 9413 9706 4543 2739 2538 4743 
5599 2576 8071 2433 4086 4589 6940 7550 2332 3312 4591 3836 4977 4010 8329 7565 1015 8973 795 5134 957 2603 6723 4257 134 6640 2172 5173 4124 4807 97 9194 8640 1973 3640 1513 1293 3026 5030 364 8673 3645 5951 6087 363 1974 9145 8601 7153 8507 3599 5280 1460 394 8107 2498 3364 374 2681 7048 2673 7848 81 7720 7881 2171 8569 8421 3187 6690 8310 1091 8404 5776 354 3997 5519 323 5378 3833 7108 3795 7645 4826 9645 3229 1031 9390 959 4987 6340 1038 7909 3977 7443 6002 4176 4865 7830 8124 
2154 3866 2897 2391 631 7069 9692 5351 7822 4988 1851 8263 7646 1990 486 7698 4400 7494 543 289 2412 9137 7032 8433 3434 1502 5545 3757 8037 4274 8387 5396 7230 3185 763 5725 3547 3283 2341 2494 2563 7633 4748 1509 5678 2949 327 4010 1748 1825 5184 1852 8968 5891 5745 7070 2796 973 3868 3152 5726 1626 4626 7407 8750 1250 8909 9462 9559 3902 2043 802 9992 4280 6074 1166 736 3606 9856 8903 7652 642 8610 9834 2606 9395 7667 3096 9117 4209 2520 1770 834 5385 3052 2552 7732 7352 7680 5821 
2422 4853 7440 1958 8698 7753 8544 9332 8386 9985 1282 6402 2399 3192 3340 8033 1854 4770 8048 7241 1323 2467 763 3213 2849 4755 7095 9720 6835 6749 1112 4431 8393 103 9955 1640 4757 5805 4944 8626 4427 477 7452 3293 2182 8859 2399 6295 5211 1729 4533 6314 9212 8628 8720 9596 590 6073 4089 4418 3875 4678 7817 5260 485 3132 7584 1233 5560 4343 6413 9373 6294 1674 9601 8480 9439 8823 516 8308 9277 3810 6920 8071 78 8691 365 9214 5761 8346 38 2316 5642 659 8548 5447 1087 4123 5274 3717 
1166 8177 2306 4533 7666 3888 9968 9460 2125 7593 7257 7601 8189 3372 5299 2256 1296 7346 2463 6414 3513 5559 612 1735 9827 7354 8090 4319 64 9749 1251 1235 1102 6307 5566 8600 3820 3286 1857 3831 9650 7669 2548 7418 5067 5021 1729 6303 5155 2832 1463 1884 1111 2543 7556 7602 1372 8855 5147 7901 4269 4100 6153 8161 7418 6313 6954 5274 4301 7046 981 6113 4167 5646 8299 4153 4331 9375 5078 3553 6698 4643 7945 3248 9019 5586 8489 3856 7209 3564 8594 5858 9057 9762 614 7350 9982 1535 2983 3572 
2688 5617 3364 9792 2043 5259 8700 7760 8836 3022 8787 1759 3378 7475 9444 3144 9836 4848 2605 2389 3275 8383 1423 2864 9960 4574 8254 253 565 9112 172 4908 4023 1002 240 2939 4424 6441 9644 97 1994 1396 832 4012 9625 7833 6948 672 3800 9413 474 4655 8974 108 9094 336 6296 5659 3665 3788 5008 6979 6624 6115 2445 3200 9920 2362 8658 8226 2081 337 4911 702 9601 9717 3934 8183 5132 9018 3916 6798 5024 5034 214 1716 2409 9899 8858 2277 842 6053 6815 1889 1295 650 5861 846 9773 1025 