2975 3471 7204 9718 2227 5308 4230 5170 5232 4563 7265 199 2874 2915 9245 5658 4695 8103 8502 512 1696 9413 8259 7287 398 7240 992 345 1968 4791 8605 2544 542 896 3258 1605 4717 2588 6938 6572 4016 6937 9708 7263 3900 1356 1896 3966 6563 330 9052 4817 6154 2784 9699 280 5342 7993 160 9409 2415 7619 5267 5788 2783 2368 4829 4755 8749 4657 8587 3740 9307 8947 207 6265 6807 6158 7734 8672 8206 6474 363 4074 6768 7959 3385 1931 2451 3155 3806 4518 7194 6691 8240 7069 4409 5175 705 2550 
5786 3507 8963 8806 3860 2867 1186 7603 5406 6217 1354 7393 9868 5592 694 1335 4332 2953 2648 2197 5361 792 6326 3734 8881 8576 877 9992 5984 8987 9027 9778 688 5003 7099 8939 6804 9207 1515 319 9990 5061 9092 7433 9647 3711 66 8780 6189 3255 7116 7680 2934 961 1575 8549 2674 3729 6164 6323 1806 6790 704 4425 5660 2515 1013 1805 106 7357 4832 6340 3665 4397 2368 3057 7848 9867 2412 8376 588 3910 5991 7555 9945 9310 9256 1617 6972 3524 5982 7946 8241 7506 6826 7098 6595 4107 2521 1617 
8880 8066 5884 165 5508 6746 2970 1066 8786 7284 5718 7707 8916 3911 9112 8416 4405 4663 4356 2265 360 7215 5101 9335 4369 130 2828 7077 8212 1733 5782 6191 6690 2839 5561 7969 9184 6530 3101 2529 7417 6314 4674 5850 5931 5153 2009 8035 5025 6660 4264 116 3366 5756 7161 7840 7830 8274 8757 6540 8959 7887 8565 7182 2842 3824 6098 2536 4848 9745 6017 5931 6316 5940 1345 4630 9497 7890 1275 3559 852 3808 9068 8098 5068 921 9350 6949 99 5464 5424 5927 8762 5784 6182 9220 6679 7280 1041 8394 
3065 6897 4925 785 6358 1140 6323 666 9467 6465 4349 9002 6575 9285 1384 2172 8865 2705 5848 2886 3542 9483 9584 1090 6683 3208 7675 5234 8560 9945 8094 5131 2882 9177 2170 7690 2860 9867 2620 2364 6890 1082 6887 6197 20 9755 1566 5122 5575 7921 6221 2359 5837 2193 2410 6928 5852 3570 9947 3225 9237 213 5484 3048 8038 60 7186 6594 4461 6792 4830 6630 5979 7467 8106 4726 1912 7466 6155 3623 8505 6860 3235 7938 4446 2130 4435 9398 1895 5906 9149 5212 3958 9708 2623 8851 6164 6274 2367 4545 
6568 2267 4890 6868 6441 917 9513 5025 4758 5661 4109 3591 3232 7779 6118 6670 1428 7636 7838 3001 4110 1783 8820 3044 8260 9625 1342 2579 1030 4918 1285 9052 6005 7034 8658 474 2809 8714 2521 2308 9541 3193 685 4679 5409 7853 5920 7164 2816 83 8960 845 9543 8393 2721 7855 6020 1371 3707 523 1587 3171 9390 3368 9030 6592 4067 226 399 5473 6260 1926 9857 8895 1831 7062 5069 241 1659 8682 9255 7076 8695 6553 5157 5230 5039 9416 7151 7516 5016 3579 2489 9837 7742 7461 3101 2420 485 2514 
1130 8712 480 6162 7620 6718 5584 9767 6598 4580 8524 3336 150 3805 4096 7601 5506 9563 6860 1736 2765 7411 8307 1216 2357 3660 4733 2108 394 6090 1778 7962 1675 9554 4803 5089 8733 6828 8970 5596 5288 298 3659 8462 134 2383 3538 8126 836 2993 6954 6221 8491 8723 40 196 3018 9075 2663 511 9021 2809 7653 6673 8050 8966 4168 5661 4388 7952 451 5498 8634 3609 3617 9116 8413 3492 3985 2901 6585 7500 750 8541 8802 4609 8928 3093 9840 2521 1463 949 9808 6090 4552 4835 3989 7465 8205 5076 
5533 5014 6140 890 17 8078 1663 8712 9776 4363 3778 3846 7909 2859 2338 5709 2994 8149 5607 4770 3704 8639 7461 3645 6379 5888 2854 4769 9452 3828 362 2608 5284 1224 58 6404 539 8050 9509 8170 1639 5293 2239 1010 2732 1078 364 5913 9650 4116 3069 1660 4729 6422 4049 3682 8976 5670 6458 7002 8459 2697 4746 656 1160 9816 5434 3808 9534 1647 1700 6105 113 1257 4672 7679 8822 9972 8381 6788 9484 7938 1469 7405 7167 7315 5888 6695 8755 1115 3023 9311 9811 1633 9424 2328 7301 7884 9951 6646 
5241 6969 724 2839 3409 2944 1996 1517 7788 4704 7357 2308 2910 1502 6598 8433 733 1757 1172 5467 1674 1804 7263 9909 4642 3974 7206 1668 1851 8740 1666 7713 6498 7945 1065 9806 6446 1868 718 5023 6088 162 8960 5417 6703 5411 6702 8702 8504 9126 7904 8948 8918 6229 2938 9352 785 7403 9989 877 9640 6278 1596 9229 5124 9439 3637 8961 4269 8056 334 5135 1441 7885 7392 4131 4560 8285 7344 2826 591 2907 4708 9667 9476 8069 6917 1564 430 8706 1333 2994 8015 6962 7398 9396 8698 4768 9143 8119 
1376 3951 2866 8978 7382 8510 8434 8474 2141 4238 8216 3349 955 5728 7565 911 4684 8193 337 377 8964 2881 6371 785 762 4085 6701 3694 7168 2165 4776 9355 5642 3682 3876 4859 8443 4586 968 4538 8485 3737 267 737 9562 2156 504 590 1887 2355 1676 9340 519 4374 3696 1841 2692 4962 7705 9486 2368 9098 7853 4908 3952 8652 4540 5537 9339 3080 2288 4114 6736 3289 386 5942 2868 5877 6449 9087 6367 7172 4094 7301 7132 5112 4662 5943 1991 622 4422 9209 4651 1434 3157 1310 499 4328 3635 2889 
2904 9563 4410 7508 1749 1798 6291 465 7762 666 9359 5391 9801 6391 5100 6804 7418 1377 4485 6497 205 7810 2849 7737 2586 2290 5271 8315 4721 1207 2346 3828 2549 6315 9752 3957 3577 1207 679 147 6707 1902 4456 1475 8236 5671 1551 1543 8919 3064 6798 7433 9532 1316 7687 3904 9518 5019 9720 6925 7987 7704 622 6422 8843 4288 7059 5791 5019 1846 4395 4697 286 1527 5663 5110 2649 4359 284 6659 7743 6767 8090 8759 9214 6807 5525 5812 2826 981 4257 4927 9790 3782 5042 9760 9481 8096 4945 2551 
6835 363 8028 2946 4496 4953 7468 3272 7611 7897 5727 8956 2679 9112 2310 7432 7370 4067 3332 5101 8071 3296 2252 4327 9862 446 2536 6397 6583 6187 8694 8378 3131 3781 7554 5596 4771 885 5657 8830 8951 5327 4150 2507 2651 4172 9601 3755 6769 843 3379 7153 2660 617 2425 497 3786 4207 6805 6610 223 9397 998 4409 8898 1945 6019 9205 3050 4310 232 6472 3786 5199 1837 4842 552 9103 3634 9710 9726 6674 5148 9908 8488 4027 5564 585 1437 3257 7702 3945 3396 7951 2473 7652 346 3552 1362 8299 
6088 971 9346 1900 9603 9900 7469 2328 4139 8591 4970 3272 7998 6402 1317 9997 3571 736 84 5471 9952 7432 2011 7497 7412 9888 2976 1858 5798 1065 3118 2775 1983 5994 8042 7930 4872 9781 2290 2689 1343 257 7556 26 1069 8708 112 7172 2519 100 2090 1447 1487 3520 9835 8370 3481 4395 2002 2039 3668 2736 3243 9179 1160 2915 7144 5243 7827 3485 5720 2538 1854 3335 4159 6658 6908 9815 9721 5980 3678 6995 2334 7538 6752 8870 9578 2219 3691 3516 8182 649 6581 1192 142 4632 6324 1224 7016 1577 
3411 9615 949 4470 7256 5983 5308 9715 38 2645 5469 1780 1958 3264 9471 7293 4359 6794 1753 5938 8813 6672 1196 4470 4191 5267 9993 1789 7697 6592 9105 749 3214 5290 8399 3218 2936 9385 9881 5593 3719 9700 8256 5957 8371 4504 8497 6849 7781 2590 2143 975 4171 709 9397 9517 4600 2529 3024 6750 1204 3591 8470 7822 7149 118 6473 5425 5448 7940 4662 9133 7894 9642 2942 2280 9523 9708 4921 8502 9804 4143 8120 8978 3741 1405 9443 3587 7274 8365 4745 4691 2350 7954 2385 336 3795 6860 6141 8131 
546 7380 2819 605 6920 3999 4108 4570 1830 5783 788 426 7978 3208 2682 1296 3720 7174 4748 6747 6913 1711 5716 5440 1277 6852 9761 2837 7522 4163 1711 3083 3631 542 6430 9003 8881 2414 5223 8292 6960 8831 833 3690 9705 3825 9996 7426 4040 415 2564 882 4963 8718 338 6957 7130 9839 3780 5013 9561 1949 5840 8499 9977 7651 2924 9279 1883 6436 5178 6516 8496 8844 8772 7817 5969 1120 8807 4051 6839 8573 748 7069 8552 6321 850 6181 5381 3104 5979 6338 512 7394 2930 3669 4259 8000 8743 1133 
8595 6233 4663 4852 2495 9267 8053 2850 243 5959 7194 1570 3419 4368 3729 7289 275 7389 8107 4368 3284 8628 5987 7674 1995 8722 4230 8932 1489 9198 357 2524 905 5906 4330 3596 4424 7706 6423 4280 7949 7760 1038 6616 6994 6828 1001 4702 183 6405 3807 5087 2070 2150 3873 9867 5603 1145 1052 3404 397 6697 2106 4015 9605 6666 9490 6898 9015 7683 8567 3058 3744 9531 9102 5201 5379 4866 7892 7098 1268 8788 9251 7569 6556 278 8106 6187 3474 5442 4807 1495 5417 7661 7848 8551 7881 3955 5749 3240 
2383 4574 7584 4549 4857 9643 1122 1042 1077 7950 4868 4179 3103 7829 9282 4370 9159 9193 7229 6769 5333 1259 1748 6388 7212 6834 547 2511 4997 9286 8442 6570 326 2214 5791 1211 9022 8791 4137 2803 7570 8648 179 216 7396 2163 8537 3279 1126 2373 7483 5451 9447 2244 8898 9488 6375 7003 9428 4472 3116 5211 4103 4367 8057 8652 4694 4147 4612 4897 5436 5407 830 9577 9310 6416 8723 4448 8069 643 1712 7873 7142 579 7879 2212 3228 6911 4790 6065 7507 5213 4161 8076 6939 5169 9830 5088 1377 8484 
5724 8059 2691 2389 4416 1526 6463 455 2920 8934 2395 9810 2741 3983 588 9369 8860 4215 5508 3645 104 4155 5499 4803 6663 2091 521 8100 1565 8630 1210 7117 135 7534 753 8057 1798 4131 5524 3921 278 8758 9599 3376 6420 4315 7357 633 8884 4662 8186 2224 8154 9575 9474 2266 9974 4381 7817 5048 5808 9588 7518 2778 8262 6173 2963 1681 3149 6982 1214 7394 756 6983 8155 2621 2187 372 6741 2668 845 2796 1148 2586 8235 8203 8735 6077 8137 1931 8846 1924 7620 7583 6873 1632 5852 2875 1937 7055 
336 6878 5990 6371 7885 1333 9396 1108 4720 4244 8125 9143 3761 3415 5669 6354 7859 7176 4663 4341 9159 3856 2070 2783 3104 1172 6315 9416 2739 7034 1459 8600 2797 8085 2035 8556 9507 6852 3591 2749 298 5587 496 8518 4527 9326 3205 9967 9581 3257 2265 5045 6963 8253 5253 6876 724 3778 61 138 4463 4570 7885 3150 1960 3976 2310 6805 9604 2410 173 3670 7284 1284 2172 2536 6583 6606 5128 5414 4524 3048 1170 3271 7292 3576 8623 2397 5013 5650 7155 5034 9069 662 4806 3868 7207 5298 2054 4942 
1217 8546 2772 6153 5788 9841 9447 3953 291 819 1306 4967 9088 7551 9924 7909 2859 789 7920 3824 7729 1707 2071 2826 334 1729 8553 6144 1499 7163 9037 6333 5624 8611 2398 4684 8980 5301 5490 4604 3761 8308 4093 1670 7767 618 1358 2697 1056 4286 2036 3461 6129 6317 2700 3880 6446 4245 3502 8027 8374 5431 7910 4308 8140 7106 4758 9789 5888 8566 7229 3158 2367 8665 9325 7376 6017 9552 8716 6520 4260 5587 746 9700 4782 1205 1370 6417 5421 712 2466 4889 3174 9928 5333 183 4954 8432 3918 8579 
8334 3964 1850 2701 2927 3777 622 5156 2015 4831 9273 101 4886 6386 2945 5407 3712 4645 7530 222 2508 8717 2130 1433 9123 2205 8219 6665 5746 9274 5798 9143 8706 179 1105 9910 8129 7466 3051 9277 5106 1803 6194 4100 1100 8749 7788 5686 9492 6960 2269 4856 5338 2273 194 4660 9358 1463 3498 8109 6816 7080 412 1747 7784 4853 6707 8797 8566 6187 5232 6230 4802 3109 625 5823 8781 1376 2650 1254 7933 3951 1531 7334 8978 3893 7382 9573 8434 3502 7537 1960 2141 4238 6943 8216 4863 2592 5417 955 
6877 9368 2486 5728 8587 9415 3149 3490 5072 9147 911 9858 9001 4800 4684 7313 6825 8783 121 6988 3647 2887 337 2591 4656 9468 377 131 6448 2881 9361 465 1301 6200 8426 5051 1693 5204 7016 3066 4061 8999 7330 1023 9723 6038 5759 5565 5589 4986 3256 1292 8610 8146 5315 1681 2739 8641 4639 9626 6859 9657 8067 5346 6748 5864 4649 1452 2739 7845 2070 9466 825 5268 7131 7308 1967 7930 9791 5534 2023 4384 3258 4949 7804 8690 981 7331 911 6423 9231 3408 1202 2614 4636 6974 4955 5574 7773 6339 
5568 2566 730 2427 2130 9085 4266 5632 4766 5824 4849 2831 3742 4595 2986 7752 6430 2827 1051 3763 9470 665 430 6685 2355 9330 1987 2881 1491 2637 4800 8784 8763 6344 400 9118 3940 7642 1793 3629 9875 4039 7713 5034 2920 680 2225 3768 5949 5852 2875 7040 6081 4056 1404 400 2222 5939 1334 4015 8752 7383 5930 8345 7926 6501 7720 7072 160 8577 5558 9074 2941 5541 9929 8679 1506 7802 6995 2286 3543 4133 1078 8063 2206 6383 7786 7222 399 8886 9726 7678 7659 1174 376 3723 8763 1199 5656 1276 
4787 5164 2426 9386 3515 1588 2415 2748 5177 3642 1498 7786 1743 137 8915 561 1031 4308 6911 5489 5721 7905 4787 5955 8138 8213 684 331 6646 8299 6950 432 4689 8143 3703 4594 5237 9515 3855 2420 4906 5542 5187 9123 9494 309 9978 6792 7253 8088 7811 4901 1569 2331 2717 5123 7908 1815 9332 6778 2617 5053 1067 5864 5709 7301 6477 333 4117 1345 6346 2179 1375 3782 3416 681 4796 1326 9777 6121 8411 1141 2910 4923 9462 2585 2131 9635 6789 3155 1254 8020 7284 8885 5771 1694 4943 6171 907 6677 
1849 7757 3494 8096 5587 9943 9730 2599 8327 9686 7927 2967 8304 1860 5737 1125 7881 157 8042 6350 788 5332 7433 91 4369 7803 4124 6037 8927 219 5646 8870 6087 9699 8385 5671 401 8055 8178 2445 4452 3096 7202 290 9392 9523 5611 3089 2716 2973 2747 5831 8083 8307 430 9757 1981 2225 7454 190 4593 8961 7831 552 325 2331 6359 8540 3653 1684 4015 2647 9790 3016 7269 3362 3079 6681 272 8460 9193 6600 917 5664 4447 4496 965 9161 7718 3163 1510 2963 4246 4141 9968 159 389 6025 5541 2577 
737 4685 6727 279 637 7020 9425 8289 8513 5179 9567 2987 8935 9972 8094 2898 8157 3800 7558 2235 8665 442 981 7038 2870 5294 3875 238 2328 1551 2854 2083 4858 3962 5948 5831 8813 5997 331 8301 1754 5884 1245 8208 5684 9357 225 3019 9459 2485 5799 3504 7599 2856 904 5421 7891 8833 6834 9810 7337 5942 3703 655 1070 1005 199 9728 4956 9418 6164 779 7517 8108 7849 4853 7624 0 13 1449 6065 2169 7509 9825 5552 7115 6757 2972 4382 4382 9748 9043 7182 4900 6779 6435 1737 6779 2946 6102 
9724 1237 2694 7605 3118 2913 7498 5644 3733 5640 2657 2648 6792 7585 5741 1845 9451 2903 9607 4879 5827 9562 5711 2002 8794 3270 2093 1141 6753 5674 8445 6628 7754 7846 4744 1438 1460 4670 2389 6798 3529 1084 9962 2590 9864 6121 6423 2680 2358 4702 2699 6726 5328 9880 2269 7488 2096 7427 2830 9946 1348 9485 9275 9607 6740 4557 1284 3198 8594 1716 7097 1283 1512 9081 6318 9516 2143 427 4695 2765 2758 635 5630 6086 8555 9056 2402 3066 5286 9540 9378 1234 6260 3325 9788 7522 4444 5837 4533 1606 
6834 8412 6678 5714 6800 7251 9128 2991 7949 7760 1038 3754 1576 5906 8115 183 358 280 7149 5425 3094 4413 6371 785 3635 8435 4392 1082 8858 6471 7019 760 5932 5392 2385 8785 5265 5619 6776 1803 7380 4863 1774 1442 6755 6356 3413 4373 1363 6430 2623 271 1114 250 45 2308 2187 3794 6777 9618 2728 4396 3521 127 5234 7377 1319 6328 7351 2581 3515 3934 1933 4458 5647 881 9024 3368 4265 231 9733 768 2701 8852 34 4931 4899 698 9357 8064 7552 1447 9138 2297 7586 209 2529 8238 1304 4380 
8201 8221 7359 9180 1869 7213 7853 8063 9231 306 8602 8985 1544 5962 8321 1896 4448 3763 1933 6294 8421 8612 2947 6543 8533 8618 5284 6739 3410 3115 9645 72 4925 6534 9015 6532 4036 6567 8863 6419 5310 1361 4106 5624 3586 2627 4209 888 6093 1692 6602 932 271 9383 144 4833 8686 7019 5455 3494 9932 7014 9505 387 1037 6264 4480 9753 1166 1028 6951 6741 7224 8857 3929 6830 573 9099 8130 3723 2290 9084 9073 6251 1726 8666 8300 2969 665 3142 6556 1615 8551 6777 2376 6221 5930 1613 9481 9725 
2522 6140 9273 9588 1862 739 9192 8393 5532 4680 6542 9094 6675 9510 1618 5549 1413 3516 6833 6094 6974 6836 591 2521 4429 619 9874 9297 9318 1968 1450 8278 1612 9872 9963 9908 3754 4175 6620 5495 9110 4229 2022 4648 4692 3513 9598 6817 1877 1310 2986 9084 8498 117 9912 1527 4100 4101 6106 6986 8177 69 4353 6131 9242 6584 6018 4195 9493 566 6511 6128 8144 4190 9021 2768 1529 6001 5818 5312 2 9471 4403 3965 9843 769 6592 5435 9890 7221 9632 8179 9802 265 7728 2756 2741 2722 3236 1644 
5226 3025 6256 3653 4956 5035 9259 216 7139 2618 9966 7375 2032 5104 9018 708 7873 1808 6084 7445 3909 5981 8683 384 795 8138 5260 9256 302 2961 3775 5581 7154 3027 1675 4610 7127 2252 5111 1670 9229 4446 9412 371 9674 7736 6992 6145 7152 3292 4581 3416 7654 6352 1099 8573 6203 8367 5713 1821 4703 4632 6546 4987 9153 9628 3380 5838 3676 2185 1400 293 9808 5997 530 6625 3166 7102 9822 8435 6804 1765 850 7618 1095 1504 7548 2795 4338 3610 7083 9740 8560 6134 4007 9417 6025 9701 1064 1123 
3286 6673 9421 4670 7565 9573 3502 3010 6639 4230 1489 1549 7118 5109 7660 3596 4424 8890 9128 7706 6423 4265 5947 4200 5484 5205 522 4730 5099 4798 3266 1368 8519 130 3994 250 5019 1923 4359 9695 9947 7789 3635 7305 8250 2215 2642 6795 4802 625 8781 2866 5998 8434 7537 3393 4802 3109 625 8781 2650 7933 1531 8851 3830 8978 7382 5998 7537 2141 6943 2592 955 5728 7334 1090 8266 2346 4403 7859 2315 5296 8581 9785 2595 8759 6654 2328 5833 300 6905 986 3581 6465 8627 3385 6172 284 7272 573 
8723 4538 9021 9227 7465 6751 9140 1893 3208 1041 231 827 8976 0 6777 705 9004 7525 1727 9551 111 125 652 5455 9337 7008 8202 9913 3117 5970 3256 1819 7643 4535 2472 5104 9950 5813 8042 2589 2266 4027 2020 6322 6037 6649 9034 750 2622 1571 6754 7608 1490 3718 6450 9041 8901 2817 4665 7337 2805 6312 4383 696 4385 4455 8259 2626 5326 7000 4860 1363 6593 5796 3359 6531 1038 17 2945 9834 5343 4181 2343 5353 1704 4008 6565 3231 7928 6979 6176 3725 1114 9535 5756 9942 7136 1135 6474 8170 
3864 3816 8061 3881 6909 1083 8537 8885 5148 1902 8125 2066 5327 8895 6860 6411 8131 7380 2843 605 3999 4108 3207 944 346 5396 7810 3771 4420 8595 8862 7688 8189 4361 5651 8200 4029 5591 3780 4494 4108 1803 7090 198 1307 3952 2339 7686 9422 5390 9273 2669 1508 8613 983 5314 4039 6734 5241 2210 2322 6582 1796 9278 3087 5970 9371 5227 3961 7347 1809 8712 5210 9386 9042 1940 9563 1456 4211 4421 327 8149 942 4167 6769 8219 1635 3019 4634 3622 796 5170 456 976 7125 532 2243 6211 6278 1494 
6271 1289 4942 7281 5095 9605 7987 2903 4687 4822 8123 1426 7828 312 4630 9907 8996 9071 5300 8071 2203 6375 8695 4946 8863 6436 4187 796 3453 2070 7876 1151 5783 6181 9609 1634 1006 4924 1340 1861 1707 3979 5354 7854 150 2996 587 2778 5801 4175 2010 3469 3469 6186 1677 5371 6045 905 8407 8687 8306 9078 6023 6435 1272 1555 3466 3457 3047 4005 5436 3369 8507 2995 6406 3396 3644 6276 2056 397 5343 6336 8661 354 9254 6821 3967 241 2028 4804 6862 3815 9953 4789 4836 127 29 9828 236 4752 