4935 9193 2209 2029 1507 1372 157 4587 7501 1059 9102 8591 7911 7282 6538 2294 6642 59 7242 6748 5585 5671 819 2057 6462 7432 6314 6249 4054 1264 606 2748 9210 6365 5873 2943 4016 7381 2580 5670 4648 6423 4379 8013 4622 9647 4016 1633 6272 4913 1976 4289 1728 2796 5284 9439 1954 7070 935 5319 7924 5960 4591 4098 1147 9071 5877 8981 7946 6161 4617 2099 2248 160 3384 1331 5651 5849 3672 7589 1437 2443 3912 706 2790 2190 844 5334 7545 9591 8160 2637 6195 3760 4756 775 6583 8518 9666 7200 
4480 9463 2421 7850 6837 8397 5389 280 4210 2742 797 2024 208 5251 4726 2695 9603 9662 858 5515 1938 1619 2780 3305 2823 8292 1258 1402 3030 1366 9801 2436 1097 6448 5303 150 6804 9093 6386 9823 7482 3342 12 4989 215 4226 5407 9903 4056 3992 2643 2815 4019 1455 6611 7490 8322 4895 2692 1968 1470 2329 4957 6426 5538 3918 5695 8350 7349 9211 5265 8065 4515 191 2238 6158 2515 6216 4023 6998 5441 9543 8781 2666 2361 3739 9192 8344 7481 6928 4295 2070 9977 4800 7391 5977 7232 4135 4923 6564 
8349 2506 7581 9431 9442 8977 3512 3866 8158 9129 1207 6458 1665 8751 2793 9853 5256 2652 7968 9854 8456 7980 1813 6554 4628 1399 7605 1261 1605 9893 2585 5197 6087 5658 6487 5684 7229 1395 2948 7818 6817 5891 5264 638 4348 6497 9158 1983 9803 9010 9248 8963 5015 9565 6708 4670 642 4687 7233 9917 1133 9282 7233 4934 7713 262 4541 4634 3108 269 4273 9729 1801 5443 2459 9088 9095 5716 4125 3221 519 8729 3769 5690 7667 555 699 2898 6817 7982 4558 1466 5637 5012 3764 4349 7604 6834 9858 2515 
8366 1283 9535 7500 6915 3126 775 763 8967 7057 6699 9204 9076 2020 8056 1870 2602 7050 9252 303 5478 6639 3626 8431 6155 2043 9654 7569 8226 6809 1667 3097 8684 2124 8366 9915 8684 763 8967 3363 377 2615 1957 9410 5217 1868 4675 8633 7448 3038 4991 6922 9707 4969 2603 1491 2102 462 3684 6629 5618 282 1538 8608 4380 5160 5246 4195 1087 5604 9570 7990 2491 1745 9631 3388 6200 2280 4251 79 7404 9864 5916 2121 753 3604 8494 703 8896 2232 7788 9468 9001 4984 2132 4782 3255 5105 7314 9251 
2465 4484 6388 6547 4732 8618 5672 4490 4286 1398 4159 3609 6256 2027 90 6433 8213 3649 3010 8545 5543 9830 5198 7645 821 6988 7448 3332 8963 6083 2345 2138 401 127 7030 243 6035 7301 1313 7389 4621 6190 4423 4330 8069 6298 8426 8201 2426 2255 7432 9597 2036 3752 146 602 3889 6245 3633 3496 2819 3878 9094 2415 30 9634 2879 736 5241 6099 937 330 9548 9035 4687 4178 911 9924 5919 9267 3912 2104 3803 4007 9676 9224 221 1742 9587 499 9710 6261 7342 7646 2323 4914 7381 9114 2384 8912 
3841 7209 9891 7637 5471 3767 7372 7013 6273 4590 6506 9656 5227 3128 8166 2248 3439 6499 4033 5797 600 5782 8818 7763 1050 719 5162 2650 1032 3585 7906 8499 9174 7233 8386 5344 4482 3657 2739 4524 2783 8367 3979 6878 584 8304 1961 509 1529 4363 4794 7631 332 6059 3674 5762 4210 2168 8996 8534 6433 378 8467 6517 982 280 308 463 240 8574 2599 509 2632 7784 9364 8137 5804 2184 9816 8309 6453 5437 945 3711 2772 8785 4610 5885 1985 7459 8027 228 7918 5824 5132 6136 8427 43 6084 7355 
7976 7968 389 2783 7606 3742 8239 5015 3946 3989 1282 8838 4494 4886 9214 3632 1378 513 5828 8377 7230 2933 4252 56 1611 2518 5438 8065 5162 3126 9688 593 9705 6981 8612 6621 9814 9463 1001 1041 5193 4199 2941 566 7124 4115 4651 5509 9288 9805 4853 7315 5197 4310 7845 8797 5959 3603 1182 2451 1562 8351 4965 6586 2842 1277 8514 3805 5351 4570 4187 2040 5423 392 1321 8989 743 4506 9648 3208 2742 6556 2656 8380 3894 266 9034 3408 9402 8800 5053 7282 5738 3890 4566 5325 1703 5425 2832 5305 
4029 8435 4972 1356 5410 9843 5762 8876 3251 5544 1390 7707 7939 316 179 7542 2067 5393 582 43 180 890 5170 1367 8114 6036 7193 9654 2631 6241 5816 5351 6332 4154 1176 5615 1350 6791 2183 6179 9827 8849 3411 5144 6306 2093 3947 2277 2026 6847 8150 5559 3198 8874 1676 759 1146 8374 5800 7756 4245 791 6728 7799 5279 7358 1009 2392 6288 3016 7269 6477 26 7340 2906 7516 119 5262 7377 2697 8152 1915 8116 1259 9565 1234 4662 4242 5086 3533 3764 3576 1441 1098 8821 6140 6875 6129 6750 1349 
1462 4799 3083 660 8366 925 4675 5878 8080 9232 6854 4078 6812 9896 6908 813 5488 8643 439 6491 4445 6119 7154 4323 7983 2773 6964 5036 8952 6760 8083 2531 2168 6981 2642 2245 1314 4934 677 9179 1687 8269 536 5910 8075 7703 3104 1318 5226 8858 3800 1020 7927 9692 7807 8817 1289 4174 5043 4503 724 2253 7706 3358 8358 4950 2688 7711 2215 9894 778 7239 782 585 3654 3421 7033 9641 1727 2457 8943 4855 981 3966 6678 3736 9674 6861 3039 684 3010 3328 6611 6189 319 2458 1489 2729 5406 3363 
6092 1645 2108 6904 9790 4158 458 3395 3325 3496 9465 8397 7995 3342 4642 3420 2057 7297 7882 3724 9902 5742 3661 8779 2768 6672 6480 1459 4169 8331 9044 5277 7585 1773 3637 3744 2588 7590 7684 5337 9552 7108 4866 5136 7940 7686 9640 5390 1805 7691 3211 1304 6962 8770 510 6040 5712 6649 2990 1574 9058 5686 1077 9750 2328 3319 2661 467 3245 5593 6330 5228 7873 3122 9541 1676 5425 367 4033 2589 4169 1284 9044 9848 3851 4635 9 1773 804 6822 2378 8237 5002 7869 3194 8654 7866 809 9870 8444 
1770 3901 4710 9245 5779 6141 5996 8049 6069 7891 2627 5665 3728 3721 2624 2356 9226 1887 9461 3730 1892 4775 1421 470 4053 5125 141 8869 2807 4275 2246 7462 5602 1359 6739 5937 1683 7299 1205 176 6393 4616 6390 6122 2945 5637 7684 9692 8725 5337 3051 9658 6962 8770 3201 510 7300 5281 4684 2990 6236 317 9058 564 4157 1587 8012 318 1205 4231 9350 8818 5446 9036 4357 3016 1050 1817 3157 1736 6224 3725 8172 6401 564 5266 960 5662 5008 820 191 3990 5661 6480 5458 4477 1302 3520 7184 2066 
1316 768 4425 8408 8296 9340 6072 6311 2869 5342 9140 2479 9476 3224 8464 3905 7626 5922 2555 6038 3235 105 740 427 939 9386 8194 384 6631 9430 5397 9109 5799 4328 1119 8922 710 3381 388 2072 1941 7426 5567 7815 5168 7401 3085 3651 9693 2276 3148 1144 4471 3994 6494 6628 7826 8624 7024 3424 8081 1919 2429 3710 9696 9967 6584 6691 67 724 4434 487 2684 5117 5665 9844 8412 3207 5648 2724 1680 62 2190 1997 6338 5041 8586 6870 8952 548 8465 5090 7283 7083 3511 6883 644 8060 8461 4181 
1664 8039 9229 7372 7519 9045 8533 1642 968 1810 3113 8277 195 679 7251 3385 1666 3784 7400 7440 5282 2232 7864 6896 2076 5520 6707 9288 8459 5175 6945 2935 3877 6950 4053 8089 3320 2257 7113 4659 8281 5845 6830 2942 7535 884 8556 5601 1469 7875 5705 4802 1254 3951 3830 3893 8510 7421 3393 8755 6943 4863 3349 955 5728 6561 3490 4800 7313 7706 2991 4265 1038 6994 1576 6854 8853 3068 5103 7694 1475 9777 8706 487 4209 203 2370 2793 7864 8585 1180 2415 6075 6152 438 7212 2398 6762 4898 3351 
9748 7929 1764 4915 8414 3988 8899 963 3910 6542 7130 1801 3039 6649 3855 4177 6260 9976 5769 6769 4058 3305 940 9757 3170 4564 8508 6847 8850 9498 2100 9545 620 9578 2219 505 7866 6474 3691 3516 8182 1769 6743 3357 2259 8744 3226 3504 1029 9813 1948 1050 348 5853 4625 6626 4099 766 1825 3480 2724 1050 2205 8552 396 4221 6854 8671 6535 7641 8123 598 1239 5258 5790 7867 5184 8301 8027 2207 5099 8615 2981 8664 4409 3899 7470 4527 7349 5101 9094 3880 3100 3551 6576 8864 3088 4254 1880 4420 
6622 8509 3623 1162 4676 3673 2734 8182 3584 7446 5037 3866 9490 6473 4155 2928 919 1698 561 5841 6837 3293 1949 3295 1960 7767 7668 5602 6717 5537 2754 6741 4430 2020 9277 9076 1482 2285 5952 4504 3022 5357 8207 6424 8444 8160 3737 205 1494 7813 1651 9843 3307 9232 1624 3434 5082 4903 7778 6880 1046 9049 74 189 2961 5566 5142 1101 9883 5802 4666 2194 7234 4562 3084 6499 7600 85 9046 5863 9071 7868 3115 7864 4550 3017 944 7703 3045 3799 3813 3884 720 1912 5520 1002 4634 1441 4988 8328 
1059 4756 2498 3404 8857 2269 1539 9241 2803 3978 3225 3708 8859 3848 9053 3724 567 2808 8577 6676 6795 6607 7437 7560 785 7822 7660 6981 3365 1580 9862 6122 63 4352 4542 6796 842 4790 8971 6475 3818 9279 245 5906 9555 235 4104 4021 2551 9305 2208 4135 2955 1505 3168 9600 8755 9860 5468 7538 6533 6507 6369 4445 5951 9721 8539 9401 6319 7538 5405 6209 2839 504 7637 9556 284 2805 6413 702 9964 1321 6545 2461 1701 2709 1452 3915 2691 8610 1070 6410 4569 9248 9488 5393 4842 1695 4226 7999 
9828 6073 3989 7792 2661 6100 6913 3439 9728 2301 691 9237 234 4825 7615 2736 7159 651 802 8945 6277 7580 4941 8871 2382 262 5273 5913 5692 2250 8715 1202 3898 4146 5657 6359 6096 7376 7692 5325 5880 8637 3798 3046 5244 1118 267 850 6682 5092 9312 7809 6841 5043 5358 8864 1471 6169 7705 5511 6233 7932 9572 1374 2724 8274 920 4419 2278 7033 780 9518 3072 1339 2424 2701 1405 7416 5776 2546 9804 5443 9734 4914 6192 1584 1610 8964 7096 5490 1361 5806 2236 7173 3866 291 4331 6035 8971 7222 
7551 6926 7770 8000 3506 8121 3592 3984 1245 8810 4925 8185 9365 427 1090 4428 8361 3276 2815 3898 2534 4914 2674 5780 9430 3984 8182 128 6714 4485 2405 6036 8269 4746 1953 9752 294 9221 7613 1926 3997 2794 2620 7122 9399 378 982 280 4843 2399 2432 406 5795 1328 4098 7625 3907 2740 8211 375 1888 7106 7208 8994 2065 8542 2550 8693 5550 4309 2923 4070 3876 1371 3013 9950 8522 796 7611 3561 3818 928 6997 2187 2772 4574 8359 7329 5845 7368 9483 7802 9224 7919 3485 6708 6462 341 2089 2414 
4766 5412 2965 8120 3585 2405 5612 7906 7373 9174 3706 4674 3213 2400 2783 5183 711 9660 6878 4755 8304 9429 1418 1961 8994 4541 4794 6101 5454 4302 9332 4922 6866 6375 1429 6617 1872 4987 5170 3179 1408 4505 584 5017 786 6019 638 170 1518 5681 7071 6504 1117 2617 98 7329 2396 518 2819 7134 8127 7530 2895 1868 5752 5984 5075 3488 5192 2773 7531 8332 3568 4131 4217 8216 2186 2342 7219 112 9327 2667 6056 7993 4947 2064 1710 5608 2113 7878 3577 918 9689 5874 6018 6974 7674 4221 1460 9925 
9966 5757 9895 6675 8020 7666 2757 8052 668 4115 8685 6144 4252 9967 1405 291 2824 7384 588 4251 9273 2178 79 7990 8565 1497 8214 4984 5598 1924 9745 3774 1792 1025 1293 8401 4803 8966 6235 5029 8280 628 6943 4204 4585 7607 2354 746 5694 4397 5060 9837 9924 6987 4471 9758 7835 3986 5404 7709 2625 435 5720 7004 1174 1683 1991 3284 8201 454 8581 7650 1832 168 8940 7042 4058 8804 114 7549 4586 6915 1832 3788 2942 3862 3485 5824 3995 5726 2885 4634 8518 2756 8534 1848 7982 6860 4140 9998 
1823 3397 7666 5114 1186 757 6536 3071 153 4559 3257 5685 1449 147 6995 8125 4456 9050 9196 8909 1543 2257 207 8034 4896 9532 4109 8621 7132 1831 6974 6905 855 8583 3060 1617 2329 1393 6475 4536 7305 9895 414 6941 2198 9460 3699 814 7362 6897 4191 9725 7953 945 1610 8998 1505 2528 7039 8310 1500 5463 802 1071 443 2001 8600 3486 7543 9759 487 5277 1637 7319 8663 7935 3953 7306 7747 7206 5635 349 2091 8851 3543 6434 1793 580 1793 1633 5986 2278 4954 9147 1761 7696 5106 7059 4417 5721 
4652 3933 4250 576 1979 1751 4621 1022 3719 5833 6395 4915 6793 5849 6529 1480 9684 1796 9125 6803 9605 276 4060 77 4533 5966 6439 2640 5307 7327 5857 870 1752 8605 2017 5527 9235 8015 6736 1716 2690 3021 8134 5395 297 1005 9312 9274 1476 5852 4895 500 1501 8678 7853 3434 4854 9370 2300 6115 629 6506 6528 4596 9081 4111 1965 5646 1751 2356 2957 8079 2959 577 7851 2477 7784 6486 212 8316 3981 2755 2924 6520 7097 1618 8376 6082 675 5426 6727 2619 9062 7121 3116 8969 5250 7429 447 1139 
4681 2693 6713 3712 7965 4938 7595 9684 6665 4368 9293 5838 298 860 8269 1440 7726 1313 5350 1982 9687 1096 2799 9457 2014 7049 6814 1496 1208 2043 861 7759 5634 3460 1997 1905 1225 9805 2976 4830 2642 7671 6928 7895 8903 9862 7045 3109 9728 180 2752 9934 5170 1891 4790 5913 131 8178 8971 429 27 9195 7468 1959 2158 903 8786 4507 3624 2711 2045 5001 2044 5994 7382 4369 7351 7404 5565 3985 8125 6439 1256 9644 2174 7049 7322 9868 2262 156 7703 6192 2354 2093 8223 5337 1498 3672 7347 7694 
918 2890 6277 6465 359 3924 3162 5599 6390 1944 8943 4848 9091 5401 7929 3583 5689 7316 7428 1996 8195 4518 6461 7091 323 2760 8963 4076 6021 4184 4123 225 5899 926 5073 2457 6805 212 7299 7862 9756 3047 4163 1497 1817 7009 2279 7698 9098 6670 616 3052 4712 6607 86 7228 7178 6772 6131 4417 3357 1766 8540 8196 9377 6605 5705 788 4175 2624 294 5495 5356 8523 3200 276 5356 8732 2567 2159 2162 7747 7299 1870 8938 3365 9437 6338 2769 8021 5140 8989 7011 5152 6980 6865 659 7393 6638 2853 
4933 7863 253 4982 7042 1459 4759 9153 8290 5786 1133 5572 5685 1587 541 8595 3858 4626 8648 3904 2689 658 922 3355 542 905 6929 3911 6725 451 5348 3291 5498 1209 2932 8634 3559 5414 5205 3048 6206 8616 2397 2389 8545 7287 9407 2838 2339 1611 6590 5762 9645 7691 4359 9989 2225 6534 784 2564 943 7051 8006 5305 3786 2404 4842 9514 7140 7856 8733 8433 2421 8248 4906 1746 3966 1689 9674 8277 2029 3707 1714 2538 5149 3045 3813 3906 1002 354 6394 6808 7491 3441 3714 7019 9721 325 7140 3750 
3152 9712 8733 907 2875 6102 9261 5425 5422 5633 4378 8797 3763 6544 1717 7826 7183 1883 3847 794 6562 8684 653 4657 2744 3533 1240 1708 6307 4703 6546 6095 9297 4809 335 6062 509 2305 6071 2654 8301 8537 5564 4446 205 4441 5614 3218 3165 2407 9594 510 9472 9490 4023 3111 9116 2864 1700 8379 8267 4208 1310 7015 441 9470 111 1308 9174 7245 4238 7225 5786 8514 5291 1167 7375 8049 4719 3526 7747 2908 1887 592 4574 5080 7151 2088 4607 1253 9403 8732 9055 2929 5098 1061 7659 7738 626 1163 
2704 2950 5974 4619 3876 4262 6206 16 3353 3647 4639 9892 8354 7370 1081 8959 1574 5939 2855 3949 5134 9652 6459 3587 1413 3394 2438 2693 8101 9765 8032 3102 3559 2239 4358 8350 3599 5916 7040 8155 1855 6037 5047 1296 7874 2693 3789 3610 36 4778 2951 5535 5491 7299 3088 1821 9275 3064 293 1273 8208 2811 2977 9970 8789 1045 3393 727 9278 1035 5899 632 2575 2121 4275 1928 4906 8651 6904 7351 3761 4180 5633 6266 2691 2678 5994 314 5247 153 9571 1455 3170 8945 6917 4390 1333 7470 6081 7398 
2485 4984 5802 6015 4405 7613 8318 2767 5477 8429 6932 3780 4494 9799 3710 4750 2030 4375 7289 8951 6493 1363 1367 6089 3971 5252 279 1543 7212 7337 6719 207 7433 4109 7687 7684 295 9518 983 9683 6395 3948 7704 622 3797 5791 5797 8212 2683 7184 9380 4285 6796 6977 513 2289 3129 2166 7585 3369 8819 5506 8365 2731 5700 4652 3455 9696 5486 6592 242 782 4616 7028 585 8027 9913 4067 7237 4695 3507 7125 224 7346 1268 399 1046 2086 9242 2006 840 7309 3280 4049 8746 7098 2943 1832 447 885 
127 6607 7437 1333 628 8471 1363 304 6385 4215 5100 4518 2582 5794 8428 3408 4771 1662 1847 8800 4494 7515 6511 463 7282 7763 6680 7983 6672 9820 4566 5396 7826 3771 4420 8595 5829 7441 6600 7688 8189 2832 3750 5651 6015 2220 4405 7613 8318 2767 5591 3780 5095 1803 6039 7090 3710 5657 7001 8779 5845 3612 1307 7921 6089 4150 7325 625 6977 7559 7549 4358 5210 3077 3119 2756 5192 5732 2972 185 7083 5958 9069 2606 175 628 4513 6520 7910 5320 8255 423 6995 4007 285 7257 4783 5376 6077 958 
2583 6278 2473 5989 9524 4722 5479 7533 3588 4723 6451 7861 1190 9828 8556 9476 5992 9126 3846 5780 1707 1075 2162 3044 664 2257 6719 1395 8858 9532 472 5517 295 474 4525 8417 6395 6925 3823 5848 2214 5497 5019 2194 1846 509 315 1990 2303 5253 9462 9694 2493 8060 1587 6880 7117 8586 7565 6034 7290 2817 8445 9813 2291 9432 4397 9147 4365 999 5157 7465 6093 7067 857 1275 4085 6999 1589 7514 1430 6659 997 3617 6558 158 7812 6002 9081 7502 968 9864 1523 2152 8515 7714 3732 468 7379 7009 
1926 3796 5929 5805 1539 3402 5605 1486 7315 4870 2117 4274 1568 568 2994 9381 1717 9097 3682 9325 8029 5099 7297 9236 9732 8879 7279 3931 7571 7714 8967 2122 3117 4209 3403 6297 6656 2353 4578 9888 7025 5562 9089 6155 7986 989 3110 439 9087 6186 2270 1677 5032 7409 7060 5716 7982 5589 9290 8581 6110 2794 9789 4524 4301 1012 8620 3038 2315 5054 8722 422 1547 2731 3785 3325 3004 4545 8931 3322 189 9577 2986 9789 7476 3128 6954 4539 7745 7884 5838 9256 258 3868 8593 2867 5570 3231 406 3126 
141 5617 4580 7423 9090 7502 7971 7761 9867 8358 7169 6647 792 8215 3348 6073 8767 5079 9640 7930 5093 7718 9644 4922 7540 6518 6281 6506 6393 4945 393 5534 7310 3708 5221 129 8436 3433 100 8573 8020 2520 6553 6530 3915 3917 1361 1945 536 4230 9902 1179 4422 7884 7360 7629 9594 4259 1972 7315 3624 5184 33 1213 3648 9676 4826 2363 152 7777 3501 468 5391 7366 335 6588 6354 2237 5453 5875 5552 6233 3519 3864 7504 4302 7207 3844 9297 9729 3081 1100 2185 5083 2084 5335 1518 5631 1700 221 
5395 3688 6908 6766 6084 8376 7112 9089 2419 6750 6565 9339 7910 435 6175 5230 241 4809 511 1970 8205 9135 6847 3338 2492 4386 3333 7281 4487 946 6159 8726 5683 4403 2887 9213 7545 5532 163 80 1616 2211 1543 8841 3416 5438 9014 7286 6334 7465 4296 1274 7033 2778 6390 3621 9819 7947 5801 7288 7596 2589 2598 3545 1106 6747 4569 8868 4053 9289 8096 2365 5910 1699 5237 1725 4712 8552 8172 9425 1782 4059 5082 3448 859 8870 6332 4507 2428 6413 6450 9867 8972 9123 3687 8730 2854 107 9966 2658 
9003 6332 900 6933 6171 9029 5219 4390 8641 620 4828 8333 585 4953 3877 1690 7970 4946 518 7044 5788 9902 5327 2299 5820 8575 4190 289 8805 4922 7508 4044 4087 5223 5732 6772 7794 4157 2574 7604 8815 66 9 6484 5458 9192 760 6164 783 7737 7030 546 2205 9796 4178 2631 7145 3449 3286 2301 2445 9458 7494 2721 2681 1191 2493 6266 8357 5210 2708 5200 3338 3952 5986 3862 6100 4613 9298 1487 6978 5998 6858 3603 8363 452 1830 1257 6784 8723 7706 5234 995 7881 2434 9872 6893 4986 6645 4797 