9960 3506 2002 4557 1166 8696 5004 9185 1852 4290 258 8557 5668 9565 2390 622 8132 699 2119 9161 140 4067 2018 8128 2752 6199 6934 7890 951 2452 852 3152 7782 6841 3625 3501 5198 1228 1883 7447 6721 4025 8991 4173 2314 5618 639 5694 7091 3617 8253 9494 2183 6593 2524 2336 6912 6151 5141 9759 1670 9192 663 4596 9052 1030 7281 4 4969 9345 4641 9541 6341 3500 210 320 1925 3365 9075 5953 1535 2903 2812 4516 8213 6142 2237 6169 6242 9463 6580 287 9135 881 2927 9464 7558 8926 7106 8096 
8752 5245 5945 9634 4936 7928 9871 6689 8353 1230 1658 3397 456 5394 9461 5419 4970 4223 5811 7087 9004 2817 6902 5309 3812 1713 6602 1489 9344 5481 1863 7444 3379 4593 3243 3984 9870 3680 2738 8461 2091 5439 9764 5496 7345 8594 6513 243 7 2423 2287 5822 3992 6060 810 2017 6495 1535 8297 1879 6674 1711 3211 3295 9906 4123 4270 6355 2565 3746 8839 269 6535 3231 6736 8584 5246 5214 9994 8261 8891 1850 9366 6367 8922 1678 9424 7816 6626 1198 1893 93 6700 7003 2552 7300 8700 1364 103 3527 
4984 2178 5970 6376 4256 6361 9786 5884 536 2793 5493 1269 9006 8477 2352 1328 8728 2984 5814 3766 3908 8192 440 1270 1090 5062 7842 3510 6373 3382 9634 7067 1364 4515 852 6258 7772 1100 4074 6768 6228 4997 6149 2408 287 2451 7635 3183 8873 318 8278 5267 7424 4064 8533 4335 3516 7162 2418 6144 1291 4191 3201 9549 8305 5214 7960 5075 9547 631 7125 7592 7185 5437 5351 4680 9568 704 251 4134 6787 2684 6752 5800 1344 2706 5155 6935 872 509 6205 3659 5988 8140 6049 4667 7373 4374 9225 1709 
7572 6744 8283 5966 7034 633 4266 6610 8006 2603 5169 9743 5895 475 8641 6933 4939 1020 5918 6950 6393 5314 1943 2197 9042 1517 4238 9955 7023 17 501 3220 8527 9778 6072 9135 3489 4267 4132 9543 5954 7521 6855 1858 2293 9541 5246 343 8691 4455 6046 4672 7716 997 8518 7214 7041 2669 7386 7561 8050 3831 9425 359 6025 5580 6150 9990 4496 8305 8742 4694 1726 2210 1123 8232 5249 5399 9597 5192 7842 6309 9561 9001 5648 8432 1775 9311 6162 1044 2533 9534 8315 947 6392 7718 8291 7604 8566 2392 
9537 3082 9778 1215 6500 4638 7101 5718 9433 5961 875 5190 6411 4977 805 2174 4413 9740 2403 5631 4363 3984 2929 883 6777 4097 536 2849 1313 7496 5109 5482 2233 1915 2763 1233 1770 6167 2550 948 8533 1978 8939 7715 9890 1304 7730 367 9541 6398 6252 7940 131 7154 5930 7776 8162 6261 6137 2004 216 6693 9338 334 2746 9538 937 8019 4544 5063 8290 8674 5672 9223 261 4995 8773 6728 5363 6696 2004 5509 3938 4434 7979 5452 9290 5101 7901 4418 140 6194 7726 1249 3884 4246 98 6976 8475 8883 
362 9594 9420 2794 4781 5048 6820 6253 7202 4333 1618 6149 590 7804 1014 224 5710 8302 3748 8382 858 1649 9303 5476 4684 6810 8908 1321 2709 9961 4359 8555 5690 530 3392 3591 9522 9878 7723 2585 4251 2399 1105 5737 3051 3624 2845 3804 8541 8211 9608 16 7974 3619 6920 2754 528 996 1586 1860 7056 8862 7740 5152 9956 7832 5030 9938 551 9548 7783 1646 9088 9176 8504 1019 7346 5067 2099 3271 126 3267 5639 9209 3701 3152 6301 1394 6110 8439 7788 1823 7493 3007 7890 2262 4104 8958 8890 80 
5752 3218 5249 6613 1879 6807 6674 2948 8553 1930 6158 8232 4402 974 2193 9296 9535 711 8208 8328 1272 5986 528 659 6331 6636 5061 7720 2387 9708 2207 3070 7864 8568 9822 8960 8432 483 2786 9773 8819 2259 8850 2401 9646 7155 8310 4007 4382 5241 5584 1399 8017 4111 6828 7766 4966 6560 6772 1922 8744 1176 2356 5397 8024 5693 9469 7395 4297 7327 8150 6343 9150 3211 1455 7266 7386 8190 6405 3779 247 3593 6978 7669 2211 8582 4355 1898 8750 8716 5614 5341 6241 9842 2831 702 2555 9445 4985 6502 
4201 9575 6094 9699 2037 6816 510 2273 3885 8866 7622 7806 3847 3424 1154 5612 841 4424 3501 8509 3533 6523 8360 8602 7992 941 670 473 1537 204 3332 7347 3120 9179 5879 3026 1811 8392 3775 9593 4616 4918 9446 1491 3427 9331 6007 9080 751 6677 5905 2288 4131 455 7464 3457 2995 5807 7 551 6554 3782 1045 2499 8398 5963 9890 5742 7628 4257 5561 264 2961 2664 3294 8866 7425 1760 4785 8040 4236 2981 6610 751 9516 6770 1796 2015 7759 312 7763 7940 3734 9853 8636 6695 2518 8282 3822 2060 
1934 3301 4379 6326 3890 7361 6526 500 6701 7277 6368 9824 8383 3184 5047 5460 3037 2987 3832 6771 9192 8820 7103 8237 4973 171 2850 2706 9418 9376 9558 6653 5926 5943 2078 3640 5708 5452 4651 5047 9284 7774 4240 4457 2302 1560 5675 7075 7001 7063 5891 9913 4950 2124 9289 860 2294 6787 539 4372 3800 531 5986 9509 5984 637 908 4763 5148 6077 2355 3803 8030 694 1064 5031 7757 6956 7737 4022 9663 2766 1957 5905 1348 2681 8231 8667 4215 5656 2827 2188 7976 9126 8131 8607 7157 8825 8540 6583 
6957 4885 8843 6621 4004 9652 4930 6261 7352 3964 8671 5584 2631 590 8339 5059 3342 6850 8913 5950 1790 4271 4789 9780 9920 2110 9534 2738 8027 2854 9242 1832 9729 5228 3408 4771 8800 5053 5180 3890 3207 2766 5396 4747 4291 7986 9382 4538 3333 7754 1194 8200 8566 3221 5799 5549 9524 2673 8562 1419 7871 2439 8194 1222 2773 4003 7803 5876 698 9833 9586 7340 7314 3845 2609 429 6489 2624 7155 2277 3689 891 2715 4133 5325 620 5549 333 2970 5970 906 1235 7953 1711 3809 6008 19 8293 9245 9501 
134 6475 7444 102 7200 4012 9290 5906 2212 5543 3993 9899 5280 882 1038 8759 8650 6462 2219 5246 4684 7548 492 8420 9683 2644 1634 3727 6996 4652 5118 3081 8323 6390 7822 5768 2338 9115 2369 8445 4353 5305 5075 1446 255 9564 3481 5296 4008 3532 3668 8617 7788 4342 8266 3751 9939 3243 6386 548 2941 4767 9830 8094 6306 7818 4750 6463 2535 1124 2165 7039 6741 7342 0 9732 6312 8434 5021 5398 4112 7792 7058 3571 6617 1956 6744 1587 8026 7446 7423 8045 6155 3848 7316 6444 9489 2750 9204 5438 
3447 1209 9224 5683 7694 1867 6753 6035 1473 4031 8873 550 6097 6269 7737 1794 1998 943 5859 8607 7247 2762 2022 9870 9757 126 1362 1471 7905 1895 1090 2694 8289 3516 6067 9574 5032 9635 8158 7521 358 7907 7645 3002 6631 1038 9108 6215 7211 9280 5990 5603 6536 2519 8818 1385 8530 1596 559 9109 4741 3354 4212 843 1169 2707 5299 6042 2807 441 3695 3001 9078 7455 4751 1946 1016 999 9953 0 1964 4181 7438 641 3885 373 4863 3722 83 27 8677 6267 1004 7795 2171 1581 1073 3235 3237 2958 
9229 4139 4461 3835 4425 6303 4474 8426 3934 4552 4264 1728 8980 4465 1053 1233 4006 3748 1293 8809 3760 9143 4699 4800 4346 6344 2406 7890 2513 7376 9262 380 5060 2068 5351 9671 4152 695 5987 4097 4583 7130 2987 3504 6498 742 3473 6433 4223 2776 476 5499 684 9498 9603 2911 3909 347 7293 9716 3043 6684 2812 7525 7361 5641 2617 4264 1450 7106 5040 3796 283 5932 7162 2889 9205 7508 7546 367 5665 1332 4108 6797 2487 4029 9276 8088 9921 7640 3956 4186 7184 615 5509 5657 5945 149 1769 5268 
9303 3678 9623 1978 8737 6759 4406 6389 2226 4992 2544 8499 6285 4986 1893 3328 5119 3211 2843 7585 1478 4318 1292 9231 6983 1182 5743 4816 1442 8265 4348 3018 5649 6791 3568 7143 9047 8260 1915 9625 6950 4085 5294 6163 863 8196 4794 8240 8461 9694 9974 4368 879 7744 259 1328 4670 5346 9262 6540 4802 178 5369 6194 168 1429 3440 6597 2304 318 6552 5642 8119 7256 681 8203 8726 4623 6771 4334 2955 2986 7427 1927 4714 7879 8914 2115 7885 5610 5476 9255 3929 6081 4792 3103 6297 949 1618 9916 
2694 1095 6961 3465 5428 3636 3832 2097 2302 2788 4280 9498 4570 4488 4702 280 8657 3805 5793 907 6102 8433 4906 84 8529 3369 4606 6200 7355 8613 2679 238 5569 3039 3010 6639 6189 4230 9198 7560 357 2070 785 6795 8781 2650 7933 8851 8978 9573 8434 2141 2592 6877 8587 9415 3149 9147 9858 7313 8783 6988 377 1548 6448 2881 9361 6371 3635 8435 4983 4857 1764 4392 4218 4354 3822 5603 5371 1658 3800 9503 5468 5153 8121 5525 9692 6270 3591 8817 2601 4418 8390 2549 6315 3811 6909 3577 6961 5428 
8531 2460 5345 5488 4534 8119 2304 875 1855 2526 867 5797 1904 2683 7551 6935 8522 5193 981 8369 2804 5580 667 7487 367 8779 1441 6480 9848 8720 4635 525 2545 1379 1324 9396 4936 8146 8551 9939 8321 2889 1286 6529 9805 7757 617 13 3786 4207 6805 8898 1471 223 8240 4055 4409 8898 5993 9214 8494 8981 5516 1898 7508 1366 7143 6706 1940 9282 1569 9876 7760 1884 8991 3193 843 1300 2248 7853 5920 9317 2768 9903 5393 5211 3664 4842 571 8931 4711 1618 4468 5095 9754 7498 6495 643 7043 8436 
7503 1972 7142 7634 579 5815 5420 4037 8842 7153 2189 616 3286 7470 780 3660 2468 9883 2815 4666 4273 1740 4671 6499 4542 617 141 8910 3911 7948 451 5348 3291 5498 1987 6944 4936 1020 6413 9894 1404 9116 6523 3467 1290 18 5675 2472 2384 1646 8254 5762 1805 695 3024 6962 281 2218 1575 2868 2699 2209 8860 486 6524 888 3031 2280 9725 3363 9976 9622 9026 1744 8925 6493 6003 3687 8838 7819 7737 4692 4526 4667 5174 186 2236 1490 5622 910 9087 9626 8366 260 5162 8553 7366 7105 5937 9252 
9708 26 2904 5861 7590 6381 1589 3498 3523 1476 116 4204 7831 6633 2136 3125 7143 3521 4785 7695 7987 8140 8265 3093 4231 2601 6648 547 6959 9285 3777 470 1323 6315 3026 2588 9960 7963 8306 4209 203 7000 941 5378 3622 3590 1920 8637 8993 1902 1382 4959 3365 9050 5671 1551 8909 1075 854 664 7212 7337 6719 3064 207 8034 9532 1704 5876 5291 4372 5607 9797 5794 3643 5481 6065 4746 9826 1692 9371 101 2306 5456 530 201 2112 6688 1074 3036 9318 2051 6456 7551 2553 2959 7706 1055 5821 5201 
6776 5379 4866 1950 4477 4775 4086 3785 4641 605 6814 8025 1622 2836 773 5921 6919 3410 3361 3316 2903 3661 3059 7654 3375 6554 550 4428 6903 8051 7719 6024 6863 663 8744 2475 116 9197 6111 7108 2689 375 2416 1667 2042 8092 3202 4444 2461 4188 868 5996 9145 2646 5652 7378 4057 819 8620 1081 6223 7436 9018 3734 8972 1312 6211 4088 8073 621 9824 1427 1080 99 768 682 6161 9344 240 9037 4946 2053 9087 89 9475 5171 569 7161 7566 2822 3145 995 227 9367 8454 7929 3489 1502 8758 948 
6312 6704 6612 7887 9680 2583 3553 6008 1064 9769 4567 6395 2301 1433 657 2633 5827 4881 1512 9743 396 9393 5103 4221 8793 3184 1337 7641 6772 8186 2482 3388 1760 1692 5255 166 5828 3752 8384 3510 9165 5940 2412 3419 6129 2968 3692 6065 8732 2567 9953 2987 5006 1311 868 1397 329 8965 1878 9598 2025 8166 2639 3453 2212 2392 6592 8100 2941 7930 582 3631 7166 9561 7137 4177 5623 3438 2450 7386 1934 3336 7160 533 2370 4372 4475 1151 1754 3673 2857 8843 1579 2218 8113 9047 2539 8474 467 605 
9526 677 4433 7652 8714 7645 1596 712 5505 8743 3698 1133 9179 2794 9425 6233 5139 6814 6893 6764 9116 4885 5988 2555 5570 5945 6904 1060 909 6216 5424 6030 9309 8674 2013 3250 9330 7431 2006 3280 7168 6757 6383 1832 6915 9729 4768 5003 127 6607 7997 8341 2868 7372 8180 8961 4269 334 5135 1441 6156 6320 4777 2666 6300 1841 5964 6283 1247 3191 725 9655 6727 2443 6210 2142 2803 1345 6526 3743 1461 3208 7551 6481 6135 3894 7432 6847 1640 9808 4494 2265 5291 8253 7842 5253 3723 4659 3427 4905 
4975 1393 2391 5742 8411 9208 740 4167 5862 1940 3086 4253 884 9219 8493 3176 6381 1728 1718 9249 7743 8792 2560 667 4411 3012 3341 8870 7963 4336 5293 8380 3920 6201 1670 7473 286 5663 5108 8331 4752 6726 724 4658 4596 4490 8664 8721 7697 5871 7711 5989 3649 3098 463 2346 8506 7558 8390 3828 2549 3884 287 3957 6401 3257 6909 3577 2054 1006 8885 1087 5148 9663 2068 6359 795 3569 2033 3910 6822 6188 1951 6376 1313 283 862 2803 538 6426 5839 5473 5258 7989 2830 5 2784 9566 9860 9452 
3278 8308 1383 4515 7379 2040 7532 8663 7952 5434 9952 2872 2517 1457 4415 5996 2111 6455 7243 7229 1878 366 4741 1478 641 4365 6041 8489 779 6285 9984 1643 2784 1253 4825 3748 1458 9947 930 5886 5938 7197 6699 8967 1667 5500 9315 4634 4583 9087 8815 6423 1390 9074 2072 7468 3230 6478 521 4441 3384 5864 7452 4705 2806 4061 4798 5630 8394 1802 9465 6753 1809 7573 3791 3661 8626 8393 7793 6338 4647 5613 1028 1240 4656 5876 2897 9004 5175 8661 4772 3525 4620 4187 7822 3984 5997 8187 4395 9986 
6452 7963 949 1323 8136 2120 8747 3286 7682 2767 9856 588 6817 6557 5859 2443 2918 3030 8168 2337 2765 1395 7341 3624 2639 9471 1600 5845 3683 1764 1739 6904 9840 8479 2966 109 1102 62 540 9509 13 8332 1852 1749 2807 6276 7740 9923 370 2921 6871 1899 3134 3106 3351 2574 9898 1175 6104 7013 9480 6716 9197 6132 5690 3733 448 3649 779 5544 7607 5459 318 698 4371 3827 3093 7429 1608 6407 8442 5467 6270 8863 2606 3235 613 5894 2736 7928 7525 8486 164 1517 6728 5323 958 1040 5743 1161 
9763 808 445 9745 498 6041 5501 8276 4034 878 9672 8604 5504 5558 892 3655 1454 7379 1457 8134 6186 3996 3798 6871 2636 2166 9926 4987 576 7464 3165 3688 1280 9196 85 2930 2735 5574 9475 9202 4737 5465 4452 4447 3827 9592 3890 7167 4543 117 2168 304 1573 2169 7038 4983 6278 8810 3565 9616 1192 4431 4711 9954 8213 1340 369 3847 8455 8656 625 4903 8639 8900 7266 1222 5934 5964 4168 5838 1182 5127 2434 3639 5091 9324 6898 5083 7369 3223 8801 34 970 2277 5351 4613 2516 166 5354 9842 
5744 7246 5363 612 9265 5108 9436 8419 1092 5934 2310 2215 9388 2310 4569 6340 2361 1391 5198 2237 6493 561 5325 2863 4045 4828 8546 256 3524 5853 6626 4328 4691 5045 1243 3524 901 8149 3318 6263 7280 8798 1226 8796 3499 705 5587 4234 6929 9129 1548 2524 6114 264 9046 1349 8360 3016 1742 1602 9396 4712 9163 7070 7704 9825 935 7101 9653 5401 9851 5366 9910 1501 1161 3655 681 5156 5812 6675 3373 5523 6466 8644 3607 4917 1610 3851 3576 9991 3919 2018 2468 848 3731 4714 6074 6369 509 7784 
609 8137 7656 1876 5367 5905 8011 7347 8718 543 895 3558 2265 4995 190 8721 3367 2406 4726 3723 6958 9749 6375 1711 3814 212 4920 4507 6814 8436 7995 6997 8455 8251 8104 5781 5388 7286 3350 6977 3061 4193 4195 1364 5052 1701 9490 8952 3685 1326 9581 3888 3161 8767 1803 5664 3818 1158 648 8077 6527 8078 2116 2850 8766 1654 5832 7302 2268 9955 5905 3867 393 6145 1573 936 8768 3314 6785 6773 8144 769 1200 6138 6883 2976 4627 1276 1312 2889 19 8868 1562 2541 9163 2551 2073 1553 7308 6241 
9529 8474 5671 1415 4202 4555 3693 3845 9902 7561 4172 7177 459 7797 1329 9427 7266 8009 8001 5350 1483 606 943 2853 3960 3406 5160 837 4872 9279 4558 6870 7625 1615 4044 3633 5955 4892 3884 6315 4708 5542 2054 679 2500 1006 1083 1264 6707 6995 8055 3381 3060 7792 6181 3208 3421 2656 8380 2569 7110 1845 2265 5045 9530 7987 1791 7842 6876 724 2015 3778 8334 61 2928 8142 4075 5523 5307 4409 3777 5963 1080 1558 7476 869 4955 3740 6990 842 4306 3025 6584 3834 4051 5641 6355 3524 6541 7495 
4689 7406 7670 3588 8058 3088 8532 4254 4266 7564 7790 9528 2233 8123 7368 3572 4648 990 2228 1132 544 9106 2545 1140 6124 7024 8133 6013 661 5066 2025 9714 4628 6424 3717 4735 7665 9848 4825 2086 8349 3626 1725 3198 4775 6622 4578 2837 4053 1469 794 2023 9130 2807 6758 9774 7829 8868 5602 1359 1453 2763 6689 8080 8994 1083 6547 7592 5125 5949 7797 5870 8108 2977 3095 1653 6537 7999 3923 2735 7187 4109 6075 4719 3377 7924 1380 2590 2189 4357 8013 9555 5042 3249 6998 1284 2193 2191 4880 8876 
7066 2707 5727 7198 2834 3542 4664 2235 2216 4036 3659 5133 7674 1538 8232 2197 7912 3043 2214 132 2712 9858 6067 6565 3639 8633 4695 3852 7576 1417 4653 4819 1199 1263 5223 7002 9531 9671 407 2877 2654 8329 2180 1368 8862 9684 3511 1386 6859 1939 2032 5098 73 9857 7668 3741 6053 9462 2782 7694 1435 5959 2439 1407 9196 9372 6035 3384 6825 7227 3947 8176 9638 1763 3318 1777 7029 172 8121 9692 6270 3591 8514 6795 625 2650 1531 8510 8474 5417 5728 8638 5436 2832 2789 2566 8804 2427 1725 9085 
195 1507 9840 9462 5632 1628 5802 5824 8622 4849 8443 3742 7995 6736 8286 2409 1714 6170 8735 477 3723 4627 719 116 4991 8286 1281 4 1882 4404 4318 2207 609 6294 1902 5137 1372 3789 3664 6941 4266 6473 9918 5013 3448 5220 1539 781 6250 4956 8681 6335 9834 2316 9142 7227 8948 5450 4957 8002 4786 1088 6582 2374 3618 5940 9419 2117 8084 7441 2148 8013 2719 2665 3313 9891 5730 2432 8709 974 1023 7232 3677 2106 9628 3972 3524 4709 5777 8726 3627 875 344 4805 7031 1703 8930 9024 3570 1095 
2798 6972 4839 7127 2257 8914 224 6449 483 5134 7251 620 1409 6121 3553 8211 2334 4036 705 8343 3780 1586 2995 476 8836 5874 501 4299 6279 9775 360 5885 2574 1469 75 1970 2930 5183 1343 8103 9722 4069 3901 3828 3799 8862 7008 7468 9125 7102 2588 4644 3739 9960 6452 6795 4770 5365 1626 6098 4734 6283 7434 6734 7938 9938 7411 939 1813 8984 6233 7591 3928 3090 9603 3008 4048 7417 2610 8679 7811 5895 8824 4995 5122 4711 5962 6158 4176 8415 3176 1269 7248 7066 3369 7618 8146 4404 2380 719 
155 7777 9313 9814 9760 6242 6133 540 6097 6998 6835 8028 4194 5588 234 6448 7635 3001 5980 1915 8116 3469 3469 1377 4767 2089 9857 7737 5394 2290 1533 9574 4824 49 281 5253 6158 1385 4200 7461 716 7333 7640 4606 2976 8250 5352 6981 1580 9616 4372 3109 5469 4714 4432 1362 5478 5865 7153 9805 6862 2815 6909 7877 7118 13 3711 852 7851 6290 1839 2404 8910 9514 457 4480 8218 6359 477 4215 1983 9907 7391 6599 3799 7742 1661 8950 627 9120 9897 884 7169 7976 656 2276 380 9880 1523 5702 
8859 4864 6253 7749 567 2808 751 2845 7709 4402 3455 6676 9838 6757 6354 352 7853 4649 6635 6024 3687 5820 1804 3674 1881 698 3078 7558 7598 7865 4061 8059 2920 312 5143 2730 155 9862 911 3408 6260 5574 6339 3299 9850 2087 1728 3522 333 7972 7282 9414 41 718 5499 7951 8119 5292 2011 1243 2218 8741 9702 7206 9569 1847 4222 3696 1129 2524 315 5561 8352 4184 3583 4851 6767 3233 1960 383 973 9924 2792 6061 9083 5614 3576 6895 1702 4956 1702 7092 2454 9174 9110 5846 294 9650 3874 6033 
4642 6842 3171 7142 1880 9556 1555 9197 8260 1102 7647 3475 6475 5692 334 6293 8191 1241 1816 9501 5883 7540 1653 7667 3965 3937 2498 4314 2371 2522 5573 4901 9598 3564 5925 233 1592 722 6694 3168 6360 6954 1054 6994 3870 3708 2090 5696 3984 1365 9547 7506 4912 9412 981 8171 3541 37 9665 2497 8030 9576 3918 7308 4987 2427 9085 9462 5802 4766 5824 8622 8443 1465 7752 7453 2167 3674 8690 4492 5593 4068 4440 9861 4799 5870 8246 8518 777 48 415 2176 8142 931 42 5419 5922 8971 3097 4441 
3707 9403 5422 2290 3409 5366 302 8628 6252 4518 2582 5893 6430 9402 4399 6062 9593 5242 6680 6672 2306 9820 3332 6903 3414 1703 2710 8862 5425 9625 2832 9112 5305 2683 4409 7502 3841 3897 7820 8200 21 5591 8054 4191 7719 4926 4348 8111 8604 6247 9047 8474 7596 7645 41 352 4764 9342 6181 3778 4802 3109 8781 2650 1531 2866 3893 5998 7537 1960 4238 4863 3349 5417 6877 8587 6561 9858 4800 4684 8193 6825 8783 6988 337 9468 1548 1318 4857 1763 1658 5468 6833 7334 1298 8100 4834 548 7869 9089 
1126 9985 7631 7351 3304 3536 4153 2767 1038 6254 761 6282 8901 4589 6237 4868 5699 4858 5772 2578 5184 7389 1227 3722 3729 2581 4147 6641 9400 4585 2404 5769 6112 1326 3108 1826 4732 6101 2923 9417 138 3261 2017 678 741 496 9766 7498 7947 6926 5787 7543 1000 12 82 2106 842 6378 3388 8660 3518 3553 5302 4668 88 1387 2881 9875 853 3791 1945 8403 8331 4627 1684 522 9150 8657 6813 5741 3879 1277 1004 991 8923 9702 3183 4351 9341 2794 8055 1320 8533 27 8618 9548 8995 3333 1495 6665 
4624 359 6902 4327 2751 2943 5738 7883 2600 6868 2972 9813 7254 2910 3613 1268 8186 4048 7127 6886 590 59 5928 2810 5139 2227 1299 846 1204 6729 7664 2304 4936 3011 9931 8448 4005 6889 1810 9256 6665 9 3245 5211 6117 5490 6429 613 5894 3373 4568 1998 6648 9732 9913 6075 2077 7613 9739 7059 244 1937 1814 8904 5421 3647 2225 5790 773 3081 5350 4463 7203 3136 3777 7112 9033 7818 2311 1378 5921 4172 7 6736 759 4034 7797 4223 1688 6830 9506 4682 8854 800 673 2412 6684 4481 4758 2530 
7952 3496 2634 1386 7841 2725 1934 33 5006 8246 7246 5087 281 5568 7899 9120 559 5062 2385 764 1597 5953 5956 6649 2253 1328 9712 8733 2875 7516 5531 7739 8539 1603 2826 7418 8022 867 9628 8977 3793 6638 2450 4947 4575 9288 6537 3298 9027 6285 4346 1026 6126 4501 2905 7418 764 7001 8464 8645 8040 8545 5353 1817 3171 4892 1765 1492 9633 5259 1726 1703 2973 6181 2312 7700 8019 6427 3881 5650 9790 6674 6182 6247 8295 8286 1171 4757 7168 5580 7725 568 1285 7886 2293 8523 6684 8859 6588 3667 
7144 6057 3924 2081 6326 4213 9359 2764 5863 8844 6893 2798 663 9139 2246 5409 3684 7144 3713 3352 3453 5035 8679 2165 1022 3730 1681 9366 6077 9600 8066 7155 7970 9589 4521 9558 769 1399 1145 4559 900 6983 2010 9980 4725 3599 8548 8963 1013 3540 3823 8145 206 9145 5920 9667 9106 4677 4006 3736 1171 4085 3951 4381 6982 3660 6531 8952 8946 8764 7820 3169 1970 1291 5670 7610 8456 7402 8178 121 3161 7748 400 6994 1825 7038 1374 123 5534 2103 3334 7565 896 5909 705 8260 2632 1253 9813 3816 
8203 4850 7623 867 7654 9915 3068 6254 9457 2105 7916 9022 9311 6021 2937 3570 3457 8331 6463 3491 7045 1313 528 624 5831 3589 8426 8674 915 8048 9787 2941 2891 8311 7725 8874 7613 7244 7892 2593 5947 7888 5184 1626 4230 6213 4159 1479 5172 7199 5007 3737 3475 400 7798 7926 1989 4305 1228 1037 8756 6323 8571 4643 278 4976 6664 7893 503 8362 6613 3470 8424 1184 6638 4081 4471 2534 7141 9312 7674 8949 7373 9825 6607 2103 2442 458 7556 8232 1845 572 2433 7877 2055 2557 462 6100 6693 1690 
9577 626 4876 3705 3482 395 9103 4338 2620 9128 5046 3287 9382 972 3265 4723 594 5550 3853 1399 8538 8818 5337 7468 6636 8861 4739 663 7552 1756 5192 7400 6650 384 6505 9881 7073 9729 9320 9145 2604 6606 1354 606 6687 7806 8943 3007 7336 9951 4198 6237 9070 1903 5636 8843 5335 7454 4715 2450 752 9839 3888 1461 9503 7188 5297 7122 1821 6586 724 871 8166 7356 1214 7638 4356 3077 4923 6170 7203 2549 894 5994 4239 5823 1473 5976 9357 2863 4138 6620 1256 4224 829 759 8944 8222 4959 2095 
7540 9030 6024 4579 9091 3678 9574 5007 4264 3692 4946 73 5284 5193 6028 3844 7127 2890 3202 331 6590 5382 6713 115 5345 2472 3560 7993 8066 3318 6039 5261 2292 4971 661 384 3395 5788 4546 4672 1623 6907 330 5743 4295 6074 1916 4782 7027 7186 4226 989 268 2011 6033 3061 5401 984 3394 2994 7287 1357 9658 298 6165 6333 4539 6966 9850 854 5334 6905 5973 8906 9265 5400 7678 4884 9379 7408 2931 4658 4201 4850 9652 1051 874 6006 470 7796 8670 6381 7699 9508 7100 2507 388 2742 5926 1280 
788 5721 4729 5710 8403 7111 8894 1905 651 6094 1323 6959 5736 103 4226 8506 7690 8832 509 4418 9202 4208 1449 8928 2800 9329 3164 9453 7729 179 8073 7382 8124 4624 2993 9033 2942 8089 7583 767 8584 9842 5162 8851 2504 8719 7378 552 9407 9038 5232 2326 5796 2829 4366 1638 1560 9694 2820 8858 3948 1249 9915 9159 9967 6939 988 6712 2358 9470 7667 403 5906 6632 498 3960 6336 9072 6985 5103 8377 913 146 7208 5217 725 7544 4208 3902 6104 6968 4698 2636 1142 9144 5430 2 5448 2662 2102 
8924 9305 1769 9785 6097 8238 7285 3901 5489 3593 2631 3167 252 3638 3201 4662 6083 6832 9553 9964 3600 6890 2661 8524 2405 8060 4217 9858 2000 8863 6832 1019 9718 4097 7462 4176 4005 9891 5835 373 1036 5825 5469 998 7486 8344 5844 3584 9785 6254 1807 5646 9305 8980 1539 3647 4734 4671 5321 2109 460 7907 7673 6738 6402 9075 4414 2606 5084 4119 5939 8161 4677 7641 981 9000 285 5744 9715 9893 1143 3379 3813 4214 3370 3605 4251 2839 3780 4615 7783 4489 7948 5911 322 8665 6179 9049 3865 2020 
7302 9526 390 2916 1080 1192 2632 2032 6692 3570 4091 4651 3598 7748 8819 4645 4853 322 3404 368 8648 217 4071 3353 6041 9407 2136 7668 8108 4452 7170 5076 2464 8223 5724 5724 1151 4995 7387 7703 3319 9804 4454 8620 642 4974 8605 8920 1647 5288 5879 7868 5256 54 53 8471 7843 6026 7833 5576 8902 4437 542 7092 3461 1603 5752 6738 3414 9030 4976 5856 1628 2109 367 8575 4142 8461 5605 9411 4451 8961 6925 103 9361 7556 175 6971 6205 4892 7371 7351 9537 1066 8414 3964 5282 4425 4944 5952 
1645 6329 132 8889 8997 3794 5683 1540 8443 6300 5873 9975 2129 2839 128 2245 3390 1740 8730 974 2226 6866 3272 7682 2293 6814 3464 4730 638 1637 8296 3508 480 9170 7626 9114 8931 551 8197 6146 1883 446 9246 6945 7152 7602 6781 4975 5694 8525 3 4257 5586 2832 4987 5263 6278 4616 4974 6209 8676 3061 1078 2940 8653 7507 6205 3822 5703 5357 427 1829 5721 979 5591 9123 6190 8338 3331 5404 8944 1120 4113 6755 6478 6112 3137 4055 1162 158 1833 314 9727 6075 9091 7570 5019 6230 1524 2850 
6779 7063 5949 9619 2504 1143 9573 9376 3645 7807 4116 2126 408 3387 3411 2392 613 2626 4135 9386 2864 383 2777 2867 9059 4006 8452 4190 6307 4758 7581 6053 2438 9025 6444 6039 3108 6503 4495 5820 6213 2696 4181 6556 6351 2251 8254 6389 1682 6622 7130 9455 906 3470 8319 8778 4083 2137 6055 7752 7918 901 9677 2232 1081 3476 1395 2666 2342 6754 8329 277 4321 3792 435 3402 4028 9640 6849 6209 6549 6254 6268 8954 2407 6952 4502 4967 1472 1803 1677 8286 1365 8046 7255 9776 4817 8276 9487 2869 
9107 2859 4541 2735 9837 3226 6242 9471 8315 6263 4697 5738 9225 1431 1412 6231 6944 6593 2030 8615 2098 2882 103 5842 5710 6868 180 4289 9866 3162 1791 4582 1962 7280 413 516 5564 8709 3845 8398 7237 3898 4473 6666 6144 8357 7922 1891 9044 1529 7961 888 4815 2013 2962 5432 7962 9756 1179 8319 4950 338 3279 4094 1625 1863 1452 9861 809 885 2683 4989 2929 5667 1441 648 8829 7453 9862 9012 7001 7782 3468 8243 8747 3084 5671 9590 7593 3671 7713 246 5917 9177 477 3956 8236 3823 7593 5989 
9478 746 4579 3116 5519 9681 629 6021 5494 7209 8479 400 7911 9621 6035 4473 5647 8844 4298 7548 1984 233 5855 8666 1039 9694 8437 238 4271 6174 8608 6737 3986 2676 6870 3247 2527 7163 7879 3237 5264 7495 421 293 5012 2891 6636 2607 2181 3674 6004 4838 6999 5527 6157 4198 7596 8784 4432 6686 2083 1615 1774 2240 4131 1018 1589 9341 4441 4026 2540 2051 8226 3622 3761 2701 2484 9584 5814 3069 8425 5544 3456 8064 9662 8334 2800 7751 4508 2562 3755 631 8873 1146 4268 9924 4534 9726 9144 8804 
2560 3425 3864 2165 204 7071 8825 381 8005 3861 3314 1290 3581 657 377 118 4526 486 2611 7693 9756 3772 6029 5449 8150 4998 6076 487 4193 8582 9665 9318 9267 3321 1763 7102 9483 6375 7843 6390 1831 5370 8663 5679 9243 4812 4410 3642 6079 2736 3855 4135 6060 3103 988 9202 9197 5756 4706 6083 3909 8774 8642 7229 3245 7043 2330 2748 2841 1518 6487 5689 5453 7617 2872 5487 8750 1807 9893 6790 8465 4467 8437 1183 2178 3316 2407 7636 8113 7420 5281 8550 4299 3468 3513 6803 2939 3129 489 1836 