1176 2356 5397 4892 5693 5475 8776 1371 3482 6693 4434 7649 8629 1490 2660 8869 6666 6965 9722 8368 5764 6867 2880 9168 7205 4565 2701 7740 8934 8399 1957 7105 3987 1463 4448 7011 7592 3209 7324 3991 5349 3092 4244 767 702 2555 1351 1618 1025 1325 7450 4593 7958 707 1435 8970 940 1730 180 8582 2041 9281 8864 4536 3721 3494 7260 5400 9811 8572 5256 6075 3950 8668 9951 7077 4003 5497 9974 3015 5594 8200 9984 5665 4808 439 260 9402 6166 6389 4946 4779 8599 6150 2446 3556 7083 7951 9348 8214 
4971 3457 1594 6432 3022 4590 1009 4603 1224 5886 8730 6676 8960 2707 6006 3459 2066 3367 6670 8989 961 2183 6164 5269 7553 8709 124 3516 1508 8238 4141 1692 8802 5142 1628 5359 177 8684 253 145 4308 3500 2742 7062 6949 6976 7516 1083 6833 3939 2895 5041 7069 3878 1780 3409 686 5335 4727 8874 1218 6504 126 2159 6195 8980 317 9120 6018 2404 7802 5446 3842 5177 1729 8134 5058 1710 4392 6353 8624 318 6137 2478 5502 7214 63 3625 2979 6242 2340 6244 3420 5028 4407 5818 725 5131 4007 7228 
5474 7634 9422 658 5308 5234 7739 9998 7432 983 4882 9597 3841 7697 730 4932 7781 3250 319 6317 8710 6142 6933 4631 8658 7668 3804 8997 7763 2588 9965 614 6064 2252 7527 2784 9013 1831 1663 379 4270 1383 595 7242 5940 438 3917 7693 8835 1394 4907 111 6584 624 2607 8343 8785 9953 5134 1934 8590 2070 821 2563 6816 109 3024 9796 1101 2540 8082 8437 7735 3181 3804 2488 9827 1403 1341 2687 8219 391 6066 6539 4428 3519 6434 6190 8373 1223 2903 8555 1199 8984 3787 4862 4781 1987 727 1424 
6721 1925 503 9491 5549 4624 5221 4834 7284 9443 2595 9783 8972 1446 3359 6760 8503 3577 8732 6917 5253 2292 6834 9262 8619 5213 2458 4497 1355 9016 2471 1837 9081 2465 3793 4014 8770 5809 0 6708 7632 5018 6670 3919 1914 4267 1725 6321 2113 6552 2310 6248 3881 7430 4288 6089 1040 357 165 5977 4692 5517 1766 5647 6892 8508 6593 3239 4306 5601 7549 3999 5053 5809 9515 8303 5636 5636 9601 4228 8967 7985 763 7466 8967 2105 8013 353 8283 5966 7034 4266 8006 5169 5895 2958 7758 6307 6764 9948 
2060 1020 5918 6950 1943 2197 1517 1905 5022 4640 9688 365 3880 5714 7319 5863 4118 889 5686 5399 1765 3865 6899 1091 1556 8714 2789 6740 5238 984 1907 5761 7591 7919 4993 6001 1743 2647 9192 2412 3120 4392 6782 4404 8149 4449 6802 1977 312 827 1016 2390 7814 9370 6905 3102 6036 2572 1876 1662 128 9316 7085 1078 2086 4774 4082 5345 763 2486 7477 7157 691 6863 2109 8539 8766 2338 6153 248 691 4092 1192 3636 5734 4284 7541 2850 323 1701 2970 6041 4709 8947 2991 6637 4756 6764 4943 6669 
8267 1448 9122 3776 6172 4977 8630 8268 5120 509 7519 2776 5617 2561 1926 7667 4650 3898 3195 1564 9576 6160 1050 1592 7753 3450 6177 2305 8440 8600 7406 2888 9618 9843 9733 8961 6065 9750 7916 6687 3822 8551 8218 7612 9911 3993 3183 6008 7350 225 5744 6777 970 9725 7915 7624 739 5803 5544 2671 7262 1924 472 7922 778 4251 120 776 7182 179 8930 3158 6674 5976 8193 4640 2926 8402 4768 772 7541 6821 9068 487 721 7625 1684 4200 2616 1009 2392 8921 1899 4076 1773 9045 4532 3437 2533 4746 
9739 8573 8878 350 4662 7729 5316 2704 3356 2378 9416 1158 6234 4765 6479 6950 4680 794 3878 426 7459 2742 6002 336 2546 4998 4808 2318 9914 612 3271 8798 8933 9150 1666 5761 6014 2444 7282 4757 1915 5715 473 6598 9603 2578 9036 771 1965 3699 4428 8290 1528 3013 3078 5835 9681 3757 579 1833 4641 5528 2330 4636 2774 286 6478 9654 536 2183 5085 9809 7096 8750 5020 1375 1365 1486 6486 684 6526 7748 6757 2702 1373 5614 1319 9020 4191 3281 3846 1037 5519 1978 6382 3468 2474 5415 3552 6727 
5163 4203 5125 2805 4383 696 4385 4507 905 5326 9566 1018 3424 4599 7659 2793 2390 3763 5190 3350 86 9264 5997 4053 8333 5446 3770 4914 9176 7638 9845 9735 1920 2434 5758 8958 1253 7345 8552 5444 7937 8046 8251 5684 8256 2004 3902 6336 8893 8677 9747 3236 6271 4842 5572 2447 9016 5449 7685 2875 2063 6856 666 6338 682 4719 4581 6409 2106 797 1446 7264 8791 8266 956 4309 9801 4165 7000 8490 3802 1235 970 4249 3891 2338 3720 1456 5221 3149 5398 6117 6966 4436 4532 3021 4391 6875 8298 467 
1193 9876 3937 4554 500 6862 2299 1137 4265 9653 6971 9980 8429 2909 8927 6773 2714 3501 9597 5840 4820 9841 2773 9499 9927 116 6856 6111 8077 849 764 6185 2367 9272 514 5219 2431 8744 716 9921 6991 4569 6795 5823 1254 1531 7334 3893 5998 3393 6943 2766 9368 6316 5072 7313 3647 1293 131 6448 7284 9517 2052 8299 8240 9004 7826 4137 8051 8360 182 3952 440 5518 9921 7640 4606 7569 447 6981 4003 1279 4802 3109 625 5823 8781 1376 1254 7933 1531 8851 2866 3830 7334 7382 8510 5998 7421 8434 
3502 7537 8474 1960 3393 4238 6943 8216 4863 2766 2592 6877 2486 8587 7565 5072 9858 4684 8193 3647 3804 3898 4822 420 2689 8381 2815 8005 958 6750 7864 5663 3745 7707 5721 6693 2198 1175 7488 1057 4476 1343 3956 3804 6476 9555 2728 779 2620 4475 9756 3783 190 3896 2564 9358 8961 9273 7851 4172 5305 8063 5199 2404 4842 8910 9020 2331 7140 5827 2253 3750 6154 1328 1622 3201 7699 2421 9886 1155 8964 5728 7488 698 3280 8919 8030 1395 2901 7022 2958 474 1869 6925 5108 7592 1944 3796 6422 7545 
7427 2194 1846 1923 2468 7473 1375 5110 2649 4359 2157 7305 7489 5525 9454 330 6989 7340 4257 2906 5285 4926 5839 3002 9325 2163 2539 6932 7288 3811 9821 4487 1789 3638 444 3929 7770 6830 573 8130 2290 9084 3556 3775 7792 3817 655 2023 665 3142 5846 1742 970 4596 9481 2522 3374 8166 9653 1365 1288 2324 5837 2165 5573 1513 320 5852 3024 195 5642 2438 3355 469 4859 4803 3737 7664 267 3713 9652 1659 537 1587 3696 8591 1107 7466 7291 3952 4540 5537 7028 9397 7008 6071 9715 698 1949 9637 
4036 3839 1566 2847 6844 6296 7708 6833 2451 5047 9901 4147 4094 7513 7301 6864 8618 5854 4859 3676 6452 8050 6451 8551 8187 2277 2404 4480 7282 8826 2306 3207 944 346 5396 5498 2710 6600 6346 5294 5179 9217 1763 5189 9690 3640 5211 4041 8025 4316 8256 9001 5241 2921 8855 9515 1421 3536 6279 3587 2402 1876 426 8168 5319 7461 9137 8859 4750 3590 7073 8715 3352 2302 1649 2788 9002 1311 2247 9116 9104 965 7718 3163 9098 6592 5455 2701 6952 5631 6350 6407 6943 530 7455 7542 712 7740 6764 1074 
8960 2663 602 5918 5210 1341 9595 6021 7363 4318 485 3467 6708 2772 1195 5451 5230 1511 9592 7591 5224 3900 7151 927 9809 8376 8503 8686 7165 1198 9286 8421 9964 3408 8634 5498 8412 338 919 1659 2777 213 6581 1676 3899 6845 714 3123 6640 1841 2479 492 2673 5592 7220 3411 2912 4343 466 5506 791 8374 101 2503 2363 5624 7198 6592 8788 7426 4927 1711 5899 6587 5073 8016 391 3520 1570 1051 3230 4252 4238 8462 3232 4704 1210 2131 3771 344 6375 4198 9989 1664 8039 9275 9229 5124 9755 8961 
786 9846 334 4369 4762 7392 2082 2826 591 5470 9667 5587 5198 9981 2595 2636 9008 1835 3880 1303 7241 6613 5144 2418 2125 6362 5775 6007 6141 7310 6491 6348 8258 9427 1846 3073 6905 1090 9502 3449 5576 1583 9475 8089 4718 5058 9124 1802 5740 4346 7668 9430 2 6523 6381 9565 9738 4480 9733 8298 3122 367 2768 9461 3967 6832 3079 8319 3956 6476 4128 779 5975 4475 1981 3783 190 2564 5610 8961 8770 7051 7851 7831 6472 3786 1837 6997 1650 325 4498 6359 7636 4190 7856 1328 5793 6416 2985 9344 
9886 2457 8943 7939 564 4855 9796 3783 2117 6534 232 961 3896 8618 2564 3768 3257 4388 9690 1058 4770 8167 8474 8644 3926 9082 6098 4734 3528 5218 394 702 1358 9938 7411 3295 7591 3090 776 4578 299 2808 2127 3228 7516 9277 1732 3396 2735 5262 4080 7417 2610 1976 5204 8409 4828 4995 5529 8852 2621 3016 9970 4205 8368 89 1269 2569 7618 155 6379 2325 2551 363 8028 4400 8940 9651 2980 1240 9268 1942 9815 5837 5403 8816 3956 4307 8295 7922 7300 6526 5667 9841 7551 5818 2656 8380 4629 2569 
4527 6792 7205 3205 55 9808 6062 2265 5045 5291 6963 5253 724 3778 1907 5039 3272 9754 7885 5727 3150 690 9112 2310 6805 7370 7490 8071 7284 9534 9862 6397 9932 6606 5414 8937 6841 1462 9987 498 4232 5884 2596 3439 6882 418 1516 9355 6097 9709 8195 9530 535 4842 809 4329 9217 7584 9237 6929 8107 5954 1833 4160 1482 3519 6413 9761 8735 3714 6082 5953 2176 4836 3968 2211 7989 7184 3590 1979 7227 542 8163 3884 850 9190 3480 731 3432 645 5496 8626 6080 1999 2455 715 7420 5199 3102 1153 
4944 2449 4947 4883 1791 8767 9630 7017 7572 330 1293 8255 9555 6312 4968 6373 3503 1988 5749 9785 6195 3214 9253 946 6360 8439 4367 7715 7093 8110 3192 4292 514 937 7234 7463 229 5979 8470 6526 2462 4583 337 4653 2367 7538 107 1443 4266 5198 6403 6024 2132 5802 3862 9777 1946 9306 2346 7879 1470 1063 6315 9752 3957 3257 3577 1207 284 1006 8537 1264 5148 2150 6995 1902 7703 3847 5858 6562 6291 6301 4677 2683 7852 4233 7952 6310 3144 1859 3690 2680 2960 3720 1515 550 6422 132 2096 5404 
7125 8454 1385 6231 2291 9182 8487 7090 7882 7001 3612 7289 8951 5327 6026 3952 8549 7413 3427 2804 4878 3730 8055 6413 1755 4436 6962 5533 5649 9512 8701 490 7083 1248 3525 1057 2536 6583 6606 4461 6368 7467 8106 8314 498 84 1912 6678 2978 7117 7798 9499 5276 8686 8483 5455 6089 2644 5799 1109 2351 9073 2557 4003 1430 3640 1480 4338 3128 9254 7513 8760 4770 5981 9489 6160 4112 7017 8727 3375 5329 6120 2111 8715 6735 7936 7161 7680 5322 1877 8366 330 1330 8080 9232 6854 4078 2566 9391 6812 
6751 6908 7308 2744 9888 1863 2881 1650 8854 7790 3860 325 4498 7140 5827 7856 3805 5793 8414 8733 1622 2875 6102 2985 2765 6290 6472 4842 1650 5193 1392 2917 7658 4314 5665 2291 6729 5070 4367 3931 4170 5140 7823 2017 245 3064 9461 5276 43 936 2943 7386 1832 7028 9846 8196 1272 5395 5887 7284 8295 5560 8900 1983 7927 3400 9715 6826 8087 5893 2037 5667 2076 9757 1362 948 3081 4783 7497 4346 4958 2804 3132 9617 5126 6478 7826 9219 9063 920 3725 2452 8322 9212 8166 3156 9192 1419 4617 5460 
4452 9010 4536 3781 2196 9733 8627 4818 261 6203 2495 1550 5850 767 900 5082 8378 1177 1531 8320 272 486 7437 4557 8000 6297 7464 574 3951 2329 1739 4368 8665 332 4249 8810 9653 9926 2674 122 3921 4768 7685 7491 5337 6966 3714 2128 7019 9862 3827 5455 2644 1109 3755 2823 6264 4480 6331 6608 1028 4718 891 5971 9443 1499 2707 4101 6095 9172 8301 8950 7769 2088 3396 9242 6584 9728 6994 6828 5906 8115 8912 9891 183 3856 3542 3349 897 7652 7149 3127 4503 3872 724 2253 3094 5059 4950 5159 
8664 7697 7711 5989 8013 9894 9617 2988 778 3741 7239 78 9030 1148 1718 242 7028 6368 7029 7841 1933 407 697 6314 1197 7040 8630 1921 4000 3921 8193 9109 2097 6866 7395 7186 6872 7885 6993 7954 3230 9326 9319 9864 6984 2963 653 4011 6598 7179 207 8807 2486 564 5609 1615 3269 3658 2859 4207 5279 4459 7760 6866 2643 1382 5935 6204 5859 3688 591 7481 6161 1230 5306 9063 7061 8866 5817 5704 5379 6303 5652 6115 7557 6279 3601 6879 9427 7203 2126 7240 4386 1468 8228 7471 3904 4071 4158 782 
6751 161 4293 8237 8827 3850 2613 836 8392 645 5489 7413 4986 9933 4002 1390 2599 4592 5531 7044 9712 6720 1946 6622 7579 3396 888 3016 916 1494 2869 4972 2740 7432 2499 7313 7971 6970 9163 5732 6200 4414 1654 6330 8364 2029 6723 9966 5903 7747 9813 8627 419 4398 3423 8663 2068 4415 8080 7639 7988 3674 640 8582 3879 8732 9107 4198 7753 8305 5732 8180 1733 8205 5197 9486 6950 6276 6826 8414 8868 86 7265 5414 6928 4523 1232 1412 1227 3563 4613 3110 3985 5275 9922 3749 7960 7876 1156 479 
5058 833 3422 7484 8293 8404 5478 7347 1062 1523 1714 5330 7541 1622 1071 6310 2694 1932 5569 3752 3276 2820 9171 3787 9723 2091 7711 3986 6743 3525 6889 6660 5053 4037 8327 8936 1392 715 8313 1048 8384 4536 532 9415 2890 6831 6522 1556 2610 3777 3865 3155 8717 8405 8994 7920 1231 4391 792 6483 9109 8738 1315 3354 7293 7530 9248 7341 624 9894 9531 5646 1888 7129 1124 3898 3243 8487 7960 7745 3485 2965 5592 1267 5579 3900 3737 9221 3074 8608 4396 3719 5833 4915 4888 5849 8035 4300 6280 1796 
705 1727 9551 111 9622 4434 9913 5970 8006 7643 2472 1097 9245 8030 2589 2180 2020 6322 6015 5138 250 477 6015 1865 7468 9698 919 9070 2609 7889 1017 7263 4946 4237 4569 4010 2987 25 5101 986 5820 2355 7646 7001 1211 4810 4700 4184 5516 1689 7416 8929 8279 5224 9453 7819 850 8825 9297 3158 2973 2098 1231 2438 4229 1294 3452 4142 7681 1592 7704 3590 1514 3144 1490 6745 9568 1901 7965 5803 5948 5799 1159 9838 6787 1216 4633 5469 8180 7652 5490 959 5239 3638 643 3530 8548 9073 3098 4910 
8386 4558 7113 1970 7778 5637 6068 6029 4151 1608 8988 6386 896 9669 5079 8989 5375 8356 1686 3175 3893 9795 5626 2785 462 358 3734 3213 4287 7243 2191 6177 3287 2661 6998 8996 4107 5912 1957 7000 5788 2255 7146 2976 892 7194 6741 5304 494 2637 5387 9533 3536 4980 5040 2718 9399 1090 1935 7800 5019 7119 2650 2909 9750 318 3365 1662 9532 2991 9907 4743 7215 9192 7873 1238 7878 7487 1676 1852 1556 5129 9998 8236 279 1543 3044 8919 7337 3064 207 8034 6798 4896 7161 8759 7780 3368 2969 9825 
2930 869 9806 738 1595 4930 505 2523 8005 4870 3427 5630 346 501 174 6429 8039 1442 4054 2815 1051 3763 5433 6107 2952 2823 2381 7266 2922 1334 3852 3736 7212 6116 4917 2312 5057 5108 7050 1100 6997 2710 3462 4912 4102 8890 2339 2412 2802 6129 2782 3840 5536 7441 5510 8755 8361 9660 1997 7441 5299 5931 1943 6610 2915 4709 5002 2354 229 3404 5726 1538 9212 2287 7567 5511 6879 1263 2098 5843 798 6736 4399 3471 7786 832 5064 2805 2829 5924 241 8742 6340 9276 4340 1992 1233 1915 4915 9805 
5785 1564 6949 6368 147 1011 3380 8416 2762 7225 4726 1259 8633 1764 7562 1849 7971 6268 1753 8583 1037 7772 203 4640 6929 5157 7907 2465 9155 3006 4444 2641 2728 3283 9366 8288 284 6043 1153 9538 9546 2187 6401 2043 9615 9316 2912 6068 9854 6861 2751 3873 2567 2962 8969 2852 1231 8255 9993 6199 967 7249 656 8065 720 5317 1308 3389 817 3013 5852 7960 2420 3 5937 4124 221 1294 8210 7620 7813 9655 6718 6493 9392 4051 9767 333 3202 2622 256 4393 8958 8276 7315 8443 9225 968 9860 46 
590 537 4493 3109 5823 2650 7933 1531 2866 7334 3893 9573 5998 8434 8474 2141 8216 3349 6877 8587 9415 5072 5642 5842 6597 5971 3971 7796 2467 4889 4101 6106 698 4115 4224 993 1893 2863 1452 5420 5276 5153 8327 2207 2572 4844 319 8439 3052 5502 7564 7943 7704 6053 3984 6865 268 4635 451 744 9679 9581 5212 7854 8632 3031 3813 7607 2753 5459 4452 1349 5612 8051 4053 197 1444 1936 2734 23 7189 5140 1843 8737 9820 7689 8083 6541 542 8417 4689 2656 9588 4017 5742 189 3431 2018 6539 8700 
6274 1328 4844 1071 3055 8797 1767 5944 1935 9318 2 4018 6199 2881 563 1207 5619 9855 7105 2645 1323 4662 4912 4667 5174 5107 5786 6015 9016 358 7348 1670 8279 8019 5203 46 9344 2770 4534 5306 3048 8583 7407 6819 9840 3487 5587 4368 4388 849 7137 2157 9891 7108 2045 2689 8033 6773 5794 2650 9555 2186 2927 9217 5484 4486 8256 5241 4316 77 1421 3145 3536 6279 2402 6825 1596 1329 575 1525 5178 3457 7404 2225 190 1912 6388 943 7831 1839 1650 7790 8218 6359 7140 6154 1328 5793 9712 2875 
7699 9344 525 3119 3956 576 779 3372 106 9947 8334 2206 224 6098 5822 3989 9530 1791 3723 6856 1401 3071 2731 6845 3800 7671 3110 5469 6652 3654 2858 5762 9645 4359 4365 3835 3937 8124 3123 2479 4392 2573 463 8390 5920 2965 9282 1180 5473 7671 8524 7212 1089 1537 9055 2126 9658 5250 5633 1041 3763 5840 8662 6036 399 537 2309 5461 7707 2198 8161 9531 1451 6060 4178 1593 8436 6903 3104 5845 4827 4268 5192 88 787 23 4057 3687 9783 2487 142 721 1394 7523 8995 3333 1495 2282 3676 1044 
3169 2838 5469 4714 8756 4898 2481 7893 405 3105 1548 9444 1420 785 5329 6291 4489 9154 189 2228 535 4674 7631 3095 7761 3164 5407 9037 7163 5267 1522 5965 1719 4551 5863 1454 5068 9075 3872 4583 2426 3842 3710 7994 1870 8532 3752 8741 3074 4758 8283 9768 6251 5966 6557 6369 3792 8416 9050 7575 9628 2212 1285 1573 4766 4495 8241 2827 3194 4219 3281 1041 5753 7710 6545 7910 4944 4818 7113 7171 9179 1173 6259 7574 6739 9418 1197 470 114 6169 1776 641 7430 1207 2507 6146 258 7729 6200 7000 
9305 9936 2253 7137 7016 9184 2441 106 1065 7689 7789 9082 6098 3989 5218 394 2799 2676 7411 939 6101 9399 2304 6552 5642 5796 7256 3029 5777 8726 3627 4905 6259 4379 3253 1407 8280 7888 5020 4997 4238 6804 6634 3905 2492 7074 5111 4005 8785 607 1366 6889 3350 3864 1291 3746 6571 702 8229 2327 29 6232 8426 999 5001 7570 507 8523 3951 7350 970 5830 1011 5349 3074 6201 8763 8084 6011 1851 1251 2818 7057 7816 7252 967 788 4169 754 2248 7418 3800 1317 7826 550 6471 4137 6903 8051 1263 
8369 7933 681 6024 4056 3952 663 440 1459 990 7308 5029 7461 5518 9921 7640 4606 7569 447 5352 8659 6086 6023 5180 3365 7671 6928 7895 8903 9862 6122 63 4542 9383 3109 5469 8474 4714 2494 3317 5774 2858 7686 7439 9422 9640 6452 5390 5642 6536 8720 2714 1343 3956 3804 4128 779 1304 7319 4475 8112 2069 2117 232 784 8618 5610 3768 6388 852 7051 6183 4172 6290 5199 6997 8910 1650 7790 1289 320 2601 8069 4203 9486 4179 4884 3276 6150 6066 6964 1283 2646 2605 366 1298 3167 9858 6889 3964 
6314 8565 2472 1584 5529 186 9668 5397 8626 6696 4346 6084 1521 1483 5603 9341 4937 2913 5979 1376 6049 5464 880 6610 7539 2465 8491 1684 8159 558 7081 3137 3606 9196 7953 1633 7236 725 6704 9346 528 4432 1748 5992 2477 6815 9087 9337 7578 2080 1022 2090 2638 4455 5227 3652 3162 550 5285 6338 4118 2181 119 1110 4551 9210 5053 7029 6026 2468 7615 6399 2461 4989 8489 1452 68 4049 9448 3230 4599 1085 937 1723 4471 9185 3912 5374 8396 8755 1224 1155 1210 3975 9968 2551 2464 8347 5469 6420 