6952 9846 9685 6719 8980 8430 9474 2090 6984 9800 8482 8031 1975 3360 3125 6250 9245 176 7704 4671 1002 6241 2256 5332 6546 2831 7813 7047 5374 6275 5050 428 3867 7754 1490 2837 7071 5749 6536 6383 5177 2347 4727 5521 9803 2716 3818 5046 928 5565 6285 3526 464 2531 8058 2338 4541 5614 8099 4300 6309 4028 9814 3118 846 1588 9633 3887 7884 1035 1983 316 6538 1828 2831 5104 3849 3583 6741 7601 1249 7509 1589 9921 199 4625 4397 1989 6896 4405 9574 3826 2156 2821 6682 3809 7635 275 9329 1388 
1165 828 7694 3592 2175 8068 3761 8532 5087 4244 5863 1363 8237 200 4860 103 879 2868 7197 286 6860 1063 2937 4229 5892 6669 8661 4148 8022 794 439 2677 7784 5070 3549 8931 9524 5491 7489 7514 1367 2522 8039 8421 1495 6919 8872 2055 4889 619 2618 7328 2924 8584 578 2529 3579 6586 2822 4719 4501 8490 1989 7473 3704 6527 9988 2500 1477 6371 6958 7996 3585 6775 2901 5624 4498 3804 7140 6071 4477 583 3322 8553 4181 7674 5869 936 3944 144 9011 4796 9491 5382 6102 5323 914 8942 3138 597 
9173 6988 968 4498 2110 4993 736 3506 4301 9915 1116 1230 1236 4548 2876 200 9068 4742 7608 2268 799 2073 3873 7665 4486 8800 434 6288 7767 3739 533 477 3636 4453 1469 3427 8135 8501 6168 8615 8978 2350 8480 3603 7820 7910 7088 9841 5563 8422 5368 3048 879 6941 9408 9380 9603 9468 4943 4894 417 7852 9462 6982 6919 9661 3595 1569 2955 3778 2381 2625 5987 4410 7466 3315 947 483 3285 6534 18 7154 190 6894 4624 9582 9640 5581 2965 8641 1690 9081 5124 563 9155 1887 1012 6426 983 3186 
626 1741 8147 1087 8516 2278 9570 1795 2160 4518 8281 7788 9001 2132 5131 5105 5062 9251 142 8440 4937 478 4816 6500 1855 247 9896 464 4992 6555 3207 8276 5162 2199 4794 308 2387 4151 3274 662 9407 1377 2312 2041 4991 35 4216 2096 3231 2282 569 4548 5618 9652 5712 4621 2029 2660 5495 1285 3337 8666 4638 2120 7641 1806 1929 4916 3778 7832 8832 1817 3436 7465 9989 8267 7518 532 9526 481 6618 1146 4276 3228 8836 3213 3785 3411 2296 2359 7009 915 6136 3434 1738 4303 1817 4392 7606 1643 
9866 1494 3148 2756 88 2067 9713 1815 3701 9504 4475 9606 2895 2563 4896 5723 9303 9023 4524 8602 9943 3113 8718 6681 2336 2810 5932 4962 9008 5334 8931 8595 1742 8202 1620 5139 7936 2993 5744 9109 8094 4304 2522 4634 8039 7159 6706 2055 6689 2035 4728 4812 4317 9187 785 4335 7022 5814 1584 8889 2427 1917 4405 5394 7087 9617 6499 7686 1213 5583 3713 3875 6672 3 2911 4673 2871 1376 4890 655 4889 1309 6893 392 6958 8790 6716 5309 3337 3812 4705 185 7420 6816 1097 2386 3728 5438 7178 8240 
3427 4528 3207 8300 6937 5675 5504 1836 628 9307 7328 5481 4315 4165 2924 4847 1573 5587 217 8973 7163 4982 3049 7263 1747 1 8325 4994 2277 7148 8337 4719 8093 8490 14 392 1989 8586 2940 957 5741 8025 3984 9870 3977 4372 1127 9214 7555 3680 6566 7 1251 462 4490 5981 6016 1297 3940 6327 8735 2116 2110 2359 9643 6621 1315 7567 5988 6196 325 7927 9481 6734 3164 9154 3153 1209 9906 4607 2215 152 111 6049 9461 7642 4602 7089 8620 980 8027 3675 1857 2084 9656 6688 2906 7758 4060 5201 
7964 9274 1684 2819 8669 982 320 1115 9161 852 573 1753 8254 9512 5845 2552 7790 2588 7502 9966 7340 1645 3901 5011 9406 6211 7039 1627 1829 7210 9990 25 9277 9520 7939 7990 6967 5079 4784 7270 3528 5698 7045 3701 336 1010 5147 6209 7787 5372 3819 3028 7174 8858 145 7682 7782 8876 6193 3615 1489 4284 9412 2224 1791 2410 2556 7254 5119 993 7890 5416 95 4068 675 5946 5124 5263 1770 421 7227 9731 1562 6635 8156 2606 520 6265 6181 1806 169 2000 3258 5597 4775 563 2947 401 7172 8849 
5441 3500 6372 7901 7135 9665 1253 747 7592 1382 2884 5038 6445 2012 9178 4395 3824 3342 9490 8179 2894 7245 7639 1239 3249 1527 4912 8621 181 8444 5261 4075 4418 3781 8602 1537 9179 3390 2242 5197 8675 3968 6085 3755 9570 4856 5468 6564 3556 8619 5657 1864 4402 6787 1002 5874 62 4894 8548 5970 1612 8582 544 3518 3265 5296 8042 2731 2502 9358 1124 3524 7478 6021 8194 4364 3766 1722 7084 9148 8508 7055 9905 2264 2703 6762 3969 8322 1165 6738 1735 2987 6651 7501 2627 8834 8969 656 4213 114 
749 3609 7446 2565 1618 4688 3025 1402 6937 2172 9407 7032 1268 3929 8837 5177 5931 9161 2671 1079 2844 3348 9370 6181 9971 9612 4790 2303 1219 9063 164 1889 1855 7578 9458 201 2305 1604 5754 5504 4818 5465 1876 1607 4271 90 6050 7563 3597 9407 2542 9115 6628 9360 9227 621 7032 7290 6970 901 6384 3607 9572 5397 3006 38 9825 1044 3504 3463 1612 5344 2218 6196 8792 4059 6788 8301 863 8006 616 6387 5932 2740 3583 5566 5396 1758 6414 7278 3143 8303 8839 1150 4471 3110 3145 9852 5486 9025 
1766 9466 9720 6398 9633 3303 1551 8473 435 6633 9209 6156 5700 6017 7350 6660 4700 4029 8615 5975 6546 8039 6830 141 413 5514 4966 2833 1601 2977 5572 1063 3044 2183 8144 8392 9518 6780 6355 3483 8678 8359 775 3412 2338 9679 3997 7446 3674 7790 9700 7636 3026 4699 6884 4304 4925 6994 5094 4926 5335 4007 6027 2198 4781 4219 3597 5870 655 6211 8794 486 3215 9797 5426 9980 2914 5958 4330 5221 5731 5553 3698 4904 2014 7727 6496 7293 9210 4168 6217 514 3430 2488 8577 9266 2055 4128 5600 9555 
8184 4866 1865 2515 6439 3498 1993 359 1275 3013 3207 8575 1279 4792 4242 4710 3572 1490 2409 3319 9694 4361 2874 7879 4739 2019 4589 364 847 723 9412 282 4333 4010 5612 3579 6674 7151 7686 6313 9176 5074 6013 8871 5788 5239 1368 6200 920 7544 3752 2705 8392 827 8470 8604 2803 7392 5120 4767 971 7794 4475 7410 7169 5534 3182 8162 1322 4773 1264 1103 3816 6077 6181 1081 6104 7009 9551 1061 8119 8453 9591 3473 9315 7619 8079 3772 6016 3613 3306 4935 1794 9183 5610 1206 2588 2287 9427 9597 
488 4068 6896 8941 3659 4718 2974 4341 1321 6051 1446 2068 6033 4752 6246 9184 7649 4056 5925 3326 5791 1698 2194 4395 286 4729 6659 9214 7489 8052 4471 426 6034 4893 142 9676 4197 4455 5172 2189 8717 1176 6599 9483 9034 2004 8110 867 1457 2220 4503 6533 881 590 3183 2381 6261 4953 6410 162 3171 7779 3433 4255 3365 5395 5887 1115 6426 5467 7728 515 4615 5608 4435 9476 9501 5473 5828 2544 5236 5539 2854 1818 3997 8757 2384 701 5503 3578 5592 7682 257 8446 7492 2708 2555 7172 7514 2778 
5054 2462 286 1406 2859 2003 3957 3575 8568 9738 7413 4780 134 7592 4519 7603 3865 4160 5372 4203 3829 3813 3456 4832 1438 8746 9264 5982 6456 9313 4460 5169 9956 4359 8743 627 9159 9821 6252 5598 2875 1483 8989 2026 5877 4094 5899 4207 2245 7456 2198 9277 175 5642 2888 5722 9929 478 3590 4996 1827 4025 5547 3986 6034 2478 2913 4850 9574 4151 8904 5798 3935 4940 2191 8237 2639 386 9960 9911 1095 4203 4904 5191 7812 7752 7217 973 9988 2613 610 1663 5879 8941 5056 8927 8156 1726 6997 185 
2990 1574 1622 9058 514 5363 3002 2703 1478 9325 7236 7986 9590 2358 6608 5541 7676 9048 5922 7649 7614 2136 820 9402 7487 1499 7354 7070 6807 1929 9454 330 9146 1563 5141 7829 1642 5839 7897 1617 9325 7236 7986 8684 2358 9363 1733 5922 7614 746 820 3360 5253 2929 6957 3720 548 9642 2784 4299 9624 5045 8445 5921 6919 3316 803 754 7654 7018 7826 6471 4137 6903 8360 681 6858 7308 7461 8631 2976 2215 9230 5180 7671 5560 8903 2838 4372 7045 4330 6652 9294 4432 514 1342 2095 7721 7459 7976 
9052 6002 7034 881 8027 5770 4372 418 7771 5481 6065 2780 8769 1713 5533 8394 1736 6237 564 9075 1068 3115 3744 5169 4760 8501 7085 2380 7777 9313 6379 3782 9760 9481 8096 6242 6097 6835 8028 8880 647 5588 4400 2690 1930 9820 1204 151 5352 4269 431 8735 2849 2892 7580 2634 2385 3259 5091 6336 5828 5830 771 1202 9189 8817 4299 8157 3410 4169 3316 2903 754 7654 7018 7826 6271 6471 4137 4191 3250 7329 1486 138 8507 367 7382 1366 2570 6706 8119 2965 9282 1180 9465 3788 726 9430 6795 3109 
2650 7933 1531 7334 7382 7421 7537 3393 4238 8216 2766 2592 6877 2486 6316 7565 5072 9001 8783 6795 3109 8781 1531 8510 3502 4238 4863 6877 8587 911 4684 2420 9468 963 3635 6589 6823 3956 4307 8295 660 5373 6801 9715 1472 3839 3450 5675 6844 6296 1502 1904 7184 9332 9380 4493 7933 8851 8510 8474 3393 8755 2592 6877 9415 3490 911 121 9468 8964 3635 3477 2731 9725 5365 5486 279 8615 2445 8183 2166 2146 547 529 7317 4960 2387 9677 7574 9011 9214 8981 1898 3050 8507 8307 1366 2977 1263 8369 
3356 7261 3556 617 3353 8650 3711 2479 8898 8240 9891 998 9424 3211 1912 506 7333 5092 4644 3410 2903 3059 2248 7418 6903 6616 6065 7487 7546 7382 1366 2570 2977 6478 4071 9640 1664 9275 2323 5262 9439 3637 8056 5448 7885 9549 3406 8285 7724 7713 6595 7353 5975 9964 5793 4144 9805 7261 617 3353 1582 7118 9651 6610 5841 8240 4055 7316 3059 1945 6019 5516 3050 9728 1031 2977 3754 2965 921 5297 5473 9876 7212 4514 4620 2126 9658 7585 6683 9261 5425 4310 4177 919 5667 6544 1899 7826 1883 4087 
6739 1390 2404 4107 3402 1331 5228 8113 6700 9124 8978 809 4170 909 7867 3782 3970 9461 7226 2572 7495 7399 9435 7552 5356 5430 6305 6569 8916 1537 5852 1727 9177 1780 9179 5537 752 7455 5211 6264 3597 5612 65 698 5102 2687 4252 8972 8474 6098 4079 1171 2179 2221 3976 5539 9619 5649 8351 5192 3628 320 677 8006 1837 6997 3799 7567 7790 325 2331 7856 1462 660 5003 6603 4366 3283 6473 5743 9494 8768 7385 2922 8528 1036 5709 9375 2111 5770 7066 6428 1503 958 9148 2535 452 3835 142 7931 
7700 4068 9808 5245 5763 626 2471 6135 1604 48 7145 2332 1836 8243 2801 7549 3643 6124 7249 8569 7456 7760 5463 9843 4743 7260 7780 2175 3503 5819 9410 9847 1663 418 9957 5590 2767 549 7721 3939 1438 4656 4503 3999 2167 9540 1482 601 4298 9620 957 8373 4464 9429 4735 5059 4658 8471 7416 5100 9707 8657 2734 5461 1763 2162 5227 6693 6158 5232 8015 9970 5001 1659 6581 3952 9578 8193 1359 2059 2926 6631 9986 3510 7818 2533 8648 4910 7126 1490 4825 6025 595 8862 9959 392 1499 1896 4921 5793 
6183 8658 3345 8772 5166 6821 5035 1421 8114 4217 9408 4313 8142 9400 2162 4201 8919 5337 6719 2664 3064 207 4083 4755 5696 5881 4246 7930 9399 9246 175 1727 4937 1146 179 3096 3352 2807 5981 2560 1383 9620 7483 1528 5451 9447 3728 1873 8305 428 232 7464 1235 4926 9958 8379 1515 3494 5566 4154 5240 6748 6939 874 8560 3024 8026 2555 7850 3059 337 4979 6497 3590 8149 6912 8041 8811 7922 2348 179 9845 8930 3158 5393 4693 3060 1899 6335 3494 1996 4532 7695 5679 3433 7855 5020 6798 7821 1587 
4580 3839 9390 0 418 1240 9118 6983 376 8791 7028 3562 2723 4248 4472 5793 3681 6207 1312 3019 8570 324 1134 6818 8334 4001 5240 6748 5968 2505 7260 7922 6491 645 998 6465 399 2905 2512 1138 4804 3337 5278 1582 8583 2722 5063 3060 5424 2519 3608 9491 7339 9941 4785 2855 6588 2322 9708 4767 4443 7645 4892 2319 810 5448 8320 2291 9182 8487 9300 8016 6896 8276 7688 9432 1710 5983 9886 9696 8234 4644 5511 8882 7679 5742 2816 9665 8896 8646 1092 4762 307 5620 854 845 2239 3740 8988 8614 
1676 8997 9506 1146 1453 162 7710 9731 3054 8214 9094 9895 7789 9244 5586 9932 3717 9729 7890 2655 5597 2143 6013 9039 3593 26 1478 7487 7628 9355 36 6822 959 7014 9562 1396 7355 6616 6992 4000 2201 3559 915 4680 4439 9922 1788 284 6659 6767 5179 1763 9690 5925 4486 6390 4316 8256 1390 77 5266 8333 3145 3587 2169 7823 8168 6271 3944 9334 1129 4126 5021 9510 4916 7015 1566 2481 1781 3749 1137 2583 2823 9444 2190 2519 5842 8203 9118 9824 6362 1967 517 4630 4518 6430 5053 5242 8594 7927 
7807 8514 8876 4128 3656 5657 4750 7001 2030 8830 3612 7788 1307 7921 1609 2384 5829 2640 960 1228 8780 8589 4098 4398 8287 6092 9879 5580 5074 699 469 7541 2967 4251 6163 8536 9385 6146 8180 2514 3655 2158 4265 7905 5129 194 7376 2297 43 7514 8313 9016 2265 1123 3624 2334 9092 8185 4219 3761 7924 1234 3155 9498 5114 3150 2333 1567 5698 7388 7389 1702 6850 4596 6633 7035 8900 1202 3955 8178 5773 8153 2298 1872 1418 9082 8093 6327 2682 4847 677 8714 7409 7645 1596 3176 4953 5873 7184 1222 
3352 912 1649 2788 1250 9002 9564 1311 2247 6608 7783 140 475 5212 7835 5200 853 3104 3884 720 8468 862 8910 4122 354 6442 4223 8427 7743 4299 2525 7450 2404 6405 8262 4563 8194 3997 8725 6988 2162 9396 5779 2669 614 6554 9628 4384 4846 2927 4767 813 2364 2272 3905 9171 3513 5903 8580 1411 5931 90 2708 2573 4295 4828 6786 8079 5842 4838 472 1499 7427 2707 4100 4101 6095 5769 4752 5953 8950 4661 2088 4353 3396 6131 8677 4195 9493 2369 2375 4899 7631 6511 8033 9019 2142 148 3164 6719 
5054 272 4949 9037 1529 5267 8737 1925 9912 2615 3013 740 2096 2322 9486 9449 6096 1185 3817 3353 8091 3118 3532 9755 8629 785 2404 1514 4351 1016 7090 6831 6418 7987 9831 8715 7891 8618 1065 6605 4298 1729 7913 4862 4592 9507 5372 2081 9806 5994 3936 3284 5409 5534 2993 9595 1941 2905 3312 3688 8826 2830 2980 8983 9990 6729 9284 4813 4442 4672 7352 8890 5740 3630 6742 958 1497 8207 4769 4996 3411 3172 5756 2667 3189 7576 2688 5910 5352 1845 376 2605 4493 8316 5376 4221 7199 9956 7460 4614 
5709 3279 9489 70 2863 5858 913 6911 7763 7183 5565 7272 3485 3247 420 9772 1007 7654 6037 8164 4847 4511 5578 2944 846 4615 1104 6131 4331 1163 3645 2579 4454 9809 7096 8973 4668 866 1348 2384 2135 8924 5906 7584 3924 8195 8420 7350 9717 3555 5753 829 6681 4957 9882 9349 4393 6914 6332 6435 7095 9348 8451 5502 6588 5364 3976 1942 9269 266 4525 4473 2428 5987 8598 8195 491 7664 2189 739 8988 6917 9693 8017 7114 5751 5087 7995 153 8422 8436 6019 7198 1711 3266 646 2570 2991 631 1855 
1697 976 8483 1134 1552 9158 9606 5448 363 1675 5303 1650 5824 1996 1478 593 2396 8706 4122 7896 3010 3335 1707 9814 6560 8175 4983 1041 6966 9940 5610 302 2867 3898 4938 6110 3785 6868 5944 3124 6972 6051 3025 9180 8276 5606 1687 3786 8642 868 6465 4561 4795 7833 7345 8679 6756 6184 3389 4882 1413 4196 3759 9636 2036 1303 6225 6755 1470 233 7230 3023 6524 2672 7031 3370 9840 3087 5554 5468 3065 5117 4402 2980 1641 6169 7808 2609 9831 3580 8645 3780 5123 197 456 9729 5120 7817 880 7533 
6939 9357 9117 5277 1047 3969 6678 7436 1715 7088 3250 7388 3105 1637 2180 9640 167 3928 4217 7462 4066 4079 6947 4626 9503 8097 1865 7294 2060 4450 1427 9871 1114 2117 1688 2021 3135 6862 6686 4465 4920 7519 853 1209 1444 8356 3679 337 6635 403 5718 6054 1469 2920 3327 4240 4261 9937 1548 8502 3827 593 5532 5591 4934 7332 4182 2081 5944 3155 5712 779 9698 9764 1182 3742 6381 2143 6448 6561 8118 440 4375 6067 7301 1950 4093 364 1059 5504 5999 3422 4809 2866 5325 7096 5124 6280 5848 7952 
5712 3572 4733 6547 1247 8020 3345 5676 9669 3241 5750 874 734 273 942 279 6822 6148 5283 5397 398 6789 7207 9605 5404 4566 841 3441 8242 2647 3713 2502 6400 7767 5436 6711 1834 5528 9174 1 2344 4995 6486 2459 8991 7359 9436 8358 4153 8154 8770 8715 7891 1864 8338 8190 4624 3246 94 9055 3962 5273 5233 2495 2984 5669 4616 4067 7237 6536 3051 1304 1188 6962 764 8519 564 4157 1077 6450 3750 8012 2328 3365 9532 4942 9907 2043 2145 9982 5228 1898 667 3122 5019 5090 6293 8157 8995 2916 
415 9267 1427 8817 422 7594 9493 3748 5547 3244 5002 5523 5343 5830 5138 4005 2432 2853 1559 1386 1067 7444 522 4166 4451 5245 5102 2426 9583 3238 9444 8738 3751 869 3941 4081 2545 9816 7447 5757 3426 3446 7418 7647 9557 7517 7006 7801 8730 7557 9527 4198 1291 3185 5801 6031 8927 3258 7671 9844 8519 1556 5078 7689 5816 1832 2088 2953 6246 4397 7735 3827 7800 5074 33 360 5923 5573 8332 8929 8545 6411 6503 2915 5924 3273 8777 9644 2596 3649 4924 3410 8792 1090 8375 7615 5289 7344 1979 5150 
5065 2153 416 18 3861 4951 161 2814 4655 8304 3942 1909 5819 6221 9867 5603 7057 4533 8824 8780 2872 865 1784 9549 6689 2106 4015 7424 4429 7090 1759 9605 3794 7674 1798 9015 3342 1781 4455 471 2839 2525 3306 3154 586 8138 6651 3517 5280 2179 2221 943 7241 5173 9769 8712 1378 9074 3840 9256 8693 1866 5366 6683 1969 8951 3578 4812 7875 5101 5261 7472 6009 9838 9442 5645 2862 6662 1928 1489 6190 4443 1265 1762 4283 2790 7057 5586 9975 6279 2158 4265 1789 216 9776 9460 6944 361 4789 4325 
8867 8496 6086 8805 7376 4179 3894 7788 4789 8911 4599 8590 4627 7522 1452 7845 2070 923 4951 3332 7402 5453 8842 9817 6671 5348 3151 8035 4176 4751 6118 7884 3763 3555 7261 2712 7108 3920 9360 2203 2058 7114 7294 1302 7123 6348 381 4106 3363 9242 1370 4845 6157 2326 8308 8782 6147 1634 8925 2456 9625 6617 622 6744 2417 6941 5827 3045 7446 7423 8641 1930 9640 2236 2844 2702 8076 9688 305 5736 7008 9164 7793 2522 9532 3071 9996 1818 3714 1045 6373 1264 4760 1466 4254 5496 5529 8878 8903 8645 
2905 7861 2479 2785 2830 2428 8347 5042 60 480 2133 2550 9432 84 8729 7987 6423 5560 6550 2413 2802 5352 6179 9061 2020 1049 817 7969 334 2033 1034 5069 5308 3232 1023 2055 2604 9423 5450 3051 9205 5870 2382 9130 4383 3596 9545 3360 7303 9471 3783 5578 6421 3324 1027 9957 9027 5561 542 8227 3752 9934 2199 7880 9391 6240 3968 4644 4024 9533 4365 9658 1304 5966 6397 3085 5919 3905 1967 270 5205 212 2198 879 7413 8998 6745 9891 9350 4357 2809 1751 2623 8632 9814 5042 9760 4194 540 6395 
8331 7704 1944 3796 5848 4798 5791 130 3994 250 5019 1846 1923 2468 7664 286 5663 2649 5728 7743 9214 6807 4471 5998 6247 7461 8897 9454 330 26 9278 6793 7368 4257 1007 7305 3832 514 7897 2703 5609 2356 1727 6654 8170 2358 6608 9363 5541 4577 9153 6384 8417 9048 5922 655 2136 4796 5253 4368 9188 6377 9788 7752 2530 764 6281 8825 1719 5917 180 9029 6671 6995 9018 737 2969 9706 2679 1312 9701 8073 1080 595 766 2078 3999 4551 855 4074 1367 2262 1967 1785 6073 2156 3809 273 7747 140 